    1   2.7582E+04   3.5673E-06   1.9123E+03   1.0248E+00   1.8822E+04   1.0037E+00   1.2933E-10   1.0295E+00   4.0389E-01
    2   2.7244E+04   3.6115E-06   1.9121E+03   1.0248E+00   1.9293E+04   1.0037E+00   1.3257E-10   1.0295E+00   4.0389E-01
    3   2.6581E+04   3.7017E-06   1.9117E+03   1.0248E+00   2.0273E+04   1.0037E+00   1.3930E-10   1.0295E+00   4.0389E-01
    4   2.5303E+04   3.8887E-06   1.9109E+03   1.0248E+00   2.2382E+04   1.0038E+00   1.5381E-10   1.0295E+00   4.0389E-01
    5   2.2933E+04   4.2915E-06   1.9092E+03   1.0248E+00   2.7272E+04   9.9976E-01   1.8666E-10   1.0295E+00   4.0389E-01
    6   1.8838E+04   5.2272E-06   1.9051E+03   1.0248E+00   4.0502E+04   9.7943E-01   2.7157E-10   1.0295E+00   4.0389E-01
    7   1.2876E+04   7.6595E-06   1.8946E+03   1.0248E+00   8.7183E+04   9.7733E-01   5.8332E-10   1.0295E+00   4.0389E-01
    8   8.8125E+03   1.1224E-05   1.8791E+03   1.0248E+00   1.8764E+05   9.8921E-01   1.2707E-09   1.0295E+00   4.0389E-01
    9   6.0414E+03   1.6446E-05   1.8564E+03   1.0248E+00   4.0413E+05   1.0054E+00   2.7816E-09   1.0295E+00   4.0389E-01
   10   4.1597E+03   2.4099E-05   1.8241E+03   1.1055E+00   8.6758E+05   1.0091E+00   6.0400E-09   1.0374E+00   4.0389E-01
   11   2.8841E+03   3.5313E-05   1.7788E+03   1.2079E+00   1.8506E+06   1.0033E+00   1.2939E-08   1.0480E+00   4.0389E-01
   12   2.0145E+03   5.1745E-05   1.7158E+03   1.2887E+00   3.9326E+06   9.9676E-01   2.7529E-08   1.0561E+00   4.0389E-01
   13   1.4185E+03   7.5823E-05   1.6291E+03   1.3430E+00   8.3529E+06   9.9263E-01   5.8532E-08   1.0616E+00   4.0389E-01
   14   1.0093E+03   1.1110E-04   1.5125E+03   1.3780E+00   1.7772E+07   9.9191E-01   1.2490E-07   1.0654E+00   4.0389E-01
   15   7.2844E+02   1.6280E-04   1.3597E+03   1.4049E+00   3.7954E+07   9.9485E-01   2.6836E-07   1.0687E+00   4.0389E-01
   16   5.3638E+02   2.3856E-04   1.1685E+03   1.4335E+00   8.1452E+07   9.9591E-01   5.7848E-07   1.0724E+00   4.0389E-01
   17   4.0598E+02   3.4957E-04   9.4927E+02   1.4714E+00   1.7501E+08   9.9750E-01   1.2498E-06   1.0766E+00   4.0389E-01
   18   3.1795E+02   5.1223E-04   7.1838E+02   1.5267E+00   3.7705E+08   9.9683E-01   2.7056E-06   1.0825E+00   4.0389E-01
   19   2.5875E+02   7.5162E-04   4.9498E+02   1.6068E+00   8.2627E+08   1.0038E+00   6.0117E-06   1.0899E+00   4.0389E-01
   20   2.2207E+02   1.0717E-03   3.1930E+02   1.6551E+00   1.7390E+09   1.0003E+00   1.2669E-05   1.0952E+00   4.0389E-01
   21   2.0113E+02   1.4378E-03   2.0590E+02   1.7007E+00   3.2874E+09   1.0034E+00   2.4163E-05   1.1015E+00   4.0389E-01
   22   1.8794E+02   1.8637E-03   1.3240E+02   1.7533E+00   5.8549E+09   1.0055E+00   4.3452E-05   1.1099E+00   4.0389E-01
   23   1.7919E+02   2.3618E-03   8.5130E+01   1.8120E+00   1.0017E+10   1.0021E+00   7.4784E-05   1.1203E+00   4.0389E-01
   24   1.7313E+02   2.9504E-03   5.4676E+01   1.8754E+00   1.6708E+10   1.0036E+00   1.2638E-04   1.1334E+00   4.0389E-01
   25   1.6873E+02   3.6674E-03   3.5157E+01   1.9575E+00   2.7358E+10   1.0035E+00   2.1013E-04   1.1510E+00   4.0389E-01
   26   1.6525E+02   4.6080E-03   2.2787E+01   2.0464E+00   4.4005E+10   9.9991E-01   3.4284E-04   1.1717E+00   4.0389E-01
   27   1.6311E+02   5.4983E-03   1.5082E+01   2.1149E+00   6.8237E+10   9.9638E-01   5.3957E-04   1.1934E+00   4.0389E-01
   28   1.6265E+02   5.8114E-03   9.6799E+00   2.1284E+00   1.0693E+11   1.0011E+00   8.5974E-04   1.2077E+00   4.0389E-01
   29   1.6246E+02   6.0163E-03   6.1002E+00   2.0752E+00   1.7007E+11   1.0012E+00   1.3939E-03   1.2310E+00   4.0154E-01
   30   1.6228E+02   6.3423E-03   3.9346E+00   2.0709E+00   2.6428E+11   1.0012E+00   2.2013E-03   1.2511E+00   4.0976E-01
   31   1.6207E+02   6.9103E-03   2.5364E+00   2.0694E+00   4.1098E+11   1.0011E+00   3.4909E-03   1.2759E+00   4.2553E-01
   32   1.6186E+02   7.8633E-03   1.6336E+00   2.0664E+00   6.3983E+11   1.0011E+00   5.5575E-03   1.3048E+00   4.4192E-01
   33   1.6164E+02   9.4171E-03   1.0530E+00   2.0555E+00   9.9528E+11   1.0010E+00   8.8629E-03   1.3377E+00   4.5909E-01
   34   1.6142E+02   1.1951E-02   6.7850E-01   2.0336E+00   1.5489E+12   1.0010E+00   1.4191E-02   1.3764E+00   4.8310E-01
   35   1.6119E+02   1.6177E-02   4.3746E-01   2.0066E+00   2.4093E+12   1.0010E+00   2.2856E-02   1.4251E+00   5.1917E-01
   36   1.6094E+02   2.3492E-02   2.8402E-01   1.9886E+00   3.7224E+12   1.0010E+00   3.6948E-02   1.4912E+00   5.6446E-01
   37   1.6070E+02   3.4436E-02   1.9706E-01   1.9915E+00   5.3808E+12   1.0010E+00   5.6153E-02   1.5678E+00   6.0586E-01
   38   1.6047E+02   5.0460E-02   1.4341E-01   2.0141E+00   7.4156E+12   1.0010E+00   8.1486E-02   1.6508E+00   6.3643E-01
   39   1.6022E+02   7.3940E-02   1.0715E-01   2.0530E+00   9.9545E+12   1.0010E+00   1.1514E-01   1.7377E+00   6.5597E-01
   40   1.5997E+02   1.0835E-01   8.1090E-02   2.1066E+00   1.3195E+13   1.0010E+00   1.6047E-01   1.8270E+00   6.6845E-01
   41   1.5971E+02   1.5876E-01   6.1820E-02   2.1760E+00   1.7366E+13   1.0010E+00   2.2192E-01   1.9198E+00   6.7736E-01
   42   1.5943E+02   2.3264E-01   4.7413E-02   2.2632E+00   2.2722E+13   1.0011E+00   3.0548E-01   2.0195E+00   6.8437E-01
   43   1.5913E+02   3.4089E-01   3.6681E-02   2.3710E+00   2.9481E+13   1.0012E+00   4.1857E-01   2.1324E+00   6.9685E-01
   44   1.5880E+02   4.9951E-01   2.8826E-02   2.5017E+00   3.7667E+13   1.0018E+00   5.6910E-01   2.2678E+00   7.1570E-01
   45   1.5846E+02   7.3195E-01   2.3167E-02   2.6547E+00   4.7076E+13   1.0040E+00   7.6439E-01   2.4321E+00   7.4237E-01
   46   1.5807E+02   1.0725E+00   1.9203E-02   2.8284E+00   5.7069E+13   1.0115E+00   1.0044E+00   2.6164E+00   7.7978E-01
   47   1.5763E+02   1.5716E+00   1.6605E-02   3.0250E+00   6.6363E+13   1.0346E+00   1.2668E+00   2.7746E+00   8.2084E-01
   48   1.5711E+02   2.3029E+00   1.4950E-02   3.2470E+00   7.4199E+13   1.0831E+00   1.5155E+00   2.8356E+00   8.4862E-01
   49   1.5646E+02   3.3745E+00   1.3453E-02   3.4956E+00   8.3145E+13   1.1404E+00   1.7534E+00   2.7807E+00   8.4613E-01
   50   1.5564E+02   4.9448E+00   1.1380E-02   3.7765E+00   9.9331E+13   1.1781E+00   2.0807E+00   2.6738E+00   8.2445E-01
   51   1.5466E+02   7.2457E+00   8.9023E-03   4.0997E+00   1.2860E+14   1.1938E+00   2.6271E+00   2.5733E+00   7.9914E-01
   52   1.5355E+02   1.0617E+01   6.5394E-03   4.4717E+00   1.7760E+14   1.1992E+00   3.4976E+00   2.4694E+00   7.6993E-01
   53   1.5236E+02   1.5558E+01   4.5367E-03   4.8959E+00   2.6002E+14   1.2012E+00   4.8954E+00   2.3569E+00   7.3579E-01
   54   1.5114E+02   2.2797E+01   3.0447E-03   5.3752E+00   3.9371E+14   1.2020E+00   7.1232E+00   2.2633E+00   7.0696E-01
   55   1.4992E+02   3.3405E+01   2.0429E-03   5.9131E+00   5.9637E+14   1.2025E+00   1.0452E+01   2.1918E+00   6.8611E-01
   56   1.4870E+02   4.8949E+01   1.3833E-03   6.5138E+00   8.9527E+14   1.2027E+00   1.5204E+01   2.1232E+00   6.6599E-01
   57   1.4745E+02   7.1936E+01   9.3847E-04   7.1886E+00   1.3420E+15   1.2030E+00   2.2028E+01   2.0518E+00   6.4468E-01
   58   1.4680E+02   8.7656E+01   7.7043E-04   7.5652E+00   1.6492E+15   1.2031E+00   2.6624E+01   2.0178E+00   6.3470E-01
   59   1.4648E+02   9.6760E+01   6.9898E-04   7.7618E+00   1.8258E+15   1.2032E+00   2.9296E+01   2.0054E+00   6.3232E-01
   60   1.4637E+02   1.0000E+02   6.7698E-04   7.8286E+00   1.8880E+15   1.2032E+00   3.0243E+01   2.0021E+00   6.3079E-01
