
 24-FEB-2004                           !Format date

 2.3703624276E+02     6.1000E+05       64       60

 3.7884885585E+04   8.2411127E-01   1.3449189E+06   1.0858284E+00   1.4987026E+01   1.8508114E+03   5.0000000E-02     1 
    3.5330004E-14   2.6870679E-18   6.7925997E-18   1.3902766E-12   1.2897832E-10
    1.8538624E-10   6.8525508E-13   6.9304004E-13   2.2874993E-08   3.1487469E-06
    3.3187143E-06   3.0264314E-08   3.0294341E-08   4.9155795E-08   3.1578080E-06
    8.3552271E-06   4.4492829E-06   9.7720102E-06   6.0975223E-05   1.2024062E-04
    7.0702631E-05   1.7680700E-04   3.6528530E-04   6.3628613E-04   3.7468774E-04
    9.4447259E-04   1.5309215E-03   2.0603363E-03   1.1076403E-03   3.5401494E-03
    3.4025346E-03   4.2392027E-03   2.3039468E-03   7.9724266E-03   6.0519159E-03
    7.2554703E-03   3.9093191E-03   1.4296213E-02   9.3016887E-03   1.1254751E-02
    5.7808958E-03   2.2286906E-02   1.2772751E-02   1.8419127E-02   7.8495259E-03
    3.0526882E-02   3.2115458E-02   4.0825921E-02   5.0048043E-02   5.8818323E-02
    6.7116165E-02   7.5442878E-02   8.3619611E-02   9.1224349E-02   9.8316483E-02
    1.0460076E-01   1.1033445E-01   1.1548118E-01   1.1968775E-01   1.2317756E-01
    1.2525210E-01   1.1067227E-01   1.2824201E-01   1.4204198E-01

 3.7455050961E+04   8.4482563E-01   1.3761563E+06   1.0888281E+00   1.4996416E+01   1.8505587E+03   5.0000000E-02     2 
    4.1948002E-14   3.2015159E-18   8.0670444E-18   1.5125472E-12   1.3957272E-10
    2.0045855E-10   7.3837158E-13   7.4680854E-13   2.3976120E-08   3.2961465E-06
    3.4740165E-06   3.1573358E-08   3.1604717E-08   5.1276551E-08   3.2535344E-06
    8.5994363E-06   4.5753820E-06   1.0047376E-05   6.2293495E-05   1.2261914E-04
    7.2141265E-05   1.8036563E-04   3.7127181E-04   6.4645395E-04   3.8051593E-04
    9.5890891E-04   1.5509387E-03   2.0874447E-03   1.1214464E-03   3.5831418E-03
    3.4394063E-03   4.2823221E-03   2.3278058E-03   8.0520110E-03   6.1078146E-03
    7.3207696E-03   3.9438860E-03   1.4416697E-02   9.3765654E-03   1.1339723E-02
    5.8255830E-03   2.2448803E-02   1.2863844E-02   1.8561829E-02   7.9035142E-03
    3.0721540E-02   3.2299637E-02   4.1035971E-02   5.0285262E-02   5.9076053E-02
    6.7385349E-02   7.5722557E-02   8.3910513E-02   9.1525872E-02   9.8624193E-02
    1.0491143E-01   1.1064601E-01   1.1578981E-01   1.1999292E-01   1.2347874E-01
    1.2554548E-01   1.1092609E-01   1.2852414E-01   1.4234439E-01

 3.6609714979E+04   8.8785283E-01   1.4408516E+06   1.0948402E+00   1.5015066E+01   1.8500445E+03   5.0000000E-02     3 
    5.8995504E-14   4.5382151E-18   1.1347347E-17   1.7886812E-12   1.6326440E-10
    2.3425809E-10   8.5655073E-13   8.6645861E-13   2.6327041E-08   3.6100994E-06
    3.8049206E-06   3.4346723E-08   3.4380914E-08   5.5768625E-08   3.4526861E-06
    9.1094204E-06   4.8368509E-06   1.0618170E-05   6.5000642E-05   1.2752834E-04
    7.5089847E-05   1.8765647E-04   3.8347282E-04   6.6718339E-04   3.9237887E-04
    9.8827909E-04   1.5915490E-03   2.1420824E-03   1.1494259E-03   3.6702142E-03
    3.5139747E-03   4.3698158E-03   2.3760147E-03   8.2126991E-03   6.2206096E-03
    7.4525892E-03   4.0135868E-03   1.4659428E-02   9.5274015E-03   1.1511705E-02
    5.9155576E-03   2.2774434E-02   1.3047116E-02   1.8850445E-02   8.0120885E-03
    3.1112620E-02   3.2669289E-02   4.1457474E-02   5.0761631E-02   5.9592794E-02
    6.7924058E-02   7.6282824E-02   8.4493582E-02   9.2129509E-02   9.9240013E-02
    1.0553306E-01   1.1126900E-01   1.1640675E-01   1.2060299E-01   1.2408092E-01
    1.2613199E-01   1.1143372E-01   1.2908827E-01   1.4294907E-01

 3.4977884041E+04   9.8051542E-01   1.5793566E+06   1.1068787E+00   1.5051558E+01   1.8489821E+03   5.0000000E-02     4 
    1.1535492E-13   9.0392527E-18   2.2221138E-17   2.4899765E-12   2.2263127E-10
    3.1877040E-10   1.1477292E-12   1.1613335E-12   3.1660647E-08   4.3197529E-06
    4.5528094E-06   4.0545140E-08   4.0585719E-08   6.5804411E-08   3.8819666E-06
    1.0207250E-05   5.3967981E-06   1.1839783E-05   7.0689824E-05   1.3789204E-04
    8.1260832E-05   2.0290275E-04   4.0873446E-04   7.1005398E-04   4.1686969E-04
    1.0488490E-03   1.6748341E-03   2.2545799E-03   1.2066873E-03   3.8481823E-03
    3.6659503E-03   4.5488095E-03   2.4740949E-03   8.5391352E-03   6.4494737E-03
    7.7199464E-03   4.1548140E-03   1.5150367E-02   9.8324358E-03   1.1863124E-02
    6.0973292E-03   2.3430913E-02   1.3416857E-02   1.9435077E-02   8.2309337E-03
    3.1899262E-02   3.3411543E-02   4.2303258E-02   5.1716153E-02   6.0626592E-02
    6.9001468E-02   7.7402754E-02   8.5658468E-02   9.3334581E-02   1.0046908E-01
    1.0677307E-01   1.1251048E-01   1.1763679E-01   1.2181878E-01   1.2528089E-01
    1.2730007E-01   1.1244568E-01   1.3021237E-01   1.4415367E-01

 3.1929929472E+04   1.1958262E+00   1.8976611E+06   1.1307303E+00   1.5120340E+01   1.8467042E+03   5.0000000E-02     5 
    4.1458375E-13   3.4122794E-17   8.0873363E-17   4.7014614E-12   4.0452951E-10
    5.7626249E-10   2.0134556E-12   2.0385488E-12   4.5137200E-08   6.1002993E-06
    6.4289351E-06   5.5754738E-08   5.5811349E-08   9.0411349E-08   4.8627060E-06
    1.2710633E-05   6.6607072E-06   1.4593951E-05   8.3064310E-05   1.6041229E-04
    9.4580188E-05   2.3575800E-04   4.6210789E-04   8.0042774E-04   4.6834352E-04
    1.1758941E-03   1.8476108E-03   2.4884406E-03   1.3250146E-03   4.2150322E-03
    3.9774482E-03   4.9160703E-03   2.6744609E-03   9.2041139E-03   6.9145249E-03
    8.2625397E-03   4.4410452E-03   1.6141916E-02   1.0448383E-02   1.2573506E-02
    6.4636743E-03   2.4748526E-02   1.4160067E-02   2.0612775E-02   8.6700491E-03
    3.3471227E-02   3.4890686E-02   4.3983919E-02   5.3608158E-02   6.2672424E-02
    7.1130707E-02   7.9611882E-02   8.7952858E-02   9.5707259E-02   1.0288707E-01
    1.0921027E-01   1.1494846E-01   1.2005315E-01   1.2420466E-01   1.2763532E-01
    1.2958899E-01   1.1443330E-01   1.3241670E-01   1.4651457E-01

 2.6609748094E+04   1.7771220E+00   2.7402431E+06   1.1761251E+00   1.5239224E+01   1.8414634E+03   5.0000000E-02     6 
    3.9501608E-12   3.7816092E-16   8.2527496E-16   1.4748945E-11   1.1910498E-09
    1.6759805E-09   5.5258910E-12   5.6026302E-12   8.5414405E-08   1.1360991E-05
    1.1970416E-05   9.8734649E-08   9.8839577E-08   1.5984547E-07   7.2890269E-06
    1.8853418E-05   9.7187640E-06   2.1242630E-05   1.1102249E-04   2.1090493E-04
    1.2424482E-04   3.0870891E-04   5.7639364E-04   9.9317660E-04   5.7749665E-04
    1.4442476E-03   2.2052831E-03   2.9759677E-03   1.5682077E-03   4.9654486E-03
    4.6081773E-03   5.6570085E-03   3.0776553E-03   1.0535053E-02   7.8411580E-03
    9.3411314E-03   5.0087425E-03   1.8095233E-02   1.1661687E-02   1.3968861E-02
    7.1828609E-03   2.7314645E-02   1.5612256E-02   2.2899942E-02   9.5251398E-03
    3.6508178E-02   3.7733246E-02   4.7195218E-02   5.7206217E-02   6.6558647E-02
    7.5160902E-02   8.3775191E-02   9.2267815E-02   1.0016700E-01   1.0742639E-01
    1.1378463E-01   1.1951653E-01   1.2457886E-01   1.2866638E-01   1.3203613E-01
    1.3385298E-01   1.1816213E-01   1.3652977E-01   1.5091546E-01

 1.8704303424E+04   3.7606529E+00   5.5867476E+06   1.2486210E+00   1.5477773E+01   1.8281951E+03   5.0000000E-02     7 
    8.6613875E-11   1.2602091E-14   2.4418673E-14   7.8390538E-11   5.8645719E-09
    8.0347484E-09   2.4054498E-11   2.4492033E-11   2.1672734E-07   2.8297653E-05
    2.9803151E-05   2.2617131E-07   2.2645463E-07   3.6517796E-07   1.3132269E-05
    3.3476471E-05   1.6825750E-05   3.6632185E-05   1.6940620E-04   3.1524587E-04
    1.8478348E-04   4.5680223E-04   7.9578880E-04   1.3612032E-03   7.8380017E-04
    1.9480713E-03   2.8565816E-03   3.8769497E-03   2.0058295E-03   6.3051388E-03
    5.7171692E-03   6.9532459E-03   3.7795618E-03   1.2831016E-02   9.4296562E-03
    1.1183239E-02   5.9753877E-03   2.1382200E-02   1.3705258E-02   1.6295380E-02
    8.3879658E-03   3.1558045E-02   1.8028895E-02   2.6700952E-02   1.0940317E-02
    4.1466858E-02   4.2339712E-02   5.2353603E-02   6.2939856E-02   7.2763219E-02
    8.1551039E-02   9.0321983E-02   9.9021864E-02   1.0715890E-01   1.1452850E-01
    1.2094029E-01   1.2665393E-01   1.3163367E-01   1.3561310E-01   1.3887388E-01
    1.4040410E-01   1.2406153E-01   1.4290236E-01   1.5772919E-01

 1.3178837839E+04   7.8364117E+00   1.1369624E+07   1.2991941E+00   1.5683736E+01   1.8096145E+03   5.0000000E-02     8 
    4.7201731E-10   1.2410152E-13   2.1071615E-13   2.3014809E-10   1.6763978E-08
    2.2273105E-08   6.2015775E-11   6.3562162E-11   3.9413673E-07   5.1181712E-05
    5.3885866E-05   3.8252198E-07   3.8311943E-07   6.1624242E-07   1.9095341E-05
    4.8328212E-05   2.3842732E-05   5.1753447E-05   2.2169765E-04   4.0870249E-04
    2.3785877E-04   5.8589368E-04   9.7766718E-04   1.6649892E-03   9.5234324E-04
    2.3568945E-03   3.3710846E-03   4.6011717E-03   2.3472155E-03   7.3418593E-03
    6.5631573E-03   7.9459157E-03   4.3106782E-03   1.4550789E-02   1.0613934E-02
    1.2550204E-02   6.6923726E-03   2.3789903E-02   1.5204903E-02   1.7976666E-02
    9.2675526E-03   3.4618488E-02   1.9784587E-02   2.9437983E-02   1.1963064E-02
    4.4997289E-02   4.5599924E-02   5.5982431E-02   6.6920658E-02   7.7110424E-02
    8.6009393E-02   9.4845064E-02   1.0364208E-01   1.1196914E-01   1.1941446E-01
    1.2586964E-01   1.3158359E-01   1.3647732E-01   1.4037266E-01   1.4352712E-01
    1.4471003E-01   1.2835624E-01   1.4727134E-01   1.6239985E-01

 9.3090294422E+03   1.6192089E+01   2.3119962E+07   1.3357904E+00   1.5921339E+01   1.7836349E+03   5.0000000E-02     9 
    1.1906483E-09   6.3508335E-13   9.4975604E-13   4.9212980E-10   3.6140661E-08
    4.6379596E-08   1.2200098E-10   1.2628841E-10   5.9824645E-07   7.8157583E-05
    8.2227255E-05   5.4681699E-07   5.4787872E-07   8.7869540E-07   2.4641171E-05
    6.2193345E-05   3.0226583E-05   6.5435342E-05   2.6628299E-04   4.8875780E-04
    2.8248894E-04   6.9390371E-04   1.1252231E-03   1.9110616E-03   1.0876312E-03
    2.6836404E-03   3.7757005E-03   5.1764740E-03   2.6130815E-03   8.1443830E-03
    7.2120929E-03   8.7126724E-03   4.7169119E-03   1.5854956E-02   1.1510827E-02
    1.3580362E-02   7.2331153E-03   2.5593048E-02   1.6330030E-02   1.9226553E-02
    9.9244190E-03   3.6888749E-02   2.1091650E-02   3.1460843E-02   1.2723013E-02
    4.7593017E-02   4.7985871E-02   5.8630265E-02   6.9792614E-02   8.0284300E-02
    8.9270683E-02   9.8125115E-02   1.0696798E-01   1.1545927E-01   1.2295312E-01
    1.2944639E-01   1.3518418E-01   1.4001225E-01   1.4381139E-01   1.4684049E-01
    1.4754831E-01   1.3192535E-01   1.5046892E-01   1.6581555E-01

 6.6029143308E+03   3.3270492E+01   4.6901301E+07   1.3670242E+00   1.6247854E+01   1.7476655E+03   5.0000000E-02    10 
    2.2306689E-09   2.5606859E-12   3.3582035E-12   9.3812318E-10   7.0288292E-08
    8.6970834E-08   2.2537695E-10   2.3574569E-10   8.4948673E-07   1.1240098E-04
    1.1817641E-04   7.3252117E-07   7.3441420E-07   1.1723941E-06   3.0358457E-05
    7.6562896E-05   3.6692379E-05   7.9197277E-05   3.0932507E-04   5.6616055E-04
    3.2505509E-04   7.9649131E-04   1.2625996E-03   2.1400741E-03   1.2122202E-03
    2.9834490E-03   4.1421557E-03   5.7003639E-03   2.8530618E-03   8.8646643E-03
    7.7918040E-03   9.3987318E-03   5.0786484E-03   1.7009418E-02   1.2305387E-02
    1.4490170E-02   7.7095911E-03   2.7174594E-02   1.7318573E-02   2.0334397E-02
    1.0501201E-02   3.8862572E-02   2.2231774E-02   3.3248907E-02   1.3388058E-02
    4.9840370E-02   5.0050639E-02   6.0912235E-02   7.2257803E-02   8.3021279E-02
    9.2085666E-02   1.0094818E-01   1.0982756E-01   1.1847493E-01   1.2600176E-01
    1.3252608E-01   1.3829038E-01   1.4307691E-01   1.4676622E-01   1.4959062E-01
    1.4967418E-01   1.3563611E-01   1.5327005E-01   1.6881268E-01

 4.7137072616E+03   6.8040529E+01   9.4692399E+07   1.3993946E+00   1.6728192E+01   1.6985813E+03   5.0000000E-02    11 
    4.1804079E-09   1.0433237E-11   1.2125614E-11   1.8231007E-09   1.4029656E-07
    1.6679300E-07   4.6040865E-10   4.8251915E-10   1.2136705E-06   1.6319264E-04
    1.7151047E-04   9.8311277E-07   9.8727854E-07   1.5602574E-06   3.7417971E-05
    9.4324633E-05   4.4528680E-05   9.5712478E-05   3.5927864E-04   6.5588591E-04
    3.7379712E-04   9.1345752E-04   1.4162866E-03   2.3959889E-03   1.3504286E-03
    3.3142694E-03   4.5418484E-03   6.2747781E-03   3.1147512E-03   9.6455349E-03
    8.4186002E-03   1.0140375E-02   5.4674858E-03   1.8244853E-02   1.3155205E-02
    1.5465112E-02   8.2190909E-03   2.8848090E-02   1.8367084E-02   2.1530983E-02
    1.1115308E-02   4.0937480E-02   2.3440451E-02   3.5204535E-02   1.4095826E-02
    5.2191725E-02   5.2219827E-02   6.3306033E-02   7.4840262E-02   8.5871874E-02
    9.5026550E-02   1.0390323E-01   1.1282923E-01   1.2163335E-01   1.2920563E-01
    1.3575914E-01   1.4153526E-01   1.4627547E-01   1.4981320E-01   1.5229941E-01
    1.5174330E-01   1.4010866E-01   1.5623487E-01   1.7200096E-01

 3.3892295020E+03   1.3890714E+02   1.9058615E+08   1.4359817E+00   1.7506863E+01   1.6324723E+03   5.0000000E-02    12 
    8.8271574E-09   4.7720471E-11   5.0012899E-11   3.8271565E-09   3.0037582E-07
    3.4283884E-07   1.1682523E-09   1.1979968E-09   1.7983865E-06   2.4579524E-04
    2.5839943E-04   1.3685103E-06   1.3778187E-06   2.1235170E-06   4.7071629E-05
    1.1860654E-04   5.5034042E-05   1.1743238E-04   4.2288047E-04   7.7008626E-04
    4.3507000E-04   1.0592949E-03   1.6040250E-03   2.7084569E-03   1.5184776E-03
    3.7133680E-03   5.0199223E-03   6.9715788E-03   3.4266984E-03   1.0568792E-02
    9.1580732E-03   1.1017925E-02   5.9250823E-03   1.9685584E-02   1.4146154E-02
    1.6602803E-02   8.8146462E-03   3.0780393E-02   1.9583550E-02   2.2929519E-02
    1.1830542E-02   4.3320389E-02   2.4840323E-02   3.7602022E-02   1.4921493E-02
    5.4875140E-02   5.4702763E-02   6.6039588E-02   7.7802569E-02   8.9124948E-02
    9.8368988E-02   1.0727300E-01   1.1629093E-01   1.2525072E-01   1.3288487E-01
    1.3947323E-01   1.4523819E-01   1.4989526E-01   1.5320822E-01   1.5524539E-01
    1.5430890E-01   1.4555606E-01   1.5965652E-01   1.7571270E-01

 2.4563760892E+03   2.8398159E+02   3.8341384E+08   1.4780844E+00   1.8884358E+01   1.5448788E+03   5.0000000E-02    13 
    2.1813310E-08   2.5045955E-10   2.4485379E-10   8.9665919E-09   7.0154353E-07
    7.7011537E-07   3.8701744E-09   3.8014304E-09   2.7967203E-06   3.8689662E-04
    4.0736164E-04   2.0378665E-06   2.0463807E-06   2.9740515E-06   6.0958975E-05
    1.5358402E-04   6.9895477E-05   1.4688475E-04   5.0664363E-04   9.2033064E-04
    5.1480201E-04   1.2457139E-03   1.8403982E-03   3.1023498E-03   1.7287569E-03
    4.2070448E-03   5.6086813E-03   7.8580275E-03   3.8089544E-03   1.1683919E-02
    1.0051457E-02   1.2081492E-02   6.4779174E-03   2.1401851E-02   1.5332201E-02
    1.7960711E-02   9.5287056E-03   3.3061856E-02   2.1030195E-02   2.4596495E-02
    1.2688346E-02   4.6108749E-02   2.6500833E-02   4.0728524E-02   1.5916873E-02
    5.7997897E-02   5.7620310E-02   6.9235468E-02   8.1298141E-02   9.2966543E-02
    1.0228210E-01   1.1123221E-01   1.2038505E-01   1.2952141E-01   1.3723719E-01
    1.4386684E-01   1.4958428E-01   1.5408294E-01   1.5710637E-01   1.5873802E-01
    1.5786686E-01   1.5191966E-01   1.6374854E-01   1.8019597E-01

 1.7986940912E+03   5.8166955E+02   7.7147730E+08   1.5263333E+00   2.1217310E+01   1.4319478E+03   5.0000000E-02    14 
    6.3343274E-08   1.4848524E-09   1.4073257E-09   2.4019214E-08   1.7785564E-06
    1.8856922E-06   1.5889265E-08   1.5002150E-08   4.5717634E-06   6.2861764E-04
    6.6396616E-04   3.3400499E-06   3.3263611E-06   4.2834236E-06   8.1948026E-05
    2.0568302E-04   9.2307667E-05   1.8718540E-04   6.1965203E-04   1.1209565E-03
    6.2130500E-04   1.4850236E-03   2.1424970E-03   3.6054118E-03   1.9951406E-03
    4.8193911E-03   6.3408887E-03   9.0124211E-03   4.2827115E-03   1.3031996E-02
    1.1135250E-02   1.3375257E-02   7.1507269E-03   2.3445373E-02   1.6756881E-02
    1.9589132E-02   1.0393490E-02   3.5750176E-02   2.2754189E-02   2.6588489E-02
    1.3729378E-02   4.9366375E-02   2.8492121E-02   4.4918093E-02   1.7141311E-02
    6.1622225E-02   6.1066576E-02   7.3000352E-02   8.5459301E-02   9.7550077E-02
    1.0693454E-01   1.1594829E-01   1.2528345E-01   1.3464102E-01   1.4246585E-01
    1.4913319E-01   1.5474839E-01   1.5902201E-01   1.6178194E-01   1.6322037E-01
    1.6277395E-01   1.5910699E-01   1.6879696E-01   1.8576880E-01

 1.3355280633E+03   1.1897890E+03   1.5493296E+09   1.5782571E+00   2.4766993E+01   1.2933852E+03   5.0000000E-02    15 
    1.9426153E-07   8.8441956E-09   8.3629434E-09   7.1973219E-08   4.6131928E-06
    4.7610661E-06   6.8856287E-08   6.2938604E-08   7.6948626E-06   9.9893380E-04
    1.0598189E-03   6.5180122E-06   6.4622214E-06   6.2084711E-06   1.1429646E-04
    2.8111213E-04   1.2909275E-04   2.3935557E-04   7.6953913E-04   1.3781898E-03
    7.6436878E-04   1.7755638E-03   2.5163783E-03   4.2188110E-03   2.3232046E-03
    5.5360864E-03   7.2158501E-03   1.0459339E-02   4.8512673E-03   1.4569530E-02
    1.2384838E-02   1.4873191E-02   7.9363488E-03   2.5744138E-02   1.8380987E-02
    2.1436266E-02   1.1399922E-02   3.8744716E-02   2.4716144E-02   2.8838035E-02
    1.4954686E-02   5.2969051E-02   3.0791556E-02   5.0292755E-02   1.8630552E-02
    6.5598821E-02   6.4971245E-02   7.7245695E-02   9.0219384E-02   1.0280896E-01
    1.1228587E-01   1.2141366E-01   1.3100472E-01   1.4062166E-01   1.4859071E-01
    1.5528703E-01   1.6077000E-01   1.6484149E-01   1.6747725E-01   1.6896205E-01
    1.6906534E-01   1.6700763E-01   1.7502694E-01   1.9269181E-01

 1.0083899514E+03   2.4157280E+03   3.1119632E+09   1.6221576E+00   2.9420983E+01   1.1295221E+03   5.0000000E-02    16 
    4.3184452E-07   3.8574142E-08   3.4821461E-08   2.0010018E-07   1.0243657E-05
    1.0423978E-05   2.4457235E-07   2.1272969E-07   1.2364456E-05   1.3387724E-03
    1.4311792E-03   1.3668736E-05   1.2796064E-05   8.4150267E-06   1.5965196E-04
    3.6992658E-04   1.9141197E-04   2.9188995E-04   9.4023734E-04   1.6436285E-03
    9.5029445E-04   2.0526373E-03   2.9047903E-03   4.8182001E-03   2.6687692E-03
    6.2002257E-03   8.1027962E-03   1.1948978E-02   5.4438104E-03   1.5961600E-02
    1.3550567E-02   1.6268164E-02   8.7013762E-03   2.7810572E-02   1.9885974E-02
    2.3113321E-02   1.2381519E-02   4.1425705E-02   2.6544960E-02   3.0880310E-02
    1.6195219E-02   5.6171848E-02   3.3044569E-02   5.5970066E-02   2.0263676E-02
    6.9111575E-02   6.8708249E-02   8.1303959E-02   9.4848341E-02   1.0796121E-01
    1.1764809E-01   1.2703202E-01   1.3697432E-01   1.4684613E-01   1.5500065E-01
    1.6175362E-01   1.6716863E-01   1.7117521E-01   1.7387220E-01   1.7556256E-01
    1.7617483E-01   1.7515501E-01   1.8213565E-01   2.0073388E-01

 7.7781900541E+02   4.8759581E+03   6.2841228E+09   1.6692619E+00   3.5252868E+01   9.4013740E+02   5.0000000E-02    17 
    9.8245881E-07   1.7378713E-07   1.4500737E-07   6.1901440E-07   2.1822311E-05
    2.2154125E-05   9.0715954E-07   7.5954670E-07   2.1023506E-05   1.4335972E-03
    1.5608519E-03   3.3829834E-05   3.1126354E-05   1.1668847E-05   2.3995201E-04
    4.9623198E-04   3.2972057E-04   3.5848011E-04   1.1872834E-03   1.9832151E-03
    1.3337355E-03   2.3852564E-03   3.4049991E-03   5.5480379E-03   3.1366301E-03
    6.9790055E-03   9.3467731E-03   1.3776716E-02   6.3181371E-03   1.7554999E-02
    1.4926849E-02   1.7883698E-02   9.6818405E-03   3.0157412E-02   2.1625779E-02
    2.5025317E-02   1.3577667E-02   4.4455108E-02   2.8636187E-02   3.3186676E-02
    1.7783486E-02   5.9771793E-02   3.5905305E-02   6.2538569E-02   2.2548272E-02
    7.3041574E-02   7.3201522E-02   8.6215948E-02   1.0047188E-01   1.1422583E-01
    1.2439122E-01   1.3430990E-01   1.4476332E-01   1.5492538E-01   1.6332645E-01
    1.7021190E-01   1.7567458E-01   1.7975479E-01   1.8262035E-01   1.8455085E-01
    1.8554717E-01   1.8513895E-01   1.9163172E-01   2.1157666E-01

 6.1638950915E+02   9.6944479E+03   1.2670652E+10   1.7201897E+00   4.1613685E+01   7.4250130E+02   5.0000000E-02    18 
    2.2642305E-06   6.6044237E-07   6.7876870E-07   2.6209808E-06   4.2573734E-05
    4.3295637E-05   3.0673156E-06   2.7681176E-06   4.1596929E-05   1.0726404E-03
    1.1971238E-03   9.6298651E-05   1.0306659E-04   1.7332333E-05   4.0339853E-04
    6.8254717E-04   7.4649076E-04   4.4651245E-04   1.5754024E-03   2.4237135E-03
    2.4224832E-03   2.7956193E-03   4.0600140E-03   6.4542344E-03   3.8082754E-03
    7.9171003E-03   1.1334249E-02   1.5940507E-02   7.8616798E-03   1.9415411E-02
    1.6518606E-02   1.9771784E-02   1.1136048E-02   3.2877647E-02   2.3585194E-02
    2.7220938E-02   1.5083473E-02   4.7950169E-02   3.1065923E-02   3.5773191E-02
    1.9926031E-02   6.3903447E-02   3.9676690E-02   6.9116717E-02   2.5948400E-02
    7.7542314E-02   7.8759233E-02   9.2365574E-02   1.0752063E-01   1.2210105E-01
    1.3323727E-01   1.4411293E-01   1.5528082E-01   1.6582822E-01   1.7457335E-01
    1.8169791E-01   1.8732404E-01   1.9157165E-01   1.9464199E-01   1.9678582E-01
    1.9804458E-01   1.9797588E-01   2.0431966E-01   2.2596638E-01

 5.0300914446E+02   1.9005514E+04   2.5578133E+10   1.7920238E+00   4.9508566E+01   5.5236093E+02   5.0000010E-02    19 
    8.0928621E-06   4.2267475E-06   2.9531653E-06   1.0262838E-05   9.1291099E-05
    9.2852495E-05   1.1996031E-05   8.2342245E-06   8.5487435E-05   8.0293355E-04
    8.9643953E-04   2.9792046E-04   2.0339484E-04   3.1237748E-05   7.3900683E-04
    1.0496475E-03   1.6897384E-03   6.0169673E-04   2.4341749E-03   3.1774224E-03
    5.1841863E-03   3.4618856E-03   5.1902058E-03   7.9191831E-03   5.0269737E-03
    9.3828549E-03   1.4775584E-02   1.9197702E-02   1.0735493E-02   2.2228508E-02
    1.9055305E-02   2.2619500E-02   1.3700232E-02   3.6922583E-02   2.6543603E-02
    3.0454389E-02   1.7509690E-02   5.3081161E-02   3.4657753E-02   3.9485083E-02
    2.3484143E-02   6.9921459E-02   4.5828147E-02   7.7014424E-02   3.1829749E-02
    8.4138917E-02   8.7056672E-02   1.0171190E-01   1.1823907E-01   1.3414031E-01
    1.4692014E-01   1.5927954E-01   1.7146078E-01   1.8260336E-01   1.9180401E-01
    1.9923815E-01   2.0507846E-01   2.0950853E-01   2.1275550E-01   2.1505546E-01
    2.1647876E-01   2.1659038E-01   2.2291503E-01   2.4636151E-01

 4.2335482208E+02   3.6476098E+04   5.1719424E+10   1.9041136E+00   6.0416114E+01   3.8567922E+02   5.0002480E-02    20 
    6.2165624E-05   5.1633342E-05   2.6820539E-05   4.4827184E-05   2.4760683E-04
    2.5112023E-04   7.4232356E-05   4.3467234E-05   2.4895702E-04   1.1026434E-03
    1.1788981E-03   8.9378691E-04   4.5887289E-04   9.1355587E-05   1.7026007E-03
    1.9504023E-03   4.4189503E-03   9.3987970E-04   5.1020483E-03   4.7418329E-03
    1.3348615E-02   4.7381876E-03   7.6866328E-03   1.0714138E-02   7.8883733E-03
    1.2025735E-02   2.2353827E-02   2.4874907E-02   1.7314304E-02   2.7048312E-02
    2.3813356E-02   2.7534069E-02   1.9276608E-02   4.3660524E-02   3.1625107E-02
    3.5832316E-02   2.1961452E-02   6.1455245E-02   4.0661302E-02   4.5564194E-02
    3.0045960E-02   7.9654933E-02   5.6495469E-02   8.7909926E-02   4.2446271E-02
    9.4949769E-02   1.0052199E-01   1.1714902E-01   1.3597538E-01   1.5415104E-01
    1.6943199E-01   1.8384751E-01   1.9738129E-01   2.0933334E-01   2.1909445E-01
    2.2688163E-01   2.3295328E-01   2.3755225E-01   2.4093806E-01   2.4334570E-01
    2.4486748E-01   2.4507173E-01   2.5141282E-01   2.7643711E-01

 3.6912892249E+02   6.4363673E+04   1.0186113E+11   2.0148130E+00   7.2476683E+01   2.5670082E+02   5.0182641E-02    21 
    3.5485346E-04   3.0686524E-04   1.9821638E-04   1.6346039E-04   5.3089800E-04
    5.3736617E-04   2.2336901E-04   1.8237956E-04   5.7271827E-04   1.9019364E-03
    1.9454085E-03   1.4131883E-03   9.0631911E-04   2.6097546E-04   3.6830723E-03
    3.3999947E-03   8.8234476E-03   1.4344128E-03   9.6295012E-03   6.9518258E-03
    2.5980139E-02   6.4000146E-03   1.1242690E-02   1.4325434E-02   1.2138494E-02
    1.5278276E-02   3.2287160E-02   3.1369294E-02   2.6911396E-02   3.2713995E-02
    2.9713688E-02   3.3344045E-02   2.7476288E-02   5.1434754E-02   3.7602029E-02
    4.1895119E-02   2.8210560E-02   7.0961961E-02   4.7665708E-02   5.2476263E-02
    3.9514834E-02   9.0801355E-02   6.9070518E-02   9.6489318E-02   5.7634800E-02
    1.0786042E-01   1.1750876E-01   1.3735593E-01   1.5950545E-01   1.8095083E-01
    1.9950994E-01   2.1640271E-01   2.3148171E-01   2.4429947E-01   2.5461726E-01
    2.6273510E-01   2.6900740E-01   2.7373535E-01   2.7721313E-01   2.7968168E-01
    2.8125265E-01   2.8150311E-01   2.8782229E-01   3.1382014E-01

 3.3427364728E+02   9.7700173E+04   1.7632570E+11   2.1048191E+00   8.3699919E+01   1.7048792E+02   5.3233391E-02    22 
    1.2295319E-03   8.3879565E-04   9.2499472E-04   4.3430230E-04   9.1645867E-04
    9.2592473E-04   4.9155318E-04   4.9758404E-04   1.0431890E-03   3.0879167E-03
    3.0952343E-03   1.6826110E-03   1.5746958E-03   4.8592345E-04   6.6582540E-03
    5.1785503E-03   1.3533090E-02   2.0181634E-03   1.3773870E-02   9.4520797E-03
    3.9639298E-02   8.1711057E-03   1.5245780E-02   1.8127619E-02   1.7013353E-02
    1.8601214E-02   4.2429384E-02   3.7527406E-02   3.7672769E-02   3.8379009E-02
    3.5846678E-02   3.9188954E-02   3.6481672E-02   5.9117083E-02   4.3610768E-02
    4.7804141E-02   3.5511346E-02   8.0314183E-02   5.4720342E-02   5.9811776E-02
    5.0776148E-02   1.0206941E-01   8.1190471E-02   1.0399719E-01   7.4649823E-02
    1.2173491E-01   1.3636585E-01   1.6039971E-01   1.8646714E-01   2.1145657E-01
    2.3314313E-01   2.5220836E-01   2.6857219E-01   2.8207359E-01   2.9278512E-01
    3.0111367E-01   3.0749023E-01   3.1227100E-01   3.1577696E-01   3.1825698E-01
    3.1983695E-01   3.2010598E-01   3.2633676E-01   3.5254444E-01

 3.1038516128E+02   1.2710271E+05   2.2841260E+11   2.1431654E+00   8.9492542E+01   1.1333507E+02   7.1728533E-02    23 
    1.9648421E-03   1.2039551E-03   1.5863691E-03   6.9652318E-04   1.1710196E-03
    1.1803734E-03   7.6009982E-04   7.8908748E-04   1.4586828E-03   4.0182213E-03
    3.9930965E-03   2.0240808E-03   1.9969845E-03   6.8816273E-04   9.1556788E-03
    6.8145806E-03   1.6313729E-02   2.4377499E-03   1.6564522E-02   1.1483364E-02
    4.9223087E-02   9.2658742E-03   1.8356100E-02   2.0912686E-02   2.0738037E-02
    2.0625655E-02   4.9533826E-02   4.2212193E-02   4.5697531E-02   4.1687542E-02
    3.9943304E-02   4.3241527E-02   4.2912468E-02   6.3656364E-02   4.7572139E-02
    5.1780139E-02   4.0474978E-02   8.5931346E-02   5.9481586E-02   6.5152483E-02
    5.8359869E-02   1.0907213E-01   8.9724263E-02   1.1168110E-01   8.5601798E-02
    1.3077703E-01   1.4868105E-01   1.7540501E-01   2.0380176E-01   2.3073127E-01
    2.5393143E-01   2.7399675E-01   2.9095905E-01   3.0478903E-01   3.1568724E-01
    3.2411434E-01   3.3053991E-01   3.3534432E-01   3.3886162E-01   3.4134577E-01
    3.4292862E-01   3.4320687E-01   3.4938105E-01   3.7537270E-01

 2.9300597074E+02   1.4021156E+05   2.1789329E+11   2.1547773E+00   8.9693912E+01   7.5414921E+01   1.2690964E-01    24 
    2.5069665E-03   1.6778559E-03   2.0841526E-03   1.0982662E-03   1.4556414E-03
    1.4641783E-03   1.2202968E-03   1.2468323E-03   2.0486046E-03   5.2253051E-03
    5.1757132E-03   2.6457661E-03   2.5207850E-03   1.1122421E-03   1.2583967E-02
    8.7978539E-03   1.9735525E-02   2.8928760E-03   2.1067713E-02   1.3627634E-02
    6.2066360E-02   1.0040301E-02   2.2108017E-02   2.3567044E-02   2.5316914E-02
    2.1896918E-02   5.8088671E-02   4.6778842E-02   5.6149510E-02   4.3302068E-02
    4.3622364E-02   4.6472032E-02   4.9657806E-02   6.5756595E-02   5.0323847E-02
    5.4622149E-02   4.2379438E-02   8.8308371E-02   6.2151964E-02   6.8259040E-02
    6.0450716E-02   1.1172584E-01   9.4377752E-02   1.1952086E-01   8.7989111E-02
    1.3366099E-01   1.5156021E-01   1.7806480E-01   2.0624512E-01   2.3299824E-01
    2.5595740E-01   2.7591889E-01   2.9293117E-01   3.0688167E-01   3.1790847E-01
    3.2645207E-01   3.3298052E-01   3.3786711E-01   3.4144934E-01   3.4398253E-01
    3.4559884E-01   3.4588979E-01   3.5215741E-01   3.7807209E-01

 2.7962558885E+02   1.2199421E+05   1.9994914E+11   2.1691207E+00   1.0331710E+02   5.0227548E+01   2.2807599E-01    25 
    3.9853869E-03   3.0602393E-03   3.4949059E-03   2.1432980E-03   2.2148597E-03
    2.2255578E-03   2.4265282E-03   2.4526893E-03   3.2811326E-03   7.6382609E-03
    7.6097569E-03   3.9170214E-03   3.6954403E-03   2.2186940E-03   1.7838474E-02
    1.1337798E-02   2.4103811E-02   3.9149801E-03   2.7433697E-02   1.6397545E-02
    7.6885074E-02   1.1405915E-02   2.7338481E-02   2.6788130E-02   3.1497519E-02
    2.3832411E-02   6.8536967E-02   5.1313212E-02   6.7981500E-02   4.5555009E-02
    4.8520738E-02   5.0255398E-02   5.7900755E-02   6.8554906E-02   5.3887625E-02
    5.8082250E-02   4.4726977E-02   9.1242777E-02   6.5386219E-02   7.1835926E-02
    6.2810258E-02   1.1483149E-01   9.8301046E-02   1.2632826E-01   8.9813326E-02
    1.3673740E-01   1.5428596E-01   1.8022625E-01   2.0783908E-01   2.3413535E-01
    2.5668761E-01   2.7644153E-01   2.9344555E-01   3.0750097E-01   3.1866385E-01
    3.2734397E-01   3.3399968E-01   3.3899150E-01   3.4265789E-01   3.4525380E-01
    3.4691204E-01   3.4721631E-01   3.5361507E-01   3.7947425E-01

 2.6718327176E+02   7.1135738E+04   2.0758142E+11   2.2009034E+00   1.8135157E+02   3.2519482E+01   3.7133341E-01    26 
    1.1278775E-02   9.7724076E-03   1.0462713E-02   6.5160666E-03   5.4632833E-03
    5.4905997E-03   7.4971742E-03   7.5347367E-03   7.3997197E-03   1.5720419E-02
    1.5912785E-02   8.4667236E-03   8.1120523E-03   6.7355928E-03   2.7791028E-02
    1.6680294E-02   3.1579607E-02   7.8375660E-03   3.6495360E-02   2.2368687E-02
    9.2383478E-02   1.5816369E-02   3.6019313E-02   3.2911330E-02   4.1666270E-02
    2.9198069E-02   8.2640332E-02   5.8353239E-02   8.0562548E-02   5.1696446E-02
    5.8015738E-02   5.7546941E-02   6.9400074E-02   7.6034825E-02   6.2037929E-02
    6.5148159E-02   5.1642345E-02   9.8845983E-02   7.2929955E-02   7.9593098E-02
    7.1537400E-02   1.2316819E-01   1.0617140E-01   1.3335038E-01   9.8246915E-02
    1.4570303E-01   1.6415561E-01   1.9058524E-01   2.1848760E-01   2.4504988E-01
    2.6790496E-01   2.8786803E-01   3.0503395E-01   3.1924106E-01   3.3052929E-01
    3.3931949E-01   3.4606791E-01   3.5113372E-01   3.5485617E-01   3.5748868E-01
    3.5917000E-01   3.5948208E-01   3.6594178E-01   3.9165453E-01

 2.5595763822E+02   2.8627031E+04   2.4316026E+11   2.2337337E+00   4.9779693E+02   2.2509321E+01   4.9860882E-01    27 
    4.4376294E-02   4.0235983E-02   4.2248521E-02   2.4812865E-02   1.9623230E-02
    1.9732346E-02   2.7812001E-02   2.7906261E-02   2.3568753E-02   4.7813499E-02
    4.8974321E-02   2.7649921E-02   2.7009256E-02   2.5587382E-02   5.0917514E-02
    3.4427814E-02   5.3583100E-02   2.4549065E-02   5.8807415E-02   4.2135133E-02
    1.1882566E-01   3.3034148E-02   5.8639091E-02   5.1220399E-02   6.8432921E-02
    4.7861487E-02   1.1049712E-01   7.8916824E-02   1.0997216E-01   7.1278568E-02
    8.4421512E-02   7.8256530E-02   9.5696223E-02   9.8203502E-02   8.7068209E-02
    8.5246370E-02   7.2795754E-02   1.1968721E-01   9.4617437E-02   1.0139831E-01
    9.8606770E-02   1.4530810E-01   1.2965735E-01   1.5246389E-01   1.2310115E-01
    1.6884642E-01   1.8940570E-01   2.1728778E-01   2.4630252E-01   2.7370224E-01
    2.9720166E-01   3.1740737E-01   3.3460833E-01   3.4881092E-01   3.5999762E-01
    3.6870502E-01   3.7538114E-01   3.8038818E-01   3.8406243E-01   3.8664889E-01
    3.8829865E-01   3.8860543E-01   3.9492914E-01   4.2000397E-01

 2.5198296100E+02   5.4654716E+03   2.9994098E+11   2.2250418E+00   2.7465998E+03   1.4961866E+01   6.2693702E-01    28 
    1.7319148E-01   1.5856366E-01   1.6593581E-01   1.0816438E-01   8.7509157E-02
    8.8061524E-02   1.1615000E-01   1.1652979E-01   1.0550355E-01   2.0313858E-01
    2.0862597E-01   1.2339721E-01   1.2102957E-01   1.1452913E-01   1.5789411E-01
    1.1063431E-01   1.5672672E-01   1.0812973E-01   1.5995086E-01   1.2907617E-01
    2.1080125E-01   1.1826325E-01   1.5907959E-01   1.2814011E-01   1.8618431E-01
    1.3631491E-01   2.1437168E-01   1.6549898E-01   2.3811141E-01   1.6035327E-01
    1.9884586E-01   1.6459313E-01   2.0477711E-01   1.9372125E-01   1.9837001E-01
    1.6798399E-01   1.5827183E-01   2.0277467E-01   1.8224843E-01   1.8829498E-01
    2.0673409E-01   2.2919455E-01   2.2225099E-01   2.2800376E-01   2.1136139E-01
    2.5085711E-01   2.7323609E-01   3.0228642E-01   3.3188361E-01   3.5900225E-01
    3.8147559E-01   3.9990463E-01   4.1530448E-01   4.2811445E-01   4.3779678E-01
    4.4538047E-01   4.5120111E-01   4.5556363E-01   4.5876277E-01   4.6098216E-01
    4.6239918E-01   4.6265952E-01   4.6809849E-01   4.9013617E-01

 2.5166248982E+02   2.6364750E+03   3.8158935E+11   2.2085197E+00   6.0034216E+03   1.0163305E+01   7.2700939E-01    29 
    2.2907046E-01   2.1041713E-01   2.1939755E-01   1.6057245E-01   1.3808727E-01
    1.3913714E-01   1.7262108E-01   1.7338853E-01   1.6853180E-01   3.1304062E-01
    3.2123045E-01   1.9708824E-01   1.9353259E-01   1.7759569E-01   2.4061171E-01
    1.6094626E-01   2.3910150E-01   1.7191020E-01   2.4037954E-01   1.8935290E-01
    2.8027821E-01   1.8577996E-01   2.3631878E-01   1.8234966E-01   2.7645811E-01
    2.0731897E-01   2.9279837E-01   2.2495187E-01   3.3493182E-01   2.3283359E-01
    2.8530590E-01   2.2964035E-01   2.8820248E-01   2.7067373E-01   2.8349580E-01
    2.3015975E-01   2.2323658E-01   2.6939692E-01   2.4906669E-01   2.5506626E-01
    2.8882537E-01   2.9626839E-01   2.8606236E-01   2.7555533E-01   2.7813586E-01
    3.1598331E-01   3.3989026E-01   3.7011874E-01   3.9987408E-01   4.2644289E-01
    4.4815486E-01   4.6536496E-01   4.7937187E-01   4.9095449E-01   4.9942988E-01
    5.0609011E-01   5.1119958E-01   5.1502413E-01   5.1782462E-01   5.1974713E-01
    5.2097420E-01   5.2119676E-01   5.2590285E-01   5.4550999E-01

 2.5149149400E+02   1.5867203E+03   5.1942188E+11   2.1969901E+00   1.0601581E+04   6.7124238E+00   8.0954117E-01    30 
    2.4695761E-01   2.2918253E-01   2.3803399E-01   1.8925365E-01   1.7023628E-01
    1.7165313E-01   2.0420277E-01   2.0506294E-01   2.0925645E-01   3.7773993E-01
    3.8736248E-01   2.4435811E-01   2.3998067E-01   2.1638754E-01   2.8934999E-01
    1.9043085E-01   2.8980679E-01   2.1365537E-01   2.8923675E-01   2.2613411E-01
    3.1931703E-01   2.3147958E-01   2.8186595E-01   2.1775016E-01   3.2806646E-01
    2.5593617E-01   3.4184136E-01   2.7055430E-01   3.9880491E-01   2.8406499E-01
    3.3876637E-01   2.7554633E-01   3.3826628E-01   3.2464989E-01   3.3869884E-01
    2.7435443E-01   2.7011558E-01   3.1730336E-01   2.9769285E-01   3.0510023E-01
    3.4440853E-01   3.4562517E-01   3.3796919E-01   3.2497167E-01   3.3115576E-01
    3.6568411E-01   3.9247367E-01   4.2507361E-01   4.5607726E-01   4.8280140E-01
    5.0408332E-01   5.2058695E-01   5.3373020E-01   5.4442844E-01   5.5210698E-01
    5.5810005E-01   5.6266802E-01   5.6606951E-01   5.6854987E-01   5.7024639E-01
    5.7132712E-01   5.7152060E-01   5.7565184E-01   5.9327255E-01

 2.5127906634E+02   8.1528879E+02   7.2732850E+11   2.1900735E+00   2.1560299E+04   4.4757401E+00   8.6833407E-01    31 
    3.2058939E-01   3.0165025E-01   3.1221443E-01   2.6185305E-01   2.4625549E-01
    2.4847635E-01   2.8309661E-01   2.8413763E-01   3.0048581E-01   5.2524090E-01
    5.3844397E-01   3.4973815E-01   3.4453604E-01   3.0652894E-01   3.9581382E-01
    2.5769646E-01   3.9974518E-01   3.0685089E-01   3.9603805E-01   3.0840523E-01
    4.1818214E-01   3.3129629E-01   3.7994842E-01   2.9635178E-01   4.3831962E-01
    3.6140546E-01   4.5721342E-01   3.7290197E-01   5.4548960E-01   3.9391245E-01
    4.5391400E-01   3.7502883E-01   4.4904045E-01   4.3929039E-01   4.5613924E-01
    3.7019465E-01   3.6836855E-01   4.1807339E-01   4.0099731E-01   4.1026268E-01
    4.5867727E-01   4.4773100E-01   4.4671575E-01   4.2916287E-01   4.3626189E-01
    4.6620429E-01   4.9501469E-01   5.2876971E-01   5.5933060E-01   5.8432158E-01
    6.0327893E-01   6.1741797E-01   6.2839507E-01   6.3725986E-01   6.4336544E-01
    6.4812636E-01   6.5174250E-01   6.5442319E-01   6.5637149E-01   6.5769102E-01
    6.5853120E-01   6.5867887E-01   6.6187211E-01   6.7585266E-01

 2.5104155391E+02   3.7847648E+02   1.0455947E+12   2.1855692E+00   4.8579042E+04   2.9750038E+00   9.1031207E-01    32 
    4.6681655E-01   4.4588782E-01   4.5860506E-01   4.0161148E-01   3.9670565E-01
    4.0063654E-01   4.3509793E-01   4.3644275E-01   4.7489286E-01   8.0286981E-01
    8.2314819E-01   5.5001245E-01   5.4493021E-01   4.8048165E-01   5.9455492E-01
    3.8697747E-01   6.0570234E-01   4.8644561E-01   6.0192963E-01   4.6655823E-01
    6.1791016E-01   5.2287191E-01   5.6619390E-01   4.4788857E-01   6.4662682E-01
    5.6373066E-01   6.8312832E-01   5.7276137E-01   8.2724938E-01   6.0356539E-01
    6.7081512E-01   5.6670554E-01   6.6144104E-01   6.5536036E-01   6.7481030E-01
    5.5416070E-01   5.5334650E-01   6.0706845E-01   5.9612881E-01   6.0729728E-01
    6.6727769E-01   6.3621308E-01   6.4354545E-01   6.1801764E-01   6.2415016E-01
    6.4789726E-01   6.7463681E-01   7.0516898E-01   7.3076147E-01   7.5003822E-01
    7.6333124E-01   7.7244597E-01   7.7923372E-01   7.8479298E-01   7.8819527E-01
    7.9090355E-01   7.9297490E-01   7.9450735E-01   7.9562048E-01   7.9635099E-01
    7.9681885E-01   7.9689827E-01   7.9865848E-01   8.0672709E-01

 2.5078521233E+02   1.8661858E+02   1.5307943E+12   2.1757364E+00   1.0286340E+05   1.9726631E+00   9.3954185E-01    33 
    5.7462326E-01   5.5885369E-01   5.6944726E-01   5.4822606E-01   5.7233837E-01
    5.7859236E-01   5.9807787E-01   5.9957702E-01   6.7897194E-01   1.1107696E+00
    1.1391374E+00   7.7971156E-01   7.7768210E-01   6.8565028E-01   8.2111301E-01
    5.3805522E-01   8.4374506E-01   7.0782088E-01   8.5329645E-01   6.5711043E-01
    8.5999822E-01   7.6302344E-01   7.8880360E-01   6.3532018E-01   8.9144914E-01
    8.1878982E-01   9.6005342E-01   8.3031729E-01   1.1664419E+00   8.6979651E-01
    9.3062078E-01   8.0957269E-01   9.2011971E-01   9.2433579E-01   9.3699107E-01
    7.8829604E-01   7.8683824E-01   8.4345975E-01   8.4041891E-01   8.5211745E-01
    9.1678382E-01   8.6805426E-01   8.7894042E-01   8.4717106E-01   8.5073446E-01
    8.6781831E-01   8.8629561E-01   9.0773632E-01   9.2348165E-01   9.3368139E-01
    9.3915677E-01   9.4191100E-01   9.4364737E-01   9.4530289E-01   9.4568026E-01
    9.4611098E-01   9.4648528E-01   9.4676750E-01   9.4697773E-01   9.4707940E-01
    9.4715189E-01   9.4716147E-01   9.4742371E-01   9.4906913E-01

 2.5054688392E+02   1.1489205E+02   2.2483650E+12   2.1614967E+00   1.7480446E+05   1.3180216E+00   9.5916621E-01    34 
    5.2522890E-01   5.1865418E-01   5.2380930E-01   5.8453221E-01   6.4328820E-01
    6.5104910E-01   6.4447352E-01   6.4568551E-01   7.6684363E-01   1.2165706E+00
    1.2478807E+00   8.6640206E-01   8.6885363E-01   7.7795286E-01   9.1594219E-01
    6.0418448E-01   9.4283571E-01   8.2404121E-01   9.7747224E-01   7.5115025E-01
    9.7115676E-01   8.9596073E-01   8.9349347E-01   7.3687057E-01   9.9953680E-01
    9.6162849E-01   1.1002920E+00   9.8525851E-01   1.3276757E+00   1.0243711E+00
    1.0579380E+00   9.5050799E-01   1.0537080E+00   1.0731276E+00   1.0678801E+00
    9.2773052E-01   9.2584941E-01   9.7926719E-01   9.8114911E-01   9.9135914E-01
    1.0463715E+00   9.9793126E-01   1.0050464E+00   9.7602825E-01   9.7768788E-01
    9.9024842E-01   1.0006777E+00   1.0136052E+00   1.0214122E+00   1.0253215E+00
    1.0261184E+00   1.0254582E+00   1.0246024E+00   1.0242163E+00   1.0231920E+00
    1.0225471E+00   1.0221159E+00   1.0218062E+00   1.0215898E+00   1.0214041E+00
    1.0212958E+00   1.0212752E+00   1.0208685E+00   1.0194805E+00

 2.5034364532E+02   8.3126904E+01   3.3364730E+12   2.1477311E+00   2.5744382E+05   8.7727676E-01   9.7262182E-01    35 
    4.1387670E-01   4.1277659E-01   4.1446411E-01   5.4952474E-01   6.2871636E-01
    6.3702472E-01   6.1177853E-01   6.1254140E-01   7.5938797E-01   1.1703381E+00
    1.2002656E+00   8.3719234E-01   8.4141970E-01   7.7804136E-01   9.0758557E-01
    6.0149852E-01   9.2831152E-01   8.4606255E-01   9.8669519E-01   7.6261273E-01
    9.6982266E-01   9.2775392E-01   8.9690372E-01   7.6171015E-01   9.9458287E-01
    9.9547525E-01   1.1188891E+00   1.0369591E+00   1.3290084E+00   1.0685283E+00
    1.0727329E+00   9.9411733E-01   1.0787392E+00   1.1072593E+00   1.0839476E+00
    9.7399284E-01   9.7272625E-01   1.0184591E+00   1.0214677E+00   1.0293785E+00
    1.0695757E+00   1.0320831E+00   1.0343998E+00   1.0127031E+00   1.0136173E+00
    1.0233228E+00   1.0293337E+00   1.0373444E+00   1.0412582E+00   1.0426225E+00
    1.0420170E+00   1.0406239E+00   1.0392962E+00   1.0384717E+00   1.0373202E+00
    1.0365463E+00   1.0360080E+00   1.0356183E+00   1.0353433E+00   1.0351281E+00
    1.0350000E+00   1.0349775E+00   1.0345107E+00   1.0327062E+00

 2.5014956786E+02   7.1060889E+01   4.9678250E+12   2.1400972E+00   3.3990918E+05   5.8465434E-01   9.8166518E-01    36 
    3.2254600E-01   3.2277470E-01   3.2335816E-01   5.1027830E-01   5.9220919E-01
    6.0033123E-01   5.7072456E-01   5.7130325E-01   7.2722435E-01   1.0956420E+00
    1.1222461E+00   7.8073670E-01   7.8376708E-01   7.5559406E-01   8.7407902E-01
    5.8258072E-01   8.8534506E-01   8.4273835E-01   9.5795960E-01   7.5162276E-01
    9.3684404E-01   9.2796414E-01   8.7166310E-01   7.6511255E-01   9.5987363E-01
    9.9172799E-01   1.0978213E+00   1.0472219E+00   1.2735412E+00   1.0715328E+00
    1.0562461E+00   1.0048705E+00   1.0714564E+00   1.1006092E+00   1.0647834E+00
    9.8646052E-01   9.8629011E-01   1.0235669E+00   1.0244999E+00   1.0302991E+00
    1.0577146E+00   1.0324571E+00   1.0315488E+00   1.0168100E+00   1.0175044E+00
    1.0251305E+00   1.0287901E+00   1.0339550E+00   1.0360490E+00   1.0364957E+00
    1.0356890E+00   1.0344348E+00   1.0332989E+00   1.0325557E+00   1.0316362E+00
    1.0310077E+00   1.0305661E+00   1.0302454E+00   1.0300188E+00   1.0298457E+00
    1.0297429E+00   1.0297260E+00   1.0293648E+00   1.0279094E+00

 2.4995107782E+02   7.8809152E+01   7.4359695E+12   2.1466761E+00   3.8720783E+05   3.8879298E-01   9.8776766E-01    37 
    2.7438132E-01   2.7407708E-01   2.7470418E-01   4.9507521E-01   5.6785522E-01
    5.7509554E-01   5.5145276E-01   5.5223800E-01   7.0454959E-01   1.0444457E+00
    1.0660148E+00   7.4143096E-01   7.4191647E-01   7.3707670E-01   8.5014356E-01
    5.7250717E-01   8.5559461E-01   8.4293552E-01   9.2627834E-01   7.4403233E-01
    9.0850311E-01   9.2462506E-01   8.5044000E-01   7.7171135E-01   9.3059369E-01
    9.7953342E-01   1.0681223E+00   1.0405180E+00   1.2036217E+00   1.0591776E+00
    1.0378977E+00   1.0072878E+00   1.0579414E+00   1.0809144E+00   1.0397857E+00
    9.8811635E-01   9.8909700E-01   1.0181819E+00   1.0156565E+00   1.0197817E+00
    1.0375849E+00   1.0227847E+00   1.0202010E+00   1.0109705E+00   1.0116708E+00
    1.0176014E+00   1.0199743E+00   1.0233720E+00   1.0245987E+00   1.0247773E+00
    1.0241581E+00   1.0232740E+00   1.0224882E+00   1.0219624E+00   1.0213350E+00
    1.0209032E+00   1.0205980E+00   1.0203755E+00   1.0202185E+00   1.0200998E+00
    1.0200300E+00   1.0200194E+00   1.0197864E+00   1.0188231E+00

 2.4972925398E+02   1.3386482E+02   1.1171850E+13   2.1768025E+00   3.4760978E+05   2.5816999E-01   9.9185969E-01    38 
    2.7061565E-01   2.7003082E-01   2.7060348E-01   5.1493042E-01   5.6991758E-01
    5.7563498E-01   5.6650356E-01   5.6728277E-01   7.0478296E-01   1.0369247E+00
    1.0504655E+00   7.3629192E-01   7.3396324E-01   7.2823729E-01   8.5167890E-01
    5.8699416E-01   8.5978518E-01   8.5842900E-01   9.0917756E-01   7.5283274E-01
    9.0119291E-01   9.2854360E-01   8.5015442E-01   7.9392992E-01   9.2073651E-01
    9.7014598E-01   1.0407351E+00   1.0271658E+00   1.1370962E+00   1.0410967E+00
    1.0254247E+00   1.0083847E+00   1.0449085E+00   1.0584193E+00   1.0192652E+00
    9.8765554E-01   9.8950938E-01   1.0110304E+00   1.0055255E+00   1.0083840E+00
    1.0194226E+00   1.0123664E+00   1.0092385E+00   1.0039797E+00   1.0047541E+00
    1.0092290E+00   1.0107912E+00   1.0129736E+00   1.0137518E+00   1.0139002E+00
    1.0135509E+00   1.0130385E+00   1.0125819E+00   1.0122716E+00   1.0118989E+00
    1.0116419E+00   1.0114587E+00   1.0113248E+00   1.0112305E+00   1.0111595E+00
    1.0111184E+00   1.0111129E+00   1.0109854E+00   1.0104465E+00

 2.4948432145E+02   3.9896170E+02   1.6110842E+13   2.2354820E+00   2.2251996E+05   1.7893183E-01   9.9435069E-01    39 
    3.0679136E-01   3.0665868E-01   3.0674073E-01   5.7021152E-01   5.9714440E-01
    6.0115884E-01   6.1669434E-01   6.1705588E-01   7.2775384E-01   1.0713722E+00
    1.0736575E+00   7.6418792E-01   7.5825416E-01   7.2460384E-01   8.7980350E-01
    6.3351751E-01   9.0072749E-01   8.8820242E-01   9.1423567E-01   7.8358183E-01
    9.1724162E-01   9.4133346E-01   8.7502346E-01   8.3312747E-01   9.3096229E-01
    9.6778661E-01   1.0221648E+00   1.0154131E+00   1.0872171E+00   1.0247786E+00
    1.0192419E+00   1.0094648E+00   1.0345606E+00   1.0399115E+00   1.0077376E+00
    9.8895153E-01   9.9102316E-01   1.0063749E+00   9.9952979E-01   1.0015097E+00
    1.0082586E+00   1.0057558E+00   1.0027109E+00   9.9988428E-01   1.0006451E+00
    1.0039405E+00   1.0048886E+00   1.0062482E+00   1.0067687E+00   1.0069207E+00
    1.0067594E+00   1.0064966E+00   1.0062577E+00   1.0060931E+00   1.0058885E+00
    1.0057478E+00   1.0056464E+00   1.0055722E+00   1.0055202E+00   1.0054812E+00
    1.0054590E+00   1.0054564E+00   1.0053933E+00   1.0051202E+00

 2.4924569829E+02   1.6800343E+03   2.1282451E+13   2.3119330E+00   1.1129989E+05   1.3553618E-01   9.9571770E-01    40 
    3.6721491E-01   3.6733509E-01   3.6718038E-01   6.4232083E-01   6.3610179E-01
    6.3895798E-01   6.8272540E-01   6.8297427E-01   7.6161752E-01   1.1109953E+00
    1.1021338E+00   8.0271706E-01   7.8934559E-01   7.1804195E-01   9.1704554E-01
    7.0105023E-01   9.5636576E-01   9.1462298E-01   9.3440275E-01   8.2844582E-01
    9.4263653E-01   9.5338581E-01   9.0965146E-01   8.7607704E-01   9.4765314E-01
    9.6804739E-01   1.0139676E+00   1.0101474E+00   1.0576080E+00   1.0136220E+00
    1.0165935E+00   1.0103026E+00   1.0271233E+00   1.0273599E+00   1.0035618E+00
    9.9168422E-01   9.9325667E-01   1.0039889E+00   9.9763760E-01   9.9902088E-01
    1.0032171E+00   1.0025607E+00   1.0000965E+00   9.9849994E-01   9.9909620E-01
    1.0014683E+00   1.0020815E+00   1.0029782E+00   1.0033464E+00   1.0034870E+00
    1.0034187E+00   1.0032846E+00   1.0031587E+00   1.0030708E+00   1.0029556E+00
    1.0028771E+00   1.0028197E+00   1.0027779E+00   1.0027489E+00   1.0027270E+00
    1.0027148E+00   1.0027136E+00   1.0026814E+00   1.0025390E+00

 2.4900016925E+02   8.8890746E+03   2.6799648E+13   2.4045148E+00   4.6734484E+04   1.0777530E-01   9.9659324E-01    41 
    4.4788472E-01   4.4799865E-01   4.4785538E-01   7.2421269E-01   6.9008439E-01
    6.9227989E-01   7.5576024E-01   7.5606351E-01   8.0373187E-01   1.1292762E+00
    1.1113464E+00   8.3309606E-01   8.0778349E-01   7.0552005E-01   9.5747595E-01
    7.8341330E-01   1.0147326E+00   9.2758715E-01   9.6466305E-01   8.8227248E-01
    9.6957727E-01   9.5848581E-01   9.4531721E-01   9.1763399E-01   9.6328372E-01
    9.6608410E-01   1.0131431E+00   1.0104974E+00   1.0401338E+00   1.0056561E+00
    1.0156120E+00   1.0112074E+00   1.0214042E+00   1.0179290E+00   1.0028219E+00
    9.9483399E-01   9.9540877E-01   1.0020870E+00   9.9773699E-01   9.9860238E-01
    1.0010011E+00   1.0007007E+00   9.9927140E-01   9.9829547E-01   9.9861265E-01
    1.0001259E+00   1.0006284E+00   1.0012784E+00   1.0015605E+00   1.0016908E+00
    1.0016753E+00   1.0016143E+00   1.0015521E+00   1.0015083E+00   1.0014448E+00
    1.0014023E+00   1.0013706E+00   1.0013477E+00   1.0013319E+00   1.0013200E+00
    1.0013134E+00   1.0013129E+00   1.0012969E+00   1.0012232E+00

 2.4873775232E+02   5.4817768E+04   3.3002563E+13   2.5147687E+00   1.6995450E+04   8.7702972E-02   9.9722679E-01    42 
    5.4776661E-01   5.4782115E-01   5.4774339E-01   8.1288112E-01   7.6514980E-01
    7.6702969E-01   8.3106640E-01   8.3146233E-01   8.5120138E-01   1.1189193E+00
    1.0951163E+00   8.4310622E-01   8.0762763E-01   6.8834149E-01   9.9887687E-01
    8.7242872E-01   1.0634957E+00   9.2364976E-01   9.9998409E-01   9.3796600E-01
    9.9239340E-01   9.5448076E-01   9.7687603E-01   9.5351486E-01   9.7428136E-01
    9.6023650E-01   1.0153067E+00   1.0125380E+00   1.0279704E+00   9.9803505E-01
    1.0147971E+00   1.0114064E+00   1.0162001E+00   1.0096812E+00   1.0032508E+00
    9.9753246E-01   9.9693498E-01   9.9996535E-01   9.9853542E-01   9.9892219E-01
    9.9996408E-01   9.9929068E-01   9.9919378E-01   9.9851487E-01   9.9851962E-01
    9.9923108E-01   9.9976590E-01   1.0003074E+00   1.0005550E+00   1.0006859E+00
    1.0007084E+00   1.0006944E+00   1.0006725E+00   1.0006567E+00   1.0006258E+00
    1.0006058E+00   1.0005904E+00   1.0005793E+00   1.0005719E+00   1.0005661E+00
    1.0005629E+00   1.0005627E+00   1.0005556E+00   1.0005205E+00

 2.4845170806E+02   3.5848041E+05   4.0105052E+13   2.6441406E+00   5.4596880E+03   7.2438918E-02   9.9770887E-01    43 
    6.6060260E-01   6.6061998E-01   6.6058934E-01   9.0131085E-01   8.5361983E-01
    8.5547936E-01   9.0493056E-01   9.0547974E-01   8.9573024E-01   1.0856704E+00
    1.0598669E+00   8.3564258E-01   7.9522426E-01   6.7489516E-01   1.0338695E+00
    9.5470142E-01   1.0861593E+00   9.0777096E-01   1.0312502E+00   9.8547661E-01
    1.0048825E+00   9.4414530E-01   9.9942921E-01   9.7914387E-01   9.7842247E-01
    9.5219700E-01   1.0156338E+00   1.0120476E+00   1.0163917E+00   9.8936381E-01
    1.0122705E+00   1.0094388E+00   1.0101050E+00   1.0017232E+00   1.0032735E+00
    9.9902369E-01   9.9745033E-01   9.9755770E-01   9.9911733E-01   9.9911805E-01
    9.9919327E-01   9.9798128E-01   9.9922562E-01   9.9869291E-01   9.9843878E-01
    9.9849454E-01   9.9915586E-01   9.9968293E-01   9.9994112E-01   1.0000895E+00
    1.0001466E+00   1.0001677E+00   1.0001745E+00   1.0001787E+00   1.0001699E+00
    1.0001652E+00   1.0001608E+00   1.0001577E+00   1.0001557E+00   1.0001539E+00
    1.0001530E+00   1.0001530E+00   1.0001509E+00   1.0001384E+00

 2.4813588459E+02   2.2280546E+06   4.8189154E+13   2.7922278E+00   1.5842569E+03   6.0762679E-02   9.9807780E-01    44 
    7.6397086E-01   7.6397186E-01   7.6396443E-01   9.7464498E-01   9.3762983E-01
    9.3965432E-01   9.7118087E-01   9.7184935E-01   9.3232662E-01   1.0414835E+00
    1.0175532E+00   8.2674938E-01   7.8692162E-01   6.8556752E-01   1.0518476E+00
    1.0114150E+00   1.0782084E+00   8.9373867E-01   1.0482884E+00   1.0147164E+00
    1.0063457E+00   9.3594512E-01   1.0094749E+00   9.9197030E-01   9.7733299E-01
    9.4706953E-01   1.0122678E+00   1.0081301E+00   1.0055327E+00   9.8246771E-01
    1.0077213E+00   1.0053785E+00   1.0035808E+00   9.9520616E-01   1.0021494E+00
    9.9903922E-01   9.9700960E-01   9.9537837E-01   9.9906008E-01   9.9883882E-01
    9.9837545E-01   9.9687773E-01   9.9904229E-01   9.9861663E-01   9.9823029E-01
    9.9789531E-01   9.9870462E-01   9.9925948E-01   9.9955026E-01   9.9972474E-01
    9.9981375E-01   9.9986284E-01   9.9989145E-01   9.9991086E-01   9.9991770E-01
    9.9992378E-01   9.9992724E-01   9.9992973E-01   9.9993157E-01   9.9993250E-01
    9.9993305E-01   9.9993308E-01   9.9993386E-01   9.9993478E-01

 2.4778134469E+02   1.2350106E+07   5.7113617E+13   2.9588445E+00   4.2535364E+02   5.2228306E-02   9.9834754E-01    45 
    8.3729482E-01   8.3728607E-01   8.3729128E-01   1.0214227E+00   9.9957800E-01
    1.0016589E+00   1.0119503E+00   1.0125171E+00   9.6144461E-01   1.0007999E+00
    9.8232624E-01   8.3737370E-01   8.0681978E-01   7.4728377E-01   1.0496067E+00
    1.0337283E+00   1.0522513E+00   8.9633564E-01   1.0478359E+00   1.0241556E+00
    1.0035402E+00   9.3843116E-01   1.0094155E+00   9.9532576E-01   9.7648169E-01
    9.4965442E-01   1.0067272E+00   1.0028947E+00   9.9773840E-01   9.8026746E-01
    1.0026656E+00   1.0009679E+00   9.9841501E-01   9.9169349E-01   1.0004390E+00
    9.9834969E-01   9.9645405E-01   9.9437226E-01   9.9867964E-01   9.9841005E-01
    9.9780039E-01   9.9642224E-01   9.9879372E-01   9.9848622E-01   9.9810547E-01
    9.9767067E-01   9.9852056E-01   9.9906356E-01   9.9936276E-01   9.9954659E-01
    9.9965247E-01   9.9971683E-01   9.9975800E-01   9.9978622E-01   9.9980247E-01
    9.9981491E-01   9.9982320E-01   9.9982908E-01   9.9983322E-01   9.9983578E-01
    9.9983720E-01   9.9983725E-01   9.9983938E-01   9.9984715E-01

 2.4737081130E+02   6.1312087E+07   6.6978098E+13   3.1456591E+00   1.0835418E+02   4.6301025E-02   9.9853493E-01    46 
    8.7490249E-01   8.7488701E-01   8.7490000E-01   1.0340823E+00   1.0233946E+00
    1.0248725E+00   1.0174071E+00   1.0177401E+00   9.7285199E-01   9.7328314E-01
    9.6342751E-01   8.8279729E-01   8.7307821E-01   8.6606147E-01   1.0291123E+00
    1.0248485E+00   1.0231369E+00   9.2928023E-01   1.0307155E+00   1.0175073E+00
    1.0010794E+00   9.5797795E-01   1.0031149E+00   9.9402735E-01   9.7983972E-01
    9.6256494E-01   1.0007361E+00   9.9833483E-01   9.9424083E-01   9.8400304E-01
    9.9876538E-01   9.9795862E-01   9.9608134E-01   9.9204449E-01   9.9894678E-01
    9.9782714E-01   9.9653420E-01   9.9505905E-01   9.9838913E-01   9.9821525E-01
    9.9775833E-01   9.9687570E-01   9.9870519E-01   9.9853845E-01   9.9827019E-01
    9.9797259E-01   9.9868370E-01   9.9912838E-01   9.9938388E-01   9.9954388E-01
    9.9964170E-01   9.9970363E-01   9.9974487E-01   9.9977333E-01   9.9979187E-01
    9.9980568E-01   9.9981526E-01   9.9982207E-01   9.9982684E-01   9.9982989E-01
    9.9983153E-01   9.9983157E-01   9.9983383E-01   9.9984300E-01

 2.4687860942E+02   2.7104165E+08   7.8971114E+13   3.3521644E+00   2.8122415E+01   4.1431644E-02   9.9868890E-01    47 
    8.9337840E-01   8.9336256E-01   8.9337621E-01   1.0173067E+00   1.0114217E+00
    1.0121895E+00   1.0026749E+00   1.0029895E+00   9.7008270E-01   9.6941267E-01
    9.6807965E-01   9.4943161E-01   9.5345690E-01   9.5882468E-01   1.0070973E+00
    1.0061566E+00   1.0048239E+00   9.7301191E-01   1.0101402E+00   1.0055279E+00
    9.9991208E-01   9.8269487E-01   9.9662525E-01   9.9263378E-01   9.8585531E-01
    9.7856878E-01   9.9659790E-01   9.9593103E-01   9.9411684E-01   9.9009559E-01
    9.9684851E-01   9.9682446E-01   9.9604133E-01   9.9440370E-01   9.9819233E-01
    9.9778424E-01   9.9713945E-01   9.9652542E-01   9.9837723E-01   9.9832760E-01
    9.9810699E-01   9.9774734E-01   9.9881419E-01   9.9876428E-01   9.9862433E-01
    9.9851578E-01   9.9901321E-01   9.9932726E-01   9.9951505E-01   9.9963480E-01
    9.9971097E-01   9.9976054E-01   9.9979446E-01   9.9981810E-01   9.9983438E-01
    9.9984640E-01   9.9985492E-01   9.9986103E-01   9.9986529E-01   9.9986805E-01
    9.9986952E-01   9.9986953E-01   9.9987127E-01   9.9987889E-01

 2.4627957401E+02   1.0600218E+09   9.5524123E+13   3.5818701E+00   7.8267680E+00   3.5786447E-02   9.9886744E-01    48 
    9.2210697E-01   9.2209432E-01   9.2210511E-01   9.9584293E-01   9.9308935E-01
    9.9379404E-01   9.9061058E-01   9.9089349E-01   9.7633320E-01   9.8290643E-01
    9.8452129E-01   9.8964652E-01   9.9246239E-01   9.8911115E-01   9.9930451E-01
    9.9882193E-01   1.0007361E+00   9.9697553E-01   9.9978665E-01   9.9935409E-01
    9.9857767E-01   9.9499988E-01   9.9514472E-01   9.9397890E-01   9.9125706E-01
    9.8899236E-01   9.9584914E-01   9.9600739E-01   9.9540718E-01   9.9434462E-01
    9.9686196E-01   9.9713101E-01   9.9690161E-01   9.9644029E-01   9.9833792E-01
    9.9824969E-01   9.9797981E-01   9.9778127E-01   9.9874249E-01   9.9874247E-01
    9.9865406E-01   9.9854124E-01   9.9912423E-01   9.9912248E-01   9.9906027E-01
    9.9903311E-01   9.9935092E-01   9.9955289E-01   9.9967654E-01   9.9975623E-01
    9.9980819E-01   9.9984262E-01   9.9986655E-01   9.9988336E-01   9.9989521E-01
    9.9990391E-01   9.9991013E-01   9.9991461E-01   9.9991775E-01   9.9991978E-01
    9.9992085E-01   9.9992083E-01   9.9992187E-01   9.9992680E-01

 2.4556627465E+02   3.5453010E+09   1.2040033E+14   3.8439768E+00   2.2853883E+00   2.9131587E-02   9.9907795E-01    49 
    9.5340624E-01   9.5339616E-01   9.5340448E-01   9.8956202E-01   9.8833132E-01
    9.8906843E-01   9.8907574E-01   9.8933175E-01   9.8893581E-01   9.9255373E-01
    9.9399180E-01   1.0000314E+00   1.0009634E+00   9.9834856E-01   9.9919507E-01
    9.9881632E-01   1.0017294E+00   1.0028107E+00   9.9757753E-01   9.9841539E-01
    9.9882764E-01   9.9940902E-01   9.9731345E-01   9.9722997E-01   9.9636211E-01
    9.9589771E-01   9.9726917E-01   9.9756225E-01   9.9747334E-01   9.9745732E-01
    9.9806949E-01   9.9831194E-01   9.9827848E-01   9.9823728E-01   9.9902501E-01
    9.9903728E-01   9.9895650E-01   9.9890554E-01   9.9932560E-01   9.9933201E-01
    9.9930255E-01   9.9927778E-01   9.9954134E-01   9.9954898E-01   9.9952954E-01
    9.9952394E-01   9.9968084E-01   9.9978068E-01   9.9984213E-01   9.9988196E-01
    9.9990831E-01   9.9992599E-01   9.9993842E-01   9.9994722E-01   9.9995350E-01
    9.9995808E-01   9.9996137E-01   9.9996375E-01   9.9996542E-01   9.9996650E-01
    9.9996706E-01   9.9996705E-01   9.9996746E-01   9.9996962E-01

 2.4475276804E+02   8.9590004E+09   1.5783049E+14   4.1443593E+00   6.9509952E-01   2.2552776E-02   9.9928610E-01    50 
    9.7595154E-01   9.7594361E-01   9.7594969E-01   9.9354697E-01   9.9271835E-01
    9.9339409E-01   9.9383139E-01   9.9406478E-01   9.9524664E-01   9.9626542E-01
    9.9733798E-01   1.0002266E+00   1.0005275E+00   9.9946881E-01   9.9996345E-01
    9.9971435E-01   1.0014265E+00   1.0020054E+00   9.9853540E-01   9.9923738E-01
    9.9958196E-01   1.0003544E+00   9.9925343E-01   9.9935712E-01   9.9914478E-01
    9.9905063E-01   9.9877718E-01   9.9893340E-01   9.9897847E-01   9.9913511E-01
    9.9917450E-01   9.9929648E-01   9.9929916E-01   9.9933577E-01   9.9959475E-01
    9.9962073E-01   9.9960907E-01   9.9959521E-01   9.9974373E-01   9.9974545E-01
    9.9973643E-01   9.9973362E-01   9.9982725E-01   9.9983232E-01   9.9982974E-01
    9.9982700E-01   9.9988439E-01   9.9992090E-01   9.9994329E-01   9.9995787E-01
    9.9996764E-01   9.9997433E-01   9.9997910E-01   9.9998253E-01   9.9998500E-01
    9.9998679E-01   9.9998808E-01   9.9998902E-01   9.9998968E-01   9.9999011E-01
    9.9999034E-01   9.9999033E-01   9.9999044E-01   9.9999112E-01

 2.4385826907E+02   1.6830675E+10   2.1483056E+14   4.4853358E+00   2.2528447E-01   1.6740706E-02   9.9947003E-01    51 
    9.8778329E-01   9.8777955E-01   9.8778158E-01   9.9734644E-01   9.9680613E-01
    9.9739957E-01   9.9759057E-01   9.9779800E-01   9.9826500E-01   9.9854121E-01
    9.9912702E-01   9.9987982E-01   1.0000703E+00   9.9963612E-01   1.0001535E+00
    1.0000730E+00   1.0006829E+00   1.0008579E+00   9.9955424E-01   9.9984655E-01
    9.9997287E-01   1.0002801E+00   9.9989223E-01   9.9995260E-01   9.9990181E-01
    9.9985593E-01   9.9955765E-01   9.9960902E-01   9.9964323E-01   9.9973837E-01
    9.9971411E-01   9.9975848E-01   9.9976106E-01   9.9978518E-01   9.9986171E-01
    9.9987745E-01   9.9987952E-01   9.9987352E-01   9.9992037E-01   9.9991954E-01
    9.9991762E-01   9.9991781E-01   9.9994674E-01   9.9994881E-01   9.9994947E-01
    9.9994794E-01   9.9996527E-01   9.9997627E-01   9.9998300E-01   9.9998738E-01
    9.9999036E-01   9.9999248E-01   9.9999401E-01   9.9999514E-01   9.9999595E-01
    9.9999654E-01   9.9999697E-01   9.9999729E-01   9.9999751E-01   9.9999766E-01
    9.9999774E-01   9.9999773E-01   9.9999775E-01   9.9999793E-01

 2.4290576856E+02   2.7013552E+10   3.0426132E+14   4.8688589E+00   8.0038246E-02   1.1926195E-02   9.9962241E-01    52 
    9.9345695E-01   9.9345693E-01   9.9345549E-01   9.9916561E-01   9.9883244E-01
    9.9935628E-01   9.9932580E-01   9.9950661E-01   9.9992105E-01   9.9986076E-01
    1.0001395E+00   1.0000854E+00   1.0002173E+00   1.0000783E+00   1.0001988E+00
    1.0001712E+00   1.0003250E+00   1.0003713E+00   9.9998713E-01   1.0000574E+00
    1.0000895E+00   1.0001596E+00   1.0000060E+00   1.0000289E+00   1.0000167E+00
    9.9999672E-01   9.9985116E-01   9.9986297E-01   9.9987687E-01   9.9992056E-01
    9.9991010E-01   9.9992262E-01   9.9992421E-01   9.9993349E-01   9.9995370E-01
    9.9995980E-01   9.9996141E-01   9.9996021E-01   9.9997358E-01   9.9997340E-01
    9.9997367E-01   9.9997414E-01   9.9998254E-01   9.9998326E-01   9.9998375E-01
    9.9998369E-01   9.9998900E-01   9.9999247E-01   9.9999461E-01   9.9999603E-01
    9.9999700E-01   9.9999772E-01   9.9999823E-01   9.9999861E-01   9.9999889E-01
    9.9999909E-01   9.9999924E-01   9.9999934E-01   9.9999942E-01   9.9999947E-01
    9.9999950E-01   9.9999950E-01   9.9999950E-01   9.9999954E-01

 2.4192466537E+02   4.1008601E+10   4.4126347E+14   5.2972022E+00   3.1249886E-02   8.2940248E-03   9.9973739E-01    53 
    9.9678293E-01   9.9678393E-01   9.9678159E-01   9.9994034E-01   9.9968507E-01
    1.0001341E+00   1.0000086E+00   1.0001645E+00   1.0002672E+00   1.0001337E+00
    1.0002882E+00   1.0000738E+00   1.0001693E+00   1.0001655E+00   1.0001639E+00
    1.0001347E+00   1.0001673E+00   1.0001777E+00   1.0000717E+00   1.0000713E+00
    1.0000756E+00   1.0000804E+00   1.0000167E+00   1.0000182E+00   1.0000132E+00
    1.0000079E+00   9.9995075E-01   9.9995152E-01   9.9995572E-01   9.9997410E-01
    9.9997208E-01   9.9997482E-01   9.9997590E-01   9.9997866E-01   9.9998339E-01
    9.9998522E-01   9.9998571E-01   9.9998617E-01   9.9998996E-01   9.9999022E-01
    9.9999058E-01   9.9999088E-01   9.9999351E-01   9.9999377E-01   9.9999394E-01
    9.9999410E-01   9.9999597E-01   9.9999724E-01   9.9999805E-01   9.9999859E-01
    9.9999897E-01   9.9999924E-01   9.9999943E-01   9.9999957E-01   9.9999967E-01
    9.9999974E-01   9.9999980E-01   9.9999984E-01   9.9999986E-01   9.9999988E-01
    9.9999989E-01   9.9999990E-01   9.9999990E-01   9.9999991E-01

 2.4093300807E+02   6.0679275E+10   6.4170575E+14   5.7739434E+00   1.3250866E-02   5.7515280E-03   9.9981789E-01    54 
    9.9861267E-01   9.9861435E-01   9.9861143E-01   1.0001181E+00   9.9989692E-01
    1.0002675E+00   1.0001171E+00   1.0002493E+00   1.0002010E+00   1.0000800E+00
    1.0001756E+00   9.9996145E-01   1.0000371E+00   1.0000734E+00   1.0001000E+00
    1.0000735E+00   1.0000737E+00   1.0000716E+00   1.0000567E+00   1.0000437E+00
    1.0000411E+00   1.0000347E+00   1.0000129E+00   1.0000088E+00   1.0000063E+00
    1.0000048E+00   9.9998672E-01   9.9998545E-01   9.9998640E-01   9.9999249E-01
    9.9999284E-01   9.9999311E-01   9.9999332E-01   9.9999383E-01   9.9999479E-01
    9.9999528E-01   9.9999541E-01   9.9999565E-01   9.9999669E-01   9.9999682E-01
    9.9999696E-01   9.9999707E-01   9.9999785E-01   9.9999795E-01   9.9999799E-01
    9.9999805E-01   9.9999866E-01   9.9999908E-01   9.9999936E-01   9.9999954E-01
    9.9999967E-01   9.9999976E-01   9.9999983E-01   9.9999987E-01   9.9999991E-01
    9.9999993E-01   9.9999995E-01   9.9999996E-01   9.9999997E-01   9.9999998E-01
    9.9999998E-01   9.9999999E-01   9.9999999E-01   9.9999999E-01

 2.3993203761E+02   8.8356544E+10   9.2796439E+14   6.3020232E+00   6.1187470E-03   4.0109365E-03   9.9987300E-01    55 
    9.9943421E-01   9.9943671E-01   9.9943337E-01   1.0000844E+00   9.9990014E-01
    1.0001947E+00   1.0000436E+00   1.0001530E+00   1.0001119E+00   1.0000153E+00
    1.0000795E+00   9.9992265E-01   9.9997422E-01   1.0000116E+00   1.0000509E+00
    1.0000330E+00   1.0000242E+00   1.0000193E+00   1.0000322E+00   1.0000212E+00
    1.0000172E+00   1.0000115E+00   1.0000095E+00   1.0000054E+00   1.0000034E+00
    1.0000022E+00   9.9999788E-01   9.9999665E-01   9.9999679E-01   9.9999826E-01
    9.9999914E-01   9.9999888E-01   9.9999871E-01   9.9999859E-01   9.9999878E-01
    9.9999889E-01   9.9999891E-01   9.9999892E-01   9.9999917E-01   9.9999920E-01
    9.9999923E-01   9.9999925E-01   9.9999944E-01   9.9999947E-01   9.9999948E-01
    9.9999949E-01   9.9999964E-01   9.9999975E-01   9.9999983E-01   9.9999988E-01
    9.9999991E-01   9.9999994E-01   9.9999996E-01   9.9999997E-01   9.9999998E-01
    9.9999999E-01   9.9999999E-01   9.9999999E-01   1.0000000E+00   1.0000000E+00
    1.0000000E+00   1.0000000E+00   1.0000000E+00   1.0000000E+00

 2.3891458714E+02   1.2773398E+11   1.3376853E+15   6.8849770E+00   3.1198296E-03   2.8063988E-03   9.9991113E-01    56 
    9.9977590E-01   9.9977895E-01   9.9977561E-01   1.0000356E+00   9.9989067E-01
    1.0001169E+00   9.9998532E-01   1.0000733E+00   1.0000561E+00   9.9998248E-01
    1.0000298E+00   9.9992839E-01   9.9996140E-01   9.9998673E-01   1.0000220E+00
    1.0000121E+00   1.0000038E+00   9.9999962E-01   1.0000156E+00   1.0000084E+00
    1.0000052E+00   1.0000016E+00   1.0000057E+00   1.0000029E+00   1.0000013E+00
    1.0000003E+00   1.0000002E+00   9.9999925E-01   9.9999917E-01   9.9999939E-01
    1.0000004E+00   1.0000001E+00   9.9999987E-01   9.9999966E-01   9.9999978E-01
    9.9999979E-01   9.9999977E-01   9.9999972E-01   9.9999982E-01   9.9999982E-01
    9.9999982E-01   9.9999981E-01   9.9999987E-01   9.9999988E-01   9.9999987E-01
    9.9999987E-01   9.9999991E-01   9.9999993E-01   9.9999995E-01   9.9999997E-01
    9.9999998E-01   9.9999998E-01   9.9999999E-01   9.9999999E-01   1.0000000E+00
    1.0000000E+00   1.0000000E+00   1.0000000E+00   1.0000000E+00   1.0000000E+00
    1.0000000E+00   1.0000000E+00   1.0000000E+00   1.0000000E+00

 2.3786216871E+02   1.8491183E+11   1.9341089E+15   7.5364292E+00   1.7668280E-03   1.9583951E-03   9.9993799E-01    57 
    9.9991699E-01   9.9992045E-01   9.9991690E-01   1.0000135E+00   9.9990499E-01
    1.0000722E+00   9.9997190E-01   1.0000398E+00   1.0000281E+00   9.9997560E-01
    1.0000111E+00   9.9994617E-01   9.9997014E-01   9.9998304E-01   1.0000088E+00
    1.0000038E+00   9.9999875E-01   9.9999597E-01   1.0000064E+00   1.0000027E+00
    1.0000007E+00   9.9999888E-01   1.0000025E+00   1.0000010E+00   1.0000001E+00
    9.9999954E-01   1.0000002E+00   9.9999960E-01   9.9999947E-01   9.9999951E-01
    1.0000003E+00   1.0000001E+00   9.9999993E-01   9.9999979E-01   9.9999991E-01
    9.9999991E-01   9.9999989E-01   9.9999986E-01   9.9999993E-01   9.9999993E-01
    9.9999992E-01   9.9999991E-01   9.9999995E-01   9.9999995E-01   9.9999995E-01
    9.9999994E-01   9.9999996E-01   9.9999997E-01   9.9999998E-01   9.9999999E-01
    9.9999999E-01   9.9999999E-01   1.0000000E+00   1.0000000E+00   1.0000000E+00
    1.0000000E+00   1.0000000E+00   1.0000000E+00   1.0000000E+00   1.0000000E+00
    1.0000000E+00   1.0000000E+00   1.0000000E+00   1.0000000E+00

 2.3736788691E+02   2.1882117E+11   2.2881014E+15   7.8615370E+00   1.4109391E-03   1.6623894E-03   9.9994736E-01    58 
    9.9994574E-01   9.9994933E-01   9.9994564E-01   1.0000093E+00   9.9991588E-01
    1.0000594E+00   9.9997313E-01   1.0000323E+00   1.0000203E+00   9.9997631E-01
    1.0000071E+00   9.9995462E-01   9.9997550E-01   9.9998446E-01   1.0000054E+00
    1.0000018E+00   9.9999812E-01   9.9999596E-01   1.0000042E+00   1.0000014E+00
    9.9999993E-01   9.9999864E-01   1.0000016E+00   1.0000006E+00   9.9999997E-01
    9.9999952E-01   1.0000003E+00   9.9999977E-01   9.9999963E-01   9.9999962E-01
    1.0000002E+00   1.0000001E+00   9.9999997E-01   9.9999985E-01   9.9999995E-01
    9.9999995E-01   9.9999993E-01   9.9999990E-01   9.9999996E-01   9.9999996E-01
    9.9999995E-01   9.9999994E-01   9.9999997E-01   9.9999997E-01   9.9999997E-01
    9.9999996E-01   9.9999997E-01   9.9999998E-01   9.9999999E-01   9.9999999E-01
    9.9999999E-01   1.0000000E+00   1.0000000E+00   1.0000000E+00   1.0000000E+00
    1.0000000E+00   1.0000000E+00   1.0000000E+00   1.0000000E+00   1.0000000E+00
    1.0000000E+00   1.0000000E+00   1.0000000E+00   1.0000000E+00

 2.3711933866E+02   2.3758213E+11   2.4839910E+15   8.0296571E+00   1.2717733E-03   1.5345354E-03   9.9995141E-01    59 
    9.9993204E-01   9.9993556E-01   9.9993196E-01   1.0000087E+00   9.9992311E-01
    1.0000557E+00   9.9997552E-01   1.0000306E+00   1.0000199E+00   9.9997948E-01
    1.0000081E+00   9.9996052E-01   9.9998001E-01   9.9998722E-01   1.0000060E+00
    1.0000022E+00   9.9999889E-01   9.9999694E-01   1.0000045E+00   1.0000018E+00
    1.0000004E+00   9.9999916E-01   1.0000019E+00   1.0000008E+00   1.0000003E+00
    9.9999982E-01   1.0000006E+00   1.0000000E+00   9.9999985E-01   9.9999981E-01
    1.0000003E+00   1.0000002E+00   1.0000001E+00   9.9999995E-01   1.0000000E+00
    9.9999999E-01   9.9999998E-01   9.9999995E-01   9.9999998E-01   9.9999998E-01
    9.9999998E-01   9.9999997E-01   9.9999999E-01   9.9999999E-01   9.9999998E-01
    9.9999998E-01   9.9999999E-01   9.9999999E-01   9.9999999E-01   1.0000000E+00
    1.0000000E+00   1.0000000E+00   1.0000000E+00   1.0000000E+00   1.0000000E+00
    1.0000000E+00   1.0000000E+00   1.0000000E+00   1.0000000E+00   1.0000000E+00
    1.0000000E+00   1.0000000E+00   1.0000000E+00   1.0000000E+00

 2.3703624276E+02   2.4408116E+11   2.5518501E+15   8.0879940E+00   1.2283100E-03   1.4947865E-03   9.9995267E-01    60 
    1.0001663E+00   1.0001209E+00   1.0001218E+00   1.0000999E+00   1.0002079E+00
    1.0003324E+00   1.0000085E+00   1.0000659E+00   1.0002475E+00   1.0002550E+00
    1.0002424E+00   1.0001551E+00   1.0000888E+00   9.9993864E-01   1.0000579E+00
    1.0000611E+00   1.0000286E+00   9.9997706E-01   1.0000175E+00   1.0000144E+00
    1.0000036E+00   9.9999116E-01   1.0000060E+00   1.0000057E+00   1.0000015E+00
    9.9999809E-01   1.0000148E+00   1.0000142E+00   1.0000114E+00   1.0000040E+00
    1.0000036E+00   1.0000031E+00   1.0000022E+00   1.0000017E+00   1.0000014E+00
    1.0000013E+00   1.0000010E+00   1.0000008E+00   1.0000007E+00   1.0000006E+00
    1.0000005E+00   1.0000004E+00   1.0000004E+00   1.0000003E+00   1.0000003E+00
    1.0000002E+00   1.0000001E+00   1.0000001E+00   1.0000000E+00   1.0000000E+00
    1.0000000E+00   1.0000000E+00   1.0000000E+00   1.0000000E+00   1.0000000E+00
    1.0000000E+00   1.0000000E+00   1.0000000E+00   1.0000000E+00   1.0000000E+00
    1.0000000E+00   1.0000000E+00   1.0000000E+00   1.0000000E+00
