 Index            R         Vel          Tau           Na        Ne/Na            T        Kross       Kr/Kes        Gamma       dpdR/ROH
     1   4.0725E+04   1.9312E+03   2.2516E-06   8.0697E+03   1.0035E+00   9.0663E-01   2.4122E-01   1.0267E+00   3.1851E-01  -4.3389E-03
     2   3.9797E+04   1.9308E+03   2.3041E-06   8.4522E+03   1.0035E+00   9.0663E-01   2.4122E-01   1.0267E+00   3.1851E-01  -4.4673E-03
     3   3.7869E+04   1.9299E+03   2.4214E-06   9.3388E+03   1.0035E+00   9.0663E-01   2.4122E-01   1.0267E+00   3.1851E-01  -4.7443E-03
     4   3.3585E+04   1.9277E+03   2.7307E-06   1.1887E+04   1.0035E+00   9.0663E-01   2.4122E-01   1.0267E+00   3.1851E-01  -5.6248E-03
     5   2.6445E+04   1.9223E+03   3.4698E-06   1.9226E+04   1.0035E+00   9.0663E-01   2.4122E-01   1.0267E+00   3.1851E-01  -7.9367E-03
     6   1.8889E+04   1.9121E+03   4.8637E-06   3.7883E+04   1.0035E+00   9.0663E-01   2.4122E-01   1.0267E+00   3.1851E-01  -1.1510E-02
     7   1.3492E+04   1.8980E+03   6.8275E-06   7.4804E+04   1.0035E+00   9.0663E-01   2.4122E-01   1.0267E+00   3.1851E-01  -1.6150E-02
     8   9.6375E+03   1.8783E+03   9.6011E-06   1.4816E+05   1.0035E+00   9.0663E-01   2.4122E-01   1.0267E+00   3.1851E-01  -2.2680E-02
     9   6.8839E+03   1.8509E+03   1.3536E-05   2.9469E+05   1.0036E+00   9.2312E-01   2.4162E-01   1.0283E+00   3.1851E-01  -3.3058E-02
    10   4.9171E+03   1.8128E+03   1.9164E-05   5.8971E+05   1.0038E+00   9.8051E-01   2.4306E-01   1.0342E+00   3.1851E-01  -5.1431E-02
    11   3.5122E+03   1.7602E+03   2.7301E-05   1.1904E+06   1.0040E+00   1.0552E+00   2.4495E-01   1.0420E+00   3.1851E-01  -7.8981E-02
    12   2.5087E+03   1.6879E+03   3.9199E-05   2.4331E+06   1.0043E+00   1.1337E+00   2.4692E-01   1.0501E+00   3.1851E-01  -1.1992E-01
    13   1.7919E+03   1.5892E+03   5.6851E-05   5.0651E+06   1.0045E+00   1.2007E+00   2.4853E-01   1.0567E+00   3.1851E-01  -1.7839E-01
    14   1.2800E+03   1.4561E+03   8.3590E-05   1.0835E+07   1.0047E+00   1.2515E+00   2.4972E-01   1.0616E+00   3.1851E-01  -2.6278E-01
    15   9.1425E+02   1.2796E+03   1.2543E-04   2.4166E+07   1.0048E+00   1.2920E+00   2.5064E-01   1.0654E+00   3.1851E-01  -3.8955E-01
    16   6.5304E+02   1.0519E+03   1.9445E-04   5.7615E+07   1.0048E+00   1.3327E+00   2.5148E-01   1.0689E+00   3.1851E-01  -5.9003E-01
    17   5.0621E+02   8.4401E+02   2.8129E-04   1.1951E+08   1.0049E+00   1.3719E+00   2.5221E-01   1.0720E+00   3.1851E-01  -9.6833E-01
    18   4.1720E+02   6.6827E+02   3.8515E-04   2.2221E+08   1.0049E+00   1.4100E+00   2.5292E-01   1.0750E+00   3.1851E-01  -1.3692E+00
    19   3.5870E+02   5.2406E+02   5.0780E-04   3.8331E+08   1.0048E+00   1.4387E+00   2.5351E-01   1.0776E+00   3.1851E-01  -1.7629E+00
    20   3.1794E+02   4.0801E+02   6.5170E-04   6.2666E+08   1.0047E+00   1.4608E+00   2.5403E-01   1.0799E+00   3.1851E-01  -2.2432E+00
    21   2.8825E+02   3.1589E+02   8.2011E-04   9.8474E+08   1.0046E+00   1.4853E+00   2.5473E-01   1.0830E+00   3.1851E-01  -2.8383E+00
    22   2.6587E+02   2.4347E+02   1.0174E-03   1.5018E+09   1.0045E+00   1.5167E+00   2.5578E-01   1.0875E+00   3.1851E-01  -3.5399E+00
    23   2.4852E+02   1.8697E+02   1.2491E-03   2.2383E+09   1.0043E+00   1.5498E+00   2.5714E-01   1.0935E+00   3.1851E-01  -4.3657E+00
    24   2.3474E+02   1.4311E+02   1.5226E-03   3.2776E+09   1.0042E+00   1.5859E+00   2.5873E-01   1.1005E+00   3.1851E-01  -5.3425E+00
    25   2.2356E+02   1.0922E+02   1.8475E-03   4.7349E+09   1.0040E+00   1.6264E+00   2.6049E-01   1.1082E+00   3.1851E-01  -6.3522E+00
    26   2.1429E+02   8.3112E+01   2.2372E-03   6.7720E+09   1.0037E+00   1.6559E+00   2.6235E-01   1.1164E+00   3.1851E-01  -7.3996E+00
    27   2.0644E+02   6.3032E+01   2.7119E-03   9.6216E+09   1.0034E+00   1.6793E+00   2.6436E-01   1.1253E+00   3.1851E-01  -8.7399E+00
    28   1.9958E+02   4.7591E+01   3.3053E-03   1.3634E+10   1.0031E+00   1.7225E+00   2.6673E-01   1.1357E+00   3.1851E-01  -1.0133E+01
    29   1.9331E+02   3.5663E+01   4.0864E-03   1.9395E+10   1.0027E+00   1.7743E+00   2.6949E-01   1.1479E+00   3.1851E-01  -1.0593E+01
    30   1.7821E+02   1.9107E+01   7.5786E-03   4.2594E+10   1.0019E+00   1.8722E+00   2.7703E-01   1.1810E+00   3.1851E-01  -9.4151E+00
    31   1.7612E+02   1.7707E+01   8.3114E-03   4.7058E+10   1.0018E+00   1.8849E+00   2.7804E-01   1.1854E+00   3.1851E-01  -1.7685E+01
    32   1.7558E+02   1.4996E+01   8.5253E-03   5.5908E+10   1.0015E+00   1.9179E+00   2.7933E-01   1.1913E+00   3.1851E-01  -1.1967E+02
    33   1.7529E+02   1.1956E+01   8.6680E-03   7.0360E+10   1.0011E+00   1.9585E+00   2.7603E-01   1.1776E+00   3.1851E-01  -2.1474E+02
    34   1.7508E+02   9.2571E+00   8.7973E-03   9.1084E+10   1.0011E+00   1.9465E+00   2.7679E-01   1.1809E+00   3.1851E-01  -4.0817E+02
    35   1.7503E+02   8.0266E+00   8.8386E-03   1.0511E+11   1.0011E+00   1.9434E+00   2.7692E-01   1.1815E+00   3.4921E-01  -4.6580E+02
    36   1.7498E+02   7.0972E+00   8.8856E-03   1.1895E+11   1.0011E+00   1.9425E+00   2.7694E-01   1.1816E+00   3.4730E-01  -4.1794E+02
    37   1.7492E+02   6.3372E+00   8.9385E-03   1.3330E+11   1.0011E+00   1.9415E+00   2.7697E-01   1.1817E+00   3.4491E-01  -3.9036E+02
    38   1.7487E+02   5.6929E+00   8.9975E-03   1.4847E+11   1.0011E+00   1.9405E+00   2.7700E-01   1.1818E+00   3.4204E-01  -3.7268E+02
    39   1.7482E+02   5.1346E+00   9.0631E-03   1.6472E+11   1.0011E+00   1.9393E+00   2.7703E-01   1.1819E+00   3.3870E-01  -3.6080E+02
    40   1.7476E+02   4.6435E+00   9.1357E-03   1.8225E+11   1.0011E+00   1.9380E+00   2.7706E-01   1.1821E+00   3.3485E-01  -3.5269E+02
    41   1.7471E+02   4.2070E+00   9.2160E-03   2.0128E+11   1.0011E+00   1.9365E+00   2.7710E-01   1.1822E+00   3.3048E-01  -3.4719E+02
    42   1.7466E+02   3.8108E+00   9.3045E-03   2.2234E+11   1.0011E+00   1.9322E+00   2.7745E-01   1.1837E+00   3.2702E-01  -3.4277E+02
    43   1.7460E+02   3.4459E+00   9.4024E-03   2.4604E+11   1.0011E+00   1.9225E+00   2.7842E-01   1.1879E+00   3.2598E-01  -3.3809E+02
    44   1.7455E+02   3.1175E+00   9.5105E-03   2.7211E+11   1.0011E+00   1.9114E+00   2.8017E-01   1.1953E+00   3.3373E-01  -3.2935E+02
    45   1.7450E+02   2.8283E+00   9.6304E-03   3.0012E+11   1.0011E+00   1.8991E+00   2.8300E-01   1.2074E+00   3.5604E-01  -3.1567E+02
    46   1.7445E+02   2.5824E+00   9.7625E-03   3.2890E+11   1.0011E+00   1.8912E+00   2.8502E-01   1.2161E+00   3.8239E-01  -3.0102E+02
    47   1.7439E+02   2.3678E+00   9.9074E-03   3.5892E+11   1.0010E+00   1.8832E+00   2.8716E-01   1.2252E+00   4.0917E-01  -2.8770E+02
    48   1.7434E+02   2.1827E+00   1.0066E-02   3.8959E+11   1.0010E+00   1.8790E+00   2.8891E-01   1.2327E+00   4.2546E-01  -2.7757E+02
    49   1.7429E+02   2.0169E+00   1.0238E-02   4.2186E+11   1.0010E+00   1.8744E+00   2.9082E-01   1.2408E+00   4.4324E-01  -2.6824E+02
    50   1.7424E+02   1.8693E+00   1.0425E-02   4.5544E+11   1.0010E+00   1.8705E+00   2.9263E-01   1.2486E+00   4.5849E-01  -2.6040E+02
    51   1.7419E+02   1.7366E+00   1.0627E-02   4.9054E+11   1.0010E+00   1.8676E+00   2.9426E-01   1.2555E+00   4.7038E-01  -2.5397E+02
    52   1.7414E+02   1.6160E+00   1.0846E-02   5.2745E+11   1.0010E+00   1.8644E+00   2.9603E-01   1.2631E+00   4.8333E-01  -2.4736E+02
    53   1.7408E+02   1.5065E+00   1.1082E-02   5.6613E+11   1.0010E+00   1.8610E+00   2.9789E-01   1.2710E+00   4.9673E-01  -2.4123E+02
    54   1.7403E+02   1.4070E+00   1.1336E-02   6.0653E+11   1.0010E+00   1.8581E+00   2.9936E-01   1.2773E+00   5.0560E-01  -2.3625E+02
    55   1.7398E+02   1.3155E+00   1.1608E-02   6.4907E+11   1.0010E+00   1.8549E+00   3.0095E-01   1.2841E+00   5.1492E-01  -2.3159E+02
    56   1.7393E+02   1.2315E+00   1.1901E-02   6.9375E+11   1.0010E+00   1.8516E+00   3.0266E-01   1.2914E+00   5.2495E-01  -2.2666E+02
    57   1.7388E+02   1.1544E+00   1.2215E-02   7.4054E+11   1.0010E+00   1.8480E+00   3.0447E-01   1.2991E+00   5.3562E-01  -2.2195E+02
    58   1.7383E+02   1.0837E+00   1.2552E-02   7.8930E+11   1.0010E+00   1.8449E+00   3.0585E-01   1.3050E+00   5.4280E-01  -2.1804E+02
    59   1.7378E+02   1.0183E+00   1.2911E-02   8.4051E+11   1.0010E+00   1.8416E+00   3.0733E-01   1.3113E+00   5.5048E-01  -2.1433E+02
    60   1.7373E+02   9.5768E-01   1.3294E-02   8.9421E+11   1.0010E+00   1.8381E+00   3.0890E-01   1.3180E+00   5.5868E-01  -2.1039E+02
    61   1.7368E+02   9.0161E-01   1.3703E-02   9.5037E+11   1.0010E+00   1.8343E+00   3.1058E-01   1.3252E+00   5.6744E-01  -2.0624E+02
    62   1.7363E+02   8.4989E-01   1.4140E-02   1.0088E+12   1.0010E+00   1.8307E+00   3.1227E-01   1.3324E+00   5.7607E-01  -2.0240E+02
    63   1.7358E+02   8.0252E-01   1.4604E-02   1.0690E+12   1.0010E+00   1.8285E+00   3.1361E-01   1.3382E+00   5.8224E-01  -1.9925E+02
    64   1.7353E+02   7.5837E-01   1.5096E-02   1.1318E+12   1.0010E+00   1.8261E+00   3.1504E-01   1.3442E+00   5.8863E-01  -1.9627E+02
    65   1.7348E+02   7.1718E-01   1.5620E-02   1.1975E+12   1.0010E+00   1.8235E+00   3.1655E-01   1.3507E+00   5.9502E-01  -1.9323E+02
    66   1.7343E+02   6.7877E-01   1.6175E-02   1.2660E+12   1.0010E+00   1.8208E+00   3.1816E-01   1.3576E+00   6.0179E-01  -1.9004E+02
    67   1.7338E+02   6.4294E-01   1.6765E-02   1.3374E+12   1.0010E+00   1.8179E+00   3.1986E-01   1.3648E+00   6.0897E-01  -1.8673E+02
    68   1.7333E+02   6.0991E-01   1.7389E-02   1.4106E+12   1.0010E+00   1.8160E+00   3.2144E-01   1.3716E+00   6.1476E-01  -1.8414E+02
    69   1.7328E+02   5.7935E-01   1.8050E-02   1.4859E+12   1.0010E+00   1.8156E+00   3.2280E-01   1.3774E+00   6.1845E-01  -1.8233E+02
    70   1.7323E+02   5.5059E-01   1.8748E-02   1.5644E+12   1.0009E+00   1.8151E+00   3.2424E-01   1.3835E+00   6.2233E-01  -1.8054E+02
    71   1.7318E+02   5.2352E-01   1.9486E-02   1.6462E+12   1.0009E+00   1.8145E+00   3.2576E-01   1.3900E+00   6.2642E-01  -1.7866E+02
    72   1.7313E+02   4.9804E-01   2.0267E-02   1.7314E+12   1.0009E+00   1.8140E+00   3.2737E-01   1.3969E+00   6.3072E-01  -1.7667E+02
    73   1.7308E+02   4.7406E-01   2.1091E-02   1.8201E+12   1.0009E+00   1.8134E+00   3.2907E-01   1.4042E+00   6.3525E-01  -1.7458E+02
    74   1.7303E+02   4.5150E-01   2.1961E-02   1.9121E+12   1.0009E+00   1.8127E+00   3.3086E-01   1.4118E+00   6.4003E-01  -1.7249E+02
    75   1.7298E+02   4.3054E-01   2.2880E-02   2.0063E+12   1.0009E+00   1.8133E+00   3.3243E-01   1.4185E+00   6.4319E-01  -1.7102E+02
    76   1.7293E+02   4.1084E-01   2.3848E-02   2.1037E+12   1.0009E+00   1.8145E+00   3.3387E-01   1.4247E+00   6.4527E-01  -1.7005E+02
    77   1.7288E+02   3.9217E-01   2.4868E-02   2.2052E+12   1.0009E+00   1.8159E+00   3.3539E-01   1.4311E+00   6.4776E-01  -1.6893E+02
    78   1.7283E+02   3.7450E-01   2.5943E-02   2.3106E+12   1.0009E+00   1.8173E+00   3.3698E-01   1.4379E+00   6.5063E-01  -1.6772E+02
    79   1.7278E+02   3.5775E-01   2.7076E-02   2.4201E+12   1.0009E+00   1.8189E+00   3.3867E-01   1.4451E+00   6.5298E-01  -1.6661E+02
    80   1.7273E+02   3.4187E-01   2.8269E-02   2.5340E+12   1.0009E+00   1.8204E+00   3.4044E-01   1.4527E+00   6.5543E-01  -1.6552E+02
    81   1.7268E+02   3.2682E-01   2.9526E-02   2.6523E+12   1.0009E+00   1.8221E+00   3.4231E-01   1.4607E+00   6.5799E-01  -1.6439E+02
    82   1.7263E+02   3.1258E-01   3.0850E-02   2.7747E+12   1.0009E+00   1.8241E+00   3.4411E-01   1.4683E+00   6.6014E-01  -1.6352E+02
    83   1.7258E+02   2.9911E-01   3.2242E-02   2.9013E+12   1.0009E+00   1.8267E+00   3.4564E-01   1.4749E+00   6.6128E-01  -1.6299E+02
    84   1.7253E+02   2.8628E-01   3.3707E-02   3.0331E+12   1.0009E+00   1.8294E+00   3.4725E-01   1.4818E+00   6.6245E-01  -1.6251E+02
    85   1.7248E+02   2.7406E-01   3.5247E-02   3.1702E+12   1.0009E+00   1.8322E+00   3.4895E-01   1.4890E+00   6.6365E-01  -1.6202E+02
    86   1.7243E+02   2.6241E-01   3.6868E-02   3.3128E+12   1.0009E+00   1.8352E+00   3.5073E-01   1.4966E+00   6.6489E-01  -1.6151E+02
    87   1.7238E+02   2.5132E-01   3.8573E-02   3.4610E+12   1.0009E+00   1.8383E+00   3.5261E-01   1.5046E+00   6.6618E-01  -1.6098E+02
    88   1.7233E+02   2.4076E-01   4.0367E-02   3.6150E+12   1.0009E+00   1.8416E+00   3.5458E-01   1.5130E+00   6.6751E-01  -1.6044E+02
    89   1.7228E+02   2.3070E-01   4.2255E-02   3.7749E+12   1.0009E+00   1.8451E+00   3.5647E-01   1.5211E+00   6.6861E-01  -1.6003E+02
    90   1.7223E+02   2.2109E-01   4.4239E-02   3.9413E+12   1.0009E+00   1.8487E+00   3.5813E-01   1.5282E+00   6.6928E-01  -1.5977E+02
    91   1.7218E+02   2.1192E-01   4.6324E-02   4.1143E+12   1.0009E+00   1.8524E+00   3.5988E-01   1.5357E+00   6.6995E-01  -1.5953E+02
    92   1.7212E+02   2.0316E-01   4.8516E-02   4.2942E+12   1.0009E+00   1.8564E+00   3.6172E-01   1.5435E+00   6.7064E-01  -1.5929E+02
    93   1.7207E+02   1.9480E-01   5.0821E-02   4.4812E+12   1.0009E+00   1.8606E+00   3.6366E-01   1.5518E+00   6.7134E-01  -1.5903E+02
    94   1.7202E+02   1.8681E-01   5.3244E-02   4.6754E+12   1.0009E+00   1.8650E+00   3.6569E-01   1.5605E+00   6.7222E-01  -1.5863E+02
    95   1.7197E+02   1.7921E-01   5.5793E-02   4.8768E+12   1.0009E+00   1.8696E+00   3.6783E-01   1.5696E+00   6.7383E-01  -1.5806E+02
    96   1.7192E+02   1.7193E-01   5.8473E-02   5.0861E+12   1.0009E+00   1.8742E+00   3.6975E-01   1.5778E+00   6.7481E-01  -1.5766E+02
    97   1.7187E+02   1.6497E-01   6.1289E-02   5.3039E+12   1.0009E+00   1.8788E+00   3.7159E-01   1.5856E+00   6.7536E-01  -1.5747E+02
    98   1.7182E+02   1.5832E-01   6.4248E-02   5.5301E+12   1.0009E+00   1.8837E+00   3.7353E-01   1.5939E+00   6.7591E-01  -1.5730E+02
    99   1.7177E+02   1.5196E-01   6.7357E-02   5.7649E+12   1.0009E+00   1.8888E+00   3.7556E-01   1.6026E+00   6.7645E-01  -1.5713E+02
   100   1.7171E+02   1.4589E-01   7.0624E-02   6.0086E+12   1.0009E+00   1.8942E+00   3.7770E-01   1.6117E+00   6.7698E-01  -1.5696E+02
   101   1.7166E+02   1.4008E-01   7.4059E-02   6.2615E+12   1.0009E+00   1.8999E+00   3.7994E-01   1.6213E+00   6.7751E-01  -1.5680E+02
   102   1.7161E+02   1.3453E-01   7.7671E-02   6.5239E+12   1.0009E+00   1.9058E+00   3.8227E-01   1.6312E+00   6.7804E-01  -1.5665E+02
   103   1.7156E+02   1.2918E-01   8.1468E-02   6.7983E+12   1.0009E+00   1.9114E+00   3.8418E-01   1.6393E+00   6.7854E-01  -1.5649E+02
   104   1.7150E+02   1.2406E-01   8.5455E-02   7.0830E+12   1.0009E+00   1.9172E+00   3.8619E-01   1.6479E+00   6.7904E-01  -1.5634E+02
   105   1.7145E+02   1.1917E-01   8.9644E-02   7.3782E+12   1.0009E+00   1.9233E+00   3.8830E-01   1.6569E+00   6.7952E-01  -1.5620E+02
   106   1.7140E+02   1.1449E-01   9.4046E-02   7.6843E+12   1.0009E+00   1.9298E+00   3.9051E-01   1.6663E+00   6.8000E-01  -1.5606E+02
   107   1.7135E+02   1.1002E-01   9.8672E-02   8.0014E+12   1.0009E+00   1.9366E+00   3.9284E-01   1.6763E+00   6.8047E-01  -1.5593E+02
   108   1.7129E+02   1.0575E-01   1.0354E-01   8.3300E+12   1.0009E+00   1.9437E+00   3.9529E-01   1.6867E+00   6.8092E-01  -1.5580E+02
   109   1.7124E+02   1.0164E-01   1.0865E-01   8.6723E+12   1.0009E+00   1.9507E+00   3.9753E-01   1.6963E+00   6.8145E-01  -1.5564E+02
   110   1.7119E+02   9.7687E-02   1.1402E-01   9.0287E+12   1.0009E+00   1.9576E+00   3.9961E-01   1.7052E+00   6.8205E-01  -1.5544E+02
   111   1.7113E+02   9.3911E-02   1.1966E-01   9.3977E+12   1.0010E+00   1.9649E+00   4.0180E-01   1.7145E+00   6.8264E-01  -1.5525E+02
   112   1.7108E+02   9.0301E-02   1.2559E-01   9.7796E+12   1.0010E+00   1.9725E+00   4.0409E-01   1.7243E+00   6.8322E-01  -1.5504E+02
   113   1.7102E+02   8.6851E-02   1.3181E-01   1.0175E+13   1.0010E+00   1.9805E+00   4.0650E-01   1.7345E+00   6.8430E-01  -1.5461E+02
   114   1.7097E+02   8.3563E-02   1.3835E-01   1.0582E+13   1.0010E+00   1.9889E+00   4.0903E-01   1.7454E+00   6.8589E-01  -1.5402E+02
   115   1.7092E+02   8.0426E-02   1.4523E-01   1.1001E+13   1.0010E+00   1.9977E+00   4.1165E-01   1.7565E+00   6.8677E-01  -1.5363E+02
   116   1.7086E+02   7.7388E-02   1.5245E-01   1.1441E+13   1.0010E+00   2.0058E+00   4.1380E-01   1.7657E+00   6.8755E-01  -1.5335E+02
   117   1.7081E+02   7.4484E-02   1.6003E-01   1.1894E+13   1.0010E+00   2.0144E+00   4.1606E-01   1.7753E+00   6.8834E-01  -1.5306E+02
   118   1.7075E+02   7.1709E-02   1.6799E-01   1.2363E+13   1.0010E+00   2.0233E+00   4.1843E-01   1.7854E+00   6.8911E-01  -1.5278E+02
   119   1.7069E+02   6.9056E-02   1.7634E-01   1.2846E+13   1.0010E+00   2.0328E+00   4.2091E-01   1.7960E+00   6.8987E-01  -1.5251E+02
   120   1.7064E+02   6.6521E-02   1.8512E-01   1.3344E+13   1.0010E+00   2.0426E+00   4.2353E-01   1.8071E+00   6.9062E-01  -1.5224E+02
   121   1.7058E+02   6.4097E-02   1.9433E-01   1.3858E+13   1.0010E+00   2.0529E+00   4.2627E-01   1.8188E+00   6.9137E-01  -1.5197E+02
   122   1.7053E+02   6.1757E-02   2.0401E-01   1.4392E+13   1.0010E+00   2.0630E+00   4.2874E-01   1.8294E+00   6.9226E-01  -1.5162E+02
   123   1.7047E+02   5.9506E-02   2.1417E-01   1.4947E+13   1.0010E+00   2.0730E+00   4.3106E-01   1.8393E+00   6.9328E-01  -1.5122E+02
   124   1.7041E+02   5.7356E-02   2.2483E-01   1.5517E+13   1.0010E+00   2.0835E+00   4.3349E-01   1.8496E+00   6.9430E-01  -1.5083E+02
   125   1.7036E+02   5.5301E-02   2.3601E-01   1.6105E+13   1.0010E+00   2.0945E+00   4.3604E-01   1.8605E+00   6.9531E-01  -1.5043E+02
   126   1.7030E+02   5.3337E-02   2.4775E-01   1.6709E+13   1.0010E+00   2.1059E+00   4.3872E-01   1.8719E+00   6.9632E-01  -1.5003E+02
   127   1.7024E+02   5.1461E-02   2.6007E-01   1.7330E+13   1.0010E+00   2.1179E+00   4.4152E-01   1.8839E+00   6.9733E-01  -1.4963E+02
   128   1.7018E+02   4.9665E-02   2.7300E-01   1.7969E+13   1.0010E+00   2.1303E+00   4.4441E-01   1.8962E+00   6.9839E-01  -1.4920E+02
   129   1.7012E+02   4.7919E-02   2.8657E-01   1.8636E+13   1.0010E+00   2.1419E+00   4.4686E-01   1.9066E+00   6.9976E-01  -1.4863E+02
   130   1.7006E+02   4.6252E-02   3.0079E-01   1.9322E+13   1.0010E+00   2.1541E+00   4.4943E-01   1.9176E+00   7.0116E-01  -1.4804E+02
   131   1.7001E+02   4.4660E-02   3.1571E-01   2.0024E+13   1.0010E+00   2.1667E+00   4.5212E-01   1.9290E+00   7.0257E-01  -1.4745E+02
   132   1.6995E+02   4.3140E-02   3.3136E-01   2.0744E+13   1.0010E+00   2.1799E+00   4.5494E-01   1.9411E+00   7.0399E-01  -1.4684E+02
   133   1.6989E+02   4.1689E-02   3.4777E-01   2.1481E+13   1.0011E+00   2.1937E+00   4.5790E-01   1.9537E+00   7.0545E-01  -1.4610E+02
   134   1.6983E+02   4.0306E-02   3.6497E-01   2.2234E+13   1.0011E+00   2.2081E+00   4.6101E-01   1.9669E+00   7.0798E-01  -1.4510E+02
   135   1.6977E+02   3.8976E-02   3.8302E-01   2.3010E+13   1.0011E+00   2.2222E+00   4.6397E-01   1.9795E+00   7.1044E-01  -1.4403E+02
   136   1.6970E+02   3.7694E-02   4.0193E-01   2.3809E+13   1.0011E+00   2.2361E+00   4.6681E-01   1.9916E+00   7.1240E-01  -1.4310E+02
   137   1.6964E+02   3.6472E-02   4.2174E-01   2.4625E+13   1.0011E+00   2.2506E+00   4.6978E-01   2.0043E+00   7.1437E-01  -1.4222E+02
   138   1.6958E+02   3.5306E-02   4.4249E-01   2.5456E+13   1.0011E+00   2.2656E+00   4.7290E-01   2.0175E+00   7.1635E-01  -1.4134E+02
   139   1.6952E+02   3.4194E-02   4.6423E-01   2.6304E+13   1.0011E+00   2.2813E+00   4.7616E-01   2.0314E+00   7.1835E-01  -1.4045E+02
   140   1.6946E+02   3.3133E-02   4.8700E-01   2.7166E+13   1.0012E+00   2.2976E+00   4.7957E-01   2.0459E+00   7.2038E-01  -1.3954E+02
   141   1.6939E+02   3.2120E-02   5.1085E-01   2.8043E+13   1.0012E+00   2.3145E+00   4.8315E-01   2.0612E+00   7.2245E-01  -1.3858E+02
   142   1.6933E+02   3.1134E-02   5.3583E-01   2.8953E+13   1.0012E+00   2.3304E+00   4.8643E-01   2.0751E+00   7.2500E-01  -1.3743E+02
   143   1.6927E+02   3.0192E-02   5.6198E-01   2.9879E+13   1.0013E+00   2.3468E+00   4.8980E-01   2.0894E+00   7.2767E-01  -1.3620E+02
   144   1.6920E+02   2.9295E-02   5.8933E-01   3.0818E+13   1.0013E+00   2.3637E+00   4.9333E-01   2.1043E+00   7.3038E-01  -1.3495E+02
   145   1.6914E+02   2.8441E-02   6.1795E-01   3.1768E+13   1.0014E+00   2.3812E+00   4.9702E-01   2.1199E+00   7.3312E-01  -1.3368E+02
   146   1.6907E+02   2.7627E-02   6.4790E-01   3.2729E+13   1.0014E+00   2.3994E+00   5.0088E-01   2.1363E+00   7.3591E-01  -1.3238E+02
   147   1.6901E+02   2.6853E-02   6.7922E-01   3.3699E+13   1.0014E+00   2.4182E+00   5.0491E-01   2.1534E+00   7.3877E-01  -1.3105E+02
   148   1.6894E+02   2.6113E-02   7.1198E-01   3.4681E+13   1.0015E+00   2.4374E+00   5.0906E-01   2.1710E+00   7.4176E-01  -1.2963E+02
   149   1.6887E+02   2.5393E-02   7.4623E-01   3.5692E+13   1.0017E+00   2.4556E+00   5.1298E-01   2.1873E+00   7.4524E-01  -1.2800E+02
   150   1.6880E+02   2.4710E-02   7.8201E-01   3.6708E+13   1.0018E+00   2.4743E+00   5.1706E-01   2.2044E+00   7.4894E-01  -1.2627E+02
   151   1.6874E+02   2.4062E-02   8.1939E-01   3.7728E+13   1.0020E+00   2.4937E+00   5.2132E-01   2.2222E+00   7.5261E-01  -1.2451E+02
   152   1.6867E+02   2.3446E-02   8.5842E-01   3.8750E+13   1.0021E+00   2.5136E+00   5.2577E-01   2.2409E+00   7.5632E-01  -1.2274E+02
   153   1.6860E+02   2.2862E-02   8.9917E-01   3.9772E+13   1.0023E+00   2.5341E+00   5.3040E-01   2.2603E+00   7.6009E-01  -1.2094E+02
   154   1.6853E+02   2.2308E-02   9.4170E-01   4.0794E+13   1.0024E+00   2.5552E+00   5.3524E-01   2.2806E+00   7.6391E-01  -1.1911E+02
   155   1.6846E+02   2.1779E-02   9.8609E-01   4.1820E+13   1.0026E+00   2.5765E+00   5.4013E-01   2.3009E+00   7.6794E-01  -1.1715E+02
   156   1.6839E+02   2.1268E-02   1.0324E+00   4.2860E+13   1.0032E+00   2.5967E+00   5.4480E-01   2.3196E+00   7.7247E-01  -1.1499E+02
   157   1.6832E+02   2.0785E-02   1.0806E+00   4.3893E+13   1.0037E+00   2.6174E+00   5.4966E-01   2.3390E+00   7.7706E-01  -1.1277E+02
   158   1.6824E+02   2.0329E-02   1.1308E+00   4.4917E+13   1.0042E+00   2.6386E+00   5.5470E-01   2.3593E+00   7.8169E-01  -1.1052E+02
   159   1.6817E+02   1.9897E-02   1.1831E+00   4.5930E+13   1.0047E+00   2.6604E+00   5.5993E-01   2.3804E+00   7.8638E-01  -1.0822E+02
   160   1.6810E+02   1.9491E-02   1.2375E+00   4.6929E+13   1.0052E+00   2.6826E+00   5.6537E-01   2.4023E+00   7.9153E-01  -1.0576E+02
   161   1.6803E+02   1.9108E-02   1.2941E+00   4.7910E+13   1.0057E+00   2.7054E+00   5.7101E-01   2.4250E+00   7.9659E-01  -1.0331E+02
   162   1.6795E+02   1.8748E-02   1.3530E+00   4.8876E+13   1.0064E+00   2.7282E+00   5.7668E-01   2.4474E+00   8.0140E-01  -1.0090E+02
   163   1.6788E+02   1.8405E-02   1.4141E+00   4.9830E+13   1.0080E+00   2.7498E+00   5.8185E-01   2.4655E+00   8.0662E-01  -9.8376E+01
   164   1.6780E+02   1.8083E-02   1.4775E+00   5.0762E+13   1.0096E+00   2.7718E+00   5.8717E-01   2.4841E+00   8.1195E-01  -9.5777E+01
   165   1.6772E+02   1.7782E-02   1.5433E+00   5.1670E+13   1.0112E+00   2.7942E+00   5.9266E-01   2.5034E+00   8.1721E-01  -9.3173E+01
   166   1.6765E+02   1.7499E-02   1.6114E+00   5.2554E+13   1.0127E+00   2.8168E+00   5.9831E-01   2.5233E+00   8.2244E-01  -9.0595E+01
   167   1.6757E+02   1.7234E-02   1.6819E+00   5.3411E+13   1.0143E+00   2.8398E+00   6.0413E-01   2.5438E+00   8.2765E-01  -8.8027E+01
   168   1.6749E+02   1.6987E-02   1.7550E+00   5.4240E+13   1.0159E+00   2.8632E+00   6.1012E-01   2.5650E+00   8.3282E-01  -8.5471E+01
   169   1.6741E+02   1.6755E-02   1.8305E+00   5.5040E+13   1.0175E+00   2.8868E+00   6.1629E-01   2.5869E+00   8.3796E-01  -8.2901E+01
   170   1.6733E+02   1.6551E-02   1.9085E+00   5.5774E+13   1.0212E+00   2.9097E+00   6.2147E-01   2.5993E+00   8.4320E-01  -8.0344E+01
   171   1.6725E+02   1.6363E-02   1.9890E+00   5.6468E+13   1.0253E+00   2.9325E+00   6.2654E-01   2.6101E+00   8.4835E-01  -7.7793E+01
   172   1.6717E+02   1.6189E-02   2.0719E+00   5.7129E+13   1.0294E+00   2.9556E+00   6.3172E-01   2.6211E+00   8.5341E-01  -7.5275E+01
   173   1.6709E+02   1.6029E-02   2.1573E+00   5.7757E+13   1.0336E+00   2.9787E+00   6.3700E-01   2.6323E+00   8.5840E-01  -7.2793E+01
   174   1.6700E+02   1.5882E-02   2.2452E+00   5.8351E+13   1.0378E+00   3.0021E+00   6.4238E-01   2.6438E+00   8.6330E-01  -7.0350E+01
   175   1.6692E+02   1.5747E-02   2.3356E+00   5.8912E+13   1.0420E+00   3.0256E+00   6.4786E-01   2.6555E+00   8.6812E-01  -6.7948E+01
   176   1.6683E+02   1.5623E-02   2.4286E+00   5.9438E+13   1.0463E+00   3.0492E+00   6.5344E-01   2.6675E+00   8.7285E-01  -6.5587E+01
   177   1.6675E+02   1.5511E-02   2.5241E+00   5.9930E+13   1.0506E+00   3.0729E+00   6.5911E-01   2.6796E+00   8.7748E-01  -6.3445E+01
   178   1.6666E+02   1.5422E-02   2.6220E+00   6.0338E+13   1.0573E+00   3.0960E+00   6.6283E-01   2.6775E+00   8.8046E-01  -6.1800E+01
   179   1.6658E+02   1.5340E-02   2.7221E+00   6.0724E+13   1.0642E+00   3.1190E+00   6.6656E-01   2.6751E+00   8.8335E-01  -6.0392E+01
   180   1.6649E+02   1.5264E-02   2.8246E+00   6.1090E+13   1.0712E+00   3.1421E+00   6.7035E-01   2.6727E+00   8.8620E-01  -5.8989E+01
   181   1.6640E+02   1.5195E-02   2.9293E+00   6.1435E+13   1.0784E+00   3.1651E+00   6.7418E-01   2.6703E+00   8.8900E-01  -5.7606E+01
   182   1.6631E+02   1.5131E-02   3.0364E+00   6.1760E+13   1.0856E+00   3.1882E+00   6.7807E-01   2.6678E+00   8.9175E-01  -5.6246E+01
   183   1.6622E+02   1.5074E-02   3.1458E+00   6.2064E+13   1.0929E+00   3.2112E+00   6.8200E-01   2.6654E+00   8.9446E-01  -5.4910E+01
   184   1.6612E+02   1.5022E-02   3.2575E+00   6.2348E+13   1.1003E+00   3.2342E+00   6.8597E-01   2.6629E+00   8.9710E-01  -5.3600E+01
   185   1.6603E+02   1.4975E-02   3.3716E+00   6.2612E+13   1.1078E+00   3.2572E+00   6.8999E-01   2.6604E+00   8.9969E-01  -5.2374E+01
   186   1.6594E+02   1.4929E-02   3.4881E+00   6.2877E+13   1.1148E+00   3.2799E+00   6.9286E-01   2.6545E+00   9.0094E-01  -5.1940E+01
   187   1.6584E+02   1.4872E-02   3.6064E+00   6.3188E+13   1.1209E+00   3.3023E+00   6.9332E-01   2.6417E+00   8.9969E-01  -5.2428E+01
   188   1.6575E+02   1.4812E-02   3.7267E+00   6.3519E+13   1.1271E+00   3.3246E+00   6.9376E-01   2.6289E+00   8.9843E-01  -5.3146E+01
   189   1.6565E+02   1.4748E-02   3.8488E+00   6.3868E+13   1.1333E+00   3.3467E+00   6.9418E-01   2.6161E+00   8.9715E-01  -5.3877E+01
   190   1.6555E+02   1.4681E-02   3.9728E+00   6.4237E+13   1.1396E+00   3.3686E+00   6.9458E-01   2.6032E+00   8.9584E-01  -5.4623E+01
   191   1.6545E+02   1.4610E-02   4.0989E+00   6.4625E+13   1.1459E+00   3.3905E+00   6.9496E-01   2.5902E+00   8.9452E-01  -5.5384E+01
   192   1.6535E+02   1.4536E-02   4.2270E+00   6.5033E+13   1.1523E+00   3.4122E+00   6.9532E-01   2.5772E+00   8.9316E-01  -5.6161E+01
   193   1.6525E+02   1.4459E-02   4.3572E+00   6.5462E+13   1.1588E+00   3.4339E+00   6.9567E-01   2.5640E+00   8.9178E-01  -5.6954E+01
   194   1.6515E+02   1.4378E-02   4.4895E+00   6.5911E+13   1.1653E+00   3.4554E+00   6.9599E-01   2.5509E+00   8.9037E-01  -5.7826E+01
   195   1.6505E+02   1.4293E-02   4.6241E+00   6.6384E+13   1.1719E+00   3.4769E+00   6.9629E-01   2.5376E+00   8.8878E-01  -5.8716E+01
   196   1.6494E+02   1.4193E-02   4.7609E+00   6.6936E+13   1.1767E+00   3.4983E+00   6.9549E-01   2.5244E+00   8.8646E-01  -5.9965E+01
   197   1.6484E+02   1.4076E-02   4.8998E+00   6.7581E+13   1.1798E+00   3.5196E+00   6.9365E-01   2.5111E+00   8.8335E-01  -6.1648E+01
   198   1.6473E+02   1.3951E-02   5.0408E+00   6.8270E+13   1.1829E+00   3.5408E+00   6.9176E-01   2.4977E+00   8.8029E-01  -6.3340E+01
   199   1.6463E+02   1.3821E-02   5.1839E+00   6.9003E+13   1.1860E+00   3.5620E+00   6.8981E-01   2.4842E+00   8.7729E-01  -6.5011E+01
   200   1.6452E+02   1.3685E-02   5.3292E+00   6.9781E+13   1.1891E+00   3.5830E+00   6.8780E-01   2.4705E+00   8.7433E-01  -6.6662E+01
   201   1.6441E+02   1.3543E-02   5.4768E+00   7.0604E+13   1.1922E+00   3.6039E+00   6.8573E-01   2.4566E+00   8.7141E-01  -6.8297E+01
   202   1.6430E+02   1.3395E-02   5.6268E+00   7.1474E+13   1.1953E+00   3.6248E+00   6.8360E-01   2.4426E+00   8.6852E-01  -6.9918E+01
   203   1.6419E+02   1.3243E-02   5.7793E+00   7.2391E+13   1.1984E+00   3.6457E+00   6.8140E-01   2.4285E+00   8.6566E-01  -7.1529E+01
   204   1.6408E+02   1.3087E-02   5.9345E+00   7.3357E+13   1.2015E+00   3.6664E+00   6.7914E-01   2.4142E+00   8.6283E-01  -7.3132E+01
   205   1.6397E+02   1.2925E-02   6.0923E+00   7.4372E+13   1.2046E+00   3.6872E+00   6.7681E-01   2.3997E+00   8.6002E-01  -7.4731E+01
   206   1.6386E+02   1.2760E-02   6.2529E+00   7.5438E+13   1.2077E+00   3.7079E+00   6.7441E-01   2.3851E+00   8.5722E-01  -7.6313E+01
   207   1.6375E+02   1.2587E-02   6.4164E+00   7.6583E+13   1.2099E+00   3.7289E+00   6.7243E-01   2.3738E+00   8.5476E-01  -7.7705E+01
   208   1.6364E+02   1.2407E-02   6.5831E+00   7.7800E+13   1.2111E+00   3.7502E+00   6.7091E-01   2.3660E+00   8.5277E-01  -7.8895E+01
   209   1.6352E+02   1.2225E-02   6.7533E+00   7.9065E+13   1.2123E+00   3.7716E+00   6.6933E-01   2.3581E+00   8.5082E-01  -8.0053E+01
   210   1.6341E+02   1.2042E-02   6.9268E+00   8.0378E+13   1.2135E+00   3.7930E+00   6.6770E-01   2.3500E+00   8.4889E-01  -8.1200E+01
   211   1.6329E+02   1.1858E-02   7.1040E+00   8.1741E+13   1.2147E+00   3.8145E+00   6.6602E-01   2.3418E+00   8.4698E-01  -8.2340E+01
   212   1.6318E+02   1.1673E-02   7.2848E+00   8.3156E+13   1.2159E+00   3.8360E+00   6.6428E-01   2.3334E+00   8.4509E-01  -8.3473E+01
   213   1.6306E+02   1.1487E-02   7.4695E+00   8.4624E+13   1.2171E+00   3.8576E+00   6.6249E-01   2.3249E+00   8.4322E-01  -8.4624E+01
   214   1.6294E+02   1.1300E-02   7.6580E+00   8.6148E+13   1.2183E+00   3.8793E+00   6.6064E-01   2.3161E+00   8.4085E-01  -8.5907E+01
   215   1.6283E+02   1.1112E-02   7.8507E+00   8.7735E+13   1.2194E+00   3.9011E+00   6.5873E-01   2.3073E+00   8.3888E-01  -8.7190E+01
   216   1.6271E+02   1.0923E-02   8.0475E+00   8.9382E+13   1.2205E+00   3.9229E+00   6.5676E-01   2.2982E+00   8.3694E-01  -8.8362E+01
   217   1.6259E+02   1.0734E-02   8.2487E+00   9.1092E+13   1.2217E+00   3.9448E+00   6.5472E-01   2.2890E+00   8.3504E-01  -8.9521E+01
   218   1.6247E+02   1.0544E-02   8.4544E+00   9.2865E+13   1.2228E+00   3.9669E+00   6.5263E-01   2.2796E+00   8.3317E-01  -9.0678E+01
   219   1.6235E+02   1.0354E-02   8.6647E+00   9.4712E+13   1.2236E+00   3.9893E+00   6.5109E-01   2.2728E+00   8.3121E-01  -9.1870E+01
   220   1.6222E+02   1.0164E-02   8.8802E+00   9.6633E+13   1.2240E+00   4.0122E+00   6.4998E-01   2.2680E+00   8.2923E-01  -9.3080E+01
   221   1.6210E+02   9.9732E-03   9.1010E+00   9.8626E+13   1.2245E+00   4.0353E+00   6.4883E-01   2.2631E+00   8.2731E-01  -9.4247E+01
   222   1.6198E+02   9.7834E-03   9.3273E+00   1.0069E+14   1.2250E+00   4.0585E+00   6.4764E-01   2.2581E+00   8.2579E-01  -9.5226E+01
   223   1.6185E+02   9.5953E-03   9.5594E+00   1.0282E+14   1.2254E+00   4.0819E+00   6.4641E-01   2.2530E+00   8.2470E-01  -9.6003E+01
   224   1.6173E+02   9.4089E-03   9.7973E+00   1.0502E+14   1.2259E+00   4.1056E+00   6.4514E-01   2.2477E+00   8.2367E-01  -9.6716E+01
   225   1.6160E+02   9.2246E-03   1.0041E+01   1.0729E+14   1.2263E+00   4.1294E+00   6.4382E-01   2.2423E+00   8.2270E-01  -9.7396E+01
   226   1.6148E+02   9.0424E-03   1.0292E+01   1.0962E+14   1.2268E+00   4.1533E+00   6.4246E-01   2.2368E+00   8.2179E-01  -9.8045E+01
   227   1.6135E+02   8.8624E-03   1.0548E+01   1.1202E+14   1.2272E+00   4.1775E+00   6.4106E-01   2.2312E+00   8.2095E-01  -9.8687E+01
   228   1.6122E+02   8.6846E-03   1.0812E+01   1.1450E+14   1.2276E+00   4.2019E+00   6.3961E-01   2.2254E+00   8.1975E-01  -9.9501E+01
   229   1.6110E+02   8.5082E-03   1.1082E+01   1.1706E+14   1.2280E+00   4.2265E+00   6.3812E-01   2.2194E+00   8.1825E-01  -1.0047E+02
   230   1.6097E+02   8.3333E-03   1.1359E+01   1.1971E+14   1.2284E+00   4.2513E+00   6.3657E-01   2.2133E+00   8.1681E-01  -1.0144E+02
   231   1.6084E+02   8.1600E-03   1.1644E+01   1.2245E+14   1.2288E+00   4.2764E+00   6.3506E-01   2.2074E+00   8.1513E-01  -1.0266E+02
   232   1.6071E+02   7.9874E-03   1.1936E+01   1.2530E+14   1.2290E+00   4.3021E+00   6.3378E-01   2.2026E+00   8.1238E-01  -1.0422E+02
   233   1.6057E+02   7.8150E-03   1.2237E+01   1.2827E+14   1.2292E+00   4.3281E+00   6.3247E-01   2.1977E+00   8.0976E-01  -1.0586E+02
   234   1.6044E+02   7.6432E-03   1.2546E+01   1.3137E+14   1.2294E+00   4.3543E+00   6.3112E-01   2.1926E+00   8.0717E-01  -1.0746E+02
   235   1.6031E+02   7.4721E-03   1.2863E+01   1.3460E+14   1.2296E+00   4.3808E+00   6.2972E-01   2.1874E+00   8.0469E-01  -1.0902E+02
   236   1.6017E+02   7.3020E-03   1.3190E+01   1.3797E+14   1.2298E+00   4.4076E+00   6.2827E-01   2.1821E+00   8.0232E-01  -1.1052E+02
   237   1.6004E+02   7.1332E-03   1.3526E+01   1.4147E+14   1.2299E+00   4.4348E+00   6.2678E-01   2.1766E+00   8.0005E-01  -1.1198E+02
   238   1.5990E+02   6.9657E-03   1.3873E+01   1.4512E+14   1.2301E+00   4.4622E+00   6.2524E-01   2.1709E+00   7.9786E-01  -1.1340E+02
   239   1.5977E+02   6.7998E-03   1.4229E+01   1.4891E+14   1.2303E+00   4.4900E+00   6.2365E-01   2.1651E+00   7.9575E-01  -1.1477E+02
   240   1.5963E+02   6.6356E-03   1.4596E+01   1.5286E+14   1.2305E+00   4.5181E+00   6.2201E-01   2.1591E+00   7.9373E-01  -1.1611E+02
   241   1.5949E+02   6.4733E-03   1.4975E+01   1.5696E+14   1.2306E+00   4.5466E+00   6.2031E-01   2.1529E+00   7.9178E-01  -1.1741E+02
   242   1.5935E+02   6.3131E-03   1.5365E+01   1.6123E+14   1.2308E+00   4.5754E+00   6.1855E-01   2.1465E+00   7.8991E-01  -1.1867E+02
   243   1.5921E+02   6.1549E-03   1.5767E+01   1.6566E+14   1.2309E+00   4.6046E+00   6.1674E-01   2.1400E+00   7.8812E-01  -1.2000E+02
   244   1.5907E+02   5.9988E-03   1.6182E+01   1.7028E+14   1.2310E+00   4.6344E+00   6.1557E-01   2.1357E+00   7.8555E-01  -1.2157E+02
   245   1.5893E+02   5.8442E-03   1.6611E+01   1.7509E+14   1.2311E+00   4.6645E+00   6.1447E-01   2.1317E+00   7.8296E-01  -1.2325E+02
   246   1.5879E+02   5.6913E-03   1.7054E+01   1.8012E+14   1.2312E+00   4.6952E+00   6.1333E-01   2.1276E+00   7.8048E-01  -1.2488E+02
   247   1.5864E+02   5.5402E-03   1.7512E+01   1.8537E+14   1.2313E+00   4.7263E+00   6.1216E-01   2.1234E+00   7.7810E-01  -1.2646E+02
   248   1.5850E+02   5.3913E-03   1.7985E+01   1.9084E+14   1.2314E+00   4.7579E+00   6.1094E-01   2.1190E+00   7.7582E-01  -1.2799E+02
   249   1.5835E+02   5.2445E-03   1.8475E+01   1.9654E+14   1.2315E+00   4.7900E+00   6.0967E-01   2.1145E+00   7.7365E-01  -1.2947E+02
   250   1.5821E+02   5.1000E-03   1.8982E+01   2.0248E+14   1.2316E+00   4.8226E+00   6.0836E-01   2.1098E+00   7.7156E-01  -1.3090E+02
   251   1.5806E+02   4.9579E-03   1.9507E+01   2.0867E+14   1.2317E+00   4.8558E+00   6.0700E-01   2.1049E+00   7.6962E-01  -1.3224E+02
   252   1.5791E+02   4.8184E-03   2.0051E+01   2.1512E+14   1.2317E+00   4.8895E+00   6.0559E-01   2.0999E+00   7.6784E-01  -1.3339E+02
   253   1.5776E+02   4.6819E-03   2.0613E+01   2.2181E+14   1.2318E+00   4.9237E+00   6.0413E-01   2.0947E+00   7.6709E-01  -1.3425E+02
   254   1.5761E+02   4.5487E-03   2.1197E+01   2.2874E+14   1.2319E+00   4.9585E+00   6.0261E-01   2.0893E+00   7.6639E-01  -1.3494E+02
   255   1.5746E+02   4.4188E-03   2.1801E+01   2.3592E+14   1.2320E+00   4.9939E+00   6.0104E-01   2.0837E+00   7.6509E-01  -1.3605E+02
   256   1.5730E+02   4.2911E-03   2.2427E+01   2.4342E+14   1.2320E+00   5.0298E+00   6.0021E-01   2.0808E+00   7.6259E-01  -1.3764E+02
   257   1.5715E+02   4.1654E-03   2.3077E+01   2.5125E+14   1.2321E+00   5.0664E+00   5.9934E-01   2.0777E+00   7.6021E-01  -1.3928E+02
   258   1.5700E+02   4.0421E-03   2.3752E+01   2.5943E+14   1.2321E+00   5.1036E+00   5.9844E-01   2.0745E+00   7.5796E-01  -1.4087E+02
   259   1.5684E+02   3.9210E-03   2.4454E+01   2.6798E+14   1.2322E+00   5.1415E+00   5.9751E-01   2.0711E+00   7.5583E-01  -1.4239E+02
   260   1.5668E+02   3.8024E-03   2.5183E+01   2.7689E+14   1.2322E+00   5.1801E+00   5.9654E-01   2.0677E+00   7.5381E-01  -1.4385E+02
   261   1.5652E+02   3.6862E-03   2.5940E+01   2.8620E+14   1.2323E+00   5.2195E+00   5.9552E-01   2.0641E+00   7.5192E-01  -1.4524E+02
   262   1.5636E+02   3.5726E-03   2.6728E+01   2.9590E+14   1.2323E+00   5.2596E+00   5.9447E-01   2.0604E+00   7.5014E-01  -1.4658E+02
   263   1.5620E+02   3.4616E-03   2.7548E+01   3.0602E+14   1.2324E+00   5.3005E+00   5.9337E-01   2.0565E+00   7.4848E-01  -1.4785E+02
   264   1.5604E+02   3.3533E-03   2.8400E+01   3.1657E+14   1.2324E+00   5.3422E+00   5.9222E-01   2.0524E+00   7.4695E-01  -1.4906E+02
   265   1.5588E+02   3.2476E-03   2.9287E+01   3.2756E+14   1.2324E+00   5.3847E+00   5.9103E-01   2.0482E+00   7.4556E-01  -1.5020E+02
   266   1.5571E+02   3.1446E-03   3.0211E+01   3.3900E+14   1.2325E+00   5.4280E+00   5.8979E-01   2.0439E+00   7.4427E-01  -1.5140E+02
   267   1.5554E+02   3.0439E-03   3.1173E+01   3.5096E+14   1.2325E+00   5.4718E+00   5.8888E-01   2.0407E+00   7.4229E-01  -1.5278E+02
   268   1.5538E+02   2.9456E-03   3.2176E+01   3.6346E+14   1.2325E+00   5.5165E+00   5.8793E-01   2.0373E+00   7.4038E-01  -1.5424E+02
   269   1.5521E+02   2.8496E-03   3.3221E+01   3.7653E+14   1.2326E+00   5.5621E+00   5.8694E-01   2.0339E+00   7.3854E-01  -1.5567E+02
   270   1.5504E+02   2.7560E-03   3.4311E+01   3.9017E+14   1.2326E+00   5.6086E+00   5.8591E-01   2.0302E+00   7.3677E-01  -1.5707E+02
   271   1.5487E+02   2.6647E-03   3.5449E+01   4.0443E+14   1.2326E+00   5.6561E+00   5.8483E-01   2.0264E+00   7.3507E-01  -1.5843E+02
   272   1.5469E+02   2.5759E-03   3.6635E+01   4.1932E+14   1.2327E+00   5.7046E+00   5.8370E-01   2.0225E+00   7.3346E-01  -1.5975E+02
   273   1.5452E+02   2.4893E-03   3.7874E+01   4.3487E+14   1.2327E+00   5.7541E+00   5.8252E-01   2.0184E+00   7.3192E-01  -1.6104E+02
   274   1.5434E+02   2.4052E-03   3.9168E+01   4.5111E+14   1.2327E+00   5.8047E+00   5.8129E-01   2.0141E+00   7.3046E-01  -1.6225E+02
   275   1.5416E+02   2.3235E-03   4.0518E+01   4.6806E+14   1.2327E+00   5.8563E+00   5.8000E-01   2.0096E+00   7.2966E-01  -1.6310E+02
   276   1.5398E+02   2.2444E-03   4.1929E+01   4.8568E+14   1.2328E+00   5.9089E+00   5.7867E-01   2.0049E+00   7.2919E-01  -1.6411E+02
   277   1.5380E+02   2.1672E-03   4.3403E+01   5.0415E+14   1.2328E+00   5.9620E+00   5.7750E-01   2.0008E+00   7.2674E-01  -1.6573E+02
   278   1.5362E+02   2.0919E-03   4.4945E+01   5.2355E+14   1.2328E+00   6.0163E+00   5.7627E-01   1.9965E+00   7.2440E-01  -1.6755E+02
   279   1.5344E+02   2.0185E-03   4.6557E+01   5.4390E+14   1.2328E+00   6.0716E+00   5.7499E-01   1.9921E+00   7.2215E-01  -1.6924E+02
   280   1.5325E+02   1.9470E-03   4.8243E+01   5.6524E+14   1.2328E+00   6.1282E+00   5.7365E-01   1.9874E+00   7.2032E-01  -1.7085E+02
   281   1.5306E+02   1.8775E-03   5.0009E+01   5.8761E+14   1.2329E+00   6.1860E+00   5.7225E-01   1.9825E+00   7.1835E-01  -1.7246E+02
   282   1.5287E+02   1.8099E-03   5.1857E+01   6.1107E+14   1.2329E+00   6.2451E+00   5.7078E-01   1.9774E+00   7.1646E-01  -1.7405E+02
   283   1.5268E+02   1.7442E-03   5.3792E+01   6.3566E+14   1.2329E+00   6.3055E+00   5.6924E-01   1.9720E+00   7.1466E-01  -1.7558E+02
   284   1.5249E+02   1.6805E-03   5.5820E+01   6.6145E+14   1.2329E+00   6.3672E+00   5.6763E-01   1.9664E+00   7.1296E-01  -1.7707E+02
   285   1.5229E+02   1.6186E-03   5.7945E+01   6.8849E+14   1.2329E+00   6.4303E+00   5.6593E-01   1.9605E+00   7.1137E-01  -1.7866E+02
   286   1.5210E+02   1.5584E-03   6.0172E+01   7.1695E+14   1.2330E+00   6.4942E+00   5.6429E-01   1.9548E+00   7.0883E-01  -1.8058E+02
   287   1.5190E+02   1.4997E-03   6.2509E+01   7.4696E+14   1.2330E+00   6.5593E+00   5.6259E-01   1.9488E+00   7.0614E-01  -1.8270E+02
   288   1.5170E+02   1.4426E-03   6.4960E+01   7.7859E+14   1.2330E+00   6.6259E+00   5.6081E-01   1.9426E+00   7.0354E-01  -1.8480E+02
   289   1.5149E+02   1.3871E-03   6.7534E+01   8.1193E+14   1.2330E+00   6.6941E+00   5.5894E-01   1.9361E+00   7.0103E-01  -1.8687E+02
   290   1.5129E+02   1.3331E-03   7.0237E+01   8.4707E+14   1.2330E+00   6.7638E+00   5.5697E-01   1.9293E+00   6.9861E-01  -1.8888E+02
   291   1.5108E+02   1.2808E-03   7.3077E+01   8.8410E+14   1.2331E+00   6.8352E+00   5.5490E-01   1.9221E+00   6.9645E-01  -1.9083E+02
   292   1.5087E+02   1.2301E-03   7.6061E+01   9.2312E+14   1.2331E+00   6.9083E+00   5.5273E-01   1.9145E+00   6.9408E-01  -1.9286E+02
   293   1.5066E+02   1.1808E-03   7.9200E+01   9.6438E+14   1.2331E+00   6.9825E+00   5.5099E-01   1.9085E+00   6.9135E-01  -1.9502E+02
   294   1.5045E+02   1.1329E-03   8.2506E+01   1.0080E+15   1.2331E+00   7.0585E+00   5.4919E-01   1.9022E+00   6.8933E-01  -1.9708E+02
   295   1.5023E+02   1.0866E-03   8.5987E+01   1.0539E+15   1.2331E+00   7.1364E+00   5.4730E-01   1.8956E+00   6.8676E-01  -1.9905E+02
   296   1.5001E+02   1.0418E-03   8.9656E+01   1.1025E+15   1.2332E+00   7.2160E+00   5.4557E-01   1.8896E+00   6.8535E-01  -2.0060E+02
   297   1.4979E+02   9.9873E-04   9.3525E+01   1.1534E+15   1.2332E+00   7.2976E+00   5.4389E-01   1.8838E+00   6.8444E-01  -2.0281E+02
   298   1.4957E+02   9.5641E-04   9.7609E+01   1.2081E+15   1.2332E+00   7.3786E+00   5.4302E-01   1.8807E+00   6.7992E-01  -2.0487E+02
   299   1.4934E+02   9.1538E-04   1.0193E+02   1.2660E+15   1.2332E+00   7.4585E+00   5.4302E-01   1.8807E+00   6.7992E-01  -2.0566E+02
