
   70                    !Number of depth points
 
 !Electron density
    2.659E+05   2.715E+05   2.831E+05   3.077E+05   3.636E+05   5.074E+05   9.679E+05   1.846E+06   3.518E+06   6.701E+06
    1.274E+07   2.418E+07   4.576E+07   8.647E+07   1.632E+08   3.067E+08   5.777E+08   1.097E+09   2.075E+09   3.912E+09
    7.365E+09   1.386E+10   2.546E+10   4.160E+10   5.311E+10   5.200E+10   4.801E+10   4.836E+10   5.470E+10   6.417E+10
    8.144E+10   9.945E+10   1.347E+11   1.834E+11   2.548E+11   3.586E+11   5.097E+11   7.289E+11   1.047E+12   1.509E+12
    2.178E+12   3.150E+12   4.528E+12   6.219E+12   8.283E+12   1.089E+13   1.411E+13   1.813E+13   2.324E+13   2.940E+13
    3.662E+13   4.497E+13   5.470E+13   6.601E+13   7.892E+13   9.300E+13   1.075E+14   1.222E+14   1.377E+14   1.557E+14
    1.828E+14   2.283E+14   3.019E+14   4.179E+14   5.928E+14   8.442E+14   1.204E+15   1.386E+15   1.487E+15   1.523E+15
 
 !Radius (10^10cm)
    3.189E+04   3.156E+04   3.091E+04   2.965E+04   2.730E+04   2.314E+04   1.680E+04   1.222E+04   8.906E+03   6.504E+03
    4.768E+03   3.513E+03   2.605E+03   1.947E+03   1.469E+03   1.122E+03   8.676E+02   6.818E+02   5.473E+02   4.496E+02
    3.783E+02   3.263E+02   2.892E+02   2.639E+02   2.455E+02   2.317E+02   2.207E+02   2.108E+02   2.014E+02   1.938E+02
    1.911E+02   1.909E+02   1.907E+02   1.905E+02   1.902E+02   1.900E+02   1.898E+02   1.895E+02   1.893E+02   1.890E+02
    1.888E+02   1.886E+02   1.883E+02   1.881E+02   1.879E+02   1.876E+02   1.874E+02   1.872E+02   1.870E+02   1.867E+02
    1.865E+02   1.862E+02   1.859E+02   1.856E+02   1.853E+02   1.849E+02   1.845E+02   1.840E+02   1.835E+02   1.828E+02
    1.819E+02   1.808E+02   1.795E+02   1.782E+02   1.769E+02   1.755E+02   1.741E+02   1.736E+02   1.733E+02   1.732E+02
 
 !Temperature (10^4 K)
    8.618E-01   8.627E-01   8.645E-01   8.682E-01   8.762E-01   8.940E-01   9.342E-01   9.775E-01   1.019E+00   1.058E+00
    1.093E+00   1.125E+00   1.150E+00   1.169E+00   1.181E+00   1.186E+00   1.191E+00   1.210E+00   1.237E+00   1.341E+00
    1.467E+00   1.584E+00   1.679E+00   1.760E+00   1.811E+00   1.829E+00   1.827E+00   1.818E+00   1.819E+00   1.821E+00
    1.770E+00   1.749E+00   1.727E+00   1.703E+00   1.680E+00   1.659E+00   1.638E+00   1.622E+00   1.613E+00   1.611E+00
    1.617E+00   1.631E+00   1.656E+00   1.688E+00   1.726E+00   1.770E+00   1.820E+00   1.878E+00   1.944E+00   2.019E+00
    2.106E+00   2.207E+00   2.323E+00   2.455E+00   2.605E+00   2.774E+00   2.960E+00   3.166E+00   3.393E+00   3.646E+00
    3.925E+00   4.234E+00   4.575E+00   4.951E+00   5.365E+00   5.820E+00   6.331E+00   6.551E+00   6.665E+00   6.703E+00
 
   1.     HYD                           !Atomic Number and descriptor.
    1.000E+00   1.000E+00   1.000E+00   1.000E+00   1.000E+00   1.000E+00   1.000E+00   1.000E+00   1.000E+00   1.000E+00
    1.000E+00   1.000E+00   1.000E+00   1.000E+00   1.000E+00   1.000E+00   1.000E+00   1.000E+00   1.000E+00   1.000E+00
    1.000E+00   1.000E+00   1.000E+00   1.000E+00   1.000E+00   1.000E+00   1.000E+00   1.000E+00   1.000E+00   1.000E+00
    1.000E+00   1.000E+00   1.000E+00   1.000E+00   1.000E+00   1.000E+00   1.000E+00   1.000E+00   1.000E+00   1.000E+00
    1.000E+00   1.000E+00   1.000E+00   1.000E+00   1.000E+00   1.000E+00   1.000E+00   1.000E+00   1.000E+00   1.000E+00
    1.000E+00   1.000E+00   1.000E+00   1.000E+00   1.000E+00   1.000E+00   1.000E+00   1.000E+00   1.000E+00   1.000E+00
    1.000E+00   1.000E+00   1.000E+00   1.000E+00   1.000E+00   1.000E+00   1.000E+00   1.000E+00   1.000E+00   1.000E+00
 
   2.     HE                            !Atomic Number and descriptor.
    1.010E+00   1.010E+00   1.010E+00   1.010E+00   1.010E+00   1.010E+00   1.011E+00   1.012E+00   1.013E+00   1.013E+00
    1.014E+00   1.014E+00   1.014E+00   1.014E+00   1.014E+00   1.014E+00   1.013E+00   1.012E+00   1.011E+00   1.010E+00
    1.009E+00   1.006E+00   1.004E+00   1.002E+00   1.001E+00   1.000E+00   9.998E-01   9.998E-01   9.998E-01   9.998E-01
    9.998E-01   9.997E-01   9.996E-01   9.995E-01   9.993E-01   9.990E-01   9.987E-01   9.983E-01   9.979E-01   9.973E-01
    9.968E-01   9.963E-01   9.960E-01   9.961E-01   9.964E-01   9.969E-01   9.974E-01   9.979E-01   9.984E-01   9.989E-01
    9.992E-01   9.996E-01   9.999E-01   1.001E+00   1.004E+00   1.016E+00   1.060E+00   1.197E+00   1.479E+00   1.766E+00
    1.914E+00   1.968E+00   1.987E+00   1.995E+00   1.997E+00   1.999E+00   1.999E+00   1.999E+00   1.999E+00   1.999E+00
 
   6.     CARB                          !Atomic Number and descriptor.
    2.063E+00   2.063E+00   2.063E+00   2.064E+00   2.064E+00   2.065E+00   2.068E+00   2.070E+00   2.073E+00   2.075E+00
    2.076E+00   2.077E+00   2.078E+00   2.078E+00   2.077E+00   2.076E+00   2.073E+00   2.071E+00   2.068E+00   2.068E+00
    2.066E+00   2.057E+00   2.040E+00   2.023E+00   2.012E+00   2.006E+00   2.002E+00   2.001E+00   2.000E+00   2.001E+00
    1.999E+00   1.999E+00   1.998E+00   1.996E+00   1.995E+00   1.993E+00   1.990E+00   1.986E+00   1.983E+00   1.978E+00
    1.974E+00   1.970E+00   1.968E+00   1.969E+00   1.971E+00   1.974E+00   1.978E+00   1.982E+00   1.987E+00   1.991E+00
    1.996E+00   2.004E+00   2.020E+00   2.062E+00   2.174E+00   2.402E+00   2.680E+00   2.873E+00   2.976E+00   3.080E+00
    3.291E+00   3.591E+00   3.815E+00   3.922E+00   3.966E+00   3.985E+00   3.993E+00   3.994E+00   3.995E+00   3.995E+00
 
   7.     NIT                           !Atomic Number and descriptor.
    2.172E+00   2.172E+00   2.173E+00   2.173E+00   2.173E+00   2.173E+00   2.174E+00   2.174E+00   2.174E+00   2.174E+00
    2.173E+00   2.172E+00   2.169E+00   2.166E+00   2.161E+00   2.154E+00   2.146E+00   2.136E+00   2.124E+00   2.110E+00
    2.091E+00   2.065E+00   2.034E+00   2.009E+00   1.998E+00   1.994E+00   1.992E+00   1.991E+00   1.991E+00   1.991E+00
    1.988E+00   1.985E+00   1.980E+00   1.972E+00   1.962E+00   1.948E+00   1.930E+00   1.906E+00   1.877E+00   1.844E+00
    1.809E+00   1.781E+00   1.768E+00   1.775E+00   1.795E+00   1.822E+00   1.854E+00   1.886E+00   1.916E+00   1.943E+00
    1.964E+00   1.979E+00   1.991E+00   2.004E+00   2.030E+00   2.101E+00   2.279E+00   2.565E+00   2.811E+00   2.937E+00
    3.004E+00   3.108E+00   3.338E+00   3.642E+00   3.865E+00   4.024E+00   4.234E+00   4.347E+00   4.408E+00   4.428E+00
 
   8.     OXY                           !Atomic Number and descriptor.
    1.987E+00   1.987E+00   1.987E+00   1.987E+00   1.988E+00   1.988E+00   1.990E+00   1.991E+00   1.992E+00   1.993E+00
    1.993E+00   1.993E+00   1.993E+00   1.992E+00   1.991E+00   1.989E+00   1.986E+00   1.982E+00   1.976E+00   1.971E+00
    1.963E+00   1.948E+00   1.920E+00   1.877E+00   1.838E+00   1.825E+00   1.830E+00   1.841E+00   1.851E+00   1.852E+00
    1.811E+00   1.772E+00   1.707E+00   1.631E+00   1.544E+00   1.455E+00   1.375E+00   1.307E+00   1.253E+00   1.212E+00
    1.184E+00   1.169E+00   1.170E+00   1.187E+00   1.218E+00   1.265E+00   1.332E+00   1.422E+00   1.534E+00   1.659E+00
    1.779E+00   1.873E+00   1.935E+00   1.970E+00   1.989E+00   2.008E+00   2.053E+00   2.185E+00   2.464E+00   2.759E+00
    2.917E+00   2.992E+00   3.084E+00   3.284E+00   3.579E+00   3.819E+00   3.966E+00   4.019E+00   4.048E+00   4.059E+00
 
  14.     SIL                           !Atomic Number and descriptor.
    2.546E+00   2.546E+00   2.546E+00   2.547E+00   2.548E+00   2.552E+00   2.558E+00   2.564E+00   2.569E+00   2.573E+00
    2.575E+00   2.575E+00   2.571E+00   2.564E+00   2.552E+00   2.539E+00   2.530E+00   2.547E+00   2.619E+00   2.805E+00
    2.929E+00   2.986E+00   2.995E+00   2.994E+00   2.992E+00   2.990E+00   2.987E+00   2.984E+00   2.980E+00   2.974E+00
    2.946E+00   2.926E+00   2.890E+00   2.839E+00   2.775E+00   2.699E+00   2.612E+00   2.524E+00   2.449E+00   2.395E+00
    2.364E+00   2.352E+00   2.363E+00   2.398E+00   2.454E+00   2.525E+00   2.609E+00   2.697E+00   2.779E+00   2.851E+00
    2.909E+00   2.955E+00   2.996E+00   3.057E+00   3.183E+00   3.416E+00   3.686E+00   3.867E+00   3.950E+00   3.981E+00
    3.993E+00   3.997E+00   3.998E+00   3.999E+00   3.999E+00   4.000E+00   4.000E+00   4.000E+00   4.000E+00   4.000E+00
 
  26.     IRON                          !Atomic Number and descriptor.
    2.892E+00   2.892E+00   2.892E+00   2.893E+00   2.894E+00   2.897E+00   2.905E+00   2.914E+00   2.925E+00   2.940E+00
    2.958E+00   2.978E+00   2.995E+00   3.008E+00   3.013E+00   3.010E+00   3.004E+00   2.998E+00   2.985E+00   2.992E+00
    3.000E+00   2.996E+00   2.977E+00   2.957E+00   2.948E+00   2.950E+00   2.952E+00   2.953E+00   2.952E+00   2.947E+00
    2.926E+00   2.907E+00   2.873E+00   2.829E+00   2.772E+00   2.704E+00   2.632E+00   2.561E+00   2.497E+00   2.443E+00
    2.404E+00   2.382E+00   2.385E+00   2.411E+00   2.455E+00   2.512E+00   2.582E+00   2.662E+00   2.744E+00   2.822E+00
    2.887E+00   2.935E+00   2.966E+00   2.986E+00   3.006E+00   3.050E+00   3.174E+00   3.439E+00   3.738E+00   3.915E+00
    4.016E+00   4.171E+00   4.453E+00   4.737E+00   4.906E+00   5.017E+00   5.176E+00   5.272E+00   5.326E+00   5.346E+00
