
 24-FEB-2004                           !Format date

 1.4614706796E+02     2.1393E+05       30       60

 3.7018719958E+04   4.8760176E+02   2.0935846E+05   9.5211393E-01   8.4497263E+01   1.9154319E+03   5.0000000E-02     1 
    1.4161329E-11   2.4891606E-06   1.8049428E-04   3.3579830E-03   1.4439038E-02
    3.7486584E-02   5.9565811E-02   8.8676614E-02   1.1959981E-01   1.5829506E-01
    1.7760376E-01   2.0753890E-01   2.3450058E-01   2.5876629E-01   2.7884370E-01
    2.9818543E-01   3.1280827E-01   2.5988886E-01   3.2380987E-01   3.7186324E-01
    3.8486285E-01   3.9636516E-01   4.0408065E-01   3.9301291E-01   3.9831988E-01
    4.2427780E-01   4.1333999E-01   4.2803931E-01   4.4842251E-01   4.8646330E-01

 3.6559765816E+04   5.0224760E+02   2.1466741E+05   9.5406773E-01   8.4108035E+01   1.9152777E+03   5.0000000E-02     2 
    1.5796062E-11   2.6074556E-06   1.7877127E-04   3.3808447E-03   1.4479804E-02
    3.7452894E-02   5.9451198E-02   8.8425758E-02   1.1937836E-01   1.5801428E-01
    1.7725347E-01   2.0712434E-01   2.3412660E-01   2.5849816E-01   2.7869242E-01
    2.9816722E-01   3.1292534E-01   2.6010301E-01   3.2416278E-01   3.7235221E-01
    3.8544325E-01   3.9702618E-01   4.0477158E-01   3.9370367E-01   3.9901855E-01
    4.2495745E-01   4.1404228E-01   4.2870729E-01   4.4907676E-01   4.8696709E-01

 3.5658448644E+04   5.3234548E+02   2.2569800E+05   9.5805653E-01   8.3420536E+01   1.9149632E+03   5.0000000E-02     3 
    1.9752671E-11   2.8767292E-06   1.8502985E-04   3.4565093E-03   1.4705916E-02
    3.7868428E-02   5.9887054E-02   8.8886245E-02   1.1995613E-01   1.5866320E-01
    1.7792164E-01   2.0768055E-01   2.3459940E-01   2.5896847E-01   2.7913832E-01
    2.9858563E-01   3.1335293E-01   2.6048542E-01   3.2466394E-01   3.7294736E-01
    3.8605551E-01   3.9765665E-01   4.0540766E-01   3.9433191E-01   3.9963509E-01
    4.2549042E-01   4.1468784E-01   4.2939953E-01   4.4987701E-01   4.8750470E-01

 3.3923632885E+04   5.9829605E+02   2.4946712E+05   9.6642374E-01   8.2022107E+01   1.9143106E+03   5.0000000E-02     4 
    3.1500183E-11   3.5288715E-06   1.9926550E-04   3.6254223E-03   1.5227837E-02
    3.8915256E-02   6.1101688E-02   9.0334044E-02   1.2166529E-01   1.6068165E-01
    1.8021318E-01   2.0993495E-01   2.3655507E-01   2.6073589E-01   2.8074364E-01
    3.0009095E-01   3.1491630E-01   2.6180856E-01   3.2631341E-01   3.7471885E-01
    3.8773623E-01   3.9929491E-01   4.0699843E-01   3.9592565E-01   4.0136265E-01
    4.2726704E-01   4.1680354E-01   4.3159982E-01   4.5216657E-01   4.8911818E-01

 3.0704873587E+04   7.4677139E+02   3.0475092E+05   9.8472402E-01   8.0251423E+01   1.9129066E+03   5.0000000E-02     5 
    8.7403198E-11   5.4612543E-06   2.3339559E-04   4.0042044E-03   1.6359595E-02
    4.1275030E-02   6.3392820E-02   9.2637323E-02   1.2366219E-01   1.6182170E-01
    1.8009227E-01   2.0941958E-01   2.3608160E-01   2.6077227E-01   2.8149836E-01
    3.0141136E-01   3.1658841E-01   2.6351448E-01   3.2890460E-01   3.7825585E-01
    3.9192124E-01   4.0405055E-01   4.1199551E-01   4.0091434E-01   4.0643873E-01
    4.3218307E-01   4.2216914E-01   4.3698947E-01   4.5773105E-01   4.9340594E-01

 2.5162336570E+04   1.1787098E+03   4.5462305E+05   1.0275517E+00   7.5781319E+01   1.9096892E+03   5.0000000E-02     6 
    8.5409711E-10   1.3970833E-05   3.3178454E-04   4.9934160E-03   1.9168259E-02
    4.6368137E-02   6.9221897E-02   9.9340127E-02   1.3059585E-01   1.6865567E-01
    1.8529238E-01   2.1420211E-01   2.4125150E-01   2.6683813E-01   2.8866104E-01
    3.0987788E-01   3.2617423E-01   2.7200711E-01   3.3995346E-01   3.9125199E-01
    4.0564469E-01   4.1845790E-01   4.2656276E-01   4.1525151E-01   4.2093916E-01
    4.4634586E-01   4.3736119E-01   4.5204372E-01   4.7264419E-01   5.0500393E-01

 1.7097777280E+04   2.8566972E+03   9.8937470E+05   1.1264112E+00   6.7925207E+01   1.9011027E+03   5.0000000E-02     7 
    8.8846261E-08   8.7235584E-05   6.5806922E-04   7.7079284E-03   2.6052918E-02
    5.7991500E-02   8.2461302E-02   1.1409506E-01   1.4704877E-01   1.8573453E-01
    2.0053479E-01   2.2853843E-01   2.5449708E-01   2.7911842E-01   3.0011611E-01
    3.2107009E-01   3.3742897E-01   2.8202906E-01   3.5346104E-01   4.0799206E-01
    4.2454422E-01   4.3951008E-01   4.4844156E-01   4.3791737E-01   4.4463707E-01
    4.6904988E-01   4.6427154E-01   4.7938735E-01   4.9971598E-01   5.2562337E-01

 1.1633900071E+04   6.8799356E+03   2.1517450E+06   1.2225633E+00   6.1223119E+01   1.8886020E+03   5.0000000E-02     8 
    3.4230066E-06   4.0853035E-04   1.1382856E-03   1.0754828E-02   3.2968357E-02
    6.9474255E-02   9.5455991E-02   1.2828946E-01   1.6242390E-01   2.0162088E-01
    2.1422769E-01   2.4091423E-01   2.6549749E-01   2.8868185E-01   3.0815366E-01
    3.2813335E-01   3.4378359E-01   2.8812551E-01   3.6185740E-01   4.1886208E-01
    4.3808025E-01   4.5572520E-01   4.6578330E-01   4.5771998E-01   4.6614119E-01
    4.8920771E-01   4.9039675E-01   5.0588730E-01   5.2454412E-01   5.4386459E-01

 7.9342395623E+03   1.6068086E+04   4.6719697E+06   1.2956100E+00   5.6832908E+01   1.8705853E+03   5.0000000E-02     9 
    2.9375777E-05   1.2836106E-03   1.6384280E-03   1.3399876E-02   3.8552368E-02
    7.8363686E-02   1.0521876E-01   1.3878284E-01   1.7343658E-01   2.1277860E-01
    2.2379071E-01   2.4938412E-01   2.7272698E-01   2.9430169E-01   3.1144882E-01
    3.2932954E-01   3.4294644E-01   2.8842220E-01   3.6206214E-01   4.1985560E-01
    4.4207620E-01   4.6253783E-01   4.7408447E-01   4.7061549E-01   4.8142137E-01
    5.0338206E-01   5.1052174E-01   5.2583026E-01   5.4170234E-01   5.5533888E-01

 5.4309298817E+03   3.6352255E+04   1.0113242E+07   1.3432255E+00   5.4326096E+01   1.8446651E+03   5.0000000E-02    10 
    7.7076035E-05   2.9268185E-03   2.0337966E-03   1.5256603E-02   4.2344850E-02
    8.4237150E-02   1.1157924E-01   1.4534521E-01   1.8021847E-01   2.1956638E-01
    2.2948669E-01   2.5427020E-01   2.7688399E-01   2.9741951E-01   3.1243521E-01
    3.2773226E-01   3.3796748E-01   2.8579568E-01   3.5634167E-01   4.1259369E-01
    4.3770261E-01   4.6051666E-01   4.7419828E-01   4.7706603E-01   4.9067890E-01
    5.1178888E-01   5.2277722E-01   5.3699982E-01   5.4980923E-01   5.5925203E-01

 3.7398535271E+03   8.0234298E+04   2.1765081E+07   1.3751467E+00   5.2942468E+01   1.8077036E+03   5.0000000E-02    11 
    1.0767456E-04   5.5235606E-03   2.3373731E-03   1.6614769E-02   4.5029086E-02
    8.8299542E-02   1.1588643E-01   1.4983121E-01   1.8476306E-01   2.2427665E-01
    2.3337655E-01   2.5761452E-01   2.7987390E-01   3.0016534E-01   3.1397357E-01
    3.2727118E-01   3.3374375E-01   2.8576596E-01   3.5045500E-01   4.0302114E-01
    4.3035287E-01   4.5470681E-01   4.7098577E-01   4.8003621E-01   4.9563183E-01
    5.1515523E-01   5.2711933E-01   5.3935671E-01   5.4930594E-01   5.5587233E-01

 2.5929982312E+03   1.7455820E+05   4.6624653E+07   1.4030867E+00   5.2110517E+01   1.7555048E+03   5.0000000E-02    12 
    1.2724416E-04   9.6333248E-03   2.6425486E-03   1.8029321E-02   4.7639258E-02
    9.2000588E-02   1.1989816E-01   1.5424045E-01   1.8930670E-01   2.2936399E-01
    2.3762887E-01   2.6153688E-01   2.8362599E-01   3.0413358E-01   3.1750232E-01
    3.2980922E-01   3.3338434E-01   2.9313294E-01   3.5003794E-01   3.9782928E-01
    4.2652911E-01   4.5158812E-01   4.6981113E-01   4.8261226E-01   4.9803757E-01
    5.1451826E-01   5.2514576E-01   5.3480798E-01   5.4220935E-01   5.4678136E-01

 1.8108726762E+03   3.7775007E+05   9.9740593E+07   1.4367814E+00   5.1499262E+01   1.6826494E+03   5.0000000E-02    13 
    1.7503559E-04   1.6779274E-02   3.1717034E-03   2.0279744E-02   5.1414387E-02
    9.6906996E-02   1.2524487E-01   1.6054030E-01   1.9601951E-01   2.3710545E-01
    2.4435948E-01   2.6820859E-01   2.9015707E-01   3.1115862E-01   3.2437166E-01
    3.3646927E-01   3.3920148E-01   3.1107927E-01   3.5968504E-01   4.0250013E-01
    4.3135656E-01   4.5588508E-01   4.7427060E-01   4.8771362E-01   5.0094232E-01
    5.1343340E-01   5.2158614E-01   5.2858056E-01   5.3380738E-01   5.3695126E-01

 1.2758858201E+03   8.1763566E+05   2.1359668E+08   1.4849232E+00   5.0940008E+01   1.5828572E+03   5.0000000E-02    14 
    3.5318012E-04   3.0986875E-02   4.4165360E-03   2.4713795E-02   5.8205813E-02
    1.0508261E-01   1.3391514E-01   1.7113170E-01   2.0764041E-01   2.5036330E-01
    2.5626891E-01   2.8063720E-01   3.0231768E-01   3.2426180E-01   3.3744941E-01
    3.5027609E-01   3.5542828E-01   3.4213728E-01   3.8349594E-01   4.2124350E-01
    4.4855978E-01   4.7105869E-01   4.8792542E-01   5.0008308E-01   5.1048050E-01
    5.1927129E-01   5.2497840E-01   5.2972078E-01   5.3324971E-01   5.3537759E-01

 9.0989858214E+02   1.7748944E+06   4.5843374E+08   1.5577749E+00   5.0351252E+01   1.4501657E+03   5.0000000E-02    15 
    1.2771371E-03   6.3591725E-02   7.5837142E-03   3.4029622E-02   7.1578495E-02
    1.2019773E-01   1.4958700E-01   1.8966791E-01   2.2862364E-01   2.7375051E-01
    2.7775627E-01   3.0364942E-01   3.2486743E-01   3.4852111E-01   3.6281555E-01
    3.7809727E-01   3.8911074E-01   3.8998629E-01   4.2591255E-01   4.5868862E-01
    4.8321783E-01   5.0282347E-01   5.1742251E-01   5.2776830E-01   5.3580000E-01
    5.4194654E-01   5.4586226E-01   5.4901827E-01   5.5136146E-01   5.5279794E-01

 6.5986239609E+02   3.8361238E+06   9.8744123E+08   1.6492838E+00   5.0175036E+01   1.2801757E+03   5.0000000E-02    16 
    6.1027011E-03   1.3518731E-01   1.6902396E-02   5.1269136E-02   9.7384022E-02
    1.4601126E-01   1.7716788E-01   2.1945691E-01   2.6230665E-01   3.1123812E-01
    3.1497462E-01   3.4204214E-01   3.6363336E-01   3.8990637E-01   4.0881846E-01
    4.2823863E-01   4.4661400E-01   4.5846396E-01   4.9042459E-01   5.1854765E-01
    5.3979203E-01   5.5636178E-01   5.6861381E-01   5.7721785E-01   5.8350764E-01
    5.8796689E-01   5.9073451E-01   5.9287737E-01   5.9444119E-01   5.9541179E-01

 4.8988717578E+02   7.8886258E+06   2.1396901E+09   1.6740776E+00   5.2935514E+01   1.0716637E+03   5.0000000E-02    17 
    5.3573352E-03   1.7794449E-01   3.7427945E-02   7.1757206E-02   1.3547014E-01
    1.7961713E-01   2.1520514E-01   2.5894617E-01   2.9918300E-01   3.5652755E-01
    3.7073344E-01   3.9443129E-01   4.1973847E-01   4.5064134E-01   4.7764750E-01
    5.0119065E-01   5.2482605E-01   5.4340985E-01   5.7141490E-01   5.9491394E-01
    6.1242935E-01   6.2579174E-01   6.3560986E-01   6.4246506E-01   6.4727905E-01
    6.5049562E-01   6.5244813E-01   6.5389570E-01   6.5491384E-01   6.5553978E-01

 3.7551098527E+02   1.5987895E+07   4.6516203E+09   1.7326740E+00   5.6869108E+01   8.3877064E+02   5.0000000E-02    18 
    9.9835065E-03   2.7475132E-01   7.4383135E-02   1.1960028E-01   2.0138149E-01
    2.5371686E-01   3.0565500E-01   3.3575036E-01   3.8222600E-01   4.5264110E-01
    4.6457468E-01   4.8938307E-01   5.1750085E-01   5.5332101E-01   5.8600573E-01
    6.1153386E-01   6.3540971E-01   6.5514869E-01   6.7800712E-01   6.9637312E-01
    7.0990206E-01   7.1991117E-01   7.2721105E-01   7.3232098E-01   7.3584462E-01
    7.3812740E-01   7.3948578E-01   7.4045715E-01   7.4111188E-01   7.4150163E-01

 2.9874876752E+02   3.1280831E+07   1.0226428E+10   1.8109398E+00   6.4049755E+01   6.0254602E+02   5.0000002E-02    19 
    2.6404863E-02   4.4094625E-01   1.6723693E-01   2.1569057E-01   3.0111754E-01
    3.9590579E-01   4.6297172E-01   4.6625975E-01   5.2851681E-01   5.8996616E-01
    6.1026077E-01   6.4060002E-01   6.6784988E-01   6.9053681E-01   7.1748799E-01
    7.4150639E-01   7.6130725E-01   7.7693744E-01   7.9334746E-01   8.0591015E-01
    8.1496002E-01   8.2160074E-01   8.2632832E-01   8.2961574E-01   8.3187602E-01
    8.3333376E-01   8.3418763E-01   8.3478116E-01   8.3516532E-01   8.3538149E-01

 2.4835239855E+02   5.5104157E+07   2.2527734E+10   1.9137159E+00   8.0396242E+01   3.9553495E+02   5.0001786E-02    20 
    1.0634569E-01   7.1912579E-01   2.8480942E-01   3.0052982E-01   4.0267609E-01
    5.4508865E-01   6.5436414E-01   6.5117222E-01   7.0811318E-01   7.2443402E-01
    7.6574873E-01   7.9335749E-01   8.1603056E-01   8.3428077E-01   8.5341568E-01
    8.6836510E-01   8.7882938E-01   8.8717678E-01   8.9585238E-01   9.0233550E-01
    9.0704484E-01   9.1041001E-01   9.1283094E-01   9.1448587E-01   9.1561946E-01
    9.1634884E-01   9.1677977E-01   9.1707664E-01   9.1726225E-01   9.1735895E-01

 2.1952958836E+02   7.4246681E+07   4.4788284E+10   2.0308933E+00   1.1920088E+02   2.5338793E+02   5.0203966E-02    21 
    5.8199567E-01   1.1899894E+00   4.1953830E-01   4.8201972E-01   4.9327544E-01
    7.0085552E-01   7.8080932E-01   7.9748500E-01   8.3375349E-01   8.4647063E-01
    8.8454755E-01   9.0772078E-01   9.2062322E-01   9.3006913E-01   9.3850198E-01
    9.4451061E-01   9.4860083E-01   9.5190754E-01   9.5563438E-01   9.5856808E-01
    9.6057842E-01   9.6200761E-01   9.6303284E-01   9.6372883E-01   9.6419864E-01
    9.6451028E-01   9.6469208E-01   9.6482007E-01   9.6489992E-01   9.6493904E-01

 2.0229313469E+02   6.9224847E+07   7.6093074E+10   2.1021171E+00   2.1819737E+02   1.6251480E+02   5.4217751E-02    22 
    1.8937577E+00   1.6119807E+00   4.5263198E-01   7.4403806E-01   5.8320014E-01
    8.5806885E-01   9.6190129E-01   9.2795750E-01   9.4715189E-01   9.3525039E-01
    9.6228094E-01   9.7310271E-01   9.7690938E-01   9.7813784E-01   9.8079718E-01
    9.8210350E-01   9.8271987E-01   9.8329515E-01   9.8441938E-01   9.8536367E-01
    9.8594231E-01   9.8638728E-01   9.8668477E-01   9.8690657E-01   9.8704868E-01
    9.8714535E-01   9.8720307E-01   9.8724557E-01   9.8727349E-01   9.8728719E-01

 1.9107300864E+02   4.5307543E+07   9.0678798E+10   2.1231932E+00   3.9827118E+02   1.0401309E+02   7.9646943E-02    23 
    3.9673884E+00   2.0143452E+00   4.7952559E-01   9.1383204E-01   6.6616906E-01
    1.0384104E+00   1.2169948E+00   1.0742372E+00   1.0854672E+00   1.0509874E+00
    1.0474903E+00   1.0397692E+00   1.0303248E+00   1.0205033E+00   1.0166418E+00
    1.0128063E+00   1.0094894E+00   1.0070621E+00   1.0058236E+00   1.0050193E+00
    1.0043377E+00   1.0038939E+00   1.0035621E+00   1.0033650E+00   1.0032127E+00
    1.0031112E+00   1.0030610E+00   1.0030308E+00   1.0030161E+00   1.0030118E+00

 1.8339946974E+02   2.7981924E+07   7.9821685E+10   2.1159861E+00   5.6816666E+02   6.6442280E+01   1.5372253E-01    24 
    5.7806129E+00   2.4385239E+00   5.3770279E-01   1.0378823E+00   8.5915038E-01
    1.2459556E+00   1.4759156E+00   1.2297449E+00   1.2520127E+00   1.2040636E+00
    1.1598232E+00   1.1331462E+00   1.1069029E+00   1.0825938E+00   1.0687466E+00
    1.0570265E+00   1.0477648E+00   1.0407411E+00   1.0360406E+00   1.0327194E+00
    1.0301953E+00   1.0284088E+00   1.0271264E+00   1.0262832E+00   1.0256769E+00
    1.0252781E+00   1.0250677E+00   1.0249301E+00   1.0248536E+00   1.0248234E+00

 1.7786624954E+02   2.5206703E+07   7.2712408E+10   2.1026169E+00   5.7455850E+02   4.2413827E+01   2.8105777E-01    25 
    5.2577736E+00   2.3973646E+00   5.6720964E-01   9.7963525E-01   9.5408858E-01
    1.2601588E+00   1.4813316E+00   1.2369789E+00   1.2722338E+00   1.2372938E+00
    1.1829893E+00   1.1563420E+00   1.1289725E+00   1.1032829E+00   1.0867122E+00
    1.0729487E+00   1.0622707E+00   1.0539293E+00   1.0480782E+00   1.0438539E+00
    1.0406719E+00   1.0383660E+00   1.0367150E+00   1.0356089E+00   1.0348152E+00
    1.0342986E+00   1.0340255E+00   1.0338441E+00   1.0337424E+00   1.0337009E+00

 1.7347296547E+02   2.6031557E+07   7.7148789E+10   2.0924836E+00   5.9033361E+02   2.7381992E+01   4.3135431E-01    26 
    4.3704857E+00   2.1338154E+00   5.8244447E-01   8.5513457E-01   9.5471163E-01
    1.1668383E+00   1.3480697E+00   1.1652050E+00   1.2013931E+00   1.1837464E+00
    1.1418085E+00   1.1229624E+00   1.1032823E+00   1.0846239E+00   1.0710949E+00
    1.0601322E+00   1.0518261E+00   1.0451946E+00   1.0404156E+00   1.0368959E+00
    1.0342531E+00   1.0323082E+00   1.0309108E+00   1.0299589E+00   1.0292719E+00
    1.0288286E+00   1.0285952E+00   1.0284394E+00   1.0283524E+00   1.0283168E+00

 1.7127741263E+02   2.1515725E+07   9.2076302E+10   2.0538928E+00   8.5297950E+02   1.7493540E+01   5.8024756E-01    27 
    2.9184726E+00   1.7550122E+00   5.8737809E-01   7.3374283E-01   9.1824550E-01
    1.0650692E+00   1.2177193E+00   1.0939228E+00   1.1246467E+00   1.1195154E+00
    1.0940736E+00   1.0814528E+00   1.0693911E+00   1.0579378E+00   1.0484695E+00
    1.0410861E+00   1.0356783E+00   1.0313633E+00   1.0281105E+00   1.0256559E+00
    1.0238225E+00   1.0224587E+00   1.0214702E+00   1.0207818E+00   1.0202811E+00
    1.0199607E+00   1.0197929E+00   1.0196813E+00   1.0196194E+00   1.0195944E+00

 1.7085607796E+02   1.8725541E+07   1.1556941E+11   2.0253384E+00   1.2306833E+03   1.1736060E+01   6.9243135E-01    28 
    2.1295342E+00   1.5540383E+00   5.7865493E-01   6.8189577E-01   8.8887350E-01
    1.0192682E+00   1.1647058E+00   1.0641026E+00   1.0899767E+00   1.0881677E+00
    1.0703174E+00   1.0597888E+00   1.0508186E+00   1.0424751E+00   1.0352712E+00
    1.0298081E+00   1.0259007E+00   1.0228244E+00   1.0204457E+00   1.0186341E+00
    1.0172876E+00   1.0162844E+00   1.0155526E+00   1.0150364E+00   1.0146599E+00
    1.0144191E+00   1.0142931E+00   1.0142099E+00   1.0141641E+00   1.0141460E+00

 1.7066570969E+02   1.7234391E+07   1.6390709E+11   2.0102145E+00   1.8971010E+03   7.2027980E+00   7.9722677E-01    29 
    1.8101344E+00   1.4527053E+00   5.7297418E-01   6.5487251E-01   8.6946980E-01
    9.9345318E-01   1.1333213E+00   1.0471808E+00   1.0677073E+00   1.0661822E+00
    1.0525495E+00   1.0433508E+00   1.0362369E+00   1.0299471E+00   1.0245555E+00
    1.0205752E+00   1.0177870E+00   1.0156343E+00   1.0139557E+00   1.0126776E+00
    1.0117328E+00   1.0110302E+00   1.0105158E+00   1.0101499E+00   1.0098828E+00
    1.0097110E+00   1.0096210E+00   1.0095620E+00   1.0095298E+00   1.0095178E+00

 1.7044674704E+02   1.6015063E+07   2.3632761E+11   2.0008875E+00   2.9442347E+03   4.6187594E+00   8.6444210E-01    30 
    1.6712761E+00   1.3854366E+00   5.7033350E-01   6.3678517E-01   8.5448695E-01
    9.7472334E-01   1.1079147E+00   1.0349368E+00   1.0506547E+00   1.0490898E+00
    1.0386648E+00   1.0309785E+00   1.0254492E+00   1.0207728E+00   1.0168201E+00
    1.0139635E+00   1.0119985E+00   1.0105070E+00   1.0093372E+00   1.0084459E+00
    1.0077896E+00   1.0073020E+00   1.0069434E+00   1.0066862E+00   1.0064980E+00
    1.0063758E+00   1.0063117E+00   1.0062700E+00   1.0062475E+00   1.0062398E+00

 1.7019344515E+02   1.5291442E+07   3.5072475E+11   2.0008766E+00   4.5768439E+03   2.9630044E+00   9.1065624E-01    31 
    1.7502976E+00   1.3659861E+00   5.7356861E-01   6.2944245E-01   8.4661364E-01
    9.6425633E-01   1.0885169E+00   1.0273293E+00   1.0384587E+00   1.0364020E+00
    1.0282101E+00   1.0219670E+00   1.0176938E+00   1.0142290E+00   1.0113649E+00
    1.0093290E+00   1.0079482E+00   1.0069156E+00   1.0061059E+00   1.0054889E+00
    1.0050355E+00   1.0046989E+00   1.0044503E+00   1.0042708E+00   1.0041389E+00
    1.0040522E+00   1.0040065E+00   1.0039769E+00   1.0039613E+00   1.0039565E+00

 1.6989842260E+02   1.4990777E+07   5.3098179E+11   2.0032638E+00   7.0687121E+03   1.8990895E+00   9.4172608E-01    32 
    1.8573054E+00   1.3520928E+00   5.7684246E-01   6.2555248E-01   8.4028018E-01
    9.5582544E-01   1.0690933E+00   1.0202455E+00   1.0278123E+00   1.0257299E+00
    1.0195963E+00   1.0148946E+00   1.0117951E+00   1.0093574E+00   1.0073751E+00
    1.0059820E+00   1.0050452E+00   1.0043519E+00   1.0038087E+00   1.0033933E+00
    1.0030882E+00   1.0028617E+00   1.0026935E+00   1.0025712E+00   1.0024807E+00
    1.0024203E+00   1.0023883E+00   1.0023677E+00   1.0023570E+00   1.0023543E+00

 1.6957638306E+02   1.5134237E+07   8.1476762E+11   1.9970516E+00   1.0744313E+04   1.2157910E+00   9.6226965E-01    33 
    1.6601852E+00   1.2839022E+00   5.6920149E-01   6.1676608E-01   8.2833475E-01
    9.4306629E-01   1.0449663E+00   1.0103394E+00   1.0166235E+00   1.0157248E+00
    1.0119458E+00   1.0089889E+00   1.0070860E+00   1.0055903E+00   1.0043656E+00
    1.0035067E+00   1.0029294E+00   1.0025026E+00   1.0021661E+00   1.0019063E+00
    1.0017149E+00   1.0015723E+00   1.0014656E+00   1.0013872E+00   1.0013286E+00
    1.0012887E+00   1.0012675E+00   1.0012539E+00   1.0012470E+00   1.0012457E+00

 1.6923374516E+02   1.5867931E+07   1.2586504E+12   1.9795483E+00   1.5830725E+04   7.7937419E-01   9.7563764E-01    34 
    1.1815200E+00   1.1546033E+00   5.4925297E-01   6.0139139E-01   8.0966804E-01
    9.2518047E-01   1.0171782E+00   9.9815399E-01   1.0055450E+00   1.0068469E+00
    1.0055388E+00   1.0043036E+00   1.0035051E+00   1.0028164E+00   1.0022066E+00
    1.0017703E+00   1.0014741E+00   1.0012516E+00   1.0010714E+00   1.0009289E+00
    1.0008228E+00   1.0007429E+00   1.0006823E+00   1.0006371E+00   1.0006027E+00
    1.0005789E+00   1.0005661E+00   1.0005580E+00   1.0005539E+00   1.0005534E+00

 1.6886388924E+02   1.7915898E+07   1.9448487E+12   1.9619820E+00   2.1665426E+04   5.0217179E-01   9.8423025E-01    35 
    7.7602033E-01   1.0245722E+00   5.2992921E-01   5.8693441E-01   7.9088702E-01
    9.0756860E-01   9.9164668E-01   9.8713736E-01   9.9667903E-01   1.0002342E+00
    1.0009724E+00   1.0010902E+00   1.0011181E+00   1.0010090E+00   1.0008310E+00
    1.0006887E+00   1.0005880E+00   1.0005060E+00   1.0004325E+00   1.0003702E+00
    1.0003225E+00   1.0002855E+00   1.0002566E+00   1.0002346E+00   1.0002174E+00
    1.0002053E+00   1.0001988E+00   1.0001946E+00   1.0001926E+00   1.0001924E+00

 1.6850206470E+02   2.2496121E+07   2.8449751E+12   1.9590004E+00   2.5240045E+04   3.4303028E-01   9.8919924E-01    36 
    5.8713298E-01   9.5357050E-01   5.2611297E-01   5.8236610E-01   7.7988396E-01
    8.9639670E-01   9.7472633E-01   9.8033556E-01   9.9150151E-01   9.9650585E-01
    9.9845800E-01   9.9935020E-01   9.9984021E-01   1.0000550E+00   1.0001189E+00
    1.0001408E+00   1.0001493E+00   1.0001456E+00   1.0001316E+00   1.0001145E+00
    1.0000998E+00   1.0000874E+00   1.0000769E+00   1.0000685E+00   1.0000615E+00
    1.0000565E+00   1.0000539E+00   1.0000522E+00   1.0000514E+00   1.0000513E+00

 1.6814525462E+02   3.1605248E+07   3.9713122E+12   1.9721157E+00   2.5077872E+04   2.4602722E-01   9.9224100E-01    37 
    5.2303979E-01   9.3318718E-01   5.3986360E-01   5.8824305E-01   7.7637356E-01
    8.9099977E-01   9.6491183E-01   9.7686595E-01   9.8883920E-01   9.9456634E-01
    9.9713923E-01   9.9843265E-01   9.9916717E-01   9.9955600E-01   9.9975134E-01
    9.9986264E-01   9.9993067E-01   9.9997007E-01   9.9998928E-01   9.9999765E-01
    1.0000019E+00   1.0000035E+00   1.0000037E+00   1.0000034E+00   1.0000025E+00
    1.0000020E+00   1.0000017E+00   1.0000016E+00   1.0000015E+00   1.0000014E+00

 1.6777997435E+02   4.9846823E+07   5.4073200E+12   1.9988402E+00   2.1649857E+04   1.8110554E-01   9.9428227E-01    38 
    5.1922669E-01   9.4190863E-01   5.7160553E-01   6.0413363E-01   7.7890893E-01
    8.8996076E-01   9.5993821E-01   9.7562080E-01   9.8769047E-01   9.9363242E-01
    9.9647557E-01   9.9795961E-01   9.9881363E-01   9.9929144E-01   9.9955685E-01
    9.9971666E-01   9.9981732E-01   9.9988067E-01   9.9991889E-01   9.9994216E-01
    9.9995750E-01   9.9996759E-01   9.9997429E-01   9.9997884E-01   9.9998178E-01
    9.9998398E-01   9.9998525E-01   9.9998604E-01   9.9998641E-01   9.9998635E-01

 1.6739913218E+02   8.9302298E+07   7.2583296E+12   2.0380343E+00   1.6220943E+04   1.3533934E-01   9.9572391E-01    39 
    5.4783395E-01   9.6402453E-01   6.2588268E-01   6.3239092E-01   7.8820228E-01
    8.9333498E-01   9.5874574E-01   9.7606912E-01   9.8759805E-01   9.9337976E-01
    9.9625262E-01   9.9778082E-01   9.9866530E-01   9.9917327E-01   9.9946787E-01
    9.9964911E-01   9.9976457E-01   9.9983926E-01   9.9988714E-01   9.9991831E-01
    9.9993966E-01   9.9995438E-01   9.9996468E-01   9.9997200E-01   9.9997710E-01
    9.9998087E-01   9.9998300E-01   9.9998433E-01   9.9998496E-01   9.9998488E-01

 1.6699772754E+02   1.8608649E+08   9.6480317E+12   2.0905301E+00   1.0346878E+04   1.0220148E-01   9.9676913E-01    40 
    5.9466897E-01   9.8597840E-01   7.1119149E-01   6.7908918E-01   8.0751068E-01
    9.0252029E-01   9.6110754E-01   9.7809555E-01   9.8845224E-01   9.9372300E-01
    9.9640313E-01   9.9784479E-01   9.9868166E-01   9.9916949E-01   9.9945921E-01
    9.9963949E-01   9.9975504E-01   9.9983071E-01   9.9988060E-01   9.9991400E-01
    9.9993719E-01   9.9995345E-01   9.9996502E-01   9.9997333E-01   9.9997925E-01
    9.9998362E-01   9.9998605E-01   9.9998757E-01   9.9998829E-01   9.9998819E-01

 1.6657176572E+02   4.6608927E+08   1.2745880E+13   2.1587259E+00   5.4568783E+03   7.7699641E-02   9.9754269E-01    41 
    6.4690385E-01   9.9112906E-01   8.3011078E-01   7.5295981E-01   8.4196270E-01
    9.1962803E-01   9.6727998E-01   9.8186384E-01   9.9032007E-01   9.9467525E-01
    9.9692348E-01   9.9814297E-01   9.9885294E-01   9.9927082E-01   9.9952262E-01
    9.9968045E-01   9.9978203E-01   9.9984886E-01   9.9989364E-01   9.9992404E-01
    9.9994527E-01   9.9996027E-01   9.9997099E-01   9.9997872E-01   9.9998426E-01
    9.9998833E-01   9.9999057E-01   9.9999195E-01   9.9999259E-01   9.9999249E-01

 1.6611706480E+02   1.4447943E+09   1.6691339E+13   2.2459548E+00   2.3046330E+03   5.9628093E-02   9.9811365E-01    42 
    6.8963008E-01   9.6435782E-01   9.4889495E-01   8.5620628E-01   8.9462650E-01
    9.4528083E-01   9.7718951E-01   9.8733932E-01   9.9313807E-01   9.9618044E-01
    9.9777440E-01   9.9864709E-01   9.9915837E-01   9.9946181E-01   9.9964659E-01
    9.9976309E-01   9.9983834E-01   9.9988796E-01   9.9992152E-01   9.9994448E-01
    9.9996054E-01   9.9997191E-01   9.9998004E-01   9.9998589E-01   9.9999008E-01
    9.9999312E-01   9.9999477E-01   9.9999576E-01   9.9999621E-01   9.9999611E-01

 1.6562832770E+02   5.4817841E+09   2.1613381E+13   2.3561424E+00   7.8574579E+02   4.6310243E-02   9.9853464E-01    43 
    7.2668533E-01   9.2139322E-01   1.0005534E+00   9.5918477E-01   9.5423683E-01
    9.7339143E-01   9.8835207E-01   9.9327940E-01   9.9622681E-01   9.9785328E-01
    9.9873024E-01   9.9921841E-01   9.9950935E-01   9.9968413E-01   9.9979185E-01
    9.9986031E-01   9.9990473E-01   9.9993415E-01   9.9995413E-01   9.9996788E-01
    9.9997749E-01   9.9998430E-01   9.9998915E-01   9.9999262E-01   9.9999508E-01
    9.9999684E-01   9.9999777E-01   9.9999830E-01   9.9999851E-01   9.9999842E-01

 1.6509911353E+02   2.4090197E+10   2.7551740E+13   2.4920793E+00   2.2706862E+02   3.6574874E-02   9.9884250E-01    44 
    7.7319439E-01   8.9187792E-01   9.9625109E-01   1.0081452E+00   9.9676800E-01
    9.9474438E-01   9.9709361E-01   9.9792839E-01   9.9867854E-01   9.9919460E-01
    9.9950287E-01   9.9968256E-01   9.9979604E-01   9.9986653E-01   9.9991117E-01
    9.9994009E-01   9.9995907E-01   9.9997180E-01   9.9998048E-01   9.9998650E-01
    9.9999070E-01   9.9999368E-01   9.9999579E-01   9.9999728E-01   9.9999832E-01
    9.9999904E-01   9.9999938E-01   9.9999954E-01   9.9999957E-01   9.9999947E-01

 1.6451853236E+02   1.1317657E+11   3.4258494E+13   2.6510628E+00   5.9212470E+01   2.9690574E-02   9.9906026E-01    45 
    8.1321136E-01   8.7842554E-01   9.8775905E-01   1.0155337E+00   1.0102289E+00
    1.0038747E+00   1.0014335E+00   1.0004156E+00   1.0000733E+00   9.9998273E-01
    9.9996596E-01   9.9996476E-01   9.9997189E-01   9.9997903E-01   9.9998488E-01
    9.9998930E-01   9.9999246E-01   9.9999479E-01   9.9999639E-01   9.9999756E-01
    9.9999839E-01   9.9999898E-01   9.9999939E-01   9.9999967E-01   9.9999983E-01
    9.9999990E-01   9.9999987E-01   9.9999979E-01   9.9999967E-01   9.9999954E-01

 1.6386539685E+02   5.1809264E+11   4.1246118E+13   2.8308188E+00   1.4687153E+01   2.5090408E-02   9.9920580E-01    46 
    8.3903503E-01   8.8226743E-01   9.9549247E-01   1.0163722E+00   1.0103147E+00
    1.0046354E+00   1.0020741E+00   1.0009593E+00   1.0004669E+00   1.0002386E+00
    1.0001290E+00   1.0000714E+00   1.0000413E+00   1.0000247E+00   1.0000153E+00
    1.0000098E+00   1.0000064E+00   1.0000043E+00   1.0000029E+00   1.0000020E+00
    1.0000014E+00   1.0000009E+00   1.0000006E+00   1.0000003E+00   9.9999999E-01
    9.9999968E-01   9.9999937E-01   9.9999904E-01   9.9999873E-01   9.9999847E-01

 1.6309630224E+02   2.0263658E+12   4.8206567E+13   3.0354261E+00   3.5468391E+00   2.2340085E-02   9.9929283E-01    47 
    8.6593515E-01   9.0462807E-01   1.0113797E+00   1.0172967E+00   1.0087004E+00
    1.0037878E+00   1.0017129E+00   1.0008264E+00   1.0004265E+00   1.0002320E+00
    1.0001332E+00   1.0000792E+00   1.0000488E+00   1.0000309E+00   1.0000200E+00
    1.0000132E+00   1.0000088E+00   1.0000059E+00   1.0000040E+00   1.0000027E+00
    1.0000017E+00   1.0000009E+00   1.0000003E+00   9.9999971E-01   9.9999908E-01
    9.9999839E-01   9.9999767E-01   9.9999697E-01   9.9999634E-01   9.9999582E-01

 1.6213748679E+02   5.4166381E+12   5.6450773E+13   3.2677284E+00   8.7934417E-01   2.0458549E-02   9.9935237E-01    48 
    8.9865755E-01   9.3437743E-01   1.0191634E+00   1.0144803E+00   1.0062872E+00
    1.0026197E+00   1.0011661E+00   1.0005610E+00   1.0002902E+00   1.0001588E+00
    1.0000918E+00   1.0000552E+00   1.0000344E+00   1.0000220E+00   1.0000143E+00
    1.0000095E+00   1.0000063E+00   1.0000043E+00   1.0000028E+00   1.0000018E+00
    1.0000010E+00   1.0000003E+00   9.9999971E-01   9.9999905E-01   9.9999830E-01
    9.9999747E-01   9.9999664E-01   9.9999587E-01   9.9999521E-01   9.9999471E-01

 1.6091008352E+02   9.6376461E+12   6.9287348E+13   3.5324580E+00   2.3436603E-01   1.7773015E-02   9.9943735E-01    49 
    9.3336058E-01   9.5878386E-01   1.0152181E+00   1.0087258E+00   1.0034457E+00
    1.0013838E+00   1.0006042E+00   1.0002878E+00   1.0001482E+00   1.0000809E+00
    1.0000467E+00   1.0000280E+00   1.0000174E+00   1.0000111E+00   1.0000072E+00
    1.0000048E+00   1.0000032E+00   1.0000021E+00   1.0000013E+00   1.0000008E+00
    1.0000004E+00   1.0000000E+00   9.9999966E-01   9.9999926E-01   9.9999882E-01
    9.9999837E-01   9.9999795E-01   9.9999760E-01   9.9999732E-01   9.9999712E-01

 1.5941188484E+02   1.4435906E+13   9.1651329E+13   3.8429933E+00   6.6654571E-02   1.3988845E-02   9.9955712E-01    50 
    9.6523647E-01   9.7821129E-01   1.0086898E+00   1.0040434E+00   1.0014816E+00
    1.0005745E+00   1.0002453E+00   1.0001154E+00   1.0000592E+00   1.0000322E+00
    1.0000185E+00   1.0000111E+00   1.0000068E+00   1.0000043E+00   1.0000028E+00
    1.0000018E+00   1.0000012E+00   1.0000008E+00   1.0000005E+00   1.0000003E+00
    1.0000001E+00   9.9999993E-01   9.9999976E-01   9.9999959E-01   9.9999941E-01
    9.9999924E-01   9.9999911E-01   9.9999900E-01   9.9999893E-01   9.9999887E-01

 1.5772715019E+02   2.0925855E+13   1.2799345E+14   4.2046387E+00   2.0202437E-02   1.0305241E-02   9.9967372E-01    51 
    9.8425625E-01   9.9153077E-01   1.0040928E+00   1.0015933E+00   1.0005519E+00
    1.0002078E+00   1.0000871E+00   1.0000405E+00   1.0000207E+00   1.0000112E+00
    1.0000064E+00   1.0000038E+00   1.0000023E+00   1.0000015E+00   1.0000009E+00
    1.0000006E+00   1.0000004E+00   1.0000002E+00   1.0000001E+00   1.0000000E+00
    9.9999997E-01   9.9999990E-01   9.9999981E-01   9.9999973E-01   9.9999966E-01
    9.9999960E-01   9.9999955E-01   9.9999952E-01   9.9999950E-01   9.9999948E-01

 1.5593465699E+02   3.0660644E+13   1.8550876E+14   4.6138404E+00   6.7966972E-03   7.2910632E-03   9.9976914E-01    52 
    9.9165660E-01   9.9777017E-01   1.0016799E+00   1.0005670E+00   1.0001886E+00
    1.0000700E+00   1.0000292E+00   1.0000136E+00   1.0000069E+00   1.0000037E+00
    1.0000021E+00   1.0000013E+00   1.0000008E+00   1.0000005E+00   1.0000003E+00
    1.0000002E+00   1.0000001E+00   1.0000001E+00   1.0000000E+00   9.9999997E-01
    9.9999993E-01   9.9999987E-01   9.9999982E-01   9.9999978E-01   9.9999974E-01
    9.9999971E-01   9.9999969E-01   9.9999968E-01   9.9999967E-01   9.9999966E-01

 1.5410625757E+02   4.6617777E+13   2.8114391E+14   5.0707959E+00   2.6393816E-03   4.9298067E-03   9.9984390E-01    53 
    9.9581020E-01   9.9973898E-01   1.0005999E+00   1.0001815E+00   1.0000583E+00
    1.0000214E+00   1.0000089E+00   1.0000042E+00   1.0000021E+00   1.0000011E+00
    1.0000006E+00   1.0000004E+00   1.0000002E+00   1.0000001E+00   1.0000001E+00
    1.0000000E+00   1.0000000E+00   9.9999999E-01   9.9999996E-01   9.9999993E-01
    9.9999989E-01   9.9999985E-01   9.9999981E-01   9.9999978E-01   9.9999976E-01
    9.9999975E-01   9.9999974E-01   9.9999973E-01   9.9999973E-01   9.9999973E-01

 1.5229824327E+02   7.1288581E+13   4.2946417E+14   5.5824548E+00   1.1430614E-03   3.3055104E-03   9.9989533E-01    54 
    9.9823054E-01   1.0000961E+00   1.0002014E+00   1.0000563E+00   1.0000176E+00
    1.0000064E+00   1.0000027E+00   1.0000012E+00   1.0000006E+00   1.0000003E+00
    1.0000002E+00   1.0000001E+00   1.0000001E+00   1.0000000E+00   1.0000000E+00
    1.0000000E+00   9.9999998E-01   9.9999996E-01   9.9999993E-01   9.9999989E-01
    9.9999985E-01   9.9999982E-01   9.9999980E-01   9.9999978E-01   9.9999977E-01
    9.9999976E-01   9.9999976E-01   9.9999976E-01   9.9999975E-01   9.9999975E-01

 1.5051172636E+02   1.0830736E+14   6.5224430E+14   6.1567948E+00   5.4918486E-04   2.2289101E-03   9.9992942E-01    55 
    9.9927545E-01   1.0000957E+00   1.0000661E+00   1.0000173E+00   1.0000053E+00
    1.0000019E+00   1.0000008E+00   1.0000004E+00   1.0000002E+00   1.0000001E+00
    1.0000001E+00   1.0000000E+00   1.0000000E+00   1.0000000E+00   1.0000000E+00
    9.9999998E-01   9.9999996E-01   9.9999993E-01   9.9999989E-01   9.9999986E-01
    9.9999982E-01   9.9999980E-01   9.9999979E-01   9.9999978E-01   9.9999977E-01
    9.9999977E-01   9.9999977E-01   9.9999977E-01   9.9999976E-01   9.9999976E-01

 1.4872926575E+02   1.6390418E+14   9.8703104E+14   6.8002246E+00   2.9918615E-04   1.5087139E-03   9.9995223E-01    56 
    9.9967519E-01   1.0000558E+00   1.0000221E+00   1.0000054E+00   1.0000016E+00
    1.0000006E+00   1.0000002E+00   1.0000001E+00   1.0000001E+00   1.0000000E+00
    1.0000000E+00   1.0000000E+00   1.0000000E+00   9.9999999E-01   9.9999998E-01
    9.9999997E-01   9.9999994E-01   9.9999990E-01   9.9999987E-01   9.9999984E-01
    9.9999982E-01   9.9999981E-01   9.9999980E-01   9.9999979E-01   9.9999979E-01
    9.9999979E-01   9.9999979E-01   9.9999979E-01   9.9999979E-01   9.9999979E-01

 1.4713374346E+02   2.3715724E+14   1.4282792E+15   7.4394034E+00   1.9653116E-04   1.0655340E-03   9.9996626E-01    57 
    9.9983202E-01   1.0000300E+00   1.0000090E+00   1.0000021E+00   1.0000006E+00
    1.0000002E+00   1.0000001E+00   1.0000000E+00   1.0000000E+00   1.0000000E+00
    1.0000000E+00   1.0000000E+00   1.0000000E+00   9.9999999E-01   9.9999998E-01
    9.9999996E-01   9.9999993E-01   9.9999990E-01   9.9999987E-01   9.9999986E-01
    9.9999985E-01   9.9999984E-01   9.9999984E-01   9.9999983E-01   9.9999983E-01
    9.9999983E-01   9.9999983E-01   9.9999983E-01   9.9999983E-01   9.9999983E-01

 1.4654167097E+02   2.7141824E+14   1.6346712E+15   7.6938302E+00   1.7293247E-04   9.3858904E-04   9.9997028E-01    58 
    9.9986218E-01   1.0000237E+00   1.0000061E+00   1.0000014E+00   1.0000004E+00
    1.0000001E+00   1.0000001E+00   1.0000000E+00   1.0000000E+00   1.0000000E+00
    1.0000000E+00   1.0000000E+00   1.0000000E+00   9.9999999E-01   9.9999998E-01
    9.9999995E-01   9.9999993E-01   9.9999990E-01   9.9999988E-01   9.9999987E-01
    9.9999986E-01   9.9999986E-01   9.9999985E-01   9.9999985E-01   9.9999985E-01
    9.9999985E-01   9.9999985E-01   9.9999985E-01   9.9999985E-01   9.9999985E-01

 1.4624569563E+02   2.8992882E+14   1.7461818E+15   7.8244638E+00   1.6302002E-04   8.8223187E-04   9.9997206E-01    59 
    9.9984656E-01   1.0000255E+00   1.0000063E+00   1.0000014E+00   1.0000004E+00
    1.0000001E+00   1.0000001E+00   1.0000000E+00   1.0000000E+00   1.0000000E+00
    1.0000000E+00   1.0000000E+00   1.0000000E+00   9.9999999E-01   9.9999998E-01
    9.9999995E-01   9.9999993E-01   9.9999991E-01   9.9999989E-01   9.9999988E-01
    9.9999987E-01   9.9999987E-01   9.9999986E-01   9.9999986E-01   9.9999986E-01
    9.9999986E-01   9.9999986E-01   9.9999986E-01   9.9999986E-01   9.9999986E-01

 1.4614706796E+02   2.9648142E+14   1.7856559E+15   7.8694549E+00   1.5991790E-04   8.6390046E-04   9.9997264E-01    60 
    9.9989046E-01   1.0000288E+00   1.0000045E+00   1.0000003E+00   9.9999995E-01
    9.9999996E-01   9.9999997E-01   9.9999999E-01   9.9999999E-01   9.9999999E-01
    1.0000000E+00   1.0000000E+00   9.9999999E-01   9.9999999E-01   9.9999997E-01
    9.9999995E-01   9.9999993E-01   9.9999991E-01   9.9999989E-01   9.9999988E-01
    9.9999987E-01   9.9999987E-01   9.9999987E-01   9.9999987E-01   9.9999987E-01
    9.9999987E-01   9.9999986E-01   9.9999986E-01   9.9999986E-01   9.9999986E-01
