 
 Summary of changes at each depth 
 NT=  1153
 
   Depth  100.0%   10.0%    1.0%    0.1%   0.01%  0.001% 0.0001%
       1       0       0       0       0      12     617    1011
       2       0       0       0       0      12     617    1011
       3       0       0       0       0      12     620    1010
       4       0       0       0       0      11     621    1008
       5       0       0       0       0       9     621    1001
       6       0       0       0       0       6     627    1000
       7       0       0       0       0       2     618     995
       8       0       0       0       0       1     586     989
       9       0       0       0       0       0     590     978
      10       0       0       0       0       0     601     985
      11       0       0       0       0       0     616     990
      12       0       0       0       0       0     641     994
      13       0       0       0       0       0     656    1003
      14       0       0       0       0       0     672    1033
      15       0       0       0       0       0     679    1050
      16       0       0       0       0       1     701    1076
      17       0       0       0       0       0     736    1086
      18       0       0       0       0       0     794    1105
      19       0       0       0       0       0     847    1113
      20       0       0       0       0       0     915    1133
      21       0       0       0       0       1     930    1134
      22       0       0       0       0       1     930    1138
      23       0       0       0       0       1     936    1137
      24       0       0       0       0       2     947    1140
      25       0       0       0       0      36     955    1144
      26       0       0       0       0     147     978    1142
      27       0       0       0       0     329    1025    1147
      28       0       0       0       0     372    1030    1147
      29       0       0       0       0     470    1048    1147
      30       0       0       0       0     524    1117    1148
      31       0       0       0       0     559    1118    1148
      32       0       0       0       0     596    1118    1149
      33       0       0       0       0     613    1106    1143
      34       0       0       0       0     586    1087    1145
      35       0       0       0       0     467    1019    1141
      36       0       0       0       0     277     943    1142
      37       0       0       0       0     260     931    1141
      38       0       0       0       0     249     926    1144
      39       0       0       0       0     234     928    1143
      40       0       0       0       0     226     929    1146
      41       0       0       0       0     177     939    1147
      42       0       0       0       0     139     947    1146
      43       0       0       0       0     130     958    1143
      44       0       0       0       0     133     916    1147
      45       0       0       0       0     126     813    1126
      46       0       0       0       0     119     836    1070
      47       0       0       0       0      70     830    1130
      48       0       0       0       0       1     802    1134
      49       0       0       0       0       0     844    1112
      50       0       0       0       0       0     822    1136
      51       0       0       0       0       0     724    1117
      52       0       0       0       0       0     722    1048
      53       0       0       0       0       0     693    1112
      54       0       0       0       0       0     418    1038
      55       0       0       0       0       0     273    1005
      56       0       0       0       0       0      74     925
      57       0       0       0       0       0       0     856
      58       0       0       0       0       0       0     856
      59       0       0       0       0       0       0     852
      60       0       0       0       0       0       0     852
