!
! Note: The effective temperature and surface gravity are defined
! at the reference radius, which (except when using the old
! velocity) is the location where Tau=2/3.
!
! Effective temperature (10^4 K) is:    2.700000E+00
!      Log surface gravity (cgs) is:    2.900000E+00
!         Core radius (10^10 cm) is:    1.967923E+02
!    Reference radius (10^10 cm) is:    2.128800E+02
!              Luminosity (Lsun) is:    4.485547E+05
!            Mass (Msun) of star is:    2.712317E+01
!       Mass loss rate (Msun/yr) is:    3.412500E-07
!         Mean atomic mass (amu) is:    1.614500E+00
!            Eddington parameter is:    3.138935E-01
!                   Atom density is:    1.000000E+08
! Ratio of inner to outer radius is:  136.30044555
!
      60          !Number of depth points
!
!    R(10^10cm)       V(km/s)         Sigma           Tau     Index
 26822.87640000  1.532642E+03 -9.887315E-01  1.080103E-05         1
 25878.31365751  1.532010E+03 -9.882616E-01  1.119537E-05         2
 24089.24758614  1.530680E+03 -9.872731E-01  1.202776E-05         3
 19440.73951469  1.526130E+03 -9.834657E-01  1.491502E-05         4
 14101.69504018  1.517243E+03 -9.763332E-01  2.059598E-05         5
 10236.72145889  1.504934E+03 -9.671714E-01  2.844076E-05         6
  7448.77900473  1.488178E+03 -9.545850E-01  3.927353E-05         7
  5441.24051165  1.465535E+03 -9.371899E-01  5.423237E-05         8
  3994.53850181  1.435182E+03 -9.131156E-01  7.488887E-05         9
  2947.39047933  1.394736E+03 -8.796616E-01  1.034132E-04        10
  2186.45267935  1.341274E+03 -8.332918E-01  1.428021E-04        11
  1632.95967852  1.271783E+03 -7.715433E-01  1.971938E-04        12
  1230.87451640  1.184942E+03 -6.911257E-01  2.723027E-04        13
   938.29120583  1.080619E+03 -5.669815E-01  3.760197E-04        14
   724.41161822  9.517331E+02 -3.741502E-01  5.192414E-04        15
   570.44205035  8.007885E+02 -1.172815E-01  7.170146E-04        16
   460.33324825  6.439664E+02  2.450553E-01  9.901173E-04        17
   381.39797703  4.885176E+02  8.045735E-01  1.367242E-03        18
   325.27121370  3.451335E+02  1.671679E+00  1.888009E-03        19
   285.91622161  2.258377E+02  3.039515E+00  2.607130E-03        20
   259.00812100  1.370487E+02  5.217909E+00  3.593214E-03        21
   242.09870751  8.151787E+01  8.273323E+00  4.823580E-03        22
   231.14261293  4.845490E+01  1.195489E+01  6.346225E-03        23
   223.41052737  2.910440E+01  1.687635E+01  8.338708E-03        24
   218.37578468  1.794928E+01  5.291187E+01  1.053311E-02        25
   217.74578636  1.055137E+01  3.123602E+02  1.101491E-02        26
   217.48231688  6.171458E+00  4.545473E+02  1.137735E-02        27
   217.21053768  3.694628E+00  4.367915E+02  1.200553E-02        28
   216.95385899  2.187310E+00  4.479450E+02  1.301438E-02        29
   216.65917863  1.308939E+00  3.851845E+02  1.505376E-02        30
   216.33095386  7.799200E-01  3.490610E+02  1.902695E-02        31
   215.99550762  4.764623E-01  3.154915E+02  2.610169E-02        32
   215.70385729  3.252090E-01  2.749633E+02  3.607002E-02        33
   215.43184317  2.380522E-01  2.393292E+02  4.980869E-02        34
   215.16294670  1.812227E-01  2.116402E+02  6.878025E-02        35
   214.88842697  1.410940E-01  1.901696E+02  9.497787E-02        36
   214.60301552  1.113988E-01  1.721449E+02  1.311539E-01        37
   214.30303442  8.890325E-02  1.553427E+02  1.811089E-01        38
   213.98534019  7.170680E-02  1.383109E+02  2.500912E-01        39
   213.64660338  5.858263E-02  1.203341E+02  3.453482E-01        40
   213.28232772  4.860757E-02  1.007675E+02  4.768874E-01        41
   212.88536660  4.121342E-02  7.878457E+01  6.585284E-01        42
   212.44346489  3.595272E-02  5.652408E+01  9.093544E-01        43
   211.93667622  3.228011E-02  3.961825E+01  1.255717E+00        44
   211.33908341  2.933018E-02  3.236049E+01  1.734006E+00        45
   210.62507913  2.628592E-02  3.304201E+01  2.394469E+00        46
   209.77723363  2.269923E-02  3.707316E+01  3.306495E+00        47
   208.79596727  1.878225E-02  4.079050E+01  4.565901E+00        48
   207.69554138  1.493237E-02  4.407684E+01  6.305002E+00        49
   206.49867867  1.138904E-02  4.808892E+01  8.706505E+00        50
   205.24224126  8.321202E-03  5.236303E+01  1.202271E+01        51
   203.96981055  5.926748E-03  5.463742E+01  1.660203E+01        52
   202.70608049  4.216505E-03  5.437074E+01  2.292556E+01        53
   201.45006898  3.021481E-03  5.316023E+01  3.165764E+01        54
   200.19184042  2.174727E-03  5.207553E+01  4.371568E+01        55
   198.92552825  1.567468E-03  5.091108E+01  6.036649E+01        56
   197.62152452  1.128754E-03  4.798347E+01  8.400775E+01        57
   197.12449551  1.000429E-03  4.614307E+01  9.523393E+01        58
   196.87541821  9.431982E-04  4.579122E+01  1.013976E+02        59
   196.79228701  9.247182E-04  4.591030E+01  1.035396E+02        60
   196.79228701  9.247182E-04  4.591030E+01  1.035396E+02        60
