!
! Note: The effective temperature and surface gravity are defined
! at the reference radius, which (except when using the old
! velocity) is the location where Tau=2/3.
!
! Effective temperature (10^4 K) is:    2.700000E+00
!      Log surface gravity (cgs) is:    2.900000E+00
!         Core radius (10^10 cm) is:    1.948373E+02
!    Reference radius (10^10 cm) is:    2.108432E+02
!              Luminosity (Lsun) is:    4.400123E+05
!            Mass (Msun) of star is:    2.660663E+01
!       Mass loss rate (Msun/yr) is:    3.412500E-07
!         Mean atomic mass (amu) is:    1.614498E+00
!            Eddington parameter is:    3.138939E-01
!                   Atom density is:    0.000000E+00
! Ratio of inner to outer radius is:  174.19364452
!
      60          !Number of depth points
!
!    R(10^10cm)       V(km/s)         Sigma           Tau     Index
 33939.42081322  1.519159E+03 -9.911404E-01  8.647699E-06         1
 33539.02145444  1.518998E+03 -9.910293E-01  8.750946E-06         2
 32752.11505502  1.518671E+03 -9.908102E-01  8.961256E-06         3
 31235.21771916  1.517995E+03 -9.903491E-01  9.396760E-06         4
 28410.38794308  1.516548E+03 -9.892834E-01  1.033248E-05         5
 23499.35719557  1.513226E+03 -9.862657E-01  1.249362E-05         6
 16276.34851600  1.504629E+03 -9.790330E-01  1.804994E-05         7
 11302.06916089  1.492425E+03 -9.697449E-01  2.607734E-05         8
  7864.29091107  1.475028E+03 -9.562545E-01  3.767480E-05         9
  5493.16928781  1.450431E+03 -9.368382E-01  5.443003E-05        10
  3861.33244271  1.416136E+03 -9.090364E-01  7.863685E-05        11
  2732.26910793  1.368826E+03 -8.690851E-01  1.136093E-04        12
  1947.31996636  1.304419E+03 -8.114272E-01  1.641350E-04        13
  1400.99345022  1.218578E+03 -7.277898E-01  2.371313E-04        14
  1020.93729285  1.107537E+03 -6.004123E-01  3.425914E-04        15
   756.68583321  9.670251E+02 -4.073840E-01  4.949532E-04        16
   574.73760734  8.009624E+02 -1.313607E-01  7.150752E-04        17
   450.26917333  6.249258E+02  2.921478E-01  1.033093E-03        18
   365.10978889  4.501184E+02  9.764077E-01  1.492927E-03        19
   308.26849867  2.970565E+02  2.093130E+00  2.145207E-03        20
   275.56098611  1.941503E+02  3.613103E+00  2.906687E-03        21
   255.41852616  1.273931E+02  5.630955E+00  3.778043E-03        22
   242.13319208  8.351610E+01  8.261308E+00  4.783081E-03        23
   232.93452228  5.482152E+01  1.153396E+01  5.958728E-03        24
   226.19597390  3.578048E+01  1.532918E+01  7.386098E-03        25
   221.00972604  2.335303E+01  1.870105E+01  9.192630E-03        26
   217.02057011  1.601379E+01  4.886623E+01  1.137874E-02        27
   215.89907124  1.006351E+01  2.056178E+02  1.229918E-02        28
   215.57462970  6.532887E+00  3.213599E+02  1.274448E-02        29
   215.32650136  4.320174E+00  3.595456E+02  1.330142E-02        30
   215.04702300  2.828555E+00  3.307406E+02  1.426393E-02        31
   214.75555905  1.852738E+00  3.189019E+02  1.581949E-02        32
   214.45971994  1.212868E+00  3.154804E+02  1.827723E-02        33
   214.16503602  7.949356E-01  3.148629E+02  2.210224E-02        34
   213.86789799  5.202173E-01  3.103671E+02  2.816116E-02        35
   213.56052015  3.405720E-01  2.956203E+02  3.807409E-02        36
   213.23695702  2.254647E-01  2.675756E+02  5.461986E-02        37
   212.92711181  1.587714E-01  2.335425E+02  7.891111E-02        38
   212.62012489  1.173578E-01  1.998304E+02  1.140055E-01        39
   212.30346943  9.011288E-02  1.679901E+02  1.647075E-01        40
   211.96747175  7.111461E-02  1.400850E+02  2.379583E-01        41
   211.60338364  5.751425E-02  1.142725E+02  3.437863E-01        42
   211.20149684  4.759459E-02  8.983934E+01  4.966793E-01        43
   210.74948337  4.048283E-02  6.474727E+01  7.175690E-01        44
   210.22604040  3.575367E-02  4.088881E+01  1.036696E+00        45
   209.59463068  3.271060E-02  2.683022E+01  1.497748E+00        46
   208.80814696  2.976107E-02  2.728279E+01  2.163847E+00        47
   207.83066529  2.547959E-02  3.541086E+01  3.126181E+00        48
   206.66863326  2.017666E-02  4.266859E+01  4.516496E+00        49
   205.36479479  1.505724E-02  4.727511E+01  6.525131E+00        50
   203.96592445  1.068662E-02  5.160493E+01  9.427072E+00        51
   202.52983782  7.271334E-03  5.510888E+01  1.361960E+01        52
   201.10417949  4.914215E-03  5.545751E+01  1.967669E+01        53
   199.69580225  3.352080E-03  5.409275E+01  2.842756E+01        54
   198.28866628  2.310019E-03  5.251670E+01  4.107024E+01        55
   196.86954772  1.592848E-03  5.101093E+01  5.934512E+01        56
   195.63586657  1.164374E-03  4.800174E+01  8.152581E+01        57
   195.15726976  1.035129E-03  4.612547E+01  9.215482E+01        58
   194.91738485  9.775842E-04  4.594785E+01  9.797821E+01        59
   194.83730826  9.588476E-04  4.624530E+01  1.000000E+02        60
   194.83730826  9.588476E-04  4.624530E+01  1.000000E+02        60
