
Reference radius (Tau=2/3) of of old model is    2.8701E+02

 Depth                 R             V     Tau(Ross)         Gamma
     1      4.426371E+04    6.3537E+02    1.5390E-05    6.4260E+00
     2      4.385209E+04    6.3531E+02    1.5710E-05    6.4312E+00
     3      4.303983E+04    6.3519E+02    1.6362E-05    6.4460E+00
     4      4.146236E+04    6.3493E+02    1.7703E-05    6.4735E+00
     5      3.848159E+04    6.3439E+02    2.0549E-05    6.5284E+00
     6      3.314803E+04    6.3320E+02    2.6977E-05    6.6487E+00
     7      2.483079E+04    6.3033E+02    4.2753E-05    6.8524E+00
     8      1.860779E+04    6.2641E+02    6.4175E-05    7.0092E+00
     9      1.397315E+04    6.2124E+02    9.3017E-05    7.1235E+00
    10      1.051359E+04    6.1454E+02    1.3179E-04    7.2138E+00
    11      7.936035E+03    6.0593E+02    1.8362E-04    7.2815E+00
    12      6.016087E+03    5.9471E+02    2.5258E-04    7.3079E+00
    13      4.582735E+03    5.8012E+02    3.4417E-04    7.2620E+00
    14      3.509407E+03    5.6132E+02    4.6576E-04    7.1152E+00
    15      2.703744E+03    5.3797E+02    6.2719E-04    6.9390E+00
    16      2.096172E+03    5.1021E+02    8.4199E-04    6.7762E+00
    17      1.634661E+03    4.7536E+02    1.1306E-03    6.5120E+00
    18      1.286804E+03    4.3211E+02    1.5187E-03    6.1332E+00
    19      1.027649E+03    3.8531E+02    2.0344E-03    5.6685E+00
    20      8.311948E+02    3.3247E+02    2.7336E-03    5.0465E+00
    21      6.842988E+02    2.7579E+02    3.6801E-03    4.3269E+00
    22      5.747441E+02    2.2011E+02    4.9673E-03    3.5925E+00
    23      4.930311E+02    1.6821E+02    6.7235E-03    2.8599E+00
    24      4.323347E+02    1.2281E+02    9.1039E-03    2.0879E+00
    25      3.899892E+02    8.7956E+01    1.2038E-02    1.3752E+00
    26      3.604344E+02    6.3119E+01    1.5449E-02    8.8328E-01
    27      3.383721E+02    4.5203E+01    1.9508E-02    6.0580E-01
    28      3.207165E+02    3.2116E+01    2.4618E-02    4.6755E-01
    29      3.035524E+02    2.3404E+01    3.2234E-02    3.9206E-01
    30      2.917654E+02    1.7268E+01    3.9898E-02    2.9353E-01
    31      2.909739E+02    1.2111E+01    4.0633E-02    2.4512E-01
    32      2.907047E+02    8.7462E+00    4.0995E-02    2.2172E-01
    33      2.905633E+02    6.2198E+00    4.1272E-02    2.2940E-01
    34      2.903881E+02    4.4694E+00    4.1763E-02    2.5354E-01
    35      2.901990E+02    3.2074E+00    4.2509E-02    2.7789E-01
    36      2.900156E+02    2.2961E+00    4.3541E-02    2.9650E-01
    37      2.898245E+02    1.6464E+00    4.5079E-02    3.1219E-01
    38      2.896297E+02    1.1799E+00    4.7331E-02    3.2595E-01
    39      2.894345E+02    8.4536E-01    5.0602E-02    3.4008E-01
    40      2.892385E+02    6.0540E-01    5.5410E-02    3.5655E-01
    41      2.890391E+02    4.3362E-01    6.2650E-02    3.7768E-01
    42      2.888321E+02    3.1104E-01    7.3876E-02    4.0655E-01
    43      2.886080E+02    2.2279E-01    9.2230E-02    4.4657E-01
    44      2.883633E+02    1.6121E-01    1.2264E-01    4.9583E-01
    45      2.881391E+02    1.2453E-01    1.6297E-01    5.4154E-01
    46      2.879191E+02    9.9762E-02    2.1667E-01    5.8365E-01
    47      2.876933E+02    8.1698E-02    2.8827E-01    6.2154E-01
    48      2.874542E+02    6.7814E-02    3.8385E-01    6.5488E-01
    49      2.871956E+02    5.6737E-02    5.1155E-01    6.8246E-01
    50      2.869122E+02    4.7602E-02    6.8224E-01    7.0118E-01
    51      2.865999E+02    3.9811E-02    9.1045E-01    7.0672E-01
    52      2.862561E+02    3.3022E-02    1.2155E+00    7.0312E-01
    53      2.858813E+02    2.7164E-02    1.6232E+00    6.9945E-01
    54      2.854779E+02    2.2278E-02    2.1679E+00    7.0266E-01
    55      2.850492E+02    1.8360E-02    2.8955E+00    7.1750E-01
    56      2.845971E+02    1.5337E-02    3.8674E+00    7.4718E-01
    57      2.841200E+02    1.3090E-02    5.1657E+00    7.9389E-01
    58      2.836112E+02    1.1509E-02    6.8999E+00    8.5516E-01
    59      2.830550E+02    1.0506E-02    9.2158E+00    9.2601E-01
    60      2.824203E+02    9.9755E-03    1.2314E+01    9.9159E-01
    61      2.816526E+02    9.6320E-03    1.6471E+01    1.0191E+00
    62      2.806786E+02    8.9931E-03    2.2031E+01    9.8021E-01
    63      2.794561E+02    7.8172E-03    2.9434E+01    9.2521E-01
    64      2.780189E+02    6.3479E-03    3.9307E+01    8.7664E-01
    65      2.764331E+02    4.9000E-03    5.2490E+01    8.2956E-01
    66      2.747120E+02    3.6302E-03    7.0686E+01    7.8938E-01
    67      2.736102E+02    2.9846E-03    8.5209E+01    7.6957E-01
    68      2.730523E+02    2.7030E-03    9.3618E+01    7.6022E-01
    69      2.727728E+02    2.5729E-03    9.8130E+01    7.5725E-01
    70      2.726795E+02    2.5308E-03    9.9682E+01    7.5486E-01

 Index            R          Tau           Na        Ne/Na            T        Kross       Kr/Kes       Kf/Kes
     1   4.4264E+04   1.5390E-05   2.2803E+06   9.3726E-01   9.6423E-01   2.3932E-01   1.0864E+00   3.0360E+01
     2   4.3852E+04   1.5710E-05   2.3235E+06   9.3747E-01   9.6459E-01   2.3940E-01   1.0865E+00   3.0377E+01
     3   4.3040E+04   1.6362E-05   2.4125E+06   9.3814E-01   9.6521E-01   2.3961E-01   1.0867E+00   3.0425E+01
     4   4.1462E+04   1.7703E-05   2.6006E+06   9.3994E-01   9.6620E-01   2.4014E-01   1.0870E+00   3.0497E+01
     5   3.8482E+04   2.0549E-05   3.0216E+06   9.4427E-01   9.6779E-01   2.4138E-01   1.0876E+00   3.0614E+01
     6   3.3148E+04   2.6977E-05   4.0799E+06   9.5299E-01   9.7060E-01   2.4386E-01   1.0887E+00   3.0893E+01
     7   2.4831E+04   4.2753E-05   7.3040E+06   9.6608E-01   9.7563E-01   2.4767E-01   1.0907E+00   3.1409E+01
     8   1.8608E+04   6.4175E-05   1.3088E+07   9.7516E-01   9.8097E-01   2.5048E-01   1.0928E+00   3.1828E+01
     9   1.3973E+04   9.3017E-05   2.3402E+07   9.8165E-01   9.8640E-01   2.5267E-01   1.0951E+00   3.2133E+01
    10   1.0514E+04   1.3179E-04   4.1789E+07   9.8641E-01   9.9189E-01   2.5445E-01   1.0975E+00   3.2383E+01
    11   7.9360E+03   1.8362E-04   7.4384E+07   9.8995E-01   9.9748E-01   2.5597E-01   1.1001E+00   3.2570E+01
    12   6.0161E+03   2.5258E-04   1.3188E+08   9.9260E-01   1.0034E+00   2.5732E-01   1.1029E+00   3.2601E+01
    13   4.5827E+03   3.4417E-04   2.3299E+08   9.9459E-01   1.0099E+00   2.5857E-01   1.1061E+00   3.2332E+01
    14   3.5094E+03   4.6576E-04   4.1061E+08   9.9609E-01   1.0169E+00   2.5979E-01   1.1097E+00   3.1630E+01
    15   2.7037E+03   6.2719E-04   7.2180E+08   9.9722E-01   1.0248E+00   2.6104E-01   1.1137E+00   3.0812E+01
    16   2.0962E+03   8.4199E-04   1.2662E+09   9.9809E-01   1.0344E+00   2.6241E-01   1.1186E+00   3.0063E+01
    17   1.6347E+03   1.1306E-03   2.2347E+09   9.9876E-01   1.0477E+00   2.6408E-01   1.1250E+00   2.8872E+01
    18   1.2868E+03   1.5187E-03   3.9672E+09   9.9926E-01   1.0674E+00   2.6631E-01   1.1339E+00   2.7178E+01
    19   1.0276E+03   2.0344E-03   6.9758E+09   9.9962E-01   1.0957E+00   2.6934E-01   1.1464E+00   2.5110E+01
    20   8.3119E+02   2.7336E-03   1.2354E+10   9.9986E-01   1.1380E+00   2.7377E-01   1.1650E+00   2.2349E+01
    21   6.8430E+02   3.6801E-03   2.1938E+10   9.9999E-01   1.1988E+00   2.8006E-01   1.1915E+00   1.9160E+01
    22   5.7474E+02   4.9673E-03   3.8563E+10   1.0000E+00   1.2766E+00   2.8798E-01   1.2252E+00   1.5908E+01
    23   4.9303E+02   6.7235E-03   6.4897E+10   9.9998E-01   1.3689E+00   2.9641E-01   1.2611E+00   1.2664E+01
    24   4.3233E+02   9.1039E-03   9.3905E+10   1.0000E+00   1.4612E+00   3.0231E-01   1.2862E+00   9.2452E+00
    25   3.8999E+02   1.2038E-02   1.0543E+11   1.0001E+00   1.5223E+00   3.0256E-01   1.2871E+00   6.0892E+00
    26   3.6043E+02   1.5449E-02   1.0435E+11   1.0002E+00   1.5495E+00   2.9984E-01   1.2755E+00   3.9106E+00
    27   3.3837E+02   1.9508E-02   1.0525E+11   1.0002E+00   1.5553E+00   2.9716E-01   1.2640E+00   2.6819E+00
    28   3.2072E+02   2.4618E-02   1.1436E+11   1.0003E+00   1.5507E+00   2.9539E-01   1.2564E+00   2.0698E+00
    29   3.0355E+02   3.2234E-02   1.3558E+11   1.0003E+00   1.5524E+00   2.9462E-01   1.2531E+00   1.7356E+00
    30   2.9177E+02   3.9898E-02   1.6526E+11   1.0002E+00   1.5701E+00   2.9513E-01   1.2554E+00   1.2995E+00
    31   2.9097E+02   4.0633E-02   2.0223E+11   1.0001E+00   1.5623E+00   2.9777E-01   1.2668E+00   1.0853E+00
    32   2.9070E+02   4.0995E-02   2.5274E+11   9.9995E-01   1.5463E+00   3.0067E-01   1.2793E+00   9.8186E-01
    33   2.9056E+02   4.1272E-02   3.2877E+11   9.9976E-01   1.5347E+00   3.0483E-01   1.2972E+00   1.0160E+00
    34   2.9039E+02   4.1763E-02   4.3361E+11   9.9951E-01   1.5191E+00   3.0940E-01   1.3170E+00   1.1233E+00
    35   2.9020E+02   4.2509E-02   5.8147E+11   9.9912E-01   1.5024E+00   3.1484E-01   1.3407E+00   1.2316E+00
    36   2.9002E+02   4.3541E-02   7.9024E+11   9.9853E-01   1.4849E+00   3.2159E-01   1.3702E+00   1.3148E+00
    37   2.8982E+02   4.5079E-02   1.0812E+12   9.9755E-01   1.4651E+00   3.2985E-01   1.4068E+00   1.3858E+00
    38   2.8963E+02   4.7331E-02   1.4886E+12   9.9595E-01   1.4442E+00   3.4054E-01   1.4547E+00   1.4492E+00
    39   2.8943E+02   5.0602E-02   2.0585E+12   9.9332E-01   1.4251E+00   3.5468E-01   1.5192E+00   1.5160E+00
    40   2.8924E+02   5.5410E-02   2.8566E+12   9.8921E-01   1.4110E+00   3.7316E-01   1.6050E+00   1.5961E+00
    41   2.8904E+02   6.2650E-02   3.9720E+12   9.8333E-01   1.4041E+00   3.9656E-01   1.7158E+00   1.7008E+00
    42   2.8883E+02   7.3876E-02   5.5239E+12   9.7643E-01   1.4068E+00   4.2547E-01   1.8539E+00   1.8437E+00
    43   2.8861E+02   9.2230E-02   7.7026E+12   9.7175E-01   1.4236E+00   4.6165E-01   2.0212E+00   2.0349E+00
    44   2.8836E+02   1.2264E-01   1.0642E+13   9.7302E-01   1.4578E+00   5.0450E-01   2.2060E+00   2.2565E+00
    45   2.8814E+02   1.6297E-01   1.3782E+13   9.7831E-01   1.5004E+00   5.4234E-01   2.3586E+00   2.4511E+00
    46   2.8792E+02   2.1667E-01   1.7216E+13   9.8456E-01   1.5506E+00   5.7434E-01   2.4819E+00   2.6250E+00
    47   2.8769E+02   2.8827E-01   2.1044E+13   9.9012E-01   1.6093E+00   6.0001E-01   2.5783E+00   2.7797E+00
    48   2.8745E+02   3.8385E-01   2.5384E+13   9.9432E-01   1.6778E+00   6.1974E-01   2.6518E+00   2.9164E+00
    49   2.8720E+02   5.1155E-01   3.0384E+13   9.9708E-01   1.7573E+00   6.3460E-01   2.7078E+00   3.0308E+00
    50   2.8691E+02   6.8224E-01   3.6275E+13   9.9871E-01   1.8481E+00   6.4558E-01   2.7502E+00   3.1089E+00
    51   2.8660E+02   9.1045E-01   4.3458E+13   9.9963E-01   1.9491E+00   6.5306E-01   2.7795E+00   3.1306E+00
    52   2.8626E+02   1.2155E+00   5.2507E+13   1.0001E+00   2.0596E+00   6.5857E-01   2.8015E+00   3.1130E+00
    53   2.8588E+02   1.6232E+00   6.3985E+13   1.0004E+00   2.1801E+00   6.6620E-01   2.8331E+00   3.0958E+00
    54   2.8548E+02   2.1679E+00   7.8227E+13   1.0006E+00   2.3117E+00   6.8095E-01   2.8953E+00   3.1095E+00
    55   2.8505E+02   2.8955E+00   9.5194E+13   1.0008E+00   2.4552E+00   7.0678E-01   3.0045E+00   3.1745E+00
    56   2.8460E+02   3.8674E+00   1.1431E+14   1.0014E+00   2.6112E+00   7.4625E-01   3.1706E+00   3.3040E+00
    57   2.8412E+02   5.1657E+00   1.3437E+14   1.0034E+00   2.7808E+00   8.0090E-01   3.3959E+00   3.5035E+00
    58   2.8361E+02   6.8999E+00   1.5337E+14   1.0108E+00   2.9654E+00   8.7057E-01   3.6642E+00   3.7462E+00
    59   2.8305E+02   9.2158E+00   1.6868E+14   1.0346E+00   3.1664E+00   9.5029E-01   3.9079E+00   3.9633E+00
    60   2.8242E+02   1.2314E+01   1.7844E+14   1.0888E+00   3.3848E+00   1.0274E+00   4.0150E+00   4.0329E+00
    61   2.8165E+02   1.6471E+01   1.8581E+14   1.1575E+00   3.6240E+00   1.0636E+00   3.9093E+00   3.8985E+00
    62   2.8068E+02   2.2031E+01   2.0039E+14   1.2020E+00   3.8845E+00   1.0257E+00   3.6304E+00   3.6109E+00
    63   2.7946E+02   2.9434E+01   2.3255E+14   1.2206E+00   4.1679E+00   9.6547E-01   3.3653E+00   3.3565E+00
    64   2.7802E+02   3.9307E+01   2.8933E+14   1.2275E+00   4.4764E+00   9.1290E-01   3.1642E+00   3.1625E+00
    65   2.7643E+02   5.2490E+01   3.7911E+14   1.2302E+00   4.8119E+00   8.6371E-01   2.9871E+00   2.9860E+00
    66   2.7471E+02   7.0686E+01   5.1814E+14   1.2314E+00   5.1874E+00   8.2185E-01   2.8395E+00   2.8385E+00
    67   2.7361E+02   8.5209E+01   6.3529E+14   1.2319E+00   5.4404E+00   8.0098E-01   2.7664E+00   2.7663E+00
    68   2.7305E+02   9.3618E+01   7.0432E+14   1.2320E+00   5.5731E+00   7.9164E-01   2.7338E+00   2.7323E+00
    69   2.7277E+02   9.8130E+01   7.4145E+14   1.2321E+00   5.6408E+00   7.8716E-01   2.7182E+00   2.7215E+00
    70   2.7268E+02   9.9682E+01   7.5432E+14   1.2321E+00   5.6635E+00   7.8564E-01   2.7128E+00   2.7129E+00

 
 Old model mass absorption coeficients
 Index         Kross         Kflux          Kes
     1   2.39323E-01   6.68807E+00   2.20294E-01
     2   2.39397E-01   6.69347E+00   2.20344E-01
     3   2.39610E-01   6.70886E+00   2.20502E-01
     4   2.40142E-01   6.73750E+00   2.20925E-01
     5   2.41376E-01   6.79463E+00   2.21942E-01
     6   2.43856E-01   6.91982E+00   2.23993E-01
     7   2.47666E-01   7.13191E+00   2.27068E-01
     8   2.50484E-01   7.29501E+00   2.29203E-01
     9   2.52672E-01   7.41406E+00   2.30728E-01
    10   2.54452E-01   7.50796E+00   2.31846E-01
    11   2.55967E-01   7.57846E+00   2.32679E-01
    12   2.57317E-01   7.60597E+00   2.33302E-01
    13   2.58575E-01   7.55821E+00   2.33770E-01
    14   2.59794E-01   7.40534E+00   2.34122E-01
    15   2.61040E-01   7.22198E+00   2.34388E-01
    16   2.62409E-01   7.05251E+00   2.34593E-01
    17   2.64083E-01   6.77761E+00   2.34750E-01
    18   2.66309E-01   6.38328E+00   2.34867E-01
    19   2.69342E-01   5.89969E+00   2.34952E-01
    20   2.73774E-01   5.25226E+00   2.35009E-01
    21   2.80059E-01   4.50336E+00   2.35038E-01
    22   2.87978E-01   3.73904E+00   2.35044E-01
    23   2.96409E-01   2.97657E+00   2.35037E-01
    24   3.02309E-01   2.17300E+00   2.35040E-01
    25   3.02558E-01   1.43133E+00   2.35061E-01
    26   2.99842E-01   9.19304E-01   2.35083E-01
    27   2.97162E-01   6.30510E-01   2.35098E-01
    28   2.95393E-01   4.86619E-01   2.35104E-01
    29   2.94619E-01   4.08050E-01   2.35103E-01
    30   2.95126E-01   3.05502E-01   2.35086E-01
    31   2.97771E-01   2.55119E-01   2.35060E-01
    32   3.00671E-01   2.30765E-01   2.35029E-01
    33   3.04825E-01   2.38754E-01   2.34985E-01
    34   3.09401E-01   2.63881E-01   2.34925E-01
    35   3.14836E-01   2.89227E-01   2.34835E-01
    36   3.21587E-01   3.08587E-01   2.34694E-01
    37   3.29852E-01   3.24919E-01   2.34466E-01
    38   3.40538E-01   3.39240E-01   2.34088E-01
    39   3.54681E-01   3.53948E-01   2.33471E-01
    40   3.73159E-01   3.71091E-01   2.32504E-01
    41   3.96561E-01   3.93082E-01   2.31122E-01
    42   4.25467E-01   4.23125E-01   2.29501E-01
    43   4.61649E-01   4.64782E-01   2.28400E-01
    44   5.04499E-01   5.16051E-01   2.28699E-01
    45   5.42340E-01   5.63620E-01   2.29943E-01
    46   5.74337E-01   6.07448E-01   2.31411E-01
    47   6.00014E-01   6.46883E-01   2.32720E-01
    48   6.19744E-01   6.81586E-01   2.33706E-01
    49   6.34596E-01   7.10290E-01   2.34355E-01
    50   6.45582E-01   7.29771E-01   2.34738E-01
    51   6.53064E-01   7.35537E-01   2.34953E-01
    52   6.58567E-01   7.31799E-01   2.35076E-01
    53   6.66197E-01   7.27970E-01   2.35147E-01
    54   6.80953E-01   7.31320E-01   2.35190E-01
    55   7.06778E-01   7.46762E-01   2.35238E-01
    56   7.46250E-01   7.77656E-01   2.35367E-01
    57   8.00903E-01   8.26266E-01   2.35841E-01
    58   8.70569E-01   8.90037E-01   2.37585E-01
    59   9.50291E-01   9.63771E-01   2.43174E-01
    60   1.02745E+00   1.03203E+00   2.55903E-01
    61   1.06357E+00   1.06065E+00   2.72065E-01
    62   1.02568E+00   1.02018E+00   2.82527E-01
    63   9.65465E-01   9.62944E-01   2.86888E-01
    64   9.12900E-01   9.12389E-01   2.88507E-01
    65   8.63707E-01   8.63394E-01   2.89145E-01
    66   8.21853E-01   8.21570E-01   2.89437E-01
    67   8.00976E-01   8.00959E-01   2.89540E-01
    68   7.91644E-01   7.91226E-01   2.89577E-01
    69   7.87163E-01   7.88135E-01   2.89594E-01
    70   7.85636E-01   7.85644E-01   2.89599E-01
