!
! Note: The effective temperature and surface gravity are defined
! at the reference radius, which (except when using the old
! velocity) is the location where Tau=2/3.
!
! Effective temperature (10^4 K) is:    1.890000E+00
!      Log surface gravity (cgs) is:    2.400000E+00
!         Core radius (10^10 cm) is:    2.852513E+02
!    Reference radius (10^10 cm) is:    3.219303E+02
!              Luminosity (Lsun) is:    2.462985E+05
!            Mass (Msun) of star is:    1.961528E+01
!       Mass loss rate (Msun/yr) is:    8.000000E-07
!         Mean atomic mass (amu) is:    1.703840E+00
!            Eddington parameter is:    2.258311E-01
!                   Atom density is:    1.000000E+08
! Ratio of inner to outer radius is:  142.20170406
!
      70          !Number of depth points
!
!    R(10^10cm)       V(km/s)         Sigma           Tau     Index
 40563.21852000  6.418824E+02 -9.874177E-01  3.691083E-05         1
 39418.44795210  6.416473E+02 -9.869908E-01  3.798296E-05         2
 37225.89920525  6.411564E+02 -9.861051E-01  4.022153E-05         3
 31357.59358743  6.395096E+02 -9.828396E-01  4.776043E-05         4
 24251.70072977  6.364261E+02 -9.776921E-01  6.179916E-05         5
 18793.02063487  6.325953E+02 -9.712750E-01  7.996444E-05         6
 14561.02059426  6.276334E+02 -9.620394E-01  1.034692E-04         7
 11292.93308180  6.211156E+02 -9.500552E-01  1.338830E-04         8
  8785.74160438  6.127807E+02 -9.372250E-01  1.732367E-04         9
  6876.73728855  6.028903E+02 -9.197938E-01  2.241580E-04        10
  5397.44524341  5.903667E+02 -8.937594E-01  2.900472E-04        11
  4253.05052779  5.742756E+02 -8.633218E-01  3.753038E-04        12
  3370.33632830  5.549929E+02 -8.298769E-01  4.856208E-04        13
  2680.46974098  5.323406E+02 -7.760697E-01  6.283645E-04        14
  2140.04183892  5.033799E+02 -7.074157E-01  8.130664E-04        15
  1723.34075498  4.698075E+02 -6.356031E-01  1.052060E-03        16
  1397.11304691  4.326056E+02 -5.108201E-01  1.361303E-03        17
  1142.57225981  3.866154E+02 -3.742470E-01  1.761445E-03        18
   947.79274438  3.407439E+02 -1.937440E-01  2.279205E-03        19
   795.29111590  2.900498E+02  6.754256E-02  2.949156E-03        20
   677.92457917  2.392122E+02  3.890510E-01  3.816033E-03        21
   587.44494017  1.908895E+02  8.103108E-01  4.937720E-03        22
   517.81873017  1.470281E+02  1.369976E+00  6.389116E-03        23
   464.42040457  1.093353E+02  2.101609E+00  8.267137E-03        24
   423.55918093  7.873867E+01  3.026026E+00  1.069718E-02        25
   392.24937147  5.531429E+01  4.104022E+00  1.384152E-02        26
   368.18762526  3.852056E+01  4.819163E+00  1.791011E-02        27
   348.78243795  2.810130E+01  5.032609E+00  2.317461E-02        28
   331.04859513  2.030653E+01  1.333133E+01  3.068723E-02        29
   327.90040953  1.434163E+01  8.563948E+01  3.252162E-02        30
   327.43095548  9.522441E+00  4.076115E+02  3.296159E-02        31
   327.16389963  6.103142E+00  5.258331E+02  3.336106E-02        32
   326.81970311  4.040523E+00  3.924426E+02  3.413766E-02        33
   326.44436158  2.676637E+00  3.658444E+02  3.541508E-02        34
   326.06263615  1.771406E+00  3.649054E+02  3.737928E-02        35
   325.69221791  1.172935E+00  4.092922E+02  4.026088E-02        36
   325.40190380  7.753754E-01  4.650292E+02  4.385922E-02        37
   325.08387941  5.124318E-01  4.259070E+02  5.039603E-02        38
   324.74681026  3.405755E-01  3.893558E+02  6.199263E-02        39
   324.41997262  2.386153E-01  3.394757E+02  8.040313E-02        40
   324.14044886  1.833262E-01  2.901394E+02  1.040369E-01        41
   323.87777173  1.482529E-01  2.471170E+02  1.346175E-01        42
   323.61711063  1.238085E-01  2.106095E+02  1.741871E-01        43
   323.34818876  1.055946E-01  1.797860E+02  2.253878E-01        44
   323.06253265  9.136695E-02  1.536436E+02  2.916384E-01        45
   322.75233956  7.984558E-02  1.316528E+02  3.773628E-01        46
   322.40991700  7.024343E-02  1.137888E+02  4.882850E-01        47
   322.02765959  6.197770E-02  1.006228E+02  6.318118E-01        48
   321.59858828  5.458032E-02  9.251365E+01  8.175270E-01        49
   321.11762168  4.768550E-02  8.856304E+01  1.057831E+00        50
   320.58300470  4.119037E-02  8.613772E+01  1.368771E+00        51
   319.99676151  3.523956E-02  8.267063E+01  1.771108E+00        52
   319.36315311  3.004271E-02  7.670410E+01  2.291709E+00        53
   318.68575541  2.573737E-02  6.764645E+01  2.965336E+00        54
   317.96430427  2.236141E-02  5.531989E+01  3.836968E+00        55
   317.19169824  1.989584E-02  3.984924E+01  4.964809E+00        56
   316.35036478  1.831636E-02  2.189787E+01  6.424168E+00        57
   315.40558088  1.764901E-02 -1.000000E+00  8.312492E+00        58
   314.29049514  1.800872E-02 -1.122232E+01  1.075587E+01        59
   312.88193840  1.930198E-02 -1.480188E+01  1.391746E+01        60
   311.00062266  2.073624E-02 -1.063148E+01  1.800836E+01        61
   308.38843428  2.197785E-02 -1.000000E+00  2.330175E+01        62
   304.83674275  2.137102E-02  3.874192E+00  3.015109E+01        63
   300.55974309  1.817340E-02  1.319279E+01  3.901372E+01        64
   296.04279025  1.376979E-02  1.948356E+01  5.048143E+01        65
   291.71125592  9.734970E-03  2.418580E+01  6.531997E+01        66
   287.73166426  6.722841E-03  2.708487E+01  8.461898E+01        67
   286.22349824  5.790731E-03  2.764519E+01  9.402551E+01        68
   285.49194888  5.380436E-03  2.792952E+01  9.911393E+01        69
   285.25128295  5.250461E-03  2.806139E+01  1.008705E+02        70
   285.25128295  5.250461E-03  2.806139E+01  1.008705E+02        70
