 Output format date:         27-JAN-1992         
 Completion of Model:        28-Sep-2020 18:14:49
 ND:                            70
 HYD/He abundance:            1.00000E+00
    9.6674247E+05   9.8583844E+05   1.0251995E+06   1.1085720E+06   1.2960844E+06   1.7727362E+06   3.2532666E+06   5.9636036E+06
    1.0912586E+07   1.9953770E+07   3.6421363E+07   6.6304757E+07   1.2049916E+08   2.1887416E+08   3.9731165E+08   7.1833662E+08
    1.3030956E+09   2.3867231E+09   4.3510383E+09   7.8771842E+09   1.4336520E+10   2.6143299E+10   4.7725731E+10   8.3019760E+10
    1.2355358E+11   1.4151837E+11   1.3464748E+11   1.2721024E+11   1.3258245E+11   1.4960311E+11   1.7349771E+11   2.0427268E+11
    2.6093053E+11   3.3776428E+11   4.5036725E+11   6.0997354E+11   8.3730582E+11   1.1598484E+12   1.6199996E+12   2.2732315E+12
    3.1945804E+12   4.5130391E+12   6.3174402E+12   8.4792832E+12   1.1038766E+13   1.4088187E+13   1.7719991E+13   2.2008724E+13
    2.6999815E+13   3.2685349E+13   3.8979433E+13   4.5717149E+13   5.2758543E+13   6.0301865E+13   6.9264798E+13   8.1082498E+13
    9.7515420E+13   1.2046483E+14   1.5237735E+14   1.9758338E+14   2.6356597E+14   3.5899344E+14   4.9250416E+14   6.7475002E+14
    9.2098480E+14   1.2553864E+15   1.7209034E+15   1.9321454E+15   2.0460898E+15   2.0854558E+15
 Number of HI levels:           30
 HI Oscillator date:         12-OCT-1995
    3.6179653E-02   2.3744577E-08   1.6536836E-08   1.8984303E-08   2.6653333E-08   3.4705271E-08   3.5965174E-08   2.2061816E-08
    4.2227041E-08   3.1231245E-08   3.8280013E-08   3.9506102E-08   5.0888025E-08   5.8964563E-08   6.4102411E-08   7.2882070E-08
    8.4219322E-08   9.3342558E-08   1.0340256E-07   1.1558728E-07   1.2782105E-07   1.4164098E-07   1.5597686E-07   1.7113267E-07
    1.8659383E-07   2.0260883E-07   2.1895077E-07   2.3577868E-07   2.5301504E-07   2.7064039E-07   3.6827069E-02   2.4641822E-08
    1.7163259E-08   1.9702400E-08   2.7660474E-08   3.6015655E-08   3.7320323E-08   2.2887278E-08   4.3818409E-08   3.2404983E-08
    3.9710975E-08   4.0985042E-08   5.2784145E-08   6.1158568E-08   6.6495828E-08   7.5601074E-08   8.7343574E-08   9.6818793E-08
    1.0726542E-07   1.1989778E-07   1.3259288E-07   1.4691623E-07   1.6177504E-07   1.7747803E-07   1.9350076E-07   2.1009633E-07
    2.2703403E-07   2.4447604E-07   2.6234371E-07   2.8061749E-07   3.8157793E-02   2.6540901E-08   1.8489122E-08   2.1222157E-08
    2.9791807E-08   3.8788602E-08   4.0187654E-08   2.4633151E-08   4.7185752E-08   3.4888416E-08   4.2737452E-08   4.4113491E-08
    5.6793729E-08   6.5797671E-08   7.1557953E-08   8.1351505E-08   9.3949072E-08   1.0417009E-07   1.1543554E-07   1.2901395E-07
    1.4268460E-07   1.5807123E-07   1.7403454E-07   1.9089296E-07   2.0810176E-07   2.2592364E-07   2.4411999E-07   2.6285949E-07
    2.8206125E-07   3.0170550E-07   4.0960156E-02   3.0782016E-08   2.1450704E-08   2.4616225E-08   3.4551005E-08   4.4979981E-08
    4.6588207E-08   2.8527208E-08   5.4703243E-08   4.0431695E-08   4.9487437E-08   5.1093219E-08   6.5733098E-08   7.6138740E-08
    8.2848328E-08   9.4175606E-08   1.0867120E-07   1.2056158E-07   1.3365799E-07   1.4934316E-07   1.6518867E-07   1.8294019E-07
    2.0136010E-07   2.2078723E-07   2.4063415E-07   2.6118388E-07   2.8218129E-07   3.0380883E-07   3.2598092E-07   3.4867743E-07
    4.7195576E-02   4.1398460E-08   2.8867843E-08   3.3113478E-08   4.6462113E-08   6.0472926E-08   6.2596809E-08   3.8251390E-08
    7.3510570E-08   5.4297173E-08   6.6342046E-08   6.8534959E-08   8.8038660E-08   1.0193287E-07   1.1104443E-07   1.2619476E-07
    1.4538608E-07   1.6147464E-07   1.7916599E-07   2.0009637E-07   2.2136706E-07   2.4499211E-07   2.6951362E-07   2.9531554E-07
    3.2171585E-07   3.4904310E-07   3.7700594E-07   4.0581782E-07   4.3538303E-07   4.6568088E-07   6.2760487E-02   7.5007220E-08
    5.2384588E-08   6.0035882E-08   8.4172098E-08   1.0950639E-07   1.1321234E-07   6.8903680E-08   1.3303012E-07   9.8188829E-08
    1.1947670E-07   1.2363370E-07   1.5826252E-07   1.8308542E-07   2.0000021E-07   2.2716802E-07   2.6090906E-07   2.9041751E-07
    3.2273188E-07   3.6011065E-07   3.9844462E-07   4.4040359E-07   4.8397440E-07   5.2965316E-07   5.7652380E-07   6.2503075E-07
    6.7479468E-07   7.2610818E-07   7.7885192E-07   8.3300499E-07   1.1014870E-01   2.3866371E-07   1.6759217E-07   1.9174042E-07
    2.6830091E-07   3.4875455E-07   3.5967600E-07   2.1737052E-07   4.2389060E-07   3.1346835E-07   3.7725021E-07   3.9263564E-07
    4.9817037E-07   5.7549290E-07   6.3306483E-07   7.1845801E-07   8.2091594E-07   9.1716722E-07   1.0215828E-06   1.1381709E-06
    1.2589639E-06   1.3885563E-06   1.5232325E-06   1.6638338E-06   1.8087493E-06   1.9587899E-06   2.1133241E-06   2.2728966E-06
    2.4373263E-06   2.6066002E-06   1.9613177E-01   7.6421587E-07   5.4226805E-07   6.1886590E-07   8.6439253E-07   1.1228139E-06
    1.1548884E-06   6.9289727E-07   1.3692779E-06   1.0193856E-06   1.2082301E-06   1.2695311E-06   1.5916578E-06   1.8374276E-06
    2.0391147E-06   2.3138642E-06   2.6339884E-06   2.9507145E-06   3.2912723E-06   3.6623432E-06   4.0486360E-06   4.4581404E-06
    4.8840492E-06   5.3278616E-06   5.7867544E-06   6.2622437E-06   6.7532830E-06   7.2609060E-06   7.7848488E-06   8.3251376E-06
    3.5332997E-01   2.4589782E-06   1.7694011E-06   2.0135744E-06   2.8047899E-06   3.6435744E-06   3.7410120E-06   2.2296967E-06
    4.4668208E-06   3.3700155E-06   3.9108940E-06   4.1664202E-06   5.1466285E-06   5.9436362E-06   6.6598888E-06   7.5634631E-06
    8.5898193E-06   9.6384485E-06   1.0757947E-05   1.1958783E-05   1.3211768E-05   1.4531059E-05   1.5904238E-05   1.7334132E-05
    1.8815830E-05   2.0352257E-05   2.1941715E-05   2.3586222E-05   2.5285437E-05   2.7039530E-05   6.4257652E-01   7.9318834E-06
    5.8107258E-06   6.5979325E-06   9.1423067E-06   1.1886900E-05   1.2201133E-05   7.2458085E-06   1.4666278E-05   1.1322134E-05
    1.2774952E-05   1.3847659E-05   1.6832667E-05   1.9465878E-05   2.2010444E-05   2.5032168E-05   2.8390964E-05   3.1882521E-05
    3.5589816E-05   3.9528533E-05   4.3643285E-05   4.7959866E-05   5.2455869E-05   5.7137019E-05   6.1994967E-05   6.7035596E-05
    7.2256315E-05   7.7661207E-05   8.3250012E-05   8.9023348E-05   1.1755338E+00   2.5479052E-05   1.9097261E-05   2.1662529E-05
    2.9757311E-05   3.8747162E-05   3.9821967E-05   2.3707234E-05   4.8132617E-05   3.8473881E-05   4.1973448E-05   4.6338145E-05
    5.5502164E-05   6.4277406E-05   7.3193397E-05   8.3340829E-05   9.4429119E-05   1.0605105E-04   1.1834424E-04   1.3133296E-04
    1.4491352E-04   1.5913482E-04   1.7395745E-04   1.8939393E-04   2.0543082E-04   2.2208044E-04   2.3933941E-04   2.5721624E-04
    2.7571139E-04   2.9482676E-04   2.1578469E+00   8.1084570E-05   6.2573540E-05   7.1008054E-05   9.6311014E-05   1.2568388E-04
    1.2978863E-04   7.8195863E-05   1.5696196E-04   1.3153845E-04   1.3866730E-04   1.5546797E-04   1.8397833E-04   2.1309921E-04
    2.4362209E-04   2.7743156E-04   3.1394317E-04   3.5236626E-04   3.9292375E-04   4.3566092E-04   4.8038656E-04   5.2719634E-04
    5.7602351E-04   6.2689649E-04   6.7979529E-04   7.3474627E-04   7.9174625E-04   8.5081324E-04   9.1194995E-04   9.7516150E-04
    3.9764955E+00   2.5548253E-04   2.0444618E-04   2.3289732E-04   3.1015875E-04   4.0588116E-04   4.2387334E-04   2.6159481E-04
    5.0743407E-04   4.5040691E-04   4.6244812E-04   5.2317598E-04   6.1279881E-04   7.0824090E-04   8.1021371E-04   9.2148151E-04
    1.0408564E-03   1.1668396E-03   1.2997639E-03   1.4397349E-03   1.5863951E-03   1.7399284E-03   1.9002222E-03   2.0673380E-03
    2.2412470E-03   2.4220037E-03   2.6096069E-03   2.8040927E-03   3.0054685E-03   3.2137451E-03   7.3717529E+00   7.9953133E-04
    6.6645847E-04   7.6802019E-04   9.9766679E-04   1.3091086E-03   1.3973379E-03   8.9475034E-04   1.6245129E-03   1.5322032E-03
    1.5567064E-03   1.7648172E-03   2.0476444E-03   2.3561597E-03   2.6902254E-03   3.0525034E-03   3.4402887E-03   3.8507337E-03
    4.2841565E-03   4.7408147E-03   5.2199803E-03   5.7219619E-03   6.2465450E-03   6.7938388E-03   7.3637901E-03   7.9564959E-03
    8.5719513E-03   9.2102174E-03   9.8713001E-03   1.0555210E-02   1.3763235E+01   2.4960951E-03   2.1605313E-03   2.5410277E-03
    3.2160638E-03   4.2193440E-03   4.6406380E-03   3.1357498E-03   5.1331934E-03   5.1117330E-03   5.2356400E-03   5.9260844E-03
    6.8206937E-03   7.8089711E-03   8.8893814E-03   1.0060091E-02   1.1313591E-02   1.2644096E-02   1.4051077E-02   1.5535088E-02
    1.7094411E-02   1.8729370E-02   2.0439426E-02   2.2224676E-02   2.4084944E-02   2.6020336E-02   2.8030782E-02   3.0116325E-02
    3.2276906E-02   3.4512464E-02   2.5731942E+01   7.6895356E-03   6.8967866E-03   8.2516839E-03   1.0376194E-02   1.3415480E-02
    1.5023890E-02   1.0956884E-02   1.5864650E-02   1.6457634E-02   1.7230770E-02   1.9480066E-02   2.2304235E-02   2.5441581E-02
    2.8887803E-02   3.2625479E-02   3.6631681E-02   4.0892850E-02   4.5404623E-02   5.0167902E-02   5.5178208E-02   6.0435142E-02
    6.5937068E-02   7.1683642E-02   7.7674144E-02   8.3908398E-02   9.0385926E-02   9.7106443E-02   1.0406945E-01   1.1127437E-01
    4.8697369E+01   2.3534251E-02   2.2148070E-02   2.6135002E-02   3.4622081E-02   4.2144419E-02   4.6231200E-02   3.7747249E-02
    4.8764493E-02   5.2051635E-02   5.6017994E-02   6.3386365E-02   7.2430967E-02   8.2491293E-02   9.3540520E-02   1.0552649E-01
    1.1838232E-01   1.3207094E-01   1.4657437E-01   1.6189367E-01   1.7801681E-01   1.9494001E-01   2.1265807E-01   2.3116849E-01
    2.5046833E-01   2.7055570E-01   2.9142812E-01   3.1308327E-01   3.3551819E-01   3.5872937E-01   9.4917496E+01   7.4495364E-02
    7.3868989E-02   8.0974372E-02   1.1938201E-01   1.3254865E-01   1.3295314E-01   1.2652709E-01   1.5128396E-01   1.6584205E-01
    1.8353412E-01   2.0815011E-01   2.3799323E-01   2.7114009E-01   3.0742914E-01   3.4673427E-01   3.8888855E-01   4.3378471E-01
    4.8135780E-01   5.3160604E-01   5.8449764E-01   6.4001728E-01   6.9814854E-01   7.5888018E-01   8.2220027E-01   8.8809823E-01
    9.5656150E-01   1.0275763E+00   1.1011257E+00   1.1771891E+00   1.8618045E+02   2.3993719E-01   2.3662500E-01   2.5095433E-01
    3.7505056E-01   4.2348439E-01   3.9333904E-01   4.1023229E-01   4.6122398E-01   5.2162293E-01   5.8862792E-01   6.7014674E-01
    7.6744777E-01   8.7525614E-01   9.9296959E-01   1.1201644E+00   1.2564725E+00   1.4016274E+00   1.5554188E+00   1.7178205E+00
    1.8887424E+00   2.0681305E+00   2.2559315E+00   2.4520990E+00   2.6565822E+00   2.8693268E+00   3.0902674E+00   3.3193263E+00
    3.5564063E+00   3.8013866E+00   3.6266397E+02   7.2999098E-01   7.1297498E-01   7.7686781E-01   1.0335255E+00   1.2962523E+00
    1.2318496E+00   1.3076628E+00   1.4101314E+00   1.6131865E+00   1.8397070E+00   2.1046870E+00   2.4129998E+00   2.7547917E+00
    3.1271894E+00   3.5289896E+00   3.9591836E+00   4.4171324E+00   4.9022416E+00   5.4143911E+00   5.9532980E+00   6.5187569E+00
    7.1105656E+00   7.7285183E+00   8.3723762E+00   9.0418570E+00   9.7366090E+00   1.0456193E+01   1.1200051E+01   1.1967476E+01
    7.2958343E+02   1.9589146E+00   2.0432698E+00   2.3788854E+00   2.7042350E+00   3.6617284E+00   3.7138698E+00   4.0818394E+00
    4.3884208E+00   5.0009610E+00   5.7450826E+00   6.6137756E+00   7.5999086E+00   8.6904638E+00   9.8752416E+00   1.1151142E+01
    1.2515640E+01   1.3967049E+01   1.5503762E+01   1.7125365E+01   1.8830955E+01   2.0619726E+01   2.2490805E+01   2.4443186E+01
    2.6475625E+01   2.8586557E+01   3.0773968E+01   3.3035267E+01   3.5367093E+01   3.7765091E+01   1.4697391E+03   6.4162664E+00
    5.8262023E+00   6.8395348E+00   7.4315045E+00   1.0016797E+01   1.0597959E+01   1.1741514E+01   1.3076073E+01   1.5103246E+01
    1.7494023E+01   2.0254313E+01   2.3341024E+01   2.6734265E+01   3.0413588E+01   3.4368503E+01   3.8593194E+01   4.3083303E+01
    4.7834304E+01   5.2844450E+01   5.8110534E+01   6.3629104E+01   6.9395983E+01   7.5405907E+01   8.1652042E+01   8.8125434E+01
    9.4814265E+01   1.0170291E+02   1.0877066E+02   1.1599004E+02   3.0594994E+03   2.3894548E+01   1.6449485E+01   1.8468689E+01
    2.0306435E+01   2.6259810E+01   2.8693702E+01   3.3011470E+01   3.8204045E+01   4.4865897E+01   5.2543485E+01   6.1186810E+01
    7.0751947E+01   8.1202864E+01   9.2502999E+01   1.0462486E+02   1.1755514E+02   1.3128297E+02   1.4579566E+02   1.6108471E+02
    1.7713677E+02   1.9393520E+02   2.1145819E+02   2.2967662E+02   2.4855120E+02   2.6802881E+02   2.8803743E+02   3.0847928E+02
    3.2922152E+02   3.5008369E+02   6.4130768E+03   6.7325865E+01   4.0903795E+01   4.4307530E+01   5.4446720E+01   6.5648656E+01
    7.4407389E+01   8.8135607E+01   1.0453439E+02   1.2413085E+02   1.4643746E+02   1.7129157E+02   1.9859663E+02   2.2830263E+02
    2.6033600E+02   2.9464579E+02   3.3119818E+02   3.6996285E+02   4.1090051E+02   4.5397164E+02   4.9911761E+02   5.4625944E+02
    5.9528863E+02   6.4605514E+02   6.9835092E+02   7.5188701E+02   8.0626165E+02   8.6091655E+02   9.1507814E+02   9.6768201E+02
    1.0824659E+04   1.2755426E+02   7.7156179E+01   8.5897782E+01   1.0861446E+02   1.2915187E+02   1.5180026E+02   1.8190858E+02
    2.1846575E+02   2.6090244E+02   3.0891629E+02   3.6215428E+02   4.2048763E+02   4.8378414E+02   5.5194120E+02   6.2487768E+02
    7.0251675E+02   7.8478324E+02   8.7157351E+02   9.6276331E+02   1.0581703E+03   1.1575404E+03   1.2605157E+03   1.3665913E+03
    1.4750532E+03   1.5848909E+03   1.6946770E+03   1.8024044E+03   1.9052801E+03   1.9994885E+03   1.1341775E+04   1.5625741E+02
    9.6898766E+01   1.0879033E+02   1.3400012E+02   1.6082569E+02   1.9251373E+02   2.3212590E+02   2.8020565E+02   3.3533815E+02
    3.9759357E+02   4.6649312E+02   5.4194020E+02   6.2370965E+02   7.1170681E+02   8.0584406E+02   9.0601736E+02   1.0121227E+03
    1.1240137E+03   1.2415062E+03   1.3643301E+03   1.4921051E+03   1.6242919E+03   1.7601235E+03   1.8985085E+03   2.0378930E+03
    2.1760722E+03   2.3099405E+03   2.4351865E+03   2.5459687E+03   8.6601299E+03   1.4073086E+02   8.7072596E+01   9.6082232E+01
    1.1595921E+02   1.4142019E+02   1.7143121E+02   2.0800226E+02   2.5199113E+02   3.0187538E+02   3.5816185E+02   4.2039937E+02
    4.8852787E+02   5.6232453E+02   6.4172159E+02   7.2665279E+02   8.1702809E+02   9.1275924E+02   1.0137220E+03   1.1197585E+03
    1.2306386E+03   1.3460378E+03   1.4654969E+03   1.5883646E+03   1.7137153E+03   1.8402347E+03   1.9660596E+03   2.0885674E+03
    2.2041123E+03   2.3077377E+03   6.7069939E+03   1.2614371E+02   7.6831742E+01   8.2016529E+01   9.8223378E+01   1.2169371E+02
    1.4949961E+02   1.8292499E+02   2.2264005E+02   2.6713078E+02   3.1725453E+02   3.7261345E+02   4.3315613E+02   4.9870080E+02
    5.6919727E+02   6.4459603E+02   7.2482386E+02   8.0980812E+02   8.9944644E+02   9.9360717E+02   1.0920988E+03   1.1946515E+03
    1.3008840E+03   1.4102566E+03   1.5220046E+03   1.6350437E+03   1.7478403E+03   1.8582366E+03   1.9632306E+03   2.0587266E+03
    6.0631758E+03   1.3202581E+02   8.0770818E+01   8.3233361E+01   9.9463172E+01   1.2498259E+02   1.5578163E+02   1.9253750E+02
    2.3564761E+02   2.8348971E+02   3.3721571E+02   3.9644700E+02   4.6112107E+02   5.3109003E+02   6.0630784E+02   6.8672791E+02
    7.7227902E+02   8.6288405E+02   9.5843341E+02   1.0587811E+03   1.1637153E+03   1.2729361E+03   1.3860180E+03   1.5023574E+03
    1.6210965E+03   1.7410174E+03   1.8603944E+03   1.9767982E+03   2.0868505E+03   2.1859532E+03   6.5201616E+03   1.5264051E+02
    9.5097559E+01   9.5893593E+01   1.1638296E+02   1.4901845E+02   1.8887064E+02   2.3593416E+02   2.9039474E+02   3.5053203E+02
    4.1774613E+02   4.9168037E+02   5.7226102E+02   6.5936926E+02   7.5295672E+02   8.5296975E+02   9.5932476E+02   1.0719194E+03
    1.1906060E+03   1.3151793E+03   1.4453417E+03   1.5806677E+03   1.7205503E+03   1.8641216E+03   2.0101424E+03   2.1568430E+03
    2.3017078E+03   2.4411916E+03   2.5703802E+03   2.6826453E+03   8.4023780E+03   1.9414999E+02   1.1854166E+02   1.1863939E+02
    1.4784856E+02   1.9308377E+02   2.4848338E+02   3.1316012E+02   3.8712202E+02   4.6875573E+02   5.5952744E+02   6.5915092E+02
    7.6755524E+02   8.8465236E+02   1.0103886E+03   1.1446941E+03   1.2874569E+03   1.4385243E+03   1.5976726E+03   1.7645799E+03
    1.9387788E+03   2.1195956E+03   2.3060603E+03   2.4967774E+03   2.6897389E+03   2.8820629E+03   3.0696399E+03   3.2466850E+03
    3.4052375E+03   3.5347355E+03   1.2037971E+04   2.7139148E+02   1.6208461E+02   1.6188471E+02   2.0398071E+02   2.6847017E+02
    3.4742688E+02   4.3919534E+02   5.4366182E+02   6.5900357E+02   7.8699349E+02   9.2733880E+02   1.0799578E+03   1.2447599E+03
    1.4216684E+03   1.6105739E+03   1.8113015E+03   2.0236007E+03   2.2471019E+03   2.4812650E+03   2.7253022E+03   2.9780696E+03
    3.2379072E+03   3.5024077E+03   3.7680845E+03   4.0299094E+03   4.2807043E+03   4.5104139E+03   4.7053888E+03   4.8480056E+03
    1.9996952E+04   4.4648330E+02   2.6390499E+02   2.6343600E+02   3.3409568E+02   4.4124542E+02   5.7210370E+02   7.2380778E+02
    8.9612401E+02   1.0867688E+03   1.2980600E+03   1.5296375E+03   1.7813787E+03   2.0531494E+03   2.3447968E+03   2.6560933E+03
    2.9866794E+03   3.3360249E+03   3.7033412E+03   4.0874616E+03   4.4866704E+03   4.8984467E+03   5.3190904E+03   5.7431757E+03
    6.1627757E+03   6.5664170E+03   6.9377923E+03   7.2544410E+03   7.4869578E+03   7.5998166E+03   3.3716312E+04   7.5578654E+02
    4.4399849E+02   4.4343659E+02   5.6509759E+02   7.4721354E+02   9.6888872E+02   1.2255450E+03   1.5168138E+03   1.8398376E+03
    2.1975726E+03   2.5895480E+03   3.0155555E+03   3.4753530E+03   3.9686123E+03   4.4948327E+03   5.0532304E+03   5.6426286E+03
    6.2612614E+03   6.9064900E+03   7.5743880E+03   8.2591152E+03   8.9519937E+03   9.6401687E+03   1.0304760E+04   1.0918524E+04
    1.1443367E+04   1.1828717E+04   1.2012824E+04   1.1929990E+04   5.9141015E+04   1.3613732E+03   8.0057644E+02   7.9850050E+02
    1.0183736E+03   1.3436170E+03   1.7390658E+03   2.1973620E+03   2.7177057E+03   3.2963577E+03   3.9369455E+03   4.6387597E+03
    5.4013756E+03   6.2242590E+03   7.1066262E+03   8.0472668E+03   9.0442944E+03   1.0094838E+04   1.1194543E+04   1.2336822E+04
    1.3511736E+04   1.4704289E+04   1.5891921E+04   1.7040975E+04   1.8102116E+04   1.9005370E+04   1.9656818E+04   1.9941315E+04
    1.9737661E+04   1.8951205E+04   1.0451938E+05   2.5295188E+03   1.5086468E+03   1.4972330E+03   1.8996583E+03   2.4924371E+03
    3.2160168E+03   4.0573286E+03   5.0139072E+03   6.0804605E+03   7.2610362E+03   8.5543776E+03   9.9595108E+03   1.1475135E+04
    1.3099281E+04   1.4828878E+04   1.6659136E+04   1.8582667E+04   2.0588122E+04   2.2658079E+04   2.4765833E+04   2.6870530E+04
    2.8910167E+04   3.0792337E+04   3.2383970E+04   3.3504503E+04   3.3932054E+04   3.3436936E+04   3.1852440E+04   2.9168173E+04
    1.8471714E+05   4.7968798E+03   2.9485042E+03   2.9070274E+03   3.6493260E+03   4.7520495E+03   6.1098666E+03   7.6956444E+03
    9.5019604E+03   1.1520511E+04   1.3754879E+04   1.6202498E+04   1.8860974E+04   2.1726959E+04   2.4795287E+04   2.8057839E+04
    3.1501832E+04   3.5107282E+04   3.8842991E+04   4.2660275E+04   4.6483317E+04   5.0194914E+04   5.3617191E+04   5.6489803E+04
    5.8455348E+04   5.9074007E+04   5.7900189E+04   5.4640994E+04   4.9352696E+04   4.2543245E+04   3.2730087E+05   9.1118285E+03
    5.8036400E+03   5.7440673E+03   7.1377160E+03   9.2360729E+03   1.1840504E+04   1.4893693E+04   1.8376643E+04   2.2275137E+04
    2.6590316E+04   3.1316508E+04   3.6447628E+04   4.1974796E+04   4.7884058E+04   5.4153183E+04   6.0746727E+04   6.7608339E+04
    7.4648436E+04   8.1724834E+04   8.8613352E+04   9.4966966E+04   1.0026842E+05   1.0379790E+05   1.0466703E+05   1.0199570E+05
    9.5271468E+04   8.4765964E+04   7.1682600E+04   5.7791324E+04   5.9093031E+05   1.7154275E+04   1.1319379E+04   1.1424335E+04
    1.4160721E+04   1.8270952E+04   2.3385794E+04   2.9391886E+04   3.6247869E+04   4.3928509E+04   5.2428431E+04   6.1734561E+04
    7.1831009E+04   8.2693537E+04   9.4283221E+04   1.0653699E+05   1.1935258E+05   1.3256420E+05   1.4590333E+05   1.5893761E+05
    1.7098317E+05   1.8099955E+05   1.8751515E+05   1.8870335E+05   1.8279224E+05   1.6888843E+05   1.4786592E+05   1.2251948E+05
    9.6543695E+04   7.3035532E+04   1.0826984E+06   3.2036121E+04   2.1767853E+04   2.2599612E+04   2.8208872E+04   3.6422576E+04
    4.6607474E+04   5.8560141E+04   7.2201702E+04   8.7487457E+04   1.0439691E+05   1.2289894E+05   1.4295111E+05   1.6448590E+05
    1.8739227E+05   2.1148674E+05   2.3646572E+05   2.6182697E+05   2.8674351E+05   3.0987632E+05   3.2913990E+05   3.4152390E+05
    3.4324913E+05   3.3069781E+05   3.0229410E+05   2.6041101E+05   2.1136037E+05   1.6275001E+05   1.2027885E+05   8.6406717E+04
    1.9717570E+06   5.9743844E+04   4.1349393E+04   4.4290132E+04   5.5904272E+04   7.2376964E+04   9.2674369E+04   1.1645341E+05
    1.4357404E+05   1.7395646E+05   2.0754590E+05   2.4426563E+05   2.8400065E+05   3.2656073E+05   3.7162572E+05   4.1865481E+05
    4.6673355E+05   5.1432064E+05   5.5885616E+05   5.9624556E+05   6.2042433E+05   6.2362656E+05   5.9840503E+05   5.4184590E+05
    4.5968912E+05   3.6571543E+05   2.7532924E+05   1.9887893E+05   1.3980619E+05   9.6786582E+04   3.5312268E+06   1.1183820E+05
    7.8485345E+04   8.6723173E+04   1.1066880E+05   1.4375575E+05   1.8427481E+05   2.3165256E+05   2.8564227E+05   3.4609356E+05
    4.1287041E+05   4.8577484E+05   5.6448737E+05   6.4846204E+05   7.3675704E+05   8.2774342E+05   9.1860762E+05   1.0045485E+06
    1.0776552E+06   1.1258481E+06   1.1332287E+06   1.0843186E+06   9.7341178E+05   8.1360405E+05   6.3445957E+05   4.6691928E+05
    3.2957320E+05   2.2666263E+05   1.5380342E+05   1.0387860E+05   5.9901116E+06   2.0347492E+05   1.4496874E+05   1.6469852E+05
    2.1220541E+05   2.7657636E+05   3.5501973E+05   4.4658564E+05   5.5084166E+05   6.6749185E+05   7.9620962E+05   9.3648534E+05
    1.0874516E+06   1.2475833E+06   1.4141833E+06   1.5824779E+06   1.7440888E+06   1.8847483E+06   1.9818238E+06   2.0042425E+06
    1.9202962E+06   1.7170517E+06   1.4203112E+06   1.0898024E+06   7.8628826E+05   5.4344050E+05   3.6613429E+05   2.4369779E+05
    1.6170037E+05   1.0756549E+05   9.1520657E+06   3.3835274E+05   2.4540298E+05   2.8518615E+05   3.7039797E+05   4.8425471E+05
    6.2249911E+05   7.8365289E+05   9.6699935E+05   1.1719798E+06   1.3978831E+06   1.6435313E+06   1.9068440E+06   2.1840740E+06
    2.4684452E+06   2.7477472E+06   3.0004410E+06   3.1906708E+06   3.2657715E+06   3.1659938E+06   2.8571431E+06   2.3726345E+06
    1.8150664E+06   1.2974173E+06   8.8460549E+05   5.8670727E+05   3.8420814E+05   2.5089183E+05   1.6436602E+05   1.0840708E+05
    1.2943294E+07   5.2496017E+05   3.8914575E+05   4.6124393E+05   6.0338246E+05   7.9124673E+05   1.0186835E+06   1.2835039E+06
    1.5845675E+06   1.9208586E+06   2.2909341E+06   2.6922888E+06   3.1203688E+06   3.5667908E+06   4.0160986E+06   4.4401201E+06
    4.7895705E+06   4.9862962E+06   4.9295485E+06   4.5391954E+06   3.8328782E+06   2.9593557E+06   2.1161681E+06   1.4327958E+06
    9.3922862E+05   6.0645109E+05   3.9014715E+05   2.5181198E+05   1.6369783E+05   1.0740656E+05   1.7329137E+07   7.7431540E+05
    5.8948995E+05   7.1168938E+05   9.3746194E+05   1.2331463E+06   1.5902017E+06   2.0055024E+06   2.4772765E+06   3.0037234E+06
    3.5820500E+06   4.2072191E+06   4.8698473E+06   5.5523043E+06   6.2215600E+06   6.8172111E+06   7.2362300E+06   7.3283084E+06
    6.9377974E+06   6.0193336E+06   4.7436263E+06   3.4257203E+06   2.3183635E+06   1.5077394E+06   9.6169842E+05   6.0993960E+05
    3.8786115E+05   2.4844635E+05   1.6070057E+05   1.0508249E+05   2.2226513E+07   1.0958580E+06   8.6121686E+05   1.0585095E+06
    1.4039493E+06   1.8527217E+06   2.3933816E+06   3.0215916E+06   3.7346387E+06   4.5293944E+06   5.4006470E+06   6.3386946E+06
    7.3250555E+06   8.3243460E+06   9.2695002E+06   1.0038771E+07   1.0434162E+07   1.0203043E+07   9.1719659E+06   7.4586562E+06
    5.4974609E+06   3.7477509E+06   2.4293894E+06   1.5342406E+06   9.6010254E+05   6.0153335E+05   3.7952312E+05   2.4186228E+05
    1.5590839E+05   1.0171187E+05   2.7447499E+07   1.4933004E+06   1.2174872E+06   1.5231673E+06   2.0344200E+06   2.6937941E+06
    3.4864659E+06   4.4065655E+06   5.4499873E+06   6.6114079E+06   7.8814316E+06   9.2420795E+06   1.0658382E+07   1.2062265E+07
    1.3323985E+07   1.4212926E+07   1.4381980E+07   1.3474083E+07   1.1423836E+07   8.6978319E+06   6.0339072E+06   3.9243054E+06
    2.4623210E+06   1.5225127E+06   9.4009851E+05   5.8403137E+05   3.6648193E+05   2.3272010E+05   1.4965660E+05   9.7472879E+04
    3.2673777E+07   1.9613748E+06   1.6662465E+06   2.1218032E+06   2.8542344E+06   3.7926629E+06   4.9185324E+06   6.2240806E+06
    7.7031727E+06   9.3469753E+06   1.1139144E+07   1.3047631E+07   1.5008883E+07   1.6897488E+07   1.8474981E+07   1.9333484E+07
    1.8927273E+07   1.6871224E+07   1.3442730E+07   9.6147231E+06   6.3342420E+06   3.9706136E+06   2.4320989E+06   1.4812396E+06
    9.0601958E+05   5.5951744E+05   3.4975515E+05   2.2153695E+05   1.4222125E+05   9.2520353E+04   3.7438897E+07   2.4826180E+06
    2.2050533E+06   2.8577091E+06   3.8719834E+06   5.1638266E+06   6.7107960E+06   8.5028537E+06   1.0530988E+07   1.2780995E+07
    1.5225547E+07   1.7809874E+07   2.0423427E+07   2.2845980E+07   2.4663787E+07   2.5210102E+07   2.3735952E+07   2.0032379E+07
    1.5007303E+07   1.0152603E+07   6.4142959E+06   3.9099635E+06   2.3532694E+06   1.4178079E+06   8.6142499E+05   5.2972906E+05
    3.3022732E+05   2.0878689E+05   1.3386954E+05   8.7011774E+04   4.1159920E+07   3.0275578E+06   2.8176839E+06   3.7152254E+06
    5.0702218E+06   6.7869188E+06   8.8390846E+06   1.1214029E+07   1.3898820E+07   1.6871454E+07   2.0088225E+07   2.3459777E+07
    2.6802926E+07   2.9751155E+07   3.1631606E+07   3.1447950E+07   2.8341409E+07   2.2607568E+07   1.5991655E+07   1.0322397E+07
    6.3117210E+06   3.7682959E+06   2.2393464E+06   1.3387514E+06   8.0949724E+05   4.9628308E+05   3.0876422E+05   1.9495767E+05
    1.2488867E+05   8.1122541E+04   4.3274005E+07   3.5621512E+06   3.4776733E+06   4.6625192E+06   6.4079550E+06   8.6090378E+06
    1.1236083E+07   1.4273398E+07   1.7702922E+07   2.1491946E+07   2.5573724E+07   2.9809321E+07   3.3910230E+07   3.7299954E+07
    3.8956774E+07   3.7531370E+07   3.2279944E+07   2.4368580E+07   1.6383086E+07   1.0179175E+07   6.0702537E+06   3.5688689E+06
    2.1013076E+06   1.2491948E+06   7.5271924E+05   4.6045014E+05   2.8605361E+05   1.8044073E+05   1.1551094E+05   7.4995352E+04
    4.3625012E+07   4.0667943E+06   4.1655915E+06   5.6746034E+06   7.8521639E+06   1.0586991E+07   1.3846370E+07   1.7611206E+07
    2.1856884E+07   2.6536436E+07   3.1551812E+07   3.6695492E+07   4.1532155E+07   4.5198575E+07   4.6238447E+07   4.3005657E+07
    3.5225099E+07   2.5228604E+07   1.6226033E+07   9.7741597E+06   5.7166549E+06   3.3221004E+06   1.9424868E+06   1.1499283E+06
    6.9109100E+05   4.2204105E+05   2.6190127E+05   1.6508143E+05   1.0562346E+05   6.8550649E+04   4.2885177E+07   4.5814591E+06
    4.9212475E+06   6.8072897E+06   9.4817719E+06   1.2828609E+07   1.6812053E+07   2.1408774E+07   2.6585266E+07   3.2274668E+07
    3.8334400E+07   4.4457805E+07   4.9996841E+07   5.3686936E+07   5.3540875E+07   4.7783813E+07   3.7118292E+07   2.5236032E+07
    1.5589934E+07   9.1453878E+06   5.2637952E+06   3.0301421E+06   1.7618546E+06   1.0394436E+06   6.2335828E+05   3.8015300E+05
    2.3569135E+05   1.4846816E+05   9.4952597E+04   6.1606165E+04   4.2373293E+07   5.2454569E+06   5.9047881E+06   8.2882079E+06
    1.1618072E+07   1.5771735E+07   2.0709185E+07   2.6400672E+07   3.2798776E+07   3.9804928E+07   4.7204330E+07   5.4527397E+07
    6.0778386E+07   6.4072389E+07   6.1760919E+07   5.2338459E+07   3.8263027E+07   2.4647512E+07   1.4651332E+07   8.3908519E+06
    4.7617387E+06   2.7186332E+06   1.5730220E+06   9.2527301E+05   5.5384727E+05   3.3734924E+05   2.0898247E+05   1.3156977E+05
    8.4112250E+04   5.4557594E+04   4.3055593E+07   6.2372749E+06   7.3478127E+06   1.0458895E+07   1.4750848E+07   2.0089383E+07
    2.6427384E+07   3.3724191E+07   4.1908284E+07   5.0825275E+07   6.0131031E+07   6.9061184E+07   7.6001522E+07   7.8058927E+07
    7.1861324E+07   5.7100827E+07   3.9015572E+07   2.3808899E+07   1.3656956E+07   7.6570081E+06   4.2924612E+06   2.4333940E+06
    1.4020574E+06   8.2257584E+05   4.9156543E+05   2.9909045E+05   1.8514715E+05   1.1650528E+05   7.4455294E+04   4.8281641E+04
    4.5523821E+07   7.7767354E+06   9.5652483E+06   1.3799187E+07   1.9578221E+07   2.6748090E+07   3.5249527E+07   4.5022265E+07
    5.5950346E+07   6.7774458E+07   7.9902773E+07   9.1003051E+07   9.8311108E+07   9.7322533E+07   8.4312998E+07   6.2069756E+07
    3.9514664E+07   2.2919010E+07   1.2742817E+07   7.0178020E+06   3.8943708E+06   2.1947709E+06   1.2601289E+06   7.3769770E+05
    4.4022712E+05   2.6760656E+05   1.6555373E+05   1.0413066E+05   6.6526574E+04   4.3130638E+04   5.0114797E+07   1.0154596E+07
    1.3005289E+07   1.9007112E+07   2.7125392E+07   3.7174051E+07   4.9072973E+07   6.2725255E+07   7.7929033E+07   9.4217308E+07
    1.1049825E+08   1.2429613E+08   1.3068245E+08   1.2285792E+08   9.8490183E+07   6.6578228E+07   3.9558101E+07   2.1939596E+07
    1.1886408E+07   6.4521494E+06   3.5513845E+06   1.9920028E+06   1.1404415E+06   6.6643606E+05   3.9724013E+05   2.4128887E+05
    1.4919357E+05   9.3805831E+04   5.9914642E+04   3.8836690E+04   5.7329823E+07   1.3832757E+07   1.8399959E+07   2.7231449E+07
    3.9085252E+07   5.3726092E+07   7.1036990E+07   9.0849404E+07   1.1278708E+08   1.3594985E+08   1.5818403E+08   1.7463171E+08
    1.7639114E+08   1.5445824E+08   1.1271438E+08   6.9738929E+07   3.8923546E+07   2.0800665E+07   1.1040190E+07   5.9254739E+06
    3.2407591E+06   1.8109869E+06   1.0344459E+06   6.0362339E+05   3.5946001E+05   2.1820223E+05   1.3485982E+05   8.4767567E+04
    5.4130074E+04   3.5081657E+04   6.8612572E+07   1.9743180E+07   2.7217026E+07   4.0772335E+07   5.8845839E+07   8.1123139E+07
    1.0741685E+08   1.3740737E+08   1.7033639E+08   2.0432650E+08   2.3480097E+08   2.5173958E+08   2.3950540E+08   1.9068003E+08
    1.2501999E+08   7.1033004E+07   3.7593527E+07   1.9507328E+07   1.0191226E+07   5.4226525E+06   2.9511899E+06   1.6443603E+06
    9.3757367E+05   5.4646392E+05   3.2517298E+05   1.9728706E+05   1.2188968E+05   7.6595834E+04   4.8903117E+04   3.1690004E+04
    8.6933752E+07   2.9781339E+07   4.2467854E+07   6.4364597E+07   9.3392048E+07   1.2909892E+08   1.7114895E+08   2.1887251E+08
    2.7059000E+08   3.2199638E+08   3.6252489E+08   3.7079011E+08   3.2277812E+08   2.2772024E+08   1.3350421E+08   7.0350807E+07
    3.5690403E+07   1.8111110E+07   9.3504256E+06   4.9429643E+06   2.6800554E+06   1.4899191E+06   8.4831380E+05   4.9398572E+05
    2.9376636E+05   1.7815806E+05   1.1003945E+05   6.9135064E+04   4.4133355E+04   2.8596153E+04   1.1540092E+08   4.6831506E+07
    6.8953457E+07   1.0567384E+08   1.5410878E+08   2.1356465E+08   2.8337363E+08   3.6201730E+08   4.4548561E+08   5.2317515E+08
    5.6958668E+08   5.4123511E+08   4.1724549E+08   2.5731294E+08   1.3636004E+08   6.7761936E+07   3.3342723E+07   1.6656094E+07
    8.5277806E+06   4.4871724E+06   2.4263145E+06   1.3466137E+06   7.6591022E+05   4.4569243E+05   2.6492402E+05   1.6061525E+05
    9.9182221E+04   6.2304059E+04   3.9768300E+04   2.5765792E+04   1.5668179E+08   7.4764341E+07   1.1345812E+08   1.7571779E+08
    2.5747961E+08   3.5761974E+08   4.7472544E+08   6.0522217E+08   7.3920957E+08   8.5000435E+08   8.7783828E+08   7.5065278E+08
    5.0111320E+08   2.7245584E+08   1.3354718E+08   6.3723503E+07   3.0726902E+07   1.5191219E+07   7.7346013E+06   4.0569882E+06
    2.1895845E+06   1.2138108E+06   6.8985942E+05   4.0123936E+05   2.3842134E+05   1.4451456E+05   8.9225705E+04   5.6043392E+04
    3.5769365E+04   2.3173613E+04   2.1433724E+08   1.1919967E+08   1.8610532E+08   2.9109747E+08   4.2844187E+08   5.9623237E+08
    7.9138326E+08   1.0053928E+09   1.2137008E+09   1.3504521E+09   1.2893608E+09   9.6308186E+08   5.5559098E+08   2.7291435E+08
    1.2672379E+08   5.8895279E+07   2.8033611E+07   1.3767435E+07   6.9841300E+06   3.6556294E+06   1.9704533E+06   1.0914595E+06
    6.2000080E+05   3.6048422E+05   2.1415465E+05   1.2978528E+05   8.0122881E+04   5.0322036E+04   3.2116059E+04   2.0806020E+04
    2.9435544E+08   1.8899762E+08   3.0304112E+08   4.7841532E+08   7.0702558E+08   9.8548079E+08   1.3069240E+09   1.6510970E+09
    1.9575252E+09   2.0714177E+09   1.7728755E+09   1.1356449E+09   5.7588442E+08   2.6276608E+08   1.1774477E+08   5.3810663E+07
    2.5402175E+07   1.2421054E+07   6.2858815E+06   3.2854783E+06   1.7693937E+06   9.7955006E+05   5.5623190E+05   3.2333076E+05
    1.9205216E+05   1.1637784E+05   7.1840517E+04   4.5117944E+04   2.8793771E+04   1.8653288E+04   4.0791056E+08   2.9954348E+08
    4.9237926E+08   7.8406572E+08   1.1630565E+09   1.6229756E+09   2.1483029E+09   2.6903708E+09   3.1015401E+09   3.0447241E+09
    2.2631179E+09   1.2416756E+09   5.6841253E+08   2.4655637E+08   1.0795866E+08   4.8806642E+07   2.2915461E+07   1.1172681E+07
    5.6448292E+06   2.9475283E+06   1.5864308E+06   8.7792259E+05   4.9839877E+05   2.8966532E+05   1.7203663E+05   1.0424135E+05
    6.4345438E+04   4.0409488E+04   2.5788332E+04   1.6706064E+04   5.7469127E+08   4.7958777E+08   8.0720777E+08   1.2959719E+09
    1.9289751E+09   2.6933966E+09   3.5529128E+09   4.3875533E+09   4.8385015E+09   4.2563783E+09   2.6760695E+09   1.2758482E+09
    5.4149399E+08   2.2702292E+08   9.7908321E+07   4.3945962E+07   2.0557779E+07   1.0003137E+07   5.0481116E+06   2.6341167E+06
    1.4171346E+06   7.8402006E+05   4.4501112E+05   2.5860681E+05   1.5357877E+05   9.3052585E+04   5.7437026E+04   3.6070191E+04
    2.3018804E+04   1.4911813E+04   6.5266973E+08   5.6989722E+08   9.6728183E+08   1.5574679E+09   2.3209011E+09   3.2408155E+09
    4.2673994E+09   5.2334024E+09   5.6469699E+09   4.7271074E+09   2.7880902E+09   1.2713616E+09   5.2819015E+08   2.1941620E+08
    9.4240875E+07   4.2216791E+07   1.9728791E+07   9.5943662E+06   4.8402412E+06   2.5251504E+06   1.3583447E+06   7.5143629E+05
    4.2649509E+05   2.4783862E+05   1.4718076E+05   8.9174849E+04   5.5043008E+04   3.4566578E+04   2.2059183E+04   1.4290141E+04
    6.9513684E+08   6.2058753E+08   1.0576485E+09   1.7053811E+09   2.5427446E+09   3.5505541E+09   4.6705387E+09   5.7055708E+09
    6.0824649E+09   4.9589578E+09   2.8340761E+09   1.2661462E+09   5.2107385E+08   2.1558889E+08   9.2430675E+07   4.1369981E+07
    1.9324326E+07   9.3953132E+06   4.7391285E+06   2.4721812E+06   1.3297780E+06   7.3560757E+05   4.1750180E+05   2.4260907E+05
    1.4407381E+05   8.7291875E+04   5.3880548E+04   3.3836489E+04   2.1593241E+04   1.3988293E+04   7.0985965E+08   6.3834332E+08
    1.0893842E+09   1.7573822E+09   2.6207684E+09   3.6594745E+09   4.8121099E+09   5.8704952E+09   6.2318784E+09   5.0349979E+09
    2.8476517E+09   1.2638720E+09   5.1858409E+08   2.1428618E+08   9.1820031E+07   4.1085390E+07   1.9188641E+07   9.3286010E+06
    4.7052591E+06   2.4544441E+06   1.3202142E+06   7.3030897E+05   4.1449159E+05   2.4085875E+05   1.4303396E+05   8.6661689E+04
    5.3491508E+04   3.3592154E+04   2.1437308E+04   1.3887277E+04
    9.6674244E+05   9.8583840E+05   1.0251994E+06   1.1085719E+06   1.2960844E+06   1.7727361E+06   3.2532665E+06   5.9636034E+06
    1.0912586E+07   1.9953769E+07   3.6421362E+07   6.6304755E+07   1.2049915E+08   2.1887416E+08   3.9731164E+08   7.1833659E+08
    1.3030955E+09   2.3867230E+09   4.3510381E+09   7.8771837E+09   1.4336519E+10   2.6143296E+10   4.7725724E+10   8.3019743E+10
    1.2355354E+11   1.4151833E+11   1.3464744E+11   1.2721021E+11   1.3258241E+11   1.4960307E+11   1.7349767E+11   2.0427262E+11
    2.6093041E+11   3.3776409E+11   4.5036692E+11   6.0997296E+11   8.3730478E+11   1.1598466E+12   1.6199963E+12   2.2732255E+12
    3.1945697E+12   4.5130202E+12   6.3174082E+12   8.4792331E+12   1.1038693E+13   1.4088083E+13   1.7719849E+13   2.2008536E+13
    2.6999573E+13   3.2685045E+13   3.8979063E+13   4.5716713E+13   5.2758043E+13   6.0301299E+13   6.9264151E+13   8.1081737E+13
    9.7514489E+13   1.2046365E+14   1.5237580E+14   1.9758128E+14   2.6356297E+14   3.5898906E+14   4.9249769E+14   6.7474050E+14
    9.2097089E+14   1.2553661E+15   1.7208737E+15   1.9321112E+15   2.0460532E+15   2.0854184E+15
