
 24-FEB-2004                           !Format date

 1.4614706796E+02     2.1393E+05       64       60

 3.7018719958E+04   1.4454761E-01   2.0935846E+05   9.5211393E-01   5.5885315E+00   1.9154319E+03   5.0000000E-02     1 
    4.3432492E-18   1.8799543E-21   4.5474179E-21   7.5265647E-15   1.5115690E-12
    1.5729464E-12   1.1514359E-14   1.1445374E-14   1.5019384E-09   1.0337312E-07
    1.0340171E-07   3.5178938E-09   3.5215166E-09   5.7415087E-09   7.0029129E-07
    1.8839661E-06   1.0785099E-06   2.3839037E-06   2.0713934E-05   4.7915583E-05
    2.5502527E-05   6.4374995E-05   1.6105073E-04   2.8840915E-04   1.7183793E-04
    4.3831817E-04   7.9611559E-04   1.1061075E-03   5.9324400E-04   1.9237602E-03
    1.9803431E-03   2.5671103E-03   1.3720124E-03   4.8304594E-03   3.8172063E-03
    4.6535406E-03   2.5126738E-03   9.3666478E-03   6.2274938E-03   7.8651860E-03
    3.9312425E-03   1.5480294E-02   8.9581981E-03   1.1849586E-02   5.5740409E-03
    2.2184606E-02   2.4145170E-02   3.1576019E-02   3.9372301E-02   4.7190625E-02
    5.4975045E-02   6.2707738E-02   7.0220950E-02   7.7270543E-02   8.4058686E-02
    9.0192579E-02   9.5887293E-02   1.0114698E-01   1.0544174E-01   1.0908947E-01
    1.1147650E-01   9.8775171E-02   1.1502722E-01   1.2785782E-01

 3.6559765816E+04   1.4839768E-01   2.1466741E+05   9.5406773E-01   5.5924005E+00   1.9152777E+03   5.0000000E-02     2 
    4.9944543E-18   2.1728572E-21   5.2528135E-21   8.0801991E-15   1.6144811E-12
    1.6799617E-12   1.2257114E-14   1.2183887E-14   1.5621156E-09   1.0742347E-07
    1.0745311E-07   3.6457638E-09   3.6495085E-09   5.9496575E-09   7.1816083E-07
    1.9319101E-06   1.1041435E-06   2.4402652E-06   2.1087397E-05   4.8790415E-05
    2.5935947E-05   6.5459948E-05   1.6324235E-04   2.9222411E-04   1.7406157E-04
    4.4390918E-04   8.0472857E-04   1.1176219E-03   5.9937035E-04   1.9431942E-03
    1.9979939E-03   2.5899200E-03   1.3837304E-03   4.8704428E-03   3.8460577E-03
    4.6878521E-03   2.5309316E-03   9.4319103E-03   6.2683024E-03   7.9177929E-03
    3.9560765E-03   1.5573089E-02   9.0100852E-03   1.1924927E-02   5.6052118E-03
    2.2301005E-02   2.4258685E-02   3.1710189E-02   3.9525082E-02   4.7357483E-02
    5.5153600E-02   6.2897154E-02   7.0419638E-02   7.7475961E-02   8.4269482E-02
    9.0406517E-02   9.6102456E-02   1.0136365E-01   1.0565786E-01   1.0930418E-01
    1.1168732E-01   9.8955547E-02   1.1522982E-01   1.2807510E-01

 3.5658448644E+04   1.5642030E-01   2.2569800E+05   9.5805653E-01   5.6001781E+00   1.9149632E+03   5.0000000E-02     3 
    6.6358162E-18   2.9148922E-21   7.0385445E-21   9.3318999E-15   1.8452509E-12
    1.9200455E-12   1.3914824E-14   1.3832192E-14   1.6914995E-09   1.1614051E-07
    1.1617255E-07   3.9196593E-09   3.9236651E-09   6.3954987E-09   7.5573564E-07
    2.0323041E-06   1.1580334E-06   2.5587652E-06   2.1865928E-05   5.0542195E-05
    2.6838318E-05   6.7718213E-05   1.6778264E-04   3.0008898E-04   1.7866375E-04
    4.5547643E-04   8.2249460E-04   1.1416391E-03   6.1200004E-04   1.9832442E-03
    2.0343048E-03   2.6364112E-03   1.4078261E-03   4.9526213E-03   3.9052964E-03
    4.7584315E-03   2.5684039E-03   9.5657901E-03   6.3519983E-03   8.0224932E-03
    4.0069845E-03   1.5763183E-02   9.1163891E-03   1.2079943E-02   5.6690483E-03
    2.2539186E-02   2.4491029E-02   3.1983869E-02   3.9837011E-02   4.7697981E-02
    5.5517416E-02   6.3283033E-02   7.0824920E-02   7.7895061E-02   8.4699452E-02
    9.0842775E-02   9.6541127E-02   1.0180572E-01   1.0609845E-01   1.0974183E-01
    1.1211702E-01   9.9323273E-02   1.1564258E-01   1.2851776E-01

 3.3923632885E+04   1.7381659E-01   2.4946712E+05   9.6642374E-01   5.6164356E+00   1.9143106E+03   5.0000000E-02     4 
    1.1997070E-17   5.3570572E-21   1.2908460E-20   1.2576505E-14   2.4338704E-12
    2.5323557E-12   1.8096450E-14   1.7990400E-14   1.9943250E-09   1.3652837E-07
    1.3656593E-07   4.5541840E-09   4.5587940E-09   7.4281548E-09   8.3988954E-07
    2.2551113E-06   1.2781863E-06   2.8228907E-06   2.3572808E-05   5.4303991E-05
    2.8809551E-05   7.2648260E-05   1.7760401E-04   3.1714605E-04   1.8859454E-04
    4.8041729E-04   8.6058515E-04   1.1940005E-03   6.3903658E-04   2.0689085E-03
    2.1117170E-03   2.7352287E-03   1.4591371E-03   5.1274380E-03   4.0310920E-03
    4.9083925E-03   2.6478979E-03   9.8494950E-03   6.5292410E-03   8.2414669E-03
    4.1146925E-03   1.6164886E-02   9.3410120E-03   1.2409534E-02   5.8038451E-03
    2.3041419E-02   2.4980948E-02   3.2559988E-02   4.0492469E-02   4.8412893E-02
    5.6280894E-02   6.4091915E-02   7.1674147E-02   7.8772688E-02   8.5599302E-02
    9.1755409E-02   9.7458966E-02   1.0273055E-01   1.0702014E-01   1.1065691E-01
    1.1301526E-01   1.0009222E-01   1.1650453E-01   1.2944200E-01

 3.0704873587E+04   2.1481704E-01   3.0475092E+05   9.8472402E-01   5.6495492E+00   1.9129066E+03   5.0000000E-02     5 
    4.2852497E-17   1.9562843E-20   4.6947538E-20   2.3732200E-14   4.3884191E-12
    4.5650966E-12   3.1659540E-14   3.1479879E-14   2.8318309E-09   1.9258263E-07
    1.9263521E-07   6.2681211E-09   6.2743596E-09   1.0215794E-08   1.0517150E-06
    2.8130218E-06   1.5772529E-06   3.4796792E-06   2.7661247E-05   6.3449389E-05
    3.3504319E-05   8.4376783E-05   2.0045953E-04   3.5692557E-04   2.1163058E-04
    5.3819969E-04   9.4780873E-04   1.3062748E-03   7.0073511E-04   2.2639964E-03
    2.2868513E-03   2.9605892E-03   1.5749136E-03   5.5209007E-03   4.3133200E-03
    5.2426125E-03   2.8258268E-03   1.0482680E-02   6.9245236E-03   8.7236890E-03
    4.3543768E-03   1.7055778E-02   9.8397145E-03   1.3131422E-02   6.1025962E-03
    2.4149419E-02   2.6052584E-02   3.3820926E-02   4.1924629E-02   4.9972084E-02
    5.7945120E-02   6.5854842E-02   7.3522437E-02   8.0679789E-02   8.7550454E-02
    9.3732402E-02   9.9449114E-02   1.0473240E-01   1.0901572E-01   1.1263678E-01
    1.1495782E-01   1.0175638E-01   1.1836527E-01   1.3143696E-01

 2.5162336570E+04   3.2904009E-01   4.5462305E+05   1.0275517E+00   5.7263500E+00   1.9096892E+03   5.0000000E-02     6 
    7.3731922E-16   3.3951554E-19   8.0813517E-19   9.6325615E-14   1.6121692E-11
    1.6762896E-11   1.0861176E-13   1.0805272E-13   6.1395258E-09   4.1183797E-07
    4.1195449E-07   1.2673930E-08   1.2686236E-08   2.0619190E-08   1.7273133E-06
    4.5995397E-06   2.5078679E-06   5.5192243E-06   3.9371715E-05   8.9646057E-05
    4.6756175E-05   1.1739446E-04   2.6200635E-04   4.5982853E-04   2.7302534E-04
    6.9164601E-04   1.1735222E-03   1.6029724E-03   8.5922734E-04   2.7629889E-03
    2.7282516E-03   3.5289941E-03   1.8650746E-03   6.5019359E-03   5.0119073E-03
    6.0449723E-03   3.2640771E-03   1.2033225E-02   7.8899613E-03   9.9150848E-03
    4.9372854E-03   1.9208694E-02   1.1045718E-02   1.4818349E-02   6.8227816E-03
    2.6799786E-02   2.8601716E-02   3.6805571E-02   4.5294088E-02   5.3627108E-02
    6.1832545E-02   6.9957550E-02   7.7812905E-02   8.5097958E-02   9.2060868E-02
    9.8296240E-02   1.0404265E-01   1.0933921E-01   1.1360807E-01   1.1718353E-01
    1.1941326E-01   1.0557851E-01   1.2262203E-01   1.3599981E-01

 1.7097777280E+04   7.5352915E-01   9.8937470E+05   1.1264112E+00   5.8961665E+00   1.9011027E+03   5.0000000E-02     7 
    2.3919934E-13   1.0802347E-16   2.5344323E-16   1.6443090E-12   2.2466172E-10
    2.3353148E-10   1.3162112E-12   1.3120544E-12   2.9413794E-08   1.9305554E-06
    1.9313483E-06   5.2694322E-08   5.2744954E-08   8.5410040E-08   4.7202151E-06
    1.2358675E-05   6.4210475E-06   1.4056351E-05   8.0775884E-05   1.7643737E-04
    9.2037320E-05   2.2946651E-04   4.5234070E-04   7.8031289E-04   4.5865049E-04
    1.1517842E-03   1.8159467E-03   2.4445652E-03   1.3027991E-03   4.1452896E-03
    3.9176086E-03   5.0142826E-03   2.6363051E-03   9.0772828E-03   6.8233447E-03
    8.1580053E-03   4.3870039E-03   1.5951888E-02   1.0325071E-02   1.2823479E-02
    6.3928894E-03   2.4498017E-02   1.4020698E-02   1.9246990E-02   8.5868702E-03
    3.3174451E-02   3.4646531E-02   4.3767356E-02   5.3118759E-02   6.2049818E-02
    7.0695126E-02   7.9252375E-02   8.7491451E-02   9.5048988E-02   1.0218338E-01
    1.0850273E-01   1.1429741E-01   1.1955047E-01   1.2376144E-01   1.2720622E-01
    1.2920781E-01   1.1400761E-01   1.3198695E-01   1.4603814E-01

 1.1633900071E+04   1.7096835E+00   2.1517450E+06   1.2225633E+00   6.0597774E+00   1.8886020E+03   5.0000000E-02     8 
    2.3774339E-11   1.2060106E-14   2.7811408E-14   1.7091308E-11   1.9836808E-09
    2.0585064E-09   1.0236559E-11   1.0248476E-11   1.0693157E-07   6.9676403E-06
    6.9719686E-06   1.6976853E-07   1.6994135E-07   2.7424029E-07   1.0796593E-05
    2.7933787E-05   1.3919402E-05   3.0322361E-05   1.4632938E-04   3.0429495E-04
    1.6097164E-04   3.9866262E-04   7.1151587E-04   1.2147483E-03   7.0471399E-04
    1.7552965E-03   2.6115227E-03   3.4760472E-03   1.8410438E-03   5.8004919E-03
    5.3008167E-03   6.6934245E-03   3.5178036E-03   1.1974940E-02   8.8380528E-03
    1.0497567E-02   5.6174776E-03   2.0168254E-02   1.2946328E-02   1.5877329E-02
    7.9415975E-03   3.0001655E-02   1.7141794E-02   2.4243275E-02   1.0420864E-02
    3.9651366E-02   4.0683547E-02   5.0604281E-02   6.0777284E-02   7.0204527E-02
    7.9167995E-02   8.8062659E-02   9.6631679E-02   1.0443003E-01   1.1169689E-01
    1.1805121E-01   1.2383614E-01   1.2900238E-01   1.3310175E-01   1.3641311E-01
    1.3815592E-01   1.2177749E-01   1.4059436E-01   1.5525520E-01

 7.9342395623E+03   3.8106099E+00   4.6719697E+06   1.2956100E+00   6.2074716E+00   1.8705853E+03   5.0000000E-02     9 
    3.8606210E-10   2.7532531E-13   6.2565252E-13   8.2364876E-11   8.6048239E-09
    8.9140910E-09   4.0284166E-11   4.0706373E-11   2.5281455E-07   1.6655252E-05
    1.6670116E-05   3.6878555E-07   3.6922578E-07   5.9424392E-07   1.8694368E-05
    4.7889272E-05   2.3274756E-05   5.0521134E-05   2.1750557E-04   4.2972072E-04
    2.3362101E-04   5.7570683E-04   9.6340406E-04   1.6351833E-03   9.3896729E-04
    2.3246613E-03   3.3323706E-03   4.4209483E-03   2.3210558E-03   7.2605377E-03
    6.4982319E-03   8.0783545E-03   4.2699309E-03   1.4416325E-02   1.0523885E-02
    1.2449384E-02   6.6362683E-03   2.3602617E-02   1.5087785E-02   1.8268458E-02
    9.1973201E-03   3.4377349E-02   1.9646887E-02   2.8601262E-02   1.1881840E-02
    4.4715775E-02   4.5348296E-02   5.5804398E-02   6.6625268E-02   7.6406215E-02
    8.5503609E-02   9.4591098E-02   1.0341505E-01   1.1141068E-01   1.1876223E-01
    1.2512351E-01   1.3084660E-01   1.3593031E-01   1.3992674E-01   1.4313230E-01
    1.4460179E-01   1.2757081E-01   1.4687015E-01   1.6196714E-01

 5.4309298817E+03   8.3362477E+00   1.0113242E+07   1.3432255E+00   6.3534922E+00   1.8446651E+03   5.0000000E-02    10 
    1.4935537E-09   1.7929169E-12   3.9834283E-12   2.1627730E-10   2.1303818E-08
    2.1991590E-08   9.2973612E-11   9.5707304E-11   4.2462087E-07   2.8696515E-05
    2.8735016E-05   5.8535744E-07   5.8623204E-07   9.4147097E-07   2.5925490E-05
    6.5822454E-05   3.1629394E-05   6.8481759E-05   2.7573193E-04   5.2214110E-04
    2.9189169E-04   7.1688260E-04   1.1555003E-03   1.9564793E-03   1.1152000E-03
    2.7501330E-03   3.8582323E-03   5.1491027E-03   2.6672483E-03   8.3056263E-03
    7.3453855E-03   8.9988650E-03   4.7977067E-03   1.6112911E-02   1.1691664E-02
    1.3797566E-02   7.3389154E-03   2.5940776E-02   1.6550543E-02   1.9825385E-02
    1.0051412E-02   3.7315705E-02   2.1342471E-02   3.1785195E-02   1.2866269E-02
    4.8078362E-02   4.8433432E-02   5.9194296E-02   7.0457869E-02   8.0519886E-02
    8.9628429E-02   9.8787524E-02   1.0777279E-01   1.1594655E-01   1.2336873E-01
    1.2974366E-01   1.3541117E-01   1.4038902E-01   1.4432240E-01   1.4742861E-01
    1.4856369E-01   1.3157535E-01   1.5091594E-01   1.6629699E-01

 3.7398535271E+03   1.7943161E+01   2.1765081E+07   1.3751467E+00   6.5238358E+00   1.8077036E+03   5.0000000E-02    11 
    2.6907136E-09   6.0070285E-12   1.2833722E-11   4.1507144E-10   3.9526835E-08
    4.0647991E-08   1.6420707E-10   1.7474249E-10   5.9533002E-07   4.1742892E-05
    4.1828336E-05   7.8488774E-07   7.8626064E-07   1.2600083E-06   3.1930811E-05
    8.0590431E-05   3.8447916E-05   8.3049425E-05   3.2074079E-04   5.9216000E-04
    3.3636853E-04   8.2402730E-04   1.2978981E-03   2.1953363E-03   1.2445160E-03
    3.0610180E-03   4.2374617E-03   5.7193720E-03   2.9146431E-03   9.0483282E-03
    7.9426819E-03   9.6295665E-03   5.1695931E-03   1.7297882E-02   1.2506969E-02
    1.4733035E-02   7.8286058E-03   2.7558564E-02   1.7564825E-02   2.0872321E-02
    1.0641751E-02   3.9334577E-02   2.2511513E-02   3.4037334E-02   1.3544943E-02
    5.0370287E-02   5.0536514E-02   6.1484237E-02   7.3037323E-02   8.3368369E-02
    9.2461505E-02   1.0161140E-01   1.1068663E-01   1.1904007E-01   1.2652666E-01
    1.3294103E-01   1.3858883E-01   1.4345473E-01   1.4731364E-01   1.5030181E-01
    1.5096120E-01   1.3483104E-01   1.5372266E-01   1.6929339E-01

 2.5929982312E+03   3.8226258E+01   4.6624653E+07   1.4030867E+00   6.7411431E+00   1.7555048E+03   5.0000000E-02    12 
    3.9539704E-09   1.6974109E-11   3.4156005E-11   7.4604045E-10   6.9166561E-08
    7.0804153E-08   2.8155749E-10   3.1525990E-10   7.9811271E-07   5.8457170E-05
    5.8637123E-05   1.0051114E-06   1.0070702E-06   1.6093994E-06   3.8121394E-05
    9.6011358E-05   4.5351452E-05   9.7673558E-05   3.6453876E-04   6.6584754E-04
    3.7916438E-04   9.2661895E-04   1.4324173E-03   2.4204676E-03   1.3653201E-03
    3.3504298E-03   4.5866382E-03   6.2664750E-03   3.1421299E-03   9.7270835E-03
    8.4864198E-03   1.0231284E-02   5.5080640E-03   1.8369639E-02   1.3245130E-02
    1.5575142E-02   8.2705160E-03   2.9012476E-02   1.8477477E-02   2.1819194E-02
    1.1174200E-02   4.1135424E-02   2.3557525E-02   3.5959462E-02   1.4156602E-02
    5.2409082E-02   5.2418194E-02   6.3533190E-02   7.5307840E-02   8.5927802E-02
    9.5019349E-02   1.0413479E-01   1.1325788E-01   1.2180939E-01   1.2934732E-01
    1.3581914E-01   1.4147718E-01   1.4624569E-01   1.5000968E-01   1.5279639E-01
    1.5280992E-01   1.3848875E-01   1.5633089E-01   1.7207084E-01

 1.8108726762E+03   8.1088921E+01   9.9740593E+07   1.4367814E+00   7.0416078E+00   1.6826494E+03   5.0000000E-02    13 
    6.9895845E-09   5.8267625E-11   1.0596989E-10   1.4988182E-09   1.3405969E-07
    1.3669759E-07   5.6725655E-10   6.7246488E-10   1.1249687E-06   8.6292776E-05
    8.6691080E-05   1.3403237E-06   1.3446611E-06   2.1357954E-06   4.6911601E-05
    1.1815838E-04   5.4964666E-05   1.1784692E-04   4.2316131E-04   7.6966109E-04
    4.3572382E-04   1.0616286E-03   1.6062719E-03   2.7098411E-03   1.5203727E-03
    3.7198400E-03   5.0275335E-03   6.9434664E-03   3.4298444E-03   1.0579712E-02
    9.1681146E-03   1.1024429E-02   5.9304429E-03   1.9700271E-02   1.4160813E-02
    1.6620984E-02   8.8201150E-03   3.0797837E-02   1.9601247E-02   2.3030121E-02
    1.1834294E-02   4.3333168E-02   2.4848000E-02   3.8213238E-02   1.4915866E-02
    5.4886052E-02   5.4727268E-02   6.6062068E-02   7.8058409E-02   8.9012216E-02
    9.8152354E-02   1.0724400E-01   1.1639569E-01   1.2517656E-01   1.3277976E-01
    1.3931613E-01   1.4499605E-01   1.4966856E-01   1.5327945E-01   1.5571811E-01
    1.5507880E-01   1.4348640E-01   1.5960505E-01   1.7556105E-01

 1.2758858201E+03   1.7193244E+02   2.1359668E+08   1.4849232E+00   7.5412503E+00   1.5828572E+03   5.0000000E-02    14 
    1.9879053E-08   3.2415543E-10   5.0377048E-10   3.8803571E-09   3.2803977E-07
    3.3427163E-07   1.6089479E-09   1.9574022E-09   1.7905943E-06   1.4333982E-04
    1.4434439E-04   1.9942131E-06   2.0087246E-06   3.1319282E-06   6.2328026E-05
    1.5717101E-04   7.1469433E-05   1.5196314E-04   5.1843590E-04   9.4014046E-04
    5.2643436E-04   1.2764929E-03   1.8762371E-03   3.1582962E-03   1.7601656E-03
    4.2865567E-03   5.6975877E-03   7.9500254E-03   3.8650179E-03   1.1856768E-02
    1.0187174E-02   1.2230129E-02   6.5604207E-03   2.1662248E-02   1.5512138E-02
    1.8164665E-02   9.6331620E-03   3.3400911E-02   2.1250518E-02   2.4869481E-02
    1.2806393E-02   4.6514388E-02   2.6736534E-02   4.1569536E-02   1.6034195E-02
    5.8444723E-02   5.8063478E-02   6.9709519E-02   8.2012506E-02   9.3390524E-02
    1.0262352E-01   1.1171784E-01   1.2094938E-01   1.2999358E-01   1.3768884E-01
    1.4429467E-01   1.4998510E-01   1.5454246E-01   1.5789972E-01   1.5987947E-01
    1.5891359E-01   1.5050995E-01   1.6436486E-01   1.8065510E-01

 9.0989858214E+02   3.6515788E+02   4.5843374E+08   1.5577749E+00   8.3886830E+00   1.4501657E+03   5.0000000E-02    15 
    1.1689721E-07   3.6668491E-09   4.7592248E-09   1.4666109E-08   1.1145162E-06
    1.1365725E-06   7.5829111E-09   8.8676749E-09   3.4239121E-06   2.7938399E-04
    2.8232506E-04   3.5492938E-06   3.5803911E-06   5.3523555E-06   9.3362384E-05
    2.3545465E-04   1.0389673E-04   2.1699996E-04   6.9064684E-04   1.2477855E-03
    6.8771161E-04   1.6526733E-03   2.3363430E-03   3.9220964E-03   2.1648455E-03
    5.2321806E-03   6.8042228E-03   9.6118661E-03   4.5778370E-03   1.3915076E-02
    1.1827042E-02   1.4172521E-02   7.5715600E-03   2.4758503E-02   1.7656053E-02
    2.0607880E-02   1.0922307E-02   3.7449823E-02   2.3840799E-02   2.7815666E-02
    1.4340022E-02   5.1397586E-02   2.9686850E-02   4.7037626E-02   1.7797681E-02
    6.3860290E-02   6.3185214E-02   7.5268617E-02   8.8044850E-02   1.0000187E-01
    1.0937335E-01   1.1851521E-01   1.2791169E-01   1.3727392E-01   1.4510508E-01
    1.5178796E-01   1.5745171E-01   1.6184133E-01   1.6487448E-01   1.6647837E-01
    1.6568725E-01   1.6022324E-01   1.7166031E-01   1.8847570E-01

 6.5986239609E+02   7.7130459E+02   9.8744123E+08   1.6492838E+00   9.8050081E+00   1.2801757E+03   5.0000000E-02    16 
    9.9329097E-07   5.6382683E-08   6.5155358E-08   7.0448572E-08   4.4778611E-06
    4.5626579E-06   4.8377530E-08   5.3318275E-08   7.2368534E-06   5.6805475E-04
    5.7633005E-04   7.0910142E-06   7.1842341E-06   9.8471457E-06   1.5014365E-04
    3.7730068E-04   1.6219190E-04   3.2551290E-04   9.6351524E-04   1.7328509E-03
    9.3887880E-04   2.2186963E-03   3.0139219E-03   5.0447190E-03   2.7519299E-03
    6.5743212E-03   8.3643701E-03   1.2023210E-02   5.5774592E-03   1.6716419E-02
    1.4060450E-02   1.6823074E-02   8.9518889E-03   2.8868379E-02   2.0527567E-02
    2.3875935E-02   1.2663008E-02   4.2730399E-02   2.7274078E-02   3.1745605E-02
    1.6406586E-02   5.7680714E-02   3.3603787E-02   5.4805859E-02   2.0196150E-02
    7.0755324E-02   6.9848496E-02   8.2449652E-02   9.5854151E-02   1.0852837E-01
    1.1809576E-01   1.2734794E-01   1.3701654E-01   1.4674508E-01   1.5477359E-01
    1.6155197E-01   1.6716234E-01   1.7138182E-01   1.7418731E-01   1.7569936E-01
    1.7545183E-01   1.7226539E-01   1.8158409E-01   1.9911594E-01

 4.8988717578E+02   1.5519023E+03   2.1396901E+09   1.6740776E+00   1.1777219E+01   1.0716637E+03   5.0000000E-02    17 
    1.1018137E-06   1.4248638E-07   1.3271571E-07   1.4800171E-07   7.7197553E-06
    7.8500925E-06   1.4324553E-07   1.3412468E-07   9.3581080E-06   6.1355435E-04
    6.2695796E-04   1.0384317E-05   1.0369068E-05   1.1584324E-05   1.7761888E-04
    4.4086509E-04   1.9323616E-04   3.6244183E-04   1.0701230E-03   1.9106936E-03
    1.0488022E-03   2.4023507E-03   3.2599021E-03   5.4342437E-03   2.9659606E-03
    7.0082616E-03   8.9152965E-03   1.3002413E-02   5.9563100E-03   1.7594713E-02
    1.4795182E-02   1.7709248E-02   9.4615953E-03   3.0182077E-02   2.1490832E-02
    2.4940590E-02   1.3343303E-02   4.4448153E-02   2.8469199E-02   3.3071245E-02
    1.7300105E-02   5.9733729E-02   3.5119235E-02   5.8477683E-02   2.1404971E-02
    7.3014747E-02   7.2671384E-02   8.5478776E-02   9.9232001E-02   1.1239337E-01
    1.2230700E-01   1.3186582E-01   1.4188789E-01   1.5188558E-01   1.6020143E-01
    1.6718888E-01   1.7289735E-01   1.7719939E-01   1.8014320E-01   1.8195167E-01
    1.8244535E-01   1.8090520E-01   1.8884259E-01   2.0715506E-01

 3.7551098527E+02   3.0322357E+03   4.6516203E+09   1.7326740E+00   1.5204779E+01   8.3877064E+02   5.0000000E-02    18 
    3.1189674E-06   8.1545520E-07   7.0539348E-07   6.6669796E-07   1.8423782E-05
    1.8612024E-05   6.4091854E-07   5.5876408E-07   1.5576527E-05   6.2384670E-04
    6.4589192E-04   2.2350784E-05   2.1417248E-05   1.6721723E-05   2.4892427E-04
    6.0487060E-04   2.8320582E-04   4.5997237E-04   1.3367059E-03   2.3549090E-03
    1.3918161E-03   2.8621417E-03   3.8355614E-03   6.3716661E-03   3.4704634E-03
    8.0526117E-03   1.0306327E-02   1.5169285E-02   6.8955841E-03   1.9666819E-02
    1.6516250E-02   1.9750813E-02   1.0651646E-02   3.3203432E-02   2.3684450E-02
    2.7381531E-02   1.4852141E-02   4.8323468E-02   3.1131342E-02   3.6032454E-02
    1.9251826E-02   6.4308848E-02   3.8524381E-02   6.5698310E-02   2.4031567E-02
    7.8027666E-02   7.8504830E-02   9.1777797E-02   1.0623423E-01   1.2014417E-01
    1.3065704E-01   1.4083307E-01   1.5146906E-01   1.6189328E-01   1.7062330E-01
    1.7791846E-01   1.8382363E-01   1.8831289E-01   1.9150169E-01   1.9363984E-01
    1.9467586E-01   1.9405204E-01   2.0138345E-01   2.2110724E-01

 2.9874876752E+02   5.5326338E+03   1.0226428E+10   1.8109398E+00   2.0881848E+01   6.0254602E+02   5.0000002E-02    19 
    1.3417189E-05   5.7677919E-06   5.0229924E-06   4.2734563E-06   4.3919363E-05
    4.4109907E-05   2.9286224E-06   2.5434993E-06   2.9183536E-05   4.5862915E-04
    4.7933833E-04   4.8803047E-05   4.0827895E-05   2.7396558E-05   3.8448069E-04
    8.9595737E-04   4.9136698E-04   6.2001113E-04   1.7908625E-03   3.0606790E-03
    2.2265480E-03   3.5639501E-03   4.7030451E-03   7.7837505E-03   4.2576715E-03
    9.5926767E-03   1.2591995E-02   1.8247944E-02   8.4584839E-03   2.2625267E-02
    1.8959583E-02   2.2651827E-02   1.2560692E-02   3.7456310E-02   2.6770633E-02
    3.0811030E-02   1.7123350E-02   5.3721315E-02   3.4898228E-02   4.0107364E-02
    2.2296134E-02   7.0641269E-02   4.3692094E-02   7.4451951E-02   2.8376276E-02
    8.4968100E-02   8.6792406E-02   1.0081891E-01   1.1628511E-01   1.3119367E-01
    1.4281818E-01   1.5409341E-01   1.6563413E-01   1.7666764E-01   1.8595859E-01
    1.9366721E-01   1.9986442E-01   2.0461239E-01   2.0807163E-01   2.1048710E-01
    2.1187922E-01   2.1174638E-01   2.1890035E-01   2.4066809E-01

 2.4835239855E+02   8.7766962E+03   2.2527734E+10   1.9137159E+00   3.3698519E+01   3.9553495E+02   5.0001786E-02    20 
    9.7559391E-05   8.1777736E-05   4.8588458E-05   1.7786883E-05   1.3121902E-04
    1.3242817E-04   2.0932674E-05   1.2923574E-05   7.6414224E-05   5.4897300E-04
    5.6693128E-04   1.5451035E-04   1.1800153E-04   5.7100565E-05   7.3876615E-04
    1.4715951E-03   1.0805227E-03   8.9585674E-04   2.8067116E-03   4.2495382E-03
    4.5179479E-03   4.6571571E-03   6.1500712E-03   9.9976966E-03   5.6440630E-03
    1.1883413E-02   1.6713108E-02   2.2825616E-02   1.1261153E-02   2.6852336E-02
    2.2649139E-02   2.6841900E-02   1.5847194E-02   4.3414054E-02   3.1282010E-02
    3.5635665E-02   2.0720466E-02   6.1186595E-02   4.0265802E-02   4.5687655E-02
    2.7209872E-02   7.9342910E-02   5.1861124E-02   8.5214568E-02   3.5842225E-02
    9.4578088E-02   9.8428372E-02   1.1371836E-01   1.3073214E-01   1.4715368E-01
    1.6057101E-01   1.7350994E-01   1.8630128E-01   1.9814605E-01   2.0807745E-01
    2.1621151E-01   2.2268229E-01   2.2763657E-01   2.3128440E-01   2.3386693E-01
    2.3544997E-01   2.3555801E-01   2.4263421E-01   2.6666601E-01

 2.1952958836E+02   1.0680366E+04   4.4788284E+10   2.0308933E+00   5.4417070E+01   2.5338793E+02   5.0203966E-02    21 
    8.2268415E-04   6.6067094E-04   4.6637123E-04   6.0474118E-05   3.6620640E-04
    3.7103903E-04   8.1231964E-05   5.8792965E-05   1.7903214E-04   9.0418774E-04
    9.2413678E-04   2.7972229E-04   2.5850200E-04   1.3452142E-04   1.3060102E-03
    2.2296467E-03   1.9696288E-03   1.3120669E-03   4.0930127E-03   5.7701457E-03
    7.1120755E-03   6.1401201E-03   7.9926827E-03   1.2680532E-02   7.3779896E-03
    1.4821910E-02   2.1235134E-02   2.7178956E-02   1.4422695E-02   3.2056770E-02
    2.7075799E-02   3.1668828E-02   1.9748819E-02   5.0581621E-02   3.6671546E-02
    4.1203089E-02   2.5423880E-02   6.9994887E-02   4.6627883E-02   5.1852244E-02
    3.3906693E-02   8.9520663E-02   6.1251619E-02   9.0010393E-02   4.6156459E-02
    1.0586007E-01   1.1219239E-01   1.2917633E-01   1.4793035E-01   1.6618992E-01
    1.8204693E-01   1.9706980E-01   2.1122191E-01   2.2383408E-01   2.3431081E-01
    2.4278229E-01   2.4945269E-01   2.5454034E-01   2.5829322E-01   2.6095202E-01
    2.6261658E-01   2.6282617E-01   2.6982604E-01   2.9564565E-01

 2.0229313469E+02   9.4419125E+03   7.6093074E+10   2.1021171E+00   8.8698033E+01   1.6251480E+02   5.4217751E-02    22 
    2.8895226E-03   1.6953573E-03   1.8732761E-03   1.3952084E-04   6.6368996E-04
    6.7329944E-04   1.5500814E-04   1.5529645E-04   3.1577038E-04   1.2531315E-03
    1.2742322E-03   3.9750653E-04   4.6405820E-04   2.1166264E-04   1.7324118E-03
    2.5946001E-03   2.5027286E-03   1.6503277E-03   4.6924052E-03   6.6272477E-03
    8.0890541E-03   7.2329819E-03   9.1976458E-03   1.4202345E-02   8.6146436E-03
    1.6940300E-02   2.3384705E-02   2.8303458E-02   1.6113317E-02   3.5698695E-02
    2.9972406E-02   3.4520231E-02   2.2372848E-02   5.5588993E-02   4.0293398E-02
    4.4655695E-02   2.9349742E-02   7.6189035E-02   5.0925698E-02   5.5622499E-02
    4.0183976E-02   9.6768842E-02   6.6662854E-02   8.6147542E-02   5.5749074E-02
    1.1422068E-01   1.2330470E-01   1.4214266E-01   1.6263904E-01   1.8281928E-01
    2.0115984E-01   2.1815824E-01   2.3350766E-01   2.4675463E-01   2.5763958E-01
    2.6634486E-01   2.7313854E-01   2.7829913E-01   2.8210218E-01   2.8479013E-01
    2.8648546E-01   2.8673926E-01   2.9365215E-01   3.2042991E-01

 1.9107300864E+02   5.7442182E+03   9.0678798E+10   2.1231932E+00   1.6959704E+02   1.0401309E+02   7.9646943E-02    23 
    6.7147407E-03   3.0830869E-03   3.9674631E-03   2.8557576E-04   1.2514481E-03
    1.2747083E-03   2.8828531E-04   3.4268137E-04   5.9896217E-04   1.8472847E-03
    1.8719876E-03   6.8401961E-04   8.3464442E-04   3.4016614E-04   2.1700706E-03
    2.8399253E-03   2.9916999E-03   1.8540910E-03   5.0287353E-03   7.0084188E-03
    7.8194176E-03   7.7013999E-03   9.8382834E-03   1.4717559E-02   9.4456170E-03
    1.7830792E-02   2.3579977E-02   2.7819317E-02   1.6612582E-02   3.7088416E-02
    3.1199411E-02   3.5536975E-02   2.3494604E-02   5.7584936E-02   4.1946006E-02
    4.6069155E-02   3.1188784E-02   7.8719838E-02   5.2774344E-02   5.7313417E-02
    4.3313154E-02   9.9854687E-02   6.7939865E-02   8.2483524E-02   5.9845416E-02
    1.1800455E-01   1.2861462E-01   1.4835942E-01   1.6958700E-01   1.9058422E-01
    2.1001314E-01   2.2787501E-01   2.4377138E-01   2.5736058E-01   2.6850303E-01
    2.7739698E-01   2.8432684E-01   2.8958916E-01   2.9346827E-01   2.9620719E-01
    2.9793782E-01   2.9821259E-01   3.0517527E-01   3.3214243E-01

 1.8339946974E+02   2.4029243E+03   7.9821685E+10   2.1159861E+00   4.2098591E+02   6.6442280E+01   1.5372253E-01    24 
    1.6730776E-02   7.6419756E-03   9.1406109E-03   8.3279373E-04   3.1801351E-03
    3.2456714E-03   8.6672767E-04   9.9810204E-04   1.6346817E-03   3.9453012E-03
    3.9783186E-03   1.8581528E-03   2.2129912E-03   8.9333741E-04   3.8118217E-03
    3.9433191E-03   4.9233813E-03   2.2715633E-03   6.3926489E-03   7.9801319E-03
    8.7406420E-03   8.0628558E-03   1.1108263E-02   1.5418353E-02   1.1409414E-02
    1.8296652E-02   2.4175092E-02   2.7021647E-02   1.8306204E-02   3.7304621E-02
    3.2424560E-02   3.6196467E-02   2.4788415E-02   5.7881146E-02   4.3495494E-02
    4.6979943E-02   3.1762212E-02   7.8988316E-02   5.3616261E-02   5.8300040E-02
    4.4208097E-02   1.0021076E-01   6.6907743E-02   7.7617466E-02   5.8902213E-02
    1.1843915E-01   1.2907997E-01   1.4843630E-01   1.6895373E-01   1.8936659E-01
    2.0859396E-01   2.2638129E-01   2.4225707E-01   2.5594173E-01   2.6727863E-01
    2.7640596E-01   2.8356993E-01   2.8903893E-01   2.9308442E-01   2.9594227E-01
    2.9774823E-01   2.9804308E-01   3.0525795E-01   3.3209080E-01

 1.7786624954E+02   8.9300876E+02   7.2712408E+10   2.1026169E+00   1.1658707E+03   4.2413827E+01   2.8105777E-01    25 
    4.0197166E-02   2.0395600E-02   2.3439069E-02   2.8233896E-03   8.5030184E-03
    8.6759944E-03   3.1418519E-03   3.4435284E-03   5.0659892E-03   1.0581076E-02
    1.0652737E-02   5.8374108E-03   6.8992899E-03   3.2674716E-03   9.1918536E-03
    8.3915772E-03   1.1034862E-02   4.1321624E-03   1.1471116E-02   1.2225502E-02
    1.3460920E-02   9.8111732E-03   1.5579780E-02   1.9030712E-02   1.7663379E-02
    2.0442276E-02   2.7962122E-02   2.9354855E-02   2.5779464E-02   3.8940424E-02
    3.7290374E-02   3.9703833E-02   2.9838907E-02   5.9751020E-02   4.9209881E-02
    5.0622905E-02   3.5014571E-02   8.0592983E-02   5.6981640E-02   6.2069727E-02
    4.9617093E-02   1.0200024E-01   6.8989840E-02   7.5304883E-02   6.1095410E-02
    1.2033851E-01   1.3136614E-01   1.5055641E-01   1.7054776E-01   1.9059752E-01
    2.0975910E-01   2.2752480E-01   2.4332968E-01   2.5707355E-01   2.6854231E-01
    2.7784832E-01   2.8520831E-01   2.9085541E-01   2.9504646E-01   2.9800626E-01
    2.9987765E-01   3.0019183E-01   3.0761042E-01   3.3420412E-01

 1.7347296547E+02   3.4760422E+02   7.7148789E+10   2.0924836E+00   3.0831114E+03   2.7381992E+01   4.3135431E-01    26 
    8.3476970E-02   4.8850860E-02   5.7219133E-02   9.0580794E-03   2.0656973E-02
    2.1052284E-02   1.0571105E-02   1.1501238E-02   1.4383172E-02   2.7822755E-02
    2.8292358E-02   1.6413880E-02   1.9443318E-02   1.1893243E-02   2.2908595E-02
    1.9918528E-02   2.6097551E-02   1.1030885E-02   2.5376703E-02   2.3826577E-02
    2.7677938E-02   1.6513761E-02   2.7386145E-02   2.9210632E-02   3.2999299E-02
    2.8460688E-02   4.0774396E-02   4.0273606E-02   4.6458490E-02   4.6242884E-02
    5.1434213E-02   5.0295480E-02   4.4041857E-02   6.8062241E-02   6.5579391E-02
    6.1300423E-02   4.5517344E-02   8.7926554E-02   6.7595939E-02   7.3171523E-02
    6.6644024E-02   1.0996735E-01   8.1149762E-02   8.5470424E-02   7.2699884E-02
    1.2857884E-01   1.4095417E-01   1.6078432E-01   1.8107180E-01   2.0161461E-01
    2.2109435E-01   2.3899226E-01   2.5475615E-01   2.6858583E-01   2.8001623E-01
    2.8930907E-01   2.9668269E-01   3.0234281E-01   3.0654564E-01   3.0950363E-01
    3.1137686E-01   3.1169930E-01   3.1907598E-01   3.4531683E-01

 1.7127741263E+02   1.7716315E+02   9.2076302E+10   2.0538928E+00   5.2342070E+03   1.7493540E+01   5.8024756E-01    27 
    5.8941178E-02   3.9034385E-02   4.4384439E-02   1.0912273E-02   2.4290237E-02
    2.4778867E-02   1.3304260E-02   1.4539423E-02   1.9380413E-02   3.2959970E-02
    3.4072960E-02   2.1220506E-02   2.4350730E-02   1.7320160E-02   2.7991573E-02
    2.2002205E-02   3.0551299E-02   1.6112825E-02   3.1397603E-02   2.6683721E-02
    3.1751838E-02   2.1472920E-02   3.0714505E-02   3.1069689E-02   3.6482238E-02
    3.3920265E-02   4.5940590E-02   4.3146544E-02   5.5354796E-02   5.1185370E-02
    5.6735256E-02   5.2795622E-02   4.8531940E-02   7.3285141E-02   7.4555028E-02
    6.4173897E-02   5.0164670E-02   9.1856809E-02   7.1721918E-02   7.6379694E-02
    7.6687135E-02   1.1420596E-01   8.8124349E-02   8.9649150E-02   7.9640143E-02
    1.3287166E-01   1.4651826E-01   1.6742516E-01   1.8843069E-01   2.0979530E-01
    2.2986014E-01   2.4810618E-01   2.6405520E-01   2.7800792E-01   2.8932775E-01
    2.9850826E-01   3.0577234E-01   3.1132834E-01   3.1544384E-01   3.1833146E-01
    3.2016299E-01   3.2048574E-01   3.2765905E-01   3.5364844E-01

 1.7085607796E+02   1.4282478E+02   1.1556941E+11   2.0253384E+00   5.9025453E+03   1.1736060E+01   6.9243135E-01    28 
    3.1054257E-02   2.1572077E-02   2.3473716E-02   7.5843500E-03   1.8381898E-02
    1.8830135E-02   9.5747200E-03   1.0242846E-02   1.5647315E-02   2.4639399E-02
    2.5623776E-02   1.6767950E-02   1.8668011E-02   1.3448645E-02   2.2143891E-02
    1.6379000E-02   2.3742492E-02   1.3317336E-02   2.5857236E-02   2.1065464E-02
    2.5107511E-02   1.8780351E-02   2.5267051E-02   2.5967613E-02   2.9260525E-02
    3.0596999E-02   4.0250699E-02   3.7708543E-02   4.7588622E-02   4.7959913E-02
    5.0516342E-02   4.7494365E-02   4.2534404E-02   6.9559489E-02   6.8251022E-02
    5.8896293E-02   4.6541737E-02   8.8489542E-02   6.7067494E-02   7.1351184E-02
    7.2001767E-02   1.1086850E-01   8.3880826E-02   8.5378202E-02   7.8341058E-02
    1.2992327E-01   1.4460124E-01   1.6649981E-01   1.8854996E-01   2.1083010E-01
    2.3171471E-01   2.5060024E-01   2.6698566E-01   2.8106364E-01   2.9240708E-01
    3.0151578E-01   3.0865737E-01   3.1408917E-01   3.1809664E-01   3.2090899E-01
    3.2269267E-01   3.2301037E-01   3.2998248E-01   3.5605951E-01

 1.7066570969E+02   1.2081966E+02   1.6390709E+11   2.0102145E+00   6.7027766E+03   7.2027980E+00   7.9722677E-01    29 
    1.8629774E-02   1.3275932E-02   1.4071092E-02   5.2850838E-03   1.3343122E-02
    1.3715831E-02   6.8096563E-03   7.1736437E-03   1.1808650E-02   1.7802241E-02
    1.8565227E-02   1.2488017E-02   1.3659424E-02   9.9533909E-03   1.6583016E-02
    1.1949011E-02   1.7547707E-02   1.0386379E-02   2.0131557E-02   1.6413964E-02
    1.9082252E-02   1.5835610E-02   2.0414026E-02   2.1854239E-02   2.3000332E-02
    2.7088743E-02   3.4564445E-02   3.3175108E-02   3.9296436E-02   4.4795354E-02
    4.4571398E-02   4.3153320E-02   3.7392717E-02   6.6191011E-02   6.0980544E-02
    5.4597228E-02   4.4216076E-02   8.5978249E-02   6.3295290E-02   6.7718117E-02
    6.8306277E-02   1.0878241E-01   8.0327594E-02   8.3172403E-02   8.0235459E-02
    1.2887646E-01   1.4560158E-01   1.6935891E-01   1.9351198E-01   2.1755429E-01
    2.3985994E-01   2.5970392E-01   2.7664502E-01   2.9082914E-01   3.0215194E-01
    3.1110451E-01   3.1803418E-01   3.2326305E-01   3.2710047E-01   3.2979164E-01
    3.3149736E-01   3.3180160E-01   3.3845946E-01   3.6451136E-01

 1.7044674704E+02   9.0696435E+01   2.3632761E+11   2.0008875E+00   8.6448558E+03   4.6187594E+00   8.6444210E-01    30 
    1.3916323E-02   1.0137839E-02   1.0508312E-02   4.4231394E-03   1.1261757E-02
    1.1621203E-02   5.7859583E-03   6.0170206E-03   1.0285937E-02   1.4710177E-02
    1.5388828E-02   1.0721614E-02   1.1533666E-02   8.6805557E-03   1.4096014E-02
    9.9623098E-03   1.4633642E-02   9.3183301E-03   1.7567031E-02   1.4379369E-02
    1.6265601E-02   1.4792579E-02   1.8198723E-02   2.0115706E-02   2.0019151E-02
    2.5917320E-02   3.2085811E-02   3.1441138E-02   3.5833669E-02   4.4073011E-02
    4.2050126E-02   4.1558608E-02   3.5811447E-02   6.5722978E-02   5.8045216E-02
    5.3333053E-02   4.5161344E-02   8.6335926E-02   6.2852983E-02   6.7790103E-02
    7.0040826E-02   1.1009453E-01   8.1441260E-02   8.5715831E-02   8.6727027E-02
    1.3183594E-01   1.5158384E-01   1.7811275E-01   2.0504702E-01   2.3130393E-01
    2.5518565E-01   2.7595806E-01   2.9333323E-01   3.0755086E-01   3.1876010E-01
    3.2750190E-01   3.3419547E-01   3.3921071E-01   3.4287459E-01   3.4544025E-01
    3.4706523E-01   3.4735476E-01   3.5367742E-01   3.7934824E-01

 1.7019344515E+02   5.6044305E+01   3.5072475E+11   2.0008766E+00   1.4032144E+04   2.9630044E+00   9.1065624E-01    31 
    1.5216736E-02   1.1206507E-02   1.1477033E-02   5.1018028E-03   1.2457632E-02
    1.2922676E-02   6.6656084E-03   6.8830094E-03   1.1591965E-02   1.5706973E-02
    1.6507193E-02   1.1861187E-02   1.2589991E-02   1.0026072E-02   1.5117103E-02
    1.0514103E-02   1.5332545E-02   1.0570802E-02   1.8811166E-02   1.5207301E-02
    1.7089347E-02   1.6222694E-02   1.9015016E-02   2.1062664E-02   2.0701403E-02
    2.7810760E-02   3.3599996E-02   3.3110504E-02   3.8234640E-02   4.6744166E-02
    4.3725573E-02   4.3375842E-02   3.8639640E-02   6.9305548E-02   6.0480858E-02
    5.6063184E-02   5.0425259E-02   9.0864171E-02   6.7191657E-02   7.3179895E-02
    7.8579447E-02   1.1652182E-01   8.9365183E-02   9.5037784E-02   9.9673129E-02
    1.4098401E-01   1.6522369E-01   1.9583711E-01   2.2638910E-01   2.5529520E-01
    2.8084314E-01   3.0246083E-01   3.2012661E-01   3.3427765E-01   3.4527515E-01
    3.5374548E-01   3.6016996E-01   3.6495274E-01   3.6843220E-01   3.7086364E-01
    3.7240188E-01   3.7267524E-01   3.7862800E-01   4.0351480E-01

 1.6989842260E+02   2.5277894E+01   5.3098179E+11   2.0032638E+00   3.2649082E+04   1.8990895E+00   9.4172608E-01    32 
    2.4486506E-02   1.8272734E-02   1.8682574E-02   8.9542544E-03   1.9882325E-02
    2.0749911E-02   1.1451699E-02   1.1798709E-02   1.9056149E-02   2.4470168E-02
    2.5895699E-02   1.9033023E-02   1.9937668E-02   1.7215792E-02   2.3186619E-02
    1.5729463E-02   2.3053230E-02   1.7142648E-02   2.7942296E-02   2.1471561E-02
    2.4980373E-02   2.3214545E-02   2.5690115E-02   2.6996688E-02   2.8185199E-02
    3.6268387E-02   4.3171957E-02   4.1521406E-02   5.2483298E-02   5.6420783E-02
    5.3447169E-02   5.1763969E-02   4.9709082E-02   8.0828620E-02   7.3238600E-02
    6.6388594E-02   6.3415218E-02   1.0303898E-01   8.0782650E-02   8.8459957E-02
    9.8611262E-02   1.3211611E-01   1.0931031E-01   1.1578448E-01   1.2329705E-01
    1.6071371E-01   1.9121274E-01   2.2725652E-01   2.6193834E-01   2.9352255E-01
    3.2047745E-01   3.4260761E-01   3.6026075E-01   3.7413718E-01   3.8475187E-01
    3.9283993E-01   3.9892595E-01   4.0343058E-01   4.0669495E-01   4.0896956E-01
    4.1040603E-01   4.1066015E-01   4.1617390E-01   4.3971840E-01

 1.6957638306E+02   7.8845144E+00   8.1476762E+11   1.9970516E+00   1.1527541E+05   1.2157910E+00   9.6226965E-01    33 
    4.9898315E-02   3.8645866E-02   3.9763597E-02   2.3430349E-02   4.5784120E-02
    4.8023515E-02   2.9035073E-02   2.9946536E-02   4.6957880E-02   5.7315683E-02
    6.1210523E-02   4.5860229E-02   4.7374308E-02   4.5032397E-02   5.3904803E-02
    3.5415311E-02   5.3072505E-02   4.2838719E-02   6.2732412E-02   4.5256107E-02
    5.5383680E-02   5.0001692E-02   5.1166497E-02   4.8785671E-02   5.6992575E-02
    6.7373800E-02   7.8735728E-02   7.2396106E-02   1.0433818E-01   8.9670149E-02
    8.8343658E-02   8.1254739E-02   8.5691504E-02   1.1774780E-01   1.1685734E-01
    9.9579606E-02   9.8405613E-02   1.3773389E-01   1.2087636E-01   1.3099808E-01
    1.4883168E-01   1.7268936E-01   1.5871097E-01   1.6399414E-01   1.7303030E-01
    2.0629663E-01   2.4439771E-01   2.8646981E-01   3.2467582E-01   3.5797601E-01
    3.8527713E-01   4.0698014E-01   4.2387696E-01   4.3696015E-01   4.4677101E-01
    4.5418489E-01   4.5973146E-01   4.6381505E-01   4.6676316E-01   4.6880805E-01
    4.7009590E-01   4.7032115E-01   4.7521040E-01   4.9640889E-01

 1.6923374516E+02   1.9040897E+00   1.2586504E+12   1.9795483E+00   5.5042006E+05   7.7937419E-01   9.7563764E-01    34 
    1.0920215E-01   9.0145420E-02   9.3739353E-02   7.9558625E-02   1.3593515E-01
    1.4283573E-01   9.6127940E-02   9.9531759E-02   1.5445723E-01   1.8048174E-01
    1.9478786E-01   1.4898905E-01   1.5229294E-01   1.6045000E-01   1.7317094E-01
    1.1029494E-01   1.6942955E-01   1.5240763E-01   1.9895777E-01   1.3981700E-01
    1.7450017E-01   1.6431419E-01   1.5268578E-01   1.3535166E-01   1.7098839E-01
    1.9734652E-01   2.1951224E-01   1.9881577E-01   3.0388679E-01   2.2622314E-01
    2.2421787E-01   1.9895460E-01   2.2206683E-01   2.6278362E-01   2.7775216E-01
    2.2400900E-01   2.2085130E-01   2.6459293E-01   2.6108827E-01   2.7481641E-01
    3.0847782E-01   3.0847164E-01   3.0799657E-01   3.0615716E-01   3.1406577E-01
    3.4250559E-01   3.8563346E-01   4.3072862E-01   4.6802515E-01   4.9893565E-01
    5.2295709E-01   5.4126633E-01   5.5513159E-01   5.6579925E-01   5.7347973E-01
    5.7927154E-01   5.8360520E-01   5.8677858E-01   5.8906135E-01   5.9062833E-01
    5.9161224E-01   5.9177969E-01   5.9545920E-01   6.1166279E-01

 1.6886388924E+02   6.0931532E-01   1.9448487E+12   1.9619820E+00   2.1176785E+06   5.0217179E-01   9.8423025E-01    35 
    1.9111489E-01   1.6806577E-01   1.7699801E-01   2.2772354E-01   3.4692819E-01
    3.6362777E-01   2.7097211E-01   2.8264148E-01   4.3357858E-01   4.9224779E-01
    5.3601534E-01   4.1681006E-01   4.2496723E-01   4.9132493E-01   4.8813532E-01
    3.0253314E-01   4.7333263E-01   4.7888971E-01   5.6031302E-01   3.9902978E-01
    4.9191719E-01   5.0757893E-01   4.3306546E-01   3.7818865E-01   4.8353203E-01
    5.8114580E-01   6.0554342E-01   5.6480375E-01   8.2903904E-01   6.3086291E-01
    5.9685992E-01   5.3949187E-01   6.0524239E-01   6.8086980E-01   6.9572993E-01
    5.7214688E-01   5.6272012E-01   6.2307781E-01   6.3559971E-01   6.5274940E-01
    7.0962202E-01   6.7050252E-01   6.7614488E-01   6.5969921E-01   6.6315384E-01
    6.8591825E-01   7.1881222E-01   7.5333520E-01   7.7700092E-01   7.9508876E-01
    8.0752201E-01   8.1598225E-01   8.2203103E-01   8.2681557E-01   8.2967399E-01
    8.3190172E-01   8.3362735E-01   8.3487778E-01   8.3577537E-01   8.3636276E-01
    8.3673351E-01   8.3679108E-01   8.3814020E-01   8.4435436E-01

 1.6850206470E+02   4.7408544E-01   2.8449751E+12   1.9590004E+00   3.5978569E+06   3.4303028E-01   9.8919924E-01    36 
    2.0880249E-01   1.8991568E-01   2.0199764E-01   3.4830876E-01   4.9330192E-01
    5.1412934E-01   4.0884797E-01   4.2940083E-01   6.4639078E-01   7.2746184E-01
    7.9369111E-01   6.2181400E-01   6.3437400E-01   7.7225194E-01   7.3543946E-01
    4.4868618E-01   7.0796850E-01   7.7249027E-01   8.3709839E-01   6.1118600E-01
    7.4195252E-01   8.1763611E-01   6.6941082E-01   5.9079160E-01   7.4492123E-01
    9.1702392E-01   9.1909223E-01   8.8508278E-01   1.2148364E+00   9.8603173E-01
    9.0695649E-01   8.4785922E-01   9.3924856E-01   1.0368702E+00   1.0127870E+00
    8.7547955E-01   8.6697212E-01   9.3480615E-01   9.4551412E-01   9.6048337E-01
    1.0169579E+00   9.6954720E-01   9.6651896E-01   9.4595990E-01   9.4678865E-01
    9.6430327E-01   9.7883055E-01   9.9600446E-01   1.0042523E+00   1.0094508E+00
    1.0115706E+00   1.0119372E+00   1.0118643E+00   1.0120302E+00   1.0113998E+00
    1.0110448E+00   1.0108701E+00   1.0107299E+00   1.0106309E+00   1.0105279E+00
    1.0104697E+00   1.0104555E+00   1.0102321E+00   1.0095089E+00

 1.6814525462E+02   6.7790727E-01   3.9713122E+12   1.9721157E+00   3.5980610E+06   2.4602722E-01   9.9224100E-01    37 
    1.9456915E-01   1.8009166E-01   1.9144057E-01   3.8566601E-01   5.2009083E-01
    5.3828055E-01   4.4659371E-01   4.6864183E-01   6.8681926E-01   7.7900899E-01
    8.4525679E-01   6.6359858E-01   6.7541512E-01   8.3506224E-01   7.8894227E-01
    4.8041111E-01   7.5805616E-01   8.5299851E-01   8.8003907E-01   6.5880508E-01
    7.9357092E-01   8.9972341E-01   7.3277784E-01   6.5614375E-01   8.1252825E-01
    9.9212344E-01   9.8053335E-01   9.6340370E-01   1.2417319E+00   1.0625056E+00
    9.7864727E-01   9.3814223E-01   1.0228648E+00   1.1054015E+00   1.0552417E+00
    9.5259858E-01   9.4969618E-01   1.0080843E+00   1.0107696E+00   1.0214148E+00
    1.0623577E+00   1.0302724E+00   1.0229057E+00   1.0077633E+00   1.0086821E+00
    1.0220893E+00   1.0290602E+00   1.0383361E+00   1.0415477E+00   1.0430195E+00
    1.0427223E+00   1.0415432E+00   1.0404157E+00   1.0397163E+00   1.0386512E+00
    1.0379444E+00   1.0374862E+00   1.0371418E+00   1.0368963E+00   1.0367023E+00
    1.0365868E+00   1.0365657E+00   1.0361520E+00   1.0344768E+00

 1.6777997435E+02   1.3210649E+00   5.4073200E+12   1.9988402E+00   2.8835031E+06   1.8110554E-01   9.9428227E-01    38 
    1.9371961E-01   1.8296921E-01   1.9169873E-01   4.1298355E-01   5.3186817E-01
    5.4642668E-01   4.7248208E-01   4.8998327E-01   6.9259320E-01   8.0198631E-01
    8.6059926E-01   6.7567218E-01   6.8255249E-01   8.3913750E-01   8.0372764E-01
    4.9364668E-01   7.7522100E-01   8.7490961E-01   8.7131553E-01   6.6847570E-01
    8.0361984E-01   9.1590209E-01   7.5599883E-01   6.8631894E-01   8.3354672E-01
    9.9091969E-01   9.7691120E-01   9.7016853E-01   1.1838649E+00   1.0547428E+00
    9.8704362E-01   9.6129957E-01   1.0314978E+00   1.0904233E+00   1.0325650E+00
    9.6291611E-01   9.6424843E-01   1.0105387E+00   1.0072827E+00   1.0147094E+00
    1.0425358E+00   1.0244956E+00   1.0171304E+00   1.0072690E+00   1.0085976E+00
    1.0188666E+00   1.0234149E+00   1.0294621E+00   1.0314181E+00   1.0322222E+00
    1.0318513E+00   1.0309179E+00   1.0300577E+00   1.0294975E+00   1.0287198E+00
    1.0281972E+00   1.0278516E+00   1.0275923E+00   1.0274073E+00   1.0272634E+00
    1.0271781E+00   1.0271637E+00   1.0268679E+00   1.0256377E+00

 1.6739913218E+02   3.3099078E+00   7.2583296E+12   2.0380343E+00   1.9795103E+06   1.3533934E-01   9.9572391E-01    39 
    2.0897697E-01   2.0235232E-01   2.0754880E-01   4.5310687E-01   5.5465203E-01
    5.6568970E-01   5.1185354E-01   5.2189318E-01   7.0446739E-01   8.4060333E-01
    8.8895653E-01   6.9685826E-01   6.9714445E-01   8.3874766E-01   8.2724381E-01
    5.1688264E-01   8.0468010E-01   8.9618307E-01   8.6861608E-01   6.8340233E-01
    8.2113673E-01   9.2863550E-01   7.8360362E-01   7.2041231E-01   8.5619441E-01
    9.8370455E-01   9.7155048E-01   9.6959557E-01   1.1298409E+00   1.0384383E+00
    9.9108483E-01   9.7434774E-01   1.0300061E+00   1.0683225E+00   1.0119975E+00
    9.6601661E-01   9.6967786E-01   1.0054986E+00   9.9835546E-01   1.0036612E+00
    1.0224336E+00   1.0137867E+00   1.0073744E+00   1.0012083E+00   1.0027507E+00
    1.0106333E+00   1.0138832E+00   1.0179941E+00   1.0193957E+00   1.0200190E+00
    1.0198281E+00   1.0192561E+00   1.0187207E+00   1.0183651E+00   1.0178670E+00
    1.0175314E+00   1.0173077E+00   1.0171394E+00   1.0170194E+00   1.0169263E+00
    1.0168715E+00   1.0168630E+00   1.0166800E+00   1.0159066E+00

 1.6699772754E+02   1.0822545E+01   9.6480317E+12   2.0905301E+00   1.1599264E+06   1.0220148E-01   9.9676913E-01    40 
    2.3972613E-01   2.3716829E-01   2.3897275E-01   5.0795980E-01   5.8877981E-01
    5.9646743E-01   5.6460594E-01   5.6790186E-01   7.2548026E-01   8.9741136E-01
    9.3377424E-01   7.2914538E-01   7.2443825E-01   8.3703926E-01   8.6200423E-01
    5.5432380E-01   8.4833310E-01   9.2191953E-01   8.7817823E-01   7.1036135E-01
    8.4979602E-01   9.4511932E-01   8.1982955E-01   7.6279533E-01   8.8421822E-01
    9.8047453E-01   9.7226634E-01   9.7196724E-01   1.0901843E+00   1.0255262E+00
    9.9682216E-01   9.8527260E-01   1.0276481E+00   1.0502461E+00   1.0005309E+00
    9.7068142E-01   9.7517140E-01   1.0023218E+00   9.9317454E-01   9.9701658E-01
    1.0096059E+00   1.0066202E+00   1.0011948E+00   9.9747436E-01   9.9901534E-01
    1.0050236E+00   1.0072632E+00   1.0099941E+00   1.0110036E+00   1.0114992E+00
    1.0114319E+00   1.0111125E+00   1.0108025E+00   1.0105932E+00   1.0102898E+00
    1.0100853E+00   1.0099482E+00   1.0098449E+00   1.0097714E+00   1.0097143E+00
    1.0096811E+00   1.0096764E+00   1.0095702E+00   1.0091150E+00

 1.6657176572E+02   4.7449663E+01   1.2745880E+13   2.1587259E+00   5.7122238E+05   7.7699641E-02   9.9754269E-01    41 
    2.8904212E-01   2.8907055E-01   2.8879389E-01   5.7650708E-01   6.3140737E-01
    6.3622042E-01   6.2797312E-01   6.2800353E-01   7.5401756E-01   9.6879326E-01
    9.9213509E-01   7.7084299E-01   7.6511333E-01   8.2975669E-01   9.0289944E-01
    6.0925259E-01   9.0047741E-01   9.4667490E-01   8.9837708E-01   7.5141776E-01
    8.8569184E-01   9.6171393E-01   8.6233866E-01   8.1226899E-01   9.1438735E-01
    9.8033444E-01   9.7831329E-01   9.7830979E-01   1.0628599E+00   1.0164339E+00
    1.0030024E+00   9.9456603E-01   1.0250467E+00   1.0363534E+00   9.9637992E-01
    9.7729338E-01   9.8144787E-01   1.0011984E+00   9.9185422E-01   9.9457363E-01
    1.0028004E+00   1.0027307E+00   9.9834063E-01   9.9618146E-01   9.9752019E-01
    1.0019462E+00   1.0033912E+00   1.0051336E+00   1.0058240E+00   1.0061898E+00
    1.0061785E+00   1.0060105E+00   1.0058389E+00   1.0057210E+00   1.0055429E+00
    1.0054234E+00   1.0053426E+00   1.0052820E+00   1.0052390E+00   1.0052056E+00
    1.0051865E+00   1.0051841E+00   1.0051258E+00   1.0048725E+00

 1.6611706480E+02   2.8620232E+02   1.6691339E+13   2.2459548E+00   2.3131307E+05   5.9628093E-02   9.9811365E-01    42 
    3.6203739E-01   3.6261103E-01   3.6195739E-01   6.5701568E-01   6.7765978E-01
    6.8058507E-01   7.0069748E-01   7.0056833E-01   7.8802592E-01   1.0447144E+00
    1.0551014E+00   8.1980188E-01   8.1415461E-01   8.1392442E-01   9.4290178E-01
    6.8545743E-01   9.5285953E-01   9.6294799E-01   9.2622297E-01   8.0691674E-01
    9.2261701E-01   9.7274630E-01   9.0702472E-01   8.6548209E-01   9.4200821E-01
    9.7988331E-01   9.8719939E-01   9.8722943E-01   1.0438650E+00   1.0092151E+00
    1.0079177E+00   1.0016914E+00   1.0216708E+00   1.0252122E+00   9.9689803E-01
    9.8479280E-01   9.8772880E-01   1.0009320E+00   9.9313214E-01   9.9492027E-01
    9.9994111E-01   1.0008147E+00   9.9772852E-01   9.9650517E-01   9.9747018E-01
    1.0004763E+00   1.0013755E+00   1.0024488E+00   1.0028923E+00   1.0031404E+00
    1.0031456E+00   1.0030602E+00   1.0029680E+00   1.0029034E+00   1.0028021E+00
    1.0027348E+00   1.0026890E+00   1.0026549E+00   1.0026309E+00   1.0026122E+00
    1.0026017E+00   1.0026006E+00   1.0025703E+00   1.0024362E+00

 1.6562832770E+02   2.3585344E+03   2.1613381E+13   2.3561424E+00   7.6209587E+04   4.6310243E-02   9.9853464E-01    43 
    4.6573405E-01   4.6603826E-01   4.6568061E-01   7.4999626E-01   7.3232585E-01
    7.3440388E-01   7.8433816E-01   7.8460069E-01   8.3071929E-01   1.1066892E+00
    1.1054113E+00   8.6741555E-01   8.5271312E-01   7.9132195E-01   9.8091245E-01
    7.8141743E-01   1.0023454E+00   9.6536013E-01   9.6167561E-01   8.7339562E-01
    9.5734018E-01   9.7459572E-01   9.5037672E-01   9.1772729E-01   9.6452834E-01
    9.7612510E-01   9.9812275E-01   9.9795710E-01   1.0316043E+00   1.0030834E+00
    1.0114332E+00   1.0068630E+00   1.0179296E+00   1.0159580E+00   9.9970430E-01
    9.9183949E-01   9.9300275E-01   1.0003603E+00   9.9565519E-01   9.9663496E-01
    9.9924210E-01   9.9974319E-01   9.9823935E-01   9.9750290E-01   9.9798311E-01
    9.9969079E-01   1.0003210E+00   1.0010110E+00   1.0013024E+00   1.0014701E+00
    1.0014829E+00   1.0014442E+00   1.0013983E+00   1.0013655E+00   1.0013105E+00
    1.0012747E+00   1.0012502E+00   1.0012322E+00   1.0012197E+00   1.0012099E+00
    1.0012046E+00   1.0012041E+00   1.0011895E+00   1.0011224E+00

 1.6509911353E+02   2.4407279E+04   2.7551740E+13   2.4920793E+00   2.0685933E+04   3.6574874E-02   9.9884250E-01    44 
    6.0221198E-01   6.0229786E-01   6.0217124E-01   8.5350209E-01   8.1340051E-01
    8.1515961E-01   8.7497136E-01   8.7543882E-01   8.8443800E-01   1.1306045E+00
    1.1204540E+00   8.8956741E-01   8.6029589E-01   7.6519554E-01   1.0197843E+00
    8.8501705E-01   1.0484787E+00   9.5124700E-01   1.0035118E+00   9.4145311E-01
    9.8820450E-01   9.6664490E-01   9.8802401E-01   9.6250666E-01   9.8064045E-01
    9.6801598E-01   1.0091400E+00   1.0078692E+00   1.0235344E+00   9.9664786E-01
    1.0135331E+00   1.0099748E+00   1.0141526E+00   1.0079021E+00   1.0027664E+00
    9.9726749E-01   9.9663941E-01   9.9913665E-01   9.9821896E-01   9.9851998E-01
    9.9939050E-01   9.9891216E-01   9.9906953E-01   9.9852435E-01   9.9853499E-01
    9.9914339E-01   9.9970726E-01   1.0002183E+00   1.0004415E+00   1.0005704E+00
    1.0005958E+00   1.0005877E+00   1.0005711E+00   1.0005589E+00   1.0005323E+00
    1.0005159E+00   1.0005045E+00   1.0004962E+00   1.0004906E+00   1.0004861E+00
    1.0004838E+00   1.0004836E+00   1.0004775E+00   1.0004470E+00

 1.6451853236E+02   2.5861119E+05   3.4258494E+13   2.6510628E+00   4.8390885E+03   2.9690574E-02   9.9906026E-01    45 
    7.4035635E-01   7.4036947E-01   7.4033640E-01   9.4462923E-01   9.0583569E-01
    9.0761503E-01   9.5291350E-01   9.5358068E-01   9.3135358E-01   1.1035616E+00
    1.0890827E+00   8.7848003E-01   8.4156081E-01   7.4228594E-01   1.0469666E+00
    9.7229363E-01   1.0728130E+00   9.2567765E-01   1.0367055E+00   9.9455599E-01
    1.0059842E+00   9.5260453E-01   1.0111881E+00   9.9094070E-01   9.8633244E-01
    9.5769238E-01   1.0134930E+00   1.0108351E+00   1.0137374E+00   9.8817020E-01
    1.0116798E+00   1.0088013E+00   1.0083837E+00   9.9988163E-01   1.0037733E+00
    9.9973237E-01   9.9787414E-01   9.9703318E-01   9.9948341E-01   9.9932739E-01
    9.9912093E-01   9.9778626E-01   9.9941213E-01   9.9894310E-01   9.9863169E-01
    9.9847877E-01   9.9914562E-01   9.9963659E-01   9.9987206E-01   1.0000107E+00
    1.0000654E+00   1.0000879E+00   1.0000969E+00   1.0001026E+00   1.0000966E+00
    1.0000941E+00   1.0000922E+00   1.0000909E+00   1.0000902E+00   1.0000893E+00
    1.0000888E+00   1.0000888E+00   1.0000876E+00   1.0000790E+00

 1.6386539685E+02   2.3072943E+06   4.1246118E+13   2.8308188E+00   1.0166819E+03   2.5090408E-02   9.9920580E-01    46 
    8.3885353E-01   8.3884598E-01   8.3884567E-01   1.0038395E+00   9.7882273E-01
    9.8079565E-01   1.0046319E+00   1.0053887E+00   9.6538750E-01   1.0515903E+00
    1.0375980E+00   8.6548429E-01   8.2875195E-01   7.5166201E-01   1.0524193E+00
    1.0213115E+00   1.0650335E+00   9.0801477E-01   1.0496658E+00   1.0220057E+00
    1.0100666E+00   9.4407974E-01   1.0175154E+00   1.0016835E+00   9.8479807E-01
    9.5242435E-01   1.0110008E+00   1.0077410E+00   1.0039205E+00   9.8231805E-01
    1.0068467E+00   1.0046127E+00   1.0020106E+00   9.9382122E-01   1.0025309E+00
    9.9964400E-01   9.9740645E-01   9.9505233E-01   9.9941958E-01   9.9907181E-01
    9.9839896E-01   9.9675964E-01   9.9919026E-01   9.9880019E-01   9.9837009E-01
    9.9787239E-01   9.9867607E-01   9.9920266E-01   9.9947976E-01   9.9964754E-01
    9.9973651E-01   9.9978757E-01   9.9981876E-01   9.9984005E-01   9.9984966E-01
    9.9985778E-01   9.9986326E-01   9.9986714E-01   9.9986991E-01   9.9987154E-01
    9.9987248E-01   9.9987253E-01   9.9987419E-01   9.9987890E-01

 1.6309630224E+02   1.6686254E+07   4.8206567E+13   3.0354261E+00   1.9656450E+02   2.2340085E-02   9.9929283E-01    47 
    8.9325286E-01   8.9323159E-01   8.9324890E-01   1.0320536E+00   1.0196243E+00
    1.0214564E+00   1.0196127E+00   1.0201163E+00   9.8796283E-01   1.0063323E+00
    9.9665549E-01   8.8195607E-01   8.5890510E-01   8.2833466E-01   1.0395016E+00
    1.0310883E+00   1.0390266E+00   9.1821396E-01   1.0431690E+00   1.0268238E+00
    1.0083511E+00   9.5145956E-01   1.0132879E+00   1.0018720E+00   9.8379964E-01
    9.5787571E-01   1.0057929E+00   1.0030376E+00   9.9775741E-01   9.8250930E-01
    1.0019450E+00   1.0005070E+00   9.9773520E-01   9.9170484E-01   1.0006118E+00
    9.9883497E-01   9.9696785E-01   9.9467423E-01   9.9897748E-01   9.9865424E-01
    9.9797196E-01   9.9661437E-01   9.9894070E-01   9.9866842E-01   9.9828751E-01
    9.9779885E-01   9.9857530E-01   9.9906205E-01   9.9933510E-01   9.9950441E-01
    9.9960509E-01   9.9966761E-01   9.9970878E-01   9.9973718E-01   9.9975483E-01
    9.9976827E-01   9.9977754E-01   9.9978411E-01   9.9978872E-01   9.9979165E-01
    9.9979327E-01   9.9979333E-01   9.9979610E-01   9.9980681E-01

 1.6213748679E+02   1.0223228E+08   5.6450773E+13   3.2677284E+00   3.7459578E+01   2.0458549E-02   9.9935237E-01    48 
    9.0979480E-01   9.0976937E-01   9.0979170E-01   1.0225617E+00   1.0170329E+00
    1.0180262E+00   1.0071150E+00   1.0074473E+00   9.8318521E-01   9.8125331E-01
    9.7821724E-01   9.3597693E-01   9.3578516E-01   9.4071406E-01   1.0133492E+00
    1.0118318E+00   1.0122008E+00   9.6293598E-01   1.0193687E+00   1.0131644E+00
    1.0042482E+00   9.7763995E-01   1.0022961E+00   9.9683879E-01   9.8681469E-01
    9.7497962E-01   9.9930193E-01   9.9836076E-01   9.9556270E-01   9.8891857E-01
    9.9819993E-01   9.9788381E-01   9.9651887E-01   9.9383363E-01   9.9894520E-01
    9.9824024E-01   9.9725874E-01   9.9615197E-01   9.9863075E-01   9.9849756E-01
    9.9813164E-01   9.9749588E-01   9.9888885E-01   9.9877939E-01   9.9856730E-01
    9.9834278E-01   9.9889128E-01   9.9923688E-01   9.9944110E-01   9.9957071E-01
    9.9965249E-01   9.9970518E-01   9.9974117E-01   9.9976628E-01   9.9978337E-01
    9.9979612E-01   9.9980511E-01   9.9981152E-01   9.9981600E-01   9.9981890E-01
    9.9982047E-01   9.9982049E-01   9.9982292E-01   9.9983314E-01

 1.6091008352E+02   5.3492029E+08   6.9287348E+13   3.5324580E+00   7.8005369E+00   1.7773015E-02   9.9943735E-01    49 
    9.3248503E-01   9.3246441E-01   9.3248248E-01   9.9932606E-01   9.9699997E-01
    9.9773114E-01   9.9367756E-01   9.9398579E-01   9.7975672E-01   9.8619226E-01
    9.8653079E-01   9.8438342E-01   9.8729483E-01   9.8392406E-01   1.0005911E+00
    9.9971866E-01   1.0017851E+00   9.9382708E-01   1.0027564E+00   1.0020960E+00
    1.0003260E+00   9.9419833E-01   9.9693748E-01   9.9548644E-01   9.9179510E-01
    9.8851245E-01   9.9657999E-01   9.9679399E-01   9.9592938E-01   9.9431219E-01
    9.9716972E-01   9.9741329E-01   9.9703454E-01   9.9633928E-01   9.9853715E-01
    9.9838906E-01   9.9801957E-01   9.9769117E-01   9.9880261E-01   9.9878146E-01
    9.9865001E-01   9.9846041E-01   9.9913457E-01   9.9911404E-01   9.9902718E-01
    9.9896667E-01   9.9929640E-01   9.9950694E-01   9.9963547E-01   9.9971850E-01
    9.9977279E-01   9.9980865E-01   9.9983366E-01   9.9985127E-01   9.9986368E-01
    9.9987283E-01   9.9987936E-01   9.9988405E-01   9.9988733E-01   9.9988945E-01
    9.9989058E-01   9.9989058E-01   9.9989206E-01   9.9989882E-01

 1.5941188484E+02   2.2215538E+09   9.1651329E+13   3.8429933E+00   1.7647128E+00   1.3988845E-02   9.9955712E-01    50 
    9.6207180E-01   9.6205536E-01   9.6206959E-01   9.9291096E-01   9.9177425E-01
    9.9252037E-01   9.9286274E-01   9.9313914E-01   9.8932332E-01   9.9311474E-01
    9.9394444E-01   9.9822731E-01   9.9914551E-01   9.9501576E-01   9.9920881E-01
    9.9860998E-01   1.0013745E+00   1.0017736E+00   9.9833997E-01   9.9912944E-01
    9.9919914E-01   9.9926599E-01   9.9799787E-01   9.9791884E-01   9.9694506E-01
    9.9635059E-01   9.9755912E-01   9.9788767E-01   9.9777766E-01   9.9773942E-01
    9.9825141E-01   9.9848099E-01   9.9841835E-01   9.9836344E-01   9.9912806E-01
    9.9914187E-01   9.9904930E-01   9.9897643E-01   9.9939241E-01   9.9939453E-01
    9.9935776E-01   9.9931914E-01   9.9958316E-01   9.9958554E-01   9.9956232E-01
    9.9954756E-01   9.9969302E-01   9.9978584E-01   9.9984284E-01   9.9987989E-01
    9.9990456E-01   9.9992113E-01   9.9993284E-01   9.9994117E-01   9.9994709E-01
    9.9995142E-01   9.9995453E-01   9.9995678E-01   9.9995835E-01   9.9995936E-01
    9.9995989E-01   9.9995988E-01   9.9996041E-01   9.9996308E-01

 1.5772715019E+02   5.9610483E+09   1.2799345E+14   4.2046387E+00   4.3179747E-01   1.0305241E-02   9.9967372E-01    51 
    9.8191566E-01   9.8190439E-01   9.8191343E-01   9.9654350E-01   9.9580155E-01
    9.9646625E-01   9.9713336E-01   9.9737549E-01   9.9595317E-01   9.9713382E-01
    9.9769404E-01   9.9932182E-01   9.9965906E-01   9.9784720E-01   9.9991647E-01
    9.9959925E-01   1.0010221E+00   1.0013530E+00   9.9905060E-01   9.9958130E-01
    9.9978074E-01   1.0002301E+00   9.9958051E-01   9.9964820E-01   9.9944816E-01
    9.9930476E-01   9.9906165E-01   9.9918022E-01   9.9921376E-01   9.9934145E-01
    9.9937142E-01   9.9946132E-01   9.9944747E-01   9.9947709E-01   9.9968930E-01
    9.9971532E-01   9.9970597E-01   9.9968645E-01   9.9981155E-01   9.9981045E-01
    9.9980186E-01   9.9979613E-01   9.9987384E-01   9.9987652E-01   9.9987431E-01
    9.9986851E-01   9.9991183E-01   9.9993911E-01   9.9995576E-01   9.9996653E-01
    9.9997378E-01   9.9997880E-01   9.9998240E-01   9.9998500E-01   9.9998688E-01
    9.9998823E-01   9.9998921E-01   9.9998992E-01   9.9999042E-01   9.9999075E-01
    9.9999091E-01   9.9999090E-01   9.9999100E-01   9.9999166E-01

 1.5593465699E+02   1.1029023E+10   1.8550876E+14   4.6138404E+00   1.1946603E-01   7.2910632E-03   9.9976914E-01    52 
    9.9079332E-01   9.9079124E-01   9.9079137E-01   9.9880771E-01   9.9840312E-01
    9.9898211E-01   9.9921384E-01   9.9941573E-01   9.9927023E-01   9.9954805E-01
    9.9979121E-01   9.9974977E-01   9.9997921E-01   9.9951671E-01   1.0001188E+00
    1.0000064E+00   1.0004368E+00   1.0005370E+00   9.9980629E-01   9.9998631E-01
    1.0000692E+00   1.0002137E+00   9.9996272E-01   9.9999728E-01   9.9995705E-01
    9.9990351E-01   9.9968548E-01   9.9971678E-01   9.9974060E-01   9.9981138E-01
    9.9980525E-01   9.9983067E-01   9.9982805E-01   9.9984569E-01   9.9990275E-01
    9.9991503E-01   9.9991678E-01   9.9991030E-01   9.9994485E-01   9.9994365E-01
    9.9994272E-01   9.9994236E-01   9.9996381E-01   9.9996501E-01   9.9996547E-01
    9.9996387E-01   9.9997582E-01   9.9998338E-01   9.9998800E-01   9.9999098E-01
    9.9999302E-01   9.9999449E-01   9.9999555E-01   9.9999634E-01   9.9999691E-01
    9.9999732E-01   9.9999761E-01   9.9999783E-01   9.9999798E-01   9.9999808E-01
    9.9999813E-01   9.9999812E-01   9.9999812E-01   9.9999825E-01

 1.5410625757E+02   1.7998075E+10   2.8114391E+14   5.0707959E+00   3.8780750E-02   4.9298067E-03   9.9984390E-01    53 
    9.9553887E-01   9.9554043E-01   9.9553693E-01   9.9980092E-01   9.9955350E-01
    1.0000523E+00   1.0000041E+00   1.0001694E+00   1.0002361E+00   1.0002135E+00
    1.0003437E+00   1.0000153E+00   1.0001730E+00   1.0002449E+00   1.0001743E+00
    1.0001133E+00   1.0002115E+00   1.0002474E+00   1.0000468E+00   1.0000684E+00
    1.0000894E+00   1.0001128E+00   1.0000144E+00   1.0000204E+00   1.0000092E+00
    9.9999350E-01   9.9989608E-01   9.9990024E-01   9.9990845E-01   9.9994185E-01
    9.9994129E-01   9.9994684E-01   9.9994806E-01   9.9995398E-01   9.9996747E-01
    9.9997115E-01   9.9997203E-01   9.9997164E-01   9.9998048E-01   9.9998069E-01
    9.9998118E-01   9.9998155E-01   9.9998740E-01   9.9998785E-01   9.9998811E-01
    9.9998822E-01   9.9999199E-01   9.9999450E-01   9.9999609E-01   9.9999713E-01
    9.9999785E-01   9.9999837E-01   9.9999873E-01   9.9999900E-01   9.9999919E-01
    9.9999933E-01   9.9999943E-01   9.9999951E-01   9.9999955E-01   9.9999958E-01
    9.9999959E-01   9.9999958E-01   9.9999957E-01   9.9999957E-01

 1.5229824327E+02   2.8148562E+10   4.2946417E+14   5.5824548E+00   1.4188017E-02   3.3055104E-03   9.9989533E-01    54 
    9.9815212E-01   9.9815374E-01   9.9815018E-01   1.0001229E+00   9.9990201E-01
    1.0003140E+00   1.0001815E+00   1.0003176E+00   1.0002643E+00   1.0001648E+00
    1.0002549E+00   9.9995213E-01   1.0000590E+00   1.0001944E+00   1.0001412E+00
    1.0000906E+00   1.0001036E+00   1.0001100E+00   1.0000723E+00   1.0000565E+00
    1.0000575E+00   1.0000516E+00   1.0000198E+00   1.0000127E+00   1.0000075E+00
    1.0000037E+00   9.9997213E-01   9.9997082E-01   9.9997286E-01   9.9998431E-01
    9.9998532E-01   9.9998608E-01   9.9998658E-01   9.9998773E-01   9.9999011E-01
    9.9999102E-01   9.9999124E-01   9.9999162E-01   9.9999378E-01   9.9999400E-01
    9.9999422E-01   9.9999441E-01   9.9999598E-01   9.9999614E-01   9.9999621E-01
    9.9999632E-01   9.9999748E-01   9.9999827E-01   9.9999879E-01   9.9999913E-01
    9.9999937E-01   9.9999953E-01   9.9999965E-01   9.9999974E-01   9.9999980E-01
    9.9999984E-01   9.9999987E-01   9.9999989E-01   9.9999990E-01   9.9999990E-01
    9.9999989E-01   9.9999987E-01   9.9999985E-01   9.9999982E-01

 1.5051172636E+02   4.3097834E+10   6.5224430E+14   6.1567948E+00   5.7743509E-03   2.2289101E-03   9.9992942E-01    55 
    9.9929909E-01   9.9930121E-01   9.9929789E-01   1.0001127E+00   9.9991490E-01
    1.0002401E+00   1.0000856E+00   1.0001970E+00   1.0001537E+00   1.0000505E+00
    1.0001157E+00   9.9991094E-01   9.9996920E-01   1.0000611E+00   1.0000785E+00
    1.0000443E+00   1.0000345E+00   1.0000310E+00   1.0000474E+00   1.0000307E+00
    1.0000264E+00   1.0000178E+00   1.0000156E+00   1.0000084E+00   1.0000052E+00
    1.0000027E+00   9.9999513E-01   9.9999358E-01   9.9999395E-01   9.9999669E-01
    9.9999817E-01   9.9999788E-01   9.9999771E-01   9.9999751E-01   9.9999786E-01
    9.9999805E-01   9.9999808E-01   9.9999812E-01   9.9999856E-01   9.9999862E-01
    9.9999866E-01   9.9999870E-01   9.9999905E-01   9.9999909E-01   9.9999910E-01
    9.9999912E-01   9.9999939E-01   9.9999958E-01   9.9999970E-01   9.9999979E-01
    9.9999985E-01   9.9999989E-01   9.9999992E-01   9.9999994E-01   9.9999995E-01
    9.9999996E-01   9.9999996E-01   9.9999996E-01   9.9999996E-01   9.9999994E-01
    9.9999992E-01   9.9999990E-01   9.9999987E-01   9.9999983E-01

 1.4872926575E+02   6.5407591E+10   9.8703104E+14   6.8002246E+00   2.6553075E-03   1.5087139E-03   9.9995223E-01    56 
    9.9974120E-01   9.9974410E-01   9.9974113E-01   1.0000468E+00   9.9989125E-01
    1.0001367E+00   9.9999701E-01   1.0000855E+00   1.0000776E+00   9.9999279E-01
    1.0000420E+00   9.9991920E-01   9.9994985E-01   9.9999920E-01   1.0000356E+00
    1.0000175E+00   1.0000057E+00   1.0000004E+00   1.0000238E+00   1.0000129E+00
    1.0000084E+00   1.0000028E+00   1.0000093E+00   1.0000047E+00   1.0000023E+00
    1.0000005E+00   9.9999971E-01   9.9999856E-01   9.9999850E-01   9.9999900E-01
    1.0000005E+00   1.0000001E+00   9.9999986E-01   9.9999948E-01   9.9999965E-01
    9.9999967E-01   9.9999964E-01   9.9999958E-01   9.9999972E-01   9.9999973E-01
    9.9999972E-01   9.9999971E-01   9.9999980E-01   9.9999981E-01   9.9999981E-01
    9.9999980E-01   9.9999986E-01   9.9999990E-01   9.9999993E-01   9.9999995E-01
    9.9999996E-01   9.9999997E-01   9.9999998E-01   9.9999998E-01   9.9999998E-01
    9.9999998E-01   9.9999998E-01   9.9999997E-01   9.9999995E-01   9.9999993E-01
    9.9999990E-01   9.9999987E-01   9.9999984E-01   9.9999981E-01

 1.4713374346E+02   9.4739859E+10   1.4282792E+15   7.4394034E+00   1.4953414E-03   1.0655340E-03   9.9996626E-01    57 
    9.9989248E-01   9.9989595E-01   9.9989283E-01   1.0000173E+00   9.9989948E-01
    1.0000835E+00   9.9997472E-01   1.0000438E+00   1.0000427E+00   9.9997844E-01
    1.0000174E+00   9.9993736E-01   9.9996136E-01   9.9998550E-01   1.0000162E+00
    1.0000069E+00   9.9999922E-01   9.9999515E-01   1.0000112E+00   1.0000050E+00
    1.0000020E+00   9.9999894E-01   1.0000046E+00   1.0000021E+00   1.0000007E+00
    9.9999955E-01   1.0000002E+00   9.9999940E-01   9.9999924E-01   9.9999935E-01
    1.0000005E+00   1.0000002E+00   1.0000000E+00   9.9999975E-01   9.9999990E-01
    9.9999990E-01   9.9999987E-01   9.9999982E-01   9.9999991E-01   9.9999991E-01
    9.9999990E-01   9.9999988E-01   9.9999993E-01   9.9999993E-01   9.9999993E-01
    9.9999992E-01   9.9999995E-01   9.9999996E-01   9.9999997E-01   9.9999998E-01
    9.9999999E-01   9.9999999E-01   9.9999999E-01   9.9999999E-01   9.9999999E-01
    9.9999998E-01   9.9999997E-01   9.9999996E-01   9.9999994E-01   9.9999991E-01
    9.9999989E-01   9.9999986E-01   9.9999984E-01   9.9999982E-01

 1.4654167097E+02   1.0845120E+11   1.6346712E+15   7.6938302E+00   1.2435215E-03   9.3858904E-04   9.9997028E-01    58 
    9.9991627E-01   9.9991994E-01   9.9991664E-01   1.0000124E+00   9.9990723E-01
    1.0000711E+00   9.9997384E-01   1.0000361E+00   1.0000342E+00   9.9997701E-01
    1.0000126E+00   9.9994464E-01   9.9996693E-01   9.9998481E-01   1.0000115E+00
    1.0000044E+00   9.9999835E-01   9.9999492E-01   1.0000084E+00   1.0000035E+00
    1.0000010E+00   9.9999861E-01   1.0000033E+00   1.0000015E+00   1.0000005E+00
    9.9999956E-01   1.0000004E+00   9.9999969E-01   9.9999952E-01   9.9999954E-01
    1.0000005E+00   1.0000003E+00   1.0000001E+00   9.9999986E-01   9.9999997E-01
    9.9999996E-01   9.9999994E-01   9.9999989E-01   9.9999996E-01   9.9999995E-01
    9.9999995E-01   9.9999993E-01   9.9999996E-01   9.9999996E-01   9.9999996E-01
    9.9999995E-01   9.9999997E-01   9.9999998E-01   9.9999998E-01   9.9999999E-01
    9.9999999E-01   9.9999999E-01   9.9999999E-01   9.9999999E-01   9.9999999E-01
    9.9999998E-01   9.9999997E-01   9.9999996E-01   9.9999994E-01   9.9999991E-01
    9.9999989E-01   9.9999987E-01   9.9999985E-01   9.9999983E-01

 1.4624569563E+02   1.1585833E+11   1.7461818E+15   7.8244638E+00   1.1400927E-03   8.8223187E-04   9.9997206E-01    59 
    9.9989604E-01   9.9989960E-01   9.9989647E-01   1.0000119E+00   9.9991428E-01
    1.0000687E+00   9.9997627E-01   1.0000353E+00   1.0000343E+00   9.9998007E-01
    1.0000140E+00   9.9995050E-01   9.9997222E-01   9.9998732E-01   1.0000124E+00
    1.0000050E+00   9.9999929E-01   9.9999610E-01   1.0000091E+00   1.0000040E+00
    1.0000017E+00   9.9999934E-01   1.0000038E+00   1.0000019E+00   1.0000009E+00
    1.0000000E+00   1.0000007E+00   1.0000000E+00   9.9999982E-01   9.9999981E-01
    1.0000007E+00   1.0000004E+00   1.0000002E+00   1.0000000E+00   1.0000000E+00
    1.0000000E+00   1.0000000E+00   9.9999997E-01   1.0000000E+00   9.9999999E-01
    9.9999999E-01   9.9999997E-01   9.9999999E-01   9.9999999E-01   9.9999998E-01
    9.9999998E-01   9.9999998E-01   9.9999999E-01   9.9999999E-01   9.9999999E-01
    9.9999999E-01   9.9999999E-01   9.9999999E-01   9.9999999E-01   9.9999999E-01
    9.9999998E-01   9.9999997E-01   9.9999996E-01   9.9999994E-01   9.9999992E-01
    9.9999989E-01   9.9999987E-01   9.9999986E-01   9.9999984E-01

 1.4614706796E+02   1.1848024E+11   1.7856559E+15   7.8694549E+00   1.1080713E-03   8.6390046E-04   9.9997264E-01    60 
    1.0000631E+00   1.0000284E+00   1.0000284E+00   1.0000586E+00   1.0001184E+00
    1.0002648E+00   9.9999638E-01   1.0000572E+00   1.0001961E+00   1.0001825E+00
    1.0001855E+00   1.0001092E+00   1.0000523E+00   9.9994239E-01   1.0000498E+00
    1.0000503E+00   1.0000198E+00   9.9997408E-01   1.0000187E+00   1.0000133E+00
    1.0000023E+00   9.9998961E-01   1.0000063E+00   1.0000052E+00   1.0000007E+00
    9.9999710E-01   1.0000141E+00   1.0000128E+00   1.0000098E+00   1.0000029E+00
    1.0000035E+00   1.0000029E+00   1.0000019E+00   1.0000012E+00   1.0000011E+00
    1.0000010E+00   1.0000008E+00   1.0000005E+00   1.0000005E+00   1.0000005E+00
    1.0000004E+00   1.0000003E+00   1.0000003E+00   1.0000003E+00   1.0000002E+00
    1.0000001E+00   1.0000001E+00   1.0000000E+00   1.0000000E+00   1.0000000E+00
    1.0000000E+00   1.0000000E+00   1.0000000E+00   9.9999999E-01   9.9999999E-01
    9.9999998E-01   9.9999997E-01   9.9999996E-01   9.9999994E-01   9.9999992E-01
    9.9999989E-01   9.9999987E-01   9.9999986E-01   9.9999985E-01
