
   60                    !Number of depth points
 
 !Electron density
    3.243E+05   3.323E+05   3.490E+05   3.848E+05   4.678E+05   6.913E+05   1.475E+06   3.150E+06   6.717E+06   1.428E+07
    3.017E+07   6.354E+07   1.338E+08   2.820E+08   5.963E+08   1.269E+09   2.710E+09   5.783E+09   1.246E+10   2.675E+10
    5.147E+10   8.447E+10   9.666E+10   8.462E+10   7.744E+10   8.176E+10   9.702E+10   1.256E+11   1.727E+11   2.460E+11
    3.623E+11   5.436E+11   8.247E+11   1.263E+12   1.940E+12   2.990E+12   4.610E+12   6.862E+12   1.056E+13   1.648E+13
    2.309E+13   2.942E+13   3.591E+13   4.294E+13   5.099E+13   5.987E+13   6.976E+13   8.234E+13   1.012E+14   1.311E+14
    1.780E+14   2.546E+14   3.809E+14   5.756E+14   8.641E+14   1.289E+15   1.826E+15   2.074E+15   2.208E+15   2.254E+15
 
 !Radius (10^10cm)
    2.976E+04   2.940E+04   2.869E+04   2.733E+04   2.480E+04   2.042E+04   1.402E+04   9.632E+03   6.633E+03   4.586E+03
    3.191E+03   2.234E+03   1.576E+03   1.122E+03   8.090E+02   5.933E+02   4.461E+02   3.463E+02   2.789E+02   2.350E+02
    2.098E+02   1.942E+02   1.841E+02   1.772E+02   1.722E+02   1.686E+02   1.661E+02   1.649E+02   1.642E+02   1.637E+02
    1.632E+02   1.627E+02   1.622E+02   1.618E+02   1.614E+02   1.610E+02   1.606E+02   1.603E+02   1.600E+02   1.597E+02
    1.595E+02   1.592E+02   1.589E+02   1.586E+02   1.582E+02   1.578E+02   1.573E+02   1.567E+02   1.558E+02   1.549E+02
    1.538E+02   1.526E+02   1.514E+02   1.501E+02   1.489E+02   1.476E+02   1.465E+02   1.461E+02   1.459E+02   1.458E+02
 
 !Temperature (10^4 K)
    9.910E-01   9.935E-01   9.986E-01   1.009E+00   1.031E+00   1.080E+00   1.182E+00   1.268E+00   1.328E+00   1.366E+00
    1.394E+00   1.423E+00   1.460E+00   1.512E+00   1.591E+00   1.663E+00   1.688E+00   1.758E+00   1.849E+00   1.968E+00
    2.077E+00   2.142E+00   2.158E+00   2.146E+00   2.123E+00   2.103E+00   2.081E+00   2.061E+00   2.049E+00   2.044E+00
    2.041E+00   2.036E+00   2.024E+00   2.010E+00   1.999E+00   1.998E+00   2.012E+00   2.044E+00   2.089E+00   2.152E+00
    2.240E+00   2.346E+00   2.470E+00   2.612E+00   2.771E+00   2.951E+00   3.158E+00   3.392E+00   3.659E+00   3.966E+00
    4.317E+00   4.716E+00   5.166E+00   5.672E+00   6.239E+00   6.870E+00   7.481E+00   7.724E+00   7.848E+00   7.891E+00
 
   1.     HYD                           !Atomic Number and descriptor.
    1.000E+00   1.000E+00   1.000E+00   1.000E+00   1.000E+00   1.000E+00   1.000E+00   1.000E+00   1.000E+00   1.000E+00
    1.000E+00   1.000E+00   1.000E+00   1.000E+00   1.000E+00   1.000E+00   1.000E+00   1.000E+00   1.000E+00   1.000E+00
    1.000E+00   1.000E+00   1.000E+00   1.000E+00   1.000E+00   1.000E+00   1.000E+00   1.000E+00   1.000E+00   1.000E+00
    1.000E+00   1.000E+00   1.000E+00   1.000E+00   1.000E+00   1.000E+00   1.000E+00   1.000E+00   1.000E+00   1.000E+00
    1.000E+00   1.000E+00   1.000E+00   1.000E+00   1.000E+00   1.000E+00   1.000E+00   1.000E+00   1.000E+00   1.000E+00
    1.000E+00   1.000E+00   1.000E+00   1.000E+00   1.000E+00   1.000E+00   1.000E+00   1.000E+00   1.000E+00   1.000E+00
 
   2.     HE                            !Atomic Number and descriptor.
    1.012E+00   1.012E+00   1.013E+00   1.013E+00   1.013E+00   1.014E+00   1.015E+00   1.017E+00   1.018E+00   1.018E+00
    1.019E+00   1.019E+00   1.019E+00   1.019E+00   1.020E+00   1.019E+00   1.018E+00   1.017E+00   1.015E+00   1.012E+00
    1.008E+00   1.005E+00   1.003E+00   1.002E+00   1.002E+00   1.002E+00   1.001E+00   1.001E+00   1.001E+00   1.000E+00
    1.000E+00   1.000E+00   1.000E+00   1.000E+00   1.000E+00   1.000E+00   9.999E-01   9.999E-01   9.999E-01   1.000E+00
    1.000E+00   1.001E+00   1.003E+00   1.009E+00   1.032E+00   1.107E+00   1.309E+00   1.620E+00   1.848E+00   1.948E+00
    1.982E+00   1.993E+00   1.997E+00   1.999E+00   1.999E+00   2.000E+00   2.000E+00   2.000E+00   2.000E+00   2.000E+00
 
   6.     CARB                          !Atomic Number and descriptor.
    2.069E+00   2.069E+00   2.069E+00   2.070E+00   2.071E+00   2.074E+00   2.079E+00   2.084E+00   2.087E+00   2.089E+00
    2.091E+00   2.092E+00   2.095E+00   2.100E+00   2.110E+00   2.122E+00   2.133E+00   2.151E+00   2.173E+00   2.200E+00
    2.193E+00   2.167E+00   2.167E+00   2.193E+00   2.205E+00   2.192E+00   2.158E+00   2.119E+00   2.086E+00   2.061E+00
    2.043E+00   2.031E+00   2.023E+00   2.017E+00   2.013E+00   2.011E+00   2.010E+00   2.011E+00   2.013E+00   2.018E+00
    2.033E+00   2.071E+00   2.159E+00   2.333E+00   2.578E+00   2.800E+00   2.932E+00   3.014E+00   3.147E+00   3.422E+00
    3.729E+00   3.898E+00   3.962E+00   3.985E+00   3.994E+00   3.997E+00   3.998E+00   3.998E+00   3.999E+00   3.999E+00
 
   7.     NIT                           !Atomic Number and descriptor.
    2.172E+00   2.172E+00   2.172E+00   2.173E+00   2.173E+00   2.175E+00   2.177E+00   2.178E+00   2.179E+00   2.179E+00
    2.180E+00   2.180E+00   2.179E+00   2.179E+00   2.179E+00   2.177E+00   2.173E+00   2.171E+00   2.161E+00   2.137E+00
    2.105E+00   2.077E+00   2.066E+00   2.068E+00   2.068E+00   2.060E+00   2.047E+00   2.033E+00   2.023E+00   2.015E+00
    2.009E+00   2.005E+00   2.002E+00   2.000E+00   1.999E+00   1.997E+00   1.997E+00   1.996E+00   1.996E+00   1.997E+00
    2.001E+00   2.009E+00   2.029E+00   2.078E+00   2.196E+00   2.426E+00   2.705E+00   2.886E+00   2.968E+00   3.037E+00
    3.204E+00   3.533E+00   3.825E+00   4.010E+00   4.247E+00   4.583E+00   4.807E+00   4.859E+00   4.880E+00   4.887E+00
 
   8.     OXY                           !Atomic Number and descriptor.
    2.016E+00   2.016E+00   2.016E+00   2.016E+00   2.017E+00   2.017E+00   2.019E+00   2.020E+00   2.021E+00   2.021E+00
    2.021E+00   2.021E+00   2.022E+00   2.022E+00   2.023E+00   2.023E+00   2.022E+00   2.020E+00   2.017E+00   2.012E+00
    2.006E+00   2.001E+00   1.999E+00   2.000E+00   2.000E+00   2.000E+00   1.999E+00   1.997E+00   1.995E+00   1.993E+00
    1.989E+00   1.985E+00   1.980E+00   1.974E+00   1.967E+00   1.959E+00   1.953E+00   1.951E+00   1.951E+00   1.955E+00
    1.967E+00   1.981E+00   1.992E+00   2.003E+00   2.028E+00   2.100E+00   2.296E+00   2.609E+00   2.846E+00   2.956E+00
    3.030E+00   3.191E+00   3.509E+00   3.805E+00   3.973E+00   4.149E+00   4.410E+00   4.520E+00   4.573E+00   4.591E+00
 
  14.     SIL                           !Atomic Number and descriptor.
    2.990E+00   2.990E+00   2.991E+00   2.992E+00   2.995E+00   3.002E+00   3.014E+00   3.023E+00   3.028E+00   3.031E+00
    3.033E+00   3.036E+00   3.041E+00   3.052E+00   3.075E+00   3.109E+00   3.140E+00   3.164E+00   3.182E+00   3.200E+00
    3.232E+00   3.253E+00   3.283E+00   3.298E+00   3.268E+00   3.211E+00   3.150E+00   3.102E+00   3.068E+00   3.043E+00
    3.023E+00   3.008E+00   2.997E+00   2.988E+00   2.983E+00   2.980E+00   2.981E+00   2.986E+00   2.991E+00   3.000E+00
    3.022E+00   3.069E+00   3.166E+00   3.347E+00   3.590E+00   3.802E+00   3.922E+00   3.971E+00   3.989E+00   3.995E+00
    3.998E+00   3.999E+00   3.999E+00   4.000E+00   4.000E+00   4.000E+00   4.000E+00   4.000E+00   4.000E+00   4.000E+00
 
  26.     IRON                          !Atomic Number and descriptor.
    3.044E+00   3.045E+00   3.046E+00   3.047E+00   3.051E+00   3.060E+00   3.077E+00   3.093E+00   3.104E+00   3.113E+00
    3.122E+00   3.134E+00   3.152E+00   3.176E+00   3.204E+00   3.222E+00   3.226E+00   3.223E+00   3.202E+00   3.160E+00
    3.110E+00   3.062E+00   3.037E+00   3.027E+00   3.022E+00   3.019E+00   3.014E+00   3.010E+00   3.006E+00   3.003E+00
    3.000E+00   2.997E+00   2.995E+00   2.992E+00   2.990E+00   2.987E+00   2.985E+00   2.984E+00   2.984E+00   2.985E+00
    2.990E+00   2.997E+00   3.008E+00   3.035E+00   3.109E+00   3.293E+00   3.593E+00   3.837E+00   3.960E+00   4.066E+00
    4.299E+00   4.646E+00   4.878E+00   5.007E+00   5.185E+00   5.498E+00   5.752E+00   5.818E+00   5.844E+00   5.853E+00
