
 24-FEB-2004                           !Format date

 1.4274798744E+02     2.4879E+05       49       60

 3.0968612785E+04   1.9371260E-03   1.3035221E+06   1.0532640E+00   8.8616290E+01   1.4619671E+03   5.0000000E-02     1 
    2.5587327E-30   1.4448630E-32   1.4448630E-32   1.7157065E-21   3.2950480E-20
    3.2950480E-20   2.9019339E-20   2.9019339E-20   7.1583236E-13   2.4211624E-12
    2.4211624E-12   1.7029861E-12   1.7029861E-12   3.6231026E-12   3.6231026E-12
    6.8072512E-09   1.0498518E-08   1.0498518E-08   7.8389549E-09   7.8389549E-09
    1.7343082E-08   8.4825782E-07   1.0152911E-06   6.9920021E-07   1.7964431E-06
    1.5766833E-05   2.5305176E-06   1.0503376E-05   3.0024850E-05   1.0198040E-04
    1.1431941E-04   6.0973280E-05   1.8804793E-04   3.6914810E-04   3.3511925E-04
    2.0457537E-04   6.6159289E-04   9.2738070E-04   8.1526346E-04   4.8718695E-04
    1.6081378E-03   1.8416946E-03   1.5168364E-03   9.2457845E-04   3.0329005E-03
    3.1192075E-03   2.5323762E-03   1.5175906E-03   4.5840910E-03

 3.0621907442E+04   1.9860439E-03   1.3333174E+06   1.0561805E+00   8.8509989E+01   1.4618461E+03   5.0000000E-02     2 
    3.3793521E-30   1.8932486E-32   1.8932486E-32   1.9509429E-21   3.7178334E-20
    3.7178334E-20   3.2639356E-20   3.2639356E-20   7.6914870E-13   2.5927396E-12
    2.5927396E-12   1.8213758E-12   1.8213758E-12   3.8744282E-12   3.8744282E-12
    7.1302541E-09   1.0978249E-08   1.0978249E-08   8.1911423E-09   8.1911423E-09
    1.8119690E-08   8.7650271E-07   1.0480703E-06   7.2144724E-07   1.8532475E-06
    1.6160248E-05   2.5920218E-06   1.0755607E-05   3.0737987E-05   1.0398025E-04
    1.1651366E-04   6.2128548E-05   1.9155712E-04   3.7504950E-04   3.4037671E-04
    2.0774852E-04   6.7163123E-04   9.3980883E-04   8.2602130E-04   4.9354788E-04
    1.6285284E-03   1.8629058E-03   1.5340305E-03   9.3496312E-04   3.0657016E-03
    3.1506254E-03   2.5576152E-03   1.5325479E-03   4.6271997E-03

 2.9939807431E+04   2.0878259E-03   1.3949979E+06   1.0620351E+00   8.8293171E+01   1.4615997E+03   5.0000000E-02     3 
    5.8780722E-30   3.2425463E-32   3.2425463E-32   2.5196870E-21   4.7281289E-20
    4.7281289E-20   4.1246912E-20   4.1246912E-20   8.8742674E-13   2.9714169E-12
    2.9714169E-12   2.0821788E-12   2.0821788E-12   4.4279570E-12   4.4279570E-12
    7.8198285E-09   1.1999735E-08   1.1999735E-08   8.9402823E-09   8.9402823E-09
    1.9771230E-08   9.3558617E-07   1.1165363E-06   7.6788337E-07   1.9717756E-06
    1.6973328E-05   2.7189823E-06   1.1276170E-05   3.2209125E-05   1.0808161E-04
    1.2101086E-04   6.4495439E-05   1.9874297E-04   3.8708944E-04   3.5109753E-04
    2.1421766E-04   6.9208333E-04   9.6507064E-04   8.4788231E-04   5.0647037E-04
    1.6699228E-03   1.9059077E-03   1.5688771E-03   9.5600587E-04   3.1321136E-03
    3.2141917E-03   2.6086658E-03   1.5627993E-03   4.7143041E-03

 2.8622196693E+04   2.3076044E-03   1.5269254E+06   1.0738038E+00   8.7850584E+01   1.4610903E+03   5.0000000E-02     4 
    1.7543447E-29   9.3948910E-32   9.3948910E-32   4.1787535E-21   7.6059282E-20
    7.6059282E-20   6.5524070E-20   6.5524070E-20   1.1776006E-12   3.8907619E-12
    3.8907619E-12   2.7130621E-12   2.7130621E-12   5.7663522E-12   5.7663522E-12
    9.3865199E-09   1.4309170E-08   1.4309170E-08   1.0629924E-08   1.0629924E-08
    2.3494422E-08   1.0644773E-06   1.2654579E-06   8.6874640E-07   2.2290551E-06
    1.8704949E-05   2.9888804E-06   1.2381716E-05   3.5330660E-05   1.1668318E-04
    1.3043117E-04   6.9449532E-05   2.1376781E-04   4.1208055E-04   3.7333182E-04
    2.2762624E-04   7.3441936E-04   1.0171211E-03   8.9290187E-04   5.3306783E-04
    1.7549996E-03   1.9940513E-03   1.6402636E-03   9.9909662E-04   3.2678899E-03
    3.3439695E-03   2.7128395E-03   1.6245166E-03   4.8916655E-03

 2.6159283409E+04   2.8203396E-03   1.8293537E+06   1.0972970E+00   8.6952412E+01   1.4600008E+03   5.0000000E-02     5 
    1.4419839E-28   7.3369314E-31   7.3369314E-31   1.1109269E-20   1.9058186E-19
    1.9058186E-19   1.6028678E-19   1.6028678E-19   2.0348873E-12   6.5523099E-12
    6.5523099E-12   4.5254885E-12   4.5254885E-12   9.6079439E-12   9.6079439E-12
    1.3362410E-08   2.0112763E-08   2.0112763E-08   1.4856428E-08   1.4856428E-08
    3.2798856E-08   1.3664236E-06   1.6123258E-06   1.1030287E-06   2.8258452E-06
    2.2574620E-05   3.5890986E-06   1.4838711E-05   4.2255639E-05   1.3533557E-04
    1.5081009E-04   8.0150492E-05   2.4615385E-04   4.6518941E-04   4.2050389E-04
    2.5604063E-04   8.2390025E-04   1.1261514E-03   9.8709646E-04   5.8866327E-04
    1.9323242E-03   2.1768253E-03   1.7880981E-03   1.0882765E-03   3.5479869E-03
    3.6109911E-03   2.9271017E-03   1.7513219E-03   5.2546510E-03

 2.1856758250E+04   4.2180739E-03   2.6249221E+06   1.1426416E+00   8.5088005E+01   1.4575305E+03   5.0000000E-02     6 
    6.3584869E-27   3.0476339E-29   3.0476339E-29   6.5530714E-20   1.0090993E-18
    1.0090993E-18   8.1284258E-19   8.1284258E-19   5.4946509E-12   1.6885846E-11
    1.6885846E-11   1.1459203E-11   1.1459203E-11   2.4279321E-11   2.4279321E-11
    2.5387693E-08   3.7340432E-08   3.7340432E-08   2.7294651E-08   2.7294651E-08
    6.0130142E-08   2.1519110E-06   2.5049384E-06   1.7027868E-06   4.3494702E-06
    3.1788735E-05   5.0092678E-06   2.0628456E-05   5.8517304E-05   1.7731907E-04
    1.9648408E-04   1.0406050E-04   3.1821920E-04   5.8031515E-04   5.2241610E-04
    3.1730806E-04   1.0158500E-03   1.3562184E-03   1.1855081E-03   7.0550109E-04
    2.3029336E-03   2.5553058E-03   2.0936684E-03   1.2722675E-03   4.1223266E-03
    4.1560022E-03   3.3638112E-03   2.0094609E-03   5.9878132E-03

 1.5428802234E+04   8.9972996E-03   5.2906518E+06   1.2167195E+00   8.2575129E+01   1.4512304E+03   5.0000000E-02     7 
    1.4309486E-24   7.4119905E-27   7.4119905E-27   8.9821917E-19   1.1798596E-17
    1.1798596E-17   8.9123203E-18   8.9123203E-18   2.3817579E-11   6.8326684E-11
    6.8326684E-11   4.5162139E-11   4.5162139E-11   9.5389591E-11   9.5389591E-11
    6.5561807E-08   9.3193098E-08   9.3193098E-08   6.7058954E-08   6.7058954E-08
    1.4723244E-07   4.2147675E-06   4.8087307E-06   3.2380367E-06   8.2307061E-06
    5.2800890E-05   8.2081392E-06   3.3610550E-05   9.4768142E-05   2.6484833E-04
    2.9107695E-04   1.5333375E-04   4.6565790E-04   8.0648827E-04   7.2144676E-04
    4.3660976E-04   1.3863282E-03   1.7890644E-03   1.5577146E-03   9.2384058E-04
    2.9889521E-03   3.2461499E-03   2.6497485E-03   1.6061984E-03   5.1544208E-03
    5.1282678E-03   4.1409812E-03   2.4682362E-03   7.2725316E-03

 1.0903132274E+04   1.8839623E-02   1.0659796E+07   1.2694014E+00   8.0933338E+01   1.4423199E+03   5.0000000E-02     8 
    3.5734451E-23   2.4905007E-25   2.4905007E-25   4.8101272E-18   5.7057100E-17
    5.7057100E-17   4.1358379E-17   4.1358379E-17   6.1038930E-11   1.6755496E-10
    1.6755496E-10   1.0887302E-10   1.0887302E-10   2.2946586E-10   2.2946586E-10
    1.2060353E-07   1.6771989E-07   1.6771989E-07   1.1945541E-07   1.1945541E-07
    2.6167440E-07   6.4954984E-06   7.3159822E-06   4.8965587E-06   1.2403482E-05
    7.3227880E-05   1.1283359E-05   4.6032354E-05   1.2926819E-04   3.4318934E-04
    3.7530227E-04   1.9698392E-04   5.9527345E-04   9.9816036E-04   8.8919804E-04
    5.3672890E-04   1.6948761E-03   2.1411976E-03   1.8592407E-03   1.1002569E-03
    3.5374846E-03   3.7912895E-03   3.0878106E-03   1.8687986E-03   5.9579994E-03
    5.8789932E-03   4.7404421E-03   2.8215770E-03   8.2481391E-03

 7.7165860608E+03   3.9076061E-02   2.1467903E+07   1.3074303E+00   7.9651259E+01   1.4297993E+03   5.0000000E-02     9 
    2.4649794E-22   2.6291498E-24   2.6291498E-24   1.4866268E-17   1.6444878E-16
    1.6444878E-16   1.1609542E-16   1.1609542E-16   1.1498208E-10   3.0643255E-10
    3.0643255E-10   1.9686244E-10   1.9686244E-10   4.1424911E-10   4.1424911E-10
    1.8182279E-07   2.4914366E-07   2.4914366E-07   1.7624178E-07   1.7624178E-07
    3.8548614E-07   8.6948909E-06   9.7085953E-06   6.4711334E-06   1.6355134E-05
    9.1331132E-05   1.3988417E-05   5.6922353E-05   1.5943362E-04   4.0901907E-04
    4.4577850E-04   2.3338370E-04   7.0290301E-04   1.1532290E-03   1.0245412E-03
    6.1715338E-04   1.9421742E-03   2.4192924E-03   2.0960539E-03   1.2388449E-03
    3.9650058E-03   4.2121686E-03   3.4251826E-03   2.0717757E-03   6.5723202E-03
    6.4505789E-03   5.1970946E-03   3.0901317E-03   8.9852510E-03

 5.4751066771E+03   8.0581550E-02   4.3171524E+07   1.3381011E+00   7.8537181E+01   1.4123230E+03   5.0000000E-02    10 
    9.1689653E-22   1.5870584E-23   1.5870584E-23   3.5272347E-17   3.6939461E-16
    3.6939461E-16   2.5592140E-16   2.5592140E-16   1.8677292E-10   4.8665451E-10
    4.8665451E-10   3.1002281E-10   3.1002281E-10   6.5142599E-10   6.5142599E-10
    2.4907621E-07   3.3741214E-07   3.3741214E-07   2.3748755E-07   2.3748755E-07
    5.1891078E-07   1.0875528E-05   1.2063088E-05   8.0145605E-06   2.0225591E-05
    1.0825436E-04   1.6503799E-05   6.7013788E-05   1.8736303E-04   4.6834770E-04
    5.0877450E-04   2.6586034E-04   7.9886658E-04   1.2885605E-03   1.1424046E-03
    6.8716816E-04   2.1567663E-03   2.6582564E-03   2.2992337E-03   1.3575986E-03
    4.3298827E-03   4.5689653E-03   3.7102155E-03   2.2436705E-03   7.0875353E-03
    6.9308295E-03   5.5810532E-03   3.3153958E-03   9.6018326E-03

 3.9036692194E+03   1.6613452E-01   8.6399625E+07   1.3671019E+00   7.7037523E+01   1.3882248E+03   5.0000000E-02    11 
    2.8101978E-21   7.9909148E-23   7.9909148E-23   7.7093794E-17   7.6703655E-16
    7.6703655E-16   5.2336415E-16   5.2336415E-16   2.8976263E-10   7.3981767E-10
    7.3981767E-10   4.6778454E-10   4.6778454E-10   9.8150437E-10   9.8150437E-10
    3.3125766E-07   4.4405967E-07   4.4405967E-07   3.1117901E-07   3.1117901E-07
    6.7938061E-07   1.3322667E-05   1.4688644E-05   9.7299253E-06   2.4524646E-05
    1.2636488E-04   1.9183719E-05   7.7729091E-05   2.1692323E-04   5.2974808E-04
    5.7352090E-04   2.9920955E-04   8.9710701E-04   1.4252288E-03   1.2610953E-03
    7.5785614E-04   2.3716534E-03   2.8955776E-03   2.5018243E-03   1.4755940E-03
    4.6911153E-03   4.9214167E-03   3.9913485E-03   2.4122308E-03   7.5915942E-03
    7.4018504E-03   5.9569002E-03   3.5358415E-03   1.0199997E-02

 2.7987154257E+03   3.4359298E-01   1.7217237E+08   1.3985982E+00   7.5028947E+01   1.3553069E+03   5.0000000E-02    12 
    9.2329542E-21   4.2479338E-22   4.2479338E-22   1.7386149E-16   1.6375080E-15
    1.6375080E-15   1.1012551E-15   1.1012551E-15   4.5757147E-10   1.1440148E-09
    1.1440148E-09   7.1753368E-10   7.1753368E-10   1.5034051E-09   1.5034051E-09
    4.4577302E-07   5.9104213E-07   5.9104213E-07   4.1230922E-07   4.1230922E-07
    8.9935966E-07   1.6462935E-05   1.8036449E-05   1.1910030E-05   2.9979350E-05
    1.4848301E-04   2.2451477E-05   9.0767448E-05   2.5261360E-04   6.0211222E-04
    6.4988966E-04   3.3851079E-04   1.0121888E-03   1.5838015E-03   1.3985051E-03
    8.3968733E-04   2.6186502E-03   3.1662233E-03   2.7325830E-03   1.6101606E-03
    5.1004076E-03   5.3199002E-03   4.3098384E-03   2.6021741E-03   8.1587205E-03
    7.9292873E-03   6.3762880E-03   3.7823844E-03   1.0864357E-02

 2.0174652231E+03   7.1733824E-01   3.4260194E+08   1.4350726E+00   7.2291704E+01   1.3107424E+03   5.0000000E-02    13 
    3.6618542E-20   2.6545774E-21   2.6545774E-21   4.2686475E-16   3.7772884E-15
    3.7772884E-15   2.5038799E-15   2.5038799E-15   7.5797652E-10   1.8522532E-09
    1.8522532E-09   1.1506213E-09   1.1506213E-09   2.4076124E-09   2.4076124E-09
    6.1910727E-07   8.1086748E-07   8.1086748E-07   5.6287048E-07   5.6287048E-07
    1.2260972E-06   2.0816100E-05   2.2644761E-05   1.4898190E-05   3.7430634E-05
    1.7742411E-04   2.6717030E-05   1.0779141E-04   2.9892314E-04   6.9361713E-04
    7.4666929E-04   3.8822129E-04   1.1570499E-03   1.7808899E-03   1.5690290E-03
    9.4080577E-04   2.9232565E-03   3.4972223E-03   3.0130613E-03   1.7742982E-03
    5.5965950E-03   5.8005078E-03   4.6935553E-03   2.8317312E-03   8.8393766E-03
    8.5587647E-03   6.8759083E-03   4.0772510E-03   1.1655924E-02

 1.4639371098E+03   1.5209127E+00   6.8153660E+08   1.4772424E+00   6.8480945E+01   1.2513696E+03   5.0000000E-02    14 
    1.7446490E-19   1.9409569E-20   1.9409569E-20   1.1425671E-15   9.4165418E-15
    9.4165418E-15   6.1585533E-15   6.1585533E-15   1.3181888E-09   3.1429094E-09
    3.1429094E-09   1.9301853E-09   1.9301853E-09   4.0336089E-09   4.0336089E-09
    8.8818501E-07   1.1475267E-06   1.1475267E-06   7.9210391E-07   7.9210391E-07
    1.7220450E-06   2.6946762E-05   2.9087747E-05   1.9047765E-05   4.7741205E-05
    2.1571539E-04   3.2320079E-05   1.3014292E-04   3.5965667E-04   8.1049657E-04
    8.7001784E-04   4.5139090E-04   1.3406663E-03   2.0262468E-03   1.7809251E-03
    1.0663194E-03   3.2996945E-03   3.9029341E-03   3.3559902E-03   1.9753080E-03
    6.1984106E-03   6.3814196E-03   5.1555880E-03   3.1096783E-03   9.6551100E-03
    9.3138541E-03   7.4735901E-03   4.4314922E-03   1.2598051E-02

 1.0714943657E+03   3.2909418E+00   1.3562673E+09   1.5209094E+00   6.3317666E+01   1.1738003E+03   5.0000000E-02    15 
    7.7020546E-19   1.3150300E-19   1.3150300E-19   2.9946268E-15   2.2918240E-14
    2.2918240E-14   1.4857405E-14   1.4857405E-14   2.2657245E-09   5.2755424E-09
    5.2755424E-09   3.2019991E-09   3.2019991E-09   6.6836169E-09   6.6836169E-09
    1.2657218E-06   1.6131907E-06   1.6131907E-06   1.1069615E-06   1.1069615E-06
    2.4013417E-06   3.4704832E-05   3.7187832E-05   2.4235883E-05   6.0593830E-05
    2.6139669E-04   3.8943043E-05   1.5652436E-04   4.3135074E-04   9.4496822E-04
    1.0108871E-03   5.2354790E-04   1.5494538E-03   2.3005339E-03   2.0170827E-03
    1.2068112E-03   3.7163199E-03   4.3490341E-03   3.7328392E-03   2.1972319E-03
    6.8539494E-03   7.0124389E-03   5.6570859E-03   3.4125058E-03   1.0533405E-02
    1.0127132E-02   8.1137079E-03   4.8144956E-03   1.3605491E-02

 7.9331701182E+02   7.3566322E+00   2.7012269E+09   1.5652675E+00   5.6277819E+01   1.0751368E+03   5.0000000E-02    16 
    2.9792487E-18   7.8159253E-19   7.8159253E-19   7.5506098E-15   5.3523038E-14
    5.3523038E-14   3.4619259E-14   3.4619259E-14   3.8118233E-09   8.6748993E-09
    8.6748993E-09   5.2071828E-09   5.2071828E-09   1.0858501E-08   1.0858501E-08
    1.7790658E-06   2.2383412E-06   2.2383412E-06   1.5270921E-06   1.5270921E-06
    3.3060481E-06   4.4241909E-05   4.7077259E-05   3.0569603E-05   7.6232557E-05
    3.1468840E-04   4.6607142E-05   1.8702322E-04   5.1400301E-04   1.0960268E-03
    1.1682927E-03   6.0442012E-04   1.7813473E-03   2.6015085E-03   2.2755280E-03
    1.3610923E-03   4.1686549E-03   4.8295340E-03   4.1381644E-03   2.4390627E-03
    7.5555012E-03   7.6845444E-03   6.1910357E-03   3.7378861E-03   1.1463203E-02
    1.0984759E-02   8.7841451E-03   5.2239587E-03   1.4669750E-02

 5.9609389980E+02   1.7458207E+01   5.4019583E+09   1.6128773E+00   4.6568829E+01   9.5221825E+02   5.0000000E-02    17 
    1.0980383E-17   4.2889974E-18   4.2889974E-18   1.9259719E-14   1.2562929E-13
    1.2562929E-13   8.1604757E-14   8.1604757E-14   6.4607513E-09   1.4357531E-08
    1.4357531E-08   8.5290705E-09   8.5290705E-09   1.7769792E-08   1.7769792E-08
    2.5111127E-06   3.1201917E-06   3.1201917E-06   2.1170293E-06   2.1170293E-06
    4.5746353E-06   5.6601839E-05   5.9794853E-05   3.8717397E-05   9.6287302E-05
    3.8003374E-04   5.5976254E-05   2.2432040E-04   6.1425782E-04   1.2742541E-03
    1.3541248E-03   7.0007601E-04   2.0535318E-03   2.9495117E-03   2.5740375E-03
    1.5405335E-03   4.6880617E-03   5.3760730E-03   4.5987508E-03   2.7203685E-03
    8.3469900E-03   8.4403153E-03   6.7887135E-03   4.1101556E-03   1.2503724E-02
    1.1941293E-02   9.5269231E-03   5.6905129E-03   1.5857768E-02

 4.5726920972E+02   4.4702136E+01   1.0864448E+10   1.6651537E+00   3.4760967E+01   8.0457042E+02   5.0000000E-02    18 
    3.8991306E-17   2.1180292E-17   2.1180292E-17   5.0645518E-14   3.0229555E-13
    3.0229555E-13   1.9786601E-13   1.9786601E-13   1.1156786E-08   2.4165735E-08
    2.4165735E-08   1.4214595E-08   1.4214595E-08   2.9578850E-08   2.9578850E-08
    3.5858681E-06   4.4011893E-06   4.4011893E-06   2.9695806E-06   2.9695806E-06
    6.4033170E-06   7.3096696E-05   7.6636881E-05   4.9470439E-05   1.2265571E-04
    4.6206419E-04   6.7714796E-05   2.7116019E-04   7.3903145E-04   1.4901133E-03
    1.5784983E-03   8.1626432E-04   2.3811356E-03   3.3611968E-03   2.9265170E-03
    1.7563504E-03   5.2980039E-03   6.0131859E-03   5.1348555E-03   3.0608268E-03
    9.2595648E-03   9.3095185E-03   7.4750642E-03   4.5512947E-03   1.3696270E-02
    1.3028495E-02   1.0367584E-02   6.2426272E-03   1.7221576E-02

 3.6037804880E+02   1.1744237E+02   2.1827385E+10   1.7411153E+00   2.4111356E+01   6.4476016E+02   5.0000000E-02    19 
    2.8205038E-16   1.9336500E-16   1.9336500E-16   1.8644418E-13   1.0001456E-12
    1.0001456E-12   6.5237972E-13   6.5237972E-13   2.3330688E-08   4.8760227E-08
    4.8760227E-08   2.8287914E-08   2.8287914E-08   5.8736123E-08   5.8736123E-08
    5.8020027E-06   7.0048173E-06   7.0048173E-06   4.6868379E-06   4.6868379E-06
    1.0073260E-05   1.0331046E-04   1.0724727E-04   6.8869788E-05   1.6995525E-04
    6.0192007E-04   8.7665786E-05   3.5037760E-04   9.4857270E-04   1.8419953E-03
    1.9425332E-03   1.0052590E-03   2.9067828E-03   4.0121061E-03   3.4831823E-03
    2.1009659E-03   6.2475447E-03   6.9981886E-03   5.9634870E-03   3.6043025E-03
    1.0648845E-02   1.0629719E-02   8.5184929E-03   5.2372647E-03   1.5489881E-02
    1.4652517E-02   1.1624571E-02   7.0985499E-03   1.9260897E-02

 2.9279346432E+02   2.7888156E+02   4.4032555E+10   1.8403891E+00   1.6894537E+01   4.8419995E+02   5.0000093E-02    20 
    3.5900595E-15   2.6006477E-15   2.6006477E-15   8.7564048E-13   4.1771309E-12
    4.1771309E-12   2.6800207E-12   2.6800207E-12   5.5976210E-08   1.1217020E-07
    1.1217020E-07   6.3912923E-08   6.3912923E-08   1.3236504E-07   1.3236504E-07
    1.0281603E-05   1.2167427E-05   1.2167427E-05   8.0549977E-06   8.0549977E-06
    1.7241570E-05   1.5582698E-04   1.6003275E-04   1.0208904E-04   2.5034791E-04
    8.2478646E-04   1.1948237E-04   4.7553935E-04   1.2758934E-03   2.3714571E-03
    2.4897138E-03   1.2899596E-03   3.6849016E-03   4.9562706E-03   4.2904871E-03
    2.6117096E-03   7.5999933E-03   8.3893324E-03   7.1342068E-03   4.4207496E-03
    1.2573460E-02   1.2450443E-02   9.9546924E-03   6.2279096E-03   1.7941804E-02
    1.6842875E-02   1.3315705E-02   8.3328156E-03   2.2025710E-02

 2.4610229539E+02   5.2624869E+02   8.9932127E+10   1.9836408E+00   1.2583791E+01   3.3549107E+02   5.0013213E-02    21 
    1.2604231E-13   1.0091426E-13   1.0091426E-13   6.3000127E-12   2.5898950E-11
    2.5898950E-11   1.6160344E-11   1.6160344E-11   1.7003214E-07   3.2375534E-07
    3.2375534E-07   1.7989821E-07   1.7989821E-07   3.7130417E-07   3.7130417E-07
    2.1316423E-05   2.4589642E-05   2.4589642E-05   1.6042436E-05   1.6042436E-05
    3.4134616E-05   2.6315839E-04   2.6676195E-04   1.6860647E-04   4.0975544E-04
    1.2332273E-03   1.7783822E-04   7.0232167E-04   1.8607220E-03   3.2781809E-03
    3.4229019E-03   1.7766905E-03   4.9847668E-03   6.4997258E-03   5.6067121E-03
    3.4681319E-03   9.7523302E-03   1.0582338E-02   8.9814264E-03   5.8085042E-03
    1.5527280E-02   1.5230622E-02   1.2141753E-02   7.8270000E-03   2.1635665E-02
    2.0070321E-02   1.5816333E-02   1.0315149E-02   2.6115085E-02

 2.1683893311E+02   6.3473962E+02   1.7141282E+11   2.1066176E+00   1.0525734E+01   2.2439996E+02   5.0536045E-02    22 
    1.7091814E-12   1.3407279E-12   1.3407279E-12   2.7819223E-11   1.0246427E-10
    1.0246427E-10   6.2404128E-11   6.2404128E-11   3.9263685E-07   7.2063682E-07
    7.2063682E-07   3.9225201E-07   3.9225201E-07   8.0727946E-07   8.0727946E-07
    3.6987630E-05   4.1899762E-05   4.1899762E-05   2.6996850E-05   2.6996850E-05
    5.7131262E-05   3.9157216E-04   3.9334416E-04   2.4673366E-04   5.9449420E-04
    1.6734121E-03   2.4127806E-04   9.4539928E-04   2.4763070E-03   4.1965758E-03
    4.3633967E-03   2.2770937E-03   6.2661252E-03   7.9936899E-03   6.8853088E-03
    4.3704778E-03   1.1773230E-02   1.2624573E-02   1.0718904E-02   7.3785157E-03
    1.8195459E-02   1.7701414E-02   1.4096728E-02   9.5019522E-03   2.4956951E-02
    2.2754755E-02   1.7955068E-02   1.2409592E-02   2.9765969E-02

 1.9890360033E+02   4.6341071E+02   2.7346756E+11   2.1886095E+00   9.4732417E+00   1.4952691E+02   5.6502792E-02    23 
    7.6863948E-12   5.7278699E-12   5.7278699E-12   6.8101163E-11   2.3620043E-10
    2.3620043E-10   1.4136437E-10   1.4136437E-10   6.5256039E-07   1.1721639E-06
    1.1721639E-06   6.2932915E-07   6.2932915E-07   1.2927228E-06   1.2927228E-06
    5.1713825E-05   5.7996036E-05   5.7996036E-05   3.7054879E-05   3.7054879E-05
    7.8104022E-05   4.9900609E-04   4.9891586E-04   3.1142111E-04   7.4542015E-04
    2.0150569E-03   2.9165997E-04   1.1349311E-03   2.9467946E-03   4.8798158E-03
    5.0629074E-03   2.6632145E-03   7.2021967E-03   9.0721010E-03   7.8171196E-03
    5.1100218E-03   1.3192690E-02   1.4051042E-02   1.1966186E-02   8.7697709E-03
    2.0014549E-02   1.9331429E-02   1.5432246E-02   1.0892137E-02   2.7241974E-02
    2.4381738E-02   1.9381588E-02   1.4159440E-02   3.2277482E-02

 1.8719014841E+02   2.2420261E+02   3.1093849E+11   2.2184203E+00   7.6069593E+00   9.9928098E+01   8.3971617E-02    24 
    1.1118254E-11   8.2971159E-12   8.2971159E-12   9.2722809E-11   3.1564682E-10
    3.1564682E-10   1.8788942E-10   1.8788942E-10   7.7806707E-07   1.3872140E-06
    1.3872140E-06   7.4159608E-07   7.4159608E-07   1.5220569E-06   1.5220569E-06
    5.8067639E-05   6.4911641E-05   6.4911641E-05   4.1389008E-05   4.1389008E-05
    8.7073823E-05   5.4261668E-04   5.4182339E-04   3.3813161E-04   8.0667575E-04
    2.1491098E-03   3.1217171E-04   1.2121783E-03   3.1320495E-03   5.1385289E-03
    5.3321607E-03   2.8206050E-03   7.5659382E-03   9.4861301E-03   8.1806109E-03
    5.4139969E-03   1.3743607E-02   1.4602040E-02   1.2461815E-02   9.3286333E-03
    2.0736465E-02   1.9976740E-02   1.5989830E-02   1.1471876E-02   2.8160526E-02
    2.5067253E-02   2.0017133E-02   1.4884498E-02   3.3371062E-02

 1.7911785738E+02   6.4902131E+01   2.7968643E+11   2.2212707E+00   5.7858530E+00   6.6734247E+01   1.5271797E-01    25 
    1.0058483E-11   7.5119564E-12   7.5119564E-12   9.5476912E-11   3.2470675E-10
    3.2470675E-10   1.9341096E-10   1.9341096E-10   7.9088591E-07   1.4085359E-06
    1.4085359E-06   7.5384783E-07   7.5384783E-07   1.5467237E-06   1.5467237E-06
    5.8672400E-05   6.5552447E-05   6.5552447E-05   4.1873122E-05   4.1873122E-05
    8.8032776E-05   5.4650077E-04   5.4561392E-04   3.4139801E-04   8.1345869E-04
    2.1626333E-03   3.1454593E-04   1.2236213E-03   3.1536460E-03   5.1573162E-03
    5.3582871E-03   2.8405865E-03   7.6145160E-03   9.5368873E-03   8.2276959E-03
    5.4221285E-03   1.3839215E-02   1.4696147E-02   1.2540000E-02   9.2594750E-03
    2.0907481E-02   2.0167604E-02   1.6154598E-02   1.1484848E-02   2.8375984E-02
    2.5413540E-02   2.0272728E-02   1.4884789E-02   3.3753774E-02

 1.7332119397E+02   1.1427154E+01   2.5785010E+11   2.2188816E+00   5.1827285E+00   4.4629716E+01   2.6460622E-01    26 
    9.2341008E-12   6.9587318E-12   6.9587318E-12   9.3543743E-11   3.1796401E-10
    3.1796401E-10   1.8990370E-10   1.8990370E-10   7.8000501E-07   1.3898326E-06
    1.3898326E-06   7.4497203E-07   7.4497203E-07   1.5282589E-06   1.5282589E-06
    5.8122075E-05   6.4957043E-05   6.4957043E-05   4.1571075E-05   4.1571075E-05
    8.7360074E-05   5.4260228E-04   5.4193767E-04   3.3998097E-04   8.0930420E-04
    2.1520017E-03   3.1359448E-04   1.2218743E-03   3.1425654E-03   5.1309927E-03
    5.3375970E-03   2.8373305E-03   7.5988279E-03   9.5145325E-03   8.2136079E-03
    5.4028931E-03   1.3833954E-02   1.4688643E-02   1.2537365E-02   9.1751981E-03
    2.0940957E-02   2.0219570E-02   1.6214730E-02   1.1462825E-02   2.8433971E-02
    2.5578393E-02   2.0402739E-02   1.4848470E-02   3.3952693E-02

 1.6894916087E+02   1.9017587E+00   2.6764718E+11   2.2242283E+00   7.0607145E+00   2.9808846E+01   4.0171943E-01    27 
    1.3752974E-11   1.0449726E-11   1.0449726E-11   1.0095490E-10   3.3677838E-10
    3.3677838E-10   2.0315352E-10   2.0315352E-10   8.0485605E-07   1.4326064E-06
    1.4326064E-06   7.6757440E-07   7.6757440E-07   1.5741591E-06   1.5741591E-06
    5.9334401E-05   6.6293516E-05   6.6293516E-05   4.2441930E-05   4.2441930E-05
    8.9122738E-05   5.5066220E-04   5.5014187E-04   3.4560377E-04   8.2139361E-04
    2.1769033E-03   3.1819387E-04   1.2396591E-03   3.1796910E-03   5.1760408E-03
    5.3891552E-03   2.8766094E-03   7.6744561E-03   9.5975158E-03   8.2931131E-03
    5.4867109E-03   1.3955991E-02   1.4807988E-02   1.2656121E-02   9.3354420E-03
    2.1119623E-02   2.0377881E-02   1.6371678E-02   1.1648312E-02   2.8684946E-02
    2.5776634E-02   2.0605200E-02   1.5085963E-02   3.4329488E-02

 1.6537335000E+02   3.9813281E-01   3.1025163E+11   2.2355405E+00   1.7646006E+01   2.0127272E+01   5.3568143E-01    28 
    3.8668833E-11   2.9835807E-11   2.9835807E-11   1.2396748E-10   3.8475019E-10
    3.8475019E-10   2.4290474E-10   2.4290474E-10   8.5968887E-07   1.5269948E-06
    1.5269948E-06   8.1646692E-07   8.1646692E-07   1.6737362E-06   1.6737362E-06
    6.1980847E-05   6.9211450E-05   6.9211450E-05   4.4271055E-05   4.4271055E-05
    9.2862451E-05   5.6828984E-04   5.6796072E-04   3.5697010E-04   8.4649588E-04
    2.2297091E-03   3.2744186E-04   1.2734905E-03   3.2551296E-03   5.2769833E-03
    5.4981294E-03   2.9525490E-03   7.8222230E-03   9.7634239E-03   8.4488854E-03
    5.6666232E-03   1.4177228E-02   1.5025587E-02   1.2876183E-02   9.7315656E-03
    2.1411355E-02   2.0610943E-02   1.6607744E-02   1.2034115E-02   2.9092103E-02
    2.5979378E-02   2.0867080E-02   1.5590366E-02   3.4858457E-02

 1.6329400566E+02   1.2151448E-01   3.8762664E+11   2.2260014E+00   3.8278620E+01   1.3489509E+01   6.5595860E-01    29 
    5.3637636E-11   4.3415989E-11   4.3415989E-11   1.2565727E-10   3.6252640E-10
    3.6252640E-10   2.4111976E-10   2.4111976E-10   8.1514899E-07   1.4534914E-06
    1.4534914E-06   7.7706439E-07   7.7706439E-07   1.5930732E-06   1.5930732E-06
    5.9870234E-05   6.7040268E-05   6.7040268E-05   4.2877108E-05   4.2877108E-05
    8.9904161E-05   5.5428736E-04   5.5533740E-04   3.4929797E-04   8.2717430E-04
    2.1850880E-03   3.2315321E-04   1.2538841E-03   3.1986631E-03   5.1954404E-03
    5.4192499E-03   2.9337340E-03   7.7123964E-03   9.6378439E-03   8.3612609E-03
    5.7288342E-03   1.3998946E-02   1.4842835E-02   1.2778357E-02   1.0038096E-02
    2.1170170E-02   2.0311811E-02   1.6444867E-02   1.2259851E-02   2.8878488E-02
    2.5505950E-02   2.0657870E-02   1.5931445E-02   3.4681351E-02

 1.6282399439E+02   6.6781519E-02   5.0487942E+11   2.2130145E+00   4.7888327E+01   9.0869299E+00   7.5174095E-01    30 
    3.7850167E-11   3.1728089E-11   3.1728089E-11   1.0897158E-10   3.1880030E-10
    3.1880030E-10   2.0976847E-10   2.0976847E-10   7.5749650E-07   1.3573072E-06
    1.3573072E-06   7.2507008E-07   7.2507008E-07   1.4868594E-06   1.4868594E-06
    5.7076498E-05   6.4135294E-05   6.4135294E-05   4.0969428E-05   4.0969428E-05
    8.5897345E-05   5.3564359E-04   5.3818460E-04   3.3827168E-04   8.0037347E-04
    2.1245363E-03   3.1651420E-04   1.2232246E-03   3.1184936E-03   5.0888147E-03
    5.3090068E-03   2.8977767E-03   7.5511262E-03   9.4577980E-03   8.2277565E-03
    5.7898168E-03   1.3726350E-02   1.4571257E-02   1.2624097E-02   1.0395942E-02
    2.0780551E-02   1.9850508E-02   1.6178241E-02   1.2487620E-02   2.8477410E-02
    2.4786099E-02   2.0319625E-02   1.6278531E-02   3.4211485E-02

 1.6259621324E+02   3.8247466E-02   6.9506689E+11   2.2061154E+00   5.7794228E+01   6.0118373E+00   8.2748738E-01    31 
    2.8126465E-11   2.4038858E-11   2.4038858E-11   9.8770382E-11   2.9624189E-10
    2.9624189E-10   1.9106825E-10   1.9106825E-10   7.2952882E-07   1.3116469E-06
    1.3116469E-06   6.9861494E-07   6.9861494E-07   1.4328415E-06   1.4328415E-06
    5.5713081E-05   6.2800882E-05   6.2800882E-05   3.9996819E-05   3.9996819E-05
    8.3817031E-05   5.2661783E-04   5.3062452E-04   3.3284934E-04   7.8616967E-04
    2.0910700E-03   3.1458130E-04   1.2074983E-03   3.0749632E-03   5.0405636E-03
    5.2532937E-03   2.9013000E-03   7.4554510E-03   9.3561871E-03   8.1704289E-03
    5.9683576E-03   1.3535465E-02   1.4392226E-02   1.2598418E-02   1.1001196E-02
    2.0479541E-02   1.9442284E-02   1.6033007E-02   1.2939145E-02   2.8182985E-02
    2.4094730E-02   2.0140213E-02   1.6888962E-02   3.3801751E-02

 1.6237688516E+02   1.9975050E-02   9.7484272E+11   2.2011675E+00   7.5149085E+01   4.0394685E+00   8.8032155E-01    32 
    2.3146123E-11   2.0143408E-11   2.0143408E-11   9.2705641E-11   2.8191270E-10
    2.8191270E-10   1.7939463E-10   1.7939463E-10   7.1112279E-07   1.2822483E-06
    1.2822483E-06   6.8001953E-07   6.8001953E-07   1.3948310E-06   1.3948310E-06
    5.4817989E-05   6.1988808E-05   6.1988808E-05   3.9319382E-05   3.9319382E-05
    8.2323633E-05   5.2078598E-04   5.2633890E-04   3.2932642E-04   7.7573245E-04
    2.0649224E-03   3.1467937E-04   1.1965831E-03   3.0422062E-03   5.0128905E-03
    5.2124326E-03   2.9274487E-03   7.3757171E-03   9.2764439E-03   8.1455803E-03
    6.2336614E-03   1.3355546E-02   1.4246301E-02   1.2662678E-02   1.1752787E-02
    2.0190030E-02   1.9044155E-02   1.5995291E-02   1.3550411E-02   2.7888218E-02
    2.3460580E-02   2.0125981E-02   1.7665020E-02   3.3351067E-02

 1.6213477373E+02   8.9629989E-03   1.4011368E+12   2.1929947E+00   1.0972715E+02   2.7023790E+00   9.1816578E-01    33 
    1.9288802E-11   1.7310176E-11   1.7310176E-11   8.5933408E-11   2.6153071E-10
    2.6153071E-10   1.6579538E-10   1.6579538E-10   6.8072709E-07   1.2322300E-06
    1.2322300E-06   6.5008389E-07   6.5008389E-07   1.3335167E-06   1.3335167E-06
    5.3305639E-05   6.0517653E-05   6.0517653E-05   3.8200212E-05   3.8200212E-05
    7.9878908E-05   5.1073172E-04   5.1804005E-04   3.2330130E-04   7.5856966E-04
    2.0218667E-03   3.1374740E-04   1.1779482E-03   2.9886543E-03   4.9615826E-03
    5.1386005E-03   2.9585704E-03   7.2493775E-03   9.1492682E-03   8.1037370E-03
    6.5645415E-03   1.3092182E-02   1.4063982E-02   1.2774694E-02   1.2578314E-02
    1.9798612E-02   1.8594803E-02   1.6037392E-02   1.4282805E-02   2.7437297E-02
    2.2862022E-02   2.0244489E-02   1.8545228E-02   3.2681377E-02

 1.6187889490E+02   3.4643288E-03   2.0404447E+12   2.1796440E+00   1.8318818E+02   1.8097241E+00   9.4438636E-01    34 
    1.5950467E-11   1.5024660E-11   1.5024660E-11   7.7828352E-11   2.3222811E-10
    2.3222811E-10   1.4865554E-10   1.4865554E-10   6.3226629E-07   1.1507230E-06
    1.1507230E-06   6.0358357E-07   6.0358357E-07   1.2381586E-06   1.2381586E-06
    5.0829326E-05   5.7989728E-05   5.7989728E-05   3.6408977E-05   3.6408977E-05
    7.6008439E-05   4.9393558E-04   5.0303426E-04   3.1333280E-04   7.3125227E-04
    1.9525697E-03   3.1069746E-04   1.1473151E-03   2.9037856E-03   4.8698622E-03
    5.0136543E-03   2.9900434E-03   7.0559954E-03   8.9552426E-03   8.0368111E-03
    6.9346946E-03   1.2721799E-02   1.3856658E-02   1.2929188E-02   1.3365704E-02
    1.9287006E-02   1.8157358E-02   1.6181742E-02   1.5077486E-02   2.6778513E-02
    2.2391872E-02   2.0492919E-02   1.9440995E-02   3.1735514E-02

 1.6160624362E+02   1.1438578E-03   3.0001968E+12   2.1650725E+00   3.7488729E+02   1.2117924E+00   9.6239125E-01    35 
    1.5470766E-11   1.5441450E-11   1.5441450E-11   7.4767123E-11   2.0678610E-10
    2.0678610E-10   1.3770435E-10   1.3770435E-10   5.8310289E-07   1.0673306E-06
    1.0673306E-06   5.5613525E-07   5.5613525E-07   1.1406777E-06   1.1406777E-06
    4.8258246E-05   5.5340402E-05   5.5340402E-05   3.4541933E-05   3.4541933E-05
    7.1948808E-05   4.7632444E-04   4.8693109E-04   3.0314180E-04   7.0216069E-04
    1.8729343E-03   3.0848552E-04   1.1148963E-03   2.8130378E-03   4.7713460E-03
    4.8731122E-03   3.0478357E-03   6.8456160E-03   8.7612933E-03   8.0103052E-03
    7.3629367E-03   1.2329802E-02   1.3747294E-02   1.3198219E-02   1.4098388E-02
    1.8771982E-02   1.7914653E-02   1.6525269E-02   1.5955378E-02   2.6027930E-02
    2.2207521E-02   2.0930893E-02   2.0359988E-02   3.0642980E-02

 1.6130285838E+02   3.2305963E-04   4.4489274E+12   2.1591446E+00   1.1180749E+03   8.0988797E-01   9.7469663E-01    36 
    2.6818651E-11   2.8028755E-11   2.8028755E-11   1.0106848E-10   2.1434820E-10
    2.1434820E-10   1.6505470E-10   1.6505470E-10   5.6708381E-07   1.0411420E-06
    1.0411420E-06   5.3796063E-07   5.3796063E-07   1.1028996E-06   1.1028996E-06
    4.7460194E-05   5.4625738E-05   5.4625738E-05   3.3874797E-05   3.3874797E-05
    7.0323146E-05   4.7129670E-04   4.8285072E-04   3.0114368E-04   6.8996896E-04
    1.8205296E-03   3.1424039E-04   1.1042954E-03   2.7746219E-03   4.7474199E-03
    4.8036997E-03   3.1919043E-03   6.7335580E-03   8.7190702E-03   8.1612668E-03
    7.9312959E-03   1.2102436E-02   1.3949816E-02   1.3734484E-02   1.4895469E-02
    1.8493548E-02   1.8121833E-02   1.7234203E-02   1.7039848E-02   2.5463575E-02
    2.2502815E-02   2.1693081E-02   2.1429216E-02   2.9718247E-02

 1.6095696927E+02   8.3619904E-05   6.5927458E+12   2.1746409E+00   5.9603769E+03   5.4428622E-01   9.8291968E-01    37 
    1.4178222E-10   1.4926846E-10   1.4926846E-10   3.7610715E-10   4.0650718E-10
    4.0650718E-10   4.8560032E-10   4.8560032E-10   6.2882242E-07   1.1503206E-06
    1.1503206E-06   5.8797769E-07   5.8797769E-07   1.2044258E-06   1.2044258E-06
    5.0884609E-05   5.8561811E-05   5.8561811E-05   3.6064844E-05   3.6064844E-05
    7.4494715E-05   4.9635990E-04   5.0805444E-04   3.1854996E-04   7.1863771E-04
    1.8418497E-03   3.3800434E-04   1.1463508E-03   2.8634985E-03   4.9050155E-03
    4.9207041E-03   3.5057934E-03   6.8682141E-03   9.0265311E-03   8.6637121E-03
    8.7715809E-03   1.2275848E-02   1.4700640E-02   1.4731211E-02   1.5977778E-02
    1.8748514E-02   1.9020300E-02   1.8494809E-02   1.8517689E-02   2.5454263E-02
    2.3466019E-02   2.2958129E-02   2.2856183E-02   2.9384645E-02

 1.6061158875E+02   2.3825801E-05   9.2633682E+12   2.2123388E+00   4.8042026E+04   3.8711422E-01   9.8782014E-01    38 
    2.0307429E-09   2.0691498E-09   2.0691498E-09   4.6116261E-09   3.1602907E-09
    3.1602907E-09   5.2844749E-09   5.2844749E-09   7.9672051E-07   1.4397195E-06
    1.4397195E-06   7.2898210E-07   7.2898210E-07   1.4948852E-06   1.4948852E-06
    5.9372700E-05   6.8042620E-05   6.8042620E-05   4.1657547E-05   4.1657547E-05
    8.5521778E-05   5.5550266E-04   5.6628278E-04   3.5820329E-04   7.9352122E-04
    1.9452646E-03   3.8175314E-04   1.2467405E-03   3.0930613E-03   5.2594648E-03
    5.2505365E-03   3.9873304E-03   7.2773409E-03   9.7105271E-03   9.5083428E-03
    9.8438379E-03   1.2893892E-02   1.5936390E-02   1.6109530E-02   1.7336837E-02
    1.9572583E-02   2.0481176E-02   2.0164235E-02   2.0280434E-02   2.6110973E-02
    2.4950888E-02   2.4602513E-02   2.4563968E-02   2.9812521E-02

 1.6027237022E+02   7.5515068E-06   1.2433144E+13   2.2676851E+00   5.1103294E+05   2.8875971E-01   9.9089981E-01    39 
    5.8415713E-08   5.6263666E-08   5.6263666E-08   1.1837430E-07   8.2185779E-08
    8.2185779E-08   1.3257178E-07   1.3257178E-07   1.2168398E-06   2.0715968E-06
    2.0715968E-06   1.0865796E-06   1.0865796E-06   2.3055952E-06   2.3055952E-06
    7.3645239E-05   8.3793649E-05   8.3793649E-05   5.1089026E-05   5.1089026E-05
    1.0418371E-04   6.4895539E-04   6.5750408E-04   4.2088828E-04   9.1380762E-04
    2.1194965E-03   4.4633568E-04   1.4023263E-03   3.4526108E-03   5.7954134E-03
    5.7781219E-03   4.6329537E-03   7.9315525E-03   1.0730848E-02   1.0657942E-02
    1.1149194E-02   1.3896293E-02   1.7564300E-02   1.7818165E-02   1.8989132E-02
    2.0873611E-02   2.2366716E-02   2.2168453E-02   2.2318264E-02   2.7339591E-02
    2.6840316E-02   2.6576728E-02   2.6558041E-02   3.0886158E-02

 1.5992583499E+02   2.6490588E-06   1.6209324E+13   2.3413448E+00   7.0165814E+06   2.2201300E-01   9.9299554E-01    40 
    3.1160243E-06   2.7971986E-06   2.7971986E-06   5.4196223E-06   4.2930656E-06
    4.2930656E-06   6.0078843E-06   6.0078843E-06   7.6878098E-06   8.5294797E-06
    8.5294797E-06   6.8392849E-06   6.8392849E-06   1.6081025E-05   1.6081025E-05
    1.0182127E-04   1.1455356E-04   1.1455356E-04   7.0948173E-05   7.0948173E-05
    1.4362028E-04   7.9377103E-04   7.9821992E-04   5.2012285E-04   1.1032320E-03
    2.3812673E-03   5.4333276E-04   1.6320391E-03   3.9798181E-03   6.5585748E-03
    6.5477247E-03   5.4966361E-03   8.8797283E-03   1.2142546E-02   1.2177501E-02
    1.2784954E-02   1.5333097E-02   1.9648843E-02   1.9950949E-02   2.1058281E-02
    2.2702704E-02   2.4737577E-02   2.4609378E-02   2.4765729E-02   2.9183899E-02
    2.9216490E-02   2.8999339E-02   2.8981527E-02   3.2627039E-02

 1.5956364644E+02   1.1037797E-06   2.0632289E+13   2.4349646E+00   1.1166077E+08   1.7501974E-01   9.9447384E-01    41 
    2.6626275E-04   2.2172063E-04   2.2172063E-04   3.8496746E-04   3.5741075E-04
    3.5741075E-04   4.2117371E-04   4.2117371E-04   4.6411345E-04   4.2989750E-04
    4.2989750E-04   4.1197144E-04   4.1197144E-04   8.3229627E-04   8.3229627E-04
    5.5604337E-04   6.0289123E-04   6.0289123E-04   4.8098824E-04   4.8098824E-04
    8.5486816E-04   1.4483988E-03   1.4542701E-03   1.0817450E-03   2.0459133E-03
    3.1816781E-03   1.0507238E-03   2.3681658E-03   5.3620667E-03   8.0601259E-03
    8.0743860E-03   7.1183255E-03   1.0785634E-02   1.4501765E-02   1.4638822E-02
    1.5366782E-02   1.7840790E-02   2.2784015E-02   2.3124423E-02   2.4188310E-02
    2.5683411E-02   2.8185954E-02   2.8101396E-02   2.8256389E-02   3.2262741E-02
    3.2690047E-02   3.2498092E-02   3.2474575E-02   3.5647137E-02

 1.5917790463E+02   6.1137916E-07   2.5664950E+13   2.5482586E+00   1.7272455E+09   1.4138854E-01   9.9553323E-01    42 
    2.8116380E-02   2.1981317E-02   2.1981317E-02   3.3936890E-02   3.6790935E-02
    3.6790935E-02   3.6505463E-02   3.6505463E-02   4.3289057E-02   4.0214275E-02
    4.0214275E-02   3.8352268E-02   3.8352268E-02   6.3467521E-02   6.3467521E-02
    3.9307044E-02   4.1954867E-02   4.1954867E-02   3.6900066E-02   3.6900066E-02
    5.3440664E-02   4.3168732E-02   4.3935613E-02   4.0158963E-02   5.5014217E-02
    4.4880619E-02   3.8981993E-02   4.1858513E-02   5.8416881E-02   5.1850027E-02
    5.1975384E-02   5.1714823E-02   6.1573016E-02   6.0287122E-02   6.0877417E-02
    6.2638077E-02   6.7006226E-02   7.0358263E-02   7.0982346E-02   7.2404210E-02
    7.4270272E-02   7.5594859E-02   7.5603239E-02   7.5900615E-02   8.0724226E-02
    8.0033191E-02   7.9875909E-02   7.9899333E-02   8.4038823E-02

 1.5875924210E+02   2.3746738E-06   3.1201663E+13   2.6789511E+00   4.5047884E+09   1.1720717E-01   9.9629568E-01    43 
    5.6884652E-01   4.4270121E-01   4.4270121E-01   6.1864365E-01   7.3208734E-01
    7.3208734E-01   6.5367118E-01   6.5367118E-01   8.0319764E-01   7.6104673E-01
    7.6104673E-01   7.2024072E-01   7.2024072E-01   1.0087613E+00   1.0087613E+00
    7.2925536E-01   7.7361876E-01   7.7361876E-01   6.9799150E-01   6.9799150E-01
    8.7841283E-01   7.7437120E-01   7.8646372E-01   7.3072086E-01   8.6472423E-01
    7.8284629E-01   7.4564892E-01   7.4016569E-01   8.7270932E-01   7.9328508E-01
    7.9175211E-01   7.8768656E-01   8.4261334E-01   7.9894400E-01   8.0027067E-01
    8.0304496E-01   8.2106108E-01   8.1222022E-01   8.1328975E-01   8.1365186E-01
    8.1744181E-01   8.0905042E-01   8.0878444E-01   8.0906987E-01   8.1839561E-01
    8.0988716E-01   8.0951720E-01   8.0915473E-01   8.2026385E-01

 1.5829409805E+02   1.7303311E-04   3.7019506E+13   2.8275364E+00   6.6225591E+08   1.0027825E-01   9.9682982E-01    44 
    7.0097363E-01   6.1397820E-01   6.1397820E-01   7.9679178E-01   8.8887463E-01
    8.8887463E-01   8.2941951E-01   8.2941951E-01   9.6624169E-01   9.2113550E-01
    9.2113550E-01   8.9979130E-01   8.9979130E-01   1.1471850E+00   1.1471850E+00
    8.9491763E-01   9.2989129E-01   9.2989129E-01   8.8556233E-01   8.8556233E-01
    1.0380685E+00   9.3853955E-01   9.4283110E-01   9.0798339E-01   1.0046024E+00
    9.4422919E-01   9.0425974E-01   9.1437657E-01   1.0185791E+00   9.4992311E-01
    9.4957136E-01   9.5144061E-01   9.9011923E-01   9.5476110E-01   9.5615654E-01
    9.5880236E-01   9.7079362E-01   9.6516187E-01   9.6596952E-01   9.6682031E-01
    9.6915756E-01   9.6271089E-01   9.6263903E-01   9.6298202E-01   9.6867821E-01
    9.6355804E-01   9.6343955E-01   9.6320363E-01   9.6963255E-01

 1.5775978467E+02   1.4037396E-02   4.3062083E+13   2.9955733E+00   7.7856077E+07   8.8964941E-02   9.9718695E-01    45 
    7.2428386E-01   6.9430759E-01   6.9430759E-01   8.5894246E-01   8.9714016E-01
    8.9714016E-01   8.8330438E-01   8.8330438E-01   9.6909299E-01   9.3263414E-01
    9.3263414E-01   9.3145653E-01   9.3145653E-01   1.1092016E+00   1.1092016E+00
    9.2187578E-01   9.4066465E-01   9.4066465E-01   9.3404332E-01   9.3404332E-01
    1.0436780E+00   9.6065054E-01   9.5218840E-01   9.4016612E-01   1.0021649E+00
    9.5597703E-01   9.1520797E-01   9.4202350E-01   1.0183791E+00   9.5992361E-01
    9.6120789E-01   9.7005797E-01   9.9445256E-01   9.6820981E-01   9.6969500E-01
    9.7329431E-01   9.8053292E-01   9.7670017E-01   9.7751980E-01   9.7940381E-01
    9.8094508E-01   9.7594715E-01   9.7611087E-01   9.7667887E-01   9.8049296E-01
    9.7719366E-01   9.7730528E-01   9.7737012E-01   9.8095863E-01

 1.5712322048E+02   8.4119626E-01   5.0009873E+13   3.1817756E+00   9.5848251E+06   8.0762245E-02   9.9744597E-01    46 
    7.6043835E-01   7.5538470E-01   7.5538470E-01   9.0283983E-01   9.0931098E-01
    9.0931098E-01   9.1992075E-01   9.1992075E-01   9.6555084E-01   9.4343654E-01
    9.4343654E-01   9.4443475E-01   9.4443475E-01   1.0718562E+00   1.0718562E+00
    9.4121839E-01   9.5313417E-01   9.5313417E-01   9.6342855E-01   9.6342855E-01
    1.0394832E+00   9.7972110E-01   9.6089361E-01   9.5724350E-01   9.9979885E-01
    9.6635562E-01   9.2915165E-01   9.5709390E-01   1.0185683E+00   9.6857108E-01
    9.7100011E-01   9.8248020E-01   9.9730637E-01   9.7806656E-01   9.7912772E-01
    9.8226296E-01   9.8687954E-01   9.8427407E-01   9.8493238E-01   9.8679473E-01
    9.8789672E-01   9.8387658E-01   9.8406906E-01   9.8460141E-01   9.8744617E-01
    9.8503230E-01   9.8522649E-01   9.8540621E-01   9.8762556E-01

 1.5634935246E+02   3.6909077E+01   5.8993299E+13   3.3861074E+00   1.2984041E+06   7.2413514E-02   9.9770967E-01    47 
    8.1192335E-01   8.1107873E-01   8.1107873E-01   9.3090454E-01   9.2965137E-01
    9.2965137E-01   9.4139900E-01   9.4139900E-01   9.6850906E-01   9.5732424E-01
    9.5732424E-01   9.5476163E-01   9.5476163E-01   1.0420078E+00   1.0420078E+00
    9.5780304E-01   9.6776680E-01   9.6776680E-01   9.7861094E-01   9.7861094E-01
    1.0280882E+00   9.8998608E-01   9.6896306E-01   9.6626836E-01   9.9493654E-01
    9.7751913E-01   9.4890248E-01   9.6758782E-01   1.0156171E+00   9.7875010E-01
    9.8150295E-01   9.9180847E-01   9.9844730E-01   9.8613518E-01   9.8665464E-01
    9.8850808E-01   9.9123070E-01   9.9004922E-01   9.9036304E-01   9.9159984E-01
    9.9229449E-01   9.8948488E-01   9.8961799E-01   9.8999074E-01   9.9186928E-01
    9.9025038E-01   9.9040784E-01   9.9056582E-01   9.9189380E-01

 1.5541635533E+02   1.4049680E+03   7.1884483E+13   3.6158874E+00   1.8610891E+05   6.1907685E-02   9.9804161E-01    48 
    8.6972414E-01   8.6961555E-01   8.6961555E-01   9.5607226E-01   9.5218487E-01
    9.5218487E-01   9.5306990E-01   9.5306990E-01   9.7802360E-01   9.7415742E-01
    9.7415742E-01   9.6878910E-01   9.6878910E-01   1.0171416E+00   1.0171416E+00
    9.7464520E-01   9.8276167E-01   9.8276167E-01   9.8605467E-01   9.8605467E-01
    1.0120763E+00   9.9261304E-01   9.7770028E-01   9.7475286E-01   9.8829375E-01
    9.8844360E-01   9.7039356E-01   9.7878703E-01   1.0075886E+00   9.8867434E-01
    9.9063526E-01   9.9766020E-01   9.9720804E-01   9.9231422E-01   9.9232257E-01
    9.9260100E-01   9.9356068E-01   9.9404468E-01   9.9397543E-01   9.9442736E-01
    9.9462685E-01   9.9363863E-01   9.9368887E-01   9.9384739E-01   9.9438165E-01
    9.9397730E-01   9.9403543E-01   9.9409082E-01   9.9437695E-01

 1.5433006085E+02   5.1612570E+04   9.1378788E+13   3.8812245E+00   2.7056556E+04   5.0045223E-02   9.9841656E-01    49 
    9.2302077E-01   9.2300643E-01   9.2300643E-01   9.7596727E-01   9.7141280E-01
    9.7141280E-01   9.6238963E-01   9.6238963E-01   9.8671535E-01   9.9267611E-01
    9.9267611E-01   9.8131418E-01   9.8131418E-01   9.9561470E-01   9.9561470E-01
    9.8927019E-01   9.9807393E-01   9.9807393E-01   9.9157455E-01   9.9157455E-01
    9.9477844E-01   9.9647024E-01   9.8783480E-01   9.8394400E-01   9.8325082E-01
    1.0002511E+00   9.9271647E-01   9.9075531E-01   9.9863846E-01   9.9610012E-01
    9.9652372E-01   9.9963299E-01   9.9500041E-01   9.9592784E-01   9.9538992E-01
    9.9447074E-01   9.9421472E-01   9.9602200E-01   9.9569565E-01   9.9551597E-01
    9.9531989E-01   9.9611789E-01   9.9607197E-01   9.9603313E-01   9.9537392E-01
    9.9614200E-01   9.9610257E-01   9.9604649E-01   9.9541800E-01

 1.5311704148E+02   1.6748072E+06   1.2117410E+14   4.1868367E+00   4.0487444E+03   3.8535516E-02   9.9878049E-01    50 
    9.5774683E-01   9.5774496E-01   9.5774496E-01   9.8385674E-01   9.8265343E-01
    9.8265343E-01   9.7781292E-01   9.7781292E-01   9.9054941E-01   1.0007182E+00
    1.0007182E+00   9.8794248E-01   9.8794248E-01   9.8786578E-01   9.8786578E-01
    9.9594136E-01   1.0040890E+00   1.0040890E+00   9.9450413E-01   9.9450413E-01
    9.8537852E-01   9.9789711E-01   9.9372066E-01   9.9019517E-01   9.8434591E-01
    1.0043350E+00   1.0024545E+00   9.9738018E-01   9.9433981E-01   9.9878345E-01
    9.9849226E-01   9.9913400E-01   9.9468067E-01   9.9715679E-01   9.9660513E-01
    9.9571483E-01   9.9524640E-01   9.9707308E-01   9.9680359E-01   9.9649758E-01
    9.9624301E-01   9.9756535E-01   9.9750730E-01   9.9740267E-01   9.9649173E-01
    9.9754872E-01   9.9748245E-01   9.9739727E-01   9.9656923E-01

 1.5181337991E+02   3.7657535E+07   1.6843697E+14   4.5352976E+00   6.5655317E+02   2.8252157E-02   9.9910577E-01    51 
    9.7639945E-01   9.7639925E-01   9.7639925E-01   9.9053677E-01   9.9031964E-01
    9.9031964E-01   9.8940932E-01   9.8940932E-01   9.9309971E-01   9.9554360E-01
    9.9554360E-01   9.9162342E-01   9.9162342E-01   9.9160211E-01   9.9160211E-01
    9.9542078E-01   9.9694593E-01   9.9694593E-01   9.9218127E-01   9.9218127E-01
    9.8540812E-01   9.9655742E-01   9.9515053E-01   9.9298255E-01   9.8850291E-01
    1.0008055E+00   1.0001869E+00   9.9799923E-01   9.9337526E-01   9.9767894E-01
    9.9736325E-01   9.9723481E-01   9.9500020E-01   9.9696774E-01   9.9668555E-01
    9.9625940E-01   9.9596355E-01   9.9722397E-01   9.9711512E-01   9.9689588E-01
    9.9673520E-01   9.9776517E-01   9.9773655E-01   9.9764412E-01   9.9699989E-01
    9.9781675E-01   9.9776667E-01   9.9769772E-01   9.9707892E-01

 1.5046774870E+02   4.9446471E+08   2.4457261E+14   4.9283986E+00   1.2031366E+02   1.9820156E-02   9.9937257E-01    52 
    9.8712870E-01   9.8712876E-01   9.8712876E-01   9.9474143E-01   9.9452913E-01
    9.9452913E-01   9.9412109E-01   9.9412109E-01   9.9506022E-01   9.9512722E-01
    9.9512722E-01   9.9531173E-01   9.9531173E-01   9.9486471E-01   9.9486471E-01
    9.9491209E-01   9.9375463E-01   9.9375463E-01   9.9290405E-01   9.9290405E-01
    9.9221807E-01   9.9612335E-01   9.9607784E-01   9.9533278E-01   9.9369893E-01
    9.9796761E-01   9.9767247E-01   9.9736152E-01   9.9512289E-01   9.9700293E-01
    9.9681294E-01   9.9665437E-01   9.9618827E-01   9.9715269E-01   9.9705701E-01
    9.9692338E-01   9.9680881E-01   9.9736600E-01   9.9734192E-01   9.9723858E-01
    9.9717952E-01   9.9759644E-01   9.9758314E-01   9.9753357E-01   9.9730097E-01
    9.9768271E-01   9.9765621E-01   9.9762154E-01   9.9734835E-01

 1.4912620670E+02   4.1965926E+09   3.6101464E+14   5.3691682E+00   2.4819739E+01   1.3673756E-02   9.9956710E-01    53 
    9.9372646E-01   9.9372653E-01   9.9372653E-01   9.9665077E-01   9.9662546E-01
    9.9662546E-01   9.9650876E-01   9.9650876E-01   9.9710619E-01   9.9723836E-01
    9.9723836E-01   9.9728622E-01   9.9728622E-01   9.9703985E-01   9.9703985E-01
    9.9698695E-01   9.9688863E-01   9.9688863E-01   9.9678820E-01   9.9678820E-01
    9.9685362E-01   9.9756892E-01   9.9786603E-01   9.9777344E-01   9.9732384E-01
    9.9821120E-01   9.9816367E-01   9.9820430E-01   9.9757410E-01   9.9799745E-01
    9.9792436E-01   9.9786569E-01   9.9784694E-01   9.9808000E-01   9.9805051E-01
    9.9801660E-01   9.9799375E-01   9.9811585E-01   9.9811429E-01   9.9808577E-01
    9.9807437E-01   9.9816257E-01   9.9815572E-01   9.9814204E-01   9.9810383E-01
    9.9819857E-01   9.9818992E-01   9.9817925E-01   9.9811864E-01

 1.4780298698E+02   2.5393936E+10   5.2950831E+14   5.8605276E+00   5.7132971E+00   9.4914943E-03   9.9969948E-01    54 
    9.9730835E-01   9.9730840E-01   9.9730840E-01   9.9818600E-01   9.9820060E-01
    9.9820060E-01   9.9819142E-01   9.9819142E-01   9.9865318E-01   9.9870263E-01
    9.9870263E-01   9.9869041E-01   9.9869041E-01   9.9859450E-01   9.9859450E-01
    9.9871785E-01   9.9882600E-01   9.9882600E-01   9.9883767E-01   9.9883767E-01
    9.9884856E-01   9.9902041E-01   9.9917105E-01   9.9914906E-01   9.9904078E-01
    9.9916999E-01   9.9917100E-01   9.9919013E-01   9.9905274E-01   9.9913031E-01
    9.9910995E-01   9.9909655E-01   9.9909926E-01   9.9913301E-01   9.9912592E-01
    9.9911908E-01   9.9911691E-01   9.9913296E-01   9.9913411E-01   9.9913095E-01
    9.9913046E-01   9.9914439E-01   9.9914244E-01   9.9914040E-01   9.9913788E-01
    9.9915291E-01   9.9915098E-01   9.9914901E-01   9.9914155E-01

 1.4648835974E+02   1.0248565E+11   7.7040619E+14   6.4052277E+00   1.4770062E+00   6.6419459E-03   9.9978969E-01    55 
    9.9885481E-01   9.9885485E-01   9.9885485E-01   9.9914026E-01   9.9915299E-01
    9.9915299E-01   9.9915692E-01   9.9915692E-01   9.9944343E-01   9.9946172E-01
    9.9946172E-01   9.9945195E-01   9.9945195E-01   9.9941855E-01   9.9941855E-01
    9.9956406E-01   9.9960215E-01   9.9960215E-01   9.9960540E-01   9.9960540E-01
    9.9960350E-01   9.9966678E-01   9.9970501E-01   9.9969233E-01   9.9967510E-01
    9.9969441E-01   9.9969220E-01   9.9969466E-01   9.9967809E-01   9.9969909E-01
    9.9969559E-01   9.9969302E-01   9.9969370E-01   9.9970178E-01   9.9970077E-01
    9.9969994E-01   9.9969997E-01   9.9970388E-01   9.9970452E-01   9.9970438E-01
    9.9970451E-01   9.9970804E-01   9.9970766E-01   9.9970732E-01   9.9970725E-01
    9.9971001E-01   9.9970969E-01   9.9970934E-01   9.9970841E-01

 1.4517167758E+02   2.5894677E+11   1.1182225E+15   7.0064680E+00   4.3206954E-01   4.6600324E-03   9.9985244E-01    56 
    9.9948080E-01   9.9948083E-01   9.9948083E-01   9.9960494E-01   9.9961139E-01
    9.9961139E-01   9.9961397E-01   9.9961397E-01   9.9976694E-01   9.9977290E-01
    9.9977290E-01   9.9976765E-01   9.9976765E-01   9.9975801E-01   9.9975801E-01
    9.9984087E-01   9.9985134E-01   9.9985134E-01   9.9985150E-01   9.9985150E-01
    9.9984987E-01   9.9986774E-01   9.9987563E-01   9.9987360E-01   9.9987386E-01
    9.9988325E-01   9.9988233E-01   9.9988236E-01   9.9988235E-01   9.9989274E-01
    9.9989170E-01   9.9989080E-01   9.9989071E-01   9.9989454E-01   9.9989450E-01
    9.9989444E-01   9.9989450E-01   9.9989644E-01   9.9989665E-01   9.9989663E-01
    9.9989665E-01   9.9989807E-01   9.9989799E-01   9.9989789E-01   9.9989784E-01
    9.9989869E-01   9.9989862E-01   9.9989852E-01   9.9989830E-01

 1.4383488414E+02   4.7259708E+11   1.6229048E+15   7.6773713E+00   1.4020628E-01   3.2712666E-03   9.9989642E-01    57 
    9.9974704E-01   9.9974707E-01   9.9974707E-01   9.9980169E-01   9.9980506E-01
    9.9980506E-01   9.9980697E-01   9.9980697E-01   9.9989024E-01   9.9989213E-01
    9.9989213E-01   9.9988980E-01   9.9988980E-01   9.9988755E-01   9.9988755E-01
    9.9992952E-01   9.9993329E-01   9.9993329E-01   9.9993362E-01   9.9993362E-01
    9.9993306E-01   9.9993944E-01   9.9994171E-01   9.9994199E-01   9.9994366E-01
    9.9994902E-01   9.9994931E-01   9.9994934E-01   9.9995021E-01   9.9995575E-01
    9.9995523E-01   9.9995481E-01   9.9995467E-01   9.9995667E-01   9.9995673E-01
    9.9995673E-01   9.9995675E-01   9.9995776E-01   9.9995784E-01   9.9995782E-01
    9.9995782E-01   9.9995846E-01   9.9995844E-01   9.9995840E-01   9.9995838E-01
    9.9995873E-01   9.9995870E-01   9.9995866E-01   9.9995859E-01

 1.4318321344E+02   5.9254295E+11   1.9342056E+15   8.0293404E+00   8.3958816E-02   2.7699433E-03   9.9991229E-01    58 
    9.9982580E-01   9.9982584E-01   9.9982584E-01   9.9986790E-01   9.9987039E-01
    9.9987039E-01   9.9987174E-01   9.9987174E-01   9.9992947E-01   9.9992993E-01
    9.9992993E-01   9.9992845E-01   9.9992845E-01   9.9992750E-01   9.9992750E-01
    9.9995559E-01   9.9995777E-01   9.9995777E-01   9.9995807E-01   9.9995807E-01
    9.9995778E-01   9.9996145E-01   9.9996268E-01   9.9996299E-01   9.9996436E-01
    9.9996782E-01   9.9996831E-01   9.9996837E-01   9.9996903E-01   9.9997285E-01
    9.9997241E-01   9.9997214E-01   9.9997202E-01   9.9997335E-01   9.9997340E-01
    9.9997339E-01   9.9997340E-01   9.9997407E-01   9.9997411E-01   9.9997409E-01
    9.9997409E-01   9.9997451E-01   9.9997449E-01   9.9997447E-01   9.9997445E-01
    9.9997468E-01   9.9997465E-01   9.9997463E-01   9.9997459E-01

 1.4285690744E+02   6.5658121E+11   2.1066623E+15   8.2116581E+00   6.5479970E-02   2.5548660E-03   9.9991910E-01    59 
    9.9981287E-01   9.9981292E-01   9.9981292E-01   9.9986690E-01   9.9986957E-01
    9.9986957E-01   9.9987080E-01   9.9987080E-01   9.9993232E-01   9.9993302E-01
    9.9993302E-01   9.9993164E-01   9.9993164E-01   9.9993019E-01   9.9993019E-01
    9.9995765E-01   9.9995978E-01   9.9995978E-01   9.9996012E-01   9.9996012E-01
    9.9995989E-01   9.9996366E-01   9.9996487E-01   9.9996523E-01   9.9996648E-01
    9.9996968E-01   9.9997022E-01   9.9997030E-01   9.9997097E-01   9.9997450E-01
    9.9997414E-01   9.9997392E-01   9.9997382E-01   9.9997510E-01   9.9997515E-01
    9.9997514E-01   9.9997515E-01   9.9997579E-01   9.9997583E-01   9.9997581E-01
    9.9997581E-01   9.9997620E-01   9.9997619E-01   9.9997617E-01   9.9997616E-01
    9.9997636E-01   9.9997634E-01   9.9997632E-01   9.9997628E-01

 1.4274798744E+02   6.7879237E+11   2.1668088E+15   8.2753700E+00   6.0044888E-02   2.4877539E-03   9.9992122E-01    60 
    9.9833167E-01   9.9836087E-01   9.9836087E-01   9.9917101E-01   9.9988686E-01
    9.9988686E-01   9.9917499E-01   9.9917499E-01   9.9999537E-01   1.0003279E+00
    1.0003279E+00   9.9987105E-01   9.9987105E-01   9.9903682E-01   9.9903682E-01
    1.0001646E+00   1.0002287E+00   1.0002287E+00   9.9993821E-01   9.9993821E-01
    9.9946223E-01   1.0000814E+00   1.0000741E+00   9.9992698E-01   9.9973171E-01
    1.0006343E+00   1.0006955E+00   1.0004474E+00   9.9988708E-01   1.0000061E+00
    9.9998709E-01   9.9995765E-01   9.9992061E-01   9.9993972E-01   9.9993690E-01
    9.9992711E-01   9.9992169E-01   9.9992916E-01   9.9992834E-01   9.9992396E-01
    9.9992218E-01   9.9992891E-01   9.9992862E-01   9.9992734E-01   9.9992253E-01
    9.9992831E-01   9.9992800E-01   9.9992723E-01   9.9992277E-01
