
 24-FEB-2004                           !Format date

 1.5917659126E+02     1.8168E+05       49       70

 2.8150938016E+04   1.1022187E-01   3.4142651E+05   9.1436768E-01   3.9440660E+00   1.9242056E+03   5.0000000E-02     1 
    2.6965281E-38   7.3863256E-40   7.3863256E-40   1.4754286E-24   4.1290309E-23
    4.1290309E-23   4.5494513E-23   4.5494513E-23   1.3899525E-14   5.6609943E-14
    5.6609943E-14   4.2594852E-14   4.2594852E-14   9.1299588E-14   9.1299588E-14
    5.3697930E-10   9.0656131E-10   9.0656131E-10   7.0517040E-10   7.0517040E-10
    1.5710267E-09   1.4141795E-07   1.7857877E-07   1.2601333E-07   3.2679108E-07
    4.1063301E-06   6.7915138E-07   2.8741054E-06   8.3213474E-06   3.5404024E-05
    4.0564411E-05   2.1922970E-05   6.8546864E-05   1.5589004E-04   1.4365068E-04
    8.8569624E-05   2.9118723E-04   4.5034439E-04   4.0044608E-04   2.4097179E-04
    8.1012309E-04   9.9124267E-04   8.2358455E-04   5.0493227E-04   1.6907578E-03
    1.8157623E-03   1.4807583E-03   8.9353030E-04   2.7591677E-03

 2.7860622033E+04   1.1264024E-01   3.4862754E+05   9.1572042E-01   3.9421494E+00   1.9239567E+03   5.0000000E-02     2 
    3.1783298E-38   8.7235658E-40   8.7235658E-40   1.5966509E-24   4.4469998E-23
    4.4469998E-23   4.8903537E-23   4.8903537E-23   1.4525411E-14   5.9036594E-14
    5.9036594E-14   4.4387756E-14   4.4387756E-14   9.5134977E-14   9.5134977E-14
    5.5241782E-10   9.3166606E-10   9.3166606E-10   7.2438809E-10   7.2438809E-10
    1.6137333E-09   1.4426943E-07   1.8207037E-07   1.2844351E-07   3.3306227E-07
    4.1682498E-06   6.8914386E-07   2.9158592E-06   8.4411440E-06   3.5822391E-05
    4.1033497E-05   2.2173500E-05   6.9320709E-05   1.5738648E-04   1.4500426E-04
    8.9395324E-05   2.9385395E-04   4.5396073E-04   4.0360568E-04   2.4285676E-04
    8.1630902E-04   9.9804265E-04   8.2915211E-04   5.0831998E-04   1.7017365E-03
    1.8266259E-03   1.4895029E-03   8.9876170E-04   2.7747016E-03

 2.7288636493E+04   1.1764262E-01   3.6349681E+05   9.1847011E-01   3.9383263E+00   1.9234502E+03   5.0000000E-02     3 
    4.4349256E-38   1.2216620E-39   1.2216620E-39   1.8732944E-24   5.1670208E-23
    5.1670208E-23   5.6603843E-23   5.6603843E-23   1.5879614E-14   6.4270907E-14
    6.4270907E-14   4.8250346E-14   4.8250346E-14   1.0339682E-13   1.0339682E-13
    5.8503444E-10   9.8462239E-10   9.8462239E-10   7.6489871E-10   7.6489871E-10
    1.7037475E-09   1.5021781E-07   1.8934751E-07   1.3350635E-07   3.4612511E-07
    4.2964505E-06   7.0982406E-07   3.0022354E-06   8.6889122E-06   3.6684427E-05
    4.1999689E-05   2.2689407E-05   7.0913857E-05   1.6045983E-04   1.4778350E-04
    9.1090411E-05   2.9932679E-04   4.6137036E-04   4.1007869E-04   2.4671790E-04
    8.2897593E-04   1.0119528E-03   8.4053943E-04   5.1524768E-04   1.7241799E-03
    1.8488213E-03   1.5073674E-03   9.0944733E-04   2.8064178E-03

 2.6181248888E+04   1.2832609E-01   3.9512041E+05   9.2417520E-01   3.9305412E+00   1.9224080E+03   5.0000000E-02     4 
    8.8191325E-38   2.4416411E-39   2.4416411E-39   2.6018591E-24   7.0340193E-23
    7.0340193E-23   7.6456186E-23   7.6456186E-23   1.9073773E-14   7.6537376E-14
    7.6537376E-14   5.7280677E-14   5.7280677E-14   1.2270716E-13   1.2270716E-13
    6.5828218E-10   1.1031688E-09   1.1031688E-09   8.5545919E-10   8.5545919E-10
    1.9049224E-09   1.6323280E-07   2.0524028E-07   1.4455389E-07   3.7462000E-07
    4.5726564E-06   7.5433480E-07   3.1880122E-06   9.2215644E-06   3.8523405E-05
    4.4059304E-05   2.3788648E-05   7.4306636E-05   1.6697253E-04   1.5366990E-04
    9.4679352E-05   3.1090681E-04   4.7699625E-04   4.2372584E-04   2.5485601E-04
    8.5565540E-04   1.0411904E-03   8.6446720E-04   5.2979933E-04   1.7712892E-03
    1.8953554E-03   1.5448140E-03   9.3183956E-04   2.8728231E-03

 2.4102304136E+04   1.5273482E-01   4.6677549E+05   9.3634005E-01   3.9144211E+00   1.9202109E+03   5.0000000E-02     5 
    3.7440259E-37   1.0395036E-38   1.0395036E-38   5.1731841E-24   1.3407986E-22
    1.3407986E-22   1.4339986E-22   1.4339986E-22   2.7988154E-14   1.1030563E-13
    1.1030563E-13   8.2014855E-14   8.2014855E-14   1.7556948E-13   1.7556948E-13
    8.4259599E-10   1.3994600E-09   1.3994600E-09   1.0811554E-09   1.0811554E-09
    2.4060324E-09   1.9423980E-07   2.4295583E-07   1.7072476E-07   4.4207550E-07
    5.2097607E-06   8.5677026E-07   3.6149924E-06   1.0444598E-05   4.2678513E-05
    4.8705491E-05   2.6266021E-05   8.1944669E-05   1.8148388E-04   1.6677108E-04
    1.0266168E-04   3.3662752E-04   5.1146468E-04   4.5381188E-04   2.7278647E-04
    9.1435014E-04   1.1052389E-03   9.1684890E-04   5.6163377E-04   1.8741917E-03
    1.9967555E-03   1.6263757E-03   9.8058435E-04   3.0171144E-03

 2.0427658892E+04   2.1682870E-01   6.5155885E+05   9.6386107E-01   3.8788907E+00   1.9152801E+03   5.0000000E-02     6 
    8.8687463E-36   2.4096173E-37   2.4096173E-37   2.2984533E-23   5.4370138E-22
    5.4370138E-22   5.6136648E-22   5.6136648E-22   6.4340377E-14   2.4382317E-13
    2.4382317E-13   1.7875232E-13   1.7875232E-13   3.8206484E-13   3.8206484E-13
    1.4402215E-09   2.3459894E-09   2.3459894E-09   1.7976178E-09   1.7976178E-09
    3.9949185E-09   2.8342322E-07   3.5050879E-07   2.4506992E-07   6.3340131E-07
    6.9176184E-06   1.1297623E-06   4.7506326E-06   1.3690477E-05   5.3328537E-05
    6.0571692E-05   3.2580658E-05   1.0136624E-04   2.1757173E-04   1.9927217E-04
    1.2243513E-04   4.0014845E-04   5.9534708E-04   5.2692346E-04   3.1630748E-04
    1.0563365E-03   1.2587828E-03   1.0422299E-03   6.3773814E-04   2.1193216E-03
    2.2370675E-03   1.8194319E-03   1.0958656E-03   3.3569679E-03

 1.4834366275E+04   4.2725100E-01   1.2437030E+06   1.0266723E+00   3.8148308E+00   1.9030866E+03   5.0000000E-02     7 
    6.7999980E-33   1.6814592E-34   1.6814592E-34   5.1380480E-22   1.0055125E-20
    1.0055125E-20   9.6373368E-21   9.6373368E-21   3.6491151E-13   1.2745692E-12
    1.2745692E-12   9.0691392E-13   9.0691392E-13   1.9320322E-12   1.9320322E-12
    4.4079276E-09   6.8952612E-09   6.8952612E-09   5.1924786E-09   5.1924786E-09
    1.1503244E-08   6.2403991E-07   7.5369838E-07   5.2140356E-07   1.3419462E-06
    1.2516255E-05   2.0141018E-06   8.4101785E-06   2.4098691E-05   8.5024604E-05
    9.5618854E-05   5.1148519E-05   1.5815696E-04   3.1824055E-04   2.8943419E-04
    1.7713062E-04   5.7462250E-04   8.1880767E-04   7.2103438E-04   4.3155577E-04
    1.4294299E-03   1.6548710E-03   1.3645095E-03   8.3291254E-04   2.7427162E-03
    2.8417381E-03   2.3042761E-03   1.3847503E-03   4.2005741E-03

 1.0784539179E+04   8.3963066E-01   2.3747731E+06   1.0945571E+00   3.7631146E+00   1.8862026E+03   5.0000000E-02     8 
    3.6959364E-30   8.5917255E-32   8.5917255E-32   9.9252291E-21   1.6248987E-19
    1.6248987E-19   1.4470317E-19   1.4470317E-19   1.9108746E-12   6.1747491E-12
    6.1747491E-12   4.2683320E-12   4.2683320E-12   9.0631959E-12   9.0631959E-12
    1.2831710E-08   1.9317099E-08   1.9317099E-08   1.4298505E-08   1.4298505E-08
    3.1572134E-08   1.3278014E-06   1.5678691E-06   1.0734672E-06   2.7503241E-06
    2.2092534E-05   3.5050210E-06   1.4534783E-05   4.1401863E-05   1.3305369E-04
    1.4823207E-04   7.8852932E-05   2.4223393E-04   4.5881991E-04   4.1447952E-04
    2.5268037E-04   8.1322329E-04   1.1131142E-03   9.7568319E-04   5.8209828E-04
    1.9116040E-03   2.1555999E-03   1.7701710E-03   1.0777204E-03   3.5154183E-03
    3.5813175E-03   2.8966734E-03   1.7365648E-03   5.2132890E-03

 7.8581279510E+03   1.6336291E+00   4.5288081E+06   1.1565290E+00   3.7300578E+00   1.8632818E+03   5.0000000E-02     9 
    5.4282967E-28   1.3529824E-29   1.3529824E-29   1.0971902E-19   1.5582934E-18
    1.5582934E-18   1.3034160E-18   1.3034160E-18   7.3340891E-12   2.2247186E-11
    2.2247186E-11   1.5016595E-11   1.5016595E-11   3.1797025E-11   3.1797025E-11
    3.0600244E-08   4.4664259E-08   4.4664259E-08   3.2583268E-08   3.2583268E-08
    7.1737753E-08   2.4561222E-06   2.8474528E-06   1.9330805E-06   4.9320161E-06
    3.5123542E-05   5.5080493E-06   2.2708964E-05   6.4350204E-05   1.9186880E-04
    2.1216167E-04   1.1232422E-04   3.4302512E-04   6.1923097E-04   5.5627747E-04
    3.3801041E-04   1.0801388E-03   1.4320840E-03   1.2507664E-03   7.4399277E-04
    2.4248454E-03   2.6791246E-03   2.1929802E-03   1.3319155E-03   4.3090155E-03
    4.3321895E-03   3.4976244E-03   2.0927579E-03   6.2227327E-03

 5.7408372007E+03   3.1354929E+00   8.6302641E+06   1.2066015E+00   3.7181169E+00   1.8322782E+03   5.0000000E-02    10 
    1.7828815E-26   5.5347049E-28   5.5347049E-28   6.3987745E-19   8.2089319E-18
    8.2089319E-18   6.5394050E-18   6.5394050E-18   1.9695854E-11   5.7033538E-11
    5.7033538E-11   3.7824769E-11   3.7824769E-11   7.9920159E-11   7.9920159E-11
    5.7976398E-08   8.2738684E-08   8.2738684E-08   5.9697413E-08   5.9697413E-08
    1.3113935E-07   3.8628813E-06   4.4184140E-06   2.9809365E-06   7.5796432E-06
    4.9439009E-05   7.6854711E-06   3.1552846E-05   8.9054114E-05   2.5143963E-04
    2.7657905E-04   1.4588889E-04   4.4339859E-04   7.7321542E-04   6.9173165E-04
    4.1916014E-04   1.3322060E-03   1.7262358E-03   1.5035264E-03   8.9234091E-04
    2.8907779E-03   3.1479374E-03   2.5710637E-03   1.5587091E-03   5.0108569E-03
    4.9904206E-03   4.0237197E-03   2.4042714E-03   7.0938857E-03

 4.2110190837E+03   5.9279229E+00   1.6413294E+07   1.2455347E+00   3.7247360E+00   1.7907724E+03   5.0000000E-02    11 
    1.8685524E-25   8.0800277E-27   8.0800277E-27   2.2888263E-18   2.7319808E-17
    2.7319808E-17   2.0977744E-17   2.0977744E-17   4.0238700E-11   1.1267653E-10
    1.1267653E-10   7.3783853E-11   7.3783853E-11   1.5563490E-10   1.5563490E-10
    9.2072132E-08   1.2929255E-07   1.2929255E-07   9.2531185E-08   9.2531185E-08
    2.0293359E-07   5.3629826E-06   6.0748478E-06   4.0797590E-06   1.0348007E-05
    6.3359458E-05   9.7848924E-06   4.0055292E-05   1.1272751E-04   3.0606834E-04
    3.3544098E-04   1.7644258E-04   5.3431161E-04   9.0889381E-04   8.1075163E-04
    4.9011685E-04   1.5519154E-03   1.9783552E-03   1.7190963E-03   1.0188342E-03
    3.2848642E-03   3.5403322E-03   2.8868086E-03   1.7485735E-03   5.5928208E-03
    5.5341805E-03   4.4576605E-03   2.6606247E-03   7.8054224E-03

 3.1064698613E+03   1.1035119E+01   3.1113416E+07   1.2774223E+00   3.7477516E+00   1.7360299E+03   5.0000000E-02    12 
    1.0038356E-24   6.4314803E-26   6.4314803E-26   6.1422688E-18   6.9308809E-17
    6.9308809E-17   5.1735566E-17   5.1735566E-17   6.9982903E-11   1.9096967E-10
    1.9096967E-10   1.2384323E-10   1.2384323E-10   2.6083909E-10   2.6083909E-10
    1.3177995E-07   1.8275117E-07   1.8275117E-07   1.2997713E-07   1.2997713E-07
    2.8471564E-07   6.9177704E-06   7.7773230E-06   5.2041385E-06   1.3176935E-05
    7.6837621E-05   1.1804132E-05   4.8213679E-05   1.3540781E-04   3.5676068E-04
    3.8974190E-04   2.0455773E-04   6.1781337E-04   1.0306195E-03   9.1733240E-04
    5.5352884E-04   1.7477936E-03   2.2005063E-03   1.9083798E-03   1.1298779E-03
    3.6288943E-03   3.8801474E-03   3.1591434E-03   1.9131235E-03   6.0917555E-03
    6.0009998E-03   4.8300340E-03   2.8799058E-03   8.4122328E-03

 2.3076576656E+03   2.0228937E+01   5.8776047E+07   1.3061136E+00   3.7871458E+00   1.6653762E+03   5.0000000E-02    13 
    3.9156881E-24   3.8069239E-25   3.8069239E-25   1.4346166E-17   1.5397478E-16
    1.5397478E-16   1.1234202E-16   1.1234202E-16   1.1257545E-10   3.0051679E-10
    3.0051679E-10   1.9328272E-10   1.9328272E-10   4.0650634E-10   4.0650634E-10
    1.7935145E-07   2.4602532E-07   2.4602532E-07   1.7408079E-07   1.7408079E-07
    3.8097627E-07   8.6116029E-06   9.6194622E-06   6.4162965E-06   1.6224390E-05
    9.0750134E-05   1.3879367E-05   5.6566012E-05   1.5858763E-04   4.0728430E-04
    4.4343577E-04   2.3232167E-04   7.0013563E-04   1.1484689E-03   1.0202180E-03
    6.1486915E-04   1.9361027E-03   2.4120705E-03   2.0890078E-03   1.2355600E-03
    3.9551612E-03   4.2008338E-03   3.4152755E-03   2.0677776E-03   6.5578920E-03
    6.4373339E-03   5.1789593E-03   3.0849478E-03   8.9764777E-03

 1.7283118603E+03   3.6510571E+01   1.1064298E+08   1.3339960E+00   3.8442755E+00   1.5772221E+03   5.0000000E-02    14 
    1.3422827E-23   1.9823777E-24   1.9823777E-24   3.1647838E-17   3.2336100E-16
    3.2336100E-16   2.3138163E-16   2.3138163E-16   1.7529589E-10   4.5855536E-10
    4.5855536E-10   2.9264403E-10   2.9264403E-10   6.1461989E-10   6.1461989E-10
    2.3905849E-07   3.2454886E-07   3.2454886E-07   2.2859111E-07   2.2859111E-07
    4.9988154E-07   1.0564863E-05   1.1730668E-05   7.8010015E-06   1.9702212E-05
    1.0603891E-04   1.6157733E-05   6.5686634E-05   1.8377171E-04   4.6088786E-04
    5.0021571E-04   2.6166196E-04   7.8672277E-04   1.2709481E-03   1.1268227E-03
    6.7860432E-04   2.1301127E-03   2.6281943E-03   2.2740753E-03   1.3436563E-03
    4.2870052E-03   4.5264031E-03   3.6753544E-03   2.2239677E-03   7.0276977E-03
    6.8759633E-03   5.5299794E-03   3.2912355E-03   9.5393233E-03

 1.3054869145E+03   6.4832338E+01   2.0840573E+08   1.3615369E+00   3.9291356E+00   1.4675671E+03   5.0000000E-02    15 
    4.2046008E-23   9.3703383E-24   9.3703383E-24   6.7158713E-17   6.5303724E-16
    6.5303724E-16   4.5938208E-16   4.5938208E-16   2.6682165E-10   6.8487516E-10
    6.8487516E-10   4.3372189E-10   4.3372189E-10   9.0978834E-10   9.0978834E-10
    3.1406713E-07   4.2212511E-07   4.2212511E-07   2.9610280E-07   2.9610280E-07
    6.4697172E-07   1.2832733E-05   1.4167341E-05   9.3946067E-06   2.3697083E-05
    1.2294529E-04   1.8684164E-05   7.5757262E-05   2.1135904E-04   5.1821270E-04
    5.6106121E-04   2.9309825E-04   8.7895530E-04   1.4001321E-03   1.2390343E-03
    7.4569636E-04   2.3331549E-03   2.8525898E-03   2.4656909E-03   1.4560043E-03
    4.6295126E-03   4.8612271E-03   3.9436078E-03   2.3847418E-03   7.5095418E-03
    7.3237279E-03   5.8873533E-03   3.5017726E-03   1.0111774E-02

 9.9646086706E+02   1.1267605E+02   3.9383146E+08   1.3861857E+00   4.0559705E+00   1.3328832E+03   5.0000000E-02    16 
    1.0401467E-22   3.5255976E-23   3.5255976E-23   1.2889024E-16   1.1967474E-15
    1.1967474E-15   8.3065441E-16   8.3065441E-16   3.8333085E-10   9.6846490E-10
    9.6846490E-10   6.0891474E-10   6.0891474E-10   1.2760847E-09   1.2760847E-09
    3.9759438E-07   5.2967123E-07   5.2967123E-07   3.7034090E-07   3.7034090E-07
    8.0837576E-07   1.5188315E-05   1.6684313E-05   1.1034816E-05   2.7795667E-05
    1.3967808E-04   2.1191497E-05   8.5733884E-05   2.3852940E-04   5.7342871E-04
    6.1988426E-04   3.2348310E-04   9.6772368E-04   1.5230900E-03   1.3457757E-03
    8.0940026E-04   2.5255903E-03   3.0636633E-03   2.6450132E-03   1.5618886E-03
    4.9498950E-03   5.1730266E-03   4.1931840E-03   2.5354788E-03   7.9574489E-03
    7.7384204E-03   6.2185885E-03   3.6978218E-03   1.0644418E-02

 7.7110114525E+02   1.8985521E+02   7.4883423E+08   1.4109404E+00   4.2556591E+00   1.1704626E+03   5.0000000E-02    17 
    2.4818950E-22   1.2805750E-22   1.2805750E-22   2.4242929E-16   2.1534753E-15
    2.1534753E-15   1.4776911E-15   1.4776911E-15   5.4485644E-10   1.3562749E-09
    1.3562749E-09   8.4619410E-10   8.4619410E-10   1.7719845E-09   1.7719845E-09
    5.0019779E-07   6.6049690E-07   6.6049690E-07   4.6032235E-07   4.6032235E-07
    1.0034583E-06   1.7899877E-05   1.9569398E-05   1.2903403E-05   3.2450937E-05
    1.5811046E-04   2.3946877E-05   9.6673557E-05   2.6835031E-04   6.3290264E-04
    6.8318165E-04   3.5616146E-04   1.0630767E-03   1.6532042E-03   1.4587247E-03
    8.7704791E-04   2.7286928E-03   3.2852418E-03   2.8332049E-03   1.6737543E-03
    5.2840222E-03   5.4976493E-03   4.4524895E-03   2.6937488E-03   8.4222147E-03
    8.1686145E-03   6.5635676E-03   3.9030533E-03   1.1198126E-02

 6.0831122987E+02   3.1268626E+02   1.4161354E+09   1.4562913E+00   4.4926972E+00   9.9434721E+02   5.0000000E-02    18 
    1.7823254E-21   1.2594987E-21   1.2594987E-21   7.1844150E-16   5.9875232E-15
    5.9875232E-15   4.0325826E-15   4.0325826E-15   1.0064622E-09   2.4388046E-09
    2.4388046E-09   1.5017162E-09   1.5017162E-09   3.1406545E-09   3.1406545E-09
    7.4664550E-07   9.7105895E-07   9.7105895E-07   6.7228516E-07   6.7228516E-07
    1.4621327E-06   2.3816264E-05   2.5826949E-05   1.6943482E-05   4.2493223E-05
    1.9635487E-04   2.9608953E-05   1.1909682E-04   3.2950804E-04   7.5219190E-04
    8.0904253E-04   4.2108862E-04   1.2516089E-03   1.9068650E-03   1.6783526E-03
    1.0086362E-03   3.1201253E-03   3.7098870E-03   3.1937614E-03   1.8876014E-03
    5.9180939E-03   6.1119703E-03   4.9435049E-03   2.9922230E-03   9.2913608E-03
    8.9743782E-03   7.2062625E-03   4.2863324E-03   1.2220751E-02

 4.9002538430E+02   4.9820063E+02   2.6652078E+09   1.5143285E+00   4.7875512E+00   8.1399995E+02   5.0000000E-02    19 
    2.1261676E-20   1.8262066E-20   1.8262066E-20   2.6215197E-15   2.0247741E-14
    2.0247741E-14   1.3366994E-14   1.3366994E-14   2.0948406E-09   4.9121242E-09
    4.9121242E-09   2.9792797E-09   2.9792797E-09   6.2215245E-09   6.2215245E-09
    1.2047104E-06   1.5392225E-06   1.5392225E-06   1.0569869E-06   1.0569869E-06
    2.2926293E-06   3.3488146E-05   3.5964695E-05   2.3474412E-05   5.8665438E-05
    2.5461880E-04   3.8177037E-05   1.5291371E-04   4.2129055E-04   9.2526465E-04
    9.9079725E-04   5.1491072E-04   1.5215003E-03   2.2637639E-03   1.9865579E-03
    1.1933800E-03   3.6637816E-03   4.2934203E-03   3.6883782E-03   2.1828806E-03
    6.7806141E-03   6.9432553E-03   5.6073965E-03   3.3975654E-03   1.0455196E-02
    1.0052148E-02   8.0622733E-03   4.8018696E-03   1.3579183E-02

 4.0362751671E+02   7.4884595E+02   5.0342215E+09   1.5970559E+00   5.2455801E+00   6.3497966E+02   5.0000001E-02    20 
    6.5023000E-19   5.6920494E-19   5.6920494E-19   1.4251967E-14   9.8736837E-14
    9.8736837E-14   6.3407939E-14   6.3407939E-14   5.4444658E-09   1.2217665E-08
    1.2217665E-08   7.2717785E-09   7.2717785E-09   1.5154760E-08   1.5154760E-08
    2.2456438E-06   2.8054520E-06   2.8054520E-06   1.9062052E-06   1.9062052E-06
    4.1203987E-06   5.2244664E-05   5.5386522E-05   3.5922411E-05   8.9351928E-05
    3.5756150E-04   5.3224519E-05   2.1207310E-04   5.8043754E-04   1.2129107E-03
    1.2920398E-03   6.6998494E-04   1.9636209E-03   2.8346852E-03   2.4782029E-03
    1.4879790E-03   4.5206334E-03   5.2009538E-03   4.4558374E-03   2.6440327E-03
    8.1009871E-03   8.2094479E-03   6.6150445E-03   4.0167634E-03   1.2201938E-02
    1.1667979E-02   9.3426318E-03   5.5788336E-03   1.5587801E-02

 3.4068649905E+02   9.8415084E+02   9.4985317E+09   1.6595714E+00   6.0888022E+00   4.7214296E+02   5.0000139E-02    21 
    6.1726478E-18   5.7000666E-18   5.7000666E-18   4.5824865E-14   2.9383084E-13
    2.9383084E-13   1.8498631E-13   1.8498631E-13   1.0546127E-08   2.2942630E-08
    2.2942630E-08   1.3489127E-08   1.3489127E-08   2.8070502E-08   2.8070502E-08
    3.4560096E-06   4.2532731E-06   4.2532731E-06   2.8696724E-06   2.8696724E-06
    6.1872927E-06   7.1162172E-05   7.4763309E-05   4.8303642E-05   1.1969433E-04
    4.5277543E-04   6.7084975E-05   2.6661106E-04   7.2553067E-04   1.4647247E-03
    1.5549697E-03   8.0612696E-04   2.3469651E-03   3.3180170E-03   2.8934997E-03
    1.7411101E-03   5.2378996E-03   5.9519163E-03   5.0898938E-03   3.0398692E-03
    9.1792748E-03   9.2391399E-03   7.4328691E-03   4.5357882E-03   1.3613765E-02
    1.2965384E-02   1.0366611E-02   6.2266814E-03   1.7211829E-02

 2.9478753670E+02   1.0750583E+03   1.7866842E+10   1.7540377E+00   7.7282142E+00   3.3497119E+02   5.0013444E-02    22 
    1.8033540E-16   1.8303881E-16   1.8303881E-16   2.3009198E-13   1.3197591E-12
    1.3197591E-12   8.1356428E-13   8.1356428E-13   2.6264742E-08   5.4682121E-08
    5.4682121E-08   3.1597724E-08   3.1597724E-08   6.5584549E-08   6.5584549E-08
    6.2687337E-06   7.5557223E-06   7.5557223E-06   5.0445946E-06   5.0445946E-06
    1.0833117E-05   1.0913324E-04   1.1323990E-04   7.2690583E-05   1.7908074E-04
    6.2776898E-04   9.2315447E-05   3.6568699E-04   9.8710794E-04   1.9028578E-03
    2.0095373E-03   1.0411052E-03   3.0011934E-03   4.1274331E-03   3.5864071E-03
    2.1648719E-03   6.4170159E-03   7.1749748E-03   6.1202318E-03   3.6924057E-03
    1.0903469E-02   1.0880720E-02   8.7350633E-03   5.3685028E-03   1.5829005E-02
    1.4996413E-02   1.1960279E-02   7.2566821E-03   1.9720109E-02

 2.6275552469E+02   8.7382755E+02   3.2232911E+10   1.8367553E+00   1.1198692E+01   2.3167206E+02   5.0420656E-02    23 
    2.8639407E-15   2.9708515E-15   2.9708515E-15   8.2673996E-13   4.3172662E-12
    4.3172662E-12   2.6300745E-12   2.6300745E-12   5.4243145E-08   1.0899934E-07
    1.0899934E-07   6.2091753E-08   6.2091753E-08   1.2859931E-07   1.2859931E-07
    1.0070974E-05   1.1937233E-05   1.1937233E-05   7.9009990E-06   7.9009990E-06
    1.6910243E-05   1.5345350E-04   1.5774287E-04   1.0071142E-04   2.4683045E-04
    8.1511315E-04   1.1913515E-04   4.7093069E-04   1.2620160E-03   2.3462703E-03
    2.4676870E-03   1.2793100E-03   3.6526020E-03   4.9171979E-03   4.2619476E-03
    2.5878954E-03   7.5484663E-03   8.3375916E-03   7.0990868E-03   4.3542689E-03
    1.2514229E-02   1.2409091E-02   9.9430696E-03   6.1819074E-03   1.7875052E-02
    1.6845096E-02   1.3395770E-02   8.2633455E-03   2.2030587E-02

 2.4066635977E+02   5.1791762E+02   5.1293202E+10   1.9052356E+00   1.8115064E+01   1.6038042E+02   5.4528759E-02    24 
    2.8369681E-14   2.8437645E-14   2.8437645E-14   2.1966865E-12   1.0596830E-11
    1.0596830E-11   6.4409206E-12   6.4409206E-12   9.4411682E-08   1.8474692E-07
    1.8474692E-07   1.0402497E-07   1.0402497E-07   2.1510347E-07   2.1510347E-07
    1.4479648E-05   1.6942556E-05   1.6942556E-05   1.1138586E-05   1.1138586E-05
    2.3775063E-05   1.9920054E-04   2.0341927E-04   1.2933680E-04   3.1561535E-04
    9.9588940E-04   1.4498577E-04   5.7212847E-04   1.5235824E-03   2.7557546E-03
    2.8901539E-03   1.5006773E-03   4.2473389E-03   5.6268499E-03   4.8683827E-03
    2.9795189E-03   8.5506811E-03   9.3610130E-03   7.9608773E-03   4.9832416E-03
    1.3910186E-02   1.3728916E-02   1.0982132E-02   6.9265343E-03   1.9637172E-02
    1.8405614E-02   1.4596652E-02   9.1887391E-03   2.4013446E-02

 2.2447845340E+02   2.3841147E+02   6.3174254E+10   1.9496781E+00   2.9250172E+01   1.1084510E+02   7.3608940E-02    25 
    1.4968404E-13   1.5629640E-13   1.5629640E-13   4.0099659E-12   1.8109316E-11
    1.8109316E-11   1.1168783E-11   1.1168783E-11   1.3250112E-07   2.5520323E-07
    2.5520323E-07   1.4268095E-07   1.4268095E-07   2.9472293E-07   2.9472293E-07
    1.8084333E-05   2.0993224E-05   2.0993224E-05   1.3750125E-05   1.3750125E-05
    2.9291675E-05   2.3370832E-04   2.3770769E-04   1.5084751E-04   3.6694501E-04
    1.1259893E-03   1.6351007E-04   6.4523555E-04   1.7102244E-03   3.0406052E-03
    3.1840408E-03   1.6569705E-03   4.6599790E-03   6.1141777E-03   5.2842560E-03
    3.2536514E-03   9.2334893E-03   1.0055685E-02   8.5469848E-03   5.4201943E-03
    1.4852571E-02   1.4619999E-02   1.1688213E-02   7.4426594E-03   2.0822981E-02
    1.9459056E-02   1.5409929E-02   9.8262260E-03   2.5368836E-02

 2.1205835891E+02   7.7637006E+01   6.0720527E+10   1.9708391E+00   4.8522466E+01   7.6327633E+01   1.2460500E-01    26 
    4.9012037E-13   5.6514446E-13   5.6514446E-13   5.3404486E-12   2.2744406E-11
    2.2744406E-11   1.4435159E-11   1.4435159E-11   1.5480652E-07   2.9596607E-07
    2.9596607E-07   1.6503626E-07   1.6503626E-07   3.4068863E-07   3.4068863E-07
    2.0023778E-05   2.3155286E-05   2.3155286E-05   1.5152945E-05   1.5152945E-05
    3.2242664E-05   2.5144727E-04   2.5521998E-04   1.6200207E-04   3.9331015E-04
    1.1912439E-03   1.7262142E-04   6.8266209E-04   1.8037534E-03   3.1791246E-03
    3.3272916E-03   1.7356823E-03   4.8644631E-03   6.3537531E-03   5.4884195E-03
    3.3861185E-03   9.5722045E-03   1.0400039E-02   8.8386050E-03   5.6065984E-03
    1.5328341E-02   1.5076708E-02   1.2060273E-02   7.6879980E-03   2.1421519E-02
    2.0032484E-02   1.5862395E-02   1.0116589E-02   2.6099127E-02

 2.0204374243E+02   1.7191112E+01   5.6222088E+10   1.9712251E+00   8.9866112E+01   5.2194454E+01   2.1677521E-01    27 
    9.9045487E-13   1.3007408E-12   1.3007408E-12   5.5050485E-12   2.2250527E-11
    2.2250527E-11   1.4486676E-11   1.4486676E-11   1.5520270E-07   2.9667382E-07
    2.9667382E-07   1.6556495E-07   1.6556495E-07   3.4172636E-07   3.4172636E-07
    2.0053520E-05   2.3185822E-05   2.3185822E-05   1.5191322E-05   1.5191322E-05
    3.2312020E-05   2.5166641E-04   2.5545237E-04   1.6244715E-04   3.9401950E-04
    1.1922409E-03   1.7269059E-04   6.8499404E-04   1.8065413E-03   3.1786913E-03
    3.3283011E-03   1.7418764E-03   4.8725811E-03   6.3614821E-03   5.4962768E-03
    3.3984937E-03   9.5914027E-03   1.0419177E-02   8.8587415E-03   5.6160820E-03
    1.5371047E-02   1.5122813E-02   1.2110974E-02   7.7248412E-03   2.1494715E-02
    2.0125717E-02   1.5945337E-02   1.0157306E-02   2.6269154E-02

 1.9248180275E+02   3.0400335E+00   5.7904429E+10   1.9662931E+00   1.5533548E+02   3.5133940E+01   3.4451521E-01    28 
    1.4316052E-12   2.0995329E-12   2.0995329E-12   5.3174587E-12   2.0790139E-11
    2.0790139E-11   1.3492564E-11   1.3492564E-11   1.4977230E-07   2.8683643E-07
    2.8683643E-07   1.6029741E-07   1.6029741E-07   3.3084776E-07   3.3084776E-07
    1.9588971E-05   2.2674112E-05   2.2674112E-05   1.4878647E-05   1.4878647E-05
    3.1640075E-05   2.4739238E-04   2.5138763E-04   1.6022551E-04   3.8826943E-04
    1.1769291E-03   1.7086016E-04   6.7890825E-04   1.7868950E-03   3.1433721E-03
    3.2950616E-03   1.7322013E-03   4.8329757E-03   6.3121976E-03   5.4582534E-03
    3.3926359E-03   9.5332666E-03   1.0358714E-02   8.8159482E-03   5.6235195E-03
    1.5308787E-02   1.5064790E-02   1.2081223E-02   7.7467864E-03   2.1454990E-02
    2.0084902E-02   1.5932272E-02   1.0193760E-02   2.6333448E-02

 1.8404949995E+02   6.6028274E-01   6.6242031E+10   1.9759406E+00   1.9759842E+02   2.5006041E+01   4.6278517E-01    29 
    2.1244776E-12   3.2356699E-12   3.2356699E-12   6.0537594E-12   2.3398927E-11
    2.3398927E-11   1.5003320E-11   1.5003320E-11   1.6081913E-07   3.0711799E-07
    3.0711799E-07   1.7141402E-07   1.7141402E-07   3.5367136E-07   3.5367136E-07
    2.0526257E-05   2.3731976E-05   2.3731976E-05   1.5571460E-05   1.5571460E-05
    3.3086557E-05   2.5577767E-04   2.5992418E-04   1.6588647E-04   4.0121223E-04
    1.2077596E-03   1.7589205E-04   6.9887622E-04   1.8330984E-03   3.2069867E-03
    3.3646791E-03   1.7775884E-03   4.9359305E-03   6.4298621E-03   5.5641210E-03
    3.4850038E-03   9.7073293E-03   1.0533153E-02   8.9735008E-03   5.7951542E-03
    1.5562654E-02   1.5302606E-02   1.2287373E-02   7.9552874E-03   2.1811968E-02
    2.0384417E-02   1.6190918E-02   1.0463464E-02   2.6841394E-02

 1.7784099809E+02   1.9213177E-01   7.7196208E+10   1.9832254E+00   2.2559701E+02   1.9454745E+01   5.4669219E-01    30 
    2.5832902E-12   4.0441399E-12   4.0441399E-12   6.6145781E-12   2.5606823E-11
    2.5606823E-11   1.6338041E-11   1.6338041E-11   1.6967505E-07   3.2343305E-07
    3.2343305E-07   1.8034595E-07   1.8034595E-07   3.7199206E-07   3.7199206E-07
    2.1263318E-05   2.4569576E-05   2.4569576E-05   1.6123109E-05   1.6123109E-05
    3.4232133E-05   2.6226723E-04   2.6664370E-04   1.7045137E-04   4.1143387E-04
    1.2315060E-03   1.8005869E-04   7.1538172E-04   1.8696716E-03   3.2549566E-03
    3.4189575E-03   1.8165632E-03   5.0179955E-03   6.5223441E-03   5.6497639E-03
    3.5707744E-03   9.8474422E-03   1.0672098E-02   9.1037121E-03   5.9677996E-03
    1.5770917E-02   1.5494117E-02   1.2460181E-02   8.1610009E-03   2.2118334E-02
    2.0625739E-02   1.6408288E-02   1.0734313E-02   2.7301860E-02

 1.7571626530E+02   7.3272273E-02   9.7323636E+10   1.9354292E+00   3.4025170E+02   1.2960705E+01   6.6673442E-01    31 
    7.2402933E-13   1.3168765E-12   1.3168765E-12   3.5708983E-12   1.4360505E-11
    1.4360505E-11   9.2794074E-12   9.2794074E-12   1.1946694E-07   2.3170764E-07
    2.3170764E-07   1.3017872E-07   1.3017872E-07   2.6879957E-07   2.6879957E-07
    1.6899587E-05   1.9707782E-05   1.9707782E-05   1.2995348E-05   1.2995348E-05
    2.7630854E-05   2.2227366E-04   2.2736879E-04   1.4596585E-04   3.5280067E-04
    1.0846741E-03   1.5962735E-04   6.3547680E-04   1.6630759E-03   2.9391228E-03
    3.0967588E-03   1.6555749E-03   4.5717213E-03   5.9954104E-03   5.2068061E-03
    3.3287471E-03   9.1199241E-03   9.9303634E-03   8.4910048E-03   5.6917509E-03
    1.4780679E-02   1.4539678E-02   1.1711605E-02   7.7920376E-03   2.0951683E-02
    1.9460426E-02   1.5501143E-02   1.0338671E-02   2.6086647E-02

 1.7553295799E+02   5.1943501E-02   1.1945133E+11   1.9165326E+00   4.4467451E+02   9.5092950E+00   7.4193048E-01    32 
    4.2591787E-13   8.1800472E-13   8.1800472E-13   2.7799742E-12   1.1340745E-11
    1.1340745E-11   7.3692337E-12   7.3692337E-12   1.0354689E-07   2.0233712E-07
    2.0233712E-07   1.1396364E-07   1.1396364E-07   2.3542249E-07   2.3542249E-07
    1.5394959E-05   1.8025217E-05   1.8025217E-05   1.1901676E-05   1.1901676E-05
    2.5319843E-05   2.0787348E-04   2.1322150E-04   1.3702288E-04   3.3137720E-04
    1.0302309E-03   1.5205355E-04   6.0535159E-04   1.5856892E-03   2.8215376E-03
    2.9760258E-03   1.5949576E-03   4.4008920E-03   5.7938674E-03   5.0377395E-03
    3.2464928E-03   8.8347112E-03   9.6392363E-03   8.2513433E-03   5.6377751E-03
    1.4380011E-02   1.4144736E-02   1.1396056E-02   7.6794153E-03   2.0480344E-02
    1.8936486E-02   1.5087000E-02   1.0240411E-02   2.5565758E-02

 1.7541402606E+02   3.3507298E-02   1.6154604E+11   1.8974458E+00   6.3935516E+02   6.3875797E+00   8.1781027E-01    33 
    2.4574224E-13   4.9925229E-13   4.9925229E-13   2.1491392E-12   8.8989380E-12
    8.8989380E-12   5.8125426E-12   5.8125426E-12   8.9400985E-08   1.7613984E-07
    1.7613984E-07   9.9404600E-08   9.9404600E-08   2.0543315E-07   2.0543315E-07
    1.3993695E-05   1.6458926E-05   1.6458926E-05   1.0875534E-05   1.0875534E-05
    2.3147537E-05   1.9414256E-04   1.9976855E-04   1.2844482E-04   3.1074224E-04
    9.7728673E-04   1.4480503E-04   5.7601674E-04   1.5101114E-03   2.7071252E-03
    2.8584545E-03   1.5373496E-03   4.2316964E-03   5.5947239E-03   4.8723994E-03
    3.1832244E-03   8.5466985E-03   9.3452102E-03   8.0140228E-03   5.6585490E-03
    1.3965407E-02   1.3724932E-02   1.1062605E-02   7.6206735E-03   2.0000965E-02
    1.8338100E-02   1.4627522E-02   1.0228048E-02   2.5021013E-02

 1.7527541778E+02   1.9984769E-02   2.2052506E+11   1.8766354E+00   9.4629057E+02   4.4039225E+00   8.7029544E-01    34 
    1.3492691E-13   2.9253398E-13   2.9253398E-13   1.6134357E-12   6.7942695E-12
    6.7942695E-12   4.4609938E-12   4.4609938E-12   7.5923790E-08   1.5098419E-07
    1.5098419E-07   8.5367255E-08   8.5367255E-08   1.7649966E-07   1.7649966E-07
    1.2584817E-05   1.4878974E-05   1.4878974E-05   9.8365757E-06   9.8365757E-06
    2.0945635E-05   1.7996388E-04   1.8584679E-04   1.1952591E-04   2.8924079E-04
    9.2147305E-04   1.3721765E-04   5.4502541E-04   1.4299344E-03   2.5854751E-03
    2.7332527E-03   1.4768903E-03   4.0499442E-03   5.3807666E-03   4.6956179E-03
    3.1240946E-03   8.2326615E-03   9.0253904E-03   7.7610380E-03   5.7111236E-03
    1.3508044E-02   1.3256926E-02   1.0700554E-02   7.5812397E-03   1.9471889E-02
    1.7657324E-02   1.4134286E-02   1.0246117E-02   2.4410424E-02

 1.7512774385E+02   1.0969219E-02   3.0634462E+11   1.8601160E+00   1.4345772E+03   3.0423380E+00   9.0838328E-01    35 
    8.4881868E-14   1.9436076E-13   1.9436076E-13   1.2790106E-12   5.4660810E-12
    5.4660810E-12   3.5995567E-12   3.5995567E-12   6.6563172E-08   1.3344053E-07
    1.3344053E-07   7.5481679E-08   7.5481679E-08   1.5611492E-07   1.5611492E-07
    1.1557234E-05   1.3729574E-05   1.3729574E-05   9.0714637E-06   9.0714637E-06
    1.9320820E-05   1.6937583E-04   1.7552434E-04   1.1281768E-04   2.7295724E-04
    8.7857686E-04   1.3164706E-04   5.2135972E-04   1.3681207E-03   2.4927753E-03
    2.6375043E-03   1.4340070E-03   3.9073465E-03   5.2137880E-03   4.5608355E-03
    3.1092933E-03   7.9778182E-03   8.7672973E-03   7.5712471E-03   5.8647201E-03
    1.3124954E-02   1.2847280E-02   1.0403737E-02   7.6383020E-03   1.9039187E-02
    1.7017433E-02   1.3723897E-02   1.0386706E-02   2.3889603E-02

 1.7498702066E+02   5.6263438E-03   4.3049462E+11   1.8466163E+00   2.1893230E+03   2.1052630E+00   9.3561875E-01    36 
    5.8343675E-14   1.3999124E-13   1.3999124E-13   1.0535321E-12   4.5673615E-12
    4.5673615E-12   3.0112899E-12   3.0112899E-12   5.9729227E-08   1.2059041E-07
    1.2059041E-07   6.8147270E-08   6.8147270E-08   1.4099214E-07   1.4099214E-07
    1.0776375E-05   1.2861425E-05   1.2861425E-05   8.4831675E-06   8.4831675E-06
    1.8068427E-05   1.6118171E-04   1.6762986E-04   1.0758841E-04   2.6012126E-04
    8.4419900E-04   1.2751914E-04   5.0261612E-04   1.3185525E-03   2.4204374E-03
    2.5616471E-03   1.4047122E-03   3.7903862E-03   5.0783645E-03   4.4557241E-03
    3.1361955E-03   7.7592526E-03   8.5494362E-03   7.4334495E-03   6.1149594E-03
    1.2785221E-02   1.2465762E-02   1.0161641E-02   7.7884766E-03   1.8662775E-02
    1.6393099E-02   1.3395652E-02   1.0640387E-02   2.3409161E-02

 1.7483625675E+02   2.5600775E-03   6.1210997E+11   1.8313739E+00   3.3478623E+03   1.4528951E+00   9.5508797E-01    37 
    3.7137453E-14   9.4128514E-14   9.4128514E-14   8.4188751E-13   3.7180148E-12
    3.7180148E-12   2.4536514E-12   2.4536514E-12   5.2782316E-08   1.0739743E-07
    1.0739743E-07   6.0587765E-08   6.0587765E-08   1.2540549E-07   1.2540549E-07
    9.9479121E-06   1.1937573E-05   1.1937573E-05   7.8539123E-06   7.8539123E-06
    1.6726514E-05   1.5229945E-04   1.5906268E-04   1.0190043E-04   2.4605555E-04
    8.0602299E-04   1.2308616E-04   4.8185950E-04   1.2634228E-03   2.3410939E-03
    2.4764455E-03   1.3749150E-03   3.6578969E-03   4.9258696E-03   4.3401967E-03
    3.1839678E-03   7.5068838E-03   8.3042302E-03   7.2997084E-03   6.4213035E-03
    1.2392940E-02   1.2026368E-02   9.9228557E-03   7.9935308E-03   1.8217096E-02
    1.5705886E-02   1.3100250E-02   1.0953407E-02   2.2824233E-02

 1.7466450218E+02   9.9598563E-04   8.7419607E+11   1.8116751E+00   4.9826515E+03   1.0049518E+00   9.6870364E-01    38 
    1.9397211E-14   5.2890295E-14   5.2890295E-14   6.2714909E-13   2.8343947E-12
    2.8343947E-12   1.8738868E-12   1.8738868E-12   4.4853812E-08   9.2139112E-08
    9.2139112E-08   5.1876149E-08   5.1876149E-08   1.0743191E-07   1.0743191E-07
    8.9514836E-06   1.0814022E-05   1.0814022E-05   7.0936398E-06   7.0936398E-06
    1.5103376E-05   1.4131170E-04   1.4834053E-04   9.4852517E-05   2.2858809E-04
    7.5803026E-04   1.1744749E-04   4.5565107E-04   1.1939384E-03   2.2405179E-03
    2.3663931E-03   1.3373354E-03   3.4888033E-03   4.7311676E-03   4.1944880E-03
    3.2376418E-03   7.1853779E-03   8.0025935E-03   7.1510112E-03   6.7328979E-03
    1.1903149E-02   1.1504267E-02   9.6771543E-03   8.2193914E-03   1.7632753E-02
    1.4964448E-02   1.2830456E-02   1.1273122E-02   2.2053920E-02

 1.7447432325E+02   3.3587913E-04   1.2548762E+12   1.7917682E+00   7.0191904E+03   6.9474168E-01   9.7825263E-01    39 
    9.3279291E-15   2.7474021E-14   2.7474021E-14   4.6430942E-13   2.1438218E-12
    2.1438218E-12   1.4187671E-12   1.4187671E-12   3.7953751E-08   7.8724273E-08
    7.8724273E-08   4.4185966E-08   4.4185966E-08   9.1549973E-08   9.1549973E-08
    8.0337864E-06   9.7731525E-06   9.7731525E-06   6.3864522E-06   6.3864522E-06
    1.3588231E-05   1.3089849E-04   1.3813825E-04   8.8150366E-05   2.1177066E-04
    7.1073618E-04   1.1220986E-04   4.3012525E-04   1.1258002E-03   2.1433593E-03
    2.2563651E-03   1.3071753E-03   3.3189619E-03   4.5380813E-03   4.0595679E-03
    3.3239158E-03   6.8565259E-03   7.7196421E-03   7.0540120E-03   7.0668847E-03
    1.1407209E-02   1.1011778E-02   9.5155535E-03   8.5105885E-03   1.7010775E-02
    1.4325030E-02   1.2684552E-02   1.1643683E-02   2.1205683E-02

 1.7426244665E+02   1.0346790E-04   1.8101526E+12   1.7806935E+00   9.0054939E+03   4.7950361E-01   9.8493642E-01    40 
    5.5406048E-15   1.7131634E-14   1.7131634E-14   3.9327748E-13   1.8375163E-12
    1.8375163E-12   1.2122025E-12   1.2122025E-12   3.4647817E-08   7.2307111E-08
    7.2307111E-08   4.0348070E-08   4.0348070E-08   8.3608475E-08   8.3608475E-08
    7.5789525E-06   9.2677419E-06   9.2677419E-06   6.0225895E-06   6.0225895E-06
    1.2794441E-05   1.2569951E-04   1.3319553E-04   8.4793386E-05   2.0267359E-04
    6.8317018E-04   1.1046047E-04   4.1668885E-04   1.0881349E-03   2.0970127E-03
    2.1947388E-03   1.3146954E-03   3.2173707E-03   4.4327701E-03   4.0154036E-03
    3.5016786E-03   6.6409245E-03   7.5971737E-03   7.1299763E-03   7.5015266E-03
    1.1080671E-02   1.0745681E-02   9.5908541E-03   8.9736524E-03   1.6562200E-02
    1.4015662E-02   1.2821958E-02   1.2184257E-02   2.0513887E-02

 1.7402610334E+02   3.1144879E-05   2.6171333E+12   1.7845105E+00   1.0142362E+04   3.3098287E-01   9.8957648E-01    41 
    4.9621126E-15   1.5306052E-14   1.5306052E-14   4.2053266E-13   1.9591167E-12
    1.9591167E-12   1.2804394E-12   1.2804394E-12   3.6098000E-08   7.5318061E-08
    7.5318061E-08   4.1634214E-08   4.1634214E-08   8.6236584E-08   8.6236584E-08
    7.7968980E-06   9.5527681E-06   9.5527681E-06   6.1604074E-06   6.1604074E-06
    1.3052643E-05   1.2847081E-04   1.3637203E-04   8.6609000E-05   2.0542953E-04
    6.8608737E-04   1.1432956E-04   4.2242061E-04   1.0988262E-03   2.1314351E-03
    2.2117607E-03   1.3833169E-03   3.2269910E-03   4.4733419E-03   4.1197966E-03
    3.8180905E-03   6.6158978E-03   7.7378556E-03   7.4633824E-03   8.1025756E-03
    1.1037362E-02   1.0845718E-02   1.0006162E-02   9.6904585E-03   1.6422301E-02
    1.4167876E-02   1.3335125E-02   1.2981184E-02   2.0134003E-02

 1.7377913163E+02   9.8631039E-06   3.7395266E+12   1.8019010E+00   9.9900380E+03   2.3156492E-01   9.9269534E-01    42 
    6.4144054E-15   1.8863045E-14   1.8863045E-14   5.5446175E-13   2.5409405E-12
    2.5409405E-12   1.6376437E-12   1.6376437E-12   4.2349167E-08   8.7829502E-08
    8.7829502E-08   4.7972787E-08   4.7972787E-08   9.9275685E-08   9.9275685E-08
    8.6698985E-06   1.0609436E-05   1.0609436E-05   6.7819897E-06   6.7819897E-06
    1.4317124E-05   1.3885402E-04   1.4728282E-04   9.3429965E-05   2.1933979E-04
    7.1587924E-04   1.2383416E-04   4.4619785E-04   1.1547751E-03   2.2405501E-03
    2.3018918E-03   1.5154916E-03   3.3397008E-03   4.6575681E-03   4.3739439E-03
    4.2662375E-03   6.7717088E-03   8.1436342E-03   8.0384764E-03   8.8476256E-03
    1.1262490E-02   1.1312915E-02   1.0735723E-02   1.0630320E-02   1.6567574E-02
    1.4732790E-02   1.4162993E-02   1.3987182E-02   2.0055399E-02

 1.7354603828E+02   3.4989528E-06   5.1514343E+12   1.8273568E+00   8.8615839E+03   1.6821048E-01   9.9468824E-01    43 
    1.0149223E-14   2.7770284E-14   2.7770284E-14   8.2043856E-13   3.6695112E-12
    3.6695112E-12   2.3290148E-12   2.3290148E-12   5.3028611E-08   1.0894229E-07
    1.0894229E-07   5.8773311E-08   5.8773311E-08   1.2148871E-07   1.2148871E-07
    1.0060833E-05   1.2269558E-05   1.2269558E-05   7.7790613E-06   7.7790613E-06
    1.6352638E-05   1.5473654E-04   1.6368495E-04   1.0395282E-04   2.4113372E-04
    7.6193925E-04   1.3754610E-04   4.8229302E-04   1.2414273E-03   2.3975544E-03
    2.4410952E-03   1.6951361E-03   3.5205634E-03   4.9466160E-03   4.7356551E-03
    4.7894574E-03   7.0526475E-03   8.7338282E-03   8.7577035E-03   9.6485363E-03
    1.1669046E-02   1.2030181E-02   1.1644554E-02   1.1665971E-02   1.6902243E-02
    1.5536078E-02   1.5137283E-02   1.5058456E-02   2.0197977E-02

 1.7332099700E+02   1.3227749E-06   6.9385060E+12   1.8591700E+00   7.2208371E+03   1.2504062E-01   9.9604862E-01    44 
    1.8250329E-14   4.5746171E-14   4.5746171E-14   1.3169030E-12   5.7164035E-12
    5.7164035E-12   3.5708518E-12   3.5708518E-12   6.9531698E-08   1.4115647E-07
    1.4115647E-07   7.5212377E-08   7.5212377E-08   1.5526544E-07   1.5526544E-07
    1.2033800E-05   1.4600148E-05   1.4600148E-05   9.1893341E-06   9.1893341E-06
    1.9224274E-05   1.7621898E-04   1.8560511E-04   1.1833664E-04   2.7070240E-04
    8.2125315E-04   1.5575476E-04   5.3010053E-04   1.3567835E-03   2.5982577E-03
    2.6267965E-03   1.9252496E-03   3.7623226E-03   5.3386963E-03   5.2026404E-03
    5.3910876E-03   7.4451335E-03   9.4870934E-03   9.6060699E-03   1.0520099E-02
    1.2228655E-02   1.2948392E-02   1.2700561E-02   1.2794472E-02   1.7395066E-02
    1.6508934E-02   1.6222409E-02   1.6193817E-02   2.0523332E-02

 1.7309937727E+02   5.0963755E-07   9.2086820E+12   1.8973669E+00   5.4410324E+03   9.4366222E-02   9.9701643E-01    45 
    3.6537617E-14   8.2861519E-14   8.2861519E-14   2.2746266E-12   9.5348934E-12
    9.5348934E-12   5.8593943E-12   5.8593943E-12   9.5037801E-08   1.9024224E-07
    1.9024224E-07   1.0012067E-07   1.0012067E-07   2.0636635E-07   2.0636635E-07
    1.4793544E-05   1.7826790E-05   1.7826790E-05   1.1150860E-05   1.1150860E-05
    2.3199656E-05   2.0465910E-04   2.1431451E-04   1.3761738E-04   3.0975596E-04
    8.9466572E-04   1.7966624E-04   5.9173962E-04   1.5055947E-03   2.8497094E-03
    2.8680806E-03   2.2164549E-03   4.0730561E-03   5.8506938E-03   5.7895381E-03
    6.0886811E-03   7.9611144E-03   1.0408006E-02   1.0593789E-02   1.1492169E-02
    1.2949052E-02   1.4055557E-02   1.3904277E-02   1.4034358E-02   1.8058796E-02
    1.7636577E-02   1.7423275E-02   1.7416956E-02   2.1041201E-02

 1.7287817869E+02   1.9470835E-07   1.2083250E+13   1.9425992E+00   3.9246131E+03   7.2051982E-02   9.9772109E-01    46 
    8.3841637E-14   1.7019037E-13   1.7019037E-13   4.2366611E-12   1.7025979E-11
    1.7025979E-11   1.0296956E-11   1.0296956E-11   1.3536034E-07   2.6660966E-07
    2.6660966E-07   1.3860454E-07   1.3860454E-07   2.8516159E-07   2.8516159E-07
    1.8687501E-05   2.2330655E-05   2.2330655E-05   1.3899585E-05   1.3899585E-05
    2.8736632E-05   2.4234651E-04   2.5198522E-04   1.6353777E-04   3.6128329E-04
    9.8488077E-04   2.1121157E-04   6.7101701E-04   1.6965687E-03   3.1657674E-03
    3.1808570E-03   2.5841900E-03   4.4690994E-03   6.5082257E-03   6.5193813E-03
    6.9075892E-03   8.6246841E-03   1.1513039E-02   1.1742950E-02   1.2601458E-02
    1.3854617E-02   1.5358295E-02   1.5272320E-02   1.5414649E-02   1.8925604E-02
    1.8931151E-02   1.8764577E-02   1.8763836E-02   2.1782351E-02

 1.7265488557E+02   7.2261378E-08   1.5699706E+13   1.9959397E+00   4.5159389E+03   5.5571167E-02   9.9824188E-01    47 
    3.6880948E-13   6.6390715E-13   6.6390715E-13   9.0458467E-12   3.2855384E-11
    3.2855384E-11   1.9987093E-11   1.9987093E-11   2.0117897E-07   3.8904131E-07
    3.8904131E-07   1.9982649E-07   1.9982649E-07   4.1021366E-07   4.1021366E-07
    2.4279509E-05   2.8724828E-05   2.8724828E-05   1.7817264E-05   1.7817264E-05
    3.6570990E-05   2.9276732E-04   3.0193943E-04   1.9878415E-04   4.2985796E-04
    1.0964492E-03   2.5327583E-04   7.7367553E-04   1.9427447E-03   3.5678372E-03
    3.5880869E-03   3.0499766E-03   4.9750465E-03   7.3453139E-03   7.4242606E-03
    7.8830029E-03   9.4707167E-03   1.2832109E-02   1.3089268E-02   1.3895073E-02
    1.4984097E-02   1.6882496E-02   1.6839043E-02   1.6978736E-02   2.0041993E-02
    2.0428065E-02   2.0290309E-02   2.0285569E-02   2.2792090E-02

 1.7242704404E+02   2.5371876E-08   2.0208493E+13   2.0588134E+00   3.6950492E+04   4.3271582E-02   9.9863072E-01    48 
    1.3955467E-11   2.2115486E-11   2.2115486E-11   5.6049640E-11   8.4894055E-11
    8.4894055E-11   7.9945132E-11   7.9945132E-11   3.1263970E-07   5.9222215E-07
    5.9222215E-07   3.0060188E-07   3.0060188E-07   6.1549844E-07   6.1549844E-07
    3.2485252E-05   3.7993741E-05   3.7993741E-05   2.3520140E-05   2.3520140E-05
    4.7878943E-05   3.6111611E-04   3.6913958E-04   2.4742021E-04   5.2227501E-04
    1.2363373E-03   3.1008820E-04   9.0801135E-04   2.2627112E-03   4.0863386E-03
    4.1212027E-03   3.6434429E-03   5.6253088E-03   8.4066618E-03   8.5474421E-03
    9.0620807E-03   1.0546189E-02   1.4411476E-02   1.4684426E-02   1.5433270E-02
    1.6391503E-02   1.8674885E-02   1.8657967E-02   1.8786514E-02   2.1468347E-02
    2.2185176E-02   2.2064205E-02   2.2050318E-02   2.4130756E-02

 1.7219209295E+02   8.2258214E-09   2.5766396E+13   2.1328844E+00   8.2324959E+05   3.4021999E-02   9.9892325E-01    49 
    1.7453467E-09   2.4250456E-09   2.4250456E-09   3.9913045E-09   2.2365748E-09
    2.2365748E-09   4.3329801E-09   4.3329801E-09   5.1146298E-07   9.4422056E-07
    9.4422056E-07   4.7519879E-07   4.7519879E-07   9.7061951E-07   9.7061951E-07
    4.4793606E-05   5.1716842E-05   5.1716842E-05   3.2004104E-05   3.2004104E-05
    6.4537454E-05   4.5499422E-04   4.6085607E-04   3.1550145E-04   6.4841542E-04
    1.4145556E-03   3.8774333E-04   1.0856270E-03   2.6820431E-03   4.7620871E-03
    4.8216633E-03   4.4044624E-03   6.4656572E-03   9.7483551E-03   9.9455296E-03
    1.0505550E-02   1.1911401E-02   1.6314941E-02   1.6596791E-02   1.7290326E-02
    1.8146026E-02   2.0802519E-02   2.0801337E-02   2.0914460E-02   2.3278440E-02
    2.4281578E-02   2.4169338E-02   2.4143814E-02   2.5874569E-02

 1.7194732224E+02   2.4820882E-09   3.2526172E+13   2.2199685E+00   2.6326797E+07   2.7023611E-02   9.9914464E-01    50 
    3.7874545E-07   4.6198068E-07   4.6198068E-07   6.8943947E-07   4.3366351E-07
    4.3366351E-07   7.3580106E-07   7.3580106E-07   1.4427893E-06   2.1166591E-06
    2.1166591E-06   1.3360394E-06   1.3360394E-06   2.6778748E-06   2.6778748E-06
    6.4201956E-05   7.3002954E-05   7.3002954E-05   4.5440293E-05   4.5440293E-05
    9.0486048E-05   5.8601824E-04   5.8811848E-04   4.1264037E-04   8.2353473E-04
    1.6455302E-03   4.9537592E-04   1.3230073E-03   3.2361278E-03   5.6489271E-03
    5.7437334E-03   5.3863211E-03   7.5561841E-03   1.1441957E-02   1.1691634E-02
    1.2290968E-02   1.3643449E-02   1.8623796E-02   1.8911072E-02   1.9554432E-02
    2.0331484E-02   2.3350308E-02   2.3357716E-02   2.3453662E-02   2.5557771E-02
    2.6814418E-02   2.6705452E-02   2.6667222E-02   2.8113880E-02

 1.7168992934E+02   7.4764463E-10   4.0602576E+13   2.3217811E+00   1.0717270E+09   2.1711468E-02   9.9931272E-01    51 
    1.2430790E-04   1.3439081E-04   1.3439081E-04   1.8393875E-04   1.4068374E-04
    1.4068374E-04   1.9397114E-04   1.9397114E-04   1.7238879E-04   1.6654907E-04
    1.6654907E-04   1.6552608E-04   1.6552608E-04   2.7503360E-04   2.7503360E-04
    2.6463270E-04   2.7551984E-04   2.7551984E-04   2.3146176E-04   2.3146176E-04
    3.7109611E-04   9.5316374E-04   9.4576362E-04   7.3404977E-04   1.3273936E-03
    2.1115061E-03   7.9301020E-04   1.8099068E-03   4.2047418E-03   6.9918297E-03
    7.1364263E-03   6.8486807E-03   9.1904134E-03   1.3763868E-02   1.4067709E-02
    1.4711632E-02   1.6042447E-02   2.1629609E-02   2.1923409E-02   2.2527592E-02
    2.3248992E-02   2.6616093E-02   2.6628138E-02   2.6707667E-02   2.8610791E-02
    3.0091408E-02   2.9982386E-02   2.9931795E-02   3.1155970E-02

 1.7141701447E+02   2.6719044E-10   5.0025561E+13   2.4396970E+00   4.4894112E+10   1.7679553E-02   9.9944031E-01    52 
    4.8288217E-02   4.7247626E-02   4.7247626E-02   5.9664667E-02   5.4010021E-02
    5.4010021E-02   6.2010819E-02   6.2010819E-02   6.0342680E-02   5.8492445E-02
    5.8492445E-02   5.7571128E-02   5.7571128E-02   8.1373272E-02   8.1373272E-02
    5.9742898E-02   6.0078915E-02   6.0078915E-02   5.7875003E-02   5.7875003E-02
    7.3806230E-02   6.4145020E-02   6.3699374E-02   6.2726546E-02   7.8713187E-02
    6.1187341E-02   5.6665251E-02   6.1201233E-02   7.7560906E-02   7.0501381E-02
    7.1341269E-02   7.2951842E-02   8.0373490E-02   8.0498188E-02   8.1453863E-02
    8.3405812E-02   8.6012258E-02   8.9824623E-02   9.0441673E-02   9.1576587E-02
    9.2667293E-02   9.4844763E-02   9.4978872E-02   9.5190893E-02   9.7875262E-02
    9.8308948E-02   9.8257164E-02   9.8293972E-02   1.0030240E-01

 1.7112536683E+02   2.8558402E-09   6.0658458E+13   2.5747239E+00   7.2237829E+10   1.4638878E-02   9.9953655E-01    53 
    7.9468619E-01   7.2687034E-01   7.2687034E-01   8.5472946E-01   8.7433471E-01
    8.7433471E-01   8.7562091E-01   8.7562091E-01   9.1502630E-01   9.0154988E-01
    9.0154988E-01   8.7130262E-01   8.7130262E-01   1.0764691E+00   1.0764691E+00
    8.9397693E-01   9.0861499E-01   9.0861499E-01   8.6773971E-01   8.6773971E-01
    9.9232763E-01   9.3472524E-01   9.3573402E-01   9.0886635E-01   1.0211063E+00
    9.0510686E-01   8.8528768E-01   8.9196422E-01   9.9178812E-01   9.2924636E-01
    9.3203033E-01   9.3901572E-01   9.7281804E-01   9.4089887E-01   9.4410420E-01
    9.5019725E-01   9.5914395E-01   9.4929001E-01   9.5096999E-01   9.5324493E-01
    9.5591683E-01   9.4934451E-01   9.4982192E-01   9.5027177E-01   9.5627937E-01
    9.5019753E-01   9.5028190E-01   9.5057755E-01   9.5682152E-01

 1.7081086509E+02   4.7495553E-07   7.2142636E+13   2.7266325E+00   7.8125141E+09   1.2382173E-02   9.9960798E-01    54 
    9.1327533E-01   8.1404470E-01   8.1404470E-01   9.0440845E-01   9.8715765E-01
    9.8715765E-01   9.1643613E-01   9.1643613E-01   9.9166347E-01   9.9033679E-01
    9.9033679E-01   9.4871851E-01   9.4871851E-01   1.0627861E+00   1.0627861E+00
    9.6478368E-01   9.8744806E-01   9.8744806E-01   9.4144881E-01   9.4144881E-01
    1.0007914E+00   9.9783720E-01   1.0024808E+00   9.6789921E-01   1.0145152E+00
    9.9042840E-01   9.8611720E-01   9.6737736E-01   1.0054078E+00   9.9020804E-01
    9.8921155E-01   9.8581505E-01   9.9769605E-01   9.8665610E-01   9.8690125E-01
    9.8628688E-01   9.8945551E-01   9.8898229E-01   9.8907081E-01   9.8820072E-01
    9.8886633E-01   9.8811003E-01   9.8800200E-01   9.8762183E-01   9.8889219E-01
    9.8795438E-01   9.8776910E-01   9.8754497E-01   9.8926654E-01

 1.7046696335E+02   7.9632674E-05   8.3964160E+13   2.8942270E+00   7.7325530E+08   1.0765573E-02   9.9965915E-01    55 
    9.3657504E-01   8.7218781E-01   8.7218781E-01   9.3422040E-01   9.9902490E-01
    9.9902490E-01   9.4159031E-01   9.4159031E-01   1.0050554E+00   9.9989848E-01
    9.9989848E-01   9.7690694E-01   9.7690694E-01   1.0433853E+00   1.0433853E+00
    9.7748445E-01   9.9512375E-01   9.9512375E-01   9.6813280E-01   9.6813280E-01
    9.9950138E-01   1.0006220E+00   1.0040167E+00   9.8306322E-01   1.0017468E+00
    1.0003937E+00   9.9762986E-01   9.8557272E-01   1.0023048E+00   9.9697997E-01
    9.9598191E-01   9.9326621E-01   9.9807671E-01   9.9253532E-01   9.9243304E-01
    9.9148942E-01   9.9271128E-01   9.9381029E-01   9.9367769E-01   9.9289483E-01
    9.9302277E-01   9.9320412E-01   9.9309660E-01   9.9282158E-01   9.9294096E-01
    9.9308753E-01   9.9295351E-01   9.9275401E-01   9.9316655E-01

 1.7008138350E+02   1.0264231E-02   9.5806391E+13   3.0787353E+00   7.7878125E+07   9.6995292E-03   9.9969290E-01    56 
    9.3803675E-01   9.1683872E-01   9.1683872E-01   9.6183316E-01   9.8729838E-01
    9.8729838E-01   9.6695265E-01   9.6695265E-01   1.0029953E+00   9.9330743E-01
    9.9330743E-01   9.8941882E-01   9.8941882E-01   1.0342717E+00   1.0342717E+00
    9.8080946E-01   9.8988975E-01   9.8988975E-01   9.8254043E-01   9.8254043E-01
    1.0057518E+00   9.9546335E-01   9.9636396E-01   9.8970686E-01   1.0005949E+00
    9.9460764E-01   9.8969756E-01   9.8999159E-01   1.0039295E+00   9.9609822E-01
    9.9609852E-01   9.9630959E-01   9.9978170E-01   9.9518923E-01   9.9538375E-01
    9.9552149E-01   9.9624966E-01   9.9670314E-01   9.9670523E-01   9.9661205E-01
    9.9670430E-01   9.9650685E-01   9.9650389E-01   9.9647712E-01   9.9661982E-01
    9.9658402E-01   9.9654611E-01   9.9648406E-01   9.9671984E-01

 1.6963108813E+02   8.6919508E-01   1.0804179E+14   3.2821733E+00   8.3305896E+06   9.0858859E-03   9.9971232E-01    57 
    9.4705907E-01   9.4356557E-01   9.4356557E-01   9.8020443E-01   9.8298172E-01
    9.8298172E-01   9.8242611E-01   9.8242611E-01   9.9778024E-01   9.9133918E-01
    9.9133918E-01   9.9150947E-01   9.9150947E-01   1.0242753E+00   1.0242753E+00
    9.8524166E-01   9.8929419E-01   9.8929419E-01   9.8996557E-01   9.8996557E-01
    1.0089807E+00   9.9444905E-01   9.9360868E-01   9.9253157E-01   1.0007406E+00
    9.9267757E-01   9.8731825E-01   9.9169720E-01   1.0049902E+00   9.9605599E-01
    9.9658217E-01   9.9799525E-01   1.0006627E+00   9.9719080E-01   9.9744203E-01
    9.9784808E-01   9.9838304E-01   9.9844998E-01   9.9850278E-01   9.9864703E-01
    9.9874446E-01   9.9835393E-01   9.9837767E-01   9.9843447E-01   9.9866863E-01
    9.9847094E-01   9.9848107E-01   9.9848432E-01   9.9869409E-01

 1.6907783960E+02   5.1484052E+01   1.2125220E+14   3.5066767E+00   9.5353672E+05   8.6537344E-03   9.9972600E-01    58 
    9.5827676E-01   9.5782451E-01   9.5782451E-01   9.8907558E-01   9.8406665E-01
    9.8406665E-01   9.8827222E-01   9.8827222E-01   9.9385147E-01   9.9192686E-01
    9.9192686E-01   9.9029151E-01   9.9029151E-01   1.0134530E+00   1.0134530E+00
    9.8988768E-01   9.9206631E-01   9.9206631E-01   9.9458464E-01   9.9458464E-01
    1.0076168E+00   9.9633337E-01   9.9352603E-01   9.9306903E-01   9.9920539E-01
    9.9431045E-01   9.8924293E-01   9.9312463E-01   1.0048368E+00   9.9713321E-01
    9.9781742E-01   9.9947474E-01   1.0008619E+00   9.9863758E-01   9.9877177E-01
    9.9896218E-01   9.9933954E-01   9.9934383E-01   9.9936204E-01   9.9949891E-01
    9.9956981E-01   9.9917508E-01   9.9918904E-01   9.9924873E-01   9.9946981E-01
    9.9923626E-01   9.9926114E-01   9.9928051E-01   9.9945380E-01

 1.6837533366E+02   2.3039263E+03   1.3919966E+14   3.7535565E+00   1.2192179E+05   7.8957074E-03   9.9975000E-01    59 
    9.7193043E-01   9.7187460E-01   9.7187460E-01   9.9371812E-01   9.8899319E-01
    9.8899319E-01   9.8819504E-01   9.8819504E-01   9.9521002E-01   9.9484537E-01
    9.9484537E-01   9.9294561E-01   9.9294561E-01   1.0034446E+00   1.0034446E+00
    9.9482040E-01   9.9635514E-01   9.9635514E-01   9.9737581E-01   9.9737581E-01
    1.0022668E+00   9.9763062E-01   9.9461929E-01   9.9382376E-01   9.9567185E-01
    9.9759707E-01   9.9389726E-01   9.9560092E-01   1.0019439E+00   9.9866384E-01
    9.9909388E-01   1.0002275E+00   9.9980870E-01   9.9926696E-01   9.9923685E-01
    9.9905685E-01   9.9913795E-01   9.9942857E-01   9.9937384E-01   9.9939383E-01
    9.9937630E-01   9.9933439E-01   9.9933081E-01   9.9935464E-01   9.9932354E-01
    9.9931795E-01   9.9932749E-01   9.9933160E-01   9.9931235E-01

 1.6750745814E+02   8.2494927E+04   1.6943204E+14   4.0288996E+00   1.7568513E+04   6.6601616E-03   9.9978912E-01    60 
    9.8452637E-01   9.8451985E-01   9.8451985E-01   9.9594294E-01   9.9367164E-01
    9.9367164E-01   9.8969763E-01   9.8969763E-01   9.9701264E-01   9.9798541E-01
    9.9798541E-01   9.9575235E-01   9.9575235E-01   9.9712001E-01   9.9712001E-01
    9.9846617E-01   9.9964596E-01   9.9964596E-01   9.9834773E-01   9.9834773E-01
    9.9805442E-01   9.9828326E-01   9.9634342E-01   9.9549170E-01   9.9450386E-01
    1.0001171E+00   9.9838285E-01   9.9804692E-01   9.9934693E-01   9.9949656E-01
    9.9960076E-01   1.0000705E+00   9.9892071E-01   9.9934234E-01   9.9923625E-01
    9.9895709E-01   9.9887692E-01   9.9932748E-01   9.9925573E-01   9.9920629E-01
    9.9914311E-01   9.9941287E-01   9.9940179E-01   9.9939365E-01   9.9917776E-01
    9.9938039E-01   9.9937348E-01   9.9936128E-01   9.9918936E-01

 1.6650445163E+02   2.2841837E+06   2.1908599E+14   4.3392008E+00   2.8146571E+03   5.2443583E-03   9.9983394E-01    61 
    9.9137369E-01   9.9137293E-01   9.9137293E-01   9.9628319E-01   9.9594919E-01
    9.9594919E-01   9.9433572E-01   9.9433572E-01   9.9749999E-01   9.9908930E-01
    9.9908930E-01   9.9686651E-01   9.9686651E-01   9.9625003E-01   9.9625003E-01
    9.9913752E-01   1.0004276E+00   1.0004276E+00   9.9828322E-01   9.9828322E-01
    9.9626304E-01   9.9843777E-01   9.9744383E-01   9.9685682E-01   9.9565572E-01
    1.0005833E+00   1.0000673E+00   9.9913746E-01   9.9849573E-01   9.9957754E-01
    9.9955310E-01   9.9966847E-01   9.9879364E-01   9.9927539E-01   9.9919337E-01
    9.9904511E-01   9.9897720E-01   9.9934892E-01   9.9930816E-01   9.9926365E-01
    9.9921345E-01   9.9951620E-01   9.9950823E-01   9.9949148E-01   9.9928840E-01
    9.9950607E-01   9.9949411E-01   9.9948001E-01   9.9930880E-01

 1.6541092406E+02   4.1136638E+07   2.9783527E+14   4.6865221E+00   5.1003642E+02   3.9178505E-03   9.9987594E-01    62 
    9.9498273E-01   9.9498265E-01   9.9498265E-01   9.9764249E-01   9.9760500E-01
    9.9760500E-01   9.9734824E-01   9.9734824E-01   9.9807218E-01   9.9847425E-01
    9.9847425E-01   9.9768858E-01   9.9768858E-01   9.9747667E-01   9.9747667E-01
    9.9872616E-01   9.9897954E-01   9.9897954E-01   9.9783553E-01   9.9783553E-01
    9.9635939E-01   9.9853736E-01   9.9814350E-01   9.9778480E-01   9.9700321E-01
    9.9974790E-01   9.9960442E-01   9.9917155E-01   9.9829727E-01   9.9921976E-01
    9.9917261E-01   9.9915299E-01   9.9876033E-01   9.9914900E-01   9.9910834E-01
    9.9905014E-01   9.9901004E-01   9.9926424E-01   9.9924980E-01   9.9921627E-01
    9.9918860E-01   9.9939706E-01   9.9939390E-01   9.9937749E-01   9.9925583E-01
    9.9941671E-01   9.9940695E-01   9.9939537E-01   9.9927513E-01

 1.6427126807E+02   4.4128880E+08   4.1905114E+14   5.0712913E+00   1.0579449E+02   2.8260616E-03   9.9991051E-01    63 
    9.9721881E-01   9.9721881E-01   9.9721881E-01   9.9873877E-01   9.9868824E-01
    9.9868824E-01   9.9859802E-01   9.9859802E-01   9.9870106E-01   9.9862559E-01
    9.9862559E-01   9.9864956E-01   9.9864956E-01   9.9858206E-01   9.9858206E-01
    9.9862384E-01   9.9834232E-01   9.9834232E-01   9.9814704E-01   9.9814704E-01
    9.9793231E-01   9.9882620E-01   9.9875732E-01   9.9861536E-01   9.9831426E-01
    9.9931661E-01   9.9926928E-01   9.9918216E-01   9.9873416E-01   9.9917655E-01
    9.9914652E-01   9.9912057E-01   9.9902562E-01   9.9923925E-01   9.9922432E-01
    9.9920456E-01   9.9918598E-01   9.9930456E-01   9.9930202E-01   9.9928417E-01
    9.9927323E-01   9.9935557E-01   9.9935405E-01   9.9934475E-01   9.9930257E-01
    9.9937337E-01   9.9936855E-01   9.9936224E-01   9.9931281E-01

 1.6312029711E+02   3.1500912E+09   5.9654002E+14   5.4948555E+00   2.4854387E+01   2.0142677E-03   9.9993622E-01    64 
    9.9860254E-01   9.9860255E-01   9.9860255E-01   9.9926189E-01   9.9924730E-01
    9.9924730E-01   9.9921084E-01   9.9921084E-01   9.9926228E-01   9.9925213E-01
    9.9925213E-01   9.9927365E-01   9.9927365E-01   9.9923670E-01   9.9923670E-01
    9.9916828E-01   9.9910897E-01   9.9910897E-01   9.9908383E-01   9.9908383E-01
    9.9909509E-01   9.9932646E-01   9.9935307E-01   9.9931818E-01   9.9922812E-01
    9.9949260E-01   9.9948123E-01   9.9948129E-01   9.9933579E-01   9.9946480E-01
    9.9945068E-01   9.9943893E-01   9.9943021E-01   9.9949844E-01   9.9949305E-01
    9.9948712E-01   9.9948203E-01   9.9951579E-01   9.9951595E-01   9.9950963E-01
    9.9950696E-01   9.9952879E-01   9.9952782E-01   9.9952476E-01   9.9951589E-01
    9.9953617E-01   9.9953468E-01   9.9953242E-01   9.9951961E-01

 1.6197050338E+02   1.6505142E+10   8.4556724E+14   5.9594585E+00   6.5260181E+00   1.4416348E-03   9.9995435E-01    65 
    9.9939019E-01   9.9939020E-01   9.9939020E-01   9.9960816E-01   9.9960833E-01
    9.9960833E-01   9.9960040E-01   9.9960040E-01   9.9965413E-01   9.9964885E-01
    9.9964885E-01   9.9964662E-01   9.9964662E-01   9.9963784E-01   9.9963784E-01
    9.9962917E-01   9.9964514E-01   9.9964514E-01   9.9964664E-01   9.9964664E-01
    9.9965215E-01   9.9971215E-01   9.9973599E-01   9.9972592E-01   9.9970202E-01
    9.9976527E-01   9.9976460E-01   9.9976843E-01   9.9972708E-01   9.9975822E-01
    9.9975219E-01   9.9974819E-01   9.9974800E-01   9.9976248E-01   9.9976075E-01
    9.9975923E-01   9.9975838E-01   9.9976522E-01   9.9976541E-01   9.9976417E-01
    9.9976388E-01   9.9976872E-01   9.9976829E-01   9.9976765E-01   9.9976652E-01
    9.9977084E-01   9.9977042E-01   9.9976988E-01   9.9976765E-01

 1.6079975945E+02   6.2896724E+10   1.1971420E+15   6.4760775E+00   1.8733726E+00   1.0332935E-03   9.9996728E-01    66 
    9.9975077E-01   9.9975078E-01   9.9975078E-01   9.9980680E-01   9.9980902E-01
    9.9980902E-01   9.9980830E-01   9.9980830E-01   9.9984421E-01   9.9983727E-01
    9.9983727E-01   9.9983340E-01   9.9983340E-01   9.9983516E-01   9.9983516E-01
    9.9985519E-01   9.9986365E-01   9.9986365E-01   9.9986462E-01   9.9986462E-01
    9.9986493E-01   9.9988392E-01   9.9989231E-01   9.9988718E-01   9.9988350E-01
    9.9990189E-01   9.9990158E-01   9.9990240E-01   9.9989311E-01   9.9990383E-01
    9.9990174E-01   9.9990044E-01   9.9990022E-01   9.9990432E-01   9.9990386E-01
    9.9990358E-01   9.9990347E-01   9.9990549E-01   9.9990557E-01   9.9990537E-01
    9.9990535E-01   9.9990678E-01   9.9990662E-01   9.9990647E-01   9.9990634E-01
    9.9990737E-01   9.9990724E-01   9.9990710E-01   9.9990674E-01

 1.5989190987E+02   1.3394173E+11   1.5596242E+15   6.9068965E+00   7.7139937E-01   8.0225324E-04   9.9997460E-01    67 
    9.9987374E-01   9.9987375E-01   9.9987375E-01   9.9988926E-01   9.9989114E-01
    9.9989114E-01   9.9989115E-01   9.9989115E-01   9.9991206E-01   9.9990553E-01
    9.9990553E-01   9.9990302E-01   9.9990302E-01   9.9990693E-01   9.9990693E-01
    9.9992761E-01   9.9993087E-01   9.9993087E-01   9.9993096E-01   9.9993096E-01
    9.9993051E-01   9.9993768E-01   9.9994063E-01   9.9993792E-01   9.9993863E-01
    9.9994813E-01   9.9994775E-01   9.9994780E-01   9.9994536E-01   9.9995178E-01
    9.9995068E-01   9.9995000E-01   9.9994973E-01   9.9995185E-01   9.9995172E-01
    9.9995167E-01   9.9995164E-01   9.9995273E-01   9.9995276E-01   9.9995269E-01
    9.9995268E-01   9.9995339E-01   9.9995331E-01   9.9995325E-01   9.9995321E-01
    9.9995364E-01   9.9995358E-01   9.9995352E-01   9.9995342E-01

 1.5946348931E+02   1.7693252E+11   1.7648542E+15   7.1194369E+00   5.1998644E-01   7.1280993E-04   9.9997743E-01    68 
    9.9990756E-01   9.9990758E-01   9.9990758E-01   9.9991604E-01   9.9991765E-01
    9.9991765E-01   9.9991766E-01   9.9991766E-01   9.9993285E-01   9.9992671E-01
    9.9992671E-01   9.9992483E-01   9.9992483E-01   9.9992880E-01   9.9992880E-01
    9.9994788E-01   9.9994973E-01   9.9994973E-01   9.9994956E-01   9.9994956E-01
    9.9994902E-01   9.9995355E-01   9.9995517E-01   9.9995327E-01   9.9995463E-01
    9.9996204E-01   9.9996170E-01   9.9996164E-01   9.9996038E-01   9.9996561E-01
    9.9996474E-01   9.9996420E-01   9.9996394E-01   9.9996554E-01   9.9996547E-01
    9.9996545E-01   9.9996543E-01   9.9996626E-01   9.9996628E-01   9.9996623E-01
    9.9996622E-01   9.9996674E-01   9.9996668E-01   9.9996663E-01   9.9996662E-01
    9.9996691E-01   9.9996686E-01   9.9996682E-01   9.9996677E-01

 1.5924839170E+02   2.0023421E+11   1.8766206E+15   7.2282973E+00   4.2896187E-01   6.7218498E-04   9.9997871E-01    69 
    9.9989433E-01   9.9989435E-01   9.9989435E-01   9.9991017E-01   9.9991196E-01
    9.9991196E-01   9.9991198E-01   9.9991198E-01   9.9993045E-01   9.9992500E-01
    9.9992500E-01   9.9992324E-01   9.9992324E-01   9.9992639E-01   9.9992639E-01
    9.9994711E-01   9.9994906E-01   9.9994906E-01   9.9994890E-01   9.9994890E-01
    9.9994837E-01   9.9995322E-01   9.9995486E-01   9.9995318E-01   9.9995455E-01
    9.9996186E-01   9.9996153E-01   9.9996146E-01   9.9996046E-01   9.9996567E-01
    9.9996489E-01   9.9996438E-01   9.9996413E-01   9.9996575E-01   9.9996570E-01
    9.9996568E-01   9.9996567E-01   9.9996650E-01   9.9996653E-01   9.9996648E-01
    9.9996646E-01   9.9996698E-01   9.9996693E-01   9.9996689E-01   9.9996687E-01
    9.9996715E-01   9.9996711E-01   9.9996708E-01   9.9996702E-01

 1.5917659126E+02   2.0840345E+11   1.9157296E+15   7.2652912E+00   4.0178567E-01   6.5906207E-04   9.9997913E-01    70 
    9.9836366E-01   9.9842864E-01   9.9842864E-01   9.9915837E-01   9.9960900E-01
    9.9960900E-01   9.9919554E-01   9.9919554E-01   9.9975932E-01   9.9995703E-01
    9.9995703E-01   9.9968265E-01   9.9968265E-01   9.9917818E-01   9.9917818E-01
    9.9993306E-01   9.9996870E-01   9.9996870E-01   9.9978471E-01   9.9978471E-01
    9.9948850E-01   9.9993147E-01   9.9992469E-01   9.9982570E-01   9.9970060E-01
    1.0002908E+00   1.0003233E+00   1.0001730E+00   9.9982776E-01   9.9991847E-01
    9.9990678E-01   9.9988857E-01   9.9986605E-01   9.9988680E-01   9.9988460E-01
    9.9987810E-01   9.9987452E-01   9.9988327E-01   9.9988253E-01   9.9987956E-01
    9.9987833E-01   9.9988474E-01   9.9988434E-01   9.9988342E-01   9.9987998E-01
    9.9988470E-01   9.9988444E-01   9.9988389E-01   9.9988064E-01
