
 24-FEB-2004                           !Format date

 1.5759377935E+02     1.9729E+05       39       70

 3.0277439363E+04   2.1122143E+01   2.9210205E+05   9.3758552E-01   1.7884254E-04   1.9417711E+03   5.0000000E-02     1 
    3.5181455E-02   3.5181455E-02   2.2781640E-05   2.2781640E-05   2.2781640E-05
    5.2468465E-04   5.2468465E-04   4.5175997E-03   3.2640830E-03   3.2640830E-03
    4.9934016E-03   3.2620974E-03   3.2620974E-03   4.2313194E-06   7.0630108E-03
    7.0630108E-03   7.6887408E-06   7.6887408E-06   1.0804056E-01   2.0115317E-02
    2.0115317E-02   7.7436280E-06   7.7436280E-06   7.7436280E-06   3.7036615E-01
    3.7036615E-01   8.6813957E-04   8.6813957E-04   1.5601020E-03   1.5601020E-03
    3.5769321E-01   2.5028309E-02   2.5028309E-02   1.5014058E-04   1.5014058E-04
    8.7511676E-01   8.7511676E-01   5.5803174E-03   5.5803174E-03

 2.9965179420E+04   2.1564564E+01   2.9824990E+05   9.3916571E-01   1.7869455E-04   1.9416061E+03   5.0000000E-02     2 
    3.6312345E-02   3.6312345E-02   2.3794383E-05   2.3794383E-05   2.3794383E-05
    5.4232280E-04   5.4232280E-04   4.6432745E-03   3.3427301E-03   3.3427301E-03
    5.1063754E-03   3.3232308E-03   3.3232308E-03   4.3980892E-06   7.1824775E-03
    7.1824775E-03   7.9548513E-06   7.9548513E-06   1.0930436E-01   2.0324248E-02
    2.0324248E-02   7.9974292E-06   7.9974292E-06   7.9974292E-06   3.7364844E-01
    3.7364844E-01   8.7692059E-04   8.7692059E-04   1.5736072E-03   1.5736072E-03
    3.6041872E-01   2.5207176E-02   2.5207176E-02   1.5300201E-04   1.5300201E-04
    8.8059322E-01   8.8059322E-01   5.6133614E-03   5.6133614E-03

 2.9349946231E+04   2.2477939E+01   3.1094335E+05   9.4238450E-01   1.7839358E-04   1.9412703E+03   5.0000000E-02     3 
    3.8737686E-02   3.8737686E-02   2.5988589E-05   2.5988589E-05   2.5988589E-05
    5.7991264E-04   5.7991264E-04   4.9088305E-03   3.5080062E-03   3.5080062E-03
    5.3432788E-03   3.4507389E-03   3.4507389E-03   4.7542781E-06   7.4314532E-03
    7.4314532E-03   8.5185114E-06   8.5185114E-06   1.1191211E-01   2.0754547E-02
    2.0754547E-02   8.5336076E-06   8.5336076E-06   8.5336076E-06   3.8039304E-01
    3.8039304E-01   8.9503972E-04   8.9503972E-04   1.6013549E-03   1.6013549E-03
    3.6600921E-01   2.5573939E-02   2.5573939E-02   1.5896950E-04   1.5896950E-04
    8.9180824E-01   8.9180824E-01   5.6809762E-03   5.6809762E-03

 2.8158548489E+04   2.4419764E+01   3.3794302E+05   9.4909344E-01   1.7776976E-04   1.9405787E+03   5.0000000E-02     4 
    4.4384529E-02   4.4384529E-02   3.1182340E-05   3.1182340E-05   3.1182340E-05
    6.6589338E-04   6.6589338E-04   5.5056452E-03   3.8752705E-03   3.8752705E-03
    5.8673618E-03   3.7296981E-03   3.7296981E-03   5.5690892E-06   7.9747978E-03
    7.9747978E-03   9.7852382E-06   9.7852382E-06   1.1749315E-01   2.1671888E-02
    2.1671888E-02   9.7320231E-06   9.7320231E-06   9.7320231E-06   3.9470595E-01
    3.9470595E-01   9.3377381E-04   9.3377381E-04   1.6602044E-03   1.6602044E-03
    3.7782708E-01   2.6348447E-02   2.6348447E-02   1.7195605E-04   1.7195605E-04
    9.1542625E-01   9.1542625E-01   5.8232067E-03   5.8232067E-03

 2.5921396254E+04   2.8815182E+01   3.9911101E+05   9.6356729E-01   1.7643905E-04   1.9391189E+03   5.0000000E-02     5 
    5.9708045E-02   5.9708045E-02   4.5854684E-05   4.5854684E-05   4.5854684E-05
    8.9156836E-04   8.9156836E-04   7.0146596E-03   4.7819292E-03   4.7819292E-03
    7.1490524E-03   4.3965032E-03   4.3965032E-03   7.7128692E-06   9.2710258E-03
    9.2710258E-03   1.2995040E-05   1.2995040E-05   1.3021995E-01   2.3747212E-02
    2.3747212E-02   1.2737938E-05   1.2737938E-05   1.2737938E-05   4.2677921E-01
    4.2677921E-01   1.0220274E-03   1.0220274E-03   1.7918839E-03   1.7918839E-03
    4.0408893E-01   2.8065735E-02   2.8065735E-02   2.0275756E-04   2.0275756E-04
    9.6748510E-01   9.6748510E-01   6.1360497E-03   6.1360497E-03

 2.1967736276E+04   4.0112899E+01   5.5670658E+05   9.9705851E-01   1.7347970E-04   1.9358485E+03   5.0000000E-02     6 
    1.1877311E-01   1.1877311E-01   1.0787506E-04   1.0787506E-04   1.0787506E-04
    1.6969196E-03   1.6969196E-03   1.1967361E-02   7.6035257E-03   7.6035257E-03
    1.1055698E-02   6.3232948E-03   6.3232948E-03   1.5371422E-05   1.2942270E-02
    1.2942270E-02   2.3512741E-05   2.3512741E-05   1.6343260E-01   2.9071893E-02
    2.9071893E-02   2.2416896E-05   2.2416896E-05   2.2416896E-05   5.0734612E-01
    5.0734612E-01   1.2528000E-03   1.2528000E-03   2.1217078E-03   2.1217078E-03
    4.6889304E-01   3.2280977E-02   3.2280977E-02   2.9042281E-04   2.9042281E-04
    1.0935675E+00   1.0935675E+00   6.8911285E-03   6.8911285E-03

 1.5944608817E+04   7.6139820E+01   1.0614394E+06   1.0761907E+00   1.6734208E-04   1.9277486E+03   5.0000000E-02     7 
    5.4280405E-01   5.4280405E-01   6.7992484E-04   6.7992484E-04   6.7992484E-04
    6.6484025E-03   6.6484025E-03   3.7171602E-02   2.0355664E-02   2.0355664E-02
    2.7925322E-02   1.3664222E-02   1.3664222E-02   6.4164674E-05   2.6010464E-02
    2.6010464E-02   7.8082738E-05   7.8082738E-05   2.6477302E-01   4.4756592E-02
    4.4756592E-02   7.1970470E-05   7.1970470E-05   7.1970470E-05   7.3341448E-01
    7.3341448E-01   1.9871722E-03   1.9871722E-03   3.0461428E-03   3.0461428E-03
    6.4450486E-01   4.3572232E-02   4.3572232E-02   6.3153954E-04   6.3153954E-04
    1.4205316E+00   1.4205316E+00   8.8496759E-03   8.8496759E-03

 1.1578186745E+04   1.4459803E+02   2.0253899E+06   1.1620961E+00   1.6167606E-04   1.9164750E+03   5.0000000E-02     8 
    2.1529990E+00   2.1529990E+00   3.9389746E-03   3.9389746E-03   3.9389746E-03
    2.3847305E-02   2.3847305E-02   1.0729536E-01   5.1169992E-02   5.1169992E-02
    6.6647709E-02   2.8159479E-02   2.8159479E-02   2.6408058E-04   5.1094011E-02
    5.1094011E-02   2.5082459E-04   2.5082459E-04   4.1466544E-01   6.6955111E-02
    6.6955111E-02   2.3220255E-04   2.3220255E-04   2.3220255E-04   1.0303812E+00
    1.0303812E+00   3.2860566E-03   3.2860566E-03   4.3000933E-03   4.3000933E-03
    8.6973349E-01   5.7982117E-02   5.7982117E-02   1.4269386E-03   1.4269386E-03
    1.8162038E+00   1.8162038E+00   1.1280589E-02   1.1280589E-02

 8.4207358159E+03   2.7450026E+02   3.8609943E+06   1.2380110E+00   1.5757105E-04   1.9010687E+03   5.0000000E-02     9 
    5.3853445E+00   5.3853445E+00   1.5644062E-02   1.5644062E-02   1.5644062E-02
    6.3863078E-02   6.3863078E-02   2.4256878E-01   1.0417808E-01   1.0417808E-01
    1.3090255E-01   4.9629517E-02   4.9629517E-02   9.3197751E-04   8.9712400E-02
    8.9712400E-02   7.1360622E-04   7.1360622E-04   5.8443354E-01   9.1685383E-02
    9.1685383E-02   6.8082839E-04   6.8082839E-04   6.8082839E-04   1.3393235E+00
    1.3393235E+00   5.4736730E-03   5.4736730E-03   5.6760914E-03   5.6760914E-03
    1.0959837E+00   7.2855675E-02   7.2855675E-02   3.1362415E-03   3.1362415E-03
    2.1930030E+00   2.1930030E+00   1.3818944E-02   1.3818944E-02

 6.1358121764E+03   5.2122206E+02   7.3546328E+06   1.2953867E+00   1.5537536E-04   1.8800483E+03   5.0000000E-02    10 
    8.2095943E+00   8.2095943E+00   4.0491333E-02   4.0491333E-02   4.0491333E-02
    1.2474639E-01   1.2474639E-01   4.2029565E-01   1.6876462E-01   1.6876462E-01
    2.0824047E-01   7.4037071E-02   7.4037071E-02   2.7205417E-03   1.4048885E-01
    1.4048885E-01   1.7748697E-03   1.7748697E-03   7.3226480E-01   1.1422698E-01
    1.1422698E-01   1.7572568E-03   1.7572568E-03   1.7572568E-03   1.5993030E+00
    1.5993030E+00   9.2028220E-03   9.2028220E-03   7.0068140E-03   7.0068140E-03
    1.2793261E+00   8.6228297E-02   8.6228297E-02   6.5420325E-03   6.5420325E-03
    2.4807436E+00   2.4807436E+00   1.6321015E-02   1.6321015E-02

 4.4858232782E+03   9.8790691E+02   1.3973273E+07   1.3363712E+00   1.5479230E-04   1.8515845E+03   5.0000000E-02    11 
    8.8122642E+00   8.8122642E+00   7.6578191E-02   7.6578191E-02   7.6578191E-02
    1.9420428E-01   1.9420428E-01   6.0032768E-01   2.3180135E-01   2.3180135E-01
    2.8481457E-01   9.8300317E-02   9.8300317E-02   6.8412853E-03   2.0317826E-01
    2.0317826E-01   3.9850369E-03   3.9850369E-03   8.4013916E-01   1.3351302E-01
    1.3351302E-01   4.0910759E-03   4.0910759E-03   4.0910759E-03   1.7924339E+00
    1.7924339E+00   1.5818863E-02   1.5818863E-02   8.3899466E-03   8.3899466E-03
    1.4120599E+00   9.8836476E-02   9.8836476E-02   1.2992849E-02   1.2992849E-02
    2.6680188E+00   2.6680188E+00   1.9116185E-02   1.9116185E-02

 3.2956159032E+03   1.8650585E+03   2.6435524E+07   1.3676955E+00   1.5539550E-04   1.8134225E+03   5.0000000E-02    12 
    7.8608748E+00   7.8608748E+00   1.2191045E-01   1.2191045E-01   1.2191045E-01
    2.6674678E-01   2.6674678E-01   7.6841021E-01   2.9051007E-01   2.9051007E-01
    3.5886159E-01   1.2373152E-01   1.2373152E-01   1.5704308E-02   2.8288628E-01
    2.8288628E-01   8.3851446E-03   8.3851446E-03   9.2051922E-01   1.5289093E-01
    1.5289093E-01   8.9295667E-03   8.9295667E-03   8.9295667E-03   1.9528047E+00
    1.9528047E+00   2.7806546E-02   2.7806546E-02   1.0233218E-02   1.0233218E-02
    1.5065516E+00   1.1396359E-01   1.1396359E-01   2.4810400E-02   2.4810400E-02
    2.7792982E+00   2.7792982E+00   2.3001966E-02   2.3001966E-02

 2.4343634800E+03   3.5083755E+03   4.9844884E+07   1.3963696E+00   1.5684802E-04   1.7627559E+03   5.0000000E-02    13 
    6.6361738E+00   6.6361738E+00   1.8331892E-01   1.8331892E-01   1.8331892E-01
    3.4996147E-01   3.4996147E-01   9.3893034E-01   3.5208983E-01   3.5208983E-01
    4.3961136E-01   1.5574713E-01   1.5574713E-01   3.4601348E-02   3.9195592E-01
    3.9195592E-01   1.7024109E-02   1.7024109E-02   9.9839391E-01   1.7919641E-01
    1.7919641E-01   1.8920025E-02   1.8920025E-02   1.8920025E-02   2.1464406E+00
    2.1464406E+00   4.9458886E-02   4.9458886E-02   1.3361181E-02   1.3361181E-02
    1.5831865E+00   1.3761260E-01   1.3761260E-01   4.5917649E-02   4.5917649E-02
    2.8459575E+00   2.8459575E+00   2.9424305E-02   2.9424305E-02

 1.8085996331E+03   6.5833898E+03   9.3835314E+07   1.4283226E+00   1.5890377E-04   1.6964866E+03   5.0000000E-02    14 
    5.8092621E+00   5.8092621E+00   2.8252092E-01   2.8252092E-01   2.8252092E-01
    4.6281294E-01   4.6281294E-01   1.1393417E+00   4.2964587E-01   4.2964587E-01
    5.4140933E-01   2.0359565E-01   2.0359565E-01   7.5574846E-02   5.5361109E-01
    5.5361109E-01   3.3960619E-02   3.3960619E-02   1.1008912E+00   2.2207484E-01
    2.2207484E-01   3.9845343E-02   3.9845343E-02   3.9845343E-02   2.4391997E+00
    2.4391997E+00   8.7506290E-02   8.7506290E-02   1.9439693E-02   1.9439693E-02
    1.6654985E+00   1.8024432E-01   1.8024432E-01   8.2529793E-02   8.2529793E-02
    2.9010573E+00   2.9010573E+00   4.1113784E-02   4.1113784E-02

 1.3530612169E+03   1.2313612E+04   1.7640205E+08   1.4683338E+00   1.6127920E-04   1.6124209E+03   5.0000000E-02    15 
    5.6011834E+00   5.6011834E+00   4.6931910E-01   4.6931910E-01   4.6931910E-01
    6.3700253E-01   6.3700253E-01   1.4014759E+00   5.4123055E-01   5.4123055E-01
    6.7970384E-01   2.8286116E-01   2.8286116E-01   1.6525742E-01   8.1216312E-01
    8.1216312E-01   6.7211252E-02   6.7211252E-02   1.2532469E+00   2.9525322E-01
    2.9525322E-01   8.4181544E-02   8.4181544E-02   8.4181544E-02   2.8894910E+00
    2.8894910E+00   1.5066413E-01   1.5066413E-01   3.2049862E-02   3.2049862E-02
    1.7642473E+00   2.6054266E-01   2.6054266E-01   1.4363659E-01   1.4363659E-01
    2.9916737E+00   2.9916737E+00   6.3594809E-02   6.3594809E-02

 1.0201255720E+03   2.3001399E+04   3.3220354E+08   1.5180833E+00   1.6402226E-04   1.5063143E+03   5.0000000E-02    16 
    5.9648089E+00   5.9648089E+00   8.3710369E-01   8.3710369E-01   8.3710369E-01
    9.1042207E-01   9.1042207E-01   1.7380346E+00   7.0267699E-01   7.0267699E-01
    8.5764543E-01   4.1482577E-01   4.1482577E-01   3.5361221E-01   1.2466144E+00
    1.2466144E+00   1.3264715E-01   1.3264715E-01   1.4435130E+00   4.1421011E-01
    4.1421011E-01   1.7673514E-01   1.7673514E-01   1.7673514E-01   3.4457569E+00
    3.4457569E+00   2.4672167E-01   2.4672167E-01   5.9036407E-02   5.9036407E-02
    1.8664781E+00   4.0744837E-01   4.0744837E-01   2.4151351E-01   2.4151351E-01
    3.1422002E+00   3.1422002E+00   1.0803325E-01   1.0803325E-01

 7.7679162595E+02   4.2980052E+04   6.2839031E+08   1.5709702E+00   1.6779673E-04   1.3733507E+03   5.0000000E-02    17 
    6.3328997E+00   6.3328997E+00   1.4370538E+00   1.4370538E+00   1.4370538E+00
    1.2722194E+00   1.2722194E+00   2.1270642E+00   8.9485524E-01   8.9485524E-01
    1.0435269E+00   6.0732009E-01   6.0732009E-01   6.9173554E-01   1.9491467E+00
    1.9491467E+00   2.5903910E-01   2.5903910E-01   1.5447774E+00   5.8561284E-01
    5.8561284E-01   3.5193285E-01   3.5193285E-01   3.5193285E-01   3.7387602E+00
    3.7387602E+00   3.8124031E-01   3.8124031E-01   1.1612403E-01   1.1612403E-01
    1.8662581E+00   6.4699362E-01   6.4699362E-01   4.0095516E-01   4.0095516E-01
    3.2282696E+00   3.2282696E+00   1.9489842E-01   1.9489842E-01

 5.9960366494E+02   8.0846399E+04   1.1990624E+09   1.6014236E+00   1.7401243E-04   1.2077974E+03   5.0000000E-02    18 
    4.9583908E+00   4.9583908E+00   1.7509221E+00   1.7509221E+00   1.7509221E+00
    1.4653578E+00   1.4653578E+00   2.4026750E+00   9.6952100E-01   9.6952100E-01
    1.1354133E+00   8.0038808E-01   8.0038808E-01   1.1433726E+00   2.8318821E+00
    2.8318821E+00   4.5917120E-01   4.5917120E-01   1.4095644E+00   7.8280379E-01
    7.8280379E-01   5.8883387E-01   5.8883387E-01   5.8883387E-01   3.0104182E+00
    3.0104182E+00   5.8445845E-01   5.8445845E-01   2.2409657E-01   2.2409657E-01
    1.7743189E+00   9.5502624E-01   9.5502624E-01   6.9023578E-01   6.9023578E-01
    2.9713963E+00   2.9713963E+00   3.4167058E-01   3.4167058E-01

 4.7218338234E+02   1.5114189E+05   2.2877945E+09   1.6310055E+00   1.7761771E-04   1.0205541E+03   5.0000000E-02    19 
    3.7254068E+00   3.7254068E+00   1.8831659E+00   1.8831659E+00   1.8831659E+00
    1.6597109E+00   1.6597109E+00   2.6448370E+00   9.9193585E-01   9.9193585E-01
    1.1868937E+00   1.1381917E+00   1.1381917E+00   1.9030144E+00   4.2210432E+00
    4.2210432E+00   7.3377996E-01   7.3377996E-01   1.4559691E+00   1.1101042E+00
    1.1101042E+00   8.4653885E-01   8.4653885E-01   8.4653885E-01   2.2238362E+00
    2.2238362E+00   1.1182947E+00   1.1182947E+00   4.4195046E-01   4.4195046E-01
    2.5043562E+00   1.3949997E+00   1.3949997E+00   1.1281743E+00   1.1281743E+00
    3.0150704E+00   3.0150704E+00   5.6327373E-01   5.6327373E-01

 3.8057964343E+02   2.8038195E+05   4.3598842E+09   1.6807652E+00   1.7251935E-04   8.2412571E+02   5.0000000E-02    20 
    3.2842525E+00   3.2842525E+00   2.1481347E+00   2.1481347E+00   2.1481347E+00
    2.0481500E+00   2.0481500E+00   3.1098012E+00   1.1018412E+00   1.1018412E+00
    1.2337816E+00   1.7322147E+00   1.7322147E+00   2.8981207E+00   6.3379305E+00
    6.3379305E+00   1.1294454E+00   1.1294454E+00   1.6016384E+00   1.5298482E+00
    1.5298482E+00   1.1034743E+00   1.1034743E+00   1.1034743E+00   2.4808315E+00
    2.4808315E+00   1.9599034E+00   1.9599034E+00   8.5541648E-01   8.5541648E-01
    3.0740082E+00   1.6501636E+00   1.6501636E+00   1.6064332E+00   1.6064332E+00
    3.1768500E+00   3.1768500E+00   9.0635731E-01   9.0635731E-01

 3.1480425877E+02   5.1812262E+05   8.3750395E+09   1.7523991E+00   1.6104410E-04   6.2681169E+02   5.0000001E-02    21 
    3.3363100E+00   3.3363100E+00   2.6045517E+00   2.6045517E+00   2.6045517E+00
    2.4901057E+00   2.4901057E+00   4.1363354E+00   1.2161128E+00   1.2161128E+00
    1.4660579E+00   2.4543419E+00   2.4543419E+00   3.7653208E+00   8.5078530E+00
    8.5078530E+00   1.5497072E+00   1.5497072E+00   1.7343463E+00   2.0633201E+00
    2.0633201E+00   1.2963703E+00   1.2963703E+00   1.2963703E+00   2.7926183E+00
    2.7926183E+00   2.2181327E+00   2.2181327E+00   1.4539807E+00   1.4539807E+00
    3.7426743E+00   1.8367267E+00   1.8367267E+00   2.2759988E+00   2.2759988E+00
    2.9787308E+00   2.9787308E+00   1.3953243E+00   1.3953243E+00

 2.6793352688E+02   9.6998321E+05   1.6289492E+10   1.8376751E+00   1.6980680E-04   4.4464331E+02   5.0000347E-02    22 
    4.0521008E+00   4.0521008E+00   3.4843371E+00   3.4843371E+00   3.4843371E+00
    2.9841601E+00   2.9841601E+00   4.4558765E+00   1.2457625E+00   1.2457625E+00
    1.7268166E+00   2.7849680E+00   2.7849680E+00   4.6320458E+00   9.2897732E+00
    9.2897732E+00   2.1437368E+00   2.1437368E+00   1.2537174E+00   2.2373621E+00
    2.2373621E+00   1.5502699E+00   1.5502699E+00   1.5502699E+00   1.8869467E+00
    1.8869467E+00   3.2597155E+00   3.2597155E+00   2.0271450E+00   2.0271450E+00
    3.1341070E+00   1.6363160E+00   1.6363160E+00   2.8555998E+00   2.8555998E+00
    1.8407242E+00   1.8407242E+00   1.8147307E+00   1.8147307E+00

 2.3840875744E+02   1.7009831E+06   2.9755232E+10   1.9426304E+00   2.0841171E-04   3.0703843E+02   5.0034110E-02    23 
    6.7159053E+00   6.7159053E+00   5.8646545E+00   5.8646545E+00   5.8646545E+00
    3.6395856E+00   3.6395856E+00   5.3416184E+00   1.4885953E+00   1.4885953E+00
    2.0963416E+00   2.9921447E+00   2.9921447E+00   6.3278922E+00   8.5099143E+00
    8.5099143E+00   2.5042759E+00   2.5042759E+00   1.4150781E+00   2.2088882E+00
    2.2088882E+00   1.9755673E+00   1.9755673E+00   1.9755673E+00   2.0658444E+00
    2.0658444E+00   4.0602121E+00   4.0602121E+00   2.2350873E+00   2.2350873E+00
    2.5795915E+00   2.8087307E+00   2.8087307E+00   3.1677554E+00   3.1677554E+00
    2.8435342E+00   2.8435342E+00   1.8959532E+00   1.8959532E+00

 2.1955677696E+02   2.8531866E+06   5.0032795E+10   2.0185873E+00   2.5464070E-04   2.1184714E+02   5.0814558E-02    24 
    8.8272304E+00   8.8272304E+00   7.9990198E+00   7.9990198E+00   7.9990198E+00
    5.6704015E+00   5.6704015E+00   4.6031521E+00   1.3552792E+00   1.3552792E+00
    2.1465068E+00   3.1312198E+00   3.1312198E+00   6.7231719E+00   7.3145320E+00
    7.3145320E+00   3.6712875E+00   3.6712875E+00   1.5918981E+00   3.2692278E+00
    3.2692278E+00   2.1262718E+00   2.1262718E+00   2.1262718E+00   1.8326687E+00
    1.8326687E+00   5.7369665E+00   5.7369665E+00   2.3750267E+00   2.3750267E+00
    2.1320646E+00   4.0514057E+00   4.0514057E+00   2.9155016E+00   2.9155016E+00
    3.3966481E+00   3.3966481E+00   2.2167832E+00   2.2167832E+00

 2.0689916008E+02   4.1524003E+06   7.2450888E+10   2.0673225E+00   2.8386275E-04   1.4595043E+02   5.7326131E-02    25 
    9.7133447E+00   9.7133447E+00   9.0163126E+00   9.0163126E+00   9.0163126E+00
    6.7231399E+00   6.7231399E+00   5.7448822E+00   1.2295785E+00   1.2295785E+00
    2.1993870E+00   3.3206343E+00   3.3206343E+00   5.3190207E+00   6.4402573E+00
    6.4402573E+00   4.3757873E+00   4.3757873E+00   1.8157200E+00   3.4055406E+00
    3.4055406E+00   1.9992749E+00   1.9992749E+00   1.9992749E+00   1.6271755E+00
    1.6271755E+00   5.9743584E+00   5.9743584E+00   2.4134298E+00   2.4134298E+00
    1.9356164E+00   4.8026356E+00   4.8026356E+00   3.0345242E+00   3.0345242E+00
    3.0422625E+00   3.0422625E+00   2.4343448E+00   2.4343448E+00

 1.9803720198E+02   4.5306211E+06   7.9015380E+10   2.0867186E+00   2.6010056E-04   1.0063172E+02   8.3184112E-02    26 
    9.3829894E+00   9.3829894E+00   8.6662432E+00   8.6662432E+00   8.6662432E+00
    5.7952442E+00   5.7952442E+00   6.5484697E+00   1.1288464E+00   1.1288464E+00
    2.1352135E+00   3.2447535E+00   3.2447535E+00   3.8274356E+00   5.9451933E+00
    5.9451933E+00   3.8805033E+00   3.8805033E+00   2.0408747E+00   2.6028118E+00
    2.6028118E+00   1.7764968E+00   1.7764968E+00   1.7764968E+00   1.6340779E+00
    1.6340779E+00   4.6518555E+00   4.6518555E+00   2.3329849E+00   2.3329849E+00
    1.8237324E+00   4.5808616E+00   4.5808616E+00   3.0913266E+00   3.0913266E+00
    2.8288159E+00   2.8288159E+00   2.3713127E+00   2.3713127E+00

 1.9162381604E+02   4.0525048E+06   7.0727506E+10   2.0828399E+00   2.1348162E-04   6.9480166E+01   1.4373357E-01    27 
    8.3943726E+00   8.3943726E+00   7.5988470E+00   7.5988470E+00   7.5988470E+00
    4.0585875E+00   4.0585875E+00   5.8200560E+00   9.9767792E-01   9.9767792E-01
    1.8974005E+00   2.8762929E+00   2.8762929E+00   2.8054879E+00   5.5529042E+00
    5.5529042E+00   2.6559580E+00   2.6559580E+00   2.0628116E+00   1.8411195E+00
    1.8411195E+00   1.5970334E+00   1.5970334E+00   1.5970334E+00   1.6539422E+00
    1.6539422E+00   3.0402669E+00   3.0402669E+00   2.1687726E+00   2.1687726E+00
    1.7405106E+00   3.7423029E+00   3.7423029E+00   2.9483663E+00   2.9483663E+00
    2.7598195E+00   2.7598195E+00   2.1700453E+00   2.1700453E+00

 1.8682444777E+02   3.6888513E+06   6.3992300E+10   2.0631056E+00   1.8664452E-04   4.7924819E+01   2.4228296E-01    28 
    7.0595936E+00   7.0595936E+00   6.2643438E+00   6.2643438E+00   6.2643438E+00
    2.5241731E+00   2.5241731E+00   4.3461699E+00   8.5421383E-01   8.5421383E-01
    1.5962050E+00   2.3951952E+00   2.3951952E+00   2.0749046E+00   5.1251127E+00
    5.1251127E+00   1.5723031E+00   1.5723031E+00   1.9046364E+00   1.3512264E+00
    1.3512264E+00   1.4519115E+00   1.4519115E+00   1.4519115E+00   1.5878850E+00
    1.5878850E+00   1.8113724E+00   1.8113724E+00   1.9818289E+00   1.9818289E+00
    1.6724678E+00   2.8131500E+00   2.8131500E+00   2.5500877E+00   2.5500877E+00
    2.4800993E+00   2.4800993E+00   1.9490624E+00   1.9490624E+00

 1.8310074271E+02   3.7344518E+06   6.3998048E+10   2.0397045E+00   1.8291146E-04   3.3093420E+01   3.6524433E-01    29 
    5.8386478E+00   5.8386478E+00   5.1070019E+00   5.1070019E+00   5.1070019E+00
    1.5342386E+00   1.5342386E+00   3.0472215E+00   7.3161877E-01   7.3161877E-01
    1.3385972E+00   1.9796953E+00   1.9796953E+00   1.5638208E+00   4.7189133E+00
    4.7189133E+00   9.0790338E-01   9.0790338E-01   1.6933389E+00   1.0722243E+00
    1.0722243E+00   1.3339001E+00   1.3339001E+00   1.3339001E+00   1.4737534E+00
    1.4737534E+00   1.0696062E+00   1.0696062E+00   1.8318626E+00   1.8318626E+00
    1.6141244E+00   2.0863724E+00   2.0863724E+00   2.0799275E+00   2.0799275E+00
    2.0327682E+00   2.0327682E+00   1.7766413E+00   1.7766413E+00

 1.8015423889E+02   4.1931808E+06   7.0639043E+10   2.0163205E+00   1.9763269E-04   2.3073764E+01   4.9024725E-01    30 
    4.8020792E+00   4.8020792E+00   4.1624539E+00   4.1624539E+00   4.1624539E+00
    9.4255416E-01   9.4255416E-01   2.1065163E+00   6.3373258E-01   6.3373258E-01
    1.1367254E+00   1.6552952E+00   1.6552952E+00   1.1954056E+00   4.3358051E+00
    4.3358051E+00   5.3992238E-01   5.3992238E-01   1.4892982E+00   9.0754651E-01
    9.0754651E-01   1.2319999E+00   1.2319999E+00   1.2319999E+00   1.3541604E+00
    1.3541604E+00   6.4964999E-01   6.4964999E-01   1.7168096E+00   1.7168096E+00
    1.5554026E+00   1.5737887E+00   1.5737887E+00   1.6593873E+00   1.6593873E+00
    1.5841656E+00   1.5841656E+00   1.6508557E+00   1.6508557E+00

 1.7827430945E+02   5.1061912E+06   8.4021289E+10   1.9871754E+00   2.3234454E-04   1.5982761E+01   6.0763425E-01    31 
    3.7953364E+00   3.7953364E+00   3.2761927E+00   3.2761927E+00   3.2761927E+00
    5.7930630E-01   5.7930630E-01   1.4317207E+00   5.4533741E-01   5.4533741E-01
    9.5903155E-01   1.3899564E+00   1.3899564E+00   9.0344019E-01   3.9652499E+00
    3.9652499E+00   3.3172715E-01   3.3172715E-01   1.3030303E+00   7.9276068E-01
    7.9276068E-01   1.1196939E+00   1.1196939E+00   1.1196939E+00   1.2363944E+00
    1.2363944E+00   4.0846070E-01   4.0846070E-01   1.6102034E+00   1.6102034E+00
    1.4913381E+00   1.2080436E+00   1.2080436E+00   1.3042590E+00   1.3042590E+00
    1.1878671E+00   1.1878671E+00   1.5457130E+00   1.5457130E+00

 1.7739770303E+02   6.5862727E+06   1.0618754E+11   1.9621384E+00   2.9142935E-04   1.0931945E+01   7.0988384E-01    32 
    3.0910060E+00   3.0910060E+00   2.6688745E+00   2.6688745E+00   2.6688745E+00
    4.1677128E-01   4.1677128E-01   1.0941489E+00   4.8795702E-01   4.8795702E-01
    8.4262105E-01   1.2284176E+00   1.2284176E+00   7.3159994E-01   3.6871473E+00
    3.6871473E+00   2.4440436E-01   2.4440436E-01   1.1812032E+00   7.2955529E-01
    7.2955529E-01   1.0288540E+00   1.0288540E+00   1.0288540E+00   1.1581609E+00
    1.1581609E+00   3.0650725E-01   3.0650725E-01   1.5299169E+00   1.5299169E+00
    1.4377793E+00   1.0248828E+00   1.0248828E+00   1.1129079E+00   1.1129079E+00
    9.5806980E-01   9.5806980E-01   1.4756145E+00   1.4756145E+00

 1.7690512852E+02   8.7082565E+06   1.3838607E+11   1.9451284E+00   3.7568792E-04   7.6061240E+00   7.8724813E-01    33 
    2.6654085E+00   2.6654085E+00   2.3039300E+00   2.3039300E+00   2.3039300E+00
    3.4052303E-01   3.4052303E-01   9.2428091E-01   4.5785066E-01   4.5785066E-01
    7.7324551E-01   1.1311916E+00   1.1311916E+00   6.3381697E-01   3.4870477E+00
    3.4870477E+00   2.0463723E-01   2.0463723E-01   1.1040144E+00   6.9375208E-01
    6.9375208E-01   9.6692072E-01   9.6692072E-01   9.6692072E-01   1.1119076E+00
    1.1119076E+00   2.5995941E-01   2.5995941E-01   1.4707809E+00   1.4707809E+00
    1.3957807E+00   9.3185009E-01   9.3185009E-01   1.0133994E+00   1.0133994E+00
    8.2850506E-01   8.2850506E-01   1.4261463E+00   1.4261463E+00

 1.7653440763E+02   1.1877920E+07   1.8678316E+11   1.9337576E+00   4.9765658E-04   5.2580383E+00   8.4727052E-01    34 
    2.3833067E+00   2.3833067E+00   2.0625950E+00   2.0625950E+00   2.0625950E+00
    3.0070290E-01   3.0070290E-01   8.3101786E-01   4.4738703E-01   4.4738703E-01
    7.3113847E-01   1.0638541E+00   1.0638541E+00   5.7360806E-01   3.3138465E+00
    3.3138465E+00   1.8492825E-01   1.8492825E-01   1.0483054E+00   6.7080298E-01
    6.7080298E-01   9.2233068E-01   9.2233068E-01   9.2233068E-01   1.0836555E+00
    1.0836555E+00   2.3734849E-01   2.3734849E-01   1.4177997E+00   1.4177997E+00
    1.3563368E+00   8.8261289E-01   8.8261289E-01   9.6164334E-01   9.6164334E-01
    7.5149353E-01   7.5149353E-01   1.3819814E+00   1.3819814E+00

 1.7613553511E+02   1.6559018E+07   2.5819434E+11   1.9244007E+00   6.6290792E-04   3.6305130E+00   8.9171787E-01    35 
    2.1253073E+00   2.1253073E+00   1.8430095E+00   1.8430095E+00   1.8430095E+00
    2.7788615E-01   2.7788615E-01   7.7043240E-01   4.5638580E-01   4.5638580E-01
    7.0212984E-01   9.9699556E-01   9.9699556E-01   5.2811230E-01   3.0863354E+00
    3.0863354E+00   1.7616057E-01   1.7616057E-01   9.9191734E-01   6.5024465E-01
    6.5024465E-01   8.7895031E-01   8.7895031E-01   8.7895031E-01   1.0636430E+00
    1.0636430E+00   2.2875462E-01   2.2875462E-01   1.3443015E+00   1.3443015E+00
    1.3037322E+00   8.5838552E-01   8.5838552E-01   9.3834274E-01   9.3834274E-01
    7.0085830E-01   7.0085830E-01   1.3227837E+00   1.3227837E+00

 1.7573160888E+02   2.3398237E+07   3.6226627E+11   1.9148602E+00   8.7751536E-04   2.5092067E+00   9.2377400E-01    36 
    1.8509762E+00   1.8509762E+00   1.6114036E+00   1.6114036E+00   1.6114036E+00
    2.6960210E-01   2.6960210E-01   7.3343045E-01   4.8411754E-01   4.8411754E-01
    6.8231995E-01   9.2073485E-01   9.2073485E-01   4.9308967E-01   2.7678970E+00
    2.7678970E+00   1.7824970E-01   1.7824970E-01   9.2877684E-01   6.2863486E-01
    6.2863486E-01   8.3099122E-01   8.3099122E-01   8.3099122E-01   1.0469770E+00
    1.0469770E+00   2.3495929E-01   2.3495929E-01   1.2349008E+00   1.2349008E+00
    1.2343010E+00   8.5973579E-01   8.5973579E-01   9.4426843E-01   9.4426843E-01
    6.7628307E-01   6.7628307E-01   1.2384652E+00   1.2384652E+00

 1.7534069489E+02   3.3422907E+07   5.1398497E+11   1.9019417E+00   1.1507108E-03   1.7334522E+00   9.4666313E-01    37 
    1.5330022E+00   1.5330022E+00   1.3440612E+00   1.3440612E+00   1.3440612E+00
    2.6935578E-01   2.6935578E-01   7.0713119E-01   5.2314912E-01   5.2314912E-01
    6.6458193E-01   8.2765471E-01   8.2765471E-01   4.6292102E-01   2.3441154E+00
    2.3441154E+00   1.8886090E-01   1.8886090E-01   8.5427632E-01   6.0273698E-01
    6.0273698E-01   7.7367877E-01   7.7367877E-01   7.7367877E-01   1.0248801E+00
    1.0248801E+00   2.5413948E-01   2.5413948E-01   1.0814120E+00   1.0814120E+00
    1.1490507E+00   8.8110255E-01   8.8110255E-01   9.7573756E-01   9.7573756E-01
    6.7186711E-01   6.7186711E-01   1.1247096E+00   1.1247096E+00

 1.7497678040E+02   4.8061862E+07   7.3417907E+11   1.8855781E+00   1.4909258E-03   1.1981589E+00   9.6280598E-01    38 
    1.2074127E+00   1.2074127E+00   1.0701671E+00   1.0701671E+00   1.0701671E+00
    2.7276371E-01   2.7276371E-01   6.8892317E-01   5.6687625E-01   5.6687625E-01
    6.4873727E-01   7.2719856E-01   7.2719856E-01   4.3972941E-01   1.8641900E+00
    1.8641900E+00   2.0594243E-01   2.0594243E-01   7.7409586E-01   5.7538969E-01
    5.7538969E-01   7.1281907E-01   7.1281907E-01   7.1281907E-01   9.9145225E-01
    9.9145225E-01   2.8473026E-01   2.8473026E-01   8.9936803E-01   8.9936803E-01
    1.0583289E+00   9.1789867E-01   9.1789867E-01   1.0310950E+00   1.0310950E+00
    6.8523557E-01   6.8523557E-01   9.9503801E-01   9.9503801E-01

 1.7464380422E+02   6.9484514E+07   1.0551663E+12   1.8689991E+00   1.9084524E-03   8.2707995E-01   9.7416687E-01    39 
    9.2947157E-01   9.2947157E-01   8.3601295E-01   8.3601295E-01   8.3601295E-01
    2.8020476E-01   2.8020476E-01   6.8327380E-01   6.1357971E-01   6.1357971E-01
    6.3997090E-01   6.3911326E-01   6.3911326E-01   4.3053708E-01   1.4139023E+00
    1.4139023E+00   2.2911122E-01   2.2911122E-01   7.0004952E-01   5.5512468E-01
    5.5512468E-01   6.6064282E-01   6.6064282E-01   6.6064282E-01   9.4527008E-01
    9.4527008E-01   3.2689258E-01   3.2689258E-01   7.2178223E-01   7.2178223E-01
    9.7788541E-01   9.6793842E-01   9.6793842E-01   1.1091458E+00   1.1091458E+00
    7.1404840E-01   7.1404840E-01   8.7632481E-01   8.7632481E-01

 1.7434309382E+02   1.0054976E+08   1.5208079E+12   1.8568197E+00   2.4042123E-03   5.7117188E-01   9.8208398E-01    40 
    7.2822076E-01   7.2822076E-01   6.6704131E-01   6.6704131E-01   6.6704131E-01
    2.9587182E-01   2.9587182E-01   6.9679099E-01   6.6407688E-01   6.6407688E-01
    6.4413282E-01   5.8129370E-01   5.8129370E-01   4.4253594E-01   1.0676069E+00
    1.0676069E+00   2.5990000E-01   2.5990000E-01   6.4377078E-01   5.5207086E-01
    5.5207086E-01   6.2882035E-01   6.2882035E-01   6.2882035E-01   8.9079017E-01
    8.9079017E-01   3.8275322E-01   3.8275322E-01   5.8284118E-01   5.8284118E-01
    9.2292794E-01   1.0295351E+00   1.0295351E+00   1.2065300E+00   1.2065300E+00
    7.5460852E-01   7.5460852E-01   7.9567029E-01   7.9567029E-01

 1.7407250097E+02   1.4528811E+08   2.1947524E+12   1.8526191E+00   2.9711951E-03   3.9479474E-01   9.8758007E-01    41 
    5.9947485E-01   5.9947485E-01   5.6074438E-01   5.6074438E-01   5.6074438E-01
    3.2271694E-01   3.2271694E-01   7.3250772E-01   7.1665479E-01   7.1665479E-01
    6.6289952E-01   5.5919061E-01   5.5919061E-01   4.8024266E-01   8.4753596E-01
    8.4753596E-01   2.9991090E-01   2.9991090E-01   6.1126857E-01   5.7116983E-01
    5.7116983E-01   6.2400702E-01   6.2400702E-01   6.2400702E-01   8.3684911E-01
    8.3684911E-01   4.5365487E-01   4.5365487E-01   4.9803604E-01   4.9803604E-01
    9.0124266E-01   1.0954748E+00   1.0954748E+00   1.3131424E+00   1.3131424E+00
    8.0392824E-01   8.0392824E-01   7.6354378E-01   7.6354378E-01

 1.7382669914E+02   2.0982634E+08   3.1756830E+12   1.8580907E+00   3.5872467E-03   2.7255660E-01   9.9140813E-01    42 
    5.2401959E-01   5.2401959E-01   5.0112606E-01   5.0112606E-01   5.0112606E-01
    3.5938759E-01   3.5938759E-01   7.8570867E-01   7.6465175E-01   7.6465175E-01
    6.9283859E-01   5.6710868E-01   5.6710868E-01   5.4418854E-01   7.3478509E-01
    7.3478509E-01   3.4964251E-01   3.4964251E-01   6.0230415E-01   6.1006437E-01
    6.1006437E-01   6.4710915E-01   6.4710915E-01   6.4710915E-01   7.9301560E-01
    7.9301560E-01   5.3771630E-01   5.3771630E-01   4.6405269E-01   4.6405269E-01
    9.0959451E-01   1.1509037E+00   1.1509037E+00   1.4077237E+00   1.4077237E+00
    8.5912268E-01   8.5912268E-01   7.7332891E-01   7.7332891E-01

 1.7359885938E+02   3.0223568E+08   4.5977890E+12   1.8737786E+00   4.1839837E-03   1.8824160E-01   9.9405768E-01    43 
    4.8357954E-01   4.8357954E-01   4.7227609E-01   4.7227609E-01   4.7227609E-01
    4.0106661E-01   4.0106661E-01   8.4748320E-01   8.0284540E-01   8.0284540E-01
    7.2744489E-01   5.9597864E-01   5.9597864E-01   6.2947966E-01   7.0085237E-01
    7.0085237E-01   4.0933777E-01   4.0933777E-01   6.1389982E-01   6.6184596E-01
    6.6184596E-01   6.9444462E-01   6.9444462E-01   6.9444462E-01   7.6703962E-01
    7.6703962E-01   6.3014713E-01   6.3014713E-01   4.7130355E-01   4.7130355E-01
    9.3694039E-01   1.1820072E+00   1.1820072E+00   1.4669417E+00   1.4669417E+00
    9.1446787E-01   9.1446787E-01   8.1085599E-01   8.1085599E-01

 1.7337762006E+02   4.3365324E+08   6.6545931E+12   1.9006550E+00   4.6456237E-03   1.3015053E-01   9.9588749E-01    44 
    4.6654899E-01   4.6654899E-01   4.6388879E-01   4.6388879E-01   4.6388879E-01
    4.4354906E-01   4.4354906E-01   9.1116143E-01   8.3603538E-01   8.3603538E-01
    7.6264814E-01   6.3915644E-01   6.3915644E-01   7.2795630E-01   7.1958592E-01
    7.1958592E-01   4.8224208E-01   4.8224208E-01   6.4377141E-01   7.2002580E-01
    7.2002580E-01   7.6030264E-01   7.6030264E-01   7.6030264E-01   7.6261162E-01
    7.6261162E-01   7.2776929E-01   7.2776929E-01   5.1084211E-01   5.1084211E-01
    9.7130978E-01   1.1862412E+00   1.1862412E+00   1.4792166E+00   1.4792166E+00
    9.6314550E-01   9.6314550E-01   8.6113204E-01   8.6113204E-01

 1.7315891716E+02   6.0744289E+08   9.4390142E+12   1.9390582E+00   4.7994729E-03   9.1877880E-02   9.9709498E-01    45 
    4.6692239E-01   4.6692239E-01   4.7029661E-01   4.7029661E-01   4.7029661E-01
    4.8275073E-01   4.8275073E-01   9.6866278E-01   8.7006662E-01   8.7006662E-01
    7.9679993E-01   6.9016088E-01   6.9016088E-01   8.2504736E-01   7.6579842E-01
    7.6579842E-01   5.6802120E-01   5.6802120E-01   6.8772833E-01   7.7722321E-01
    7.7722321E-01   8.3236993E-01   8.3236993E-01   8.3236993E-01   7.7825971E-01
    7.7825971E-01   8.2270764E-01   8.2270764E-01   5.7270417E-01   5.7270417E-01
    1.0013453E+00   1.1704669E+00   1.1704669E+00   1.4460420E+00   1.4460420E+00
    9.9803437E-01   9.9803437E-01   9.0895824E-01   9.0895824E-01

 1.7295155058E+02   8.0151206E+08   1.2650491E+13   1.9854793E+00   4.5702782E-03   6.8668721E-02   9.9782798E-01    46 
    4.7967202E-01   4.7967202E-01   4.8661299E-01   4.8661299E-01   4.8661299E-01
    5.1577865E-01   5.1577865E-01   1.0121122E+00   9.0298005E-01   9.0298005E-01
    8.2882962E-01   7.4064750E-01   7.4064750E-01   9.0524917E-01   8.1696932E-01
    8.1696932E-01   6.5390960E-01   6.5390960E-01   7.3609236E-01   8.2606497E-01
    8.2606497E-01   8.9338533E-01   8.9338533E-01   8.9338533E-01   8.0567014E-01
    8.0567014E-01   9.0024052E-01   9.0024052E-01   6.4288667E-01   6.4288667E-01
    1.0203892E+00   1.1474915E+00   1.1474915E+00   1.3869417E+00   1.3869417E+00
    1.0177769E+00   1.0177769E+00   9.4464533E-01   9.4464533E-01

 1.7274424178E+02   1.0014964E+09   1.6113040E+13   2.0395068E+00   4.0468659E-03   5.4018364E-02   9.9829096E-01    47 
    5.0188108E-01   5.0188108E-01   5.1082804E-01   5.1082804E-01   5.1082804E-01
    5.4705021E-01   5.4705021E-01   1.0441923E+00   9.3342209E-01   9.3342209E-01
    8.6024137E-01   7.8928883E-01   7.8928883E-01   9.7027122E-01   8.6551732E-01
    8.6551732E-01   7.3440282E-01   7.3440282E-01   7.8486340E-01   8.6844753E-01
    8.6844753E-01   9.4015577E-01   9.4015577E-01   9.4015577E-01   8.3830462E-01
    8.3830462E-01   9.6019602E-01   9.6019602E-01   7.1570138E-01   7.1570138E-01
    1.0316957E+00   1.1259023E+00   1.1259023E+00   1.3207668E+00   1.3207668E+00
    1.0289481E+00   1.0289481E+00   9.7091128E-01   9.7091128E-01

 1.7252898312E+02   1.2055244E+09   1.9864992E+13   2.1014021E+00   3.4018497E-03   4.3912639E-02   9.9861045E-01    48 
    5.3307459E-01   5.3307459E-01   5.4306012E-01   5.4306012E-01   5.4306012E-01
    5.8090202E-01   5.8090202E-01   1.0682002E+00   9.6055734E-01   9.6055734E-01
    8.9151714E-01   8.3540425E-01   8.3540425E-01   1.0252450E+00   9.0857022E-01
    9.0857022E-01   8.0745626E-01   8.0745626E-01   8.3233099E-01   9.0604005E-01
    9.0604005E-01   9.7508480E-01   9.7508480E-01   9.7508480E-01   8.7162557E-01
    8.7162557E-01   1.0061313E+00   1.0061313E+00   7.8649128E-01   7.8649128E-01
    1.0390380E+00   1.1080086E+00   1.1080086E+00   1.2572459E+00   1.2572459E+00
    1.0358578E+00   1.0358578E+00   9.9105231E-01   9.9105231E-01

 1.7229938834E+02   1.4234995E+09   2.4197297E+13   2.1727247E+00   2.7574226E-03   3.6139178E-02   9.9885628E-01    49 
    5.7332181E-01   5.7332181E-01   5.8390555E-01   5.8390555E-01   5.8390555E-01
    6.2112409E-01   6.2112409E-01   1.0886620E+00   9.8431661E-01   9.8431661E-01
    9.2263527E-01   8.7931397E-01   8.7931397E-01   1.0751194E+00   9.4577984E-01
    9.4577984E-01   8.7523302E-01   8.7523302E-01   8.7819854E-01   9.4029802E-01
    9.4029802E-01   1.0016873E+00   1.0016873E+00   1.0016873E+00   9.0346450E-01
    9.0346450E-01   1.0437977E+00   1.0437977E+00   8.5207325E-01   8.5207325E-01
    1.0448864E+00   1.0938872E+00   1.0938872E+00   1.2010061E+00   1.2010061E+00
    1.0410889E+00   1.0410889E+00   1.0074859E+00   1.0074859E+00

 1.7205208478E+02   1.6574186E+09   2.9410988E+13   2.2554649E+00   2.1645359E-03   2.9814071E-02   9.9905636E-01    50 
    6.2252864E-01   6.2252864E-01   6.3343340E-01   6.3343340E-01   6.3343340E-01
    6.6894508E-01   6.6894508E-01   1.1066160E+00   1.0045708E+00   1.0045708E+00
    9.5283246E-01   9.2023021E-01   9.2023021E-01   1.1219475E+00   9.7664629E-01
    9.7664629E-01   9.3934546E-01   9.3934546E-01   9.2159321E-01   9.7112799E-01
    9.7112799E-01   1.0224292E+00   1.0224292E+00   1.0224292E+00   9.3226932E-01
    9.3226932E-01   1.0761827E+00   1.0761827E+00   9.0878748E-01   9.0878748E-01
    1.0494820E+00   1.0822990E+00   1.0822990E+00   1.1531493E+00   1.1531493E+00
    1.0449247E+00   1.0449247E+00   1.0205215E+00   1.0205215E+00

 1.7178465236E+02   1.8837031E+09   3.5682754E+13   2.3519082E+00   1.6375558E-03   2.4649259E-02   9.9921976E-01    51 
    6.7968734E-01   6.7968734E-01   6.9075592E-01   6.9075592E-01   6.9075592E-01
    7.2431392E-01   7.2431392E-01   1.1225533E+00   1.0208433E+00   1.0208433E+00
    9.8058669E-01   9.5707831E-01   9.5707831E-01   1.1651302E+00   1.0013130E+00
    1.0013130E+00   1.0007527E+00   1.0007527E+00   9.6093717E-01   9.9796463E-01
    9.9796463E-01   1.0381152E+00   1.0381152E+00   1.0381152E+00   9.5713491E-01
    9.5713491E-01   1.1048179E+00   1.1048179E+00   9.5420131E-01   9.5420131E-01
    1.0527962E+00   1.0726350E+00   1.0726350E+00   1.1148973E+00   1.1148973E+00
    1.0476276E+00   1.0476276E+00   1.0303287E+00   1.0303287E+00

 1.7149440558E+02   2.0340828E+09   4.3093227E+13   2.4643898E+00   1.1875134E-03   2.0483369E-02   9.9935158E-01    52 
    7.4260930E-01   7.4260930E-01   7.5383582E-01   7.5383582E-01   7.5383582E-01
    7.8590861E-01   7.8590861E-01   1.1376888E+00   1.0320164E+00   1.0320164E+00
    1.0038777E+00   9.8883365E-01   9.8883365E-01   1.1983636E+00   1.0203583E+00
    1.0203583E+00   1.0589098E+00   1.0589098E+00   9.9449118E-01   1.0198808E+00
    1.0198808E+00   1.0487725E+00   1.0487725E+00   1.0487725E+00   9.7774843E-01
    9.7774843E-01   1.1297086E+00   1.1297086E+00   9.8774318E-01   9.8774318E-01
    1.0551065E+00   1.0651081E+00   1.0651081E+00   1.0879354E+00   1.0879354E+00
    1.0502459E+00   1.0502459E+00   1.0379079E+00   1.0379079E+00

 1.7117848562E+02   1.9736814E+09   5.1628018E+13   2.5942236E+00   8.2411205E-04   1.7175187E-02   9.9945627E-01    53 
    8.0505362E-01   8.0505362E-01   8.1739117E-01   8.1739117E-01   8.1739117E-01
    8.5106137E-01   8.5106137E-01   1.1551293E+00   1.0357062E+00   1.0357062E+00
    1.0199537E+00   1.0144505E+00   1.0144505E+00   1.2075036E+00   1.0339103E+00
    1.0339103E+00   1.1123571E+00   1.1123571E+00   1.0202537E+00   1.0360246E+00
    1.0360246E+00   1.0538942E+00   1.0538942E+00   1.0538942E+00   9.9376195E-01
    9.9376195E-01   1.1512742E+00   1.1512742E+00   1.0100582E+00   1.0100582E+00
    1.0576215E+00   1.0610231E+00   1.0610231E+00   1.0746364E+00   1.0746364E+00
    1.0547742E+00   1.0547742E+00   1.0452023E+00   1.0452023E+00

 1.7083280102E+02   1.5668500E+09   6.0856172E+13   2.7401797E+00   5.4773029E-04   1.4674319E-02   9.9953543E-01    54 
    8.5459027E-01   8.5459027E-01   8.7271487E-01   8.7271487E-01   8.7271487E-01
    9.1997974E-01   9.1997974E-01   1.1721457E+00   1.0288349E+00   1.0288349E+00
    1.0254560E+00   1.0318385E+00   1.0318385E+00   1.1762251E+00   1.0396478E+00
    1.0396478E+00   1.1574659E+00   1.1574659E+00   1.0353751E+00   1.0454418E+00
    1.0454418E+00   1.0540167E+00   1.0540167E+00   1.0540167E+00   1.0037920E+00
    1.0037920E+00   1.1709488E+00   1.1709488E+00   1.0215892E+00   1.0215892E+00
    1.0608813E+00   1.0608742E+00   1.0608742E+00   1.0737186E+00   1.0737186E+00
    1.0615623E+00   1.0615623E+00   1.0527735E+00   1.0527735E+00

 1.7044896833E+02   9.4171124E+08   7.0265014E+13   2.9019805E+00   3.5150675E-04   1.2891490E-02   9.9959186E-01    55 
    8.8745864E-01   8.8745864E-01   9.1752109E-01   9.1752109E-01   9.1752109E-01
    9.9119524E-01   9.9119524E-01   1.1688307E+00   1.0126791E+00   1.0126791E+00
    1.0200779E+00   1.0380472E+00   1.0380472E+00   1.1083824E+00   1.0363599E+00
    1.0363599E+00   1.1791315E+00   1.1791315E+00   1.0380865E+00   1.0472079E+00
    1.0472079E+00   1.0496445E+00   1.0496445E+00   1.0496445E+00   1.0073019E+00
    1.0073019E+00   1.1812226E+00   1.1812226E+00   1.0224447E+00   1.0224447E+00
    1.0595567E+00   1.0579451E+00   1.0579451E+00   1.0725532E+00   1.0725532E+00
    1.0626283E+00   1.0626283E+00   1.0542373E+00   1.0542373E+00

 1.7001057396E+02   4.3220082E+08   7.9613015E+13   3.0821894E+00   2.2001059E-04   1.1750401E-02   9.9962798E-01    56 
    9.1336142E-01   9.1336142E-01   9.4541917E-01   9.4541917E-01   9.4541917E-01
    1.0175960E+00   1.0175960E+00   1.1415027E+00   9.9602871E-01   9.9602871E-01
    1.0087306E+00   1.0309687E+00   1.0309687E+00   1.0227899E+00   1.0277762E+00
    1.0277762E+00   1.1254740E+00   1.1254740E+00   1.0265682E+00   1.0341406E+00
    1.0341406E+00   1.0314878E+00   1.0314878E+00   1.0314878E+00   1.0054060E+00
    1.0054060E+00   1.1373047E+00   1.1373047E+00   1.0153958E+00   1.0153958E+00
    1.0417355E+00   1.0394168E+00   1.0394168E+00   1.0552716E+00   1.0552716E+00
    1.0449868E+00   1.0449868E+00   1.0388112E+00   1.0388112E+00

 1.6948776395E+02   1.6574049E+08   8.9325191E+13   3.2824196E+00   1.3606576E-04   1.1111092E-02   9.9964821E-01    57 
    9.3431488E-01   9.3431488E-01   9.5045409E-01   9.5045409E-01   9.5045409E-01
    9.8179824E-01   9.8179824E-01   1.0843280E+00   9.8408051E-01   9.8408051E-01
    9.9422305E-01   1.0091172E+00   1.0091172E+00   9.5203056E-01   1.0088895E+00
    1.0088895E+00   1.0164182E+00   1.0164182E+00   1.0038551E+00   1.0071870E+00
    1.0071870E+00   1.0007318E+00   1.0007318E+00   1.0007318E+00   9.9759373E-01
    9.9759373E-01   1.0429468E+00   1.0429468E+00   1.0004078E+00   1.0004078E+00
    1.0102747E+00   1.0090327E+00   1.0090327E+00   1.0201058E+00   1.0201058E+00
    1.0143742E+00   1.0143742E+00   1.0111813E+00   1.0111813E+00

 1.6883481095E+02   5.8975311E+07   1.0051561E+14   3.5041551E+00   8.4961454E-05   1.0539180E-02   9.9966632E-01    58 
    9.4706775E-01   9.4706775E-01   9.4884763E-01   9.4884763E-01   9.4884763E-01
    9.4885713E-01   9.4885713E-01   1.0105268E+00   9.7565625E-01   9.7565625E-01
    9.8120657E-01   9.8593663E-01   9.8593663E-01   9.2241317E-01   9.8757176E-01
    9.8757176E-01   9.4280807E-01   9.4280807E-01   9.8387051E-01   9.8413398E-01
    9.8413398E-01   9.7810751E-01   9.7810751E-01   9.7810751E-01   9.8655471E-01
    9.8655471E-01   9.7232739E-01   9.7232739E-01   9.8465849E-01   9.8465849E-01
    9.8441303E-01   9.8468531E-01   9.8468531E-01   9.8708544E-01   9.8708544E-01
    9.8897431E-01   9.8897431E-01   9.8782622E-01   9.8782622E-01

 1.6800895363E+02   2.0815933E+07   1.1695517E+14   3.7490482E+00   5.6391709E-05   9.4593098E-03   9.9970050E-01    59 
    9.6326010E-01   9.6326010E-01   9.6041481E-01   9.6041481E-01   9.6041481E-01
    9.5273384E-01   9.5273384E-01   9.7451746E-01   9.7998195E-01   9.7998195E-01
    9.8270055E-01   9.8248061E-01   9.8248061E-01   9.3787300E-01   9.8505811E-01
    9.8505811E-01   9.3383998E-01   9.3383998E-01   9.8208363E-01   9.8126989E-01
    9.8126989E-01   9.7829205E-01   9.7829205E-01   9.7829205E-01   9.8649269E-01
    9.8649269E-01   9.5432446E-01   9.5432446E-01   9.8437709E-01   9.8437709E-01
    9.8068743E-01   9.8167997E-01   9.8167997E-01   9.7982528E-01   9.7982528E-01
    9.8463086E-01   9.8463086E-01   9.8441109E-01   9.8441109E-01

 1.6701009748E+02   6.7297041E+06   1.4480185E+14   4.0245653E+00   4.0434033E-05   7.8400677E-03   9.9975176E-01    60 
    9.7943790E-01   9.7943790E-01   9.7684375E-01   9.7684375E-01   9.7684375E-01
    9.7237419E-01   9.7237419E-01   9.6970133E-01   9.8759556E-01   9.8759556E-01
    9.8882634E-01   9.8754797E-01   9.8754797E-01   9.6475842E-01   9.8931098E-01
    9.8931098E-01   9.5735146E-01   9.5735146E-01   9.8766800E-01   9.8702508E-01
    9.8702508E-01   9.8600514E-01   9.8600514E-01   9.8600514E-01   9.9093310E-01
    9.9093310E-01   9.6411086E-01   9.6411086E-01   9.8951914E-01   9.8951914E-01
    9.8620624E-01   9.8715961E-01   9.8715961E-01   9.8446326E-01   9.8446326E-01
    9.8868351E-01   9.8868351E-01   9.8877260E-01   9.8877260E-01

 1.6587970340E+02   1.8565714E+06   1.8940885E+14   4.3356248E+00   3.0954219E-05   6.1076690E-03   9.9980661E-01    61 
    9.9065688E-01   9.9065688E-01   9.8904315E-01   9.8904315E-01   9.8904315E-01
    9.8820357E-01   9.8820357E-01   9.7908880E-01   9.9366887E-01   9.9366887E-01
    9.9422320E-01   9.9333646E-01   9.9333646E-01   9.8451940E-01   9.9416873E-01
    9.9416873E-01   9.8163537E-01   9.8163537E-01   9.9317148E-01   9.9286384E-01
    9.9286384E-01   9.9265794E-01   9.9265794E-01   9.9265794E-01   9.9476108E-01
    9.9476108E-01   9.7888705E-01   9.7888705E-01   9.9423103E-01   9.9423103E-01
    9.9230149E-01   9.9294149E-01   9.9294149E-01   9.9113888E-01   9.9113888E-01
    9.9355333E-01   9.9355333E-01   9.9365896E-01   9.9365896E-01

 1.6466488800E+02   4.9326673E+05   2.5976279E+14   4.6838698E+00   2.5278938E-05   4.5287009E-03   9.9985660E-01    62 
    9.9619603E-01   9.9619603E-01   9.9522221E-01   9.9522221E-01   9.9522221E-01
    9.9581631E-01   9.9581631E-01   9.8888903E-01   9.9688964E-01   9.9688964E-01
    9.9715686E-01   9.9673174E-01   9.9673174E-01   9.9390277E-01   9.9695651E-01
    9.9695651E-01   9.9377724E-01   9.9377724E-01   9.9638831E-01   9.9625859E-01
    9.9625859E-01   9.9619173E-01   9.9619173E-01   9.9619173E-01   9.9685165E-01
    9.9685165E-01   9.8967562E-01   9.8967562E-01   9.9679632E-01   9.9679632E-01
    9.9601287E-01   9.9632744E-01   9.9632744E-01   9.9560749E-01   9.9560749E-01
    9.9652828E-01   9.9652828E-01   9.9658333E-01   9.9658333E-01

 1.6341297013E+02   1.4413622E+05   3.6864999E+14   5.0699244E+00   2.1938422E-05   3.2430608E-03   9.9989731E-01    63 
    9.9848485E-01   9.9848485E-01   9.9779691E-01   9.9779691E-01   9.9779691E-01
    9.9850419E-01   9.9850419E-01   9.9521603E-01   9.9846999E-01   9.9846999E-01
    9.9863172E-01   9.9845593E-01   9.9845593E-01   9.9740028E-01   9.9843191E-01
    9.9843191E-01   9.9789531E-01   9.9789531E-01   9.9818437E-01   9.9812113E-01
    9.9812113E-01   9.9790301E-01   9.9790301E-01   9.9790301E-01   9.9821555E-01
    9.9821555E-01   9.9565780E-01   9.9565780E-01   9.9826422E-01   9.9826422E-01
    9.9806000E-01   9.9818185E-01   9.9818185E-01   9.9797916E-01   9.9797916E-01
    9.9823966E-01   9.9823966E-01   9.9825874E-01   9.9825874E-01

 1.6216070406E+02   4.6868952E+04   5.2823702E+14   5.4956019E+00   1.9834650E-05   2.2993945E-03   9.9992719E-01    64 
    9.9943567E-01   9.9943567E-01   9.9903042E-01   9.9903042E-01   9.9903042E-01
    9.9944602E-01   9.9944602E-01   9.9816199E-01   9.9931698E-01   9.9931698E-01
    9.9940222E-01   9.9932820E-01   9.9932820E-01   9.9884857E-01   9.9927028E-01
    9.9927028E-01   9.9922577E-01   9.9922577E-01   9.9918793E-01   9.9916109E-01
    9.9916109E-01   9.9896790E-01   9.9896790E-01   9.9896790E-01   9.9915767E-01
    9.9915767E-01   9.9834456E-01   9.9834456E-01   9.9918778E-01   9.9918778E-01
    9.9915400E-01   9.9919486E-01   9.9919486E-01   9.9914850E-01   9.9914850E-01
    9.9921052E-01   9.9921052E-01   9.9921676E-01   9.9921676E-01

 1.6091876217E+02   1.6705292E+04   7.5216538E+14   5.9630943E+00   1.8413352E-05   1.6402502E-03   9.9994806E-01    65 
    9.9984247E-01   9.9984247E-01   9.9967301E-01   9.9967301E-01   9.9967301E-01
    9.9983290E-01   9.9983290E-01   9.9935335E-01   9.9975583E-01   9.9975583E-01
    9.9978364E-01   9.9975164E-01   9.9975164E-01   9.9958220E-01   9.9971665E-01
    9.9971665E-01   9.9974763E-01   9.9974763E-01   9.9969101E-01   9.9968133E-01
    9.9968133E-01   9.9961173E-01   9.9961173E-01   9.9961173E-01   9.9967265E-01
    9.9967265E-01   9.9942539E-01   9.9942539E-01   9.9968467E-01   9.9968467E-01
    9.9968380E-01   9.9969634E-01   9.9969634E-01   9.9968964E-01   9.9968964E-01
    9.9970041E-01   9.9970041E-01   9.9970248E-01   9.9970248E-01

 1.5968012267E+02   6.5692505E+03   1.0627356E+15   6.4749662E+00   1.7516406E-05   1.1791988E-03   9.9996266E-01    66 
    9.9998205E-01   9.9998205E-01   9.9990875E-01   9.9990875E-01   9.9990875E-01
    9.9996593E-01   9.9996593E-01   9.9980127E-01   9.9993033E-01   9.9993033E-01
    9.9993343E-01   9.9991972E-01   9.9991972E-01   9.9987382E-01   9.9990307E-01
    9.9990307E-01   9.9993195E-01   9.9993195E-01   9.9989517E-01   9.9989186E-01
    9.9989186E-01   9.9986713E-01   9.9986713E-01   9.9986713E-01   9.9988732E-01
    9.9988732E-01   9.9981834E-01   9.9981834E-01   9.9989158E-01   9.9989158E-01
    9.9989502E-01   9.9989859E-01   9.9989859E-01   9.9989928E-01   9.9989928E-01
    9.9989946E-01   9.9989946E-01   9.9990009E-01   9.9990009E-01

 1.5840432049E+02   2.8354326E+03   1.5084940E+15   7.0484738E+00   1.7112500E-05   8.4433153E-04   9.9997326E-01    67 
    1.0000042E+00   1.0000042E+00   9.9996034E-01   9.9996034E-01   9.9996034E-01
    9.9999112E-01   9.9999112E-01   9.9993263E-01   9.9997555E-01   9.9997555E-01
    9.9997543E-01   9.9996904E-01   9.9996904E-01   9.9994833E-01   9.9996096E-01
    9.9996096E-01   9.9997342E-01   9.9997342E-01   9.9995879E-01   9.9995757E-01
    9.9995757E-01   9.9993667E-01   9.9993667E-01   9.9993667E-01   9.9995558E-01
    9.9995558E-01   9.9993332E-01   9.9993332E-01   9.9995708E-01   9.9995708E-01
    9.9996002E-01   9.9996127E-01   9.9996127E-01   9.9996211E-01   9.9996211E-01
    9.9996151E-01   9.9996151E-01   9.9996171E-01   9.9996171E-01

 1.5791858546E+02   2.1221984E+03   1.7212026E+15   7.2802035E+00   1.7075669E-05   7.4459424E-04   9.9997642E-01    68 
    1.0000120E+00   1.0000120E+00   9.9997805E-01   9.9997805E-01   9.9997805E-01
    9.9999970E-01   9.9999970E-01   9.9996615E-01   9.9998831E-01   9.9998831E-01
    9.9998741E-01   9.9998295E-01   9.9998295E-01   9.9996088E-01   9.9997742E-01
    9.9997742E-01   9.9998598E-01   9.9998598E-01   9.9997600E-01   9.9997522E-01
    9.9997522E-01   9.9995724E-01   9.9995724E-01   9.9995724E-01   9.9997390E-01
    9.9997390E-01   9.9996214E-01   9.9996214E-01   9.9997483E-01   9.9997483E-01
    9.9997694E-01   9.9997762E-01   9.9997762E-01   9.9997834E-01   9.9997834E-01
    9.9997771E-01   9.9997771E-01   9.9997783E-01   9.9997783E-01

 1.5767505762E+02   1.8451963E+03   1.8376280E+15   7.3990752E+00   1.7074687E-05   6.9959653E-04   9.9997785E-01    69 
    1.0000164E+00   1.0000164E+00   9.9998133E-01   9.9998133E-01   9.9998133E-01
    1.0000028E+00   1.0000028E+00   9.9996886E-01   9.9999070E-01   9.9999070E-01
    9.9998900E-01   9.9998441E-01   9.9998441E-01   9.9995928E-01   9.9997883E-01
    9.9997883E-01   9.9998834E-01   9.9998834E-01   9.9997737E-01   9.9997659E-01
    9.9997659E-01   9.9995846E-01   9.9995846E-01   9.9995846E-01   9.9997528E-01
    9.9997528E-01   9.9996458E-01   9.9996458E-01   9.9997620E-01   9.9997620E-01
    9.9997820E-01   9.9997883E-01   9.9997883E-01   9.9997950E-01   9.9997950E-01
    9.9997889E-01   9.9997889E-01   9.9997901E-01   9.9997901E-01

 1.5759377935E+02   1.7605957E+03   1.8781730E+15   7.4397137E+00   1.7076954E-05   6.8520724E-04   9.9997830E-01    70 
    1.0003779E+00   1.0003779E+00   1.0002513E+00   1.0002513E+00   1.0002513E+00
    1.0002224E+00   1.0002224E+00   1.0001313E+00   1.0001217E+00   1.0001217E+00
    1.0001008E+00   1.0000766E+00   1.0000766E+00   1.0000594E+00   1.0000473E+00
    1.0000473E+00   1.0000625E+00   1.0000625E+00   1.0000155E+00   1.0000113E+00
    1.0000113E+00   9.9998631E-01   9.9998631E-01   9.9998631E-01   1.0000059E+00
    1.0000059E+00   9.9998238E-01   9.9998238E-01   1.0000076E+00   1.0000076E+00
    1.0000043E+00   1.0000045E+00   1.0000045E+00   1.0000076E+00   1.0000076E+00
    1.0000038E+00   1.0000038E+00   1.0000037E+00   1.0000037E+00
