!
! Note: The effective temperature and surface gravity are defined
! at the reference radius, which (except when using the old
! velocity) is the location where Tau=2/3.
!
! Effective temperature (10^4 K) is:    1.810000E+00
!      Log surface gravity (cgs) is:    2.400000E+00
!         Core radius (10^10 cm) is:    3.308819E+02
!    Reference radius (10^10 cm) is:    3.476586E+02
!              Luminosity (Lsun) is:    2.416079E+05
!            Mass (Msun) of star is:    2.287583E+01
!       Mass loss rate (Msun/yr) is:    8.000000E-07
!         Mean atomic mass (amu) is:    1.703840E+00
!            Eddington parameter is:    1.899550E-01
!                   Atom density is:    0.000000E+00
! Ratio of inner to outer radius is:  142.35106747
!
      70          !Number of depth points
!
!    R(10^10cm)       V(km/s)         Sigma           Tau     Index
 47101.39356905  6.342996E+02 -9.880668E-01  3.307527E-05         1
 46681.36148468  6.342314E+02 -9.879337E-01  3.337297E-05         2
 45851.92076879  6.340928E+02 -9.877009E-01  3.397674E-05         3
 44239.55673536  6.338093E+02 -9.872637E-01  3.521612E-05         4
 41183.96114773  6.332133E+02 -9.861581E-01  3.783266E-05         5
 35686.33609603  6.318676E+02 -9.835256E-01  4.366573E-05         6
 27069.49048143  6.287204E+02 -9.778408E-01  5.764718E-05         7
 20549.69687301  6.246276E+02 -9.705241E-01  7.610540E-05         8
 15610.64029976  6.191990E+02 -9.604888E-01  1.004738E-04         9
 11876.99372644  6.120264E+02 -9.472747E-01  1.326448E-04        10
  9058.55144570  6.026755E+02 -9.312421E-01  1.751167E-04        11
  6933.62850331  5.909415E+02 -9.110566E-01  2.311878E-04        12
  5322.22544693  5.762109E+02 -8.817790E-01  3.052124E-04        13
  4097.41605182  5.571291E+02 -8.402584E-01  4.029393E-04        14
  3170.44540890  5.326870E+02 -7.874984E-01  5.319575E-04        15
  2471.99016039  5.028362E+02 -7.296501E-01  7.022865E-04        16
  1943.80153720  4.688948E+02 -6.386370E-01  9.271535E-04        17
  1539.89796199  4.266104E+02 -5.022657E-01  1.224021E-03        18
  1236.50441529  3.772085E+02 -3.565839E-01  1.615944E-03        19
  1008.89139903  3.268206E+02 -1.468124E-01  2.133358E-03        20
   836.04245484  2.718280E+02  1.552702E-01  2.816444E-03        21
   706.29061873  2.174933E+02  5.467329E-01  3.718249E-03        22
   608.90004053  1.669004E+02  1.081892E+00  4.908805E-03        23
   536.22831519  1.226558E+02  1.813506E+00  6.473221E-03        24
   485.89389045  8.905210E+01  2.698512E+00  8.340378E-03        25
   450.47091991  6.478567E+01  3.707379E+00  1.051116E-02        26
   423.92817530  4.697610E+01  4.831701E+00  1.310541E-02        27
   403.31866696  3.405403E+01  5.938778E+00  1.624644E-02        28
   386.05055452  2.453210E+01  6.456219E+00  2.030916E-02        29
   369.30254944  1.785716E+01  7.927983E+00  2.637945E-02        30
   359.93392533  1.363898E+01  2.276401E+01  3.109795E-02        31
   358.64429171  9.443290E+00  1.110382E+02  3.200452E-02        32
   357.70532505  6.880719E+00  1.428725E+02  3.307502E-02        33
   357.04328133  5.030617E+00  1.704659E+02  3.422838E-02        34
   356.35868007  3.644740E+00  1.660392E+02  3.590680E-02        35
   355.63406705  2.649091E+00  1.548066E+02  3.844249E-02        36
   354.85815523  1.925918E+00  1.483668E+02  4.231345E-02        37
   354.09919603  1.400767E+00  1.533921E+02  4.774255E-02        38
   353.38009769  1.016887E+00  1.615110E+02  5.513912E-02        39
   352.69076773  7.382673E-01  1.640206E+02  6.537919E-02        40
   351.98279340  5.364397E-01  1.658589E+02  8.056999E-02        41
   351.33308233  3.895673E-01  1.894187E+02  1.007061E-01        42
   350.79260814  2.821576E-01  2.083444E+02  1.246314E-01        43
   350.23492154  2.057152E-01  1.990359E+02  1.598022E-01        44
   349.66066401  1.498196E-01  1.992859E+02  2.112570E-01        45
   349.12765401  1.097769E-01  2.107098E+02  2.789330E-01        46
   348.62785319  8.051647E-02  2.239449E+02  3.682454E-01        47
   348.15788168  5.901415E-02  2.373818E+02  4.861549E-01        48
   347.71591482  4.337759E-02  2.474573E+02  6.418182E-01        49
   347.29938220  3.218829E-02  2.511280E+02  8.473237E-01        50
   346.90461227  2.427120E-02  2.455932E+02  1.118631E+00        51
   346.52568926  1.875281E-02  2.261352E+02  1.476808E+00        52
   346.15267929  1.500194E-02  1.921358E+02  1.949672E+00        53
   345.77115644  1.246615E-02  1.513646E+02  2.573942E+00        54
   345.36445860  1.073204E-02  1.140782E+02  3.398100E+00        55
   344.91748026  9.471559E-03  8.723231E+01  4.486147E+00        56
   344.42047855  8.486835E-03  6.778838E+01  5.922579E+00        57
   343.86702681  7.725193E-03  4.919639E+01  7.818946E+00        58
   343.24599197  7.198009E-03  2.890381E+01  1.032252E+01        59
   342.53152368  6.932268E-03  5.548830E+00  1.362771E+01        60
   341.67432571  6.875463E-03  3.383213E+00  1.799121E+01        61
   340.59504005  6.750460E-03  9.878167E+00  2.375186E+01        62
   339.21477041  6.276740E-03  2.159955E+01  3.135704E+01        63
   337.52215642  5.413324E-03  3.148339E+01  4.139733E+01        64
   335.58097609  4.377794E-03  3.766610E+01  5.465246E+01        65
   333.41044528  3.353421E-03  4.162691E+01  7.270960E+01        66
   332.07830241  2.817605E-03  4.331287E+01  8.608462E+01        67
   331.36138954  2.558180E-03  4.377235E+01  9.418250E+01        68
   331.00183258  2.436822E-03  4.376081E+01  9.851278E+01        69
   330.88191333  2.397625E-03  4.374025E+01  1.000000E+02        70
   330.88191333  2.397625E-03  4.374025E+01  1.000000E+02        70
