
 24-FEB-2004                           !Format date

 2.3226752690E+02     6.1000E+05       64       60

 4.0585514334E+04   7.1546488E-01   1.1710507E+06   1.0775011E+00   1.5269329E+01   1.8521177E+03   5.0000000E-02     1 
    2.3988515E-14   1.6323954E-18   4.1309105E-18   1.2310267E-12   1.3967310E-10
    2.0369225E-10   5.6794357E-13   5.7470764E-13   2.0345686E-08   2.8539579E-06
    3.0119512E-06   2.6876761E-08   2.6903324E-08   4.3663711E-08   2.9054012E-06
    7.7389784E-06   4.1140374E-06   9.0393448E-06   5.7436037E-05   1.1418500E-04
    6.6820996E-05   1.6719736E-04   3.4906322E-04   6.0881213E-04   3.5882652E-04
    9.0513823E-04   1.4762851E-03   1.9886296E-03   1.0698396E-03   3.4222883E-03
    3.3013756E-03   4.1257141E-03   2.2383483E-03   7.7533329E-03   5.8980010E-03
    7.0766049E-03   3.8140971E-03   1.3963457E-02   9.0949659E-03   1.1030757E-02
    5.6575489E-03   2.1839087E-02   1.2520876E-02   1.8069011E-02   7.7001096E-03
    2.9988049E-02   3.1606104E-02   4.0247268E-02   4.9398062E-02   5.8105579E-02
    6.6368314E-02   7.4666526E-02   8.2814471E-02   9.0388195E-02   9.7460149E-02
    1.0373312E-01   1.0945951E-01   1.1461585E-01   1.1883216E-01   1.2233391E-01
    1.2443361E-01   1.0995428E-01   1.2744908E-01   1.4119100E-01

 4.0125034950E+04   7.3343756E-01   1.1982395E+06   1.0804795E+00   1.5278860E+01   1.8518810E+03   5.0000000E-02     2 
    2.8527221E-14   1.9473216E-18   4.9121685E-18   1.3401601E-12   1.5122337E-10
    2.2036909E-10   6.1234543E-13   6.1968013E-13   2.1332660E-08   2.9885102E-06
    3.1539067E-06   2.8048672E-08   2.8076415E-08   4.5562822E-08   2.9941317E-06
    7.9664782E-06   4.2315432E-06   9.2960748E-06   5.8687028E-05   1.1644834E-04
    6.8190906E-05   1.7058840E-04   3.5482469E-04   6.1861062E-04   3.6444845E-04
    9.1907620E-04   1.4957189E-03   2.0150185E-03   1.0832670E-03   3.4641485E-03
    3.3373807E-03   4.1678666E-03   2.2616835E-03   7.8312683E-03   5.9528164E-03
    7.1406945E-03   3.8480378E-03   1.4081943E-02   9.1686197E-03   1.1114381E-02
    5.7015449E-03   2.1998802E-02   1.2610683E-02   1.8210418E-02   7.7533791E-03
    3.0180481E-02   3.1788463E-02   4.0455581E-02   4.9633602E-02   5.8361598E-02
    6.6635903E-02   7.4944831E-02   8.3104178E-02   9.0688544E-02   9.7766689E-02
    1.0404266E-01   1.0977015E-01   1.1492348E-01   1.1913666E-01   1.2263440E-01
    1.2472654E-01   1.1020734E-01   1.2773047E-01   1.4149270E-01

 3.9219426812E+04   7.7076896E-01   1.2545489E+06   1.0864513E+00   1.5297809E+01   1.8513995E+03   5.0000000E-02     3 
    4.0253297E-14   2.7674786E-18   6.9283936E-18   1.5869830E-12   1.7708060E-10
    2.5780643E-10   7.1126886E-13   7.1989197E-13   2.3441958E-08   3.2753622E-06
    3.4566431E-06   3.0533767E-08   3.0564023E-08   4.9589062E-08   3.1788463E-06
    8.4426198E-06   4.4753661E-06   9.8286218E-06   6.1257227E-05   1.2112208E-04
    7.1000309E-05   1.7754015E-04   3.6657172E-04   6.3859284E-04   3.7589752E-04
    9.4744821E-04   1.5351650E-03   2.0679736E-03   1.1104929E-03   3.5489713E-03
    3.4102304E-03   4.2534103E-03   2.3088567E-03   7.9887030E-03   6.0634766E-03
    7.2700995E-03   3.9165071E-03   1.4320759E-02   9.3170619E-03   1.1283377E-02
    5.7901675E-03   2.2320188E-02   1.2791447E-02   1.8496732E-02   7.8605548E-03
    3.0567254E-02   3.2154593E-02   4.0873682E-02   5.0106916E-02   5.8875134E-02
    6.7171492E-02   7.5502603E-02   8.3685119E-02   9.1290131E-02   9.8380447E-02
    1.0466226E-01   1.1039146E-01   1.1553861E-01   1.1974552E-01   1.2323535E-01
    1.2531235E-01   1.1071362E-01   1.2829336E-01   1.4209624E-01

 3.7471229955E+04   8.5116870E-01   1.3750974E+06   1.0984311E+00   1.5334974E+01   1.8504048E+03   5.0000000E-02     4 
    7.9332632E-14   5.5465885E-18   1.3658668E-17   2.2165535E-12   2.4210042E-10
    3.5174844E-10   9.5599228E-13   9.6786625E-13   2.8242387E-08   3.9256735E-06
    4.1428975E-06   3.6104731E-08   3.6140663E-08   5.8611365E-08   3.5780692E-06
    9.4703694E-06   4.9988789E-06   1.0971335E-05   6.6671585E-05   1.3101668E-04
    7.6893887E-05   1.9211168E-04   3.9094794E-04   6.8002126E-04   3.9958629E-04
    1.0060894E-03   1.6162359E-03   2.1772446E-03   1.1663305E-03   3.7227105E-03
    3.5590107E-03   4.4288200E-03   2.4050288E-03   8.3091904E-03   6.2884692E-03
    7.5331478E-03   4.0555182E-03   1.4804763E-02   9.6178594E-03   1.1629463E-02
    5.9695615E-03   2.2969398E-02   1.3156838E-02   1.9078130E-02   8.0770046E-03
    3.1346746E-02   3.2891112E-02   4.1714295E-02   5.1057174E-02   5.9904585E-02
    6.8244820E-02   7.6619713E-02   8.4847952E-02   9.2493381E-02   9.9607748E-02
    1.0590059E-01   1.1163201E-01   1.1676730E-01   1.2096105E-01   1.2443501E-01
    1.2648120E-01   1.1172455E-01   1.2941713E-01   1.4330090E-01

 3.4205797048E+04   1.0380300E+00   1.6521244E+06   1.1222909E+00   1.5405406E+01   1.8482726E+03   5.0000000E-02     5 
    2.9164252E-13   2.1321478E-17   5.0684731E-17   4.2255762E-12   4.4343002E-10
    6.4102252E-10   1.6918288E-12   1.7139187E-12   4.0477614E-08   5.5708630E-06
    5.8787169E-06   4.9889993E-08   4.9940252E-08   8.0919845E-08   4.4968900E-06
    1.1831490E-05   6.1890810E-06   1.3566220E-05   7.8527240E-05   1.5266899E-04
    8.9698140E-05   2.2371918E-04   4.4277469E-04   7.6789761E-04   4.4968261E-04
    1.1298496E-03   1.7854262E-03   2.4060275E-03   1.2824017E-03   4.0829695E-03
    3.8657294E-03   4.7909546E-03   2.6026338E-03   8.9658147E-03   6.7482720E-03
    8.0700230E-03   4.3388473E-03   1.5787853E-02   1.0228663E-02   1.2334161E-02
    6.3331185E-03   2.4279654E-02   1.3895329E-02   2.0256638E-02   8.5136970E-03
    3.2912955E-02   3.4366832E-02   4.3393720E-02   5.2950882E-02   6.1952586E-02
    7.0377469E-02   7.8835044E-02   8.7150268E-02   9.4874850E-02   1.0203505E-01
    1.0834722E-01   1.1408102E-01   1.1919351E-01   1.2335844E-01   1.2680069E-01
    1.2878342E-01   1.1371944E-01   1.3163228E-01   1.4567431E-01

 2.8504304542E+04   1.5428931E+00   2.3856047E+06   1.1681560E+00   1.5528331E+01   1.8433641E+03   5.0000000E-02     6 
    2.9648345E-12   2.4930581E-16   5.4694265E-16   1.3629072E-11   1.3367560E-09
    1.9090777E-09   4.7608932E-12   4.8301554E-12   7.7782087E-08   1.0524847E-05
    1.1104212E-05   8.9595229E-08   8.9689212E-08   1.4508014E-07   6.8064517E-06
    1.7716410E-05   9.1138055E-06   1.9928252E-05   1.0568866E-04   2.0183708E-04
    1.1860721E-04   2.9486184E-04   5.5516808E-04   9.5770344E-04   5.5725314E-04
    1.3945502E-03   2.1398765E-03   2.8889680E-03   1.5237954E-03   4.8286398E-03
    4.4939346E-03   5.5294548E-03   3.0048192E-03   1.0294975E-02   7.6747426E-03
    9.1491137E-03   4.9069869E-03   1.7745905E-02   1.1444997E-02   1.3734052E-02
    7.0545274E-03   2.6858775E-02   1.5353634E-02   2.2570210E-02   9.3730806E-03
    3.5970646E-02   3.7232181E-02   4.6635077E-02   5.6588675E-02   6.5881760E-02
    7.4454565E-02   8.3051297E-02   9.1522705E-02   9.9394781E-02   1.0663720E-01
    1.1298487E-01   1.1871440E-01   1.2378188E-01   1.2788342E-01   1.3126406E-01
    1.3311412E-01   1.1749362E-01   1.3580602E-01   1.5014162E-01

 2.0032268304E+04   3.2681863E+00   4.8632941E+06   1.2424156E+00   1.5771693E+01   1.8309298E+03   5.0000000E-02     7 
    7.4596124E-11   9.3354893E-15   1.8224718E-14   7.6843673E-11   6.9208369E-09
    9.6246371E-09   2.1857123E-11   2.2273228E-11   2.0393413E-07   2.7030721E-05
    2.8507756E-05   2.1146690E-07   2.1172618E-07   3.4149141E-07   1.2522427E-05
    3.2098241E-05   1.6091978E-05   3.5046245E-05   1.6370957E-04   3.0551460E-04
    1.7891398E-04   4.4247947E-04   7.7525938E-04   1.3273255E-03   7.6454156E-04
    1.9011742E-03   2.7970455E-03   3.7985574E-03   1.9659764E-03   6.1835399E-03
    5.6175542E-03   6.8413055E-03   3.7167528E-03   1.2626249E-02   9.2889917E-03
    1.1022185E-02   5.8898011E-03   2.1092985E-02   1.3525792E-02   1.6105362E-02
    8.2821088E-03   3.1188031E-02   1.7816996E-02   2.6476668E-02   1.0816563E-02
    4.1037146E-02   4.1941947E-02   5.1912889E-02   6.2467112E-02   7.2239845E-02
    8.1004455E-02   8.9766838E-02   9.8457935E-02   1.0657422E-01   1.1393199E-01
    1.2033411E-01   1.2604354E-01   1.3102721E-01   1.3501470E-01   1.3828729E-01
    1.3986248E-01   1.2352115E-01   1.4235318E-01   1.5714172E-01

 1.4111124163E+04   6.8142346E+00   9.8955582E+06   1.2944103E+00   1.5976559E+01   1.8135163E+03   5.0000000E-02     8 
    4.4404869E-10   9.9035902E-14   1.6975331E-13   2.3425637E-10   2.0386674E-08
    2.7490649E-08   5.8326284E-11   5.9848749E-11   3.7869527E-07   4.9832163E-05
    5.2536583E-05   3.6460919E-07   3.6517166E-07   5.8746698E-07   1.8457593E-05
    4.6943641E-05   2.3094248E-05   5.0143909E-05   2.1634570E-04   3.9948112E-04
    2.3242240E-04   5.7270015E-04   9.5953361E-04   1.6354144E-03   9.3548815E-04
    2.3160619E-03   3.3203039E-03   4.5369639E-03   2.3136319E-03   7.2400729E-03
    6.4809173E-03   7.8520915E-03   4.2589565E-03   1.4383888E-02   1.0499726E-02
    1.2420783E-02   6.6229664E-03   2.3557880E-02   1.5060807E-02   1.7827413E-02
    9.1829794E-03   3.4324854E-02   1.9615254E-02   2.9305657E-02   1.1864587E-02
    4.4660514E-02   4.5289645E-02   5.5639066E-02   6.6564789E-02   7.6710614E-02
    8.5585107E-02   9.4416036E-02   1.0321447E-01   1.1152504E-01   1.1896048E-01
    1.2540658E-01   1.3111148E-01   1.3600872E-01   1.3991259E-01   1.4308230E-01
    1.4433226E-01   1.2788048E-01   1.4684329E-01   1.6194244E-01

 9.9636855568E+03   1.4081995E+01   2.0119445E+07   1.3314396E+00   1.6204175E+01   1.7891421E+03   5.0000000E-02     9 
    1.1538811E-09   5.1892264E-13   7.8494373E-13   5.0674408E-10   4.4094088E-08
    5.7427709E-08   1.1616871E-10   1.2046111E-10   5.7861002E-07   7.6482064E-05
    8.0571732E-05   5.2465580E-07   5.2568859E-07   8.4322082E-07   2.3928189E-05
    6.0673955E-05   2.9404057E-05   6.3675811E-05   2.6071658E-04   4.7915306E-04
    2.7689247E-04   6.8038209E-04   1.1070981E-03   1.8816980E-03   1.0709459E-03
    2.6433359E-03   3.7262577E-03   5.1166406E-03   2.5806247E-03   8.0465875E-03
    7.1336313E-03   8.6226466E-03   4.6675760E-03   1.5697114E-02   1.1402747E-02
    1.3458815E-02   7.1678340E-03   2.5375493E-02   1.6194682E-02   1.9084842E-02
    9.8453211E-03   3.6615840E-02   2.0934059E-02   3.1358244E-02   1.2631247E-02
    4.7282176E-02   4.7700970E-02   5.8316082E-02   6.9471253E-02   7.9923417E-02
    8.8883087E-02   9.7732493E-02   1.0657651E-01   1.1505390E-01   1.2254195E-01
    1.2902728E-01   1.3475337E-01   1.3957948E-01   1.4339083E-01   1.4644463E-01
    1.4725315E-01   1.3139908E-01   1.5007009E-01   1.6538916E-01

 7.0617558764E+03   2.8938818E+01   4.0825495E+07   1.3622035E+00   1.6512485E+01   1.7553216E+03   5.0000000E-02    10 
    2.1343096E-09   2.0667275E-12   2.7449239E-12   9.5995375E-10   8.4766082E-08
    1.0631167E-07   2.1400755E-10   2.2447499E-10   8.1854170E-07   1.0943614E-04
    1.1520591E-04   7.0107693E-07   7.0292248E-07   1.1222927E-06   2.9421969E-05
    7.4544760E-05   3.5631853E-05   7.6939493E-05   3.0242800E-04   5.5425766E-04
    3.1821484E-04   7.8001146E-04   1.2408839E-03   2.1049287E-03   1.1924604E-03
    2.9359210E-03   4.0845960E-03   5.6310370E-03   2.8152462E-03   8.7513668E-03
    7.7010823E-03   9.2945995E-03   5.0219714E-03   1.6828774E-02   1.2181471E-02
    1.4350640E-02   7.6351499E-03   2.6928188E-02   1.7164933E-02   2.0167373E-02
    1.0411183E-02   3.8556353E-02   2.2053809E-02   3.3116615E-02   1.3283920E-02
    4.9492510E-02   4.9730771E-02   6.0560737E-02   7.1895882E-02   8.2621392E-02
    9.1656364E-02   1.0050999E-01   1.0938837E-01   1.1802210E-01   1.2554276E-01
    1.3206052E-01   1.3781520E-01   1.4259776E-01   1.4630315E-01   1.4917409E-01
    1.4938599E-01   1.3495587E-01   1.5282192E-01   1.6833190E-01

 5.0359475851E+03   5.9180819E+01   8.2453033E+07   1.3935528E+00   1.6968419E+01   1.7090572E+03   5.0000000E-02    11 
    3.8674472E-09   8.1716506E-12   9.6252119E-12   1.8364072E-09   1.6540390E-07
    1.9912538E-07   4.3330649E-10   4.5605958E-10   1.1593593E-06   1.5735662E-04
    1.6556968E-04   9.3419010E-07   9.3808181E-07   1.4832351E-06   3.6069679E-05
    9.1364204E-05   4.3034487E-05   9.2553342E-05   3.4992797E-04   6.3972592E-04
    3.6466022E-04   8.9153283E-04   1.3879721E-03   2.3501420E-03   1.3248263E-03
    3.2530830E-03   4.4684878E-03   6.1847066E-03   3.0666326E-03   9.5021807E-03
    8.3040234E-03   1.0008398E-02   5.3963600E-03   1.8019360E-02   1.3000692E-02
    1.5290087E-02   8.1260455E-03   2.8544188E-02   1.8176888E-02   2.1318808E-02
    1.1003452E-02   4.0561628E-02   2.3219947E-02   3.5003989E-02   1.3966434E-02
    5.1767366E-02   5.1828334E-02   6.2875573E-02   7.4392880E-02   8.5385906E-02
    9.4506205E-02   1.0336957E-01   1.1228796E-01   1.2107979E-01   1.2864233E-01
    1.3518894E-01   1.4095944E-01   1.4569918E-01   1.4926360E-01   1.5182490E-01
    1.5138326E-01   1.3921687E-01   1.5568891E-01   1.7141091E-01

 3.6164810120E+03   1.2077928E+02   1.6595271E+08   1.4291085E+00   1.7695032E+01   1.6465749E+03   5.0000000E-02    12 
    7.9173824E-09   3.6380025E-11   3.8622325E-11   3.7964112E-09   3.4612908E-07
    3.9945467E-07   1.0925290E-09   1.1268142E-09   1.7045046E-06   2.3494188E-04
    2.4722452E-04   1.2906061E-06   1.2991038E-06   2.0063751E-06   4.5146102E-05
    1.1430998E-04   5.2948104E-05   1.1309089E-04   4.1044375E-04   7.4855909E-04
    4.2307713E-04   1.0307797E-03   1.5679302E-03   2.6499427E-03   1.4859611E-03
    3.6363609E-03   4.9282273E-03   6.8554453E-03   3.3668905E-03   1.0392265E-02
    9.0171370E-03   1.0854752E-02   5.8377002E-03   1.9411673E-02   1.3958147E-02
    1.6389958E-02   8.7012228E-03   3.0414456E-02   1.9353186E-02   2.2671091E-02
    1.1694412E-02   4.2870714E-02   2.4574348E-02   3.7312936E-02   1.4763671E-02
    5.4370477E-02   5.4235449E-02   6.5527871E-02   7.7263479E-02   8.8542854E-02
    9.7753571E-02   1.0663845E-01   1.1563845E-01   1.2458720E-01   1.3220851E-01
    1.3878845E-01   1.4455293E-01   1.4922018E-01   1.5257463E-01   1.5469999E-01
    1.5380625E-01   1.4446944E-01   1.5900100E-01   1.7499646E-01

 2.6169098619E+03   2.4682331E+02   3.3380724E+08   1.4702573E+00   1.8980877E+01   1.5634292E+03   5.0000000E-02    13 
    1.9080160E-08   1.8717092E-10   1.8485299E-10   8.7707263E-09   7.9149750E-07
    8.7675655E-07   3.6069506E-09   3.5634217E-09   2.6357879E-06   3.6759905E-04
    3.8730501E-04   1.9041937E-06   1.9134814E-06   2.7974073E-06   5.8211848E-05
    1.4737277E-04   6.6971799E-05   1.4102525E-04   4.9031421E-04   8.9220484E-04
    4.9926464E-04   1.2095226E-03   1.7951925E-03   3.0289958E-03   1.6882789E-03
    4.1124406E-03   5.4962983E-03   7.7095679E-03   3.7361264E-03   1.1472413E-02
    9.8823174E-03   1.1885444E-02   6.3729802E-03   2.1078247E-02   1.5108583E-02
    1.7708406E-02   9.3932474E-03   3.2633499E-02   2.0758463E-02   2.4290755E-02
    1.2525543E-02   4.5587683E-02   2.6186796E-02   4.0324755E-02   1.5726645E-02
    5.7416289E-02   5.7074003E-02   6.8639777E-02   8.0663000E-02   9.2280664E-02
    1.0156287E-01   1.1048759E-01   1.1961557E-01   1.2873795E-01   1.3643703E-01
    1.4305725E-01   1.4878255E-01   1.5330748E-01   1.5637909E-01   1.5807375E-01
    1.5715518E-01   1.5068281E-01   1.6296225E-01   1.7932690E-01

 1.9120523989E+03   5.0592228E+02   6.7170485E+08   1.5195197E+00   2.1210263E+01   1.4554198E+03   5.0000000E-02    14 
    5.7983547E-08   1.1588316E-09   1.1077048E-09   2.3887882E-08   2.0266568E-06
    2.1633048E-06   1.5180706E-08   1.4415534E-08   4.3705077E-06   6.0681102E-04
    6.4111816E-04   3.1315363E-06   3.1211974E-06   4.0732490E-06   7.8674183E-05
    1.9868682E-04   8.8832168E-05   1.8101963E-04   6.0239949E-04   1.0923449E-03
    6.0500989E-04   1.4493547E-03   2.0977524E-03   3.5337967E-03   1.9551604E-03
    4.7292315E-03   6.2325293E-03   8.8652484E-03   4.2126089E-03   1.2835674E-02
    1.0976823E-02   1.3192759E-02   7.0511570E-03   2.3149049E-02   1.6549771E-02
    1.9357070E-02   1.0264634E-02   3.5361480E-02   2.2503832E-02   2.6309002E-02
    1.3572429E-02   4.8896514E-02   2.8196372E-02   4.4505113E-02   1.6951726E-02
    6.1101634E-02   6.0559137E-02   7.2448425E-02   8.4864212E-02   9.6905430E-02
    1.0625192E-01   1.1523201E-01   1.2453529E-01   1.3387808E-01   1.4168181E-01
    1.4834040E-01   1.5397182E-01   1.5827618E-01   1.6106405E-01   1.6251166E-01
    1.6195900E-01   1.5788632E-01   1.6797214E-01   1.8484069E-01

 1.4154248669E+03   1.0371530E+03   1.3507486E+09   1.5742822E+00   2.4727164E+01   1.3207911E+03   5.0000000E-02    15 
    1.9662576E-07   7.5597666E-09   7.1567186E-09   7.4529489E-08   5.4531648E-06
    5.6522941E-06   6.8938526E-08   6.2937151E-08   7.5744715E-06   9.9897658E-04
    1.0602401E-03   6.0845779E-06   6.0684400E-06   6.0361557E-06   1.1109382E-04
    2.7603978E-04   1.2493789E-04   2.3492642E-04   7.5523804E-04   1.3584699E-03
    7.4982584E-04   1.7513882E-03   2.4831221E-03   4.1709413E-03   2.2926234E-03
    5.4765831E-03   7.1377524E-03   1.0361549E-02   4.7994258E-03   1.4443177E-02
    1.2278785E-02   1.4755301E-02   7.8651245E-03   2.5553490E-02   1.8243693E-02
    2.1288685E-02   1.1305364E-02   3.8494488E-02   2.4546858E-02   2.8662322E-02
    1.4832025E-02   5.2667806E-02   3.0575945E-02   5.0044751E-02   1.8464710E-02
    6.5268376E-02   6.4604069E-02   7.6849892E-02   8.9785847E-02   1.0233898E-01
    1.1175942E-01   1.2083038E-01   1.3037920E-01   1.3998889E-01   1.4793168E-01
    1.5461777E-01   1.6011266E-01   1.6419500E-01   1.6681874E-01   1.6826553E-01
    1.6825109E-01   1.6591655E-01   1.7421457E-01   1.9174787E-01

 1.0655250602E+03   2.1073379E+03   2.7083527E+09   1.6202378E+00   2.9415756E+01   1.1624188E+03   5.0000000E-02    16 
    4.6894690E-07   3.5041442E-08   3.1915849E-08   2.1634092E-07   1.2516178E-05
    1.2760000E-05   2.5189606E-07   2.1842456E-07   1.2501852E-05   1.3989959E-03
    1.4946604E-03   1.3205631E-05   1.2443702E-05   8.2959393E-06   1.5624734E-04
    3.6782118E-04   1.8422492E-04   2.8921268E-04   9.2693784E-04   1.6329213E-03
    9.2967261E-04   2.0383331E-03   2.8774004E-03   4.7916079E-03   2.6414618E-03
    6.1645637E-03   8.0351423E-03   1.1899755E-02   5.3949499E-03   1.5887456E-02
    1.3481936E-02   1.6201382E-02   8.6450857E-03   2.7695414E-02   1.9796221E-02
    2.3029067E-02   1.2303812E-02   4.1270957E-02   2.6429409E-02   3.0783056E-02
    1.6079912E-02   5.5985846E-02   3.2862258E-02   5.5932589E-02   2.0076462E-02
    6.8909397E-02   6.8405348E-02   8.0974818E-02   9.4485063E-02   1.0757019E-01
    1.1715496E-01   1.2643472E-01   1.3631548E-01   1.4618443E-01   1.5430520E-01
    1.6103838E-01   1.6644574E-01   1.7043311E-01   1.7308662E-01   1.7471879E-01
    1.7523120E-01   1.7403734E-01   1.8116988E-01   1.9957093E-01

 8.1832323437E+02   4.2527171E+03   5.4587276E+09   1.6639701E+00   3.5246366E+01   9.7783157E+02   5.0000000E-02    17 
    9.7615642E-07   1.4739177E-07   1.2275702E-07   6.4983567E-07   2.6203031E-05
    2.6613980E-05   8.7913734E-07   7.3734644E-07   2.1113690E-05   1.5604454E-03
    1.6939566E-03   3.1261788E-05   2.8642295E-05   1.1253507E-05   2.3138157E-04
    4.8709963E-04   3.0596530E-04   3.5026054E-04   1.1560833E-03   1.9499540E-03
    1.2605790E-03   2.3446843E-03   3.3449784E-03   5.4714203E-03   3.0750369E-03
    6.8829975E-03   9.1614031E-03   1.3631499E-02   6.1852049E-03   1.7361128E-02
    1.4762090E-02   1.7708093E-02   9.5430225E-03   2.9868503E-02   2.1418199E-02
    2.4808367E-02   1.3412138E-02   4.4079046E-02   2.8383539E-02   3.2939465E-02
    1.7542648E-02   5.9325104E-02   3.5498323E-02   6.2350604E-02   2.2153562E-02
    7.2557281E-02   7.2564760E-02   8.5518186E-02   9.9703443E-02   1.1339734E-01
    1.2339083E-01   1.3313502E-01   1.4349000E-01   1.5363024E-01   1.6198272E-01
    1.6883298E-01   1.7426891E-01   1.7831330E-01   1.8112899E-01   1.8300697E-01
    1.8393393E-01   1.8342710E-01   1.8998168E-01   2.0962986E-01

 6.4503651646E+02   8.4672850E+03   1.1007905E+10   1.7106271E+00   4.1635686E+01   7.8045255E+02   5.0000000E-02    18 
    2.0287722E-06   5.2055858E-07   5.3734856E-07   2.6919236E-06   4.9927466E-05
    5.0806958E-05   3.0092980E-06   2.7562278E-06   4.1266714E-05   1.2216171E-03
    1.3596577E-03   8.3251747E-05   9.0354758E-05   1.6257813E-05   3.7971036E-04
    6.5834970E-04   6.6372363E-04   4.2920191E-04   1.5071665E-03   2.3540204E-03
    2.1656685E-03   2.7150616E-03   3.9468431E-03   6.3010836E-03   3.6921172E-03
    7.7332090E-03   1.0939330E-02   1.5657863E-02   7.5599194E-03   1.9055271E-02
    1.6230262E-02   1.9444543E-02   1.0844270E-02   3.2352364E-02   2.3234188E-02
    2.6826323E-02   1.4791281E-02   4.7277269E-02   3.0622549E-02   3.5332197E-02
    1.9487712E-02   6.3112293E-02   3.8946642E-02   6.8803443E-02   2.5223494E-02
    7.6685966E-02   7.7670643E-02   9.1155103E-02   1.0617981E-01   1.2063285E-01
    1.3148971E-01   1.4210721E-01   1.5312585E-01   1.6360913E-01   1.7228467E-01
    1.7935911E-01   1.8494607E-01   1.8915346E-01   1.9218012E-01   1.9428467E-01
    1.9549975E-01   1.9537852E-01   2.0173980E-01   2.2302912E-01

 5.2343991572E+02   1.6647530E+04   2.2193709E+10   1.7774627E+00   4.9731067E+01   5.8789239E+02   5.0000003E-02    19 
    6.5795859E-06   3.0734743E-06   2.1714936E-06   1.0740974E-05   1.0318238E-04
    1.0509496E-04   1.0936746E-05   7.4816460E-06   8.2983052E-05   8.7246777E-04
    9.7935467E-04   2.7704031E-04   1.9688656E-04   2.8362384E-05   6.8861167E-04
    9.9807487E-04   1.5045408E-03   5.6899367E-04   2.2365126E-03   3.0505445E-03
    4.4962702E-03   3.3207340E-03   4.9818163E-03   7.6560901E-03   4.7930603E-03
    9.0729183E-03   1.4044640E-02   1.8745620E-02   1.0126184E-02   2.1640081E-02
    1.8555081E-02   2.2098832E-02   1.3144228E-02   3.6082995E-02   2.5965449E-02
    2.9837328E-02   1.7003403E-02   5.2022512E-02   3.3966874E-02   3.8811386E-02
    2.2720802E-02   6.8686354E-02   4.4627337E-02   7.6778938E-02   3.0525222E-02
    8.2783248E-02   8.5334750E-02   9.9758892E-02   1.1605675E-01   1.3170987E-01
    1.4406365E-01   1.5605096E-01   1.6801213E-01   1.7904706E-01   1.8815985E-01
    1.9553266E-01   2.0132851E-01   2.0572059E-01   2.0893270E-01   2.1120536E-01
    2.1260218E-01   2.1268628E-01   2.1901351E-01   2.4210701E-01

 4.3792862561E+02   3.2004759E+04   4.4856421E+10   1.8718409E+00   5.9725289E+01   4.1561158E+02   5.0000914E-02    20 
    3.5119461E-05   2.6656809E-05   1.5410705E-05   3.9820496E-05   2.3808990E-04
    2.4207578E-04   5.7270792E-05   3.5454997E-05   2.2164192E-04   1.0091890E-03
    1.0910788E-03   7.6444154E-04   4.3294127E-04   7.2878227E-05   1.4842908E-03
    1.7402595E-03   3.8012688E-03   8.4488785E-04   4.3771218E-03   4.3401438E-03
    1.1361737E-02   4.3692826E-03   7.0749727E-03   9.9810191E-03   7.2369989E-03
    1.1265035E-02   2.0494832E-02   2.3522379E-02   1.5773364E-02   2.5668957E-02
    2.2638661E-02   2.6241614E-02   1.7892265E-02   4.1760545E-02   3.0267660E-02
    3.4373424E-02   2.0799917E-02   5.9127333E-02   3.9052000E-02   4.3940202E-02
    2.8339150E-02   7.6966546E-02   5.3950886E-02   8.6018117E-02   3.9752668E-02
    9.1987586E-02   9.6996300E-02   1.1313260E-01   1.3144098E-01   1.4909096E-01
    1.6377684E-01   1.7770684E-01   1.9094275E-01   2.0272980E-01   2.1237833E-01
    2.2009481E-01   2.2612056E-01   2.3068659E-01   2.3404672E-01   2.3643602E-01
    2.3794231E-01   2.3813345E-01   2.4447044E-01   2.6918030E-01

 3.7907666444E+02   5.7792395E+04   8.9108461E+10   1.9871779E+00   7.2742629E+01   2.7879186E+02   5.0087458E-02    21 
    2.3824783E-04   2.1292065E-04   1.2572294E-04   1.5300231E-04   5.3875189E-04
    5.4621484E-04   2.1543881E-04   1.6349129E-04   5.4898926E-04   1.7699336E-03
    1.8230195E-03   1.4777412E-03   8.7266013E-04   2.3787880E-04   3.3522420E-03
    3.1989428E-03   8.2259535E-03   1.3400907E-03   8.9695749E-03   6.5629341E-03
    2.4033615E-02   6.0189918E-03   1.0679102E-02   1.3638706E-02   1.1529783E-02
    1.4512155E-02   3.0645670E-02   3.0310150E-02   2.5422585E-02   3.1341149E-02
    2.8564109E-02   3.2157921E-02   2.6051735E-02   4.9568859E-02   3.6302989E-02
    4.0570583E-02   2.6823552E-02   6.8695939E-02   4.6115495E-02   5.0955681E-02
    3.7339464E-02   8.8139668E-02   6.6734736E-02   9.5935797E-02   5.4281531E-02
    1.0477900E-01   1.1355098E-01   1.3264033E-01   1.5408577E-01   1.7482462E-01
    1.9265579E-01   2.0901632E-01   2.2377869E-01   2.3643439E-01   2.4664876E-01
    2.5470653E-01   2.6094293E-01   2.6564804E-01   2.6911009E-01   2.7156948E-01
    2.7313373E-01   2.7337795E-01   2.7970426E-01   3.0553190E-01

 3.4096492144E+02   9.0583378E+04   1.6002835E+11   2.0829474E+00   8.4687927E+01   1.8483618E+02   5.2004222E-02    22 
    9.3007994E-04   6.5976779E-04   6.8522005E-04   4.3489003E-04   9.4907163E-04
    9.6040158E-04   5.0630886E-04   5.0262177E-04   1.0395349E-03   2.9863912E-03
    3.0005559E-03   1.7498654E-03   1.5698239E-03   4.9028489E-04   6.4173742E-03
    5.0707705E-03   1.3296121E-02   1.9558950E-03   1.3612367E-02   9.1661992E-03
    3.8483233E-02   7.8439294E-03   1.4867613E-02   1.7606408E-02   1.6681576E-02
    1.7939785E-02   4.1307939E-02   3.6759445E-02   3.6819828E-02   3.7168003E-02
    3.4952276E-02   3.8205016E-02   3.5533461E-02   5.7482045E-02   4.2544360E-02
    4.6683925E-02   3.4129602E-02   7.8285304E-02   5.3348568E-02   5.8358480E-02
    4.8556561E-02   9.9614744E-02   7.9187035E-02   1.0329118E-01   7.1398413E-02
    1.1873166E-01   1.3240856E-01   1.5557931E-01   1.8090591E-01   2.0523082E-01
    2.2632794E-01   2.4499704E-01   2.6113474E-01   2.7452326E-01   2.8516999E-01
    2.9346481E-01   2.9982471E-01   3.0459703E-01   3.0809883E-01   3.1057771E-01
    3.1215707E-01   3.1242394E-01   3.1867117E-01   3.4485732E-01

 3.1523242915E+02   1.2134884E+05   2.2263155E+11   2.1275246E+00   9.2171812E+01   1.2287342E+02   6.5810612E-02    23 
    1.5904933E-03   9.7411258E-04   1.2629147E-03   7.0619673E-04   1.2146965E-03
    1.2263761E-03   7.7457840E-04   8.0288298E-04   1.4517035E-03   3.9412582E-03
    3.9211711E-03   2.0133010E-03   1.9743734E-03   6.7868773E-04   8.8581873E-03
    6.7817569E-03   1.5990171E-02   2.4104532E-03   1.6288679E-02   1.1301231E-02
    4.7487157E-02   9.0317809E-03   1.7974875E-02   2.0543152E-02   2.0404097E-02
    2.0139931E-02   4.8150798E-02   4.1545823E-02   4.4622317E-02   4.0853503E-02
    3.9271154E-02   4.2532692E-02   4.2071422E-02   6.2573985E-02   4.6930321E-02
    5.0974810E-02   3.9709408E-02   8.4577605E-02   5.8578567E-02   6.4147415E-02
    5.7264964E-02   1.0747691E-01   8.8436697E-02   1.1055210E-01   8.4022979E-02
    1.2891800E-01   1.4648893E-01   1.7289538E-01   2.0104616E-01   2.2776012E-01
    2.5078239E-01   2.7072524E-01   2.8760511E-01   3.0138440E-01   3.1224641E-01
    3.2064840E-01   3.2705580E-01   3.3184704E-01   3.3535487E-01   3.3783248E-01
    3.3941106E-01   3.3968755E-01   3.4585387E-01   3.7183738E-01

 2.9668656374E+02   1.3913491E+05   2.2156838E+11   2.1434093E+00   9.2186547E+01   8.1692207E+01   1.1238897E-01    24 
    2.0933138E-03   1.3854902E-03   1.7104263E-03   1.1070748E-03   1.4967561E-03
    1.5074175E-03   1.2343352E-03   1.2619948E-03   2.0419904E-03   5.1778602E-03
    5.1335799E-03   2.5975042E-03   2.4707295E-03   1.0768167E-03   1.2316956E-02
    8.9814256E-03   1.9534260E-02   2.9140716E-03   2.0861154E-02   1.3685570E-02
    6.0441662E-02   9.9053342E-03   2.1903673E-02   2.3478329E-02   2.5196933E-02
    2.1565921E-02   5.6857778E-02   4.6490624E-02   5.5504785E-02   4.2809602E-02
    4.3265580E-02   4.6158311E-02   4.9207999E-02   6.5177674E-02   5.0147187E-02
    5.4207459E-02   4.2240011E-02   8.7559472E-02   6.1774531E-02   6.7835962E-02
    6.0425557E-02   1.1091674E-01   9.3970029E-02   1.1879592E-01   8.7873800E-02
    1.3287480E-01   1.5092041E-01   1.7753956E-01   2.0584259E-01   2.3268295E-01
    2.5570430E-01   2.7568938E-01   2.9269050E-01   3.0661568E-01   3.1761178E-01
    3.2612513E-01   3.3262601E-01   3.3748958E-01   3.4105363E-01   3.4357301E-01
    3.4518012E-01   3.4546873E-01   3.5170501E-01   3.7758385E-01

 2.8257023120E+02   1.2830866E+05   2.0129390E+11   2.1604278E+00   1.0136346E+02   5.4411422E+01   2.0489507E-01    25 
    3.3635636E-03   2.5629905E-03   2.9025613E-03   2.1524297E-03   2.2519703E-03
    2.2644502E-03   2.4498358E-03   2.4769405E-03   3.2958771E-03   7.6722667E-03
    7.6426206E-03   3.8307227E-03   3.6005607E-03   2.1228145E-03   1.8007348E-02
    1.2052256E-02   2.4572281E-02   4.0255736E-03   2.8267158E-02   1.6987664E-02
    7.7756160E-02   1.1393559E-02   2.7850541E-02   2.7302588E-02   3.2272387E-02
    2.3626821E-02   6.8715807E-02   5.1984457E-02   6.9993151E-02   4.5302338E-02
    4.8819807E-02   5.0577739E-02   5.8832114E-02   6.8308668E-02   5.4268245E-02
    5.8162549E-02   4.4866901E-02   9.0783888E-02   6.5410676E-02   7.1891168E-02
    6.3110946E-02   1.1429657E-01   9.8613363E-02   1.2697411E-01   8.9947704E-02
    1.3619816E-01   1.5380273E-01   1.7979464E-01   2.0748507E-01   2.3383003E-01
    2.5638006E-01   2.7611322E-01   2.9309089E-01   3.0712057E-01   3.1825440E-01
    3.2690657E-01   3.3353772E-01   3.3850897E-01   3.4215953E-01   3.4474366E-01
    3.4639434E-01   3.4669686E-01   3.5306952E-01   3.7889930E-01

 2.6956346036E+02   8.1421946E+04   2.0360170E+11   2.1953259E+00   1.6418450E+02   3.5079961E+01   3.4504561E-01    26 
    9.5195094E-03   8.2251678E-03   8.7387959E-03   6.4984108E-03   5.4583683E-03
    5.4868691E-03   7.5237347E-03   7.5625167E-03   7.4188887E-03   1.5786001E-02
    1.5943140E-02   8.1284418E-03   7.7611122E-03   6.3037715E-03   2.9353096E-02
    1.8469414E-02   3.3434060E-02   8.1939344E-03   3.9881561E-02   2.4011015E-02
    9.8047046E-02   1.6121574E-02   3.8370722E-02   3.4575837E-02   4.4485383E-02
    2.9185410E-02   8.5798752E-02   6.0624684E-02   8.7410805E-02   5.1871131E-02
    5.9681617E-02   5.9013753E-02   7.3220788E-02   7.6413223E-02   6.3558018E-02
    6.6121241E-02   5.2231677E-02   9.8842633E-02   7.3635309E-02   8.0447789E-02
    7.2349817E-02   1.2300153E-01   1.0738568E-01   1.3595188E-01   9.8504848E-02
    1.4543372E-01   1.6373008E-01   1.9004854E-01   2.1788438E-01   2.4436750E-01
    2.6706910E-01   2.8690291E-01   3.0399672E-01   3.1817042E-01   3.2942813E-01
    3.3819601E-01   3.4492855E-01   3.4998249E-01   3.5369733E-01   3.5632456E-01
    3.5800316E-01   3.5831490E-01   3.6476464E-01   3.9044563E-01

 2.5762251324E+02   3.5412369E+04   2.3551902E+11   2.2348803E+00   4.2149887E+02   2.4012438E+01   4.7668557E-01    27 
    3.9492172E-02   3.6123294E-02   3.7475241E-02   2.5653705E-02   1.9941719E-02
    2.0049982E-02   2.9214725E-02   2.9310559E-02   2.3885255E-02   4.8589015E-02
    4.9570093E-02   2.6704411E-02   2.6027092E-02   2.4511614E-02   5.6354617E-02
    3.9415533E-02   5.9051621E-02   2.6451245E-02   6.7176106E-02   4.6787340E-02
    1.3127161E-01   3.5066958E-02   6.4673609E-02   5.5869923E-02   7.5486717E-02
    4.8695683E-02   1.1905104E-01   8.4618400E-02   1.2455863E-01   7.3141723E-02
    8.9322527E-02   8.2661459E-02   1.0492422E-01   1.0096371E-01   9.2222789E-02
    8.8676140E-02   7.5148776E-02   1.2144160E-01   9.7465443E-02   1.0458473E-01
    1.0207112E-01   1.4674277E-01   1.3289447E-01   1.5746840E-01   1.2489258E-01
    1.7014377E-01   1.9044295E-01   2.1820580E-01   2.4711324E-01   2.7437670E-01
    2.9763937E-01   3.1762163E-01   3.3470478E-01   3.4886648E-01   3.6000007E-01
    3.6867830E-01   3.7533635E-01   3.8033340E-01   3.8400369E-01   3.8658655E-01
    3.8823543E-01   3.8854227E-01   3.9485954E-01   4.1987142E-01

 2.5284081991E+02   8.1474557E+03   2.8480176E+11   2.2342678E+00   1.9751902E+03   1.6329417E+01   6.0122776E-01    28 
    1.5154065E-01   1.4023122E-01   1.4453475E-01   1.0561607E-01   8.3232195E-02
    8.3725542E-02   1.1478603E-01   1.1512842E-01   9.9106955E-02   1.9191070E-01
    1.9583312E-01   1.1084396E-01   1.0862426E-01   1.0166308E-01   1.6161238E-01
    1.1991224E-01   1.6435201E-01   1.0862406E-01   1.7182754E-01   1.3604603E-01
    2.2558633E-01   1.1982858E-01   1.6422102E-01   1.3559067E-01   1.9187420E-01
    1.3156965E-01   2.2361715E-01   1.7418575E-01   2.6197468E-01   1.6005087E-01
    2.0158550E-01   1.7027622E-01   2.1706173E-01   1.9561024E-01   2.0652932E-01
    1.7202730E-01   1.5874240E-01   2.0237287E-01   1.8422384E-01   1.9157119E-01
    2.1049680E-01   2.2789816E-01   2.2432752E-01   2.3337042E-01   2.1097108E-01
    2.4987995E-01   2.7200678E-01   3.0133649E-01   3.3104495E-01   3.5811441E-01
    3.8030393E-01   3.9845347E-01   4.1378667E-01   4.2666803E-01   4.3631501E-01
    4.4391108E-01   4.4974528E-01   4.5412871E-01   4.5735167E-01   4.5958552E-01
    4.6101522E-01   4.6127771E-01   4.6675120E-01   4.8879575E-01

 2.5249256744E+02   3.8851085E+03   3.6023889E+11   2.2153346E+00   4.4113015E+03   1.0970072E+01   7.0904573E-01    29 
    1.9871659E-01   1.8413314E-01   1.8892885E-01   1.5715088E-01   1.3231687E-01
    1.3328773E-01   1.7083611E-01   1.7150695E-01   1.6042930E-01   2.9873620E-01
    3.0423007E-01   1.7964569E-01   1.7598895E-01   1.5813687E-01   2.4940764E-01
    1.7342716E-01   2.5432564E-01   1.7429986E-01   2.6097495E-01   1.9902615E-01
    2.9797525E-01   1.9070295E-01   2.4612130E-01   1.9263837E-01   2.8733922E-01
    2.0164361E-01   3.0399993E-01   2.3549608E-01   3.6881395E-01   2.3469023E-01
    2.9082938E-01   2.3782802E-01   3.0745712E-01   2.7561002E-01   2.9758050E-01
    2.3581018E-01   2.2383383E-01   2.6999751E-01   2.5206377E-01   2.5970035E-01
    2.9570251E-01   2.9535010E-01   2.8674985E-01   2.7625358E-01   2.7709055E-01
    3.1531377E-01   3.3883082E-01   3.6959135E-01   3.9942422E-01   4.2584321E-01
    4.4723219E-01   4.6411291E-01   4.7801376E-01   4.8965944E-01   4.9803279E-01
    5.0467773E-01   5.0978191E-01   5.1361849E-01   5.1643945E-01   5.1837163E-01
    5.1960929E-01   5.1983316E-01   5.2456045E-01   5.4414126E-01

 2.5232711423E+02   2.4015574E+03   4.8600541E+11   2.2045491E+00   7.7185537E+03   7.2489093E+00   7.9607913E-01    30 
    2.1698179E-01   2.0267369E-01   2.0773055E-01   1.8618156E-01   1.6313408E-01
    1.6442816E-01   2.0281330E-01   2.0360924E-01   1.9972130E-01   3.6229352E-01
    3.6834844E-01   2.2328944E-01   2.1867770E-01   1.9249737E-01   3.0090184E-01
    2.0369120E-01   3.0946977E-01   2.1651847E-01   3.1426666E-01   2.3615144E-01
    3.3803116E-01   2.3780270E-01   2.9357215E-01   2.2885946E-01   3.4102684E-01
    2.4863717E-01   3.5330698E-01   2.8193888E-01   4.3732088E-01   2.8651657E-01
    3.4504446E-01   2.8436534E-01   3.6010026E-01   3.3041187E-01   3.5418742E-01
    2.7953691E-01   2.6959624E-01   3.1743523E-01   2.9996662E-01   3.0903158E-01
    3.5077189E-01   3.4382379E-01   3.3698109E-01   3.2293006E-01   3.2847395E-01
    3.6394486E-01   3.9017522E-01   4.2338014E-01   4.5447105E-01   4.8101375E-01
    5.0196944E-01   5.1816583E-01   5.3122070E-01   5.4199214E-01   5.4957122E-01
    5.5555269E-01   5.6011822E-01   5.6353347E-01   5.6603528E-01   5.6774261E-01
    5.6883462E-01   5.6902951E-01   5.7318725E-01   5.9083041E-01

 2.5211519529E+02   1.2704633E+03   6.7707426E+11   2.2000687E+00   1.5575947E+04   4.8304356E+00   8.5871573E-01    31 
    2.9236687E-01   2.7626434E-01   2.8349780E-01   2.6250484E-01   2.3850025E-01
    2.4051548E-01   2.8582644E-01   2.8682697E-01   2.9002989E-01   5.1078350E-01
    5.1860927E-01   3.2332866E-01   3.1736434E-01   2.7488346E-01   4.1477157E-01
    2.7438526E-01   4.3029523E-01   3.1284635E-01   4.3114370E-01   3.2081856E-01
    4.4012464E-01   3.4233470E-01   3.9588525E-01   3.1064820E-01   4.5568988E-01
    3.5217596E-01   4.7080769E-01   3.8858361E-01   5.9713389E-01   3.9917336E-01
    4.6274084E-01   3.8675077E-01   4.7696839E-01   4.4854602E-01   4.7618688E-01
    3.7602949E-01   3.6726573E-01   4.1873960E-01   4.0339712E-01   4.1462528E-01
    4.6611189E-01   4.4570208E-01   4.4530173E-01   4.2591879E-01   4.3269994E-01
    4.6409636E-01   4.9237650E-01   5.2717251E-01   5.5808256E-01   5.8296039E-01
    6.0157792E-01   6.1539304E-01   6.2627436E-01   6.3520932E-01   6.4118391E-01
    6.4591336E-01   6.4951042E-01   6.5219237E-01   6.5415332E-01   6.5547746E-01
    6.5632540E-01   6.5647357E-01   6.5968013E-01   6.7366380E-01

 2.5188007271E+02   6.1862321E+02   9.6858810E+11   2.1999730E+00   3.4254941E+04   3.2147320E+00   9.0346476E-01    32 
    4.4857425E-01   4.2917313E-01   4.3934069E-01   4.1029823E-01   3.8815789E-01
    3.9170641E-01   4.4622724E-01   4.4750921E-01   4.6117167E-01   7.8773028E-01
    7.9924726E-01   5.1330777E-01   5.0600165E-01   4.3204834E-01   6.2254529E-01
    4.0686593E-01   6.5153200E-01   4.9496171E-01   6.4985148E-01   4.7923570E-01
    6.4170637E-01   5.3821453E-01   5.8362865E-01   4.6365723E-01   6.6509548E-01
    5.4625097E-01   6.9526383E-01   5.9125689E-01   8.9630714E-01   6.0869734E-01
    6.7796480E-01   5.7867678E-01   6.9403369E-01   6.6538654E-01   6.9603127E-01
    5.5618392E-01   5.4661189E-01   6.0386350E-01   5.9377161E-01   6.0751359E-01
    6.7119269E-01   6.2919083E-01   6.3651604E-01   6.0867191E-01   6.1494664E-01
    6.4099994E-01   6.6773176E-01   7.0029635E-01   7.2687874E-01   7.4636975E-01
    7.5948500E-01   7.6838331E-01   7.7515925E-01   7.8085470E-01   7.8414324E-01
    7.8683662E-01   7.8889809E-01   7.9043882E-01   7.9157025E-01   7.9230912E-01
    7.9278753E-01   7.9286755E-01   7.9464882E-01   8.0278264E-01

 2.5164199124E+02   3.2015555E+02   1.4091618E+12   2.1952939E+00   7.0696974E+04   2.1397886E+00   9.3460012E-01    33 
    5.8989786E-01   5.7298508E-01   5.8290927E-01   5.7293020E-01   5.6927218E-01
    5.7492734E-01   6.2523056E-01   6.2664179E-01   6.6580888E-01   1.1022508E+00
    1.1179586E+00   7.4011469E-01   7.3351789E-01   6.1873521E-01   8.6088814E-01
    5.5999014E-01   9.0888084E-01   7.1866504E-01   9.1564925E-01   6.6758512E-01
    8.8609607E-01   7.8160583E-01   8.0576327E-01   6.4978423E-01   9.0923885E-01
    7.8955600E-01   9.6893189E-01   8.4986273E-01   1.2525613E+00   8.7212513E-01
    9.3369112E-01   8.1906282E-01   9.5433107E-01   9.3204401E-01   9.5372590E-01
    7.8178122E-01   7.7047294E-01   8.3260270E-01   8.2903458E-01   8.4385169E-01
    9.1267273E-01   8.5251135E-01   8.6263129E-01   8.2841260E-01   8.3265785E-01
    8.5290565E-01   8.7244343E-01   8.9714881E-01   9.1471586E-01   9.2564729E-01
    9.3127083E-01   9.3403976E-01   9.3591996E-01   9.3781877E-01   9.3815334E-01
    9.3861863E-01   9.3901630E-01   9.3933028E-01   9.3957512E-01   9.3969653E-01
    9.3978641E-01   9.3979748E-01   9.4010280E-01   9.4193232E-01

 2.5141147470E+02   1.9719016E+02   2.0729523E+12   2.1841013E+00   1.2216613E+05   1.4246003E+00   9.5594202E-01    34 
    5.7770216E-01   5.6954295E-01   5.7493229E-01   6.3390329E-01   6.6505810E-01
    6.7224894E-01   6.9822086E-01   6.9935868E-01   7.7761649E-01   1.2477248E+00
    1.2651223E+00   8.5970432E-01   8.5674616E-01   7.2031664E-01   9.8368877E-01
    6.3838302E-01   1.0423775E+00   8.5622946E-01   1.0718769E+00   7.7498071E-01
    1.0212243E+00   9.3777042E-01   9.2918863E-01   7.6434426E-01   1.0379408E+00
    9.4951089E-01   1.1329152E+00   1.0282882E+00   1.4511494E+00   1.0489752E+00
    1.0819924E+00   9.7851165E-01   1.1080404E+00   1.1024740E+00   1.1006444E+00
    9.3411157E-01   9.2312375E-01   9.8366668E-01   9.8381289E-01   9.9706722E-01
    1.0569648E+00   9.9678049E-01   1.0023729E+00   9.7030806E-01   9.7268696E-01
    9.8830446E-01   9.9940992E-01   1.0150243E+00   1.0240494E+00   1.0281912E+00
    1.0287184E+00   1.0277331E+00   1.0267163E+00   1.0263214E+00   1.0250859E+00
    1.0243389E+00   1.0238293E+00   1.0234745E+00   1.0232352E+00   1.0230297E+00
    1.0229131E+00   1.0228897E+00   1.0224314E+00   1.0208352E+00

 2.5118495084E+02   1.4365784E+02   3.0699835E+12   2.1698924E+00   1.8073296E+05   9.4924586E-01   9.7041113E-01    35 
    4.5699114E-01   4.5543369E-01   4.5693740E-01   5.9710758E-01   6.5637384E-01
    6.6398006E-01   6.6556311E-01   6.6624649E-01   7.7763010E-01   1.2139538E+00
    1.2301942E+00   8.4845692E-01   8.4924592E-01   7.2425538E-01   9.7983788E-01
    6.3466701E-01   1.0333007E+00   8.8589836E-01   1.0893308E+00   7.8812590E-01
    1.0248909E+00   9.7941739E-01   9.3665105E-01   7.9086357E-01   1.0358148E+00
    9.9560586E-01   1.1615500E+00   1.0904308E+00   1.4582112E+00   1.1056301E+00
    1.1051172E+00   1.0292088E+00   1.1363922E+00   1.1471360E+00   1.1205079E+00
    9.8718580E-01   9.7886420E-01   1.0320611E+00   1.0319412E+00   1.0423271E+00
    1.0868609E+00   1.0398641E+00   1.0396322E+00   1.0151957E+00   1.0167215E+00
    1.0291326E+00   1.0351628E+00   1.0448623E+00   1.0493032E+00   1.0505303E+00
    1.0494590E+00   1.0476139E+00   1.0459943E+00   1.0450325E+00   1.0436241E+00
    1.0426989E+00   1.0420468E+00   1.0415828E+00   1.0412615E+00   1.0410111E+00
    1.0408641E+00   1.0408375E+00   1.0402850E+00   1.0381239E+00

 2.5092113865E+02   1.3140777E+02   4.5783125E+12   2.1615495E+00   2.3000983E+05   6.3145452E-01   9.8021291E-01    36 
    3.3960605E-01   3.3951509E-01   3.3988821E-01   5.4244030E-01   6.0691829E-01
    6.1390349E-01   6.0892390E-01   6.0942887E-01   7.3403947E-01   1.1277486E+00
    1.1409304E+00   7.8649587E-01   7.8873231E-01   6.9441372E-01   9.3116860E-01
    6.0393167E-01   9.7129540E-01   8.7521916E-01   1.0437154E+00   7.6672685E-01
    9.7716091E-01   9.7285133E-01   8.9932411E-01   7.8396261E-01   9.8555153E-01
    9.8965714E-01   1.1300475E+00   1.0913225E+00   1.3741402E+00   1.1031208E+00
    1.0796195E+00   1.0317675E+00   1.1151413E+00   1.1331997E+00   1.0887317E+00
    9.9456223E-01   9.8971207E-01   1.0336210E+00   1.0300105E+00   1.0376118E+00
    1.0678551E+00   1.0371276E+00   1.0332698E+00   1.0169373E+00   1.0182157E+00
    1.0281611E+00   1.0318835E+00   1.0383033E+00   1.0408196E+00   1.0412420E+00
    1.0401749E+00   1.0386593E+00   1.0373583E+00   1.0365422E+00   1.0354703E+00
    1.0347536E+00   1.0342448E+00   1.0338805E+00   1.0336272E+00   1.0334337E+00
    1.0333201E+00   1.0333007E+00   1.0328883E+00   1.0312164E+00

 2.5060682990E+02   1.7777945E+02   6.8584671E+12   2.1742344E+00   2.3400984E+05   4.1975456E-01   9.8680033E-01    37 
    2.8449332E-01   2.8399494E-01   2.8448945E-01   5.2445748E-01   5.7431873E-01
    5.7999585E-01   5.8581267E-01   5.8641621E-01   7.0467224E-01   1.0751736E+00
    1.0833078E+00   7.4509597E-01   7.4575142E-01   6.7189748E-01   8.9732698E-01
    5.9013694E-01   9.2969511E-01   8.7017745E-01   9.9407410E-01   7.5415583E-01
    9.3939497E-01   9.6154363E-01   8.7060826E-01   7.8483792E-01   9.4589024E-01
    9.7393809E-01   1.0875133E+00   1.0706072E+00   1.2683965E+00   1.0798470E+00
    1.0523069E+00   1.0255567E+00   1.0874385E+00   1.1019159E+00   1.0502086E+00
    9.9020092E-01   9.8862638E-01   1.0226762E+00   1.0147530E+00   1.0200438E+00
    1.0392482E+00   1.0226101E+00   1.0174007E+00   1.0076787E+00   1.0089488E+00
    1.0166396E+00   1.0192665E+00   1.0236140E+00   1.0252649E+00   1.0255701E+00
    1.0249103E+00   1.0239650E+00   1.0231576E+00   1.0226424E+00   1.0219706E+00
    1.0215198E+00   1.0211979E+00   1.0209663E+00   1.0208054E+00   1.0206831E+00
    1.0206118E+00   1.0206005E+00   1.0203533E+00   1.0193288E+00

 2.5024995018E+02   3.9761061E+02   9.9759775E+12   2.2156626E+00   1.7695597E+05   2.8820768E-01   9.9091712E-01    38 
    2.8863843E-01   2.8829965E-01   2.8857172E-01   5.5261343E-01   5.7545312E-01
    5.7967004E-01   6.0849512E-01   6.0896182E-01   7.0736810E-01   1.0763847E+00
    1.0769879E+00   7.4589260E-01   7.4187601E-01   6.6460345E-01   8.9821368E-01
    6.1341058E-01   9.3587469E-01   8.8437827E-01   9.6890369E-01   7.6835473E-01
    9.3400143E-01   9.6073724E-01   8.7315936E-01   8.0932817E-01   9.3631482E-01
    9.6566289E-01   1.0551855E+00   1.0488326E+00   1.1798023E+00   1.0546232E+00
    1.0372753E+00   1.0226448E+00   1.0665498E+00   1.0726897E+00   1.0245058E+00
    9.8822366E-01   9.8872421E-01   1.0138223E+00   1.0033629E+00   1.0069745E+00
    1.0188645E+00   1.0114881E+00   1.0063140E+00   1.0009370E+00   1.0021684E+00
    1.0078902E+00   1.0096449E+00   1.0124391E+00   1.0135332E+00   1.0138080E+00
    1.0134718E+00   1.0129525E+00   1.0125075E+00   1.0122208E+00   1.0118367E+00
    1.0115796E+00   1.0113943E+00   1.0112606E+00   1.0111680E+00   1.0110976E+00
    1.0110572E+00   1.0110514E+00   1.0109190E+00   1.0103590E+00

 2.4990779191E+02   1.2339350E+03   1.3420161E+13   2.2757470E+00   1.0662143E+05   2.1434097E-01   9.9323673E-01    39 
    3.2665103E-01   3.2659108E-01   3.2659752E-01   6.0713809E-01   5.9823604E-01
    6.0135884E-01   6.5707367E-01   6.5742769E-01   7.3033255E-01   1.1014123E+00
    1.0939107E+00   7.6820519E-01   7.5655553E-01   6.6333760E-01   9.2026369E-01
    6.6399849E-01   9.7191852E-01   9.0486551E-01   9.6752682E-01   8.0274851E-01
    9.4884101E-01   9.6502822E-01   8.9663515E-01   8.4667468E-01   9.4463546E-01
    9.6321348E-01   1.0375712E+00   1.0350519E+00   1.1227871E+00   1.0354983E+00
    1.0308943E+00   1.0219425E+00   1.0526569E+00   1.0519576E+00   1.0128737E+00
    9.8994474E-01   9.9094037E-01   1.0091468E+00   9.9876814E-01   1.0012916E+00
    1.0088693E+00   1.0059186E+00   1.0014794E+00   9.9839968E-01   9.9942261E-01
    1.0036291E+00   1.0047354E+00   1.0065437E+00   1.0072791E+00   1.0075065E+00
    1.0073336E+00   1.0070428E+00   1.0067920E+00   1.0066291E+00   1.0064033E+00
    1.0062532E+00   1.0061437E+00   1.0060647E+00   1.0060105E+00   1.0059692E+00
    1.0059458E+00   1.0059428E+00   1.0058705E+00   1.0055587E+00

 2.4955878215E+02   5.0740975E+03   1.7371971E+13   2.3536627E+00   5.2853467E+04   1.6581933E-01   9.9476354E-01    40 
    3.8811350E-01   3.8815747E-01   3.8807136E-01   6.7904739E-01   6.3945066E-01
    6.4180877E-01   7.2028293E-01   7.2064725E-01   7.6622394E-01   1.1219020E+00
    1.1067716E+00   7.9221463E-01   7.7020776E-01   6.6026089E-01   9.5294586E-01
    7.3539346E-01   1.0215002E+00   9.1969807E-01   9.8212277E-01   8.5178702E-01
    9.7182350E-01   9.6656114E-01   9.2941659E-01   8.8972878E-01   9.5825022E-01
    9.6049258E-01   1.0298021E+00   1.0284319E+00   1.0849357E+00   1.0204054E+00
    1.0278028E+00   1.0218211E+00   1.0417988E+00   1.0357682E+00   1.0083512E+00
    9.9341686E-01   9.9383375E-01   1.0059788E+00   9.9776346E-01   9.9941332E-01
    1.0039816E+00   1.0027595E+00   9.9963903E-01   9.9781311E-01   9.9846422E-01
    1.0013107E+00   1.0020498E+00   1.0032439E+00   1.0037450E+00   1.0039298E+00
    1.0038501E+00   1.0036946E+00   1.0035577E+00   1.0034685E+00   1.0033380E+00
    1.0032524E+00   1.0031890E+00   1.0031435E+00   1.0031125E+00   1.0030889E+00
    1.0030758E+00   1.0030743E+00   1.0030359E+00   1.0028663E+00

 2.4919135109E+02   2.6368036E+04   2.1949501E+13   2.4511489E+00   2.1829034E+04   1.3154362E-01   9.9584357E-01    41 
    4.7316491E-01   4.7320409E-01   4.7313275E-01   7.6520487E-01   7.0497256E-01
    7.0687095E-01   7.9273370E-01   7.9316293E-01   8.1242096E-01   1.1236550E+00
    1.1027001E+00   8.0668281E-01   7.7504940E-01   6.5314575E-01   9.9294896E-01
    8.2182663E-01   1.0729489E+00   9.2158935E-01   1.0091844E+00   9.0997687E-01
    9.9670137E-01   9.6145407E-01   9.6495075E-01   9.3290374E-01   9.7167366E-01
    9.5533124E-01   1.0290406E+00   1.0271527E+00   1.0599679E+00   1.0083683E+00
    1.0261884E+00   1.0216823E+00   1.0328392E+00   1.0225796E+00   1.0072877E+00
    9.9710440E-01   9.9633313E-01   1.0029705E+00   9.9843274E-01   9.9930674E-01
    1.0016344E+00   1.0005728E+00   9.9922101E-01   9.9803230E-01   9.9823269E-01
    9.9982271E-01   1.0004689E+00   1.0013293E+00   1.0017017E+00   1.0018664E+00
    1.0018504E+00   1.0017814E+00   1.0017160E+00   1.0016736E+00   1.0016033E+00
    1.0015583E+00   1.0015241E+00   1.0014998E+00   1.0014835E+00   1.0014709E+00
    1.0014641E+00   1.0014634E+00   1.0014444E+00   1.0013575E+00

 2.4879651694E+02   1.5955992E+05   2.7143357E+13   2.5698578E+00   7.5916730E+03   1.0677407E-01   9.9662483E-01    42 
    5.7836520E-01   5.7837915E-01   5.7834572E-01   8.5899703E-01   7.9207406E-01
    7.9382108E-01   8.6870490E-01   8.6925971E-01   8.6058836E-01   1.1022561E+00
    1.0784585E+00   8.0809959E-01   7.7043298E-01   6.4488775E-01   1.0316575E+00
    9.1265191E-01   1.1061754E+00   9.0840332E-01   1.0396789E+00   9.6752947E-01
    1.0143342E+00   9.4837480E-01   9.9555071E-01   9.6901013E-01   9.7931209E-01
    9.4678031E-01   1.0290820E+00   1.0256538E+00   1.0398998E+00   9.9593628E-01
    1.0232476E+00   1.0194331E+00   1.0235352E+00   1.0104660E+00   1.0070723E+00
    9.9979059E-01   9.9773942E-01   9.9967524E-01   9.9940005E-01   9.9961818E-01
    1.0002938E+00   9.9870004E-01   9.9931490E-01   9.9843136E-01   9.9821061E-01
    9.9871794E-01   9.9944126E-01   1.0001587E+00   1.0004874E+00   1.0006577E+00
    1.0006940E+00   1.0006852E+00   1.0006681E+00   1.0006578E+00   1.0006269E+00
    1.0006084E+00   1.0005935E+00   1.0005830E+00   1.0005762E+00   1.0005708E+00
    1.0005679E+00   1.0005676E+00   1.0005597E+00   1.0005213E+00

 2.4836447196E+02   9.8576902E+05   3.2869939E+13   2.7089840E+00   2.2898334E+03   8.8804781E-02   9.9719201E-01    43 
    6.8532447E-01   6.8532331E-01   6.8531453E-01   9.4545512E-01   8.8560637E-01
    8.8746492E-01   9.4217354E-01   9.4286497E-01   9.0346215E-01   1.0639740E+00
    1.0408237E+00   8.0474791E-01   7.6520424E-01   6.5077176E-01   1.0562362E+00
    9.8683190E-01   1.1070290E+00   8.9002546E-01   1.0610056E+00   1.0104669E+00
    1.0195030E+00   9.3404192E-01   1.0140339E+00   9.9153348E-01   9.7983015E-01
    9.3911759E-01   1.0253625E+00   1.0204649E+00   1.0217408E+00   9.8455835E-01
    1.0172333E+00   1.0138725E+00   1.0131014E+00   9.9966079E-01   1.0056305E+00
    1.0003376E+00   9.9744879E-01   9.9610491E-01   9.9955037E-01   9.9932537E-01
    9.9894996E-01   9.9686167E-01   9.9915278E-01   9.9844556E-01   9.9794653E-01
    9.9770070E-01   9.9862790E-01   9.9934353E-01   9.9969926E-01   9.9990400E-01
    9.9999224E-01   1.0000321E+00   1.0000522E+00   1.0000669E+00   1.0000638E+00
    1.0000641E+00   1.0000629E+00   1.0000621E+00   1.0000619E+00   1.0000613E+00
    1.0000610E+00   1.0000610E+00   1.0000597E+00   1.0000508E+00

 2.4788070139E+02   5.5816145E+06   3.8925876E+13   2.8663408E+00   6.2309777E+02   7.6201532E-02   9.9759001E-01    44 
    7.6701230E-01   7.6700084E-01   7.6700675E-01   1.0081768E+00   9.6584244E-01
    9.6789736E-01   9.9570898E-01   9.9637638E-01   9.4145072E-01   1.0219309E+00
    1.0027924E+00   8.1295522E-01   7.7793005E-01   6.9508025E-01   1.0599189E+00
    1.0275085E+00   1.0818664E+00   8.8039791E-01   1.0655314E+00   1.0312220E+00
    1.0165671E+00   9.2732710E-01   1.0192856E+00   1.0003783E+00   9.7762163E-01
    9.3756671E-01   1.0177563E+00   1.0123664E+00   1.0069080E+00   9.7752382E-01
    1.0092348E+00   1.0064795E+00   1.0032844E+00   9.9181684E-01   1.0028835E+00
    9.9917880E-01   9.9616364E-01   9.9331250E-01   9.9885653E-01   9.9844068E-01
    9.9759301E-01   9.9544453E-01   9.9863253E-01   9.9808507E-01   9.9749431E-01
    9.9690430E-01   9.9801685E-01   9.9876820E-01   9.9917189E-01   9.9941740E-01
    9.9955215E-01   9.9963105E-01   9.9968070E-01   9.9971548E-01   9.9973273E-01
    9.9974676E-01   9.9975575E-01   9.9976219E-01   9.9976682E-01   9.9976960E-01
    9.9977119E-01   9.9977128E-01   9.9977403E-01   9.9978364E-01

 2.4732023501E+02   2.8084630E+07   4.5352109E+13   3.0419435E+00   1.5994019E+02   6.7722892E-02   9.9785786E-01    45 
    8.1643868E-01   8.1641717E-01   8.1643478E-01   1.0350751E+00   1.0124872E+00
    1.0143030E+00   1.0136516E+00   1.0140663E+00   9.6570158E-01   9.8639122E-01
    9.7426116E-01   8.4891097E-01   8.3014280E-01   7.9976062E-01   1.0431959E+00
    1.0319289E+00   1.0451714E+00   8.9777318E-01   1.0503878E+00   1.0298963E+00
    1.0100295E+00   9.3765437E-01   1.0137464E+00   9.9949543E-01   9.7748812E-01
    9.4636037E-01   1.0078521E+00   1.0035154E+00   9.9693169E-01   9.7717284E-01
    1.0016186E+00   9.9986682E-01   9.9656206E-01   9.8863885E-01   9.9980695E-01
    9.9756842E-01   9.9513473E-01   9.9245446E-01   9.9789758E-01   9.9753201E-01
    9.9670140E-01   9.9504208E-01   9.9810268E-01   9.9775029E-01   9.9724125E-01
    9.9668719E-01   9.9780465E-01   9.9852133E-01   9.9893061E-01   9.9918773E-01
    9.9934367E-01   9.9944211E-01   9.9950766E-01   9.9955340E-01   9.9958237E-01
    9.9960420E-01   9.9961923E-01   9.9962995E-01   9.9963749E-01   9.9964230E-01
    9.9964497E-01   9.9964509E-01   9.9964970E-01   9.9966876E-01

 2.4664759975E+02   1.2483611E+08   5.2904563E+13   3.2344306E+00   4.1622333E+01   6.1233938E-02   9.9806290E-01    46 
    8.4270521E-01   8.4268066E-01   8.4270187E-01   1.0225272E+00   1.0124965E+00
    1.0135005E+00   1.0016356E+00   1.0019445E+00   9.6508070E-01   9.6760912E-01
    9.6386725E-01   9.1495590E-01   9.1634456E-01   9.2148410E-01   1.0152553E+00
    1.0127990E+00   1.0135624E+00   9.4492431E-01   1.0224077E+00   1.0138124E+00
    1.0033323E+00   9.6555434E-01   1.0017719E+00   9.9417760E-01   9.8109800E-01
    9.6474500E-01   9.9845242E-01   9.9660257E-01   9.9267250E-01   9.8328250E-01
    9.9650519E-01   9.9605426E-01   9.9421223E-01   9.9034385E-01   9.9767167E-01
    9.9668388E-01   9.9525025E-01   9.9379529E-01   9.9738192E-01   9.9722078E-01
    9.9672557E-01   9.9587890E-01   9.9796852E-01   9.9782258E-01   9.9750578E-01
    9.9722376E-01   9.9811550E-01   9.9868551E-01   9.9902605E-01   9.9924446E-01
    9.9938330E-01   9.9947388E-01   9.9953585E-01   9.9957927E-01   9.9960886E-01
    9.9963078E-01   9.9964626E-01   9.9965734E-01   9.9966509E-01   9.9967011E-01
    9.9967284E-01   9.9967293E-01   9.9967729E-01   9.9969628E-01

 2.4582711801E+02   4.8991727E+08   6.2857490E+13   3.4456560E+00   1.1639704E+01   5.4151881E-02   9.9828674E-01    47 
    8.7644444E-01   8.7642290E-01   8.7644155E-01   9.9598950E-01   9.9132492E-01
    9.9203491E-01   9.8530578E-01   9.8560738E-01   9.6435341E-01   9.7374832E-01
    9.7498917E-01   9.7337566E-01   9.7778137E-01   9.7512358E-01   9.9948567E-01
    9.9944039E-01   1.0000375E+00   9.8347070E-01   1.0031341E+00   1.0015756E+00
    9.9872197E-01   9.8721416E-01   9.9503903E-01   9.9233615E-01   9.8631314E-01
    9.8019304E-01   9.9448806E-01   9.9441747E-01   9.9278547E-01   9.8965542E-01
    9.9511444E-01   9.9541595E-01   9.9471818E-01   9.9336315E-01   9.9729111E-01
    9.9699003E-01   9.9630827E-01   9.9573944E-01   9.9771377E-01   9.9768189E-01
    9.9745851E-01   9.9713645E-01   9.9834725E-01   9.9831529E-01   9.9815540E-01
    9.9805891E-01   9.9866864E-01   9.9906050E-01   9.9930094E-01   9.9945678E-01
    9.9955834E-01   9.9962571E-01   9.9967248E-01   9.9970539E-01   9.9972847E-01
    9.9974545E-01   9.9975758E-01   9.9976629E-01   9.9977237E-01   9.9977633E-01
    9.9977845E-01   9.9977849E-01   9.9978149E-01   9.9979514E-01

 2.4484098236E+02   1.7029867E+09   7.7658964E+13   3.6852722E+00   3.4242554E+00   4.5266670E-02   9.9856764E-01    48 
    9.1807085E-01   9.1805245E-01   9.1806831E-01   9.8293253E-01   9.8097451E-01
    9.8172197E-01   9.8098710E-01   9.8125545E-01   9.7750287E-01   9.8636280E-01
    9.8800197E-01   9.9718301E-01   9.9900560E-01   9.9333917E-01   9.9689934E-01
    9.9684785E-01   1.0004280E+00   1.0009538E+00   9.9640177E-01   9.9757134E-01
    9.9764944E-01   9.9709547E-01   9.9534843E-01   9.9489978E-01   9.9260574E-01
    9.9097471E-01   9.9513492E-01   9.9562796E-01   9.9520172E-01   9.9471954E-01
    9.9633671E-01   9.9677296E-01   9.9659358E-01   9.9632906E-01   9.9811227E-01
    9.9808036E-01   9.9783680E-01   9.9766486E-01   9.9860045E-01   9.9860555E-01
    9.9852344E-01   9.9843171E-01   9.9902111E-01   9.9902673E-01   9.9896702E-01
    9.9894246E-01   9.9927714E-01   9.9949169E-01   9.9962427E-01   9.9971048E-01
    9.9976742E-01   9.9980553E-01   9.9983226E-01   9.9985115E-01   9.9986456E-01
    9.9987437E-01   9.9988142E-01   9.9988650E-01   9.9989005E-01   9.9989236E-01
    9.9989359E-01   9.9989359E-01   9.9989504E-01   9.9990195E-01

 2.4370281965E+02   4.7550965E+09   1.0042121E+14   3.9624901E+00   1.0344879E+00   3.5706211E-02   9.9886998E-01    49 
    9.5432419E-01   9.5430757E-01   9.5432145E-01   9.8695053E-01   9.8574026E-01
    9.8646240E-01   9.8738242E-01   9.8762873E-01   9.8963278E-01   9.9290011E-01
    9.9427736E-01   1.0003091E+00   1.0009107E+00   9.9829048E-01   9.9862234E-01
    9.9832354E-01   1.0017531E+00   1.0031329E+00   9.9664211E-01   9.9807153E-01
    9.9864656E-01   1.0001517E+00   9.9806039E-01   9.9821400E-01   9.9755061E-01
    9.9722977E-01   9.9729184E-01   9.9765711E-01   9.9767686E-01   9.9790643E-01
    9.9812337E-01   9.9839849E-01   9.9837433E-01   9.9841214E-01   9.9907054E-01
    9.9910839E-01   9.9905379E-01   9.9901007E-01   9.9937890E-01   9.9938322E-01
    9.9935579E-01   9.9933953E-01   9.9957349E-01   9.9958264E-01   9.9956889E-01
    9.9956124E-01   9.9970223E-01   9.9979215E-01   9.9984765E-01   9.9988379E-01
    9.9990793E-01   9.9992432E-01   9.9993595E-01   9.9994424E-01   9.9995017E-01
    9.9995450E-01   9.9995762E-01   9.9995988E-01   9.9996146E-01   9.9996249E-01
    9.9996303E-01   9.9996302E-01   9.9996352E-01   9.9996607E-01

 2.4244390689E+02   9.8204448E+09   1.3550830E+14   4.2811416E+00   3.2526055E-01   2.6842266E-02   9.9915038E-01    50 
    9.7676525E-01   9.7675351E-01   9.7676242E-01   9.9410171E-01   9.9325883E-01
    9.9389412E-01   9.9459250E-01   9.9481419E-01   9.9520729E-01   9.9642217E-01
    9.9732765E-01   9.9957599E-01   9.9989872E-01   9.9886769E-01   9.9972665E-01
    9.9956966E-01   1.0011670E+00   1.0016822E+00   9.9850353E-01   9.9927629E-01
    9.9957125E-01   1.0004287E+00   9.9955758E-01   9.9970372E-01   9.9953296E-01
    9.9941569E-01   9.9887869E-01   9.9902259E-01   9.9908689E-01   9.9929704E-01
    9.9926487E-01   9.9938033E-01   9.9937734E-01   9.9942923E-01   9.9964485E-01
    9.9967783E-01   9.9967563E-01   9.9965858E-01   9.9978727E-01   9.9978574E-01
    9.9977768E-01   9.9977615E-01   9.9985561E-01   9.9986049E-01   9.9985987E-01
    9.9985537E-01   9.9990272E-01   9.9993258E-01   9.9995087E-01   9.9996279E-01
    9.9997084E-01   9.9997646E-01   9.9998050E-01   9.9998344E-01   9.9998557E-01
    9.9998710E-01   9.9998822E-01   9.9998904E-01   9.9998961E-01   9.9998999E-01
    9.9999018E-01   9.9999018E-01   9.9999030E-01   9.9999103E-01

 2.4110260109E+02   1.6522069E+10   1.9124099E+14   4.6431602E+00   1.1017487E-01   1.9258828E-02   9.9939033E-01    51 
    9.8762059E-01   9.8761734E-01   9.8761826E-01   9.9785847E-01   9.9738136E-01
    9.9794960E-01   9.9819788E-01   9.9839212E-01   9.9881188E-01   9.9906719E-01
    9.9950705E-01   9.9975601E-01   9.9998771E-01   9.9962050E-01   1.0000934E+00
    1.0000711E+00   1.0005311E+00   1.0006709E+00   9.9964806E-01   9.9990760E-01
    9.9999853E-01   1.0002543E+00   9.9992541E-01   9.9999571E-01   9.9995424E-01
    9.9989894E-01   9.9958655E-01   9.9962684E-01   9.9965995E-01   9.9976453E-01
    9.9974579E-01   9.9978295E-01   9.9978355E-01   9.9980724E-01   9.9987447E-01
    9.9989008E-01   9.9989310E-01   9.9988681E-01   9.9992835E-01   9.9992723E-01
    9.9992627E-01   9.9992659E-01   9.9995212E-01   9.9995399E-01   9.9995477E-01
    9.9995357E-01   9.9996876E-01   9.9997843E-01   9.9998437E-01   9.9998826E-01
    9.9999092E-01   9.9999284E-01   9.9999423E-01   9.9999526E-01   9.9999600E-01
    9.9999654E-01   9.9999693E-01   9.9999722E-01   9.9999743E-01   9.9999756E-01
    9.9999763E-01   9.9999763E-01   9.9999766E-01   9.9999784E-01

 2.3972726185E+02   2.5700009E+10   2.7911523E+14   5.0499940E+00   4.0977306E-02   1.3354354E-02   9.9957721E-01    52 
    9.9353648E-01   9.9353687E-01   9.9353457E-01   9.9952918E-01   9.9923757E-01
    9.9973933E-01   9.9972048E-01   9.9988862E-01   1.0001541E+00   1.0000684E+00
    1.0002940E+00   1.0000960E+00   1.0002305E+00   1.0001603E+00   1.0001983E+00
    1.0001711E+00   1.0002783E+00   1.0003200E+00   1.0000319E+00   1.0000766E+00
    1.0000984E+00   1.0001416E+00   1.0000037E+00   1.0000199E+00   1.0000074E+00
    9.9999049E-01   9.9985343E-01   9.9986038E-01   9.9987166E-01   9.9991940E-01
    9.9991593E-01   9.9992548E-01   9.9992775E-01   9.9993573E-01   9.9995348E-01
    9.9995872E-01   9.9995995E-01   9.9995997E-01   9.9997237E-01   9.9997271E-01
    9.9997333E-01   9.9997389E-01   9.9998199E-01   9.9998268E-01   9.9998306E-01
    9.9998325E-01   9.9998859E-01   9.9999215E-01   9.9999439E-01   9.9999588E-01
    9.9999691E-01   9.9999765E-01   9.9999817E-01   9.9999856E-01   9.9999884E-01
    9.9999904E-01   9.9999918E-01   9.9999929E-01   9.9999937E-01   9.9999942E-01
    9.9999945E-01   9.9999946E-01   9.9999946E-01   9.9999951E-01

 2.3835375202E+02   3.8667998E+10   4.1023866E+14   5.5044195E+00   1.6552454E-02   9.1929461E-03   9.9970893E-01    53 
    9.9704113E-01   9.9704233E-01   9.9703937E-01   1.0001024E+00   9.9986025E-01
    1.0002868E+00   1.0001768E+00   1.0003206E+00   1.0002984E+00   1.0001600E+00
    1.0002932E+00   1.0000234E+00   1.0001196E+00   1.0001593E+00   1.0001627E+00
    1.0001217E+00   1.0001422E+00   1.0001511E+00   1.0000851E+00   1.0000733E+00
    1.0000749E+00   1.0000706E+00   1.0000158E+00   1.0000119E+00   1.0000066E+00
    1.0000030E+00   9.9995476E-01   9.9995361E-01   9.9995615E-01   9.9997426E-01
    9.9997525E-01   9.9997702E-01   9.9997798E-01   9.9997988E-01   9.9998393E-01
    9.9998541E-01   9.9998575E-01   9.9998642E-01   9.9999001E-01   9.9999036E-01
    9.9999070E-01   9.9999100E-01   9.9999353E-01   9.9999379E-01   9.9999391E-01
    9.9999407E-01   9.9999595E-01   9.9999722E-01   9.9999804E-01   9.9999859E-01
    9.9999897E-01   9.9999924E-01   9.9999943E-01   9.9999957E-01   9.9999967E-01
    9.9999974E-01   9.9999979E-01   9.9999983E-01   9.9999986E-01   9.9999988E-01
    9.9999990E-01   9.9999991E-01   9.9999991E-01   9.9999993E-01

 2.3698679713E+02   5.6904640E+10   5.9828955E+14   6.0092357E+00   7.2415869E-03   6.3769510E-03   9.9979808E-01    54 
    9.9875506E-01   9.9875727E-01   9.9875373E-01   1.0001470E+00   9.9993678E-01
    1.0002855E+00   1.0001389E+00   1.0002592E+00   1.0001974E+00   1.0000765E+00
    1.0001610E+00   9.9993941E-01   1.0000068E+00   1.0000664E+00   1.0000987E+00
    1.0000655E+00   1.0000583E+00   1.0000557E+00   1.0000618E+00   1.0000435E+00
    1.0000394E+00   1.0000298E+00   1.0000161E+00   1.0000091E+00   1.0000059E+00
    1.0000040E+00   9.9999023E-01   9.9998820E-01   9.9998857E-01   9.9999376E-01
    9.9999518E-01   9.9999501E-01   9.9999499E-01   9.9999506E-01   9.9999575E-01
    9.9999613E-01   9.9999622E-01   9.9999640E-01   9.9999722E-01   9.9999734E-01
    9.9999744E-01   9.9999753E-01   9.9999818E-01   9.9999826E-01   9.9999829E-01
    9.9999834E-01   9.9999885E-01   9.9999920E-01   9.9999944E-01   9.9999960E-01
    9.9999971E-01   9.9999979E-01   9.9999985E-01   9.9999989E-01   9.9999992E-01
    9.9999994E-01   9.9999996E-01   9.9999997E-01   9.9999998E-01   9.9999999E-01
    1.0000000E+00   1.0000000E+00   1.0000000E+00   1.0000000E+00

 2.3561473857E+02   8.2810018E+10   8.6750724E+14   6.5675326E+00   3.4809020E-03   4.4495865E-03   9.9985911E-01    55 
    9.9947960E-01   9.9948267E-01   9.9947912E-01   1.0000751E+00   9.9990450E-01
    1.0001792E+00   1.0000301E+00   1.0001282E+00   1.0001076E+00   1.0000107E+00
    1.0000712E+00   9.9992534E-01   9.9996633E-01   1.0000122E+00   1.0000496E+00
    1.0000293E+00   1.0000167E+00   1.0000119E+00   1.0000346E+00   1.0000208E+00
    1.0000158E+00   1.0000090E+00   1.0000122E+00   1.0000066E+00   1.0000039E+00
    1.0000021E+00   9.9999963E-01   9.9999795E-01   9.9999781E-01   9.9999884E-01
    1.0000003E+00   9.9999978E-01   9.9999947E-01   9.9999913E-01   9.9999924E-01
    9.9999931E-01   9.9999931E-01   9.9999926E-01   9.9999943E-01   9.9999945E-01
    9.9999947E-01   9.9999947E-01   9.9999960E-01   9.9999962E-01   9.9999963E-01
    9.9999963E-01   9.9999973E-01   9.9999981E-01   9.9999987E-01   9.9999991E-01
    9.9999993E-01   9.9999995E-01   9.9999997E-01   9.9999998E-01   9.9999998E-01
    9.9999999E-01   1.0000000E+00   1.0000000E+00   1.0000000E+00   1.0000000E+00
    1.0000000E+00   1.0000000E+00   1.0000000E+00   1.0000001E+00

 2.3422421892E+02   1.2031348E+11   1.2585165E+15   7.1853178E+00   1.8681282E-03   3.1039143E-03   9.9990171E-01    56 
    9.9977782E-01   9.9978145E-01   9.9977791E-01   1.0000283E+00   9.9989657E-01
    1.0001056E+00   9.9998186E-01   1.0000595E+00   1.0000563E+00   9.9998299E-01
    1.0000292E+00   9.9993697E-01   9.9996479E-01   9.9999022E-01   1.0000220E+00
    1.0000113E+00   1.0000023E+00   9.9999834E-01   1.0000164E+00   1.0000083E+00
    1.0000047E+00   1.0000010E+00   1.0000066E+00   1.0000033E+00   1.0000016E+00
    1.0000004E+00   1.0000009E+00   9.9999970E-01   9.9999945E-01   9.9999958E-01
    1.0000008E+00   1.0000004E+00   1.0000001E+00   9.9999983E-01   9.9999991E-01
    9.9999992E-01   9.9999989E-01   9.9999983E-01   9.9999990E-01   9.9999990E-01
    9.9999989E-01   9.9999987E-01   9.9999992E-01   9.9999992E-01   9.9999992E-01
    9.9999991E-01   9.9999993E-01   9.9999995E-01   9.9999997E-01   9.9999998E-01
    9.9999998E-01   9.9999999E-01   9.9999999E-01   1.0000000E+00   1.0000000E+00
    1.0000000E+00   1.0000000E+00   1.0000000E+00   1.0000000E+00   1.0000000E+00
    1.0000000E+00   1.0000000E+00   1.0000001E+00   1.0000001E+00

 2.3305570334E+02   1.6335908E+11   1.7078495E+15   7.7482797E+00   1.2168743E-03   2.3104489E-03   9.9992684E-01    57 
    9.9989072E-01   9.9989474E-01   9.9989080E-01   1.0000126E+00   9.9990954E-01
    1.0000717E+00   9.9997571E-01   1.0000375E+00   1.0000329E+00   9.9997830E-01
    1.0000147E+00   9.9995051E-01   9.9997341E-01   9.9998706E-01   1.0000107E+00
    1.0000047E+00   9.9999932E-01   9.9999653E-01   1.0000080E+00   1.0000034E+00
    1.0000012E+00   9.9999918E-01   1.0000033E+00   1.0000015E+00   1.0000005E+00
    9.9999980E-01   1.0000008E+00   9.9999992E-01   9.9999968E-01   9.9999967E-01
    1.0000006E+00   1.0000003E+00   1.0000001E+00   9.9999990E-01   9.9999998E-01
    9.9999997E-01   9.9999995E-01   9.9999991E-01   9.9999996E-01   9.9999996E-01
    9.9999995E-01   9.9999994E-01   9.9999997E-01   9.9999997E-01   9.9999996E-01
    9.9999996E-01   9.9999997E-01   9.9999998E-01   9.9999999E-01   9.9999999E-01
    9.9999999E-01   1.0000000E+00   1.0000000E+00   1.0000000E+00   1.0000000E+00
    1.0000000E+00   1.0000000E+00   1.0000000E+00   1.0000000E+00   1.0000000E+00
    1.0000000E+00   1.0000000E+00   1.0000000E+00   1.0000001E+00

 2.3258328112E+02   1.8412891E+11   1.9247277E+15   7.9883967E+00   1.0467235E-03   2.0584983E-03   9.9993482E-01    58 
    9.9991362E-01   9.9991777E-01   9.9991366E-01   1.0000093E+00   9.9991672E-01
    1.0000621E+00   9.9997629E-01   1.0000321E+00   1.0000265E+00   9.9997841E-01
    1.0000114E+00   9.9995637E-01   9.9997716E-01   9.9998751E-01   1.0000077E+00
    1.0000030E+00   9.9999876E-01   9.9999644E-01   1.0000057E+00   1.0000022E+00
    1.0000004E+00   9.9999889E-01   1.0000023E+00   1.0000011E+00   1.0000003E+00
    9.9999972E-01   1.0000008E+00   1.0000000E+00   9.9999979E-01   9.9999974E-01
    1.0000004E+00   1.0000002E+00   1.0000001E+00   9.9999993E-01   9.9999999E-01
    9.9999999E-01   9.9999997E-01   9.9999994E-01   9.9999998E-01   9.9999998E-01
    9.9999997E-01   9.9999996E-01   9.9999998E-01   9.9999998E-01   9.9999998E-01
    9.9999997E-01   9.9999998E-01   9.9999999E-01   9.9999999E-01   9.9999999E-01
    1.0000000E+00   1.0000000E+00   1.0000000E+00   1.0000000E+00   1.0000000E+00
    1.0000000E+00   1.0000000E+00   1.0000000E+00   1.0000000E+00   1.0000000E+00
    1.0000000E+00   1.0000000E+00   1.0000000E+00   1.0000000E+00

 2.3234654156E+02   1.9525091E+11   2.0408722E+15   8.1113423E+00   9.7517370E-04   1.9453309E-03   9.9993840E-01    59 
    9.9989295E-01   9.9989697E-01   9.9989303E-01   1.0000085E+00   9.9992229E-01
    1.0000597E+00   9.9997809E-01   1.0000310E+00   1.0000268E+00   9.9998141E-01
    1.0000127E+00   9.9996140E-01   9.9998117E-01   9.9998992E-01   1.0000085E+00
    1.0000035E+00   9.9999953E-01   9.9999738E-01   1.0000062E+00   1.0000026E+00
    1.0000009E+00   9.9999944E-01   1.0000027E+00   1.0000014E+00   1.0000006E+00
    1.0000001E+00   1.0000011E+00   1.0000003E+00   1.0000000E+00   9.9999994E-01
    1.0000006E+00   1.0000003E+00   1.0000002E+00   1.0000000E+00   1.0000000E+00
    1.0000000E+00   1.0000000E+00   9.9999999E-01   1.0000000E+00   1.0000000E+00
    1.0000000E+00   9.9999999E-01   1.0000000E+00   1.0000000E+00   9.9999999E-01
    9.9999999E-01   9.9999999E-01   9.9999999E-01   9.9999999E-01   1.0000000E+00
    1.0000000E+00   1.0000000E+00   1.0000000E+00   1.0000000E+00   1.0000000E+00
    1.0000000E+00   1.0000000E+00   1.0000000E+00   1.0000000E+00   1.0000000E+00
    1.0000000E+00   1.0000000E+00   1.0000000E+00   1.0000000E+00

 2.3226752690E+02   1.9907464E+11   2.0808028E+15   8.1535998E+00   9.5244151E-04   1.9093055E-03   9.9993954E-01    60 
    1.0000986E+00   1.0000675E+00   1.0000660E+00   1.0000840E+00   1.0001040E+00
    1.0002357E+00   1.0000247E+00   1.0000788E+00   1.0001615E+00   1.0001420E+00
    1.0001528E+00   1.0000844E+00   1.0000549E+00   9.9997567E-01   1.0000458E+00
    1.0000453E+00   1.0000241E+00   9.9999231E-01   1.0000170E+00   1.0000135E+00
    1.0000061E+00   9.9999778E-01   1.0000070E+00   1.0000061E+00   1.0000031E+00
    1.0000006E+00   1.0000107E+00   1.0000100E+00   1.0000083E+00   1.0000034E+00
    1.0000031E+00   1.0000026E+00   1.0000020E+00   1.0000015E+00   1.0000012E+00
    1.0000011E+00   1.0000009E+00   1.0000007E+00   1.0000006E+00   1.0000005E+00
    1.0000005E+00   1.0000004E+00   1.0000003E+00   1.0000003E+00   1.0000003E+00
    1.0000002E+00   1.0000001E+00   1.0000001E+00   1.0000000E+00   1.0000000E+00
    1.0000000E+00   1.0000000E+00   1.0000000E+00   1.0000000E+00   1.0000000E+00
    1.0000000E+00   1.0000000E+00   1.0000000E+00   1.0000000E+00   1.0000000E+00
    1.0000000E+00   1.0000000E+00   1.0000000E+00   1.0000000E+00
