 Index            R         Vel          Tau           Na        Ne/Na            T        Kross       Kr/Kes        Gamma       dpdR/ROH
     1   3.2974E+04   9.7687E+02   3.0730E-05   1.3363E+05   9.6358E-01   9.7107E-01   2.4649E-01   1.0884E+00   1.6713E-01  -5.6581E-03
     2   3.2303E+04   9.7665E+02   3.1368E-05   1.3927E+05   9.6358E-01   9.7107E-01   2.4649E-01   1.0884E+00   1.6713E-01  -5.8036E-03
     3   3.0910E+04   9.7616E+02   3.2782E-05   1.5218E+05   9.6358E-01   9.7107E-01   2.4649E-01   1.0884E+00   1.6713E-01  -6.1151E-03
     4   2.7815E+04   9.7491E+02   3.6435E-05   1.8818E+05   9.6358E-01   9.7107E-01   2.4649E-01   1.0884E+00   1.6713E-01  -7.0548E-03
     5   2.2656E+04   9.7206E+02   4.4756E-05   2.8446E+05   9.6358E-01   9.7107E-01   2.4649E-01   1.0884E+00   1.6713E-01  -9.5969E-03
     6   1.6183E+04   9.6593E+02   6.2750E-05   5.6108E+05   9.6358E-01   9.7107E-01   2.4649E-01   1.0884E+00   1.6713E-01  -1.4174E-02
     7   1.1559E+04   9.5737E+02   8.8133E-05   1.1095E+06   9.6358E-01   9.7107E-01   2.4649E-01   1.0884E+00   1.6713E-01  -1.9895E-02
     8   8.2566E+03   9.4544E+02   1.2403E-04   2.2021E+06   9.6358E-01   9.7107E-01   2.4649E-01   1.0884E+00   1.6713E-01  -2.7957E-02
     9   5.8975E+03   9.2884E+02   1.7522E-04   4.3934E+06   9.6870E-01   9.7503E-01   2.4807E-01   1.0895E+00   1.6713E-01  -3.9873E-02
    10   4.2125E+03   9.0578E+02   2.4913E-04   8.8303E+06   9.7796E-01   9.7958E-01   2.5087E-01   1.0914E+00   1.6713E-01  -5.6909E-02
    11   3.0089E+03   8.7386E+02   3.5684E-04   1.7939E+07   9.8450E-01   9.8447E-01   2.5301E-01   1.0934E+00   1.6713E-01  -8.1086E-02
    12   2.1492E+03   8.2993E+02   5.1554E-04   3.7023E+07   9.8927E-01   9.9009E-01   2.5480E-01   1.0958E+00   1.6713E-01  -1.1612E-01
    13   1.5352E+03   7.6988E+02   7.5366E-04   7.8223E+07   9.9276E-01   9.9658E-01   2.5636E-01   1.0987E+00   1.6713E-01  -1.6748E-01
    14   1.0966E+03   6.8876E+02   1.1213E-03   1.7138E+08   9.9530E-01   1.0044E+00   2.5784E-01   1.1022E+00   1.6713E-01  -2.4422E-01
    15   7.8325E+02   5.8112E+02   1.7161E-03   3.9812E+08   9.9720E-01   1.0142E+00   2.5941E-01   1.1068E+00   1.6713E-01  -3.6226E-01
    16   5.9405E+02   4.6963E+02   2.5253E-03   8.5641E+08   9.9839E-01   1.0256E+00   2.6097E-01   1.1121E+00   1.6713E-01  -5.7155E-01
    17   4.8452E+02   3.7385E+02   3.4772E-03   1.6172E+09   9.9907E-01   1.0391E+00   2.6256E-01   1.1181E+00   1.6713E-01  -8.4850E-01
    18   4.1499E+02   2.9442E+02   4.5776E-03   2.7992E+09   9.9952E-01   1.0558E+00   2.6431E-01   1.1251E+00   1.6713E-01  -1.1204E+00
    19   3.6787E+02   2.3003E+02   5.8395E-03   4.5593E+09   9.9985E-01   1.0769E+00   2.6635E-01   1.1334E+00   1.6713E-01  -1.4647E+00
    20   3.3435E+02   1.7865E+02   7.2821E-03   7.1069E+09   1.0001E+00   1.1038E+00   2.6880E-01   1.1435E+00   1.6713E-01  -1.8994E+00
    21   3.0961E+02   1.3808E+02   8.9321E-03   1.0724E+10   1.0003E+00   1.1370E+00   2.7170E-01   1.1556E+00   1.6713E-01  -2.4452E+00
    22   2.9078E+02   1.0630E+02   1.0825E-02   1.5791E+10   1.0004E+00   1.1766E+00   2.7505E-01   1.1697E+00   1.6713E-01  -3.1272E+00
    23   2.7609E+02   8.1558E+01   1.3010E-02   2.2831E+10   1.0005E+00   1.2230E+00   2.7897E-01   1.1863E+00   1.6713E-01  -3.9932E+00
    24   2.6435E+02   6.2371E+01   1.5557E-02   3.2565E+10   1.0006E+00   1.2800E+00   2.8358E-01   1.2058E+00   1.6713E-01  -5.0979E+00
    25   2.5473E+02   4.7530E+01   1.8575E-02   4.6021E+10   1.0006E+00   1.3516E+00   2.8910E-01   1.2293E+00   1.6713E-01  -6.3382E+00
    26   2.4660E+02   3.6053E+01   2.2244E-02   6.4738E+10   1.0006E+00   1.4266E+00   2.9491E-01   1.2540E+00   1.6713E-01  -7.6010E+00
    27   2.3936E+02   2.7118E+01   2.6956E-02   9.1351E+10   1.0005E+00   1.5043E+00   3.0095E-01   1.2798E+00   1.6713E-01  -8.2613E+00
    28   2.2722E+02   1.7007E+01   3.9660E-02   1.6164E+11   1.0004E+00   1.6206E+00   3.0997E-01   1.3183E+00   1.6713E-01  -1.0806E+01
    29   2.2581E+02   1.5769E+01   4.1741E-02   1.7652E+11   1.0004E+00   1.6343E+00   3.1114E-01   1.3233E+00   1.6713E-01  -2.0774E+01
    30   2.2544E+02   1.3340E+01   4.2347E-02   2.0935E+11   1.0005E+00   1.6509E+00   2.9989E-01   1.2753E+00   1.6713E-01  -1.4384E+02
    31   2.2524E+02   1.0631E+01   4.2742E-02   2.6316E+11   1.0004E+00   1.6513E+00   3.0009E-01   1.2762E+00   1.6713E-01  -2.6178E+02
    32   2.2509E+02   8.2290E+00   4.3106E-02   3.4041E+11   1.0003E+00   1.6518E+00   3.0436E-01   1.2945E+00   1.6713E-01  -5.1222E+02
    33   2.2505E+02   7.1015E+00   4.3226E-02   3.9460E+11   1.0003E+00   1.6519E+00   3.0392E-01   1.2926E+00   1.8335E-01  -5.8833E+02
    34   2.2502E+02   6.2318E+00   4.3363E-02   4.4982E+11   1.0003E+00   1.6506E+00   3.0464E-01   1.2957E+00   1.8054E-01  -5.3232E+02
    35   2.2498E+02   5.5162E+00   4.3520E-02   5.0834E+11   1.0003E+00   1.6477E+00   3.0569E-01   1.3002E+00   1.7729E-01  -4.9984E+02
    36   2.2494E+02   4.8988E+00   4.3697E-02   5.7260E+11   1.0003E+00   1.6405E+00   3.0753E-01   1.3080E+00   1.7340E-01  -4.7849E+02
    37   2.2490E+02   4.3657E+00   4.3896E-02   6.4274E+11   1.0002E+00   1.6325E+00   3.0976E-01   1.3176E+00   1.6987E-01  -4.6285E+02
    38   2.2487E+02   3.9012E+00   4.4120E-02   7.1951E+11   1.0001E+00   1.6235E+00   3.1369E-01   1.3344E+00   1.7335E-01  -4.4943E+02
    39   2.2483E+02   3.4979E+00   4.4373E-02   8.0273E+11   1.0001E+00   1.6153E+00   3.1720E-01   1.3495E+00   1.7891E-01  -4.3750E+02
    40   2.2479E+02   3.1455E+00   4.4655E-02   8.9296E+11   9.9998E-01   1.6075E+00   3.2043E-01   1.3633E+00   1.8637E-01  -4.2697E+02
    41   2.2476E+02   2.8361E+00   4.4971E-02   9.9069E+11   9.9989E-01   1.6002E+00   3.2362E-01   1.3770E+00   1.9366E-01  -4.1809E+02
    42   2.2472E+02   2.5636E+00   4.5323E-02   1.0964E+12   9.9979E-01   1.5940E+00   3.2669E-01   1.3902E+00   2.0092E-01  -4.1049E+02
    43   2.2468E+02   2.3202E+00   4.5714E-02   1.2118E+12   9.9971E-01   1.5870E+00   3.3010E-01   1.4049E+00   2.0893E-01  -4.0369E+02
    44   2.2465E+02   2.1049E+00   4.6148E-02   1.3361E+12   9.9958E-01   1.5816E+00   3.3317E-01   1.4181E+00   2.1420E-01  -3.9843E+02
    45   2.2461E+02   1.9112E+00   4.6629E-02   1.4720E+12   9.9945E-01   1.5758E+00   3.3652E-01   1.4325E+00   2.1978E-01  -3.9375E+02
    46   2.2457E+02   1.7367E+00   4.7163E-02   1.6205E+12   9.9934E-01   1.5695E+00   3.4019E-01   1.4483E+00   2.2582E-01  -3.8946E+02
    47   2.2454E+02   1.5807E+00   4.7754E-02   1.7809E+12   9.9915E-01   1.5645E+00   3.4360E-01   1.4631E+00   2.2987E-01  -3.8609E+02
    48   2.2450E+02   1.4394E+00   4.8408E-02   1.9564E+12   9.9897E-01   1.5590E+00   3.4738E-01   1.4795E+00   2.3437E-01  -3.8292E+02
    49   2.2447E+02   1.3111E+00   4.9131E-02   2.1485E+12   9.9881E-01   1.5529E+00   3.5158E-01   1.4976E+00   2.3936E-01  -3.7969E+02
    50   2.2443E+02   1.1961E+00   4.9932E-02   2.3558E+12   9.9851E-01   1.5482E+00   3.5596E-01   1.5167E+00   2.4393E-01  -3.7695E+02
    51   2.2439E+02   1.0916E+00   5.0819E-02   2.5822E+12   9.9824E-01   1.5430E+00   3.6082E-01   1.5379E+00   2.4802E-01  -3.7436E+02
    52   2.2436E+02   9.9639E-01   5.1801E-02   2.8298E+12   9.9799E-01   1.5372E+00   3.6623E-01   1.5613E+00   2.5252E-01  -3.7176E+02
    53   2.2432E+02   9.1106E-01   5.2888E-02   3.0959E+12   9.9758E-01   1.5333E+00   3.7160E-01   1.5848E+00   2.5641E-01  -3.6956E+02
    54   2.2429E+02   8.3342E-01   5.4092E-02   3.3853E+12   9.9719E-01   1.5293E+00   3.7749E-01   1.6106E+00   2.6057E-01  -3.6727E+02
    55   2.2425E+02   7.6260E-01   5.5427E-02   3.7008E+12   9.9683E-01   1.5249E+00   3.8404E-01   1.6391E+00   2.6523E-01  -3.6478E+02
    56   2.2422E+02   6.9906E-01   5.6905E-02   4.0385E+12   9.9636E-01   1.5224E+00   3.9027E-01   1.6665E+00   2.6955E-01  -3.6254E+02
    57   2.2418E+02   6.4148E-01   5.8541E-02   4.4023E+12   9.9587E-01   1.5207E+00   3.9673E-01   1.6949E+00   2.7392E-01  -3.6028E+02
    58   2.2415E+02   5.8891E-01   6.0352E-02   4.7968E+12   9.9541E-01   1.5188E+00   4.0392E-01   1.7264E+00   2.7903E-01  -3.5777E+02
    59   2.2411E+02   5.4104E-01   6.2358E-02   5.2229E+12   9.9497E-01   1.5170E+00   4.1169E-01   1.7604E+00   2.8416E-01  -3.5509E+02
    60   2.2408E+02   4.9821E-01   6.4578E-02   5.6736E+12   9.9445E-01   1.5179E+00   4.1871E-01   1.7914E+00   2.8891E-01  -3.5278E+02
    61   2.2405E+02   4.5907E-01   6.7032E-02   6.1592E+12   9.9395E-01   1.5188E+00   4.2650E-01   1.8256E+00   2.9408E-01  -3.5022E+02
    62   2.2401E+02   4.2330E-01   6.9747E-02   6.6818E+12   9.9349E-01   1.5199E+00   4.3516E-01   1.8636E+00   2.9974E-01  -3.4742E+02
    63   2.2398E+02   3.9076E-01   7.2756E-02   7.2405E+12   9.9307E-01   1.5215E+00   4.4416E-01   1.9029E+00   3.0575E-01  -3.4447E+02
    64   2.2394E+02   3.6142E-01   7.6077E-02   7.8306E+12   9.9271E-01   1.5250E+00   4.5208E-01   1.9375E+00   3.1157E-01  -3.4163E+02
    65   2.2391E+02   3.3461E-01   7.9742E-02   8.4608E+12   9.9237E-01   1.5289E+00   4.6085E-01   1.9758E+00   3.1788E-01  -3.3855E+02
    66   2.2387E+02   3.1010E-01   8.3791E-02   9.1324E+12   9.9204E-01   1.5331E+00   4.7056E-01   2.0181E+00   3.2475E-01  -3.3518E+02
    67   2.2384E+02   2.8771E-01   8.8266E-02   9.8459E+12   9.9175E-01   1.5379E+00   4.8115E-01   2.0641E+00   3.3218E-01  -3.3167E+02
    68   2.2380E+02   2.6746E-01   9.3196E-02   1.0595E+13   9.9175E-01   1.5441E+00   4.8935E-01   2.0993E+00   3.3887E-01  -3.2833E+02
    69   2.2377E+02   2.4893E-01   9.8615E-02   1.1387E+13   9.9174E-01   1.5509E+00   4.9837E-01   2.1380E+00   3.4605E-01  -3.2482E+02
    70   2.2373E+02   2.3197E-01   1.0457E-01   1.2223E+13   9.9174E-01   1.5584E+00   5.0829E-01   2.1806E+00   3.5376E-01  -3.2106E+02
    71   2.2370E+02   2.1647E-01   1.1113E-01   1.3103E+13   9.9173E-01   1.5667E+00   5.1920E-01   2.2274E+00   3.6204E-01  -3.1705E+02
    72   2.2366E+02   2.0231E-01   1.1834E-01   1.4025E+13   9.9190E-01   1.5756E+00   5.2909E-01   2.2694E+00   3.7006E-01  -3.1318E+02
    73   2.2362E+02   1.8932E-01   1.2623E-01   1.4992E+13   9.9225E-01   1.5852E+00   5.3763E-01   2.3053E+00   3.7766E-01  -3.0944E+02
    74   2.2359E+02   1.7742E-01   1.3485E-01   1.6002E+13   9.9258E-01   1.5957E+00   5.4695E-01   2.3444E+00   3.8572E-01  -3.0550E+02
    75   2.2355E+02   1.6652E-01   1.4428E-01   1.7055E+13   9.9289E-01   1.6071E+00   5.5711E-01   2.3872E+00   3.9431E-01  -3.0132E+02
    76   2.2351E+02   1.5653E-01   1.5458E-01   1.8150E+13   9.9324E-01   1.6194E+00   5.6743E-01   2.4306E+00   4.0307E-01  -2.9727E+02
    77   2.2348E+02   1.4727E-01   1.6580E-01   1.9298E+13   9.9374E-01   1.6317E+00   5.7509E-01   2.4622E+00   4.1057E-01  -2.9342E+02
    78   2.2344E+02   1.3876E-01   1.7798E-01   2.0488E+13   9.9422E-01   1.6449E+00   5.8337E-01   2.4964E+00   4.1848E-01  -2.8956E+02
    79   2.2340E+02   1.3094E-01   1.9121E-01   2.1718E+13   9.9468E-01   1.6594E+00   5.9232E-01   2.5335E+00   4.2670E-01  -2.8557E+02
    80   2.2336E+02   1.2374E-01   2.0556E-01   2.2990E+13   9.9514E-01   1.6746E+00   6.0125E-01   2.5706E+00   4.3500E-01  -2.8178E+02
    81   2.2333E+02   1.1700E-01   2.2109E-01   2.4322E+13   9.9562E-01   1.6896E+00   6.0773E-01   2.5970E+00   4.4198E-01  -2.7818E+02
    82   2.2329E+02   1.1079E-01   2.3785E-01   2.5695E+13   9.9608E-01   1.7057E+00   6.1468E-01   2.6255E+00   4.4924E-01  -2.7464E+02
    83   2.2325E+02   1.0506E-01   2.5592E-01   2.7106E+13   9.9653E-01   1.7230E+00   6.2216E-01   2.6562E+00   4.5680E-01  -2.7101E+02
    84   2.2321E+02   9.9734E-02   2.7541E-01   2.8564E+13   9.9694E-01   1.7408E+00   6.2913E-01   2.6849E+00   4.6387E-01  -2.6774E+02
    85   2.2317E+02   9.4711E-02   2.9635E-01   3.0089E+13   9.9731E-01   1.7583E+00   6.3439E-01   2.7063E+00   4.6958E-01  -2.6481E+02
    86   2.2313E+02   9.0053E-02   3.1882E-01   3.1657E+13   9.9767E-01   1.7770E+00   6.4000E-01   2.7293E+00   4.7548E-01  -2.6196E+02
    87   2.2309E+02   8.5734E-02   3.4292E-01   3.3264E+13   9.9801E-01   1.7970E+00   6.4600E-01   2.7539E+00   4.8158E-01  -2.5907E+02
    88   2.2305E+02   8.1670E-02   3.6876E-01   3.4932E+13   9.9831E-01   1.8170E+00   6.5120E-01   2.7753E+00   4.8663E-01  -2.5671E+02
    89   2.2301E+02   7.7805E-02   3.9638E-01   3.6681E+13   9.9856E-01   1.8367E+00   6.5524E-01   2.7918E+00   4.9039E-01  -2.5482E+02
    90   2.2296E+02   7.4195E-02   4.2587E-01   3.8480E+13   9.9880E-01   1.8576E+00   6.5953E-01   2.8094E+00   4.9424E-01  -2.5299E+02
    91   2.2292E+02   7.0823E-02   4.5737E-01   4.0328E+13   9.9904E-01   1.8797E+00   6.6410E-01   2.8282E+00   4.9818E-01  -2.5119E+02
    92   2.2288E+02   6.7611E-02   4.9099E-01   4.2260E+13   9.9923E-01   1.9015E+00   6.6790E-01   2.8438E+00   5.0091E-01  -2.4994E+02
    93   2.2283E+02   6.4530E-02   5.2681E-01   4.4295E+13   9.9939E-01   1.9229E+00   6.7085E-01   2.8559E+00   5.0250E-01  -2.4919E+02
    94   2.2279E+02   6.1629E-02   5.6494E-01   4.6399E+13   9.9955E-01   1.9454E+00   6.7398E-01   2.8688E+00   5.0395E-01  -2.4855E+02
    95   2.2275E+02   5.8895E-02   6.0554E-01   4.8572E+13   9.9969E-01   1.9691E+00   6.7730E-01   2.8825E+00   5.0552E-01  -2.4795E+02
    96   2.2270E+02   5.6278E-02   6.4876E-01   5.0851E+13   9.9982E-01   1.9926E+00   6.8023E-01   2.8946E+00   5.0648E-01  -2.4760E+02
    97   2.2265E+02   5.3750E-02   6.9474E-01   5.3265E+13   9.9992E-01   2.0154E+00   6.8256E-01   2.9042E+00   5.0678E-01  -2.4749E+02
    98   2.2261E+02   5.1357E-02   7.4361E-01   5.5770E+13   1.0000E+00   2.0393E+00   6.8502E-01   2.9144E+00   5.0701E-01  -2.4748E+02
    99   2.2256E+02   4.9091E-02   7.9558E-01   5.8368E+13   1.0001E+00   2.0643E+00   6.8764E-01   2.9253E+00   5.0718E-01  -2.4750E+02
   100   2.2251E+02   4.6929E-02   8.5085E-01   6.1083E+13   1.0002E+00   2.0898E+00   6.9032E-01   2.9364E+00   5.0728E-01  -2.4760E+02
   101   2.2247E+02   4.4830E-02   9.0964E-01   6.3971E+13   1.0003E+00   2.1141E+00   6.9287E-01   2.9471E+00   5.0737E-01  -2.4761E+02
   102   2.2242E+02   4.2840E-02   9.7217E-01   6.6971E+13   1.0003E+00   2.1395E+00   6.9557E-01   2.9584E+00   5.0745E-01  -2.4767E+02
   103   2.2237E+02   4.0953E-02   1.0387E+00   7.0089E+13   1.0004E+00   2.1660E+00   6.9844E-01   2.9705E+00   5.0749E-01  -2.4776E+02
   104   2.2232E+02   3.9163E-02   1.1094E+00   7.3325E+13   1.0004E+00   2.1936E+00   7.0150E-01   2.9833E+00   5.0751E-01  -2.4784E+02
   105   2.2227E+02   3.7423E-02   1.1848E+00   7.6768E+13   1.0005E+00   2.2199E+00   7.0511E-01   2.9985E+00   5.0824E-01  -2.4759E+02
   106   2.2222E+02   3.5773E-02   1.2650E+00   8.0346E+13   1.0005E+00   2.2472E+00   7.0898E-01   3.0148E+00   5.0904E-01  -2.4730E+02
   107   2.2217E+02   3.4210E-02   1.3505E+00   8.4058E+13   1.0006E+00   2.2755E+00   7.1309E-01   3.0322E+00   5.0983E-01  -2.4702E+02
   108   2.2211E+02   3.2728E-02   1.4416E+00   8.7905E+13   1.0006E+00   2.3049E+00   7.1748E-01   3.0507E+00   5.1061E-01  -2.4671E+02
   109   2.2206E+02   3.1306E-02   1.5387E+00   9.1942E+13   1.0006E+00   2.3341E+00   7.2261E-01   3.0724E+00   5.1212E-01  -2.4605E+02
   110   2.2201E+02   2.9949E-02   1.6424E+00   9.6154E+13   1.0007E+00   2.3635E+00   7.2844E-01   3.0971E+00   5.1425E-01  -2.4511E+02
   111   2.2195E+02   2.8666E-02   1.7530E+00   1.0051E+14   1.0007E+00   2.3940E+00   7.3466E-01   3.1234E+00   5.1651E-01  -2.4412E+02
   112   2.2190E+02   2.7452E-02   1.8712E+00   1.0500E+14   1.0008E+00   2.4255E+00   7.4130E-01   3.1515E+00   5.1880E-01  -2.4309E+02
   113   2.2184E+02   2.6302E-02   1.9975E+00   1.0965E+14   1.0008E+00   2.4578E+00   7.4853E-01   3.1821E+00   5.2146E-01  -2.4172E+02
   114   2.2179E+02   2.5200E-02   2.1324E+00   1.1450E+14   1.0009E+00   2.4897E+00   7.5693E-01   3.2175E+00   5.2568E-01  -2.3984E+02
   115   2.2173E+02   2.4163E-02   2.2768E+00   1.1947E+14   1.0010E+00   2.5227E+00   7.6590E-01   3.2553E+00   5.2994E-01  -2.3781E+02
   116   2.2167E+02   2.3186E-02   2.4313E+00   1.2457E+14   1.0011E+00   2.5567E+00   7.7550E-01   3.2958E+00   5.3429E-01  -2.3573E+02
   117   2.2161E+02   2.2266E-02   2.5967E+00   1.2979E+14   1.0012E+00   2.5919E+00   7.8576E-01   3.3391E+00   5.3876E-01  -2.3344E+02
   118   2.2155E+02   2.1392E-02   2.7736E+00   1.3517E+14   1.0015E+00   2.6270E+00   7.9707E-01   3.3862E+00   5.4488E-01  -2.3057E+02
   119   2.2149E+02   2.0570E-02   2.9632E+00   1.4064E+14   1.0018E+00   2.6629E+00   8.0925E-01   3.4368E+00   5.5157E-01  -2.2731E+02
   120   2.2143E+02   1.9800E-02   3.1662E+00   1.4619E+14   1.0021E+00   2.6998E+00   8.2227E-01   3.4909E+00   5.5850E-01  -2.2392E+02
   121   2.2137E+02   1.9078E-02   3.3836E+00   1.5181E+14   1.0025E+00   2.7378E+00   8.3620E-01   3.5489E+00   5.6570E-01  -2.2035E+02
   122   2.2131E+02   1.8403E-02   3.6164E+00   1.5747E+14   1.0032E+00   2.7765E+00   8.5097E-01   3.6091E+00   5.7397E-01  -2.1627E+02
   123   2.2124E+02   1.7774E-02   3.8657E+00   1.6314E+14   1.0043E+00   2.8156E+00   8.6659E-01   3.6712E+00   5.8330E-01  -2.1170E+02
   124   2.2118E+02   1.7188E-02   4.1324E+00   1.6880E+14   1.0054E+00   2.8558E+00   8.8324E-01   3.7375E+00   5.9286E-01  -2.0696E+02
   125   2.2111E+02   1.6642E-02   4.4179E+00   1.7444E+14   1.0066E+00   2.8969E+00   9.0099E-01   3.8083E+00   6.0268E-01  -2.0209E+02
   126   2.2105E+02   1.6137E-02   4.7233E+00   1.8000E+14   1.0081E+00   2.9389E+00   9.1968E-01   3.8816E+00   6.1295E-01  -1.9686E+02
   127   2.2098E+02   1.5683E-02   5.0495E+00   1.8533E+14   1.0116E+00   2.9814E+00   9.3826E-01   3.9462E+00   6.2434E-01  -1.9134E+02
   128   2.2091E+02   1.5264E-02   5.3975E+00   1.9054E+14   1.0152E+00   3.0248E+00   9.5792E-01   4.0146E+00   6.3593E-01  -1.8556E+02
   129   2.2084E+02   1.4878E-02   5.7687E+00   1.9561E+14   1.0188E+00   3.0690E+00   9.7869E-01   4.0871E+00   6.4776E-01  -1.7964E+02
   130   2.2077E+02   1.4522E-02   6.1642E+00   2.0053E+14   1.0224E+00   3.1139E+00   1.0006E+00   4.1638E+00   6.5986E-01  -1.7356E+02
   131   2.2070E+02   1.4223E-02   6.5848E+00   2.0487E+14   1.0301E+00   3.1595E+00   1.0208E+00   4.2162E+00   6.7190E-01  -1.6764E+02
   132   2.2062E+02   1.3957E-02   7.0308E+00   2.0892E+14   1.0388E+00   3.2055E+00   1.0412E+00   4.2644E+00   6.8383E-01  -1.6168E+02
   133   2.2055E+02   1.3715E-02   7.5032E+00   2.1275E+14   1.0477E+00   3.2521E+00   1.0625E+00   4.3147E+00   6.9581E-01  -1.5567E+02
   134   2.2047E+02   1.3497E-02   8.0031E+00   2.1634E+14   1.0568E+00   3.2991E+00   1.0848E+00   4.3670E+00   7.0793E-01  -1.4970E+02
   135   2.2039E+02   1.3310E-02   8.5315E+00   2.1954E+14   1.0675E+00   3.3467E+00   1.1046E+00   4.4026E+00   7.1884E-01  -1.4435E+02
   136   2.2032E+02   1.3154E-02   9.0859E+00   2.2229E+14   1.0807E+00   3.3946E+00   1.1199E+00   4.4090E+00   7.2787E-01  -1.3975E+02
   137   2.2023E+02   1.3013E-02   9.6665E+00   2.2487E+14   1.0942E+00   3.4425E+00   1.1356E+00   4.4157E+00   7.3669E-01  -1.3550E+02
   138   2.2015E+02   1.2885E-02   1.0274E+01   2.2727E+14   1.1080E+00   3.4903E+00   1.1517E+00   4.4224E+00   7.4469E-01  -1.3130E+02
   139   2.2007E+02   1.2770E-02   1.0910E+01   2.2950E+14   1.1221E+00   3.5382E+00   1.1682E+00   4.4293E+00   7.5360E-01  -1.2753E+02
   140   2.1998E+02   1.2650E-02   1.1572E+01   2.3186E+14   1.1339E+00   3.5863E+00   1.1740E+00   4.4053E+00   7.5567E-01  -1.2606E+02
   141   2.1989E+02   1.2520E-02   1.2254E+01   2.3446E+14   1.1446E+00   3.6341E+00   1.1748E+00   4.3670E+00   7.5484E-01  -1.2647E+02
   142   2.1980E+02   1.2385E-02   1.2958E+01   2.3719E+14   1.1554E+00   3.6813E+00   1.1753E+00   4.3281E+00   7.5397E-01  -1.2702E+02
   143   2.1971E+02   1.2248E-02   1.3683E+01   2.4006E+14   1.1662E+00   3.7279E+00   1.1756E+00   4.2889E+00   7.5305E-01  -1.2760E+02
   144   2.1962E+02   1.2106E-02   1.4430E+01   2.4307E+14   1.1772E+00   3.7741E+00   1.1757E+00   4.2492E+00   7.5208E-01  -1.2835E+02
   145   2.1953E+02   1.1947E-02   1.5199E+01   2.4652E+14   1.1854E+00   3.8200E+00   1.1716E+00   4.2049E+00   7.4832E-01  -1.3038E+02
   146   2.1943E+02   1.1760E-02   1.5988E+01   2.5065E+14   1.1904E+00   3.8656E+00   1.1626E+00   4.1551E+00   7.4193E-01  -1.3385E+02
   147   2.1933E+02   1.1563E-02   1.6795E+01   2.5516E+14   1.1954E+00   3.9106E+00   1.1532E+00   4.1045E+00   7.3453E-01  -1.3751E+02
   148   2.1924E+02   1.1355E-02   1.7621E+01   2.6005E+14   1.2002E+00   3.9550E+00   1.1434E+00   4.0531E+00   7.2823E-01  -1.4092E+02
   149   2.1914E+02   1.1140E-02   1.8468E+01   2.6531E+14   1.2050E+00   3.9989E+00   1.1331E+00   4.0008E+00   7.2216E-01  -1.4419E+02
   150   2.1903E+02   1.0918E-02   1.9335E+01   2.7096E+14   1.2097E+00   4.0424E+00   1.1225E+00   3.9477E+00   7.1630E-01  -1.4738E+02
   151   2.1893E+02   1.0685E-02   2.0225E+01   2.7714E+14   1.2132E+00   4.0857E+00   1.1126E+00   3.9020E+00   7.1008E-01  -1.5072E+02
   152   2.1883E+02   1.0439E-02   2.1139E+01   2.8392E+14   1.2150E+00   4.1292E+00   1.1039E+00   3.8655E+00   7.0368E-01  -1.5414E+02
   153   2.1872E+02   1.0190E-02   2.2079E+01   2.9115E+14   1.2168E+00   4.1725E+00   1.0948E+00   3.8280E+00   6.9752E-01  -1.5749E+02
   154   2.1862E+02   9.9373E-03   2.3047E+01   2.9884E+14   1.2186E+00   4.2157E+00   1.0854E+00   3.7896E+00   6.9157E-01  -1.6073E+02
   155   2.1851E+02   9.6822E-03   2.4042E+01   3.0702E+14   1.2203E+00   4.2587E+00   1.0756E+00   3.7502E+00   6.8580E-01  -1.6389E+02
   156   2.1840E+02   9.4255E-03   2.5067E+01   3.1569E+14   1.2220E+00   4.3016E+00   1.0655E+00   3.7097E+00   6.8017E-01  -1.6699E+02
   157   2.1829E+02   9.1679E-03   2.6123E+01   3.2489E+14   1.2236E+00   4.3445E+00   1.0550E+00   3.6682E+00   6.7461E-01  -1.7007E+02
   158   2.1818E+02   8.9082E-03   2.7211E+01   3.3470E+14   1.2246E+00   4.3877E+00   1.0465E+00   3.6360E+00   6.6891E-01  -1.7319E+02
   159   2.1807E+02   8.6481E-03   2.8336E+01   3.4512E+14   1.2253E+00   4.4312E+00   1.0390E+00   3.6078E+00   6.6323E-01  -1.7632E+02
   160   2.1796E+02   8.3890E-03   2.9499E+01   3.5615E+14   1.2259E+00   4.4748E+00   1.0312E+00   3.5786E+00   6.5776E-01  -1.7937E+02
   161   2.1784E+02   8.1316E-03   3.0703E+01   3.6781E+14   1.2266E+00   4.5187E+00   1.0230E+00   3.5484E+00   6.5248E-01  -1.8232E+02
   162   2.1773E+02   7.8764E-03   3.1949E+01   3.8013E+14   1.2272E+00   4.5628E+00   1.0145E+00   3.5172E+00   6.4737E-01  -1.8519E+02
   163   2.1761E+02   7.6239E-03   3.3240E+01   3.9314E+14   1.2278E+00   4.6071E+00   1.0057E+00   3.4850E+00   6.4241E-01  -1.8798E+02
   164   2.1749E+02   7.3744E-03   3.4576E+01   4.0688E+14   1.2284E+00   4.6517E+00   9.9656E-01   3.4516E+00   6.3759E-01  -1.9073E+02
   165   2.1737E+02   7.1282E-03   3.5960E+01   4.2139E+14   1.2289E+00   4.6967E+00   9.8841E-01   3.4221E+00   6.3260E-01  -1.9357E+02
   166   2.1725E+02   6.8853E-03   3.7399E+01   4.3674E+14   1.2292E+00   4.7424E+00   9.8171E-01   3.3981E+00   6.2738E-01  -1.9651E+02
   167   2.1713E+02   6.6463E-03   3.8894E+01   4.5295E+14   1.2294E+00   4.7885E+00   9.7471E-01   3.3731E+00   6.2232E-01  -1.9942E+02
   168   2.1701E+02   6.4113E-03   4.0450E+01   4.7008E+14   1.2297E+00   4.8351E+00   9.6742E-01   3.3471E+00   6.1726E-01  -2.0230E+02
   169   2.1689E+02   6.1806E-03   4.2068E+01   4.8818E+14   1.2300E+00   4.8823E+00   9.5982E-01   3.3201E+00   6.1257E-01  -2.0507E+02
   170   2.1676E+02   5.9546E-03   4.3752E+01   5.0729E+14   1.2302E+00   4.9299E+00   9.5189E-01   3.2920E+00   6.0796E-01  -2.0773E+02
   171   2.1664E+02   5.7335E-03   4.5504E+01   5.2747E+14   1.2305E+00   4.9781E+00   9.4363E-01   3.2628E+00   6.0347E-01  -2.1035E+02
   172   2.1651E+02   5.5174E-03   4.7329E+01   5.4878E+14   1.2307E+00   5.0269E+00   9.3525E-01   3.2332E+00   5.9910E-01  -2.1292E+02
   173   2.1638E+02   5.3065E-03   4.9233E+01   5.7127E+14   1.2309E+00   5.0765E+00   9.2996E-01   3.2145E+00   5.9473E-01  -2.1548E+02
   174   2.1625E+02   5.1010E-03   5.1224E+01   5.9500E+14   1.2310E+00   5.1269E+00   9.2442E-01   3.1950E+00   5.9051E-01  -2.1797E+02
   175   2.1612E+02   4.9009E-03   5.3305E+01   6.2003E+14   1.2311E+00   5.1781E+00   9.1862E-01   3.1746E+00   5.8643E-01  -2.2041E+02
   176   2.1599E+02   4.7065E-03   5.5483E+01   6.4644E+14   1.2313E+00   5.2302E+00   9.1254E-01   3.1533E+00   5.8249E-01  -2.2278E+02
   177   2.1585E+02   4.5176E-03   5.7761E+01   6.7431E+14   1.2314E+00   5.2830E+00   9.0617E-01   3.1309E+00   5.7868E-01  -2.2508E+02
   178   2.1572E+02   4.3342E-03   6.0146E+01   7.0371E+14   1.2315E+00   5.3368E+00   8.9950E-01   3.1076E+00   5.7500E-01  -2.2733E+02
   179   2.1558E+02   4.1565E-03   6.2641E+01   7.3473E+14   1.2316E+00   5.3914E+00   8.9252E-01   3.0832E+00   5.7146E-01  -2.2952E+02
   180   2.1544E+02   3.9844E-03   6.5256E+01   7.6745E+14   1.2317E+00   5.4470E+00   8.8784E-01   3.0668E+00   5.6806E-01  -2.3163E+02
   181   2.1530E+02   3.8180E-03   6.8002E+01   8.0194E+14   1.2318E+00   5.5037E+00   8.8344E-01   3.0514E+00   5.6474E-01  -2.3370E+02
   182   2.1516E+02   3.6572E-03   7.0888E+01   8.3830E+14   1.2319E+00   5.5615E+00   8.7881E-01   3.0352E+00   5.6150E-01  -2.3574E+02
   183   2.1502E+02   3.5018E-03   7.3921E+01   8.7664E+14   1.2319E+00   5.6204E+00   8.7394E-01   3.0182E+00   5.5835E-01  -2.3774E+02
   184   2.1488E+02   3.3519E-03   7.7109E+01   9.1708E+14   1.2320E+00   5.6805E+00   8.6882E-01   3.0004E+00   5.5530E-01  -2.3970E+02
   185   2.1473E+02   3.2073E-03   8.0460E+01   9.5972E+14   1.2321E+00   5.7418E+00   8.6343E-01   2.9816E+00   5.5237E-01  -2.4160E+02
   186   2.1458E+02   3.0680E-03   8.3983E+01   1.0047E+15   1.2321E+00   5.8042E+00   8.5776E-01   2.9619E+00   5.4959E-01  -2.4350E+02
   187   2.1444E+02   2.9337E-03   8.7688E+01   1.0521E+15   1.2322E+00   5.8681E+00   8.5305E-01   2.9455E+00   5.4657E-01  -2.4547E+02
   188   2.1429E+02   2.8044E-03   9.1592E+01   1.1022E+15   1.2322E+00   5.9334E+00   8.4844E-01   2.9294E+00   5.4357E-01  -2.4741E+02
   189   2.1413E+02   2.6800E-03   9.5704E+01   1.1550E+15   1.2323E+00   6.0000E+00   8.4387E-01   2.9135E+00   5.4108E-01  -2.4915E+02
   190   2.1398E+02   2.5604E-03   1.0004E+02   1.2107E+15   1.2323E+00   6.0679E+00   8.3941E-01   2.8980E+00   5.3797E-01  -2.5044E+02
