
Reference radius (Tau=2/3) of of old model is    2.4822E+02

 Depth                 R             V     Tau(Ross)         Gamma
     1      3.917996E+04    1.8514E+03    6.3757E-06    1.3657E+01
     2      3.880071E+04    1.8511E+03    6.5125E-06    1.3660E+01
     3      3.805281E+04    1.8507E+03    6.7903E-06    1.3675E+01
     4      3.660185E+04    1.8499E+03    7.3625E-06    1.3704E+01
     5      3.386701E+04    1.8480E+03    8.5771E-06    1.3790E+01
     6      2.899973E+04    1.8439E+03    1.1319E-05    1.4075E+01
     7      2.147750E+04    1.8341E+03    1.8062E-05    1.4638E+01
     8      1.591238E+04    1.8205E+03    2.7276E-05    1.4998E+01
     9      1.181243E+04    1.8024E+03    3.9791E-05    1.5177E+01
    10      8.788200E+03    1.7782E+03    5.6771E-05    1.5149E+01
    11      6.562633E+03    1.7464E+03    7.9696E-05    1.4918E+01
    12      4.926983E+03    1.7059E+03    1.1047E-04    1.4631E+01
    13      3.715877E+03    1.6540E+03    1.5197E-04    1.4311E+01
    14      2.815657E+03    1.5871E+03    2.0812E-04    1.3893E+01
    15      2.146870E+03    1.5016E+03    2.8421E-04    1.3118E+01
    16      1.651060E+03    1.3949E+03    3.8737E-04    1.1924E+01
    17      1.285140E+03    1.2719E+03    5.2629E-04    1.0684E+01
    18      1.011761E+03    1.1314E+03    7.1514E-04    9.4403E+00
    19      8.088442E+02    9.6718E+02    9.7190E-04    8.2875E+00
    20      6.598756E+02    7.9901E+02    1.3177E-03    7.0300E+00
    21      5.496735E+02    6.3440E+02    1.7859E-03    5.5833E+00
    22      4.681231E+02    4.8176E+02    2.4213E-03    4.3037E+00
    23      4.076281E+02    3.4893E+02    3.2914E-03    3.2905E+00
    24      3.650756E+02    2.4634E+02    4.4116E-03    2.4565E+00
    25      3.355045E+02    1.7353E+02    5.7816E-03    1.8047E+00
    26      3.140809E+02    1.2246E+02    7.4402E-03    1.3123E+00
    27      2.978075E+02    8.6405E+01    9.4505E-03    9.4134E-01
    28      2.849867E+02    6.1148E+01    1.1903E-02    6.9922E-01
    29      2.722594E+02    4.1486E+01    1.5748E-02    5.6479E-01
    30      2.608744E+02    2.9974E+01    2.1108E-02    5.1985E-01
    31      2.538169E+02    2.3740E+01    2.5746E-02    4.0360E-01
    32      2.527438E+02    1.5268E+01    2.6743E-02    3.4673E-01
    33      2.525728E+02    1.1226E+01    2.6983E-02    3.4739E-01
    34      2.524313E+02    7.8442E+00    2.7270E-02    3.7742E-01
    35      2.522640E+02    5.5355E+00    2.7763E-02    4.1450E-01
    36      2.520882E+02    3.9136E+00    2.8504E-02    4.4134E-01
    37      2.519147E+02    2.7723E+00    2.9556E-02    4.6278E-01
    38      2.517517E+02    1.9535E+00    3.0991E-02    4.8384E-01
    39      2.515600E+02    1.3824E+00    3.3447E-02    5.0355E-01
    40      2.513513E+02    9.7745E-01    3.7322E-02    5.2852E-01
    41      2.511283E+02    6.9076E-01    4.3362E-02    5.6076E-01
    42      2.508820E+02    4.8803E-01    5.3158E-02    5.9671E-01
    43      2.505961E+02    3.4406E-01    6.9972E-02    6.3092E-01
    44      2.503112E+02    2.5471E-01    9.4171E-02    6.5590E-01
    45      2.500322E+02    1.9691E-01    1.2682E-01    6.7367E-01
    46      2.497494E+02    1.5621E-01    1.7087E-01    6.8755E-01
    47      2.494567E+02    1.2616E-01    2.3035E-01    6.9986E-01
    48      2.491494E+02    1.0343E-01    3.1066E-01    7.1239E-01
    49      2.488232E+02    8.6066E-02    4.1916E-01    7.2641E-01
    50      2.484730E+02    7.2690E-02    5.6577E-01    7.4297E-01
    51      2.480923E+02    6.2324E-02    7.6395E-01    7.6037E-01
    52      2.476717E+02    5.4096E-02    1.0319E+00    7.7330E-01
    53      2.471996E+02    4.7092E-02    1.3941E+00    7.7598E-01
    54      2.466669E+02    4.0593E-02    1.8837E+00    7.7184E-01
    55      2.460685E+02    3.4352E-02    2.5447E+00    7.6449E-01
    56      2.454027E+02    2.8425E-02    3.4367E+00    7.5574E-01
    57      2.446715E+02    2.3027E-02    4.6401E+00    7.4674E-01
    58      2.438787E+02    1.8294E-02    6.2645E+00    7.3639E-01
    59      2.430286E+02    1.4205E-02    8.4583E+00    7.1954E-01
    60      2.421304E+02    1.0731E-02    1.1422E+01    6.9749E-01
    61      2.412022E+02    7.9386E-03    1.5428E+01    6.7763E-01
    62      2.402602E+02    5.8327E-03    2.0844E+01    6.6187E-01
    63      2.393098E+02    4.2931E-03    2.8171E+01    6.4844E-01
    64      2.383492E+02    3.1727E-03    3.8080E+01    6.3494E-01
    65      2.373734E+02    2.3477E-03    5.1477E+01    6.1916E-01
    66      2.363517E+02    1.7237E-03    7.0193E+01    6.0394E-01
    67      2.356902E+02    1.4195E-03    8.5574E+01    5.9724E-01
    68      2.353828E+02    1.2997E-03    9.3770E+01    5.9464E-01
    69      2.352286E+02    1.2444E-03    9.8159E+01    5.9532E-01
    70      2.351771E+02    1.2266E-03    9.9667E+01    5.9387E-01

 Index            R          Tau           Na        Ne/Na            T        Kross       Kr/Kes       Kf/Kes
     1   3.9180E+04   6.3757E-06   1.0375E+06   1.0020E+00   1.0574E+00   3.2289E-01   1.0330E+00   4.6841E+01
     2   3.8801E+04   6.5125E-06   1.0580E+06   1.0020E+00   1.0601E+00   3.2298E-01   1.0333E+00   4.6849E+01
     3   3.8053E+04   6.7903E-06   1.1003E+06   1.0020E+00   1.0655E+00   3.2316E-01   1.0339E+00   4.6901E+01
     4   3.6602E+04   7.3625E-06   1.1898E+06   1.0020E+00   1.0764E+00   3.2353E-01   1.0350E+00   4.7001E+01
     5   3.3867E+04   8.5771E-06   1.3911E+06   1.0020E+00   1.0983E+00   3.2428E-01   1.0374E+00   4.7294E+01
     6   2.9000E+04   1.1319E-05   1.9014E+06   1.0021E+00   1.1419E+00   3.2577E-01   1.0421E+00   4.8269E+01
     7   2.1478E+04   1.8062E-05   3.4852E+06   1.0022E+00   1.2183E+00   3.2838E-01   1.0504E+00   5.0197E+01
     8   1.5912E+04   2.7276E-05   6.3966E+06   1.0022E+00   1.2774E+00   3.3039E-01   1.0567E+00   5.1428E+01
     9   1.1812E+04   3.9791E-05   1.1724E+07   1.0023E+00   1.3201E+00   3.3188E-01   1.0614E+00   5.2036E+01
    10   8.7882E+03   5.6771E-05   2.1471E+07   1.0023E+00   1.3514E+00   3.3304E-01   1.0651E+00   5.1940E+01
    11   6.5626E+03   7.9696E-05   3.9203E+07   1.0024E+00   1.3771E+00   3.3408E-01   1.0684E+00   5.1146E+01
    12   4.9270E+03   1.1047E-04   7.1204E+07   1.0024E+00   1.4023E+00   3.3512E-01   1.0717E+00   5.0160E+01
    13   3.7159E+03   1.5197E-04   1.2911E+08   1.0024E+00   1.4307E+00   3.3628E-01   1.0754E+00   4.9063E+01
    14   2.8157E+03   2.0812E-04   2.3435E+08   1.0024E+00   1.4653E+00   3.3760E-01   1.0796E+00   4.7629E+01
    15   2.1469E+03   2.8421E-04   4.2604E+08   1.0025E+00   1.5102E+00   3.3916E-01   1.0845E+00   4.4970E+01
    16   1.6511E+03   3.8737E-04   7.7545E+08   1.0025E+00   1.5645E+00   3.4094E-01   1.0902E+00   4.0873E+01
    17   1.2851E+03   5.2629E-04   1.4036E+09   1.0025E+00   1.6152E+00   3.4273E-01   1.0959E+00   3.6622E+01
    18   1.0118E+03   7.1514E-04   2.5460E+09   1.0025E+00   1.6533E+00   3.4440E-01   1.1012E+00   3.2360E+01
    19   8.0884E+02   9.7190E-04   4.6599E+09   1.0025E+00   1.6856E+00   3.4615E-01   1.1068E+00   2.8409E+01
    20   6.5988E+02   1.3177E-03   8.4750E+09   1.0025E+00   1.7182E+00   3.4825E-01   1.1135E+00   2.4099E+01
    21   5.4967E+02   1.7859E-03   1.5383E+10   1.0025E+00   1.7685E+00   3.5143E-01   1.1237E+00   1.9140E+01
    22   4.6812E+02   2.4213E-03   2.7929E+10   1.0025E+00   1.8306E+00   3.5575E-01   1.1376E+00   1.4753E+01
    23   4.0763E+02   3.2914E-03   5.0848E+10   1.0025E+00   1.9360E+00   3.6224E-01   1.1583E+00   1.1280E+01
    24   3.6508E+02   4.4116E-03   8.9346E+10   1.0025E+00   2.0285E+00   3.6978E-01   1.1824E+00   8.4208E+00
    25   3.3550E+02   5.7816E-03   1.4262E+11   1.0024E+00   2.1006E+00   3.7672E-01   1.2046E+00   6.1869E+00
    26   3.1408E+02   7.4402E-03   1.8483E+11   1.0026E+00   2.1301E+00   3.7931E-01   1.2127E+00   4.4980E+00
    27   2.9781E+02   9.4505E-03   1.8621E+11   1.0030E+00   2.1375E+00   3.7644E-01   1.2031E+00   3.2253E+00
    28   2.8499E+02   1.1903E-02   1.7086E+11   1.0033E+00   2.1456E+00   3.7286E-01   1.1912E+00   2.3949E+00
    29   2.7226E+02   1.5748E-02   1.6628E+11   1.0031E+00   2.1703E+00   3.7234E-01   1.1898E+00   1.9348E+00
    30   2.6087E+02   2.1108E-02   1.8078E+11   1.0027E+00   2.2095E+00   3.7504E-01   1.1990E+00   1.7817E+00
    31   2.5382E+02   2.5746E-02   2.0059E+11   1.0024E+00   2.2358E+00   3.7730E-01   1.2065E+00   1.3837E+00
    32   2.5274E+02   2.6743E-02   2.4339E+11   1.0016E+00   2.2005E+00   3.7929E-01   1.2139E+00   1.1896E+00
    33   2.5257E+02   2.6983E-02   2.9265E+11   1.0014E+00   2.1899E+00   3.8207E-01   1.2231E+00   1.1922E+00
    34   2.5243E+02   2.7270E-02   3.7746E+11   1.0012E+00   2.1815E+00   3.8645E-01   1.2373E+00   1.2955E+00
    35   2.5226E+02   2.7763E-02   4.9828E+11   1.0011E+00   2.1767E+00   3.9176E-01   1.2544E+00   1.4229E+00
    36   2.5209E+02   2.8504E-02   6.7073E+11   1.0010E+00   2.1762E+00   3.9825E-01   1.2753E+00   1.5152E+00
    37   2.5191E+02   2.9556E-02   9.1470E+11   1.0009E+00   2.1764E+00   4.0594E-01   1.3001E+00   1.5889E+00
    38   2.5175E+02   3.0991E-02   1.2666E+12   1.0009E+00   2.1747E+00   4.1510E-01   1.3295E+00   1.6613E+00
    39   2.5156E+02   3.3447E-02   1.7606E+12   1.0008E+00   2.1677E+00   4.2516E-01   1.3617E+00   1.7290E+00
    40   2.5135E+02   3.7322E-02   2.4624E+12   1.0008E+00   2.1563E+00   4.3667E-01   1.3986E+00   1.8148E+00
    41   2.5113E+02   4.3362E-02   3.4591E+12   1.0008E+00   2.1459E+00   4.5030E-01   1.4423E+00   1.9256E+00
    42   2.5088E+02   5.3158E-02   4.8743E+12   1.0008E+00   2.1439E+00   4.6686E-01   1.4953E+00   2.0490E+00
    43   2.5060E+02   6.9972E-02   6.8982E+12   1.0008E+00   2.1593E+00   4.8722E-01   1.5606E+00   2.1665E+00
    44   2.5031E+02   9.4171E-02   9.3128E+12   1.0008E+00   2.1918E+00   5.0822E-01   1.6278E+00   2.2522E+00
    45   2.5003E+02   1.2682E-01   1.2051E+13   1.0008E+00   2.2376E+00   5.2917E-01   1.6949E+00   2.3132E+00
    46   2.4975E+02   1.7087E-01   1.5206E+13   1.0008E+00   2.2961E+00   5.5101E-01   1.7648E+00   2.3608E+00
    47   2.4946E+02   2.3035E-01   1.8855E+13   1.0009E+00   2.3683E+00   5.7467E-01   1.8404E+00   2.4029E+00
    48   2.4915E+02   3.1066E-01   2.3039E+13   1.0011E+00   2.4554E+00   6.0120E-01   1.9250E+00   2.4454E+00
    49   2.4882E+02   4.1916E-01   2.7743E+13   1.0016E+00   2.5583E+00   6.3151E-01   2.0210E+00   2.4922E+00
    50   2.4847E+02   5.6577E-01   3.2927E+13   1.0030E+00   2.6760E+00   6.6593E-01   2.1283E+00   2.5456E+00
    51   2.4809E+02   7.6395E-01   3.8509E+13   1.0064E+00   2.8063E+00   7.0270E-01   2.2381E+00   2.5964E+00
    52   2.4767E+02   1.0319E+00   4.4506E+13   1.0144E+00   2.9484E+00   7.3748E-01   2.3305E+00   2.6198E+00
    53   2.4720E+02   1.3941E+00   5.1309E+13   1.0292E+00   3.1028E+00   7.6645E-01   2.3873E+00   2.5911E+00
    54   2.4667E+02   1.8837E+00   5.9768E+13   1.0489E+00   3.2700E+00   7.8837E-01   2.4093E+00   2.5288E+00
    55   2.4607E+02   2.5447E+00   7.0958E+13   1.0672E+00   3.4527E+00   8.0098E-01   2.4058E+00   2.4617E+00
    56   2.4540E+02   3.4367E+00   8.6203E+13   1.0797E+00   3.6565E+00   8.0416E-01   2.3875E+00   2.4055E+00
    57   2.4467E+02   4.6401E+00   1.0703E+14   1.0865E+00   3.8855E+00   8.0103E-01   2.3633E+00   2.3619E+00
    58   2.4388E+02   6.2645E+00   1.3558E+14   1.0898E+00   4.1424E+00   7.9191E-01   2.3294E+00   2.3222E+00
    59   2.4303E+02   8.4583E+00   1.7580E+14   1.0913E+00   4.4289E+00   7.7371E-01   2.2727E+00   2.2659E+00
    60   2.4213E+02   1.1422E+01   2.3442E+14   1.0920E+00   4.7467E+00   7.4944E-01   2.1999E+00   2.1950E+00
    61   2.4120E+02   1.5428E+01   3.1929E+14   1.0924E+00   5.0974E+00   7.2773E-01   2.1354E+00   2.1317E+00
    62   2.4026E+02   2.0844E+01   4.3796E+14   1.0927E+00   5.4827E+00   7.1043E-01   2.0841E+00   2.0816E+00
    63   2.3931E+02   2.8171E+01   5.9973E+14   1.0928E+00   5.9043E+00   6.9569E-01   2.0406E+00   2.0391E+00
    64   2.3835E+02   3.8080E+01   8.1805E+14   1.0929E+00   6.3640E+00   6.8058E-01   1.9961E+00   1.9965E+00
    65   2.3737E+02   5.1477E+01   1.1146E+15   1.0930E+00   6.8640E+00   6.6343E-01   1.9456E+00   1.9467E+00
    66   2.3635E+02   7.0193E+01   1.5312E+15   1.0932E+00   7.4232E+00   6.4729E-01   1.8980E+00   1.8986E+00
    67   2.3569E+02   8.5574E+01   1.8698E+15   1.0933E+00   7.8064E+00   6.4017E-01   1.8770E+00   1.8774E+00
    68   2.3538E+02   9.3770E+01   2.0475E+15   1.0933E+00   7.9905E+00   6.3793E-01   1.8704E+00   1.8691E+00
    69   2.3523E+02   9.8159E+01   2.1412E+15   1.0933E+00   8.0843E+00   6.3700E-01   1.8677E+00   1.8712E+00
    70   2.3518E+02   9.9667E+01   2.1732E+15   1.0933E+00   8.1162E+00   6.3667E-01   1.8667E+00   1.8667E+00

 
 Old model mass absorption coeficients
 Index         Kross         Kflux          Kes
     1   3.22887E-01   1.46412E+01   3.12575E-01
     2   3.22979E-01   1.46440E+01   3.12576E-01
     3   3.23162E-01   1.46603E+01   3.12578E-01
     4   3.23530E-01   1.46918E+01   3.12582E-01
     5   3.24275E-01   1.47836E+01   3.12590E-01
     6   3.25765E-01   1.50892E+01   3.12608E-01
     7   3.28378E-01   1.56933E+01   3.12636E-01
     8   3.30391E-01   1.60794E+01   3.12660E-01
     9   3.31877E-01   1.62705E+01   3.12677E-01
    10   3.33042E-01   1.62411E+01   3.12690E-01
    11   3.34075E-01   1.59932E+01   3.12699E-01
    12   3.35124E-01   1.56855E+01   3.12707E-01
    13   3.36284E-01   1.53428E+01   3.12715E-01
    14   3.37604E-01   1.48946E+01   3.12723E-01
    15   3.39158E-01   1.40637E+01   3.12733E-01
    16   3.40942E-01   1.27828E+01   3.12743E-01
    17   3.42729E-01   1.14536E+01   3.12751E-01
    18   3.44404E-01   1.01206E+01   3.12752E-01
    19   3.46153E-01   8.88482E+00   3.12747E-01
    20   3.48247E-01   7.53666E+00   3.12739E-01
    21   3.51434E-01   5.98570E+00   3.12737E-01
    22   3.55752E-01   4.61383E+00   3.12735E-01
    23   3.62243E-01   3.52765E+00   3.12743E-01
    24   3.69780E-01   2.63350E+00   3.12737E-01
    25   3.76725E-01   1.93481E+00   3.12728E-01
    26   3.79307E-01   1.40684E+00   3.12768E-01
    27   3.76442E-01   1.00918E+00   3.12893E-01
    28   3.72858E-01   7.49609E-01   3.13003E-01
    29   3.72342E-01   6.05493E-01   3.12944E-01
    30   3.75044E-01   5.57316E-01   3.12797E-01
    31   3.77296E-01   4.32691E-01   3.12707E-01
    32   3.79294E-01   3.71716E-01   3.12460E-01
    33   3.82073E-01   3.72428E-01   3.12391E-01
    34   3.86448E-01   4.04620E-01   3.12338E-01
    35   3.91756E-01   4.44372E-01   3.12298E-01
    36   3.98249E-01   4.73151E-01   3.12269E-01
    37   4.05942E-01   4.96131E-01   3.12249E-01
    38   4.15102E-01   5.18714E-01   3.12233E-01
    39   4.25165E-01   5.39840E-01   3.12222E-01
    40   4.36667E-01   5.66606E-01   3.12215E-01
    41   4.50303E-01   6.01175E-01   3.12209E-01
    42   4.66856E-01   6.39717E-01   3.12206E-01
    43   4.87224E-01   6.76387E-01   3.12205E-01
    44   5.08223E-01   7.03166E-01   3.12207E-01
    45   5.29175E-01   7.22224E-01   3.12213E-01
    46   5.51006E-01   7.37102E-01   3.12226E-01
    47   5.74674E-01   7.50301E-01   3.12253E-01
    48   6.01196E-01   7.63734E-01   3.12317E-01
    49   6.31510E-01   7.78764E-01   3.12479E-01
    50   6.65933E-01   7.96513E-01   3.12898E-01
    51   7.02698E-01   8.15171E-01   3.13967E-01
    52   7.37484E-01   8.29028E-01   3.16443E-01
    53   7.66455E-01   8.31905E-01   3.21059E-01
    54   7.88374E-01   8.27468E-01   3.27218E-01
    55   8.00975E-01   8.19589E-01   3.32932E-01
    56   8.04165E-01   8.10210E-01   3.36821E-01
    57   8.01032E-01   8.00556E-01   3.38946E-01
    58   7.91908E-01   7.89462E-01   3.39968E-01
    59   7.73714E-01   7.71397E-01   3.40438E-01
    60   7.49439E-01   7.47757E-01   3.40665E-01
    61   7.27734E-01   7.26463E-01   3.40794E-01
    62   7.10432E-01   7.09574E-01   3.40874E-01
    63   6.95690E-01   6.95174E-01   3.40921E-01
    64   6.80581E-01   6.80701E-01   3.40954E-01
    65   6.63428E-01   6.63785E-01   3.40988E-01
    66   6.47286E-01   6.47464E-01   3.41030E-01
    67   6.40172E-01   6.40287E-01   3.41056E-01
    68   6.37931E-01   6.37498E-01   3.41067E-01
    69   6.37005E-01   6.38227E-01   3.41072E-01
    70   6.36667E-01   6.36674E-01   3.41073E-01
