
   70                    !Number of depth points
 
 !Electron density
    2.650E+05   2.706E+05   2.822E+05   3.067E+05   3.623E+05   5.057E+05   9.650E+05   1.842E+06   3.513E+06   6.694E+06
    1.274E+07   2.416E+07   4.567E+07   8.600E+07   1.619E+08   3.055E+08   5.801E+08   1.098E+09   2.065E+09   3.900E+09
    7.365E+09   1.385E+10   2.544E+10   4.205E+10   5.519E+10   5.514E+10   5.071E+10   5.022E+10   5.592E+10   6.616E+10
    8.269E+10   1.017E+11   1.370E+11   1.861E+11   2.577E+11   3.625E+11   5.149E+11   7.357E+11   1.056E+12   1.522E+12
    2.197E+12   3.179E+12   4.571E+12   6.210E+12   8.118E+12   1.045E+13   1.335E+13   1.701E+13   2.160E+13   2.726E+13
    3.405E+13   4.205E+13   5.146E+13   6.233E+13   7.448E+13   8.735E+13   1.003E+14   1.135E+14   1.277E+14   1.452E+14
    1.732E+14   2.203E+14   2.958E+14   4.141E+14   5.907E+14   8.421E+14   1.201E+15   1.385E+15   1.488E+15   1.524E+15
 
 !Radius (10^10cm)
    3.193E+04   3.161E+04   3.096E+04   2.970E+04   2.734E+04   2.317E+04   1.683E+04   1.223E+04   8.908E+03   6.504E+03
    4.767E+03   3.512E+03   2.604E+03   1.947E+03   1.468E+03   1.118E+03   8.625E+02   6.776E+02   5.434E+02   4.453E+02
    3.738E+02   3.218E+02   2.847E+02   2.594E+02   2.412E+02   2.274E+02   2.164E+02   2.072E+02   1.983E+02   1.904E+02
    1.864E+02   1.861E+02   1.859E+02   1.857E+02   1.854E+02   1.852E+02   1.849E+02   1.847E+02   1.845E+02   1.842E+02
    1.840E+02   1.838E+02   1.835E+02   1.833E+02   1.831E+02   1.828E+02   1.826E+02   1.824E+02   1.821E+02   1.819E+02
    1.816E+02   1.813E+02   1.810E+02   1.806E+02   1.803E+02   1.799E+02   1.794E+02   1.789E+02   1.783E+02   1.775E+02
    1.765E+02   1.753E+02   1.739E+02   1.725E+02   1.711E+02   1.697E+02   1.683E+02   1.677E+02   1.674E+02   1.673E+02
 
 !Temperature (10^4 K)
    8.683E-01   8.692E-01   8.711E-01   8.749E-01   8.832E-01   9.018E-01   9.442E-01   9.908E-01   1.037E+00   1.081E+00
    1.121E+00   1.155E+00   1.182E+00   1.203E+00   1.218E+00   1.227E+00   1.232E+00   1.251E+00   1.278E+00   1.374E+00
    1.489E+00   1.601E+00   1.695E+00   1.775E+00   1.829E+00   1.852E+00   1.852E+00   1.844E+00   1.842E+00   1.846E+00
    1.809E+00   1.784E+00   1.763E+00   1.739E+00   1.717E+00   1.695E+00   1.674E+00   1.656E+00   1.646E+00   1.643E+00
    1.650E+00   1.664E+00   1.690E+00   1.722E+00   1.760E+00   1.802E+00   1.851E+00   1.906E+00   1.970E+00   2.045E+00
    2.132E+00   2.234E+00   2.352E+00   2.487E+00   2.640E+00   2.811E+00   3.000E+00   3.208E+00   3.439E+00   3.695E+00
    3.977E+00   4.291E+00   4.638E+00   5.021E+00   5.444E+00   5.909E+00   6.430E+00   6.657E+00   6.774E+00   6.813E+00
 
   1.     HYD                           !Atomic Number and descriptor.
    1.000E+00   1.000E+00   1.000E+00   1.000E+00   1.000E+00   1.000E+00   1.000E+00   1.000E+00   1.000E+00   1.000E+00
    1.000E+00   1.000E+00   1.000E+00   1.000E+00   1.000E+00   1.000E+00   1.000E+00   1.000E+00   1.000E+00   1.000E+00
    1.000E+00   1.000E+00   1.000E+00   1.000E+00   1.000E+00   1.000E+00   1.000E+00   1.000E+00   1.000E+00   1.000E+00
    1.000E+00   1.000E+00   1.000E+00   1.000E+00   1.000E+00   1.000E+00   1.000E+00   1.000E+00   1.000E+00   1.000E+00
    1.000E+00   1.000E+00   1.000E+00   1.000E+00   1.000E+00   1.000E+00   1.000E+00   1.000E+00   1.000E+00   1.000E+00
    1.000E+00   1.000E+00   1.000E+00   1.000E+00   1.000E+00   1.000E+00   1.000E+00   1.000E+00   1.000E+00   1.000E+00
    1.000E+00   1.000E+00   1.000E+00   1.000E+00   1.000E+00   1.000E+00   1.000E+00   1.000E+00   1.000E+00   1.000E+00
 
   2.     HE                            !Atomic Number and descriptor.
    1.010E+00   1.010E+00   1.010E+00   1.010E+00   1.010E+00   1.011E+00   1.011E+00   1.012E+00   1.013E+00   1.014E+00
    1.014E+00   1.014E+00   1.015E+00   1.015E+00   1.014E+00   1.014E+00   1.013E+00   1.013E+00   1.012E+00   1.011E+00
    1.009E+00   1.007E+00   1.004E+00   1.002E+00   1.001E+00   1.000E+00   9.999E-01   9.999E-01   9.999E-01   9.999E-01
    9.998E-01   9.998E-01   9.997E-01   9.996E-01   9.995E-01   9.993E-01   9.991E-01   9.988E-01   9.985E-01   9.982E-01
    9.978E-01   9.974E-01   9.973E-01   9.973E-01   9.976E-01   9.979E-01   9.982E-01   9.986E-01   9.989E-01   9.992E-01
    9.994E-01   9.997E-01   1.000E+00   1.001E+00   1.006E+00   1.023E+00   1.085E+00   1.261E+00   1.564E+00   1.818E+00
    1.934E+00   1.975E+00   1.990E+00   1.996E+00   1.998E+00   1.999E+00   1.999E+00   1.999E+00   2.000E+00   2.000E+00
 
   6.     CARB                          !Atomic Number and descriptor.
    2.069E+00   2.069E+00   2.069E+00   2.069E+00   2.070E+00   2.071E+00   2.074E+00   2.077E+00   2.079E+00   2.082E+00
    2.084E+00   2.085E+00   2.086E+00   2.086E+00   2.086E+00   2.084E+00   2.082E+00   2.079E+00   2.077E+00   2.077E+00
    2.074E+00   2.064E+00   2.047E+00   2.029E+00   2.017E+00   2.009E+00   2.005E+00   2.002E+00   2.002E+00   2.002E+00
    2.001E+00   2.000E+00   1.999E+00   1.998E+00   1.996E+00   1.995E+00   1.993E+00   1.990E+00   1.988E+00   1.985E+00
    1.981E+00   1.979E+00   1.978E+00   1.978E+00   1.980E+00   1.982E+00   1.985E+00   1.988E+00   1.991E+00   1.995E+00
    2.000E+00   2.009E+00   2.030E+00   2.089E+00   2.232E+00   2.486E+00   2.748E+00   2.908E+00   2.999E+00   3.120E+00
    3.363E+00   3.658E+00   3.850E+00   3.937E+00   3.973E+00   3.987E+00   3.994E+00   3.995E+00   3.996E+00   3.996E+00
 
   7.     NIT                           !Atomic Number and descriptor.
    2.189E+00   2.190E+00   2.190E+00   2.190E+00   2.190E+00   2.190E+00   2.191E+00   2.191E+00   2.192E+00   2.191E+00
    2.191E+00   2.189E+00   2.187E+00   2.184E+00   2.179E+00   2.172E+00   2.163E+00   2.152E+00   2.141E+00   2.126E+00
    2.107E+00   2.080E+00   2.048E+00   2.021E+00   2.007E+00   2.000E+00   1.996E+00   1.994E+00   1.994E+00   1.993E+00
    1.992E+00   1.990E+00   1.986E+00   1.980E+00   1.973E+00   1.963E+00   1.950E+00   1.934E+00   1.914E+00   1.891E+00
    1.867E+00   1.847E+00   1.838E+00   1.844E+00   1.859E+00   1.879E+00   1.901E+00   1.922E+00   1.942E+00   1.959E+00
    1.974E+00   1.986E+00   1.996E+00   2.010E+00   2.045E+00   2.140E+00   2.354E+00   2.645E+00   2.856E+00   2.956E+00
    3.022E+00   3.149E+00   3.410E+00   3.705E+00   3.905E+00   4.065E+00   4.299E+00   4.421E+00   4.482E+00   4.503E+00
 
   8.     OXY                           !Atomic Number and descriptor.
    1.992E+00   1.992E+00   1.992E+00   1.992E+00   1.992E+00   1.993E+00   1.994E+00   1.995E+00   1.996E+00   1.997E+00
    1.998E+00   1.998E+00   1.998E+00   1.997E+00   1.996E+00   1.994E+00   1.992E+00   1.988E+00   1.983E+00   1.979E+00
    1.972E+00   1.959E+00   1.936E+00   1.903E+00   1.874E+00   1.867E+00   1.875E+00   1.883E+00   1.889E+00   1.891E+00
    1.870E+00   1.840E+00   1.791E+00   1.729E+00   1.655E+00   1.573E+00   1.491E+00   1.418E+00   1.356E+00   1.307E+00
    1.272E+00   1.253E+00   1.254E+00   1.276E+00   1.317E+00   1.374E+00   1.446E+00   1.534E+00   1.635E+00   1.740E+00
    1.834E+00   1.905E+00   1.951E+00   1.978E+00   1.995E+00   2.017E+00   2.077E+00   2.247E+00   2.551E+00   2.813E+00
    2.939E+00   3.009E+00   3.118E+00   3.349E+00   3.646E+00   3.860E+00   3.997E+00   4.054E+00   4.087E+00   4.100E+00
 
  14.     SIL                           !Atomic Number and descriptor.
    2.595E+00   2.595E+00   2.595E+00   2.596E+00   2.598E+00   2.601E+00   2.608E+00   2.615E+00   2.621E+00   2.626E+00
    2.629E+00   2.629E+00   2.625E+00   2.619E+00   2.608E+00   2.596E+00   2.585E+00   2.603E+00   2.674E+00   2.845E+00
    2.958E+00   3.004E+00   3.009E+00   3.003E+00   2.999E+00   2.996E+00   2.992E+00   2.989E+00   2.986E+00   2.981E+00
    2.963E+00   2.946E+00   2.920E+00   2.882E+00   2.833E+00   2.772E+00   2.700E+00   2.622E+00   2.551E+00   2.499E+00
    2.468E+00   2.458E+00   2.473E+00   2.512E+00   2.569E+00   2.636E+00   2.707E+00   2.775E+00   2.838E+00   2.891E+00
    2.936E+00   2.973E+00   3.015E+00   3.089E+00   3.244E+00   3.500E+00   3.751E+00   3.899E+00   3.962E+00   3.986E+00
    3.994E+00   3.997E+00   3.999E+00   3.999E+00   3.999E+00   4.000E+00   4.000E+00   4.000E+00   4.000E+00   4.000E+00
 
  26.     IRON                          !Atomic Number and descriptor.
    2.929E+00   2.929E+00   2.930E+00   2.930E+00   2.932E+00   2.935E+00   2.942E+00   2.951E+00   2.964E+00   2.981E+00
    3.001E+00   3.021E+00   3.039E+00   3.052E+00   3.060E+00   3.060E+00   3.054E+00   3.051E+00   3.037E+00   3.037E+00
    3.034E+00   3.027E+00   3.005E+00   2.982E+00   2.970E+00   2.968E+00   2.967E+00   2.966E+00   2.965E+00   2.962E+00
    2.951E+00   2.937E+00   2.914E+00   2.882E+00   2.841E+00   2.790E+00   2.732E+00   2.672E+00   2.615E+00   2.565E+00
    2.526E+00   2.503E+00   2.506E+00   2.534E+00   2.578E+00   2.632E+00   2.692E+00   2.754E+00   2.816E+00   2.872E+00
    2.918E+00   2.953E+00   2.976E+00   2.993E+00   3.015E+00   3.074E+00   3.234E+00   3.527E+00   3.799E+00   3.944E+00
    4.044E+00   4.226E+00   4.527E+00   4.788E+00   4.935E+00   5.046E+00   5.230E+00   5.338E+00   5.397E+00   5.418E+00
