
 24-FEB-2004                           !Format date

 2.4510378384E+02     1.7252E+05       66       70

 3.8512948558E+04   6.8460325E-01   1.8626249E+06   9.6294948E-01   1.0379055E+00   9.7700195E+02   5.0000000E-02     1 
    3.0034900E-09   5.8445861E-12   3.1405576E-12   5.6882085E-14   5.3697646E-14
    1.4607431E-12   2.4028957E-10   2.4428124E-10   2.7882133E-08   2.8113375E-08
    7.6724002E-09   7.6795060E-09   1.6214402E-08   4.5594025E-07   4.6561459E-07
    9.4683441E-06   9.5166168E-06   2.4343366E-06   2.4344932E-06   3.4236648E-06
    1.7760009E-06   1.9731110E-05   1.9735539E-05   2.0426346E-04   2.0502668E-04
    5.3470749E-05   5.3469799E-05   8.7776786E-05   2.6203131E-05   1.7459297E-04
    1.2843204E-03   3.3927332E-04   6.2456731E-04   1.4346958E-04   7.1622237E-04
    4.2607815E-03   1.1133774E-03   2.2372234E-03   4.5152026E-04   1.8378994E-03
    9.7430793E-03   5.4604533E-03   2.4773761E-03   1.0571601E-03   3.7013040E-03
    1.7636981E-02   1.0851207E-02   4.3149621E-03   8.0390202E-03   2.8343182E-03
    3.0199209E-03   7.1395593E-03   1.5704812E-02   1.2988319E-02   8.1932491E-03
    4.4266257E-03   1.0058058E-02   2.1538409E-02   1.8397192E-02   2.4199405E-02
    3.0033685E-02   3.5918228E-02   4.1410405E-02   4.6271411E-02   5.0019924E-02
    5.1199125E-02

 3.8149961880E+04   6.9951890E-01   1.8987960E+06   9.6328376E-01   1.0382135E+00   9.7690305E+02   5.0000000E-02     2 
    3.0048810E-09   5.9325411E-12   3.1873580E-12   5.7917779E-14   5.4618822E-14
    1.4770620E-12   2.4222296E-10   2.4624355E-10   2.8056305E-08   2.8288984E-08
    7.7184629E-09   7.7256108E-09   1.6302592E-08   4.5814690E-07   4.6786573E-07
    9.5071113E-06   9.5555830E-06   2.4439416E-06   2.4440989E-06   3.4371152E-06
    1.7825093E-06   1.9797372E-05   1.9801853E-05   2.0486241E-04   2.0562786E-04
    5.3622136E-05   5.3621183E-05   8.8023576E-05   2.6273181E-05   1.7502822E-04
    1.2871935E-03   3.4000689E-04   6.2589908E-04   1.4376582E-04   7.1761707E-04
    4.2684167E-03   1.1153111E-03   2.2410160E-03   4.5226653E-04   1.8407874E-03
    9.7573427E-03   5.4680692E-03   2.4809066E-03   1.0586170E-03   3.7062229E-03
    1.7658933E-02   1.0864066E-02   4.3201971E-03   8.0486854E-03   2.8376316E-03
    3.0232322E-03   7.1471825E-03   1.5720754E-02   1.3001822E-02   8.2017818E-03
    4.4308973E-03   1.0067575E-02   2.1557517E-02   1.8411977E-02   2.4217043E-02
    3.0053471E-02   3.5940033E-02   4.1433801E-02   4.6295740E-02   5.0044439E-02
    5.1222791E-02

 3.7433714082E+04   7.3028429E-01   1.9735611E+06   9.6384986E-01   1.0391519E+00   9.7670180E+02   5.0000000E-02     3 
    2.9902121E-09   6.0838906E-12   3.2671741E-12   5.9859351E-14   5.6334411E-14
    1.5062344E-12   2.4555650E-10   2.4962658E-10   2.8353585E-08   2.8588753E-08
    7.7970554E-09   7.8042751E-09   1.6453738E-08   4.6191290E-07   4.7171776E-07
    9.5730897E-06   9.6219010E-06   2.4602871E-06   2.4604455E-06   3.4600064E-06
    1.7936761E-06   1.9910231E-05   1.9914854E-05   2.0588027E-04   2.0664953E-04
    5.3879422E-05   5.3878465E-05   8.8443132E-05   2.6393763E-05   1.7576814E-04
    1.2920732E-03   3.4125287E-04   6.2816118E-04   1.4427799E-04   7.1998534E-04
    4.2813906E-03   1.1185976E-03   2.2474581E-03   4.5356345E-04   1.8456939E-03
    9.7815555E-03   5.4810081E-03   2.4869051E-03   1.0611658E-03   3.7146223E-03
    1.7696213E-02   1.0885925E-02   4.3290911E-03   8.0654015E-03   2.8432666E-03
    3.0288634E-03   7.1601366E-03   1.5747848E-02   1.3024747E-02   8.2227505E-03
    4.4381490E-03   1.0083742E-02   2.1589987E-02   1.8437101E-02   2.4247085E-02
    3.0087118E-02   3.5977140E-02   4.1473677E-02   4.6337213E-02   5.0086234E-02
    5.1263154E-02

 3.6043554904E+04   7.9573789E-01   2.1323363E+06   9.6477294E-01   1.0423737E+00   9.7628970E+02   5.0000000E-02     4 
    2.9285275E-09   6.3419988E-12   3.4024795E-12   6.3587901E-14   5.9598243E-14
    1.5584603E-12   2.5117000E-10   2.5532209E-10   2.8844744E-08   2.9084108E-08
    7.9268016E-09   7.9341398E-09   1.6708080E-08   4.6814681E-07   4.7811716E-07
    9.6815835E-06   9.7309549E-06   2.4871557E-06   2.4873157E-06   3.4976382E-06
    1.8126922E-06   2.0096217E-05   2.0101171E-05   2.0755028E-04   2.0832578E-04
    5.4301437E-05   5.4300472E-05   8.9131602E-05   2.6602504E-05   1.7698443E-04
    1.3000739E-03   3.4329466E-04   6.3186788E-04   1.4518168E-04   7.2388318E-04
    4.3026841E-03   1.1239874E-03   2.2580141E-03   4.5589905E-04   1.8537514E-03
    9.8212420E-03   5.5022172E-03   2.4967385E-03   1.0658644E-03   3.7285299E-03
    1.7757363E-02   1.0921780E-02   4.3436616E-03   8.0949113E-03   2.8525513E-03
    3.0381125E-03   7.1813755E-03   1.5792270E-02   1.3062302E-02   8.3030623E-03
    4.4500153E-03   1.0110228E-02   2.1643231E-02   1.8478347E-02   2.4296495E-02
    3.0142353E-02   3.6038091E-02   4.1539351E-02   4.6405518E-02   5.0155126E-02
    5.1329749E-02

 3.3417652361E+04   9.4475384E-01   2.4902170E+06   9.6620102E-01   1.0521982E+00   9.7542272E+02   5.0000000E-02     5 
    2.7489100E-09   6.7753170E-12   3.6280115E-12   7.1189049E-14   6.6147069E-14
    1.6536474E-12   2.6035271E-10   2.6463509E-10   2.9620656E-08   2.9866888E-08
    8.1315019E-09   8.1390274E-09   1.7121803E-08   4.7803623E-07   4.8833485E-07
    9.8516945E-06   9.9019507E-06   2.5292615E-06   2.5294243E-06   3.5566215E-06
    1.8441549E-06   2.0388990E-05   2.0394832E-05   2.1015955E-04   2.1094480E-04
    5.4960615E-05   5.4959638E-05   9.0207703E-05   2.6955905E-05   1.7889080E-04
    1.3125636E-03   3.4647969E-04   6.3764899E-04   1.4675132E-04   7.3000962E-04
    4.3359921E-03   1.1324054E-03   2.2744812E-03   4.6006345E-04   1.8663641E-03
    9.8831733E-03   5.5353282E-03   2.5120946E-03   1.0744832E-03   3.7505972E-03
    1.7852951E-02   1.0977799E-02   4.3663586E-03   8.1461273E-03   2.8672123E-03
    3.0525868E-03   7.2145412E-03   1.5861580E-02   1.3120861E-02   8.5414289E-03
    4.4684666E-03   1.0151523E-02   2.1726437E-02   1.8542904E-02   2.4374067E-02
    3.0228856E-02   3.6133534E-02   4.1642585E-02   4.6512848E-02   5.0263743E-02
    5.1434837E-02

 2.8718617906E+04   1.3340615E+00   3.3995188E+06   9.6843789E-01   1.0783866E+00   9.7345559E+02   5.0000000E-02     6 
    2.3472116E-09   7.5417507E-12   4.0231801E-12   8.9428147E-14   8.1545963E-14
    1.8490639E-12   2.7607848E-10   2.8057296E-10   3.0876051E-08   3.1133989E-08
    8.4620584E-09   8.4698872E-09   1.7820110E-08   4.9410791E-07   5.0510235E-07
    1.0123751E-05   1.0175440E-05   2.5965484E-06   2.5967156E-06   3.6509022E-06
    1.8984322E-06   2.0860037E-05   2.0868362E-05   2.1430955E-04   2.1511030E-04
    5.6008903E-05   5.6007909E-05   9.1920275E-05   2.7582950E-05   1.8193792E-04
    1.3324086E-03   3.5153634E-04   6.4681976E-04   1.4962001E-04   7.3983586E-04
    4.3890875E-03   1.1457715E-03   2.3006164E-03   4.6789685E-04   1.8864932E-03
    9.9815561E-03   5.5879431E-03   2.5365078E-03   1.0911673E-03   3.7865412E-03
    1.8005334E-02   1.1066726E-02   4.4021731E-03   8.2393186E-03   2.8908133E-03
    3.0755754E-03   7.2671931E-03   1.5971284E-02   1.3213779E-02   9.1830727E-03
    4.4975373E-03   1.0216932E-02   2.1858964E-02   1.8645995E-02   2.4498250E-02
    3.0367206E-02   3.6285739E-02   4.1807493E-02   4.6684233E-02   5.0439098E-02
    5.1604427E-02

 2.1426222359E+04   2.5656322E+00   6.1970363E+06   9.7212145E-01   1.1439312E+00   9.6867912E+02   5.0000000E-02     7 
    1.6861754E-09   9.0307956E-12   4.7828099E-12   1.4757555E-13   1.2865722E-13
    2.3509068E-12   3.0571293E-10   3.1057523E-10   3.3052954E-08   3.3332350E-08
    9.0335497E-09   9.0419051E-09   1.9096392E-08   5.2203236E-07   5.3457642E-07
    1.0586769E-05   1.0640946E-05   2.7109279E-06   2.7111026E-06   3.8111996E-06
    1.9996773E-06   2.1666861E-05   2.1681994E-05   2.2130853E-04   2.2213543E-04
    5.7778283E-05   5.7777258E-05   9.4810184E-05   2.8784521E-05   1.8711323E-04
    1.3658660E-03   3.6005326E-04   6.6221721E-04   1.5526606E-04   7.5657496E-04
    4.4786287E-03   1.1681040E-03   2.3444844E-03   4.8370958E-04   1.9206427E-03
    1.0147477E-02   5.6762830E-03   2.5774329E-03   1.1255709E-03   3.8489592E-03
    1.8263376E-02   1.1214900E-02   4.4615360E-03   8.4207771E-03   2.9310951E-03
    3.1137634E-03   7.3551755E-03   1.6154016E-02   1.3370117E-02   1.0818604E-02
    4.5458440E-03   1.0326177E-02   2.2082273E-02   1.8821371E-02   2.4709843E-02
    3.0602082E-02   3.6543515E-02   4.2084007E-02   4.6973121E-02   5.0738974E-02
    5.1893630E-02

 1.6017937540E+04   4.9398086E+00   1.1240385E+07   9.7589322E-01   1.2193169E+00   9.6246562E+02   5.0000000E-02     8 
    1.2274360E-09   1.0860464E-11   5.7322974E-12   2.6675220E-13   2.2171979E-13
    3.2204356E-12   3.4108699E-10   3.4634180E-10   3.5427855E-08   3.5731633E-08
    9.6546152E-09   9.6635460E-09   2.0550604E-08   5.5235391E-07   5.6691697E-07
    1.1080206E-05   1.1137086E-05   2.8325930E-06   2.8327757E-06   3.9816548E-06
    2.1158996E-06   2.2529964E-05   2.2555190E-05   2.2867995E-04   2.2953437E-04
    5.9645051E-05   5.9643994E-05   9.7850084E-05   3.0183902E-05   1.9260118E-04
    1.4011400E-03   3.6899196E-04   6.7831219E-04   1.6193358E-04   7.7430317E-04
    4.5716893E-03   1.1911412E-03   2.3901102E-03   5.0263472E-04   1.9567512E-03
    1.0322194E-02   5.7676498E-03   2.6195537E-03   1.1671010E-03   3.9161463E-03
    1.8532397E-02   1.1367175E-02   4.5229167E-03   8.6323704E-03   2.9738508E-03
    3.1529525E-03   7.4459105E-03   1.6343328E-02   1.3533154E-02   1.3010880E-02
    4.5961191E-03   1.0439204E-02   2.2313210E-02   1.9005689E-02   2.4934887E-02
    3.0844961E-02   3.6812849E-02   4.2372022E-02   4.7276209E-02   5.1049253E-02
    5.2193500E-02

 1.1986329559E+04   9.5191809E+00   2.0359800E+07   9.7992591E-01   1.3096487E+00   9.5424240E+02   5.0000000E-02     9 
    9.1342362E-10   1.3300076E-11   7.0693902E-12   5.3016353E-13   4.2370886E-13
    4.8698299E-12   3.8622400E-10   3.9190614E-10   3.8141337E-08   3.8474220E-08
    1.0360849E-08   1.0370437E-08   2.2303859E-08   5.8694172E-07   6.0429389E-07
    1.1630231E-05   1.1690202E-05   2.9679461E-06   2.9681378E-06   4.1711038E-06
    2.2571572E-06   2.3498690E-05   2.3539260E-05   2.3679977E-04   2.3768451E-04
    6.1703866E-05   6.1702776E-05   1.0118694E-04   3.1909495E-05   1.9870138E-04
    1.4400198E-03   3.7873812E-04   6.9590210E-04   1.7026550E-04   7.9397736E-04
    4.6723512E-03   1.2160220E-03   2.4395309E-03   5.2652998E-04   1.9965005E-03
    1.0513407E-02   5.8658944E-03   2.6647507E-03   1.2200630E-03   3.9923972E-03
    1.8820722E-02   1.1531693E-02   4.5898052E-03   8.8939537E-03   3.0218843E-03
    3.1954402E-03   7.5435593E-03   1.6549373E-02   1.3709490E-02   1.6053797E-02
    4.6510873E-03   1.0561162E-02   2.2561854E-02   1.9205115E-02   2.5183475E-02
    3.1104335E-02   3.7102988E-02   4.2686187E-02   4.7605940E-02   5.1385212E-02
    5.2521160E-02

 8.9779825931E+03   1.8331428E+01   3.6870513E+07   9.8440166E-01   1.4180716E+00   9.4327806E+02   5.0000000E-02    10 
    7.0119653E-10   1.6674485E-11   9.0559745E-12   1.1354930E-12   8.8645629E-13
    8.2403901E-12   4.4734140E-10   4.5351722E-10   4.1377953E-08   4.1746788E-08
    1.1198691E-08   1.1209051E-08   2.4518866E-08   6.2810595E-07   6.4941560E-07
    1.2268725E-05   1.2332396E-05   3.1248535E-06   3.1250557E-06   4.3903171E-06
    2.4362935E-06   2.4633085E-05   2.4697147E-05   2.4611422E-04   2.4703371E-04
    6.4057124E-05   6.4055998E-05   1.0499060E-04   3.4117045E-05   2.0575007E-04
    1.4842254E-03   3.8972029E-04   7.1589093E-04   1.8103015E-04   8.1667061E-04
    4.7860562E-03   1.2441118E-03   2.4951238E-03   5.5756448E-04   2.0416463E-03
    1.0727891E-02   5.9761347E-03   2.7155592E-03   1.2895445E-03   4.0828576E-03
    1.9141228E-02   1.1717438E-02   4.6655763E-03   9.2274807E-03   3.0781829E-03
    3.2437768E-03   7.6530623E-03   1.6781680E-02   1.3907815E-02   2.0289387E-02
    4.7129545E-03   1.0697754E-02   2.2841301E-02   1.9429479E-02   2.5464832E-02
    3.1395637E-02   3.7428314E-02   4.3036792E-02   4.7973651E-02   5.1763837E-02
    5.2894712E-02

 6.7443358288E+03   3.5099752E+01   6.6576485E+07   9.8943761E-01   1.5463544E+00   9.2876385E+02   5.0000000E-02    11 
    5.5945465E-10   2.1548781E-11   1.2176757E-11   2.5799921E-12   2.0097276E-12
    1.5504973E-11   5.3357584E-10   5.4035073E-10   4.5324078E-08   4.5737675E-08
    1.2213986E-08   1.2225221E-08   2.7390191E-08   6.7807377E-07   7.0505299E-07
    1.3023890E-05   1.3092100E-05   3.3101342E-06   3.3103488E-06   4.6486191E-06
    2.6680648E-06   2.5989515E-05   2.6089456E-05   2.5700350E-04   2.5796360E-04
    6.6778803E-05   6.6777640E-05   1.0939671E-04   3.6979530E-05   2.1401443E-04
    1.5349216E-03   4.0230557E-04   7.3888475E-04   1.9507026E-04   8.4325315E-04
    4.9173615E-03   1.2764440E-03   2.5587348E-03   5.9819446E-04   2.0938650E-03
    1.0971500E-02   6.1022163E-03   2.7739881E-03   1.3811988E-03   4.1923290E-03
    1.9506038E-02   1.1929391E-02   4.7518851E-03   9.6550333E-03   3.1449216E-03
    3.2996469E-03   7.7779648E-03   1.7044935E-02   1.4134885E-02   2.6115492E-02
    4.7827946E-03   1.0853363E-02   2.3158922E-02   1.9688759E-02   2.5790650E-02
    3.1730553E-02   3.7799641E-02   4.3435710E-02   4.8393332E-02   5.2190963E-02
    5.3322470E-02

 5.0905650001E+03   6.6529495E+01   1.1959900E+08   9.9502155E-01   1.6942637E+00   9.0974194E+02   5.0000000E-02    12 
    4.6316509E-10   2.8623212E-11   1.7220397E-11   6.1017408E-12   4.8792590E-12
    3.1815350E-11   6.5759012E-10   6.6503381E-10   5.0110434E-08   5.0578083E-08
    1.3437812E-08   1.3449855E-08   3.1112750E-08   7.3817965E-07   7.7311464E-07
    1.3909582E-05   1.3983365E-05   3.5265686E-06   3.5267977E-06   4.9501117E-06
    2.9660061E-06   2.7601604E-05   2.7755500E-05   2.6962754E-04   2.7063465E-04
    6.9890914E-05   6.9889716E-05   1.1444716E-04   4.0651343E-05   2.2359370E-04
    1.5924832E-03   4.1662468E-04   7.6493898E-04   2.1311548E-04   8.7415996E-04
    5.0675288E-03   1.3132027E-03   2.6307757E-03   6.5057707E-04   2.1541048E-03
    1.1246752E-02   6.2445547E-03   2.8403842E-03   1.4997753E-03   4.3241343E-03
    1.9918491E-02   1.2166431E-02   4.8487802E-03   1.0194505E-02   3.2233581E-03
    3.3627202E-03   7.9185936E-03   1.7339659E-02   1.4391277E-02   3.3888615E-02
    4.8611510E-03   1.1028577E-02   2.3513665E-02   1.9984892E-02   2.6168348E-02
    3.2109197E-02   3.8216337E-02   4.3887219E-02   4.8866823E-02   5.2670793E-02
    5.3805650E-02

 3.8644067414E+03   1.2461773E+02   2.1368290E+08   1.0012500E+00   1.8614995E+00   8.8520592E+02   5.0000000E-02    13 
    3.9891123E-10   3.9118180E-11   2.5551277E-11   1.4825660E-11   1.2488175E-11
    6.9633006E-11   8.4173342E-10   8.4976758E-10   5.6010409E-08   5.6541197E-08
    1.4940343E-08   1.4952632E-08   3.6016685E-08   8.1118032E-07   8.5693734E-07
    1.4961708E-05   1.5042459E-05   3.7816409E-06   3.7818868E-06   5.3058042E-06
    3.3504687E-06   2.9537902E-05   2.9771703E-05   2.8439266E-04   2.8545471E-04
    7.3494486E-05   7.3493261E-05   1.2030039E-04   4.5356231E-05   2.3481799E-04
    1.6587311E-03   4.3311845E-04   7.9474603E-04   2.3617883E-04   9.1054833E-04
    5.2395502E-03   1.3552279E-03   2.7129598E-03   7.1751710E-04   2.2246669E-03
    1.1561543E-02   6.4061282E-03   2.9158856E-03   1.6512739E-03   4.4848254E-03
    2.0387447E-02   1.2433964E-02   4.9594082E-03   1.0871167E-02   3.3170400E-03
    3.4340686E-03   8.0786518E-03   1.7673918E-02   1.4683420E-02   4.3999919E-02
    4.9507882E-03   1.1227653E-02   2.3913767E-02   2.0325051E-02   2.6607144E-02
    3.2539143E-02   3.8691050E-02   4.4398004E-02   4.9401803E-02   5.3216972E-02
    5.4356121E-02

 2.9509009371E+03   2.3084315E+02   3.8005728E+08   1.0085504E+00   2.0533302E+00   8.5474073E+02   5.0000000E-02    14 
    3.6526011E-10   5.7100260E-11   4.1356778E-11   3.8477696E-11   3.4811194E-11
    1.6480583E-10   1.1361410E-09   1.1443298E-09   6.3764564E-08   6.4369733E-08
    1.6924573E-08   1.6935865E-08   4.2921424E-08   9.0531594E-07   9.6607420E-07
    1.6286186E-05   1.6376135E-05   4.0994144E-06   4.0996810E-06   5.7493283E-06
    3.8699832E-06   3.1986310E-05   3.2339774E-05   3.0249149E-04   3.0362076E-04
    7.7910580E-05   7.7909347E-05   1.2746755E-04   5.1639265E-05   2.4873435E-04
    1.7393360E-03   4.5314017E-04   8.3076029E-04   2.6676347E-04   9.5579748E-04
    5.4451829E-03   1.4057386E-03   2.8113859E-03   8.0592268E-04   2.3118043E-03
    1.1938630E-02   6.5988146E-03   3.0059807E-03   1.8508565E-03   4.6903233E-03
    2.0942758E-02   1.2752306E-02   5.0925819E-03   1.1749010E-02   3.4345897E-03
    3.5196741E-03   8.2702773E-03   1.8070336E-02   1.5034220E-02   5.7411762E-02
    5.0585458E-03   1.1465331E-02   2.4386240E-02   2.0737969E-02   2.7139076E-02
    3.3052239E-02   3.9262594E-02   4.5007751E-02   5.0040559E-02   5.3861080E-02
    5.5011409E-02

 2.2648210815E+03   4.2411374E+02   6.7573103E+08   1.0174289E+00   2.2798326E+00   8.1701318E+02   5.0000000E-02    15 
    3.6364513E-10   9.3018205E-11   7.5634582E-11   1.1165911E-10   1.0863051E-10
    4.3198367E-10   1.6484795E-09   1.6553867E-09   7.4577045E-08   7.5270506E-08
    1.9801895E-08   1.9814706E-08   5.3436301E-08   1.0336459E-06   1.1158177E-06
    1.8034764E-05   1.8137363E-05   4.5152044E-06   4.5155031E-06   6.3292683E-06
    4.6060801E-06   3.5227386E-05   3.5763303E-05   3.2556026E-04   3.2677515E-04
    8.3572018E-05   8.3570816E-05   1.3663153E-04   6.0396265E-05   2.6682040E-04
    1.8414779E-03   4.7841691E-04   8.7617289E-04   3.0894583E-04   1.0147264E-03
    5.7012864E-03   1.4689784E-03   2.9340452E-03   9.2694828E-04   2.4238069E-03
    1.2404171E-02   6.8374870E-03   3.1185740E-03   2.1230795E-03   4.9636205E-03
    2.1619706E-02   1.3144450E-02   5.2587292E-03   1.2927773E-02   3.5875063E-03
    3.6272346E-03   8.5090202E-03   1.8556707E-02   1.5474844E-02   7.5714279E-02
    5.1932665E-03   1.1760911E-02   2.4962405E-02   2.1260165E-02   2.7814093E-02
    3.3690717E-02   3.9974651E-02   4.5770016E-02   5.0832988E-02   5.4643683E-02
    5.5820028E-02

 1.7482630184E+03   7.7325647E+02   1.2056399E+09   1.0291959E+00   2.5489464E+00   7.6913559E+02   5.0000000E-02    16 
    4.1767275E-10   1.7582089E-10   1.5965608E-10   3.6735991E-10   3.8058961E-10
    1.2531527E-09   2.6555159E-09   2.6580790E-09   9.1533732E-08   9.2351590E-08
    2.4994139E-08   2.5065340E-08   7.1425751E-08   1.2269513E-06   1.3391726E-06
    2.0582835E-05   2.0704237E-05   5.1192284E-06   5.1196210E-06   7.1697334E-06
    5.7116607E-06   3.9917683E-05   4.0735008E-05   3.5796992E-04   3.5930518E-04
    9.1552641E-05   9.1551570E-05   1.4950048E-04   7.3103721E-05   2.9242203E-04
    1.9823576E-03   5.1337326E-04   9.3882479E-04   3.6879719E-04   1.0976050E-03
    6.0501745E-03   1.5556013E-03   3.1010301E-03   1.0959127E-03   2.5794928E-03
    1.3027093E-02   7.1594997E-03   3.2724024E-03   2.4994578E-03   5.3470145E-03
    2.2511127E-02   1.3668932E-02   5.4851559E-03   1.4543002E-02   3.7987401E-03
    3.7733329E-03   8.8327933E-03   1.9207085E-02   1.6080746E-02   1.0047846E-01
    5.3783339E-03   1.2160446E-02   2.5725103E-02   2.1970692E-02   2.8728560E-02
    3.4550838E-02   4.0928038E-02   4.6791284E-02   5.1883844E-02   5.5666225E-02
    5.6886683E-02

 1.3611983962E+03   1.3942027E+03   2.1579782E+09   1.0456716E+00   2.8867091E+00   7.0927124E+02   5.0000000E-02    17 
    6.0349662E-10   3.9824043E-10   3.9719021E-10   1.3709528E-09   1.4929733E-09
    3.9627984E-09   4.9756516E-09   4.9798797E-09   1.2124393E-07   1.2232085E-07
    3.8052540E-08   3.8685215E-08   1.0685828E-07   1.5485287E-06   1.7020448E-06
    2.4621043E-05   2.4772876E-05   6.0761529E-06   6.0769799E-06   8.4957625E-06
    7.4992119E-06   4.7258362E-05   4.8523827E-05   4.0723793E-04   4.0875685E-04
    1.0365394E-04   1.0365343E-04   1.6894441E-04   9.2640324E-05   3.3122075E-04
    2.1900897E-03   5.6514201E-04   1.0310842E-03   4.5784709E-04   1.2214053E-03
    6.5561799E-03   1.6821238E-03   3.3430248E-03   1.3417077E-03   2.8097309E-03
    1.3913767E-02   7.6212125E-03   3.4949368E-03   3.0388730E-03   5.9094825E-03
    2.3751878E-02   1.4413564E-02   5.8137319E-03   1.6842534E-02   4.1050326E-03
    3.9837098E-03   9.2973262E-03   2.0125729E-02   1.6971931E-02   1.3474159E-01
    5.6498369E-03   1.2731354E-02   2.6790226E-02   2.2991807E-02   3.0016365E-02
    3.5770559E-02   4.2269524E-02   4.8221030E-02   5.3339809E-02   5.7072224E-02
    5.8348174E-02

 1.0734748694E+03   2.4667630E+03   3.8430639E+09   1.0689283E+00   3.4053734E+00   6.4068797E+02   5.0000001E-02    18 
    1.2287753E-09   1.1953405E-09   1.3146071E-09   6.2620852E-09   7.2013671E-09
    1.4738026E-08   1.1864007E-08   1.2045396E-08   1.7919146E-07   1.8112135E-07
    9.2160765E-08   9.8743097E-08   1.9378547E-07   2.1485355E-06   2.3728616E-06
    3.1418053E-05   3.1625114E-05   7.6813783E-06   7.6849273E-06   1.0705104E-05
    1.0820868E-05   5.9703047E-05   6.1791467E-05   4.8563067E-04   4.8744561E-04
    1.2273462E-04   1.2273766E-04   1.9948642E-04   1.2711252E-04   3.9341795E-04
    2.5087073E-03   6.4419450E-04   1.1710493E-03   6.1022378E-04   1.4173156E-03
    7.3135682E-03   1.8715607E-03   3.7023590E-03   1.7541749E-03   3.1660278E-03
    1.5213970E-02   8.2964718E-03   3.8240676E-03   3.9322134E-03   6.7941534E-03
    2.5526582E-02   1.5489346E-02   6.2991252E-03   2.0593557E-02   4.5769462E-03
    4.2981914E-03   9.9756611E-03   2.1443606E-02   1.8352508E-02   1.9076955E-01
    6.0624764E-03   1.3560233E-02   2.8304782E-02   2.4501530E-02   3.1891845E-02
    3.7530960E-02   4.4188441E-02   5.0247963E-02   5.5383196E-02   5.9044669E-02
    6.0374074E-02

 8.5689034626E+02   4.3010994E+03   6.8477203E+09   1.1031606E+00   4.4924295E+00   5.6451943E+02   5.0000006E-02    19 
    4.3634948E-09   6.1325010E-09   7.3584217E-09   4.3053158E-08   5.1963897E-08
    7.8880647E-08   4.4896268E-08   4.7213858E-08   3.2148337E-07   3.2784277E-07
    4.9583706E-07   5.7564247E-07   5.0498170E-07   3.5626245E-06   3.9787531E-06
    4.4348745E-05   4.4685327E-05   1.0725938E-05   1.0749503E-05   1.4855515E-05
    1.8745960E-05   8.4688825E-05   8.8833868E-05   6.2311759E-04   6.2547711E-04
    1.5563445E-04   1.5566989E-04   2.5180559E-04   2.0464700E-04   5.0670698E-04
    3.0431762E-03   7.7460189E-04   1.3998776E-03   9.4276128E-04   1.7712015E-03
    8.5487647E-03   2.1749664E-03   4.2726703E-03   2.6391280E-03   3.7806184E-03
    1.7289349E-02   9.3471279E-03   4.3434179E-03   5.8242320E-03   8.4287657E-03
    2.8284269E-02   1.7137948E-02   7.0595518E-03   2.8366881E-02   5.4242031E-03
    4.8173000E-03   1.1021398E-02   2.3453928E-02   2.0809044E-02   3.1088948E-01
    6.7636809E-03   1.4829259E-02   3.0605606E-02   2.6924444E-02   3.4910979E-02
    4.0233993E-02   4.7094339E-02   5.3276490E-02   5.8412858E-02   6.1992190E-02
    6.3359076E-02

 6.9500380282E+02   7.3733381E+03   1.2326329E+10   1.1529643E+00   7.1227630E+00   4.7685730E+02   5.0000119E-02    20 
    3.1927714E-08   6.1821914E-08   6.9891002E-08   4.7037995E-07   5.3289281E-07
    6.0706756E-07   3.2748266E-07   3.2905906E-07   8.1793548E-07   8.3366138E-07
    4.8449501E-06   5.4176119E-06   2.0079089E-06   8.2177470E-06   9.2290709E-06
    7.1834787E-05   7.2537058E-05   1.7339604E-05   1.7439271E-05   2.4062225E-05
    4.2237291E-05   1.4453473E-04   1.5482954E-04   8.8143391E-04   8.8490573E-04
    2.1634800E-04   2.1656679E-04   3.4652569E-04   4.1372296E-04   7.3981756E-04
    3.9914356E-03   1.0004170E-03   1.7878939E-03   1.7977087E-03   2.4914157E-03
    1.0671868E-02   2.6759396E-03   5.2016374E-03   4.8599525E-03   4.9493836E-03
    2.0780939E-02   1.1017145E-02   5.1830183E-03   1.0459343E-02   1.1876982E-02
    3.2763764E-02   1.9713554E-02   8.2799315E-03   4.7065840E-02   7.1645770E-03
    5.7737365E-03   1.2658429E-02   2.6584898E-02   2.6053281E-02   6.0500345E-01
    8.1435855E-03   1.6802543E-02   3.4200572E-02   3.1078850E-02   4.0113729E-02
    4.4550681E-02   5.1615759E-02   5.7900394E-02   6.3006549E-02   6.6505126E-02
    6.7883710E-02

 5.7526116638E+02   1.2318554E+04   2.2081187E+10   1.2194647E+00   1.3541715E+01   3.8859401E+02   5.0002250E-02    21 
    4.3888968E-07   9.6892854E-07   9.7686320E-07   6.5736878E-06   6.6737738E-06
    5.8404170E-06   3.8431041E-06   3.1612101E-06   3.4928674E-06   3.3963358E-06
    5.6242731E-05   5.7228821E-05   1.0255684E-05   3.0837785E-05   3.3829816E-05
    1.3649107E-04   1.3804505E-04   3.5212267E-05   3.5294303E-05   5.4211122E-05
    1.2098243E-04   3.1304965E-04   3.4016144E-04   1.3781266E-03   1.3834790E-03
    3.3650972E-04   3.3680353E-04   5.2295249E-04   1.0147015E-03   1.2674617E-03
    5.6792100E-03   1.4013566E-03   2.4413687E-03   4.0725831E-03   4.0685695E-03
    1.4313838E-02   3.4850727E-03   6.6698854E-03   1.0568406E-02   7.3243666E-03
    2.6631138E-02   1.3584369E-02   6.5034808E-03   2.1896819E-02   1.9538582E-02
    3.9976414E-02   2.3592848E-02   1.0184404E-02   9.2876066E-02   1.0944372E-02
    7.7714007E-03   1.5128221E-02   3.1315144E-02   3.9492242E-02   1.3098460E+00
    1.1367863E-02   1.9779594E-02   3.9728780E-02   3.8425325E-02   4.9082103E-02
    5.1501833E-02   5.8596378E-02   6.4856755E-02   6.9874128E-02   7.3303917E-02
    7.4669901E-02

 4.8622535436E+02   2.0180198E+04   3.9578517E+10   1.3176043E+00   2.9384622E+01   3.0326275E+02   5.0038685E-02    22 
    1.4624039E-05   2.7460419E-05   2.6395630E-05   1.2704666E-04   1.2511971E-04
    8.0373846E-05   5.7459523E-05   4.5084431E-05   2.7865021E-05   2.5886220E-05
    6.1623627E-04   6.1206383E-04   6.4417889E-05   1.9923398E-04   2.1743772E-04
    3.6293950E-04   3.6617657E-04   1.1882067E-04   1.1785223E-04   2.4505681E-04
    4.2887649E-04   9.2251716E-04   9.9965889E-04   2.5780876E-03   2.5844867E-03
    6.8725674E-04   6.8522102E-04   9.9837171E-04   2.7736572E-03   2.7274277E-03
    9.2165883E-03   2.3510622E-03   3.8337979E-03   9.8671552E-03   7.9128125E-03
    2.1425269E-02   5.0357603E-03   9.4065710E-03   2.4187512E-02   1.2818728E-02
    3.7521915E-02   1.8210972E-02   8.9551575E-03   4.7292022E-02   3.6732773E-02
    5.2868987E-02   3.0350903E-02   1.3633749E-02   1.9465097E-01   1.9262817E-02
    1.2856259E-02   1.9399583E-02   3.9480091E-02   7.7842400E-02   2.7480003E+00
    2.0205771E-02   2.5014704E-02   4.9448836E-02   5.2342527E-02   6.4574575E-02
    6.3886240E-02   7.0583981E-02   7.6559492E-02   8.1370763E-02   8.4691774E-02
    8.6013551E-02

 4.2028721502E+02   2.9128226E+04   7.0528173E+10   1.4341717E+00   6.4157744E+01   2.2561066E+02   5.0514843E-02    23 
    5.1463529E-04   7.8272277E-04   7.2018922E-04   2.6126546E-03   2.4681766E-03
    9.8474445E-04   8.7295237E-04   7.7722297E-04   2.8330943E-04   2.5378057E-04
    6.6578946E-03   6.3677705E-03   4.4841887E-04   1.5275990E-03   1.7747200E-03
    1.3505649E-03   1.3420697E-03   6.8411723E-04   6.5566447E-04   1.8800691E-03
    1.5425643E-03   2.9517436E-03   3.1288015E-03   5.4430789E-03   5.4117767E-03
    1.9711871E-03   1.9149259E-03   3.0018416E-03   6.5202513E-03   6.1870206E-03
    1.5473072E-02   5.0981127E-03   7.1376005E-03   1.9255416E-02   1.4837534E-02
    3.2277830E-02   7.9291807E-03   1.4556916E-02   4.3942188E-02   2.2818550E-02
    5.2507059E-02   2.6036685E-02   1.3372915E-02   7.9786607E-02   6.1831441E-02
    6.9194047E-02   4.1080388E-02   1.9361234E-02   3.2655116E-01   3.1694937E-02
    2.3639317E-02   2.6041474E-02   5.1800066E-02   1.5488932E-01   4.2995727E+00
    3.8422094E-02   3.3740538E-02   6.3892684E-02   7.2054376E-02   8.3515028E-02
    8.1349183E-02   8.7220758E-02   9.2662666E-02   9.7095454E-02   1.0012211E-01
    1.0136005E-01

 3.7255343102E+02   3.0338478E+04   1.1680903E+11   1.5394720E+00   1.4460662E+02   1.6074946E+02   5.4473390E-02    24 
    9.4617697E-03   1.2223149E-02   1.1578517E-02   3.2869989E-02   3.1900079E-02
    7.8914040E-03   8.5988935E-03   8.9642705E-03   2.3393841E-03   2.3320608E-03
    5.0617789E-02   4.9421643E-02   3.2011578E-03   8.7413816E-03   1.2826541E-02
    5.9523745E-03   6.1319048E-03   4.1765366E-03   4.0802223E-03   1.3481165E-02
    6.4738519E-03   9.3883448E-03   1.0176657E-02   1.3382835E-02   1.3255087E-02
    6.8386797E-03   6.6858860E-03   1.2652231E-02   1.5092538E-02   1.3860441E-02
    2.6630812E-02   1.4756133E-02   1.7430735E-02   3.2028291E-02   2.5511769E-02
    4.7718589E-02   1.4718508E-02   2.7253810E-02   6.4559324E-02   3.9604093E-02
    7.0952488E-02   4.2477431E-02   2.3094472E-02   1.0764605E-01   8.7902299E-02
    8.6953434E-02   6.1020754E-02   2.9261766E-02   4.3687232E-01   4.6589052E-02
    4.2391831E-02   3.6767979E-02   7.2250088E-02   2.5993740E-01   5.2071063E+00
    6.6233542E-02   4.9713905E-02   8.5732438E-02   9.7212306E-02   1.0577253E-01
    1.0373311E-01   1.0844198E-01   1.1326925E-01   1.1734534E-01   1.2009385E-01
    1.2124515E-01

 3.4085976994E+02   2.1395683E+04   1.5050784E+11   1.6021209E+00   3.1666270E+02   1.1448430E+02   7.0911906E-02    25 
    6.4529606E-02   7.7929635E-02   7.3488423E-02   1.8595676E-01   1.8285369E-01
    3.7889284E-02   5.0485626E-02   5.3487135E-02   1.3144237E-02   1.3696733E-02
    2.4804205E-01   2.4380414E-01   1.6551048E-02   3.3865770E-02   5.8241847E-02
    2.3079319E-02   2.4547231E-02   1.8263257E-02   1.8069989E-02   6.9166886E-02
    2.7984079E-02   2.8358728E-02   3.1236529E-02   3.7006173E-02   3.6407273E-02
    2.2530635E-02   2.2279912E-02   5.2776951E-02   4.3893801E-02   3.1059840E-02
    5.1153034E-02   4.1325085E-02   5.4978305E-02   5.5967810E-02   4.5411820E-02
    7.7901924E-02   3.5027817E-02   6.4107214E-02   9.2741755E-02   7.5060478E-02
    1.0436196E-01   8.8695756E-02   4.9812404E-02   1.3643935E-01   1.2050603E-01
    1.1691023E-01   1.1179265E-01   4.9519133E-02   5.1561946E-01   6.7270112E-02
    7.1953898E-02   5.8813092E-02   1.1986156E-01   3.4532665E-01   5.5639354E+00
    9.8431364E-02   8.3195634E-02   1.2931895E-01   1.3932589E-01   1.4344980E-01
    1.4070101E-01   1.4350302E-01   1.4749920E-01   1.5133303E-01   1.5431213E-01
    1.5549062E-01

 3.1860288584E+02   1.0153644E+04   1.5240669E+11   1.6282437E+00   7.4082006E+02   8.1770505E+01   1.1222635E-01    26 
    2.5801222E-01   3.0498620E-01   2.7882649E-01   6.8281928E-01   6.7371686E-01
    1.4955860E-01   2.2282528E-01   2.1656530E-01   6.0371336E-02   5.9991102E-02
    9.7762386E-01   9.6481375E-01   6.9784532E-02   1.1818647E-01   2.0812362E-01
    8.4564095E-02   9.0185450E-02   6.8766649E-02   6.8023598E-02   3.0172186E-01
    1.1079483E-01   9.0584511E-02   9.8195695E-02   1.1722537E-01   1.1298940E-01
    7.6177724E-02   7.5397909E-02   2.2199583E-01   1.6049184E-01   8.2116418E-02
    1.2446024E-01   1.1869289E-01   2.1195445E-01   1.2300320E-01   1.0017555E-01
    1.6896677E-01   1.0670327E-01   2.0599204E-01   1.6229693E-01   1.8297680E-01
    2.0377037E-01   2.5826150E-01   1.4252978E-01   1.9470116E-01   1.9642108E-01
    2.0425440E-01   2.9327731E-01   1.0845313E-01   5.7848952E-01   1.1634056E-01
    1.3650123E-01   1.3025131E-01   2.8925263E-01   4.0766451E-01   5.3798145E+00
    1.5238262E-01   1.8041819E-01   2.7021605E-01   2.6126640E-01   2.5292003E-01
    2.4808744E-01   2.4478883E-01   2.4570928E-01   2.4837759E-01   2.5310587E-01
    2.5467780E-01

 3.0219618307E+02   3.5078120E+03   1.4344945E+11   1.6308621E+00   2.0849828E+03   5.8424726E+01   1.8549993E-01    27 
    8.1442962E-01   9.5290885E-01   8.5146761E-01   2.0585672E+00   2.0366632E+00
    5.4258691E-01   7.9254172E-01   7.2110831E-01   2.3755291E-01   2.2498409E-01
    3.3507104E+00   3.3445886E+00   2.6355886E-01   4.0460451E-01   6.7840928E-01
    3.0517493E-01   3.2296442E-01   2.4657885E-01   2.4329233E-01   1.1808303E+00
    3.9662577E-01   3.0878620E-01   3.2385679E-01   4.0133857E-01   3.8103323E-01
    2.6670164E-01   2.6328996E-01   8.9684864E-01   5.9298431E-01   2.6121812E-01
    3.7659062E-01   3.7242670E-01   8.6330378E-01   3.4255884E-01   2.8437177E-01
    4.8331474E-01   3.6996865E-01   8.0315120E-01   3.8703638E-01   5.5551351E-01
    5.4998676E-01   9.4217939E-01   4.8830763E-01   3.8020011E-01   4.5173308E-01
    5.0912637E-01   1.0026023E+00   3.1425411E-01   6.7125112E-01   2.8805875E-01
    3.3608097E-01   4.1095956E-01   9.6295301E-01   5.8239890E-01   3.9029659E+00
    3.3052742E-01   5.1908545E-01   8.2259012E-01   7.1447875E-01   6.5327138E-01
    6.4561937E-01   6.1558480E-01   6.0313877E-01   6.0054754E-01   6.1313772E-01
    6.1655531E-01

 2.8958244626E+02   1.6472217E+03   1.4166783E+11   1.6194664E+00   4.3744003E+03   4.1718626E+01   2.8647467E-01    28 
    1.3661907E+00   1.5793486E+00   1.4047505E+00   3.3503365E+00   3.3235165E+00
    1.0978088E+00   1.4936319E+00   1.3189022E+00   5.0899000E-01   4.6924755E-01
    6.1141453E+00   6.1749420E+00   5.6153923E-01   8.1783631E-01   1.2736405E+00
    6.4748973E-01   6.7883856E-01   5.1486349E-01   5.0704529E-01   2.4938826E+00
    8.1475659E-01   6.5222051E-01   6.6072945E-01   8.4366315E-01   7.9686702E-01
    5.6045459E-01   5.5201974E-01   1.9812884E+00   1.2783450E+00   5.5777364E-01
    7.7753509E-01   7.3910829E-01   1.9827617E+00   6.7523911E-01   5.7943612E-01
    9.6625529E-01   7.9444285E-01   1.8906297E+00   7.3940578E-01   1.1259168E+00
    1.1001590E+00   2.1592112E+00   1.0701064E+00   6.9024349E-01   8.8259460E-01
    9.9839530E-01   2.2111627E+00   6.4904411E-01   8.0507590E-01   5.9341823E-01
    6.5787828E-01   9.3457645E-01   2.1258863E+00   9.0124043E-01   1.3950545E+00
    6.3895797E-01   1.0705072E+00   1.7984472E+00   1.4937242E+00   1.3272413E+00
    1.3164406E+00   1.2360888E+00   1.2013724E+00   1.1927197E+00   1.2196365E+00
    1.2265736E+00

 2.7946541695E+02   1.3825880E+03   1.5182237E+11   1.6017590E+00   5.4617102E+03   2.9795485E+01   4.0187611E-01    29 
    1.0953921E+00   1.2412576E+00   1.1244559E+00   2.6200460E+00   2.6053224E+00
    1.0560284E+00   1.3524600E+00   1.1875307E+00   5.2766758E-01   4.8178166E-01
    5.2481506E+00   5.3510198E+00   5.8797836E-01   8.2364075E-01   1.1844076E+00
    6.8139123E-01   7.0983088E-01   5.3388655E-01   5.2528194E-01   2.4876713E+00
    8.4394264E-01   6.9978877E-01   6.8979561E-01   8.9536242E-01   8.4864250E-01
    5.8804132E-01   5.7853553E-01   2.0654244E+00   1.3744785E+00   6.2359616E-01
    8.4230668E-01   7.5277746E-01   2.1490815E+00   7.1510600E-01   6.3600766E-01
    1.0162549E+00   8.5487375E-01   2.1242747E+00   7.9342651E-01   1.1803338E+00
    1.1802257E+00   2.4109768E+00   1.1940502E+00   7.6299986E-01   9.8476370E-01
    1.0715237E+00   2.4207738E+00   7.1262618E-01   8.3067160E-01   6.8568560E-01
    7.2754015E-01   1.1177369E+00   2.3379869E+00   9.7506690E-01   7.6917976E-01
    7.1919352E-01   1.1842827E+00   2.0127101E+00   1.6636642E+00   1.4667162E+00
    1.4499075E+00   1.3598902E+00   1.3233018E+00   1.3175526E+00   1.3457509E+00
    1.3531622E+00

 2.7006561272E+02   1.3061723E+03   1.7756994E+11   1.5859267E+00   6.5293714E+03   2.1030311E+01   5.2127963E-01    30 
    7.9608730E-01   8.7771725E-01   8.2221723E-01   1.7970753E+00   1.7900936E+00
    8.5701152E-01   1.0814506E+00   9.5509392E-01   4.8449573E-01   4.4214308E-01
    3.7922409E+00   3.9001560E+00   5.4098957E-01   7.2439352E-01   9.4878679E-01
    6.2652025E-01   6.4917149E-01   4.8581419E-01   4.7747377E-01   2.1042316E+00
    7.8413525E-01   6.5822097E-01   6.3783334E-01   8.3367572E-01   7.9686554E-01
    5.3754332E-01   5.2834882E-01   1.8210106E+00   1.3039187E+00   6.1756769E-01
    8.0063006E-01   6.7035460E-01   1.9541263E+00   6.7157153E-01   6.2066276E-01
    9.3668349E-01   7.9318483E-01   1.9932274E+00   7.5217471E-01   1.0764931E+00
    1.1090733E+00   2.2566581E+00   1.1659214E+00   7.5459907E-01   9.7311956E-01
    1.0071639E+00   2.2477374E+00   6.8908360E-01   8.1940395E-01   6.9910647E-01
    7.1656175E-01   1.1803404E+00   2.1789641E+00   9.5950861E-01   7.6268474E-01
    7.2040035E-01   1.1573256E+00   1.9166863E+00   1.6024458E+00   1.4175905E+00
    1.3925981E+00   1.3134228E+00   1.2818191E+00   1.2790546E+00   1.3015425E+00
    1.3076111E+00

 2.6109218772E+02   1.2108740E+03   2.2130890E+11   1.5864392E+00   8.2498744E+03   1.5051231E+01   6.2522099E-01    31 
    8.1611482E-01   8.8646689E-01   8.4799749E-01   1.5172739E+00   1.5081792E+00
    7.4614225E-01   1.0094507E+00   8.9390790E-01   5.1242235E-01   4.6641204E-01
    2.8363910E+00   2.9408906E+00   5.4430588E-01   6.9290663E-01   7.8889066E-01
    6.1780947E-01   6.2784776E-01   4.8806051E-01   4.7726960E-01   1.8232967E+00
    7.9011037E-01   6.5533394E-01   6.3322757E-01   8.2398630E-01   7.9004403E-01
    5.2489754E-01   5.1316795E-01   1.6207086E+00   1.3092581E+00   6.5003096E-01
    7.9218175E-01   6.2008175E-01   1.7741506E+00   6.4898126E-01   6.3121276E-01
    8.8455331E-01   7.4930905E-01   1.8579022E+00   7.2289507E-01   9.9840749E-01
    1.0666210E+00   2.0918433E+00   1.1875912E+00   7.6526538E-01   9.8873262E-01
    9.6508109E-01   2.0695151E+00   6.8416314E-01   8.2722094E-01   7.2041862E-01
    7.2869223E-01   1.3041112E+00   2.0101456E+00   9.6345647E-01   7.9900452E-01
    7.4341916E-01   1.1518046E+00   1.8114258E+00   1.5452308E+00   1.3818860E+00
    1.3447508E+00   1.2779875E+00   1.2499425E+00   1.2482206E+00   1.2636732E+00
    1.2678853E+00

 2.5894958076E+02   8.8642734E+02   2.7332561E+11   1.5787481E+00   1.2311511E+04   1.0899481E+01   7.1059830E-01    32 
    8.3362923E-01   9.0167164E-01   8.6507475E-01   1.3708513E+00   1.3504910E+00
    6.9605841E-01   9.5165678E-01   8.3298974E-01   5.1475366E-01   4.6382583E-01
    2.3620724E+00   2.4379218E+00   5.4066105E-01   6.8797154E-01   7.2238836E-01
    6.2165220E-01   6.2026787E-01   4.9273124E-01   4.7754384E-01   1.6175343E+00
    7.9731760E-01   6.6688328E-01   6.4226225E-01   8.3015635E-01   7.9220591E-01
    5.2327519E-01   5.0718739E-01   1.4638941E+00   1.2989542E+00   6.7676007E-01
    7.9777357E-01   6.0304657E-01   1.6297972E+00   6.4717654E-01   6.4828453E-01
    8.6777453E-01   7.3265406E-01   1.7366051E+00   7.1898988E-01   9.8012253E-01
    1.0584053E+00   1.9650917E+00   1.2063948E+00   7.8372588E-01   1.0015223E+00
    9.4595733E-01   1.9417854E+00   6.9050389E-01   8.3915710E-01   7.3851557E-01
    7.5046370E-01   1.3684299E+00   1.8899712E+00   9.7094805E-01   8.2213675E-01
    7.7111462E-01   1.1725071E+00   1.7273339E+00   1.4988913E+00   1.3546741E+00
    1.3117994E+00   1.2542462E+00   1.2293147E+00   1.2279947E+00   1.2392054E+00
    1.2422669E+00

 2.5866065897E+02   6.7027195E+02   3.4576765E+11   1.5674694E+00   1.7874249E+04   7.8539116E+00   7.8118385E-01    33 
    7.4563395E-01   7.9905277E-01   7.6959519E-01   1.2126487E+00   1.1873860E+00
    6.4815541E-01   8.7104400E-01   7.5717898E-01   4.8734914E-01   4.3699494E-01
    2.1038742E+00   2.1585257E+00   5.1906008E-01   6.6846836E-01   6.8611304E-01
    6.0970052E-01   6.0512814E-01   4.7923338E-01   4.6210584E-01   1.4848986E+00
    7.8045040E-01   6.6110366E-01   6.3535168E-01   8.1639738E-01   7.7767305E-01
    5.1134438E-01   4.9348064E-01   1.3626576E+00   1.2604626E+00   6.7758801E-01
    7.8802606E-01   5.8989427E-01   1.5363399E+00   6.3969404E-01   6.4976018E-01
    8.4813258E-01   7.1950755E-01   1.6537909E+00   7.1705956E-01   9.6777607E-01
    1.0481303E+00   1.8833909E+00   1.1976069E+00   7.8855294E-01   9.9041283E-01
    9.2071883E-01   1.8617808E+00   6.9371441E-01   8.3595550E-01   7.4069633E-01
    7.5572508E-01   1.3747034E+00   1.8123746E+00   9.6458657E-01   8.2451343E-01
    7.8161049E-01   1.1866411E+00   1.6660931E+00   1.4613593E+00   1.3310303E+00
    1.2867636E+00   1.2367252E+00   1.2150167E+00   1.2137202E+00   1.2221264E+00
    1.2244236E+00

 2.5853096897E+02   4.9341764E+02   4.5864347E+11   1.5561110E+00   2.6747828E+04   5.5063506E+00   8.4069868E-01    34 
    6.5211034E-01   6.8927014E-01   6.6665725E-01   1.0621786E+00   1.0401795E+00
    5.9693719E-01   7.9152099E-01   6.8802259E-01   4.5685438E-01   4.0977423E-01
    1.8969798E+00   1.9454189E+00   4.9481744E-01   6.4407084E-01   6.5111561E-01
    5.9177573E-01   5.8617153E-01   4.6224863E-01   4.4573914E-01   1.3794512E+00
    7.5739740E-01   6.4874008E-01   6.2397507E-01   7.9444623E-01   7.5736363E-01
    4.9731562E-01   4.7992895E-01   1.2832530E+00   1.2185248E+00   6.7189883E-01
    7.7014912E-01   5.7816475E-01   1.4625862E+00   6.2707463E-01   6.4583290E-01
    8.2349057E-01   7.0887078E-01   1.5865752E+00   7.1201694E-01   9.5051860E-01
    1.0355244E+00   1.8165889E+00   1.1830647E+00   7.8819082E-01   9.7001154E-01
    8.9198339E-01   1.7967638E+00   6.9711619E-01   8.2649797E-01   7.3778139E-01
    7.5531742E-01   1.3714391E+00   1.7467124E+00   9.5289245E-01   8.2155021E-01
    7.8770457E-01   1.1964262E+00   1.6112432E+00   1.4275281E+00   1.3110194E+00
    1.2675215E+00   1.2248706E+00   1.2062834E+00   1.2047106E+00   1.2106620E+00
    1.2122804E+00

 2.5839437674E+02   3.3315491E+02   6.1302371E+11   1.5422228E+00   4.1541474E+04   3.9230358E+00   8.8355036E-01    35 
    5.5224202E-01   5.7625904E-01   5.5993639E-01   8.9404552E-01   8.7809325E-01
    5.4066299E-01   7.0542883E-01   6.1529013E-01   4.2350994E-01   3.8091807E-01
    1.6738848E+00   1.7211044E+00   4.6983120E-01   6.1465357E-01   6.0815696E-01
    5.6972211E-01   5.6291882E-01   4.4146717E-01   4.2662569E-01   1.2656261E+00
    7.3158124E-01   6.3125878E-01   6.0851501E-01   7.6683683E-01   7.3247686E-01
    4.8051067E-01   4.6443670E-01   1.1986091E+00   1.1750729E+00   6.6267408E-01
    7.4569327E-01   5.6439579E-01   1.3831560E+00   6.1090420E-01   6.3815638E-01
    7.9460926E-01   6.9752841E-01   1.5127622E+00   7.0344964E-01   9.2798708E-01
    1.0202564E+00   1.7426034E+00   1.1679010E+00   7.8517703E-01   9.4599481E-01
    8.6362516E-01   1.7261140E+00   6.9976188E-01   8.1418784E-01   7.3241622E-01
    7.5354320E-01   1.3669843E+00   1.6763536E+00   9.3809671E-01   8.1617604E-01
    7.9314169E-01   1.1998425E+00   1.5524363E+00   1.3910457E+00   1.2893321E+00
    1.2485627E+00   1.2128108E+00   1.1970484E+00   1.1952629E+00   1.1993185E+00
    1.2004141E+00

 2.5824859109E+02   2.0667638E+02   8.2810749E+11   1.5268917E+00   6.6870116E+04   2.8059078E+00   9.1517494E-01    36 
    4.6105632E-01   4.7749106E-01   4.6620204E-01   7.3207960E-01   7.2346029E-01
    4.8860258E-01   6.2465451E-01   5.4940607E-01   3.9274248E-01   3.5546686E-01
    1.4565929E+00   1.5074081E+00   4.4922014E-01   5.8327410E-01   5.6193567E-01
    5.4449331E-01   5.3650462E-01   4.2068461E-01   4.0849075E-01   1.1538719E+00
    7.0569942E-01   6.0938876E-01   5.8964238E-01   7.3532428E-01   7.0465300E-01
    4.6377620E-01   4.4982310E-01   1.1163109E+00   1.1372502E+00   6.5125316E-01
    7.1652642E-01   5.5066353E-01   1.3050067E+00   5.9272360E-01   6.2745482E-01
    7.6447103E-01   6.8798323E-01   1.4388314E+00   6.9335133E-01   9.0363761E-01
    1.0065005E+00   1.6681792E+00   1.1566858E+00   7.8144939E-01   9.2182232E-01
    8.3914838E-01   1.6557459E+00   7.0364536E-01   8.0041658E-01   7.2411974E-01
    7.5314545E-01   1.3644905E+00   1.6069197E+00   9.2235365E-01   8.0932345E-01
    8.0034535E-01   1.1970230E+00   1.4947959E+00   1.3561231E+00   1.2694446E+00
    1.2328345E+00   1.2032857E+00   1.1899901E+00   1.1880488E+00   1.1906692E+00
    1.1913691E+00

 2.5809605204E+02   1.1709617E+02   1.1318065E+12   1.5098511E+00   1.1228190E+05   2.0028853E+00   9.3864616E-01    37 
    3.7824885E-01   3.9145767E-01   3.8340775E-01   5.8169163E-01   5.8167609E-01
    4.4043716E-01   5.4892501E-01   4.8999818E-01   3.6441129E-01   3.3336874E-01
    1.2459875E+00   1.3059534E+00   4.3248813E-01   5.4758983E-01   5.1281576E-01
    5.1319497E-01   5.0424282E-01   4.0123850E-01   3.9318014E-01   1.0445657E+00
    6.7672178E-01   5.8079373E-01   5.6499492E-01   6.9698448E-01   6.7074567E-01
    4.4762417E-01   4.3706488E-01   1.0364335E+00   1.1024760E+00   6.3612733E-01
    6.8109097E-01   5.3729129E-01   1.2285617E+00   5.7037657E-01   6.1217338E-01
    7.3232886E-01   6.8027909E-01   1.3656416E+00   6.8110089E-01   8.7817965E-01
    9.9472540E-01   1.5950010E+00   1.1501737E+00   7.7582423E-01   8.9778790E-01
    8.1878192E-01   1.5868375E+00   7.0919545E-01   7.8271747E-01   7.0993655E-01
    7.5293004E-01   1.3624218E+00   1.5398018E+00   9.0435918E-01   7.9978570E-01
    8.0810836E-01   1.1886719E+00   1.4398910E+00   1.3235194E+00   1.2515613E+00
    1.2199006E+00   1.1958517E+00   1.1847349E+00   1.1827478E+00   1.1843253E+00
    1.1847382E+00

 2.5794072451E+02   6.1780287E+01   1.5587791E+12   1.4911789E+00   1.9461060E+05   1.4285231E+00   9.5582357E-01    38 
    3.0264895E-01   3.1526128E-01   3.0892942E-01   4.4786655E-01   4.5762299E-01
    3.9289618E-01   4.7557027E-01   4.3354299E-01   3.3619775E-01   3.1219096E-01
    1.0448825E+00   1.1204372E+00   4.1555334E-01   5.0500190E-01   4.6067198E-01
    4.7420005E-01   4.6501112E-01   3.8253798E-01   3.8090785E-01   9.3883777E-01
    6.4106366E-01   5.4345972E-01   5.3266950E-01   6.4961650E-01   6.2873066E-01
    4.3130017E-01   4.2613364E-01   9.5914469E-01   1.0636765E+00   6.1564741E-01
    6.3932731E-01   5.2329691E-01   1.1538268E+00   5.4185293E-01   5.9120225E-01
    6.9826640E-01   6.7267374E-01   1.2931424E+00   6.6609865E-01   8.5150171E-01
    9.8311676E-01   1.5231224E+00   1.1434663E+00   7.6685678E-01   8.7306620E-01
    8.0173465E-01   1.5190676E+00   7.1528059E-01   7.5864383E-01   6.8872978E-01
    7.5145519E-01   1.3539041E+00   1.4748242E+00   8.8274685E-01   7.8720297E-01
    8.1497893E-01   1.1747159E+00   1.3874955E+00   1.2920734E+00   1.2339595E+00
    1.2075388E+00   1.1883238E+00   1.1791833E+00   1.1772917E+00   1.1781667E+00
    1.1783871E+00

 2.5778435347E+02   3.1801277E+01   2.1572608E+12   1.4724920E+00   3.3916193E+05   1.0186112E+00   9.6828544E-01    39 
    2.3950908E-01   2.5190958E-01   2.4693542E-01   3.4071407E-01   3.5973558E-01
    3.4604565E-01   4.0751715E-01   3.8059878E-01   3.0807532E-01   2.9118161E-01
    8.6708300E-01   9.6211169E-01   3.9499857E-01   4.5799397E-01   4.0934674E-01
    4.3036478E-01   4.2245894E-01   3.6540618E-01   3.7249485E-01   8.4346422E-01
    5.9964679E-01   5.0008960E-01   4.9515155E-01   5.9593513E-01   5.8168734E-01
    4.1534081E-01   4.1758192E-01   8.8859503E-01   1.0162958E+00   5.9151558E-01
    5.9556684E-01   5.0867003E-01   1.0841200E+00   5.0890671E-01   5.6676467E-01
    6.6519132E-01   6.6424081E-01   1.2239605E+00   6.5099764E-01   8.2543255E-01
    9.6964767E-01   1.4542070E+00   1.1298589E+00   7.5588093E-01   8.4839692E-01
    7.8796039E-01   1.4533979E+00   7.2131795E-01   7.3028577E-01   6.6466078E-01
    7.4981690E-01   1.3325443E+00   1.4124475E+00   8.5949089E-01   7.7479218E-01
    8.2205971E-01   1.1560486E+00   1.3376425E+00   1.2610085E+00   1.2153570E+00
    1.1940277E+00   1.1790190E+00   1.1716934E+00   1.1700191E+00   1.1704598E+00
    1.1705609E+00

 2.5762585201E+02   1.7026884E+01   2.9980057E+12   1.4568766E+00   5.7341571E+05   7.2531445E-01   9.7730714E-01    40 
    1.9587599E-01   2.0716035E-01   2.0394194E-01   2.6798427E-01   2.9353157E-01
    3.0482348E-01   3.5296094E-01   3.3725259E-01   2.8389086E-01   2.7324736E-01
    7.3008655E-01   8.4207404E-01   3.7131276E-01   4.1409249E-01   3.6600023E-01
    3.8911654E-01   3.8407787E-01   3.5217699E-01   3.6844366E-01   7.6793485E-01
    5.6001723E-01   4.5875859E-01   4.5912341E-01   5.4436583E-01   5.3738206E-01
    4.0278291E-01   4.1282023E-01   8.3126371E-01   9.6427350E-01   5.6931104E-01
    5.5750845E-01   4.9560519E-01   1.0248363E+00   4.7844020E-01   5.4463935E-01
    6.3841361E-01   6.5670358E-01   1.1625965E+00   6.4195802E-01   8.0428856E-01
    9.5426344E-01   1.3906712E+00   1.1064536E+00   7.4746136E-01   8.2739409E-01
    7.7941643E-01   1.3917543E+00   7.2895730E-01   7.0495287E-01   6.4579261E-01
    7.5210513E-01   1.2981969E+00   1.3540735E+00   8.4011789E-01   7.6836023E-01
    8.3282225E-01   1.1356083E+00   1.2913084E+00   1.2309316E+00   1.1960528E+00
    1.1793062E+00   1.1678796E+00   1.1621770E+00   1.1607815E+00   1.1609730E+00
    1.1610036E+00

 2.5746452334E+02   1.0228247E+01   4.1680219E+12   1.4477925E+00   9.0118699E+05   5.1707969E-01   9.8376612E-01    41 
    1.7507193E-01   1.8452909E-01   1.8328315E-01   2.2977942E-01   2.5854983E-01
    2.7668676E-01   3.1955946E-01   3.1053381E-01   2.6937251E-01   2.6336969E-01
    6.4267271E-01   7.6395708E-01   3.4913987E-01   3.8234375E-01   3.3746624E-01
    3.5954620E-01   3.5771147E-01   3.4434738E-01   3.6711562E-01   7.1797907E-01
    5.3359404E-01   4.2953062E-01   4.3279566E-01   5.0553748E-01   5.0450915E-01
    3.9765057E-01   4.1324117E-01   7.9071560E-01   9.1840912E-01   5.5616382E-01
    5.3274634E-01   4.8793156E-01   9.7848302E-01   4.6030995E-01   5.3205654E-01
    6.2347874E-01   6.5386675E-01   1.1110509E+00   6.4532769E-01   7.9298887E-01
    9.3982342E-01   1.3314896E+00   1.0770073E+00   7.4714765E-01   8.1521710E-01
    7.7909007E-01   1.3338917E+00   7.4114969E-01   6.9160624E-01   6.4035607E-01
    7.6292567E-01   1.2564848E+00   1.2999343E+00   8.3066621E-01   7.7317514E-01
    8.4989882E-01   1.1164649E+00   1.2487370E+00   1.2022688E+00   1.1763902E+00
    1.1635442E+00   1.1550560E+00   1.1507227E+00   1.1496028E+00   1.1496590E+00
    1.1496504E+00

 2.5729768658E+02   7.4144341E+00   5.7935076E+12   1.4478837E+00   1.2681449E+06   3.6907462E-01   9.8838423E-01    42 
    1.7766221E-01   1.8500533E-01   1.8567909E-01   2.2164482E-01   2.5086836E-01
    2.6859126E-01   3.1100094E-01   3.0455503E-01   2.6996291E-01   2.6654794E-01
    6.0076950E-01   7.2176609E-01   3.3675372E-01   3.7013502E-01   3.2795775E-01
    3.4842230E-01   3.4845522E-01   3.4346196E-01   3.6756940E-01   6.9146178E-01
    5.3045498E-01   4.2054664E-01   4.2414184E-01   4.8695206E-01   4.8899478E-01
    4.0342050E-01   4.2032904E-01   7.6402706E-01   8.8849622E-01   5.5858173E-01
    5.2631128E-01   4.9082734E-01   9.4116406E-01   4.6253873E-01   5.3544843E-01
    6.2448044E-01   6.6033491E-01   1.0654588E+00   6.6542675E-01   7.9578213E-01
    9.3198937E-01   1.2700493E+00   1.0506920E+00   7.5961219E-01   8.1632224E-01
    7.8947106E-01   1.2751130E+00   7.6075617E-01   6.9720185E-01   6.5446003E-01
    7.8513775E-01   1.2129439E+00   1.2468758E+00   8.3490738E-01   7.9222533E-01
    8.7335475E-01   1.0989572E+00   1.2073839E+00   1.1732227E+00   1.1548309E+00
    1.1453322E+00   1.1392125E+00   1.1359959E+00   1.1351213E+00   1.1351043E+00
    1.1350752E+00

 2.5712001317E+02   7.3048825E+00   8.0693866E+12   1.4604792E+00   1.4975171E+06   2.6340406E-01   9.9169538E-01    43 
    2.0845033E-01   2.1333779E-01   2.1576820E-01   2.4394082E-01   2.6971270E-01
    2.8953763E-01   3.3219682E-01   3.2393214E-01   2.9350256E-01   2.8978241E-01
    5.9695067E-01   7.0428513E-01   3.4944424E-01   3.8711108E-01   3.4419345E-01
    3.6443600E-01   3.6339450E-01   3.6082312E-01   3.8019873E-01   6.8022023E-01
    5.6125281E-01   4.4233913E-01   4.4423953E-01   4.9705421E-01   4.9839018E-01
    4.2859766E-01   4.4157069E-01   7.4365836E-01   8.8136372E-01   5.8550890E-01
    5.4507649E-01   5.1284418E-01   9.0430527E-01   4.9353236E-01   5.6318377E-01
    6.4667919E-01   6.8159976E-01   1.0174250E+00   7.0781711E-01   8.1863082E-01
    9.3911058E-01   1.1962873E+00   1.0388968E+00   7.9045554E-01   8.3555979E-01
    8.1399192E-01   1.2074519E+00   7.9172216E-01   7.2865712E-01   6.9500928E-01
    8.2096034E-01   1.1689363E+00   1.1887705E+00   8.5558796E-01   8.2746219E-01
    9.0221768E-01   1.0802759E+00   1.1618896E+00   1.1393056E+00   1.1273203E+00
    1.1208378E+00   1.1166800E+00   1.1143980E+00   1.1137451E+00   1.1136880E+00
    1.1136496E+00

 2.5692298320E+02   1.1974094E+01   1.1304377E+13   1.4907539E+00   1.3204005E+06   1.8774134E-01   9.9407342E-01    44 
    2.8022008E-01   2.8233145E-01   2.8595256E-01   3.0632505E-01   3.2165637E-01
    3.5390060E-01   3.9178402E-01   3.7682859E-01   3.5104574E-01   3.4328512E-01
    6.2598011E-01   7.0297590E-01   4.0527507E-01   4.4593491E-01   3.9783817E-01
    4.2057779E-01   4.1449539E-01   4.1371296E-01   4.2221428E-01   6.7757757E-01
    6.3685091E-01   5.0789237E-01   5.0579957E-01   5.4643260E-01   5.4326425E-01
    4.8605271E-01   4.8990578E-01   7.2570353E-01   9.0028772E-01   6.4522716E-01
    5.9659262E-01   5.6235219E-01   8.6467071E-01   5.6216402E-01   6.2298288E-01
    6.9405288E-01   7.2086701E-01   9.6450378E-01   7.7553123E-01   8.6392694E-01
    9.6427918E-01   1.1097922E+00   1.0447503E+00   8.4174006E-01   8.7449172E-01
    8.5487845E-01   1.1303084E+00   8.3729159E-01   7.8850346E-01   7.6474140E-01
    8.6917757E-01   1.1238885E+00   1.1244902E+00   8.9155342E-01   8.7627471E-01
    9.3357491E-01   1.0579861E+00   1.1104463E+00   1.0984783E+00   1.0919113E+00
    1.0880986E+00   1.0855839E+00   1.0841052E+00   1.0836629E+00   1.0835936E+00
    1.0835570E+00

 2.5673735022E+02   3.1042388E+01   1.5027881E+13   1.5327507E+00   8.6608074E+05   1.4164514E-01   9.9552514E-01    45 
    3.7731171E-01   3.7784345E-01   3.8106413E-01   3.9558320E-01   4.0034723E-01
    4.4450435E-01   4.6920030E-01   4.4937445E-01   4.2658370E-01   4.1517719E-01
    6.6722479E-01   7.1791128E-01   4.8525982E-01   5.2573617E-01   4.7411050E-01
    4.9960563E-01   4.8846532E-01   4.8832067E-01   4.8778097E-01   6.8474604E-01
    7.2819168E-01   5.9400655E-01   5.8877346E-01   6.1557417E-01   6.0878702E-01
    5.5892858E-01   5.5564208E-01   7.1984680E-01   9.2767045E-01   7.1468889E-01
    6.6218113E-01   6.2541467E-01   8.3984254E-01   6.4362276E-01   6.9286399E-01
    7.4868136E-01   7.6545101E-01   9.2811576E-01   8.4073432E-01   9.0861480E-01
    9.8913164E-01   1.0439784E+00   1.0523979E+00   8.9070758E-01   9.1351397E-01
    8.9541777E-01   1.0710261E+00   8.8141298E-01   8.4890752E-01   8.3313137E-01
    9.1055368E-01   1.0871457E+00   1.0746950E+00   9.2495112E-01   9.1748642E-01
    9.5654472E-01   1.0383374E+00   1.0692946E+00   1.0640863E+00   1.0608725E+00
    1.0587832E+00   1.0573249E+00   1.0563938E+00   1.0561114E+00   1.0560541E+00
    1.0560264E+00

 2.5655891761E+02   1.1254094E+02   1.9166833E+13   1.5831633E+00   4.5618750E+05   1.1158218E-01   9.9647313E-01    46 
    4.8529344E-01   4.8549759E-01   4.8732902E-01   4.9906455E-01   5.0051063E-01
    5.4576187E-01   5.4799530E-01   5.3004622E-01   5.0698947E-01   4.9581652E-01
    7.0815867E-01   7.4480611E-01   5.7210578E-01   6.0957257E-01   5.5989627E-01
    5.8596758E-01   5.7304220E-01   5.7107773E-01   5.6839515E-01   7.0047345E-01
    8.1452881E-01   6.8228000E-01   6.7665456E-01   6.8855166E-01   6.8164721E-01
    6.3446760E-01   6.2997235E-01   7.2799821E-01   9.5203762E-01   7.8091107E-01
    7.2972174E-01   6.9314741E-01   8.3268836E-01   7.2287231E-01   7.6056890E-01
    8.0183808E-01   8.1021328E-01   9.1078962E-01   8.9325794E-01   9.4372126E-01
    1.0061973E+00   1.0025104E+00   1.0544751E+00   9.2946328E-01   9.4490642E-01
    9.2909536E-01   1.0317473E+00   9.1822989E-01   8.9844922E-01   8.8869153E-01
    9.4133365E-01   1.0589118E+00   1.0405687E+00   9.5062099E-01   9.4742142E-01
    9.7184949E-01   1.0232335E+00   1.0401366E+00   1.0387215E+00   1.0374039E+00
    1.0363486E+00   1.0355406E+00   1.0349726E+00   1.0348043E+00   1.0347664E+00
    1.0347490E+00

 2.5637825846E+02   5.4097034E+02   2.3835318E+13   1.6426080E+00   2.0069313E+05   9.0159470E-02   9.9714924E-01    47 
    6.0019153E-01   6.0033586E-01   6.0117941E-01   6.1119286E-01   6.1172763E-01
    6.5484294E-01   6.2437893E-01   6.1278261E-01   5.8877076E-01   5.8009724E-01
    7.4822206E-01   7.7150565E-01   6.6077029E-01   6.9447770E-01   6.5017260E-01
    6.7580594E-01   6.6308828E-01   6.5714003E-01   6.5461280E-01   7.1981827E-01
    8.9149983E-01   7.6867496E-01   7.6367181E-01   7.6184387E-01   7.5609116E-01
    7.0954453E-01   7.0580282E-01   7.4616782E-01   9.7396990E-01   8.4248797E-01
    7.9566748E-01   7.6112355E-01   8.3802655E-01   7.9704311E-01   8.2377861E-01
    8.5170715E-01   8.5347941E-01   9.0660050E-01   9.3468450E-01   9.7054503E-01
    1.0169281E+00   9.7833300E-01   1.0522100E+00   9.5966166E-01   9.6957098E-01
    9.5638206E-01   1.0067717E+00   9.4821060E-01   9.3857750E-01   9.3364896E-01
    9.6484153E-01   1.0379821E+00   1.0179630E+00   9.7090453E-01   9.7009247E-01
    9.8306739E-01   1.0126194E+00   1.0203009E+00   1.0209794E+00   1.0207305E+00
    1.0203037E+00   1.0199049E+00   1.0195830E+00   1.0194952E+00   1.0194761E+00
    1.0194675E+00

 2.5618907044E+02   3.2847823E+03   2.9154632E+13   1.7123082E+00   7.4958434E+04   7.4016518E-02   9.9765903E-01    48 
    7.1326365E-01   7.1331932E-01   7.1377112E-01   7.2259620E-01   7.2242315E-01
    7.6389869E-01   6.9263317E-01   6.9057892E-01   6.6550218E-01   6.6045751E-01
    7.8841716E-01   7.9780431E-01   7.4120014E-01   7.7353270E-01   7.3662162E-01
    7.6201990E-01   7.5068138E-01   7.3949292E-01   7.3752738E-01   7.4291882E-01
    9.5297086E-01   8.4629443E-01   8.4212976E-01   8.2958338E-01   8.2520201E-01
    7.7919373E-01   7.7652720E-01   7.7267927E-01   9.9196715E-01   8.9599888E-01
    8.5554498E-01   8.2450483E-01   8.5316826E-01   8.6169855E-01   8.7891884E-01
    8.9568744E-01   8.9292993E-01   9.1204993E-01   9.6490879E-01   9.8903262E-01
    1.0216103E+00   9.6733749E-01   1.0459245E+00   9.8140650E-01   9.8729170E-01
    9.7688342E-01   9.9291823E-01   9.7097159E-01   9.6907126E-01   9.6800936E-01
    9.8218068E-01   1.0232569E+00   1.0044541E+00   9.8630081E-01   9.8681453E-01
    9.9147489E-01   1.0060184E+00   1.0080397E+00   1.0096985E+00   1.0099894E+00
    1.0099208E+00   1.0097679E+00   1.0096069E+00   1.0095723E+00   1.0095677E+00
    1.0095654E+00

 2.5598630709E+02   2.3019372E+04   3.5305093E+13   1.7932680E+00   2.4233470E+04   6.1326570E-02   9.9805998E-01    49 
    8.1036783E-01   8.1040296E-01   8.1063468E-01   8.1940456E-01   8.1934629E-01
    8.5875728E-01   7.4623218E-01   7.5731509E-01   7.2959277E-01   7.2958589E-01
    8.3715579E-01   8.3778687E-01   7.9757754E-01   8.3486580E-01   8.0639223E-01
    8.3364292E-01   8.2469444E-01   8.0941637E-01   8.0875989E-01   7.7734060E-01
    9.9034990E-01   9.0510507E-01   9.0194630E-01   8.8365132E-01   8.8083054E-01
    8.3725590E-01   8.3610844E-01   8.0849641E-01   1.0018144E+00   9.3606241E-01
    9.0392252E-01   8.7812575E-01   8.7715918E-01   9.1137315E-01   9.2166581E-01
    9.3081310E-01   9.2616844E-01   9.2554432E-01   9.8307158E-01   9.9856862E-01
    1.0201605E+00   9.6707557E-01   1.0357829E+00   9.9403643E-01   9.9733667E-01
    9.8983374E-01   9.8813351E-01   9.8580101E-01   9.8829686E-01   9.8982146E-01
    9.9306595E-01   1.0136148E+00   9.9826210E-01   9.9596190E-01   9.9707152E-01
    9.9697036E-01   1.0025920E+00   1.0018830E+00   1.0036981E+00   1.0041583E+00
    1.0042489E+00   1.0042201E+00   1.0041519E+00   1.0041464E+00   1.0041500E+00
    1.0041512E+00

 2.5576581830E+02   1.6204312E+05   4.2598749E+13   1.8854078E+00   7.0882844E+03   5.0964184E-02   9.9838750E-01    50 
    8.8016059E-01   8.8018271E-01   8.8030665E-01   8.8937415E-01   8.8919847E-01
    9.2647193E-01   7.9293030E-01   8.2306702E-01   7.8631064E-01   7.9597897E-01
    8.9700762E-01   8.9569115E-01   8.2928371E-01   8.7327923E-01   8.5445051E-01
    8.8391919E-01   8.7842558E-01   8.6176289E-01   8.6323290E-01   8.2408841E-01
    1.0076893E+00   9.4229850E-01   9.4043053E-01   9.2083248E-01   9.1977470E-01
    8.8103935E-01   8.8186528E-01   8.5021567E-01   1.0050674E+00   9.6192900E-01
    9.3867067E-01   9.1921716E-01   9.0545502E-01   9.4524292E-01   9.5113562E-01
    9.5611924E-01   9.5172444E-01   9.4271800E-01   9.9200565E-01   1.0016980E+00
    1.0154286E+00   9.7285242E-01   1.0249158E+00   9.9957059E-01   1.0014265E+00
    9.9652802E-01   9.8876855E-01   9.9396106E-01   9.9726644E-01   9.9964479E-01
    9.9844203E-01   1.0078078E+00   9.9658329E-01   1.0001769E+00   1.0012937E+00
    9.9969604E-01   1.0010956E+00   9.9955584E-01   1.0010766E+00   1.0015071E+00
    1.0016365E+00   1.0016552E+00   1.0016324E+00   1.0016384E+00   1.0016446E+00
    1.0016470E+00

 2.5552453137E+02   1.0096353E+06   5.1539284E+13   1.9876556E+00   2.0007946E+03   4.2223618E-02   9.9866386E-01    51 
    9.2438987E-01   9.2437377E-01   9.2447945E-01   9.3291824E-01   9.3249259E-01
    9.6736888E-01   8.6256266E-01   8.9997832E-01   8.5766010E-01   8.7474673E-01
    9.3946213E-01   9.3860419E-01   8.6628927E-01   9.0434750E-01   8.9651755E-01
    9.1973475E-01   9.1816010E-01   9.0003309E-01   9.0304011E-01   8.6335450E-01
    1.0170791E+00   9.6694849E-01   9.6610968E-01   9.4699955E-01   9.4704052E-01
    9.1482877E-01   9.1686842E-01   8.8519852E-01   1.0085850E+00   9.7971618E-01
    9.6313636E-01   9.4923470E-01   9.2860317E-01   9.6893385E-01   9.7146349E-01
    9.7370906E-01   9.7000140E-01   9.5671168E-01   9.9769527E-01   1.0033700E+00
    1.0118075E+00   9.7830113E-01   1.0173988E+00   1.0026096E+00   1.0035596E+00
    1.0004758E+00   9.9015018E-01   9.9895765E-01   1.0011331E+00   1.0030785E+00
    1.0010990E+00   1.0043274E+00   9.9607489E-01   1.0015348E+00   1.0023077E+00
    1.0007975E+00   1.0002916E+00   9.9842931E-01   9.9964538E-01   1.0000216E+00
    1.0001573E+00   1.0001976E+00   1.0001991E+00   1.0002104E+00   1.0002172E+00
    1.0002200E+00

 2.5526097279E+02   5.3882370E+06   6.2765583E+13   2.0997019E+00   5.6792404E+02   3.4750546E-02   9.9890020E-01    52 
    9.4970619E-01   9.4966731E-01   9.4976383E-01   9.5605123E-01   9.5567270E-01
    9.8265133E-01   9.3404233E-01   9.5183009E-01   9.3035743E-01   9.4183777E-01
    9.6986815E-01   9.6966265E-01   9.0633204E-01   9.3323623E-01   9.3361865E-01
    9.4614015E-01   9.4682213E-01   9.2928287E-01   9.3135854E-01   9.0394386E-01
    1.0122171E+00   9.7986174E-01   9.7900135E-01   9.6465113E-01   9.6440737E-01
    9.4204076E-01   9.4331531E-01   9.1747189E-01   1.0067728E+00   9.8896156E-01
    9.7849177E-01   9.6973923E-01   9.4923774E-01   9.8305449E-01   9.8380309E-01
    9.8474978E-01   9.8217490E-01   9.6920998E-01   9.9960557E-01   1.0027261E+00
    1.0076425E+00   9.8400003E-01   1.0107197E+00   1.0029295E+00   1.0034277E+00
    1.0017314E+00   9.9228519E-01   1.0009679E+00   1.0015621E+00   1.0028061E+00
    1.0014665E+00   1.0020670E+00   9.9645853E-01   1.0011537E+00   1.0015753E+00
    1.0007163E+00   9.9982943E-01   9.9816296E-01   9.9904446E-01   9.9933917E-01
    9.9945675E-01   9.9949968E-01   9.9951123E-01   9.9952333E-01   9.9952964E-01
    9.9953219E-01

 2.5497547992E+02   2.5291926E+07   7.6889026E+13   2.2223241E+00   1.6534507E+02   2.8432810E-02   9.9910005E-01    53 
    9.6703444E-01   9.6700135E-01   9.6706816E-01   9.7051869E-01   9.7031946E-01
    9.8801126E-01   9.7402291E-01   9.7420659E-01   9.7542419E-01   9.7845197E-01
    9.8834499E-01   9.8823651E-01   9.4031635E-01   9.5738884E-01   9.6164932E-01
    9.6713206E-01   9.6849367E-01   9.5708320E-01   9.5771152E-01   9.4795291E-01
    9.9854806E-01   9.8482347E-01   9.8379641E-01   9.7687834E-01   9.7620065E-01
    9.6407950E-01   9.6430123E-01   9.4900586E-01   1.0022222E+00   9.9296005E-01
    9.8772519E-01   9.8321534E-01   9.6824011E-01   9.9031340E-01   9.9046168E-01
    9.9093055E-01   9.8944223E-01   9.8048293E-01   9.9905059E-01   1.0006763E+00
    1.0033133E+00   9.8965941E-01   1.0047636E+00   1.0016229E+00   1.0019495E+00
    1.0012734E+00   9.9481704E-01   1.0009926E+00   1.0006479E+00   1.0013751E+00
    1.0007974E+00   1.0007003E+00   9.9741634E-01   1.0003582E+00   1.0005875E+00
    1.0002863E+00   9.9968524E-01   9.9850156E-01   9.9906231E-01   9.9926395E-01
    9.9934970E-01   9.9938379E-01   9.9939617E-01   9.9940609E-01   9.9941095E-01
    9.9941290E-01

 2.5466985573E+02   1.0763818E+08   9.4215513E+13   2.3564582E+00   4.9602542E+01   2.3260038E-02   9.9926372E-01    54 
    9.8055165E-01   9.8053220E-01   9.8056901E-01   9.8207214E-01   9.8200619E-01
    9.9357060E-01   9.9113729E-01   9.8641791E-01   9.9223780E-01   9.9169999E-01
    9.9555608E-01   9.9547160E-01   9.6996219E-01   9.7740555E-01   9.8207864E-01
    9.8442400E-01   9.8572131E-01   9.8194236E-01   9.8195687E-01   9.8039764E-01
    9.8926908E-01   9.8815638E-01   9.8732860E-01   9.8613850E-01   9.8549912E-01
    9.8063720E-01   9.8049321E-01   9.7452236E-01   9.9944809E-01   9.9535176E-01
    9.9330720E-01   9.9141005E-01   9.8289796E-01   9.9437374E-01   9.9423953E-01
    9.9437950E-01   9.9356055E-01   9.8904320E-01   9.9835459E-01   9.9909666E-01
    1.0003496E+00   9.9406762E-01   1.0008581E+00   1.0003569E+00   1.0005760E+00
    1.0004656E+00   9.9692149E-01   1.0004184E+00   9.9997208E-01   1.0003422E+00
    1.0002136E+00   1.0000375E+00   9.9837930E-01   9.9991963E-01   1.0000659E+00
    1.0000372E+00   9.9973447E-01   9.9900747E-01   9.9933256E-01   9.9945830E-01
    9.9951428E-01   9.9953761E-01   9.9954727E-01   9.9955422E-01   9.9955747E-01
    9.9955875E-01

 2.5434618866E+02   4.1541197E+08   1.1470292E+14   2.5026227E+00   1.5379946E+01   1.9156270E-02   9.9939358E-01    55 
    9.9054708E-01   9.9053613E-01   9.9055602E-01   9.9120347E-01   9.9119220E-01
    9.9843979E-01   9.9854021E-01   9.9475270E-01   9.9851865E-01   9.9764058E-01
    9.9960798E-01   9.9956581E-01   9.8967857E-01   9.9198442E-01   9.9483796E-01
    9.9544702E-01   9.9619442E-01   9.9560779E-01   9.9553026E-01   9.9512197E-01
    9.8881389E-01   9.9248939E-01   9.9197042E-01   9.9326044E-01   9.9286953E-01
    9.9185082E-01   9.9170746E-01   9.9024703E-01   9.9889417E-01   9.9726911E-01
    9.9652302E-01   9.9574710E-01   9.9202183E-01   9.9695193E-01   9.9663792E-01
    9.9650372E-01   9.9600968E-01   9.9443619E-01   9.9835976E-01   9.9862178E-01
    9.9914515E-01   9.9685329E-01   9.9922777E-01   9.9975061E-01   9.9988027E-01
    9.9998051E-01   9.9829398E-01   1.0000122E+00   9.9973325E-01   9.9985381E-01
    9.9990747E-01   9.9978766E-01   9.9905452E-01   9.9977138E-01   9.9986876E-01
    9.9993428E-01   9.9979875E-01   9.9939842E-01   9.9957843E-01   9.9965384E-01
    9.9968881E-01   9.9970407E-01   9.9971090E-01   9.9971549E-01   9.9971754E-01
    9.9971834E-01

 2.5400551299E+02   1.3978124E+09   1.3774925E+14   2.6615804E+00   4.9140178E+00   1.6003902E-02   9.9949334E-01    56 
    9.9569413E-01   9.9568712E-01   9.9569941E-01   9.9600977E-01   9.9601536E-01
    1.0005421E+00   1.0008382E+00   9.9873393E-01   1.0008089E+00   1.0002876E+00
    1.0011410E+00   1.0011304E+00   9.9844664E-01   9.9915453E-01   1.0002306E+00
    1.0002554E+00   1.0005157E+00   1.0006088E+00   1.0005478E+00   1.0003001E+00
    9.9352683E-01   9.9665300E-01   9.9643613E-01   9.9767709E-01   9.9752677E-01
    9.9770190E-01   9.9762977E-01   9.9756540E-01   9.9926757E-01   9.9866098E-01
    9.9834454E-01   9.9799525E-01   9.9699662E-01   9.9863779E-01   9.9832862E-01
    9.9814037E-01   9.9787775E-01   9.9760515E-01   9.9888907E-01   9.9894931E-01
    9.9914048E-01   9.9854666E-01   9.9910208E-01   9.9967470E-01   9.9974335E-01
    9.9986170E-01   9.9917159E-01   9.9990051E-01   9.9974580E-01   9.9973957E-01
    9.9982105E-01   9.9978830E-01   9.9952135E-01   9.9978591E-01   9.9984975E-01
    9.9992340E-01   9.9987957E-01   9.9968976E-01   9.9977957E-01   9.9982050E-01
    9.9984009E-01   9.9984896E-01   9.9985304E-01   9.9985573E-01   9.9985687E-01
    9.9985732E-01

 2.5364649552E+02   3.7404234E+09   1.6220996E+14   2.8347143E+00   1.6104923E+00   1.3663622E-02   9.9956742E-01    57 
    9.9713337E-01   9.9712787E-01   9.9713724E-01   9.9731457E-01   9.9732373E-01
    1.0003640E+00   1.0005848E+00   9.9944569E-01   1.0006472E+00   1.0003444E+00
    1.0006659E+00   1.0006684E+00   1.0007812E+00   1.0010725E+00   1.0013788E+00
    1.0012996E+00   1.0013639E+00   1.0014439E+00   1.0013978E+00   1.0012281E+00
    9.9735656E-01   9.9900864E-01   9.9897703E-01   9.9955054E-01   9.9952686E-01
    9.9972300E-01   9.9969606E-01   9.9979149E-01   9.9983534E-01   9.9958179E-01
    9.9943437E-01   9.9928662E-01   9.9918569E-01   9.9962704E-01   9.9943435E-01
    9.9931107E-01   9.9919970E-01   9.9921112E-01   9.9954263E-01   9.9955037E-01
    9.9962172E-01   9.9948128E-01   9.9959301E-01   9.9986684E-01   9.9990296E-01
    9.9997568E-01   9.9969571E-01   1.0000020E+00   9.9987993E-01   9.9984209E-01
    9.9987910E-01   9.9990755E-01   9.9982626E-01   9.9988699E-01   9.9992774E-01
    9.9997228E-01   9.9996738E-01   9.9989262E-01   9.9992909E-01   9.9994712E-01
    9.9995580E-01   9.9995976E-01   9.9996152E-01   9.9996269E-01   9.9996316E-01
    9.9996334E-01

 2.5326392092E+02   7.2440226E+09   1.8677992E+14   3.0235660E+00   5.4125739E-01   1.2011783E-02   9.9961970E-01    58 
    9.9711659E-01   9.9711053E-01   9.9712050E-01   9.9725880E-01   9.9726579E-01
    9.9962898E-01   9.9982994E-01   9.9906976E-01   9.9987374E-01   9.9965830E-01
    9.9979805E-01   9.9980165E-01   1.0008719E+00   1.0010224E+00   1.0011116E+00
    1.0010392E+00   1.0010491E+00   1.0010543E+00   1.0010163E+00   1.0008853E+00
    9.9920320E-01   9.9994434E-01   9.9995547E-01   1.0001452E+00   1.0001457E+00
    1.0002151E+00   1.0002000E+00   1.0002511E+00   1.0000631E+00   9.9999249E-01
    9.9993793E-01   9.9988468E-01   9.9992388E-01   1.0000347E+00   9.9994700E-01
    9.9988328E-01   9.9983813E-01   9.9984834E-01   9.9993877E-01   9.9994256E-01
    9.9997476E-01   9.9989153E-01   9.9996887E-01   1.0000283E+00   1.0000512E+00
    1.0000888E+00   9.9994263E-01   1.0001054E+00   1.0000009E+00   9.9997277E-01
    9.9996117E-01   1.0000073E+00   9.9997851E-01   9.9998175E-01   1.0000070E+00
    1.0000202E+00   1.0000250E+00   9.9999657E-01   1.0000068E+00   1.0000122E+00
    1.0000146E+00   1.0000156E+00   1.0000159E+00   1.0000162E+00   1.0000162E+00
    1.0000163E+00

 2.5284580367E+02   1.0350395E+10   2.1128589E+14   3.2296921E+00   1.8793438E-01   1.0949987E-02   9.9965331E-01    59 
    9.9722842E-01   9.9722174E-01   9.9723314E-01   9.9736179E-01   9.9736570E-01
    9.9929452E-01   9.9954529E-01   9.9891519E-01   9.9955021E-01   9.9937257E-01
    9.9947513E-01   9.9947535E-01   1.0005221E+00   1.0006531E+00   1.0006526E+00
    1.0006707E+00   1.0006552E+00   1.0006363E+00   1.0006014E+00   1.0005143E+00
    1.0000859E+00   1.0002796E+00   1.0002942E+00   1.0003191E+00   1.0003146E+00
    1.0003109E+00   1.0002962E+00   1.0003019E+00   1.0000164E+00   1.0000979E+00
    1.0001232E+00   1.0001149E+00   1.0001247E+00   1.0001675E+00   1.0001297E+00
    1.0000936E+00   1.0000721E+00   1.0000569E+00   1.0000912E+00   1.0000959E+00
    1.0001070E+00   1.0000308E+00   1.0001072E+00   1.0000945E+00   1.0001085E+00
    1.0001268E+00   1.0000276E+00   1.0001371E+00   1.0000653E+00   1.0000551E+00
    1.0000294E+00   1.0000485E+00   1.0000298E+00   1.0000341E+00   1.0000473E+00
    1.0000399E+00   1.0000427E+00   1.0000296E+00   1.0000293E+00   1.0000290E+00
    1.0000286E+00   1.0000283E+00   1.0000281E+00   1.0000279E+00   1.0000278E+00
    1.0000278E+00

 2.5236848945E+02   1.2203256E+10   2.3656566E+14   3.4543780E+00   6.8143786E-02   1.0369384E-02   9.9967169E-01    60 
    9.9759972E-01   9.9759539E-01   9.9760488E-01   9.9771080E-01   9.9771705E-01
    9.9933813E-01   9.9965087E-01   9.9908845E-01   9.9967342E-01   9.9951925E-01
    9.9961890E-01   9.9961872E-01   1.0003265E+00   1.0004251E+00   1.0003948E+00
    1.0004747E+00   1.0004477E+00   1.0004142E+00   1.0003835E+00   1.0003364E+00
    1.0003746E+00   1.0003500E+00   1.0003633E+00   1.0003384E+00   1.0003286E+00
    1.0003010E+00   1.0002867E+00   1.0002650E+00   9.9998565E-01   1.0001000E+00
    1.0001432E+00   1.0001449E+00   1.0001309E+00   1.0001556E+00   1.0001378E+00
    1.0001127E+00   1.0000995E+00   1.0000780E+00   1.0000934E+00   1.0000937E+00
    1.0000926E+00   1.0000402E+00   1.0000903E+00   1.0000787E+00   1.0000812E+00
    1.0000867E+00   1.0000268E+00   1.0000909E+00   1.0000644E+00   1.0000616E+00
    1.0000418E+00   1.0000340E+00   1.0000219E+00   1.0000353E+00   1.0000409E+00
    1.0000287E+00   1.0000264E+00   1.0000189E+00   1.0000170E+00   1.0000158E+00
    1.0000152E+00   1.0000149E+00   1.0000147E+00   1.0000145E+00   1.0000145E+00
    1.0000144E+00

 2.5179002090E+02   1.3359527E+10   2.6370423E+14   3.7009715E+00   2.5800378E-02   9.9084068E-03   9.9968629E-01    61 
    9.9786751E-01   9.9786643E-01   9.9787404E-01   9.9797432E-01   9.9798228E-01
    9.9940505E-01   9.9977611E-01   9.9925605E-01   9.9984146E-01   9.9970119E-01
    9.9979422E-01   9.9979279E-01   1.0001665E+00   1.0002595E+00   1.0002057E+00
    1.0003183E+00   1.0002822E+00   1.0002396E+00   1.0002114E+00   1.0001931E+00
    1.0003411E+00   1.0002719E+00   1.0002719E+00   1.0002521E+00   1.0002278E+00
    1.0001992E+00   1.0001815E+00   1.0001537E+00   9.9997517E-01   1.0000519E+00
    1.0000791E+00   1.0000723E+00   1.0000560E+00   1.0000796E+00   1.0000672E+00
    1.0000478E+00   1.0000373E+00   1.0000236E+00   1.0000323E+00   1.0000285E+00
    1.0000231E+00   9.9999892E-01   1.0000177E+00   1.0000223E+00   1.0000168E+00
    1.0000151E+00   9.9999308E-01   1.0000144E+00   1.0000273E+00   1.0000255E+00
    1.0000130E+00   9.9999583E-01   9.9999247E-01   1.0000091E+00   1.0000109E+00
    1.0000038E+00   9.9999779E-01   9.9999306E-01   9.9999356E-01   9.9999390E-01
    9.9999417E-01   9.9999444E-01   9.9999458E-01   9.9999463E-01   9.9999467E-01
    9.9999467E-01

 2.5105691671E+02   1.4893203E+10   2.9936149E+14   3.9699778E+00   1.0531112E-02   9.0749369E-03   9.9971267E-01    62 
    9.9843256E-01   9.9843155E-01   9.9843872E-01   9.9852134E-01   9.9852659E-01
    9.9952638E-01   9.9977529E-01   9.9947157E-01   9.9989760E-01   9.9981135E-01
    9.9986642E-01   9.9986392E-01   1.0000151E+00   1.0000893E+00   1.0000327E+00
    1.0001294E+00   1.0001053E+00   1.0000763E+00   1.0000586E+00   1.0000555E+00
    1.0001350E+00   1.0001085E+00   1.0000990E+00   1.0001063E+00   1.0000739E+00
    1.0000642E+00   1.0000474E+00   1.0000337E+00   9.9994758E-01   9.9998936E-01
    1.0000025E+00   9.9999451E-01   9.9998815E-01   9.9999900E-01   9.9999607E-01
    9.9998754E-01   9.9998219E-01   9.9997910E-01   9.9998482E-01   9.9998368E-01
    9.9998230E-01   9.9997450E-01   9.9997783E-01   9.9998921E-01   9.9998323E-01
    9.9998030E-01   9.9997761E-01   9.9997849E-01   9.9999903E-01   9.9999897E-01
    9.9999479E-01   9.9998041E-01   9.9998130E-01   9.9999381E-01   9.9999442E-01
    9.9999333E-01   9.9998706E-01   9.9998432E-01   9.9998630E-01   9.9998744E-01
    9.9998810E-01   9.9998856E-01   9.9998885E-01   9.9998900E-01   9.9998908E-01
    9.9998910E-01

 2.5014486927E+02   1.7644171E+10   3.5731097E+14   4.2628593E+00   4.8029928E-03   7.7596627E-03   9.9975431E-01    63 
    9.9903123E-01   9.9903076E-01   9.9903594E-01   9.9910129E-01   9.9910264E-01
    9.9964971E-01   9.9977279E-01   9.9965818E-01   9.9989522E-01   9.9985775E-01
    9.9987719E-01   9.9987317E-01   9.9994368E-01   9.9999514E-01   9.9994824E-01
    1.0000128E+00   1.0000002E+00   9.9998381E-01   9.9997497E-01   9.9997707E-01
    1.0000215E+00   1.0000172E+00   1.0000077E+00   1.0000214E+00   9.9999671E-01
    9.9999409E-01   9.9998279E-01   9.9997937E-01   9.9996471E-01   9.9997872E-01
    9.9998083E-01   9.9997333E-01   9.9997144E-01   9.9997772E-01   9.9997898E-01
    9.9997648E-01   9.9997413E-01   9.9997490E-01   9.9998017E-01   9.9998117E-01
    9.9998233E-01   9.9997955E-01   9.9997953E-01   9.9998916E-01   9.9998553E-01
    9.9998339E-01   9.9998445E-01   9.9998208E-01   9.9999532E-01   9.9999626E-01
    9.9999644E-01   9.9998708E-01   9.9998811E-01   9.9999592E-01   9.9999610E-01
    9.9999715E-01   9.9999189E-01   9.9999062E-01   9.9999220E-01   9.9999305E-01
    9.9999350E-01   9.9999380E-01   9.9999398E-01   9.9999409E-01   9.9999414E-01
    9.9999415E-01

 2.4907895991E+02   2.2190281E+10   4.5051994E+14   4.5814117E+00   2.4691992E-03   6.2370537E-03   9.9980251E-01    64 
    9.9943560E-01   9.9943823E-01   9.9943983E-01   9.9949832E-01   9.9949660E-01
    9.9975413E-01   9.9983540E-01   9.9978826E-01   9.9991014E-01   9.9989255E-01
    9.9990100E-01   9.9989522E-01   9.9992984E-01   9.9996684E-01   9.9992812E-01
    9.9997224E-01   9.9996116E-01   9.9995388E-01   9.9994805E-01   9.9995269E-01
    9.9997518E-01   9.9998198E-01   9.9997514E-01   9.9998664E-01   9.9997348E-01
    9.9997141E-01   9.9996508E-01   9.9996588E-01   9.9997920E-01   9.9998153E-01
    9.9998005E-01   9.9997419E-01   9.9997412E-01   9.9997997E-01   9.9998136E-01
    9.9998084E-01   9.9997947E-01   9.9998125E-01   9.9998621E-01   9.9998733E-01
    9.9998869E-01   9.9998738E-01   9.9998713E-01   9.9999324E-01   9.9999149E-01
    9.9999044E-01   9.9999128E-01   9.9998970E-01   9.9999675E-01   9.9999737E-01
    9.9999894E-01   9.9999321E-01   9.9999379E-01   9.9999830E-01   9.9999820E-01
    9.9999942E-01   9.9999605E-01   9.9999537E-01   9.9999633E-01   9.9999682E-01
    9.9999708E-01   9.9999724E-01   9.9999734E-01   9.9999739E-01   9.9999742E-01
    9.9999742E-01

 2.4790286243E+02   2.9221204E+10   5.9380658E+14   4.9272097E+00   1.4259633E-03   4.7861628E-03   9.9984845E-01    65 
    9.9967518E-01   9.9968032E-01   9.9967928E-01   9.9972905E-01   9.9972540E-01
    9.9983631E-01   9.9989533E-01   9.9986996E-01   9.9993337E-01   9.9992320E-01
    9.9993150E-01   9.9992420E-01   9.9994894E-01   9.9997222E-01   9.9994355E-01
    9.9997099E-01   9.9996097E-01   9.9995883E-01   9.9995433E-01   9.9995899E-01
    9.9997356E-01   9.9997974E-01   9.9997627E-01   9.9998172E-01   9.9997668E-01
    9.9997410E-01   9.9997117E-01   9.9997279E-01   9.9998694E-01   9.9998776E-01
    9.9998606E-01   9.9998232E-01   9.9998272E-01   9.9998766E-01   9.9998832E-01
    9.9998808E-01   9.9998723E-01   9.9998876E-01   9.9999170E-01   9.9999241E-01
    9.9999309E-01   9.9999305E-01   9.9999226E-01   9.9999563E-01   9.9999501E-01
    9.9999476E-01   9.9999540E-01   9.9999440E-01   9.9999819E-01   9.9999843E-01
    9.9999957E-01   9.9999663E-01   9.9999683E-01   9.9999929E-01   9.9999914E-01
    9.9999977E-01   9.9999800E-01   9.9999769E-01   9.9999821E-01   9.9999847E-01
    9.9999861E-01   9.9999869E-01   9.9999874E-01   9.9999876E-01   9.9999877E-01
    9.9999878E-01

 2.4662281099E+02   3.9935859E+10   8.1186080E+14   5.3132361E+00   9.0732226E-04   3.5401934E-03   9.9988790E-01    66 
    9.9981975E-01   9.9982556E-01   9.9982327E-01   9.9985906E-01   9.9985440E-01
    9.9990405E-01   9.9994056E-01   9.9992679E-01   9.9995976E-01   9.9995266E-01
    9.9996090E-01   9.9995245E-01   9.9997353E-01   9.9998621E-01   9.9996778E-01
    9.9998288E-01   9.9997578E-01   9.9997572E-01   9.9997249E-01   9.9997570E-01
    9.9998243E-01   9.9998733E-01   9.9998597E-01   9.9998832E-01   9.9998680E-01
    9.9998505E-01   9.9998377E-01   9.9998494E-01   9.9999411E-01   9.9999472E-01
    9.9999328E-01   9.9999125E-01   9.9999136E-01   9.9999473E-01   9.9999486E-01
    9.9999451E-01   9.9999401E-01   9.9999477E-01   9.9999627E-01   9.9999654E-01
    9.9999665E-01   9.9999689E-01   9.9999626E-01   9.9999781E-01   9.9999761E-01
    9.9999761E-01   9.9999796E-01   9.9999745E-01   9.9999929E-01   9.9999937E-01
    9.9999981E-01   9.9999856E-01   9.9999861E-01   9.9999977E-01   9.9999963E-01
    9.9999986E-01   9.9999911E-01   9.9999899E-01   9.9999921E-01   9.9999933E-01
    9.9999939E-01   9.9999943E-01   9.9999945E-01   9.9999946E-01   9.9999946E-01
    9.9999947E-01

 2.4579166555E+02   4.8983354E+10   9.9592577E+14   5.5756656E+00   7.1843881E-04   2.9063435E-03   9.9990797E-01    67 
    9.9988157E-01   9.9988741E-01   9.9988482E-01   9.9991230E-01   9.9990729E-01
    9.9993615E-01   9.9996243E-01   9.9995214E-01   9.9997421E-01   9.9996766E-01
    9.9997560E-01   9.9996658E-01   9.9998475E-01   9.9999304E-01   9.9997974E-01
    9.9998936E-01   9.9998411E-01   9.9998459E-01   9.9998203E-01   9.9998439E-01
    9.9998844E-01   9.9999209E-01   9.9999139E-01   9.9999268E-01   9.9999198E-01
    9.9999082E-01   9.9999002E-01   9.9999087E-01   9.9999743E-01   9.9999790E-01
    9.9999662E-01   9.9999523E-01   9.9999515E-01   9.9999776E-01   9.9999768E-01
    9.9999725E-01   9.9999687E-01   9.9999723E-01   9.9999825E-01   9.9999832E-01
    9.9999818E-01   9.9999839E-01   9.9999796E-01   9.9999880E-01   9.9999870E-01
    9.9999872E-01   9.9999894E-01   9.9999863E-01   9.9999979E-01   9.9999980E-01
    9.9999990E-01   9.9999925E-01   9.9999928E-01   1.0000000E+00   9.9999987E-01
    9.9999995E-01   9.9999953E-01   9.9999947E-01   9.9999959E-01   9.9999965E-01
    9.9999969E-01   9.9999971E-01   9.9999972E-01   9.9999972E-01   9.9999973E-01
    9.9999973E-01

 2.4537958515E+02   5.4177188E+10   1.1015807E+15   5.7099679E+00   6.5000901E-04   2.6367104E-03   9.9991651E-01    68 
    9.9990539E-01   9.9991116E-01   9.9990854E-01   9.9993238E-01   9.9992726E-01
    9.9994906E-01   9.9997126E-01   9.9996215E-01   9.9998029E-01   9.9997387E-01
    9.9998163E-01   9.9997239E-01   9.9998899E-01   9.9999569E-01   9.9998444E-01
    9.9999200E-01   9.9998752E-01   9.9998814E-01   9.9998587E-01   9.9998786E-01
    9.9999079E-01   9.9999396E-01   9.9999347E-01   9.9999442E-01   9.9999394E-01
    9.9999306E-01   9.9999240E-01   9.9999313E-01   9.9999860E-01   9.9999902E-01
    9.9999781E-01   9.9999666E-01   9.9999652E-01   9.9999881E-01   9.9999866E-01
    9.9999820E-01   9.9999787E-01   9.9999809E-01   9.9999892E-01   9.9999891E-01
    9.9999871E-01   9.9999890E-01   9.9999854E-01   9.9999914E-01   9.9999908E-01
    9.9999910E-01   9.9999927E-01   9.9999902E-01   9.9999994E-01   9.9999993E-01
    9.9999994E-01   9.9999948E-01   9.9999950E-01   1.0000001E+00   9.9999995E-01
    9.9999998E-01   9.9999967E-01   9.9999963E-01   9.9999972E-01   9.9999976E-01
    9.9999978E-01   9.9999979E-01   9.9999980E-01   9.9999981E-01   9.9999981E-01
    9.9999981E-01

 2.4517273222E+02   5.6973863E+10   1.1584700E+15   5.7784496E+00   6.2048535E-04   2.5115790E-03   9.9992047E-01    69 
    9.9989876E-01   9.9990518E-01   9.9990246E-01   9.9992819E-01   9.9992292E-01
    9.9994557E-01   9.9996962E-01   9.9995980E-01   9.9997883E-01   9.9997216E-01
    9.9998026E-01   9.9997082E-01   9.9998714E-01   9.9999430E-01   9.9998354E-01
    9.9999105E-01   9.9998667E-01   9.9998713E-01   9.9998490E-01   9.9998692E-01
    9.9999023E-01   9.9999365E-01   9.9999305E-01   9.9999400E-01   9.9999355E-01
    9.9999258E-01   9.9999195E-01   9.9999267E-01   9.9999832E-01   9.9999864E-01
    9.9999755E-01   9.9999639E-01   9.9999628E-01   9.9999878E-01   9.9999864E-01
    9.9999816E-01   9.9999779E-01   9.9999798E-01   9.9999898E-01   9.9999893E-01
    9.9999869E-01   9.9999884E-01   9.9999850E-01   9.9999915E-01   9.9999907E-01
    9.9999909E-01   9.9999924E-01   9.9999901E-01   1.0000000E+00   1.0000000E+00
    9.9999996E-01   9.9999947E-01   9.9999949E-01   1.0000002E+00   9.9999996E-01
    9.9999999E-01   9.9999967E-01   9.9999963E-01   9.9999971E-01   9.9999976E-01
    9.9999978E-01   9.9999980E-01   9.9999981E-01   9.9999981E-01   9.9999981E-01
    9.9999981E-01

 2.4510378384E+02   5.7937202E+10   1.1780662E+15   5.8013614E+00   6.1127327E-04   2.4712276E-03   9.9992175E-01    70 
    9.9966952E-01   9.9974310E-01   9.9974048E-01   9.9983099E-01   9.9982544E-01
    9.9987807E-01   9.9993782E-01   9.9991434E-01   9.9994007E-01   9.9992893E-01
    9.9992506E-01   9.9991498E-01   9.9996273E-01   9.9997959E-01   9.9996354E-01
    9.9996916E-01   9.9996268E-01   9.9995425E-01   9.9995115E-01   9.9995044E-01
    9.9997471E-01   9.9998018E-01   9.9998004E-01   9.9997901E-01   9.9997924E-01
    9.9997426E-01   9.9997378E-01   9.9997208E-01   9.9999349E-01   9.9999154E-01
    9.9999044E-01   9.9998735E-01   9.9998574E-01   9.9999844E-01   9.9999647E-01
    9.9999520E-01   9.9999366E-01   9.9999246E-01   9.9999890E-01   9.9999792E-01
    9.9999729E-01   9.9999581E-01   9.9999683E-01   9.9999867E-01   9.9999839E-01
    9.9999834E-01   9.9999749E-01   9.9999812E-01   1.0000019E+00   1.0000022E+00
    1.0000001E+00   9.9999866E-01   9.9999843E-01   1.0000010E+00   1.0000005E+00
    9.9999998E-01   9.9999917E-01   9.9999893E-01   9.9999922E-01   9.9999935E-01
    9.9999943E-01   9.9999948E-01   9.9999951E-01   9.9999952E-01   9.9999953E-01
    9.9999953E-01
