  
  
    1   THI   1___   2___
 Down rate:


 Down rate

   2.0566E+00  2.0566E+00  2.0566E+00  2.0566E+00  2.0566E+00  2.0566E+00  2.0566E+00  2.0567E+00  2.0568E+00  2.0571E+00
   2.0576E+00  2.0587E+00  2.0609E+00  2.0650E+00  2.0726E+00  2.0861E+00  2.1090E+00  2.1449E+00  2.1969E+00  2.2643E+00
   2.3310E+00  2.3934E+00  2.4511E+00  2.5056E+00  2.5584E+00  2.6171E+00  2.6700E+00  2.6825E+00  2.6882E+00  2.6952E+00
   2.7052E+00  2.7190E+00  2.7375E+00  2.7620E+00  2.7947E+00  2.8398E+00  2.8987E+00  2.9666E+00  3.0457E+00  3.1383E+00
   3.2472E+00  3.3753E+00  3.5251E+00  3.6982E+00  3.8973E+00  4.1271E+00  4.3926E+00  4.6990E+00  5.0577E+00  5.4821E+00
   5.9851E+00  6.5802E+00  7.2847E+00  8.1212E+00  9.1140E+00  1.0290E+01  1.1714E+01  1.2364E+01  1.2706E+01  1.2822E+01


 Up rate

   1.2705E-11  1.3330E-11  1.4677E-11  1.7786E-11  2.6105E-11  5.6289E-11  2.4700E-10  1.0719E-09  4.6202E-09  1.9617E-08
   8.1302E-08  3.2889E-07  1.2955E-06  4.9306E-06  1.7914E-05  6.1253E-05  1.9299E-04  5.4687E-04  1.3760E-03  2.9875E-03
   5.1624E-03  7.6959E-03  1.0459E-02  1.3435E-02  1.6635E-02  2.0496E-02  2.4173E-02  2.5031E-02  2.5409E-02  2.5853E-02
   2.6449E-02  2.7225E-02  2.8235E-02  2.9569E-02  3.1405E-02  3.4108E-02  3.7988E-02  4.2995E-02  4.9643E-02  5.8691E-02
   7.1316E-02  8.9302E-02  1.1535E-01  1.5342E-01  2.0927E-01  2.9071E-01  4.0797E-01  5.7513E-01  8.1280E-01  1.1468E+00
   1.6067E+00  2.2276E+00  3.0564E+00  4.1569E+00  5.6050E+00  7.4911E+00  9.9794E+00  1.1181E+01  1.1829E+01  1.2049E+01


 Total # of down transitions

   6.5668E-09  6.8779E-09  7.5456E-09  9.0792E-09  1.3136E-08  2.7548E-08  1.1631E-07  4.9607E-07  2.1383E-06  9.1898E-06
   3.8823E-05  1.6028E-04  6.4251E-04  2.4843E-03  9.4877E-03  3.8524E-02  1.5594E-01  6.5608E-01  2.3188E+00  1.2294E+01
   3.5846E+01  6.5427E+01  7.4392E+01  6.4087E+01  6.4068E+01  8.3694E+01  1.2640E+02  2.1604E+02  4.3513E+02  9.2489E+02
   2.1319E+03  5.0599E+03  1.1974E+04  2.7652E+04  6.1747E+04  1.3667E+05  2.8294E+05  5.1051E+05  8.4526E+05  1.3227E+06
   1.9781E+06  2.8399E+06  3.9236E+06  5.1534E+06  6.3529E+06  7.3984E+06  8.5862E+06  1.0642E+07  1.4764E+07  2.2835E+07
   3.9068E+07  7.4487E+07  1.5167E+08  3.0984E+08  6.2721E+08  1.2722E+09  2.6178E+09  3.4788E+09  3.9988E+09  4.1846E+09


 Total # of upward transitions

   5.4095E-14  5.8039E-14  6.6817E-14  8.8517E-14  1.5519E-13  4.7824E-13  4.2433E-12  3.7878E-11  3.4117E-10  3.0526E-09
   2.6715E-08  2.2899E-07  1.9221E-06  1.5720E-05  1.2528E-04  9.7263E-04  7.1698E-03  4.8580E-02  3.1144E-01  1.7738E+00
   7.7879E+00  2.1342E+01  2.6045E+01  2.2779E+01  2.3644E+01  3.1969E+01  5.1125E+01  9.0471E+01  1.8132E+02  3.6635E+02
   7.5732E+02  1.5728E+03  3.2829E+03  6.9744E+03  1.5446E+04  3.5526E+04  7.7253E+04  1.4637E+05  2.5544E+05  4.2547E+05
   6.8829E+05  1.0916E+06  1.7013E+06  2.5580E+06  3.6335E+06  4.8519E+06  6.3570E+06  8.7248E+06  1.3135E+07  2.1539E+07
   3.8151E+07  7.3915E+07  1.5135E+08  3.0969E+08  6.2715E+08  1.2722E+09  2.6178E+09  3.4788E+09  3.9988E+09  4.1847E+09
  
  
    2   THeI   1s1s1Se   1s2s1Se
 Down rate:


 Down rate

   5.1908E+01  5.1908E+01  5.1908E+01  5.1908E+01  5.1908E+01  5.1908E+01  5.1909E+01  5.1909E+01  5.1911E+01  5.1914E+01
   5.1920E+01  5.1931E+01  5.1952E+01  5.1992E+01  5.2066E+01  5.2195E+01  5.2411E+01  5.2747E+01  5.3226E+01  5.3830E+01
   5.4395E+01  5.4894E+01  5.5348E+01  5.5772E+01  5.6189E+01  5.6664E+01  5.7088E+01  5.7176E+01  5.7210E+01  5.7261E+01
   5.7338E+01  5.7442E+01  5.7580E+01  5.7762E+01  5.8006E+01  5.8345E+01  5.8794E+01  5.9321E+01  5.9946E+01  6.0691E+01
   6.1580E+01  6.2642E+01  6.3898E+01  6.5365E+01  6.7064E+01  6.9029E+01  7.1301E+01  7.3916E+01  7.6957E+01  8.0525E+01
   8.4719E+01  8.9640E+01  9.5413E+01  1.0220E+02  1.1016E+02  1.1949E+02  1.3064E+02  1.3569E+02  1.3834E+02  1.3923E+02


 Up rate

   6.7285E-13  7.0625E-13  7.7818E-13  9.4617E-13  1.3980E-12  3.0324E-12  1.3297E-11  5.7712E-11  2.4898E-10  1.0593E-09
   4.4059E-09  1.7917E-08  7.1054E-08  2.7260E-07  9.9895E-07  3.4483E-06  1.0995E-05  3.1522E-05  7.9507E-05  1.7360E-04
   3.0097E-04  4.4722E-04  6.0340E-04  7.6700E-04  9.3920E-04  1.1425E-03  1.3292E-03  1.3705E-03  1.3881E-03  1.4086E-03
   1.4361E-03  1.4717E-03  1.5185E-03  1.5814E-03  1.6707E-03  1.8088E-03  2.0221E-03  2.3213E-03  2.7529E-03  3.3910E-03
   4.3579E-03  5.8580E-03  8.2400E-03  1.2103E-02  1.8477E-02  2.9117E-02  4.6960E-02  7.7150E-02  1.2891E-01  2.1770E-01
   3.6741E-01  6.1260E-01  1.0017E+00  1.6018E+00  2.5017E+00  3.8157E+00  5.7330E+00  6.7180E+00  7.2629E+00  7.4511E+00


 Total # of down transitions

   2.2990E-04  2.3555E-04  2.4725E-04  2.7229E-04  3.2966E-04  4.8199E-04  1.0075E-03  2.1230E-03  4.5316E-03  9.7772E-03
   2.1241E-02  4.6671E-02  1.0388E-01  2.3246E-01  5.1355E-01  1.0976E+00  2.5510E+00  7.0594E+00  1.9323E+01  3.9238E+01
   9.8124E+01  1.8463E+02  1.8156E+02  1.2003E+02  9.2214E+01  9.4561E+01  1.1697E+02  1.8865E+02  3.6457E+02  7.1992E+02
   1.4941E+03  3.1921E+03  6.9131E+03  1.5006E+04  3.2347E+04  6.8778E+04  1.3484E+05  2.3025E+05  3.6218E+05  5.4144E+05
   7.7690E+05  1.0715E+06  1.4171E+06  1.7545E+06  1.9389E+06  1.7587E+06  1.2195E+06  6.7931E+05  3.5140E+05  1.8721E+05
   1.1108E+05  7.9147E+04  6.5598E+04  5.8142E+04  5.4452E+04  5.4978E+04  5.9767E+04  6.2353E+04  6.3677E+04  6.3993E+04


 Total # of upward transitions

   1.0794E-13  1.1586E-13  1.3353E-13  1.7761E-13  3.1396E-13  9.7658E-13  8.7171E-12  7.8171E-11  7.0607E-10  6.3288E-09
   5.5479E-08  4.7645E-07  4.0105E-06  3.2986E-05  2.6581E-04  2.1041E-03  1.5559E-02  1.0269E-01  6.0627E-01  3.7217E+00
   1.4969E+01  3.7109E+01  4.4069E+01  3.9183E+01  4.2325E+01  6.0704E+01  1.0194E+02  1.8130E+02  3.6437E+02  7.4902E+02
   1.6115E+03  3.5359E+03  7.7454E+03  1.6610E+04  3.4487E+04  6.9298E+04  1.2939E+05  2.1575E+05  3.3625E+05  4.9930E+05
   7.0880E+05  9.6233E+05  1.2475E+06  1.5090E+06  1.6166E+06  1.4099E+06  9.6209E+05  5.5724E+05  3.0791E+05  1.7362E+05
   1.0694E+05  7.7818E+04  6.5167E+04  5.8012E+04  5.4417E+04  5.4969E+04  5.9763E+04  6.2350E+04  6.3675E+04  6.3988E+04
  
  
    3   THe2   1___   2___
 Down rate:


 Down rate

   1.3162E+02  1.3162E+02  1.3162E+02  1.3162E+02  1.3162E+02  1.3162E+02  1.3162E+02  1.3162E+02  1.3162E+02  1.3162E+02
   1.3163E+02  1.3164E+02  1.3165E+02  1.3168E+02  1.3173E+02  1.3182E+02  1.3198E+02  1.3222E+02  1.3257E+02  1.3302E+02
   1.3347E+02  1.3389E+02  1.3427E+02  1.3463E+02  1.3497E+02  1.3535E+02  1.3569E+02  1.3577E+02  1.3580E+02  1.3584E+02
   1.3590E+02  1.3598E+02  1.3608E+02  1.3622E+02  1.3641E+02  1.3666E+02  1.3700E+02  1.3740E+02  1.3789E+02  1.3847E+02
   1.3918E+02  1.4004E+02  1.4106E+02  1.4226E+02  1.4368E+02  1.4534E+02  1.4727E+02  1.4953E+02  1.5218E+02  1.5532E+02
   1.5902E+02  1.6338E+02  1.6851E+02  1.7452E+02  1.8156E+02  1.8978E+02  1.9954E+02  2.0393E+02  2.0623E+02  2.0701E+02


 Up rate

   1.2559E-16  1.3178E-16  1.4511E-16  1.7588E-16  2.5827E-16  5.5760E-16  2.4535E-15  1.0688E-14  4.6339E-14  1.9850E-13
   8.3359E-13  3.4377E-12  1.3913E-11  5.4841E-11  2.0777E-10  7.4406E-10  2.4817E-09  7.4549E-09  2.0391E-08  4.7252E-08
   8.6051E-08  1.3377E-07  1.8746E-07  2.4185E-07  2.9427E-07  3.5004E-07  3.9544E-07  4.0389E-07  4.0767E-07  4.1236E-07
   4.1965E-07  4.3127E-07  4.5022E-07  4.8125E-07  5.3293E-07  6.2285E-07  7.7330E-07  1.0030E-06  1.3783E-06  2.0387E-06
   3.2914E-06  5.8442E-06  1.1414E-05  2.4353E-05  5.6333E-05  1.3889E-04  3.4871E-04  8.6387E-04  2.1568E-03  5.4858E-03
   1.3952E-02  3.4628E-02  8.2470E-02  1.8747E-01  4.0510E-01  8.3055E-01  1.6381E+00  2.1255E+00  2.4140E+00  2.5174E+00


 Total # of down transitions

   1.7382E-08  1.8470E-08  2.0880E-08  2.6810E-08  4.4446E-08  1.2288E-07  8.2197E-07  5.1968E-06  3.1857E-05  1.8835E-04
   1.0619E-03  5.6979E-03  2.9386E-02  1.4728E-01  7.1837E-01  3.3043E+00  1.4503E+01  6.5950E+01  2.9518E+02  1.3217E+03
   4.2628E+03  9.2894E+03  1.1696E+04  1.0049E+04  7.4136E+03  5.4247E+03  4.3945E+03  4.6002E+03  5.9961E+03  8.0191E+03
   1.1124E+04  1.5954E+04  2.3658E+04  3.6305E+04  5.8284E+04  1.0158E+05  1.9192E+05  3.7039E+05  7.5191E+05  1.6477E+06
   3.9697E+06  1.0567E+07  3.0561E+07  9.1913E+07  2.6941E+08  6.7933E+08  1.2736E+09  1.8059E+09  2.2742E+09  2.8454E+09
   3.7466E+09  5.4081E+09  8.3400E+09  1.3006E+10  2.0328E+10  3.2254E+10  5.2380E+10  6.3497E+10  6.9769E+10  7.1917E+10


 Total # of upward transitions

   1.2582E-11  1.3525E-11  1.5628E-11  2.0859E-11  3.7128E-11  1.1789E-10  1.0955E-09  1.0062E-08  9.2004E-08  8.2887E-07
   7.2794E-06  6.2597E-05  5.2805E-04  4.3417E-03  3.4343E-02  2.5750E-01  1.8087E+00  1.1482E+01  6.7107E+01  3.3039E+02
   1.1337E+03  2.6588E+03  3.8291E+03  4.2900E+03  5.0294E+03  6.6857E+03  9.1356E+03  1.2168E+04  1.7285E+04  2.4949E+04
   3.7239E+04  5.7090E+04  8.9875E+04  1.4587E+05  2.4647E+05  4.4104E+05  8.1113E+05  1.4556E+06  2.6607E+06  5.1173E+06
   1.0573E+07  2.3683E+07  5.7352E+07  1.4627E+08  3.7295E+08  8.5117E+08  1.5035E+09  2.0403E+09  2.4690E+09  2.9876E+09
   3.8365E+09  5.4624E+09  8.3712E+09  1.3018E+10  2.0326E+10  3.2244E+10  5.2369E+10  6.3484E+10  6.9753E+10  7.1838E+10
            0     [N_ITS]              Number of hydro iterations remaining
            3     [ITS_DONE]           Number of hydro iterations completed
           15     [STRT_ITS]           Iteration to start first hydro iteration
           10     [FREQ_ITS]           Frequency for hydro iterations
   SPECIFY        [OB_OPT]             Outer boundary option: POW, SPECIFY, DEFAULT, NONE
            4     [NOB_PARS]           Number of outer boudary parameters
  3.10000E+01     [OB_P1]              Paremeters for outer boundary condition
  1.03300E+01     [OB_P2]              Paremeters for outer boundary condition
  4.42900E+00     [OB_P3]              Paremeters for outer boundary condition
  2.06700E+00     [OB_P4]              Paremeters for outer boundary condition
