 
  Scaling is for STEQ_VALS(NT,:). This is cgs units scaled
  by a factor of 10^10 on 4PI. The 10^9 comes from V . T
 
 SCALE=1.0D+09*BOLTZMANN_CONSTANT()/4.0D0/PI=  1.0987E-08
 T1=R(I)-R(I+1)
 GAMMA=ED/POP_ATOM
 A=1.5D0*SCALE*(POP_ATOM+ED)*V/T1 * (T(I)-T(I+1)
 B=SCALE*(POP_ATOM+ED)*V*(3.0D0+SIGMA)/R * T(I)
 C=1.5D0*SCALE*POP_ATOM*V/T1 * T(I)*(GAMMA(I)-GAMMA(I+1))
 D=SCALE*POP_ATOM*V/T1* (INT_EN(I)-INT_EN(I+1))
 
        R                  V        SIGMA            T       NU_ION            A            B            C            D
  3.0380928E+04   1.9135E+03  -9.9251E-01   1.0433E+00   3.8560E+00  -1.3696E-04   9.0039E-04  -3.4768E-07  -1.4037E-05
  3.0008850E+04   1.9134E+03  -9.9240E-01   1.0459E+00   3.8562E+00  -1.4340E-04   9.3669E-04  -3.1209E-07  -1.2570E-05
  2.9277928E+04   1.9130E+03  -9.9220E-01   1.0511E+00   3.8565E+00  -1.5929E-04   1.0138E-03  -2.7504E-07  -1.1024E-05
  2.7870539E+04   1.9122E+03  -9.9179E-01   1.0617E+00   3.8570E+00  -1.9685E-04   1.1874E-03  -2.7209E-07  -1.0798E-05
  2.5258982E+04   1.9106E+03  -9.9090E-01   1.0838E+00   3.8577E+00  -2.9508E-04   1.6290E-03  -5.2123E-07  -2.0260E-05
  2.0750311E+04   1.9070E+03  -9.8822E-01   1.1307E+00   3.8597E+00  -5.8668E-04   3.0698E-03  -9.8487E-07  -3.6700E-05
  1.4179315E+04   1.8973E+03  -9.8138E-01   1.2225E+00   3.8633E+00  -1.5156E-03   1.0439E-02  -3.0518E-06  -1.0518E-04
  9.6984663E+03   1.8830E+03  -9.7257E-01   1.2980E+00   3.8666E+00  -3.2733E-03   3.4791E-02  -7.1377E-06  -2.3171E-04
  6.6451276E+03   1.8623E+03  -9.6003E-01   1.3500E+00   3.8689E+00  -6.5921E-03   1.1320E-01  -1.3956E-05  -4.3568E-04
  4.5731075E+03   1.8329E+03  -9.4185E-01   1.3833E+00   3.8703E+00  -1.5553E-02   3.5907E-01  -2.5818E-05  -7.8705E-04
  3.1681743E+03   1.7914E+03  -9.1535E-01   1.4086E+00   3.8711E+00  -5.1284E-02   1.1138E+00  -5.3196E-05  -1.5949E-03
  2.2102022E+03   1.7336E+03  -8.7663E-01   1.4358E+00   3.8716E+00  -2.0968E-01   3.4062E+00  -1.3570E-04  -4.0004E-03
  1.5533911E+03   1.6536E+03  -8.1980E-01   1.4730E+00   3.8721E+00  -9.0336E-01   1.0335E+01  -4.1800E-04  -1.2005E-02
  1.1021655E+03   1.5454E+03  -7.3587E-01   1.5274E+00   3.8725E+00  -4.2143E+00   3.1157E+01  -1.9015E-03  -5.2500E-02
  7.9233713E+02   1.4029E+03  -6.0666E-01   1.6150E+00   3.8732E+00  -1.1628E+01   9.3738E+01   1.5404E-03   4.0628E-02
  5.7994080E+02   1.2205E+03  -4.1256E-01   1.7007E+00   3.8730E+00  -8.4248E+00   2.7215E+02   6.2385E-02   1.5488E+00
  4.3569864E+02   1.0052E+03  -1.2972E-01   1.7233E+00   3.8704E+00  -7.5007E+01   7.2135E+02   1.5184E-01   3.7311E+00
  3.3844908E+02   7.7617E+02   3.1496E-01   1.7998E+00   3.8680E+00  -2.3597E+02   1.8561E+03   6.3322E-01   1.4876E+01
  2.7293936E+02   5.4947E+02   1.0464E+00   1.8977E+00   3.8642E+00  -7.0071E+02   4.5542E+03   2.7685E+00   6.1551E+01
  2.3071162E+02   3.5756E+02   2.2318E+00   2.0196E+00   3.8575E+00  -1.5895E+03   1.0372E+04   9.2599E+00   1.9295E+02
  2.0657000E+02   2.3023E+02   3.8677E+00   2.1325E+00   3.8489E+00  -1.7029E+03   1.9850E+04   1.4609E+01   2.8789E+02
  1.9181902E+02   1.4884E+02   6.0433E+00   2.1923E+00   3.8425E+00  -1.7630E+02   2.9872E+04  -2.8172E+00  -5.2430E+01
  1.8201823E+02   9.5620E+01   8.9521E+00   2.1963E+00   3.8433E+00   7.9099E+02   2.9396E+04  -2.0504E+01  -3.8997E+02
  1.7528956E+02   6.1376E+01   1.2598E+01   2.1789E+00   3.8487E+00   3.6996E+02   2.2004E+04  -1.0136E+01  -1.9504E+02
  1.7044609E+02   3.9460E+01   1.6482E+01   2.1684E+00   3.8521E+00  -3.2991E+01   1.6859E+04   2.1527E+00   4.0932E+01
  1.6665208E+02   2.5524E+01   2.2266E+01   2.1696E+00   3.8512E+00   4.2599E+02   1.5663E+04   1.6942E+01   3.2596E+02
  1.6421377E+02   1.7008E+01   6.6449E+01   2.1551E+00   3.8442E+00   2.6367E+03   3.4579E+04   6.1158E+01   1.1843E+03
  1.6367671E+02   1.0815E+01   2.6718E+02   2.1302E+00   3.8372E+00   2.5243E+03   1.1097E+05   9.0976E+01   1.7785E+03
  1.6347661E+02   6.8077E+00   3.9270E+02   2.1195E+00   3.8325E+00   7.6063E+02   1.4324E+05   5.8723E+01   1.1509E+03
  1.6329257E+02   4.4048E+00   3.8144E+02   2.1162E+00   3.8294E+00  -9.5833E+02   1.2928E+05   3.0603E+01   5.9828E+02
  1.6306928E+02   2.8435E+00   3.1830E+02   2.1217E+00   3.8272E+00  -1.3892E+03   1.0355E+05   1.6608E+01   3.2150E+02
  1.6281154E+02   1.8323E+00   2.8036E+02   2.1313E+00   3.8258E+00  -4.8013E+02   8.9277E+04   9.8051E+00   1.8671E+02
  1.6253478E+02   1.1809E+00   2.6249E+02   2.1350E+00   3.8249E+00   7.6957E+02   8.2503E+04   6.1037E+00   1.1389E+02
  1.6224606E+02   7.6042E-01   2.5125E+02   2.1287E+00   3.8243E+00   1.3019E+03   7.8151E+04   3.7463E+00   6.8099E+01
  1.6194377E+02   4.8978E-01   2.3670E+02   2.1175E+00   3.8240E+00   5.7309E+02   7.3073E+04   1.9975E+00   3.4499E+01
  1.6163360E+02   3.2294E-01   2.1412E+02   2.1125E+00   3.8238E+00  -1.0174E+03   6.6060E+04   6.6114E-01   8.9951E+00
  1.6133666E+02   2.2604E-01   1.8928E+02   2.1211E+00   3.8237E+00  -2.7261E+03   5.8886E+04  -5.0326E-01  -1.3031E+01
  1.6103938E+02   1.6457E-01   1.6717E+02   2.1443E+00   3.8238E+00  -4.2635E+03   5.2876E+04  -2.0006E+00  -4.0922E+01
  1.6073247E+02   1.2289E-01   1.4822E+02   2.1817E+00   3.8240E+00  -5.7114E+03   4.8019E+04  -4.8034E+00  -9.2579E+01
  1.6040936E+02   9.3408E-02   1.3144E+02   2.2343E+00   3.8246E+00  -7.2013E+03   4.3943E+04  -1.1546E+01  -2.1536E+02
  1.6006466E+02   7.2022E-02   1.1573E+02   2.3048E+00   3.8259E+00  -8.7541E+03   4.0267E+04  -3.0391E+01  -5.5028E+02
  1.5969319E+02   5.6321E-02   1.0022E+02   2.3968E+00   3.8295E+00  -1.0151E+04   3.6645E+04  -8.8556E+01  -1.5469E+03
  1.5928911E+02   4.4783E-02   8.4106E+01   2.5124E+00   3.8405E+00  -1.1009E+04   3.2666E+04  -2.7485E+02  -4.5921E+03
  1.5884443E+02   3.6407E-02   6.6512E+01   2.6497E+00   3.8763E+00  -1.1421E+04   2.7754E+04  -8.5497E+02  -1.3567E+04
  1.5834546E+02   3.0569E-02   4.7378E+01   2.8084E+00   3.9945E+00  -1.1399E+04   2.1614E+04  -2.3175E+03  -3.4726E+04
  1.5776596E+02   2.6746E-02   3.0656E+01   2.9905E+00   4.3436E+00  -1.0786E+04   1.5749E+04  -4.0713E+03  -5.7310E+04
  1.5706433E+02   2.4026E-02   2.2551E+01   3.1949E+00   5.0362E+00  -1.0024E+04   1.3278E+04  -3.7182E+03  -4.8999E+04
  1.5619582E+02   2.1192E-02   2.3468E+01   3.4220E+00   5.7627E+00  -9.7601E+03   1.5373E+04  -1.9413E+03  -2.3891E+04
  1.5513606E+02   1.7601E-02   2.7933E+01   3.6821E+00   6.1902E+00  -1.0084E+04   2.0027E+04  -7.5694E+02  -8.6685E+03
  1.5390013E+02   1.3697E-02   3.1717E+01   3.9867E+00   6.3687E+00  -1.0783E+04   2.5079E+04  -2.7177E+02  -2.9008E+03
  1.5252719E+02   1.0076E-02   3.5084E+01   4.3406E+00   6.4340E+00  -1.1888E+04   3.0835E+04  -1.0647E+02  -1.0870E+03
  1.5106968E+02   6.9939E-03   3.8846E+01   4.7467E+00   6.4595E+00  -1.3604E+04   3.8161E+04  -5.1567E+01  -5.2008E+02
  1.4959450E+02   4.6757E-03   4.1125E+01   5.2076E+00   6.4716E+00  -1.5885E+04   4.5481E+04  -2.8714E+01  -2.8979E+02
  1.4813949E+02   3.1256E-03   4.0891E+01   5.7281E+00   6.4781E+00  -1.8350E+04   5.1248E+04  -2.1852E+01  -2.3775E+02
  1.4669897E+02   2.1112E-03   3.9828E+01   6.3116E+00   6.4833E+00  -2.0856E+04   5.6745E+04  -2.4256E+01  -2.7427E+02
  1.4525782E+02   1.4326E-03   3.8865E+01   6.9623E+00   6.4892E+00  -2.3596E+04   6.3034E+04  -2.3407E+01  -2.5552E+02
  1.4378889E+02   9.7137E-04   3.6618E+01   7.6979E+00   6.4947E+00  -2.6026E+04   6.8000E+04  -1.9216E+01  -1.9350E+02
  1.4316313E+02   8.2830E-04   3.4939E+01   8.0366E+00   6.4965E+00  -2.7121E+04   6.8880E+04  -1.6110E+01  -1.5578E+02
  1.4284973E+02   7.6638E-04   3.4125E+01   8.2118E+00   6.4971E+00  -2.8467E+04   6.9327E+04  -1.5642E+01  -1.4792E+02
  1.4274512E+02   7.4699E-04   3.3847E+01   8.2729E+00   6.4974E+00  -2.8509E+04   6.9473E+04  -1.5782E+01  -1.4813E+02
