!
! Note: The effective temperature and surface gravity are defined
! at the reference radius, which (except when using the old
! velocity) is the location where Tau=2/3.
!
! Effective temperature (10^4 K) is:    2.700000E+00
!      Log surface gravity (cgs) is:    2.900000E+00
!         Core radius (10^10 cm) is:    1.440504E+02
!    Reference radius (10^10 cm) is:    1.600800E+02
!              Luminosity (Lsun) is:    2.536413E+05
!            Mass (Msun) of star is:    1.533716E+01
!       Mass loss rate (Msun/yr) is:    1.462500E-07
!         Mean atomic mass (amu) is:    1.614500E+00
!            Eddington parameter is:    3.138935E-01
!                   Atom density is:    1.000000E+08
! Ratio of inner to outer radius is:  140.02103953
!
      60          !Number of depth points
!
!    R(10^10cm)       V(km/s)         Sigma           Tau     Index
 20170.08000000  1.927912E+03 -9.886093E-01  4.866083E-06         1
 19430.35865895  1.927073E+03 -9.881017E-01  5.051388E-06         2
 18032.49116346  1.925303E+03 -9.869694E-01  5.443436E-06         3
 14414.14113113  1.919098E+03 -9.825815E-01  6.811777E-06         4
 10307.22264958  1.906756E+03 -9.748376E-01  9.535452E-06         5
  7386.09625902  1.889731E+03 -9.647748E-01  1.334818E-05         6
  5309.90245558  1.866321E+03 -9.507563E-01  1.868543E-05         7
  3836.18499847  1.834503E+03 -9.314602E-01  2.615676E-05         8
  2786.10954607  1.791716E+03 -9.048924E-01  3.661548E-05         9
  2034.14519321  1.734730E+03 -8.677953E-01  5.125611E-05        10
  1493.83191930  1.659463E+03 -8.156361E-01  7.175076E-05        11
  1105.23212779  1.561568E+03 -7.415305E-01  1.004402E-04        12
   825.89801799  1.436815E+03 -6.306174E-01  1.406009E-04        13
   625.35827366  1.279726E+03 -4.668572E-01  1.968199E-04        14
   482.69851202  1.092856E+03 -2.449488E-01  2.755180E-04        15
   381.75603284  8.917574E+02  7.565552E-02  3.856833E-04        16
   310.30685582  6.859088E+02  5.674584E-01  5.398980E-04        17
   260.17130887  4.916678E+02  1.344061E+00  7.557751E-04        18
   225.30329849  3.237409E+02  2.589621E+00  1.057970E-03        19
   201.47703843  1.952794E+02  4.638757E+00  1.482587E-03        20
   186.83076444  1.145694E+02  7.663543E+00  2.015770E-03        21
   177.60345840  6.669794E+01  1.174700E+01  2.675935E-03        22
   171.39450662  3.865049E+01  1.630253E+01  3.524295E-03        23
   166.92963139  2.320531E+01  4.023420E+01  4.647416E-03        24
   165.34044661  1.281040E+01  1.678466E+02  5.305701E-03        25
   165.07835098  7.767459E+00  3.626586E+02  5.507607E-03        26
   164.86653838  4.507603E+00  4.254513E+02  5.801525E-03        27
   164.59395730  2.638098E+00  3.278716E+02  6.467556E-03        28
   164.26888103  1.539985E+00  2.801432E+02  7.863850E-03        29
   163.92101994  8.994815E-01  2.603072E+02  1.051344E-02        30
   163.59750589  5.581787E-01  2.429987E+02  1.476269E-02        31
   163.31659053  3.785868E-01  2.231326E+02  2.066552E-02        32
   163.05266603  2.711527E-01  2.017636E+02  2.892858E-02        33
   162.79320731  2.014878E-01  1.814605E+02  4.049562E-02        34
   162.53035663  1.534911E-01  1.634681E+02  5.668770E-02        35
   162.25875355  1.189614E-01  1.475860E+02  7.935417E-02        36
   161.97429922  9.339453E-02  1.331436E+02  1.110838E-01        37
   161.67347302  7.411368E-02  1.194373E+02  1.555004E-01        38
   161.35285731  5.944761E-02  1.058436E+02  2.176769E-01        39
   161.00874304  4.825758E-02  9.194829E+01  3.047146E-01        40
   160.63650999  3.976403E-02  7.713362E+01  4.265541E-01        41
   160.22941522  3.343818E-02  6.082503E+01  5.971109E-01        42
   159.77576151  2.891803E-02  4.368850E+01  8.358644E-01        43
   159.25476780  2.582636E-02  2.927228E+01  1.170083E+00        44
   158.63641366  2.354290E-02  2.218469E+01  1.637938E+00        45
   157.88906303  2.119906E-02  2.275660E+01  2.292865E+00        46
   156.99230506  1.828112E-02  2.669332E+01  3.209662E+00        47
   155.94889965  1.495170E-02  3.038428E+01  4.493039E+00        48
   154.78240612  1.167899E-02  3.327683E+01  6.289572E+00        49
   153.52517306  8.724472E-03  3.654243E+01  8.804444E+00        50
   152.21948346  6.232522E-03  3.976565E+01  1.232488E+01        51
   150.91259667  4.364339E-03  4.112639E+01  1.725296E+01        52
   149.62363312  3.062529E-03  4.077746E+01  2.415152E+01        53
   148.34691428  2.166624E-03  3.985667E+01  3.380846E+01        54
   147.07075486  1.539067E-03  3.905147E+01  4.732671E+01        55
   145.77753778  1.092213E-03  3.783413E+01  6.648740E+01        56
   144.76263893  8.403909E-04  3.566100E+01  8.676027E+01        57
   144.33565423  7.558572E-04  3.444961E+01  9.702872E+01        58
   144.12172626  7.174653E-04  3.452682E+01  1.026101E+02        59
   144.05035178  7.049040E-04  3.478706E+01  1.045410E+02        60
   144.05035178  7.049040E-04  3.478706E+01  1.045410E+02        60
