
 24-FEB-2004                           !Format date

 1.4274512462E+02     2.4879E+05       50       60

 3.0380928183E+04   1.4481884E+01   3.1117433E+05   1.0432762E+00   6.6807541E-02   1.9135319E+03   5.0000000E-02     1 
    1.4594707E-01   9.0319195E-05   8.6773833E-05   9.0973757E-05   2.0681036E-04
    1.8614329E-03   4.8553872E-07   4.7981715E-07   5.3076459E-07   1.7815179E-06
    1.7990377E-06   1.9051299E-06   3.8455701E-06   2.1121352E-04   1.4639016E-02
    1.2148950E-04   1.5762874E-05   1.5812510E-05   1.5732424E-05   4.9750882E-01
    1.8974071E-02   1.8995422E-02   1.9147283E-02   3.0712586E-04   3.0815152E-04
    3.0842150E-04   4.1568734E-03   3.8684892E-05   8.4369195E-06   2.0808482E-04
    1.3303373E-02   1.0908423E-04   1.0912448E-04   1.0769289E-04   7.5975562E-01
    2.2357615E-04   3.2355705E-04   3.2323711E-04   5.3259240E-05   5.8579977E-05
    5.8752574E-05   4.2574405E-06   4.3044055E-06   4.3226586E-06   2.3535976E-04
    2.2831105E-05   2.3005693E-05   2.4017054E-05   3.0683551E-03   3.0661621E-03

 3.0008849632E+04   1.4842202E+01   3.1897234E+05   1.0458773E+00   6.6736172E-02   1.9133540E+03   5.0000000E-02     2 
    1.5661847E-01   9.7460981E-05   9.3727845E-05   9.8128582E-05   2.2151365E-04
    1.9633869E-03   5.2350427E-07   5.1688426E-07   5.7165786E-07   1.9091669E-06
    1.9298260E-06   2.0430137E-06   4.1067104E-06   2.2043745E-04   1.5246896E-02
    1.2624925E-04   1.6344838E-05   1.6396733E-05   1.6312538E-05   5.1507986E-01
    1.9493821E-02   1.9515284E-02   1.9669976E-02   3.1523444E-04   3.1630587E-04
    3.1656260E-04   4.2638653E-03   3.9857589E-05   8.7185404E-06   2.1594864E-04
    1.3627879E-02   1.1171491E-04   1.1175428E-04   1.1028124E-04   7.7643403E-01
    2.2897295E-04   3.3147348E-04   3.3114490E-04   5.4487368E-05   5.9936496E-05
    6.0111551E-05   4.3543641E-06   4.4023167E-06   4.4209158E-06   2.4182203E-04
    2.3417974E-05   2.3596064E-05   2.4631089E-05   3.1326612E-03   3.1304450E-03

 2.9277928027E+04   1.5590396E+01   3.3516826E+05   1.0510969E+00   6.6593115E-02   1.9129909E+03   5.0000000E-02     3 
    1.8021606E-01   1.1341978E-04   1.0928465E-04   1.1410815E-04   2.5381385E-04
    2.1834342E-03   6.0834442E-07   5.9963493E-07   6.6292692E-07   2.1920113E-06
    2.2199523E-06   2.3487749E-06   4.6824880E-06   2.4003299E-04   1.6534180E-02
    1.3629484E-04   1.7572117E-05   1.7628874E-05   1.7535845E-05   5.5195719E-01
    2.0572188E-02   2.0593823E-02   2.0754300E-02   3.3206468E-04   3.3323422E-04
    3.3345998E-04   4.4853806E-03   4.2314886E-05   9.3111045E-06   2.3263879E-04
    1.4298332E-02   1.1714592E-04   1.1718330E-04   1.1562404E-04   8.1076578E-01
    2.4011657E-04   3.4783323E-04   3.4748665E-04   5.7019416E-05   6.2733924E-05
    6.2913933E-05   4.5542478E-06   4.6042320E-06   4.6235413E-06   2.5536522E-04
    2.4634433E-05   2.4819684E-05   2.5903544E-05   3.2649900E-03   3.2627310E-03

 2.7870538552E+04   1.7199959E+01   3.7003175E+05   1.0617240E+00   6.6302638E-02   1.9122377E+03   5.0000000E-02     4 
    2.3890076E-01   1.5378286E-04   1.4870630E-04   1.5448797E-04   3.3346499E-04
    2.7020091E-03   8.2191711E-07   8.0759339E-07   8.9218710E-07   2.8921121E-06
    2.9394413E-06   3.1065701E-06   6.0934049E-06   2.8476531E-04   1.9453717E-02
    1.5892512E-04   2.0331934E-05   2.0400050E-05   2.0286411E-05   6.3409658E-01
    2.2919461E-02   2.2941185E-02   2.3113876E-02   3.6872035E-04   3.7011668E-04
    3.7026068E-04   4.9655000E-03   4.7766171E-05   1.0638061E-05   2.7053326E-04
    1.5745352E-02   1.2884951E-04   1.2888196E-04   1.2713398E-04   8.8431219E-01
    2.6413974E-04   3.8316042E-04   3.8277429E-04   6.2461332E-05   6.8749162E-05
    6.8939334E-05   4.9841244E-06   5.0384555E-06   5.0592779E-06   2.8533660E-04
    2.7277529E-05   2.7477917E-05   2.8666937E-05   3.5483233E-03   3.5459927E-03

 2.5258982116E+04   2.0928649E+01   4.5090813E+05   1.0838062E+00   6.5704510E-02   1.9106308E+03   5.0000000E-02     5 
    4.2245470E-01   2.8434796E-04   2.7668091E-04   2.8489256E-04   5.7913626E-04
    4.1520847E-03   1.5048274E-06   1.4704652E-06   1.6223143E-06   5.0556028E-06
    5.1706728E-06   5.4537941E-06   1.0364909E-05   4.0198768E-04   2.7002004E-02
    2.1664266E-04   2.7360690E-05   2.7460167E-05   2.7289971E-05   8.3878244E-01
    2.8502126E-02   2.8522646E-02   2.8722598E-02   4.5613135E-04   4.5813807E-04
    4.5800997E-04   6.0979286E-03   6.1285995E-05   1.3989633E-05   3.6895418E-04
    1.9128600E-02   1.5612043E-04   1.5613815E-04   1.5393634E-04   1.0536592E+00
    3.2016352E-04   4.6584067E-04   4.6535860E-04   7.5074909E-05   8.2706226E-05
    8.2917647E-05   5.9825463E-06   6.0468708E-06   6.0711472E-06   3.5924975E-04
    3.3544695E-05   3.3778866E-05   3.5212570E-05   4.2002920E-03   4.1978933E-03

 2.0750310885E+04   3.0974644E+01   6.6953295E+05   1.1307436E+00   6.4475921E-02   1.9069604E+03   5.0000000E-02     6 
    1.3183747E+00   9.7321267E-04   9.5593956E-04   9.7073787E-04   1.7565980E-03
    9.7941483E-03   5.0362723E-06   4.8803443E-06   5.3717905E-06   1.5499580E-05
    1.6007660E-05   1.6830442E-05   3.0157544E-05   8.0137276E-04   5.1989473E-02
    4.0252589E-04   5.0231195E-05   5.0452488E-05   5.0066875E-05   1.4670593E+00
    4.4085929E-02   4.4094977E-02   4.4360792E-02   7.0372278E-04   7.0795066E-04
    7.0646925E-04   9.2113898E-03   1.0331445E-04   2.4676227E-05   7.0451076E-04
    2.8258158E-02   2.2909952E-04   2.2905955E-04   2.2556079E-04   1.4962324E+00
    4.7038073E-04   6.8931327E-04   6.8854941E-04   1.0848978E-04   1.1976683E-04
    1.2002180E-04   8.6490816E-06   8.7395584E-06   8.7728597E-06   5.8630580E-04
    5.0977305E-05   5.1292468E-05   5.3379223E-05   5.9047673E-03   5.9028067E-03

 1.4179315076E+04   6.6327720E+01   1.4415811E+06   1.2225236E+00   6.2482872E-02   1.8972797E+03   5.0000000E-02     7 
    8.8088344E+00   8.2759633E-03   8.2221076E-03   8.2069488E-03   1.2305161E-02
    4.3474690E-02   4.4196482E-05   4.2429377E-05   4.6555144E-05   1.1785813E-04
    1.2322599E-04   1.2897967E-04   2.1022899E-04   2.6770660E-03   1.6231863E-01
    1.1852622E-03   1.5714890E-04   1.5820758E-04   1.5639847E-04   3.8771412E+00
    9.4262239E-02   9.4186961E-02   9.4600859E-02   1.5776480E-03   1.5949891E-03
    1.5813404E-03   1.9105974E-02   2.9136709E-04   7.3899130E-05   2.4836401E-03
    5.6108984E-02   4.4611044E-04   4.4578691E-04   4.3790349E-04   2.7600693E+00
    9.1903866E-04   1.3688629E-03   1.3670088E-03   2.0633039E-04   2.2885068E-04
    2.2915567E-04   1.6833327E-05   1.7001768E-05   1.7065383E-05   1.5839474E-03
    1.0743818E-04   1.0791595E-04   1.1194426E-04   1.0801503E-02   1.0806960E-02

 9.6984662755E+03   1.4226579E+02   3.1055041E+06   1.2980091E+00   6.1166675E-02   1.8830007E+03   5.0000000E-02     8 
    2.7822177E+01   3.8469795E-02   3.8454686E-02   3.8045370E-02   4.9327869E-02
    1.2652866E-01   2.5855927E-04   2.4741711E-04   2.7105034E-04   6.2523190E-04
    6.5838431E-04   6.8683991E-04   1.0625688E-03   6.4785121E-03   3.6723793E-01
    2.5939009E-03   4.2768941E-04   4.3188672E-04   4.2462418E-04   7.7814618E+00
    1.6302130E-01   1.6276678E-01   1.6328606E-01   3.2004019E-03   3.2598703E-03
    3.1918918E-03   3.3201523E-02   7.8964131E-04   2.0500685E-04   7.8362404E-03
    9.3290491E-02   7.2144435E-04   7.2056289E-04   7.0621523E-04   4.2939671E+00
    1.4904408E-03   2.2563592E-03   2.2521679E-03   3.3013264E-04   3.6785568E-04
    3.6806805E-04   2.9723500E-05   3.0020958E-05   3.0170663E-05   4.1212067E-03
    1.8914448E-04   1.8955481E-04   1.9618263E-04   1.6901608E-02   1.6941133E-02

 6.6451275581E+03   3.0553704E+02   6.6897600E+06   1.3499759E+00   6.0502838E-02   1.8622895E+03   5.0000000E-02     9 
    4.2908458E+01   9.9872431E-02   1.0016322E-01   9.8602338E-02   1.2027631E-01
    2.4536583E-01   1.0217229E-03   9.7917083E-04   1.0712199E-03   2.3293260E-03
    2.4671481E-03   2.5665412E-03   3.9134130E-03   1.1688459E-02   6.0906290E-01
    4.3137980E-03   1.0363027E-03   1.0490653E-03   1.0234170E-03   1.1966061E+01
    2.2963293E-01   2.2916085E-01   2.2969055E-01   6.1242926E-03   6.2879903E-03
    6.0306676E-03   4.9691039E-02   2.0087499E-03   5.3700765E-04   2.1484662E-02
    1.3221838E-01   9.8352724E-04   9.8172695E-04   9.6003068E-04   5.6619578E+00
    2.0272785E-03   3.1180180E-03   3.1094058E-03   4.5571385E-04   5.0978265E-04
    5.0955502E-04   5.6392019E-05   5.7053015E-05   5.7579720E-05   9.9432949E-03
    2.9295943E-04   2.9214074E-04   3.0234051E-04   2.2756123E-02   2.2899755E-02

 4.5731075303E+03   6.5421954E+02   1.4353426E+07   1.3833139E+00   6.0265247E-02   1.8328683E+03   5.0000000E-02    10 
    4.1352106E+01   1.7545925E-01   1.7625549E-01   1.7302149E-01   2.1309447E-01
    3.6252607E-01   3.0722515E-03   2.9649145E-03   3.2367251E-03   6.7829664E-03
    7.2268110E-03   7.4937281E-03   1.1591232E-02   1.8003595E-02   8.2026252E-01
    6.1802204E-03   2.3695855E-03   2.3985051E-03   2.3141337E-03   1.5366741E+01
    2.8201999E-01   2.8134496E-01   2.8176468E-01   1.1807579E-02   1.2157553E-02
    1.1317136E-02   7.0708166E-02   4.9346252E-03   1.4067487E-03   5.2746790E-02
    1.7370249E-01   1.2333212E-03   1.2294350E-03   1.1980121E-03   6.6954225E+00
    2.4841705E-03   3.8906888E-03   3.8764390E-03   6.1646553E-04   6.9081710E-04
    6.8907695E-04   1.4997688E-04   1.5258939E-04   1.5505640E-04   2.2375561E-02
    4.9723787E-04   4.8987105E-04   5.0968450E-04   2.8089065E-02   2.8503735E-02

 3.1681742647E+03   1.3926837E+03   3.0599462E+07   1.4085704E+00   6.0045184E-02   1.7914472E+03   5.0000000E-02    11 
    3.2860147E+01   2.5969791E-01   2.6085885E-01   2.5579230E-01   3.3617784E-01
    4.7333506E-01   8.0587223E-03   7.8913238E-03   8.5793940E-03   1.7485818E-02
    1.8757800E-02   1.9369726E-02   3.0982771E-02   2.7800021E-02   1.0046270E+00
    9.1013199E-03   5.3895164E-03   5.4369007E-03   5.1717638E-03   1.8097891E+01
    3.2666834E-01   3.2577172E-01   3.2587189E-01   2.3854849E-02   2.4411494E-02
    2.1889870E-02   1.0730506E-01   1.1965610E-02   3.8081166E-03   1.2181252E-01
    2.3472255E-01   1.6631055E-03   1.6533734E-03   1.5974529E-03   7.5703970E+00
    3.0426853E-03   4.8724831E-03   4.8723531E-03   1.0391302E-03   1.1566714E-03
    1.1501595E-03   5.4791036E-04   5.6224061E-04   5.7564667E-04   4.7929260E-02
    1.2194037E-03   1.1829190E-03   1.2456099E-03   3.4479006E-02   3.5533042E-02

 2.2102021975E+03   2.9525304E+03   6.4974812E+07   1.4358246E+00   5.9266702E-02   1.7335816E+03   5.0000000E-02    12 
    2.6533084E+01   3.8228969E-01   3.8298102E-01   3.7563710E-01   5.5284887E-01
    6.0682615E-01   2.0422117E-02   2.0521379E-02   2.2125227E-02   4.3847488E-02
    4.7453855E-02   4.8751896E-02   8.1689351E-02   4.9072582E-02   1.2135088E+00
    1.6961610E-02   1.2653007E-02   1.2671693E-02   1.1888562E-02   2.0786084E+01
    3.7939331E-01   3.7812743E-01   3.7743440E-01   5.0796280E-02   5.1052867E-02
    4.4182415E-02   1.8928952E-01   2.9097823E-02   1.0816920E-02   2.7596510E-01
    3.5667703E-01   3.0330490E-03   3.0135863E-03   2.8645813E-03   8.5585784E+00
    4.2979467E-03   7.0021681E-03   7.1972334E-03   2.6732590E-03   2.9146232E-03
    2.8997750E-03   2.2551062E-03   2.3328000E-03   2.4050771E-03   9.9144111E-02
    4.2708344E-03   4.1287319E-03   4.3977835E-03   4.5508808E-02   4.7865976E-02

 1.5533911377E+03   6.2633686E+03   1.3789959E+08   1.4730062E+00   5.6999296E-02   1.6536486E+03   5.0000000E-02    13 
    2.4726575E+01   6.1539260E-01   6.1299303E-01   6.0347954E-01   1.0430610E+00
    8.0789260E-01   5.2590949E-02   5.5141117E-02   5.8610974E-02   1.1231956E-01
    1.2276193E-01   1.2542820E-01   2.2159641E-01   1.0700842E-01   1.5191842E+00
    4.6998533E-02   3.1094288E-02   3.0770045E-02   2.8684631E-02   2.3821937E+01
    4.5961033E-01   4.5756441E-01   4.5504314E-01   1.1165280E-01   1.0846044E-01
    9.2539467E-02   4.0330702E-01   7.0288519E-02   3.2005607E-02   6.2308430E-01
    6.3985194E-01   8.3155199E-03   8.3418530E-03   7.8444485E-03   9.8456359E+00
    8.2475732E-03   1.3254245E-02   1.4780552E-02   9.4311303E-03   9.9810542E-03
    1.0025685E-02   9.3579170E-03   9.7164646E-03   1.0079694E-02   1.9908742E-01
    1.7125171E-02   1.6785812E-02   1.8018066E-02   6.8620005E-02   7.2725749E-02

 1.1021654840E+03   1.3327869E+04   2.9313112E+08   1.5273666E+00   5.1572774E-02   1.5453509E+03   5.0000000E-02    14 
    2.8390069E+01   1.1194117E+00   1.1107675E+00   1.1079314E+00   2.3304166E+00
    1.1395730E+00   1.3884585E-01   1.5397971E-01   1.6104436E-01   2.9503651E-01
    3.2447855E-01   3.3039671E-01   6.1459239E-01   2.9481288E-01   2.0538401E+00
    1.8498336E-01   7.8181753E-02   7.6413710E-02   7.2099920E-02   2.6845352E+01
    5.9507509E-01   5.9145644E-01   5.8550258E-01   2.3882095E-01   2.2206105E-01
    1.9714839E-01   1.0285150E+00   1.6343061E-01   9.3480076E-02   1.3645186E+00
    1.3292395E+00   2.8258599E-02   2.8726480E-02   2.7404285E-02   1.1285753E+01
    2.2215014E-02   3.3558392E-02   4.1722865E-02   3.6218682E-02   3.7031712E-02
    3.7881308E-02   3.6931084E-02   3.8054246E-02   3.9547541E-02   3.9074679E-01
    6.6898175E-02   6.7703722E-02   7.2891454E-02   1.1815473E-01   1.1996469E-01

 7.9233712726E+02   2.8486000E+04   6.2483088E+08   1.6150258E+00   4.0688989E-02   1.4028867E+03   5.0000000E-02    15 
    4.5371503E+01   2.4651320E+00   2.4791966E+00   2.5586074E+00   6.1930714E+00
    1.8512465E+00   3.9433393E-01   4.5447722E-01   4.7195947E-01   8.0150778E-01
    8.7779031E-01   8.9856214E-01   1.7214120E+00   9.7667308E-01   3.3294058E+00
    8.1419829E-01   1.9701660E-01   1.9305062E-01   1.8818060E-01   3.0059944E+01
    8.5895599E-01   8.5183525E-01   8.4233900E-01   4.5937350E-01   4.2390213E-01
    4.1594480E-01   2.8870316E+00   3.7060537E-01   2.5974407E-01   2.7802368E+00
    2.8903127E+00   9.6172935E-02   9.6491419E-02   9.4946966E-02   1.2196526E+01
    7.2697000E-02   9.9886445E-02   1.2896578E-01   1.3034433E-01   1.3036088E-01
    1.3615425E-01   1.3389145E-01   1.3490273E-01   1.3608921E-01   7.9310238E-01
    2.3065667E-01   2.4444788E-01   2.6146615E-01   2.0513287E-01   1.8824263E-01

 5.7994080280E+02   6.1347977E+04   1.3405680E+09   1.7007124E+00   2.5948500E-02   1.2205141E+03   5.0000000E-02    16 
    4.8793430E+01   3.6297791E+00   3.8039829E+00   4.1843150E+00   1.0369324E+01
    2.4558542E+00   8.2720812E-01   9.2090732E-01   9.6016596E-01   1.4952604E+00
    1.6159362E+00   1.6827876E+00   3.3356970E+00   2.1024858E+00   4.6597882E+00
    2.1617425E+00   3.7792519E-01   3.7685435E-01   3.7198857E-01   2.6367002E+01
    1.1097021E+00   1.0953670E+00   1.0912095E+00   6.2008936E-01   6.1506692E-01
    6.1313473E-01   5.2775933E+00   6.8308364E-01   5.6027791E-01   4.2844962E+00
    4.4387569E+00   2.4780850E-01   2.3288570E-01   2.2366727E-01   9.2839736E+00
    1.9662968E-01   2.4769258E-01   2.8756132E-01   3.2545674E-01   3.3641675E-01
    3.5392511E-01   3.5778682E-01   3.5707838E-01   3.2998951E-01   1.4708797E+00
    5.7180088E-01   6.1628086E-01   6.6516659E-01   2.4391262E-01   2.1932472E-01

 4.3569864048E+02   1.3195581E+05   2.8833143E+09   1.7232996E+00   1.3055994E-02   1.0051928E+03   5.0000000E-02    17 
    1.5589044E+01   1.9142296E+00   2.0248617E+00   2.4060391E+00   6.5514485E+00
    1.7884368E+00   7.4351265E-01   7.8605823E-01   8.4451164E-01   1.3904709E+00
    1.4060736E+00   1.4172888E+00   2.7821488E+00   2.2344068E+00   3.8244680E+00
    2.7574233E+00   4.2388839E-01   4.1682975E-01   4.0063771E-01   1.5027366E+01
    9.7949323E-01   9.7996655E-01   9.8650496E-01   5.3101847E-01   5.1182301E-01
    3.9506092E-01   4.4935384E+00   8.3237497E-01   8.2616213E-01   4.3986947E+00
    4.5970512E+00   3.7412086E-01   3.6156685E-01   3.3877643E-01   4.1352947E+00
    3.2133729E-01   3.6143633E-01   3.6816160E-01   4.6058076E-01   4.7408661E-01
    5.0107709E-01   5.0643328E-01   5.2971373E-01   5.0162231E-01   1.8300678E+00
    7.9974930E-01   8.1119707E-01   9.2554456E-01   2.0738716E-01   2.1794717E-01

 3.3844907908E+02   2.7433372E+05   6.1872078E+09   1.7998330E+00   6.0516661E-03   7.7616576E+02   5.0000000E-02    18 
    9.2724152E+00   1.6552402E+00   1.6218968E+00   1.9939914E+00   5.6711479E+00
    1.4309348E+00   8.1976228E-01   8.4642088E-01   9.8573117E-01   1.5251526E+00
    1.4963540E+00   1.4515460E+00   2.3389565E+00   2.4691523E+00   3.4852247E+00
    3.5327278E+00   4.6457690E-01   4.5764419E-01   4.4584252E-01   5.9481872E+00
    9.8001305E-01   9.9427875E-01   9.9234981E-01   4.8169831E-01   4.4502651E-01
    3.3109044E-01   4.3864923E+00   9.8504039E-01   9.3366262E-01   3.4095996E+00
    4.6029691E+00   5.1879922E-01   5.2802176E-01   5.3031367E-01   2.7062362E+00
    5.2255831E-01   5.1557335E-01   4.5007433E-01   6.3565030E-01   6.7363633E-01
    6.1343337E-01   6.9219474E-01   6.6544210E-01   7.2339137E-01   1.9193869E+00
    9.8907132E-01   1.0068111E+00   1.0451895E+00   2.5280956E-01   2.5142353E-01

 2.7293936417E+02   5.5635198E+05   1.3434955E+10   1.8977104E+00   2.7055064E-03   5.4946584E+02   5.0000011E-02    19 
    6.1435970E+00   1.6836073E+00   1.8820008E+00   1.9113619E+00   4.3393073E+00
    1.4644557E+00   7.8219214E-01   8.2531514E-01   9.2603567E-01   1.9226122E+00
    1.4787054E+00   1.5122392E+00   2.7250599E+00   1.9045004E+00   3.3937081E+00
    3.1426373E+00   6.0116494E-01   6.0823890E-01   6.8253415E-01   5.0691399E+00
    1.0222361E+00   1.0230178E+00   1.0628602E+00   4.5744703E-01   4.3687677E-01
    6.1745941E-01   3.4326676E+00   9.5447985E-01   1.0568019E+00   3.5279442E+00
    3.4094476E+00   5.6326242E-01   6.6233743E-01   8.0957977E-01   2.0107011E+00
    6.5261749E-01   5.8444016E-01   5.3369667E-01   7.4938742E-01   6.8847870E-01
    7.2273504E-01   6.8294984E-01   7.9749036E-01   8.0658695E-01   1.9715243E+00
    1.2749070E+00   1.2196330E+00   1.2550718E+00   2.9930652E-01   3.1690979E-01

 2.3071162187E+02   1.0475179E+06   2.8876340E+10   2.0195703E+00   1.6895365E-03   3.5756362E+02   5.0006331E-02    20 
    6.6432405E+00   1.8293337E+00   2.2309055E+00   1.9548410E+00   4.7415923E+00
    1.7025307E+00   1.3298446E+00   1.3412093E+00   1.3373656E+00   2.2113494E+00
    1.9247914E+00   1.8659880E+00   2.6860656E+00   2.4600637E+00   3.7144792E+00
    3.4970139E+00   7.0328691E-01   7.2968738E-01   8.1121142E-01   3.5280955E+00
    1.1232978E+00   1.1124394E+00   1.1485191E+00   3.7435052E-01   3.8055148E-01
    6.1444734E-01   3.3103824E+00   1.0079483E+00   1.0034500E+00   2.7980953E+00
    3.1220801E+00   6.7252396E-01   7.1900829E-01   1.0724716E+00   1.7913415E+00
    1.1483005E+00   9.8701950E-01   9.0775251E-01   1.0469860E+00   9.9268779E-01
    1.1282212E+00   1.1531123E+00   1.0566811E+00   1.2241190E+00   1.9375914E+00
    1.6980029E+00   1.3455549E+00   1.7341100E+00   4.3337263E-01   4.6546195E-01

 2.0657000319E+02   1.6961980E+06   5.5422420E+10   2.1325297E+00   1.3822680E-03   2.3023455E+02   5.0441303E-02    21 
    8.4387415E+00   2.3588221E+00   2.3581915E+00   2.3101730E+00   6.6509391E+00
    2.4263725E+00   1.4548680E+00   1.6211336E+00   1.6288126E+00   2.1346576E+00
    2.2336914E+00   2.1370808E+00   2.5558536E+00   3.5485698E+00   4.6570415E+00
    5.3197545E+00   8.4105171E-01   8.5255652E-01   8.6350455E-01   3.1026108E+00
    1.2314437E+00   1.2058495E+00   1.2221024E+00   4.6343064E-01   4.4890739E-01
    5.4074557E-01   3.6876459E+00   1.3788473E+00   1.7839796E+00   2.3812704E+00
    3.3892570E+00   8.7400800E-01   7.3368871E-01   9.0637175E-01   2.0517446E+00
    1.2504058E+00   1.0958566E+00   1.0308975E+00   1.2563249E+00   1.1531490E+00
    1.1195251E+00   1.1589109E+00   1.1452208E+00   1.2852342E+00   2.1920861E+00
    1.7600368E+00   1.4140448E+00   1.6291763E+00   5.5394313E-01   5.6468110E-01

 1.9181901967E+02   2.4429928E+06   8.8478112E+10   2.1923434E+00   1.2113270E-03   1.4884262E+02   5.6652822E-02    22 
    7.7598751E+00   2.8344158E+00   2.4869353E+00   2.6332019E+00   5.7755299E+00
    2.1396981E+00   1.4971728E+00   1.6776615E+00   1.7788459E+00   2.1777187E+00
    2.3188982E+00   2.3688767E+00   2.3775556E+00   3.3148044E+00   4.1581765E+00
    4.2935411E+00   9.5617840E-01   9.6346554E-01   9.7192077E-01   1.9407682E+00
    1.2409285E+00   1.2117867E+00   1.2357866E+00   5.2148644E-01   5.9061181E-01
    7.1529191E-01   2.6844330E+00   1.4731689E+00   1.9203357E+00   2.3343672E+00
    2.6712795E+00   9.2529722E-01   1.0198479E+00   9.0644592E-01   1.8474776E+00
    1.3028149E+00   1.1237137E+00   1.1045077E+00   1.2808535E+00   1.2550150E+00
    1.1871642E+00   1.2345615E+00   1.4353371E+00   1.3730605E+00   1.8005577E+00
    1.8584169E+00   1.6205127E+00   1.5862139E+00   6.1708835E-01   6.2894866E-01

 1.8201823448E+02   2.4309122E+06   9.7132220E+10   2.1963290E+00   1.0113943E-03   9.5619844E+01   8.9217923E-02    23 
    5.9962203E+00   2.6974047E+00   2.2823126E+00   2.5438074E+00   4.0213010E+00
    1.5481264E+00   1.3028147E+00   1.4154211E+00   1.5581169E+00   1.8962489E+00
    1.9676359E+00   2.1397737E+00   2.0281983E+00   2.2307695E+00   3.2016196E+00
    2.6639140E+00   9.5406588E-01   9.4247529E-01   9.4756345E-01   1.4282260E+00
    1.1227119E+00   1.0926665E+00   1.1216835E+00   5.8057406E-01   7.0160499E-01
    8.0163626E-01   1.5886021E+00   1.1567725E+00   1.4417424E+00   2.2503210E+00
    2.0696066E+00   9.8260656E-01   1.1211425E+00   8.8188098E-01   1.5067126E+00
    1.2862409E+00   1.1313518E+00   1.1242633E+00   1.1678115E+00   1.2236284E+00
    1.2783075E+00   1.2312254E+00   1.4104350E+00   1.2384427E+00   1.2655997E+00
    1.7614775E+00   1.5877242E+00   1.5046412E+00   6.5292000E-01   6.6179602E-01

 1.7528955865E+02   2.0112418E+06   8.4276082E+10   2.1789212E+00   8.7583203E-04   6.1375730E+01   1.7280581E-01    24 
    5.0530270E+00   2.5547744E+00   2.3132706E+00   2.6118899E+00   3.0172229E+00
    1.1492355E+00   1.1491754E+00   1.2059414E+00   1.3062575E+00   1.4630765E+00
    1.5423944E+00   1.7758045E+00   1.7569388E+00   1.3498669E+00   2.4855349E+00
    1.7928975E+00   9.0706298E-01   8.7196770E-01   8.5644576E-01   1.2112163E+00
    9.8278899E-01   9.4015741E-01   9.6986948E-01   6.1866769E-01   7.6579260E-01
    8.2210611E-01   1.0646000E+00   8.2115656E-01   1.0758233E+00   2.2675271E+00
    1.7873840E+00   8.9421032E-01   9.1973548E-01   7.2812689E-01   1.2785403E+00
    1.2316304E+00   1.1493308E+00   1.1535239E+00   1.0465548E+00   1.1497976E+00
    1.3465658E+00   1.2018993E+00   1.2540657E+00   9.6506755E-01   9.9085039E-01
    1.6953582E+00   1.4795314E+00   1.4473136E+00   6.8988829E-01   6.7958347E-01

 1.7044608572E+02   1.9888625E+06   7.8578604E+10   2.1683958E+00   9.0621331E-04   3.9460093E+01   3.0496482E-01    25 
    5.0473148E+00   2.6990606E+00   2.6501102E+00   2.9329263E+00   2.7618721E+00
    9.9254203E-01   1.1231847E+00   1.1152859E+00   1.1985809E+00   1.1306951E+00
    1.2389592E+00   1.4936554E+00   1.5329403E+00   8.8742942E-01   2.1829289E+00
    1.5148895E+00   8.5003809E-01   7.9825766E-01   7.6131903E-01   1.1573786E+00
    8.8358970E-01   8.3264204E-01   8.5878959E-01   6.4208622E-01   8.0324432E-01
    8.1988258E-01   9.1825082E-01   6.2977023E-01   9.0152493E-01   2.2324406E+00
    1.7598986E+00   7.3240497E-01   6.8327548E-01   5.5195148E-01   1.2090370E+00
    1.1993668E+00   1.1890215E+00   1.1900963E+00   9.6589811E-01   1.1096745E+00
    1.3713366E+00   1.1894534E+00   1.1152848E+00   7.7722135E-01   8.8846625E-01
    1.6527506E+00   1.3905075E+00   1.4184391E+00   7.3690621E-01   7.1031137E-01

 1.6665207551E+02   2.4257519E+06   8.5032440E+10   2.1696238E+00   1.0860160E-03   2.5524431E+01   4.5571365E-01    26 
    5.6212554E+00   3.0219916E+00   3.1743894E+00   3.3734704E+00   2.8900526E+00
    9.6783008E-01   1.1917507E+00   1.0985041E+00   1.1814499E+00   9.0819170E-01
    1.0330215E+00   1.2808400E+00   1.3001502E+00   6.2541896E-01   2.1289142E+00
    1.4870107E+00   7.8474245E-01   7.2575463E-01   6.7366592E-01   1.1764534E+00
    8.1820434E-01   7.6650266E-01   7.8700374E-01   6.5212836E-01   8.1386352E-01
    7.9529040E-01   9.2492001E-01   5.3734119E-01   8.2894938E-01   2.0959015E+00
    1.8716570E+00   5.8816631E-01   5.0679843E-01   4.1584799E-01   1.2415973E+00
    1.1900633E+00   1.2485482E+00   1.2305657E+00   9.1361632E-01   1.1037925E+00
    1.3837161E+00   1.2005995E+00   1.0163734E+00   6.7355324E-01   8.6211446E-01
    1.6029663E+00   1.3193485E+00   1.3880277E+00   7.9351386E-01   7.5700687E-01

 1.6421377075E+02   3.5752659E+06   1.0165129E+11   2.1550826E+00   1.6515115E-03   1.7007730E+01   5.8890410E-01    27 
    6.2812154E+00   3.2631771E+00   3.7441145E+00   3.8013906E+00   3.0233664E+00
    9.3081425E-01   1.2916084E+00   1.0525453E+00   1.0994493E+00   6.6915420E-01
    7.7595776E-01   9.8366676E-01   9.9224942E-01   3.6338125E-01   2.0708326E+00
    1.4614265E+00   6.6179426E-01   6.0832530E-01   5.5273028E-01   1.2078885E+00
    7.3327279E-01   6.8829379E-01   7.0172207E-01   6.3371824E-01   7.8990442E-01
    7.3913195E-01   9.8296172E-01   4.5243662E-01   7.5979928E-01   1.8540465E+00
    2.0483582E+00   4.2262674E-01   3.2967397E-01   2.8214583E-01   1.3085874E+00
    1.1369332E+00   1.2951097E+00   1.2397102E+00   8.2149053E-01   1.0809175E+00
    1.3397062E+00   1.2009580E+00   8.8328946E-01   5.6433985E-01   8.2489568E-01
    1.5083249E+00   1.2400446E+00   1.2967391E+00   8.4398930E-01   8.0307322E-01

 1.6367671233E+02   5.4701274E+06   1.3293479E+11   2.1301992E+00   2.6289066E-03   1.0814642E+01   7.1246911E-01    28 
    6.1282997E+00   3.0700914E+00   3.7217813E+00   3.6392651E+00   2.9101426E+00
    8.6262416E-01   1.3028376E+00   9.7113235E-01   9.9884932E-01   5.5933453E-01
    6.3358816E-01   7.7895992E-01   7.5797030E-01   2.2260964E-01   1.9608071E+00
    1.3980089E+00   5.5082560E-01   5.1145314E-01   4.6262604E-01   1.1952813E+00
    6.6874409E-01   6.3158788E-01   6.4196793E-01   5.8895052E-01   7.3146042E-01
    6.6448871E-01   1.0065507E+00   4.0470257E-01   7.1179538E-01   1.5991108E+00
    2.1149761E+00   3.3232004E-01   2.4991338E-01   2.2656124E-01   1.3314967E+00
    1.0732549E+00   1.2892399E+00   1.1932483E+00   7.5000251E-01   1.0477686E+00
    1.2623067E+00   1.1702526E+00   7.8903601E-01   5.0833561E-01   7.7583906E-01
    1.3933769E+00   1.1697337E+00   1.1937182E+00   8.4658176E-01   8.1140967E-01

 1.6347661480E+02   8.4481131E+06   1.8680056E+11   2.1195272E+00   3.9948929E-03   6.8076818E+00   8.0713325E-01    29 
    6.0219493E+00   2.9549501E+00   3.6747601E+00   3.5172414E+00   2.8658947E+00
    8.3315846E-01   1.3169915E+00   9.3602165E-01   9.5148187E-01   5.3282185E-01
    5.9324446E-01   7.0181376E-01   6.9658386E-01   1.6563223E-01   1.9103858E+00
    1.3780818E+00   5.0867701E-01   4.7548264E-01   4.2884751E-01   1.1775806E+00
    6.4278702E-01   6.0936453E-01   6.1857447E-01   5.6712311E-01   6.9804191E-01
    6.2226813E-01   1.0150030E+00   3.8558497E-01   6.9082703E-01   1.4495099E+00
    2.1388986E+00   2.9947344E-01   2.2397920E-01   2.1061364E-01   1.3424246E+00
    1.0390998E+00   1.2852859E+00   1.1661040E+00   7.1716162E-01   1.0357446E+00
    1.2257210E+00   1.1567463E+00   7.4670354E-01   4.8495858E-01   7.4904942E-01
    1.3607478E+00   1.1574416E+00   1.1543682E+00   8.4501634E-01   8.1398630E-01

 1.6329256859E+02   1.2887420E+07   2.6829848E+11   2.1161831E+00   5.8413747E-03   4.4047562E+00   8.7027264E-01    30 
    5.9427814E+00   2.8589235E+00   3.6363503E+00   3.5017283E+00   2.8526211E+00
    8.1689970E-01   1.3362932E+00   9.1863888E-01   9.2606099E-01   5.5078940E-01
    5.9772554E-01   6.7426241E-01   6.5014044E-01   1.3819035E-01   1.8763179E+00
    1.3784459E+00   4.8495506E-01   4.5682228E-01   4.1376607E-01   1.1408164E+00
    6.3200816E-01   6.0073691E-01   6.1031640E-01   5.5108345E-01   6.7234603E-01
    5.9711515E-01   1.0125409E+00   3.7346360E-01   6.7448825E-01   1.3357281E+00
    2.1347021E+00   2.8711577E-01   2.1688681E-01   2.1218676E-01   1.3463667E+00
    1.0166952E+00   1.2822196E+00   1.1454827E+00   7.0070716E-01   1.0322940E+00
    1.2057527E+00   1.1488296E+00   7.2194425E-01   4.7388009E-01   7.2785653E-01
    1.3283378E+00   1.1434893E+00   1.1206532E+00   8.4134874E-01   8.1486453E-01

 1.6306927902E+02   1.9781961E+07   3.9670975E+11   2.1216802E+00   8.0042931E-03   2.8434724E+00   9.1409228E-01    31 
    5.7670167E+00   2.7298530E+00   3.5412686E+00   3.5944922E+00   2.8579663E+00
    8.0946454E-01   1.3229690E+00   9.0627930E-01   9.2168988E-01   6.4837816E-01
    6.7130019E-01   7.0487856E-01   6.0425508E-01   1.2860097E-01   1.8440699E+00
    1.4198639E+00   4.7734135E-01   4.5509063E-01   4.2054038E-01   1.0612402E+00
    6.3758505E-01   6.0687919E-01   6.2003871E-01   5.3538468E-01   6.4585579E-01
    5.8700982E-01   9.9036254E-01   3.6530446E-01   6.5608772E-01   1.2315406E+00
    2.0799132E+00   2.9768514E-01   2.3335602E-01   2.4127078E-01   1.3348672E+00
    1.0036557E+00   1.2628385E+00   1.1173027E+00   7.0262624E-01   1.0247515E+00
    1.1920378E+00   1.1217256E+00   7.0942609E-01   4.7748022E-01   7.1011079E-01
    1.2741614E+00   1.1005148E+00   1.0824738E+00   8.2726241E-01   8.0671264E-01

 1.6281153840E+02   3.0554442E+07   5.9815388E+11   2.1313168E+00   9.8918802E-03   1.8322510E+00   9.4371502E-01    32 
    5.1171816E+00   2.4630671E+00   3.2078129E+00   3.4581333E+00   2.8302016E+00
    8.0943510E-01   1.2105263E+00   8.6691459E-01   9.1212408E-01   7.8275107E-01
    7.8136978E-01   7.7705932E-01   7.4256603E-01   1.4695348E-01   1.8093273E+00
    1.5650325E+00   5.1189050E-01   4.8543906E-01   4.5526185E-01   9.5071117E-01
    6.5047453E-01   6.1833016E-01   6.3611201E-01   5.2513209E-01   6.1211034E-01
    5.7169687E-01   9.5802101E-01   3.6803738E-01   6.4322088E-01   1.1108049E+00
    1.9855324E+00   3.2514968E-01   2.6274355E-01   2.8395747E-01   1.3162151E+00
    9.8378651E-01   1.2009859E+00   1.0648811E+00   7.0597744E-01   9.8689825E-01
    1.1638601E+00   1.0451406E+00   6.9367882E-01   4.8544744E-01   7.1517282E-01
    1.3062003E+00   1.0901094E+00   1.1034588E+00   7.9281643E-01   7.7613381E-01

 1.6253477611E+02   4.7421004E+07   9.1222271E+11   2.1349982E+00   1.1310542E-02   1.1808894E+00   9.6333159E-01    33 
    3.9228293E+00   2.0387908E+00   2.5975901E+00   2.8563790E+00   2.5858027E+00
    7.8755654E-01   1.0351684E+00   8.0264051E-01   8.7171821E-01   8.6312829E-01
    8.5604231E-01   8.4096729E-01   9.9727164E-01   2.0804692E-01   1.7093652E+00
    1.7020128E+00   5.6700077E-01   5.2572369E-01   4.9056339E-01   8.4168886E-01
    6.5154044E-01   6.1671935E-01   6.3631966E-01   5.1940094E-01   5.6956500E-01
    5.3518807E-01   9.0986882E-01   3.7337582E-01   6.2879316E-01   9.8317525E-01
    1.8237488E+00   3.5504816E-01   2.8756148E-01   3.1590509E-01   1.2790420E+00
    9.5111417E-01   1.1184979E+00   1.0083747E+00   6.9981473E-01   9.3249104E-01
    1.1337083E+00   9.5478413E-01   6.7601032E-01   4.8932394E-01   7.2736265E-01
    1.4181797E+00   1.1265600E+00   1.1704023E+00   7.4977839E-01   7.3141560E-01

 1.6224605633E+02   7.3894116E+07   1.4028401E+12   2.1287373E+00   1.2403002E-02   7.6041896E-01   9.7622268E-01    34 
    2.6059204E+00   1.5464611E+00   1.8742443E+00   2.0603675E+00   2.0500183E+00
    7.1297714E-01   8.5713133E-01   7.3030880E-01   7.9987748E-01   8.8326746E-01
    8.7970256E-01   8.7096654E-01   1.1296288E+00   3.0483534E-01   1.4919314E+00
    1.6094585E+00   5.9852609E-01   5.4467137E-01   5.0495927E-01   7.3525107E-01
    6.3309989E-01   5.9590014E-01   6.1510785E-01   5.0998610E-01   5.2237905E-01
    4.9052791E-01   8.2672464E-01   3.6176221E-01   5.9328711E-01   8.7114261E-01
    1.5571484E+00   3.8404968E-01   3.0949231E-01   3.4128155E-01   1.1904850E+00
    9.1159858E-01   1.0390785E+00   9.6329975E-01   6.9166357E-01   8.8294585E-01
    1.1161254E+00   8.8453353E-01   6.6734521E-01   4.9582478E-01   7.0056914E-01
    1.4910708E+00   1.1483812E+00   1.2082529E+00   7.0993397E-01   6.8614926E-01

 1.6194376844E+02   1.1523012E+08   2.1674485E+12   2.1175382E+00   1.3242418E-02   4.8977983E-01   9.8461622E-01    35 
    1.6028491E+00   1.1051495E+00   1.2603272E+00   1.3649031E+00   1.4386626E+00
    6.0727205E-01   7.0026067E-01   6.6014510E-01   7.1272365E-01   8.6455197E-01
    8.6424374E-01   8.6237533E-01   1.1328857E+00   4.0173639E-01   1.2225694E+00
    1.2887053E+00   6.0520843E-01   5.4739581E-01   5.0878716E-01   6.3513835E-01
    6.0239133E-01   5.6455847E-01   5.8198665E-01   5.0040791E-01   4.8335059E-01
    4.5459237E-01   7.2745853E-01   3.3584400E-01   5.4288582E-01   7.8529565E-01
    1.2487224E+00   4.1403297E-01   3.3745696E-01   3.7055455E-01   1.0636041E+00
    8.6847169E-01   9.6533566E-01   9.2673419E-01   6.8681230E-01   8.3975459E-01
    1.1047674E+00   8.3483514E-01   6.7267085E-01   5.1431542E-01   6.3139583E-01
    1.5112110E+00   1.1505471E+00   1.2111891E+00   6.7764831E-01   6.4807776E-01

 1.6163360239E+02   1.7533653E+08   3.2823672E+12   2.1124549E+00   1.3387724E-02   3.2294426E-01   9.8982828E-01    36 
    1.0081573E+00   7.8762443E-01   8.5778811E-01   9.0974873E-01   9.8690492E-01
    5.1892750E-01   5.8845637E-01   6.0344505E-01   6.3806311E-01   8.2446381E-01
    8.2510407E-01   8.2578601E-01   1.0883028E+00   4.7022452E-01   1.0065170E+00
    9.6457771E-01   6.0248457E-01   5.5055487E-01   5.2016468E-01   5.6501779E-01
    5.7461422E-01   5.3887190E-01   5.5356796E-01   4.9610817E-01   4.6441233E-01
    4.4136443E-01   6.5189017E-01   3.1984248E-01   5.0294179E-01   7.2578970E-01
    1.0006286E+00   4.4889801E-01   3.8092871E-01   4.0834652E-01   9.4766267E-01
    8.2655928E-01   9.0124128E-01   8.9196940E-01   6.8963846E-01   8.0433827E-01
    1.0879968E+00   8.0603234E-01   6.9647691E-01   5.5399018E-01   5.6507619E-01
    1.5003082E+00   1.1520998E+00   1.2004382E+00   6.5588761E-01   6.2377618E-01

 1.6133665742E+02   2.5071237E+08   4.6922913E+12   2.1211063E+00   1.2583203E-02   2.2604382E-01   9.9286885E-01    37 
    7.0895305E-01   5.9948446E-01   6.4184601E-01   6.7084651E-01   7.3277403E-01
    4.6763624E-01   5.2993057E-01   5.6557557E-01   5.8952097E-01   7.8522698E-01
    7.8583312E-01   7.8685173E-01   1.0414258E+00   5.1555533E-01   8.8105597E-01
    7.5669151E-01   6.0388642E-01   5.6503378E-01   5.4746309E-01   5.3536146E-01
    5.6134051E-01   5.3006806E-01   5.4210706E-01   5.0112896E-01   4.7050674E-01
    4.5577415E-01   6.1633451E-01   3.2571783E-01   4.8527317E-01   6.9362631E-01
    8.5107126E-01   4.9370365E-01   4.4558555E-01   4.5543069E-01   8.7025730E-01
    7.9092772E-01   8.5235112E-01   8.5773549E-01   7.0264362E-01   7.8130946E-01
    1.0648675E+00   8.0046099E-01   7.3793164E-01   6.1398981E-01   5.2944955E-01
    1.4668091E+00   1.1581976E+00   1.1862417E+00   6.4682114E-01   6.1648577E-01

 1.6103938096E+02   3.4353586E+08   6.4563778E+12   2.1442992E+00   1.1083406E-02   1.6456867E-01   9.9480293E-01    38 
    5.5253358E-01   4.8997383E-01   5.2548963E-01   5.4519468E-01   5.9165047E-01
    4.4133824E-01   5.0196815E-01   5.4032239E-01   5.5923230E-01   7.5237776E-01
    7.5296464E-01   7.5403106E-01   9.9891306E-01   5.5122172E-01   8.1540785E-01
    6.3344827E-01   6.1388863E-01   5.9203496E-01   5.8930663E-01   5.3467685E-01
    5.6275870E-01   5.3806958E-01   5.4821123E-01   5.1743774E-01   4.9890493E-01
    4.9482507E-01   6.1028149E-01   3.4918321E-01   4.8416427E-01   6.8327117E-01
    7.6844742E-01   5.5201038E-01   5.3151727E-01   5.1343673E-01   8.2111886E-01
    7.6130350E-01   8.1338111E-01   8.2408059E-01   7.2516308E-01   7.6678818E-01
    1.0377747E+00   8.1038079E-01   7.9222406E-01   6.8824806E-01   5.1927182E-01
    1.4148760E+00   1.1622979E+00   1.1701767E+00   6.4839857E-01   6.2249620E-01

 1.6073246848E+02   4.5649136E+08   8.6676066E+12   2.1816827E+00   9.2313737E-03   1.2289323E-01   9.9611634E-01    39 
    4.6953043E-01   4.2789782E-01   4.6359360E-01   4.7980896E-01   5.1479977E-01
    4.3157230E-01   4.9030505E-01   5.2491545E-01   5.4200695E-01   7.2555999E-01
    7.2631982E-01   7.2760169E-01   9.6198109E-01   5.8558895E-01   7.8827527E-01
    5.6484434E-01   6.3312428E-01   6.2878206E-01   6.3950666E-01   5.5519052E-01
    5.7762932E-01   5.6137151E-01   5.7080167E-01   5.4658027E-01   5.4649488E-01
    5.5463020E-01   6.2686797E-01   3.8422169E-01   4.9481972E-01   6.9059065E-01
    7.3088396E-01   6.2043809E-01   6.2887703E-01   5.7975192E-01   7.9309138E-01
    7.3989422E-01   7.8334982E-01   7.9511288E-01   7.5594455E-01   7.5842800E-01
    1.0106095E+00   8.2980904E-01   8.5161173E-01   7.6761140E-01   5.2887153E-01
    1.3527878E+00   1.1610656E+00   1.1547433E+00   6.5993656E-01   6.3937713E-01

 1.6040936441E+02   5.8991225E+08   1.1439368E+13   2.2342721E+00   7.2906568E-03   9.3408216E-02   9.9704667E-01    40 
    4.3130287E-01   3.9799502E-01   4.3668887E-01   4.5188604E-01   4.8027181E-01
    4.3645325E-01   4.9166497E-01   5.2157343E-01   5.3835599E-01   7.0852752E-01
    7.0960712E-01   7.1130345E-01   9.3532555E-01   6.2615210E-01   7.8975986E-01
    5.3564671E-01   6.6318061E-01   6.7331584E-01   6.9310051E-01   5.9342490E-01
    6.0643968E-01   5.9970568E-01   6.0957834E-01   5.9011611E-01   6.1033205E-01
    6.3045397E-01   6.6334280E-01   4.2743103E-01   5.1489811E-01   7.1385458E-01
    7.2636374E-01   6.9471425E-01   7.2761082E-01   6.5155532E-01   7.8453212E-01
    7.3135887E-01   7.6605402E-01   7.7738921E-01   7.9497544E-01   7.5779391E-01
    9.8970550E-01   8.5707250E-01   9.1118148E-01   8.4615078E-01   5.5634313E-01
    1.2911951E+00   1.1571313E+00   1.1438796E+00   6.8303321E-01   6.6745196E-01

 1.6006466300E+02   7.3542401E+08   1.4891659E+13   2.3047922E+00   5.4375069E-03   7.2021539E-02   9.9772205E-01    41 
    4.2702808E-01   3.9450002E-01   4.3740494E-01   4.5272633E-01   4.7982594E-01
    4.5915350E-01   5.0904690E-01   5.3471747E-01   5.5182981E-01   7.0859471E-01
    7.1008440E-01   7.1235476E-01   9.2418701E-01   6.8113363E-01   8.1674927E-01
    5.4040792E-01   7.0625409E-01   7.2563968E-01   7.4896876E-01   6.4919131E-01
    6.5076514E-01   6.5343716E-01   6.6425923E-01   6.4861805E-01   6.8689868E-01
    7.1631387E-01   7.1875552E-01   4.7978313E-01   5.4463504E-01   7.5313157E-01
    7.4853840E-01   7.7425481E-01   8.2551425E-01   7.2880373E-01   7.9653951E-01
    7.3969666E-01   7.6602187E-01   7.7642538E-01   8.4279797E-01   7.6760763E-01
    9.8015835E-01   8.9237148E-01   9.7075374E-01   9.2284255E-01   6.0380016E-01
    1.2370070E+00   1.1542068E+00   1.1386539E+00   7.2009344E-01   7.0853753E-01

 1.5969318771E+02   8.6180032E+08   1.9127425E+13   2.3968385E+00   3.7954952E-03   5.6321155E-02   9.9821817E-01    42 
    4.5277327E-01   4.1435366E-01   4.6210867E-01   4.7804736E-01   5.1075636E-01
    5.0394664E-01   5.4849083E-01   5.6894489E-01   5.8659599E-01   7.3358316E-01
    7.3552718E-01   7.3849004E-01   9.3139951E-01   7.5552373E-01   8.6367700E-01
    5.7783272E-01   7.6337484E-01   7.8690598E-01   8.0907927E-01   7.2099787E-01
    7.1125128E-01   7.2188285E-01   7.3324190E-01   7.2038905E-01   7.7155528E-01
    8.0568748E-01   7.8862093E-01   5.4377640E-01   5.8461231E-01   8.0643798E-01
    7.9102306E-01   8.6295052E-01   9.2759610E-01   8.1442180E-01   8.2709501E-01
    7.6619331E-01   7.8568916E-01   7.9463151E-01   8.9926001E-01   7.8978611E-01
    9.8365809E-01   9.3610407E-01   1.0328190E+00   1.0000596E+00   6.7361525E-01
    1.1915290E+00   1.1532476E+00   1.1359312E+00   7.7245249E-01   7.6391326E-01

 1.5928910512E+02   8.9831113E+08   2.4189037E+13   2.5124395E+00   2.4829717E-03   4.4783342E-02   9.9858292E-01    43 
    5.0699647E-01   4.5681826E-01   5.0775677E-01   5.2438188E-01   5.7098535E-01
    5.7586609E-01   6.1220993E-01   6.2377980E-01   6.4173382E-01   7.8636898E-01
    7.8859589E-01   7.9225773E-01   9.5262784E-01   8.5441453E-01   9.2455477E-01
    6.4511932E-01   8.3022069E-01   8.5405055E-01   8.7236293E-01   8.0532137E-01
    7.8382776E-01   7.9968291E-01   8.1051008E-01   7.9950499E-01   8.5612789E-01
    8.8992798E-01   8.6535317E-01   6.2064172E-01   6.3814768E-01   8.6704462E-01
    8.4722194E-01   9.5988142E-01   1.0341457E+00   9.0644691E-01   8.7359056E-01
    8.0627480E-01   8.2148458E-01   8.2827254E-01   9.5454645E-01   8.2090913E-01
    9.9282450E-01   9.7904369E-01   1.0910536E+00   1.0733825E+00   7.6353387E-01
    1.1492532E+00   1.1485233E+00   1.1218757E+00   8.3604118E-01   8.2974692E-01

 1.5884443327E+02   7.6687814E+08   2.9994450E+13   2.6497096E+00   1.5410284E-03   3.6407337E-02   9.9884780E-01    44 
    5.8206235E-01   5.1573154E-01   5.6504699E-01   5.8393869E-01   6.5152033E-01
    6.6752628E-01   6.8928663E-01   6.8777096E-01   7.0688101E-01   8.5722421E-01
    8.5916613E-01   8.6369136E-01   9.7051375E-01   9.6231508E-01   9.7728685E-01
    7.3159581E-01   8.9171182E-01   9.1487809E-01   9.2808505E-01   8.8855945E-01
    8.5593918E-01   8.7344479E-01   8.8287584E-01   8.7306315E-01   9.2669860E-01
    9.5687483E-01   9.3237639E-01   7.0601809E-01   7.0512022E-01   9.1734258E-01
    9.0482425E-01   1.0520607E+00   1.1325456E+00   9.9752052E-01   9.2301307E-01
    8.4894814E-01   8.6191441E-01   8.6570995E-01   9.9208497E-01   8.5062224E-01
    9.9216369E-01   1.0042822E+00   1.1302099E+00   1.1329569E+00   8.5907828E-01
    1.0971892E+00   1.1247516E+00   1.0825659E+00   8.9834272E-01   8.9435858E-01

 1.5834546364E+02   4.9725343E+08   3.6263363E+13   2.8084357E+00   9.1523833E-04   3.0569063E-02   9.9903247E-01    45 
    6.7000177E-01   5.9288759E-01   6.3415815E-01   6.6318434E-01   7.4781879E-01
    7.7253298E-01   7.7180566E-01   7.5661518E-01   7.8138441E-01   9.3504225E-01
    9.3588045E-01   9.4207869E-01   9.8380002E-01   1.0532903E+00   1.0111045E+00
    8.3664607E-01   9.4075011E-01   9.6277204E-01   9.7101574E-01   9.5908296E-01
    9.1773617E-01   9.3274542E-01   9.4039138E-01   9.3423009E-01   9.7501250E-01
    1.0002560E+00   9.8032607E-01   7.9894032E-01   7.9368393E-01   9.5057804E-01
    9.5661450E-01   1.1124924E+00   1.1909183E+00   1.0713425E+00   9.6828711E-01
    8.9292969E-01   9.0337259E-01   9.0370398E-01   1.0034373E+00   8.7993039E-01
    9.7845916E-01   1.0039051E+00   1.1359921E+00   1.1684190E+00   9.3714457E-01
    1.0407496E+00   1.0872270E+00   1.0239648E+00   9.5156027E-01   9.5040493E-01

 1.5776595704E+02   2.4700342E+08   4.2839694E+13   2.9904929E+00   5.2449763E-04   2.6745934E-02   9.9915342E-01    46 
    7.6142615E-01   6.9935179E-01   7.2051312E-01   7.6274817E-01   8.5046236E-01
    8.7581576E-01   8.6279044E-01   8.3950671E-01   8.6564576E-01   1.0053597E+00
    1.0024164E+00   1.0060296E+00   9.9818977E-01   1.0963009E+00   1.0234923E+00
    9.5127129E-01   9.7603128E-01   9.9643659E-01   1.0021987E+00   1.0018273E+00
    9.6516697E-01   9.7509289E-01   9.8072112E-01   9.8060308E-01   1.0031289E+00
    1.0223549E+00   1.0073425E+00   8.9586170E-01   8.9659762E-01   9.7395301E-01
    9.9485507E-01   1.1184022E+00   1.1834098E+00   1.1090616E+00   1.0036807E+00
    9.4109743E-01   9.4757950E-01   9.4582339E-01   1.0041027E+00   9.1911834E-01
    9.6657167E-01   1.0071135E+00   1.1172271E+00   1.1719534E+00   9.8045361E-01
    9.9789271E-01   1.0558884E+00   9.7524860E-01   9.9433060E-01   9.9580363E-01

 1.5706432985E+02   1.0751693E+08   5.0546190E+13   3.1948664E+00   2.9902452E-04   2.4025966E-02   9.9923948E-01    47 
    8.4883151E-01   8.3368439E-01   8.1003570E-01   8.4868096E-01   9.3156821E-01
    9.5454397E-01   9.2149013E-01   9.0998735E-01   9.2601693E-01   1.0676518E+00
    1.0523192E+00   1.0394488E+00   9.8140444E-01   1.0757520E+00   1.0176752E+00
    1.0251177E+00   9.8922003E-01   1.0067520E+00   1.0164948E+00   1.0160778E+00
    9.9466384E-01   1.0008026E+00   1.0049275E+00   1.0026707E+00   1.0139130E+00
    1.0281161E+00   1.0185569E+00   9.6966246E-01   9.7533020E-01   9.9010581E-01
    1.0167524E+00   1.0853619E+00   1.1376728E+00   1.1188317E+00   1.0270143E+00
    9.7634851E-01   9.7729913E-01   9.7562577E-01   1.0014700E+00   9.5100911E-01
    9.5335462E-01   9.9609445E-01   1.0750499E+00   1.1266616E+00   9.9009044E-01
    9.5232460E-01   1.0063295E+00   9.3905733E-01   1.0157633E+00   1.0193661E+00

 1.5619582255E+02   4.7847031E+07   6.0866085E+13   3.4220379E+00   1.7210080E-04   2.1191838E-02   9.9932916E-01    48 
    8.9377995E-01   9.5791427E-01   8.9743107E-01   9.1802146E-01   9.7432501E-01
    1.0002028E+00   9.5287561E-01   9.5179613E-01   9.6159355E-01   1.0894504E+00
    1.0687796E+00   1.0450451E+00   9.6215775E-01   1.0267227E+00   1.0020134E+00
    1.0620861E+00   9.9435324E-01   1.0066322E+00   1.0178690E+00   1.0142291E+00
    1.0083015E+00   1.0120237E+00   1.0147449E+00   1.0094543E+00   1.0160109E+00
    1.0252582E+00   1.0200491E+00   1.0100163E+00   1.0149556E+00   1.0068523E+00
    1.0223364E+00   1.0464170E+00   1.0835855E+00   1.0955467E+00   1.0286956E+00
    9.9622241E-01   9.9352614E-01   9.9056471E-01   9.9813098E-01   9.7134109E-01
    9.4497142E-01   9.7992825E-01   1.0283387E+00   1.0664061E+00   9.9687507E-01
    9.2330732E-01   9.6755017E-01   9.3607268E-01   1.0197234E+00   1.0244501E+00

 1.5513606119E+02   2.3274882E+07   7.6381866E+13   3.6821368E+00   1.0284290E-04   1.7600700E-02   9.9944281E-01    49 
    9.3043456E-01   1.0357896E+00   9.7571934E-01   9.7616528E-01   9.9378866E-01
    1.0185386E+00   9.8087768E-01   9.8305676E-01   9.8798032E-01   1.0708481E+00
    1.0599262E+00   1.0431713E+00   9.7073955E-01   9.9225638E-01   9.9382328E-01
    1.0589295E+00   1.0050745E+00   1.0109538E+00   1.0172248E+00   1.0106128E+00
    1.0138373E+00   1.0155197E+00   1.0167519E+00   1.0146209E+00   1.0172724E+00
    1.0213872E+00   1.0180395E+00   1.0191990E+00   1.0231207E+00   1.0222746E+00
    1.0184185E+00   1.0226587E+00   1.0391545E+00   1.0538840E+00   1.0171522E+00
    1.0075614E+00   1.0050029E+00   1.0012481E+00   9.9550597E-01   9.8800438E-01
    9.5628419E-01   9.7693464E-01   9.9913708E-01   1.0193285E+00   1.0079173E+00
    9.3130651E-01   9.6322177E-01   9.5539169E-01   1.0182114E+00   1.0218712E+00

 1.5390012552E+02   1.2408299E+07   1.0086749E+14   3.9867297E+00   6.4059150E-05   1.3696665E-02   9.9956637E-01    50 
    9.7961450E-01   1.0443149E+00   1.0256760E+00   1.0119571E+00   1.0056291E+00
    1.0209685E+00   9.9720100E-01   1.0071757E+00   1.0028719E+00   1.0391279E+00
    1.0412023E+00   1.0344119E+00   9.9846643E-01   9.8640382E-01   9.9809282E-01
    1.0291314E+00   1.0148401E+00   1.0165384E+00   1.0171369E+00   1.0108275E+00
    1.0139189E+00   1.0144343E+00   1.0145135E+00   1.0160906E+00   1.0167226E+00
    1.0167656E+00   1.0156052E+00   1.0101772E+00   1.0169324E+00   1.0253145E+00
    1.0136586E+00   1.0108702E+00   1.0142745E+00   1.0190434E+00   1.0091217E+00
    1.0112393E+00   1.0095931E+00   1.0071059E+00   9.9394587E-01   9.9701633E-01
    9.7990135E-01   9.8317735E-01   9.8973313E-01   9.9228544E-01   1.0107726E+00
    9.6568340E-01   9.8125352E-01   9.8097108E-01   1.0139223E+00   1.0156117E+00

 1.5252719355E+02   7.3406275E+06   1.4015036E+14   4.3406488E+00   4.1818226E-05   1.0075972E-02   9.9968098E-01    51 
    1.0120362E+00   1.0248086E+00   1.0306050E+00   1.0244230E+00   1.0103487E+00
    1.0159817E+00   1.0136544E+00   1.0162018E+00   1.0133506E+00   1.0149117E+00
    1.0175754E+00   1.0184019E+00   1.0138917E+00   9.9428026E-01   1.0039691E+00
    1.0064453E+00   1.0137446E+00   1.0134345E+00   1.0128751E+00   1.0098908E+00
    1.0093275E+00   1.0093429E+00   1.0092470E+00   1.0108159E+00   1.0106138E+00
    1.0102419E+00   1.0115341E+00   9.9988023E-01   1.0080192E+00   1.0176411E+00
    1.0090625E+00   1.0028579E+00   1.0010010E+00   1.0022104E+00   1.0054201E+00
    1.0097536E+00   1.0087981E+00   1.0065239E+00   9.9659242E-01   1.0015207E+00
    9.9758276E-01   9.9577030E-01   9.9147808E-01   9.8997944E-01   1.0076641E+00
    9.9468841E-01   9.9978590E-01   1.0012433E+00   1.0083534E+00   1.0090862E+00

 1.5106967857E+02   4.9940067E+06   2.0612359E+14   4.7466622E+00   2.9527302E-05   6.9938716E-03   9.9977855E-01    52 
    1.0173282E+00   1.0109528E+00   1.0174440E+00   1.0173307E+00   1.0078440E+00
    1.0071126E+00   1.0143981E+00   1.0113066E+00   1.0118451E+00   1.0035871E+00
    1.0045680E+00   1.0075431E+00   1.0109898E+00   1.0000556E+00   1.0035982E+00
    9.9829977E-01   1.0075116E+00   1.0068228E+00   1.0063953E+00   1.0053815E+00
    1.0046285E+00   1.0044929E+00   1.0044051E+00   1.0050725E+00   1.0045914E+00
    1.0043574E+00   1.0058338E+00   1.0007468E+00   1.0022192E+00   1.0080825E+00
    1.0043307E+00   1.0007084E+00   9.9831518E-01   9.9845685E-01   1.0026609E+00
    1.0049786E+00   1.0048075E+00   1.0034634E+00   9.9886281E-01   1.0022599E+00
    1.0028254E+00   1.0011891E+00   9.9526454E-01   9.9522299E-01   1.0024463E+00
    1.0027752E+00   1.0039603E+00   1.0054308E+00   1.0038702E+00   1.0040879E+00

 1.4959449581E+02   3.8334061E+06   3.1461963E+14   5.2076349E+00   2.2718484E-05   4.6756704E-03   9.9985195E-01    53 
    1.0086852E+00   1.0039850E+00   1.0071504E+00   1.0074683E+00   1.0035240E+00
    1.0022983E+00   1.0066038E+00   1.0048293E+00   1.0055498E+00   1.0007891E+00
    1.0009691E+00   1.0023696E+00   1.0045088E+00   1.0007657E+00   1.0012970E+00
    9.9863607E-01   1.0027534E+00   1.0024613E+00   1.0023167E+00   1.0018189E+00
    1.0018643E+00   1.0017867E+00   1.0017435E+00   1.0017853E+00   1.0015533E+00
    1.0014718E+00   1.0019925E+00   1.0008983E+00   1.0009451E+00   1.0026773E+00
    1.0014129E+00   1.0002185E+00   9.9924148E-01   9.9924521E-01   1.0009092E+00
    1.0017328E+00   1.0017707E+00   1.0014016E+00   1.0001001E+00   1.0012618E+00
    1.0020481E+00   1.0007523E+00   9.9817896E-01   9.9857326E-01   1.0005113E+00
    1.0016096E+00   1.0018710E+00   1.0025294E+00   1.0014712E+00   1.0014823E+00

 1.4813949231E+02   3.1110672E+06   4.8007263E+14   5.7280519E+00   1.8562244E-05   3.1256091E-03   9.9990103E-01    54 
    1.0031358E+00   1.0014446E+00   1.0024770E+00   1.0026088E+00   1.0012784E+00
    1.0007244E+00   1.0023102E+00   1.0016609E+00   1.0019327E+00   1.0004366E+00
    1.0002833E+00   1.0005695E+00   1.0013401E+00   1.0003816E+00   1.0003551E+00
    9.9955977E-01   1.0007955E+00   1.0007417E+00   1.0007534E+00   1.0005127E+00
    1.0006851E+00   1.0006663E+00   1.0006633E+00   1.0005356E+00   1.0004929E+00
    1.0005141E+00   1.0005794E+00   1.0005096E+00   1.0004594E+00   1.0007787E+00
    1.0004082E+00   1.0000187E+00   9.9983699E-01   9.9994163E-01   1.0002856E+00
    1.0005486E+00   1.0005695E+00   1.0005103E+00   1.0002876E+00   1.0005388E+00
    1.0008062E+00   1.0001488E+00   9.9943555E-01   9.9969553E-01   1.0001251E+00
    1.0003435E+00   1.0005317E+00   1.0006616E+00   1.0005200E+00   1.0005120E+00

 1.4669896649E+02   2.6359657E+06   7.2491803E+14   6.3116436E+00   1.5936844E-05   2.1111683E-03   9.9993315E-01    55 
    1.0010543E+00   1.0005735E+00   1.0008124E+00   1.0008597E+00   1.0004492E+00
    1.0002408E+00   1.0007473E+00   1.0005465E+00   1.0006000E+00   1.0002583E+00
    1.0001145E+00   1.0001168E+00   1.0003610E+00   1.0001814E+00   1.0001243E+00
    9.9989495E-01   1.0002201E+00   1.0002204E+00   1.0002482E+00   1.0001565E+00
    1.0002478E+00   1.0002465E+00   1.0002521E+00   1.0001625E+00   1.0001653E+00
    1.0001939E+00   1.0001759E+00   1.0002440E+00   1.0001868E+00   1.0002300E+00
    1.0001328E+00   9.9999779E-01   9.9999644E-01   1.0000776E+00   1.0001078E+00
    1.0001857E+00   1.0001913E+00   1.0001863E+00   1.0001653E+00   1.0002226E+00
    1.0002773E+00   1.0000082E+00   9.9984134E-01   9.9996723E-01   1.0000413E+00
    1.0000373E+00   1.0001358E+00   1.0001349E+00   1.0001864E+00   1.0001833E+00

 1.4525782101E+02   2.3681040E+06   1.0898010E+15   6.9623126E+00   1.4407693E-05   1.4326022E-03   9.9995464E-01    56 
    1.0003367E+00   1.0002259E+00   1.0002616E+00   1.0002844E+00   1.0001510E+00
    1.0000963E+00   1.0002278E+00   1.0001804E+00   1.0001889E+00   1.0001180E+00
    1.0000535E+00   1.0000397E+00   1.0000873E+00   1.0000763E+00   1.0000493E+00
    9.9998245E-01   1.0000651E+00   1.0000676E+00   1.0000800E+00   1.0000529E+00
    1.0000917E+00   1.0000920E+00   1.0000951E+00   1.0000566E+00   1.0000597E+00
    1.0000726E+00   1.0000539E+00   1.0001253E+00   1.0000707E+00   1.0000730E+00
    1.0000471E+00   1.0000136E+00   1.0000206E+00   1.0000538E+00   1.0000431E+00
    1.0000675E+00   1.0000684E+00   1.0000687E+00   1.0000724E+00   1.0000843E+00
    1.0000976E+00   9.9998366E-01   9.9996647E-01   1.0000191E+00   9.9999499E-01
    1.0000052E+00   1.0000330E+00   1.0000152E+00   1.0000686E+00   1.0000675E+00

 1.4378889300E+02   2.2489646E+06   1.6405720E+15   7.6979183E+00   1.3616768E-05   9.7136602E-04   9.9996924E-01    57 
    1.0001163E+00   1.0000940E+00   1.0000968E+00   1.0001098E+00   1.0000519E+00
    1.0000444E+00   1.0000748E+00   1.0000680E+00   1.0000716E+00   1.0000481E+00
    1.0000256E+00   1.0000226E+00   1.0000213E+00   1.0000250E+00   1.0000176E+00
    9.9999472E-01   1.0000233E+00   1.0000237E+00   1.0000275E+00   1.0000181E+00
    1.0000377E+00   1.0000376E+00   1.0000386E+00   1.0000238E+00   1.0000243E+00
    1.0000287E+00   1.0000170E+00   1.0000689E+00   1.0000277E+00   1.0000279E+00
    1.0000178E+00   1.0000133E+00   1.0000143E+00   1.0000249E+00   1.0000170E+00
    1.0000276E+00   1.0000276E+00   1.0000280E+00   1.0000312E+00   1.0000307E+00
    1.0000380E+00   9.9998186E-01   9.9999357E-01   1.0000154E+00   9.9998381E-01
    1.0000028E+00   1.0000097E+00   9.9999436E-01   1.0000283E+00   1.0000276E+00

 1.4316312869E+02   2.2151265E+06   1.9408934E+15   8.0365671E+00   1.3392530E-05   8.2830199E-04   9.9997377E-01    58 
    1.0000662E+00   1.0000587E+00   1.0000576E+00   1.0000672E+00   1.0000308E+00
    1.0000283E+00   1.0000413E+00   1.0000416E+00   1.0000447E+00   1.0000295E+00
    1.0000179E+00   1.0000176E+00   1.0000117E+00   1.0000150E+00   1.0000112E+00
    9.9999984E-01   1.0000150E+00   1.0000150E+00   1.0000168E+00   1.0000110E+00
    1.0000245E+00   1.0000244E+00   1.0000249E+00   1.0000160E+00   1.0000159E+00
    1.0000182E+00   1.0000100E+00   1.0000515E+00   1.0000153E+00   1.0000172E+00
    1.0000107E+00   1.0000115E+00   1.0000112E+00   1.0000165E+00   1.0000104E+00
    1.0000175E+00   1.0000173E+00   1.0000176E+00   1.0000208E+00   1.0000186E+00
    1.0000239E+00   9.9998782E-01   1.0000004E+00   1.0000138E+00   9.9998849E-01
    1.0000038E+00   1.0000068E+00   9.9999415E-01   1.0000177E+00   1.0000173E+00

 1.4284972683E+02   2.1991155E+06   2.1069626E+15   8.2117732E+00   1.3293956E-05   7.6638420E-04   9.9997573E-01    59 
    1.0000635E+00   1.0000565E+00   1.0000559E+00   1.0000658E+00   1.0000299E+00
    1.0000281E+00   1.0000424E+00   1.0000416E+00   1.0000442E+00   1.0000294E+00
    1.0000183E+00   1.0000177E+00   1.0000109E+00   1.0000146E+00   1.0000109E+00
    1.0000007E+00   1.0000148E+00   1.0000148E+00   1.0000166E+00   1.0000107E+00
    1.0000247E+00   1.0000245E+00   1.0000250E+00   1.0000160E+00   1.0000160E+00
    1.0000182E+00   1.0000096E+00   1.0000508E+00   1.0000175E+00   1.0000170E+00
    1.0000103E+00   1.0000120E+00   1.0000119E+00   1.0000168E+00   1.0000099E+00
    1.0000174E+00   1.0000172E+00   1.0000175E+00   1.0000212E+00   1.0000186E+00
    1.0000239E+00   9.9999171E-01   1.0000021E+00   1.0000143E+00   9.9998886E-01
    1.0000045E+00   1.0000073E+00   9.9999534E-01   1.0000177E+00   1.0000172E+00

 1.4274512462E+02   2.1928568E+06   2.1648478E+15   8.2728828E+00   1.3262246E-05   7.4699080E-04   9.9997635E-01    60 
    1.0014409E+00   1.0011235E+00   1.0011783E+00   1.0012468E+00   1.0009848E+00
    1.0008282E+00   1.0009387E+00   1.0008701E+00   1.0008709E+00   1.0007971E+00
    1.0007411E+00   1.0006945E+00   1.0006392E+00   1.0006246E+00   1.0005740E+00
    1.0005735E+00   1.0005529E+00   1.0005558E+00   1.0005680E+00   1.0005364E+00
    1.0005162E+00   1.0005169E+00   1.0005190E+00   1.0004538E+00   1.0004614E+00
    1.0004731E+00   1.0004450E+00   1.0005513E+00   1.0004986E+00   1.0004384E+00
    1.0004157E+00   1.0004014E+00   1.0004218E+00   1.0004467E+00   1.0004158E+00
    1.0004380E+00   1.0004308E+00   1.0004318E+00   1.0004515E+00   1.0004489E+00
    1.0004518E+00   1.0004836E+00   1.0003924E+00   1.0004208E+00   1.0003067E+00
    1.0003661E+00   1.0003690E+00   1.0003585E+00   1.0004141E+00   1.0004144E+00
