
 24-FEB-2004                           !Format date

 1.4274512462E+02     2.4879E+05       66       60

 3.0380928183E+04   2.3661901E+00   3.1117433E+05   1.0432762E+00   6.1203383E+00   1.9135319E+03   5.0000000E-02     1 
    7.8829025E-06   3.4631577E-09   1.2655940E-09   3.2080509E-09   4.1210395E-09
    3.9667097E-07   6.8895086E-05   9.6312576E-05   2.6365402E-05   2.6661606E-05
    1.2343914E-07   1.2446292E-07   5.7161428E-05   3.9132750E-03   3.9448991E-03
    1.3142548E-03   1.3463343E-03   1.9123954E-05   1.9133548E-05   2.3327529E-05
    1.4688705E-03   4.4896199E-02   4.6149921E-02   6.5647223E-03   6.5890974E-03
    3.0286040E-04   3.0285716E-04   4.7341251E-04   1.2125422E-02   9.2982664E-02
    2.4752650E-02   1.5539735E-03   2.9650280E-03   5.8932929E-02   2.0730414E-01
    6.7635115E-02   4.2765655E-03   9.9503198E-03   1.7862746E-01   5.2681622E-01
    1.1186299E-01   2.3689632E-02   8.0157934E-03   4.4232525E-01   1.0618654E+00
    9.4391434E-02   4.5862226E-02   1.2530215E-02   5.8283246E-01   9.9174239E+00
    1.1465180E-02   2.0232203E-02   7.4124284E-02   6.5834147E-02   1.1266944E+01
    1.2069214E-02   2.6865787E-02   1.1380367E-01   1.9378880E-01   3.5298814E-01
    3.0159644E-01   5.8057125E-01   6.8724752E-01   5.4706416E-01   5.3396856E-01
    4.7673626E-01

 3.0008849632E+04   2.4290851E+00   3.1897234E+05   1.0458773E+00   6.1102029E+00   1.9133540E+03   5.0000000E-02     2 
    8.7311850E-06   3.8399843E-09   1.4073347E-09   3.4485326E-09   4.4287800E-09
    4.2135322E-07   7.2566411E-05   1.0145209E-04   2.7476651E-05   2.7785612E-05
    1.2844881E-07   1.2951383E-07   5.9258405E-05   4.0412831E-03   4.0739168E-03
    1.3501950E-03   1.3831198E-03   1.9631396E-05   1.9641251E-05   2.3944639E-05
    1.5047169E-03   4.5900920E-02   4.7180417E-02   6.6925114E-03   6.7173572E-03
    3.0861518E-04   3.0861192E-04   4.8236738E-04   1.2339879E-02   9.4515009E-02
    2.5119640E-02   1.5764825E-03   3.0077052E-03   5.9734714E-02   2.0999840E-01
    6.8433220E-02   4.3260327E-03   1.0064461E-02   1.8056414E-01   5.3239929E-01
    1.1293545E-01   2.3914015E-02   8.0919598E-03   4.4628880E-01   1.0710088E+00
    9.5170614E-02   4.6231554E-02   1.2631338E-02   5.8761307E-01   9.9888029E+00
    1.1549230E-02   2.0375994E-02   7.4642606E-02   6.6293483E-02   1.1346062E+01
    1.2147205E-02   2.7035326E-02   1.1450969E-01   1.9488640E-01   3.5481730E-01
    3.0304415E-01   5.8306177E-01   6.9009344E-01   5.4917498E-01   5.3588646E-01
    4.7836320E-01

 2.9277928027E+04   2.5600225E+00   3.3516826E+05   1.0510969E+00   6.0899449E+00   1.9129909E+03   5.0000000E-02     3 
    1.0700133E-05   4.7275060E-09   1.7366092E-09   3.9831535E-09   5.1125971E-09
    4.7523850E-07   8.0475978E-05   1.1253529E-04   2.9832370E-05   3.0168984E-05
    1.3904462E-07   1.4019612E-07   6.3669601E-05   4.3089563E-03   4.3438231E-03
    1.4247628E-03   1.4594139E-03   2.0683087E-05   2.0693484E-05   2.5223569E-05
    1.5787427E-03   4.7970818E-02   4.9302037E-02   6.9545387E-03   6.9803484E-03
    3.2041349E-04   3.2041022E-04   5.0072545E-04   1.2778304E-02   9.7642477E-02
    2.5867230E-02   1.6223333E-03   3.0946342E-03   6.1363834E-02   2.1547185E-01
    7.0052175E-02   4.4263864E-03   1.0296008E-02   1.8448277E-01   5.4371546E-01
    1.1510336E-01   2.4367972E-02   8.2460500E-03   4.5428478E-01   1.0894766E+00
    9.6742978E-02   4.6977378E-02   1.2835541E-02   5.9725820E-01   1.0132282E+01
    1.1718763E-02   2.0666005E-02   7.5687993E-02   6.7219941E-02   1.1505415E+01
    1.2304451E-02   2.7376938E-02   1.1593241E-01   1.9710108E-01   3.5849048E-01
    3.0594851E-01   5.8807198E-01   6.9581929E-01   5.5344266E-01   5.3978073E-01
    4.8164770E-01

 2.7870538552E+04   2.8434921E+00   3.7003175E+05   1.0617240E+00   6.0488860E+00   1.9122377E+03   5.0000000E-02     4 
    1.6094623E-05   7.2042293E-09   2.6493443E-09   5.3198701E-09   6.8205345E-09
    6.0507830E-07   9.9035127E-05   1.3857701E-04   3.5184643E-05   3.5586028E-05
    1.6301152E-07   1.6435836E-07   7.3536815E-05   4.9005488E-03   4.9406837E-03
    1.5870013E-03   1.6253872E-03   2.2966428E-05   2.2978004E-05   2.7999824E-05
    1.7383742E-03   5.2409314E-02   5.3850360E-02   7.5114901E-03   7.5393443E-03
    3.4547247E-04   3.4546921E-04   5.3970917E-04   1.3704931E-02   1.0422975E-01
    2.7435169E-02   1.7184486E-03   3.2768195E-03   6.4765390E-02   2.2689104E-01
    7.3417865E-02   4.6349995E-03   1.0777220E-02   1.9259716E-01   5.6718118E-01
    1.1957933E-01   2.5306079E-02   8.5645292E-03   4.7074652E-01   1.1274957E+00
    9.9978981E-02   4.8512583E-02   1.3255948E-02   6.1710700E-01   1.0425721E+01
    1.2067103E-02   2.1261515E-02   7.7833648E-02   6.9121834E-02   1.1832263E+01
    1.2627046E-02   2.8076956E-02   1.1884649E-01   2.0163259E-01   3.6599056E-01
    3.1188119E-01   5.9828097E-01   7.0748651E-01   5.6214483E-01   5.4773836E-01
    4.8835880E-01

 2.5258982116E+04   3.5086872E+00   4.5090813E+05   1.0838062E+00   5.9648094E+00   1.9106308E+03   5.0000000E-02     5 
    3.6708384E-05   1.6925676E-08   6.2361078E-09   9.5401400E-09   1.2198206E-08
    9.8470296E-07   1.5043483E-04   2.1086197E-04   4.9078084E-05   4.9650035E-05
    2.2466015E-07   2.2650964E-07   9.8343173E-05   6.3524741E-03   6.4057632E-03
    1.9727676E-03   2.0199755E-03   2.8370060E-05   2.8384449E-05   3.4566569E-05
    2.1112245E-03   6.2656863E-02   6.4348402E-02   8.7755534E-03   8.8080316E-03
    4.0219093E-04   4.0218784E-04   6.2789753E-04   1.5784025E-02   1.1892144E-01
    3.0897968E-02   1.9302948E-03   3.6781518E-03   7.2214654E-02   2.5187416E-01
    8.0717368E-02   5.0870952E-03   1.1819445E-02   2.1007895E-01   6.1778827E-01
    1.2915589E-01   2.7314839E-02   9.2467292E-03   5.0581547E-01   1.2082559E+00
    1.0686328E-01   5.1774047E-02   1.4149371E-02   6.5941466E-01   1.1042598E+01
    1.2805421E-02   2.2520433E-02   8.2365913E-02   7.3143189E-02   1.2524921E+01
    1.3307859E-02   2.9550656E-02   1.2497652E-01   2.1114599E-01   3.8167518E-01
    3.2430609E-01   6.1952721E-01   7.3178429E-01   5.8026000E-01   5.6439036E-01
    5.0238645E-01

 2.0750310885E+04   5.3501045E+00   6.6953295E+05   1.1307436E+00   5.7895406E+00   1.9069604E+03   5.0000000E-02     6 
    1.9016429E-04   9.4502094E-08   3.5088860E-08   3.0753094E-08   3.8974772E-08
    2.6031034E-06   3.4630397E-04   4.8741489E-04   9.5394988E-05   9.6564899E-05
    4.2649831E-07   4.2998091E-07   1.7581982E-04   1.0665169E-02   1.0761234E-02
    3.0470208E-03   3.1180178E-03   4.3284127E-05   4.3306405E-05   5.2676207E-05
    3.1116549E-03   8.9531698E-02   9.1844143E-02   1.1972899E-02   1.2016955E-02
    5.4516481E-04   5.4516309E-04   8.4998150E-04   2.0919333E-02   1.5472809E-01
    3.9187454E-02   2.4362807E-03   4.6356214E-03   8.9717023E-02   3.1039528E-01
    9.7577413E-02   6.1304068E-03   1.4221389E-02   2.4978292E-01   7.3369020E-01
    1.5063719E-01   3.1837452E-02   1.0784410E-02   5.8356955E-01   1.3867966E+00
    1.2214342E-01   5.8998700E-02   1.6130974E-02   7.5377683E-01   1.2367469E+01
    1.4434579E-02   2.5282663E-02   9.2285185E-02   8.1965335E-02   1.4051462E+01
    1.4797994E-02   3.2756576E-02   1.3827471E-01   2.3167024E-01   4.1532865E-01
    3.5093251E-01   6.6445356E-01   7.8323937E-01   6.1877634E-01   5.9987196E-01
    5.3239319E-01

 1.4179315076E+04   1.2016856E+01   1.4415811E+06   1.2225236E+00   5.5195583E+00   1.8972797E+03   5.0000000E-02     7 
    3.0669167E-03   1.9144573E-06   7.2417010E-07   2.4281661E-07   2.9629357E-07
    1.4134043E-05   1.4711085E-03   2.0962383E-03   3.0473472E-04   3.0897257E-04
    1.3030492E-06   1.3134372E-06   4.8730052E-04   2.6411194E-02   2.6709444E-02
    6.5151209E-03   6.6549640E-03   9.0389424E-05   9.0437696E-05   1.0970393E-04
    6.1228902E-03   1.6735023E-01   1.7114461E-01   2.0607030E-02   2.0681127E-02
    9.2747380E-04   9.2748315E-04   1.4416149E-03   3.4184031E-02   2.4481208E-01
    5.9549642E-02   3.6620054E-03   6.9458545E-03   1.3104143E-01   4.4920191E-01
    1.3650780E-01   8.5029729E-03   1.9663396E-02   3.3803090E-01   1.0012343E+00
    1.9756865E-01   4.1660594E-02   1.4132964E-02   7.4899968E-01   1.7711600E+00
    1.5496208E-01   7.4240159E-02   2.0320206E-02   9.6421167E-01   1.4967603E+01
    1.7908598E-02   3.1010643E-02   1.1276833E-01   1.0041833E-01   1.7413931E+01
    1.7901553E-02   3.9302763E-02   1.6531296E-01   2.7286701E-01   4.8306466E-01
    4.0354567E-01   7.5235008E-01   8.8530836E-01   6.9424019E-01   6.6881713E-01
    5.8969423E-01

 9.6984662755E+03   2.6688650E+01   3.1055041E+06   1.2980091E+00   5.3305759E+00   1.8830007E+03   5.0000000E-02     8 
    1.8179249E-02   1.6965820E-05   6.5043634E-06   1.1571807E-06   1.2829167E-06
    4.7093487E-05   4.0746453E-03   5.8843010E-03   7.0568893E-04   7.1563274E-04
    2.9124254E-06   2.9330791E-06   1.0269776E-03   5.0888119E-02   5.1543788E-02
    1.1224789E-02   1.1429453E-02   1.5325584E-04   1.5333573E-04   1.8569633E-04
    9.8974089E-03   2.6213317E-01   2.6672351E-01   3.0184262E-02   3.0286629E-02
    1.3591009E-03   1.3591276E-03   2.1063970E-03   4.8150625E-02   3.3453745E-01
    8.0481616E-02   4.9101483E-03   9.2861979E-03   1.7036401E-01   5.8648668E-01
    1.7414684E-01   1.0760597E-02   2.4817788E-02   4.1590209E-01   1.2702847E+00
    2.3945605E-01   5.0545600E-02   1.7178871E-02   8.8564739E-01   2.1121665E+00
    1.8434158E-01   8.7589437E-02   2.4006543E-02   1.1705417E+00   1.6669594E+01
    2.1094510E-02   3.5944222E-02   1.3026914E-01   1.1673155E-01   2.0693954E+01
    2.0693794E-02   4.4838662E-02   1.8803438E-01   3.0753689E-01   5.4071120E-01
    4.4574134E-01   8.1438993E-01   9.6623963E-01   7.5328837E-01   7.2252085E-01
    6.3471313E-01

 6.6451275581E+03   5.8610817E+01   6.6897600E+06   1.3499759E+00   5.2129882E+00   1.8622895E+03   5.0000000E-02     9 
    4.1391232E-02   7.1102956E-05   2.7845764E-05   3.7063487E-06   3.3737302E-06
    9.9619047E-05   7.4892502E-03   1.1055275E-02   1.2018658E-03   1.2185814E-03
    4.8708767E-06   4.8839576E-06   1.6889963E-03   7.6869648E-02   7.8144700E-02
    1.5752602E-02   1.5980081E-02   2.1334302E-04   2.1339487E-04   2.5782936E-04
    1.3287716E-02   3.4657939E-01   3.5055665E-01   3.8124152E-02   3.8233909E-02
    1.7276163E-03   1.7275230E-03   2.6683373E-03   5.9029897E-02   4.0078559E-01
    9.7483161E-02   5.9015526E-03   1.1129609E-02   1.9856253E-01   6.9803894E-01
    2.0354606E-01   1.2468327E-02   2.8696405E-02   4.6796000E-01   1.5035953E+00
    2.6906975E-01   5.7026002E-02   1.9419184E-02   9.6964942E-01   2.3516200E+00
    2.0638165E-01   9.7117073E-02   2.6651040E-02   1.3537964E+00   1.7114876E+01
    2.3698398E-02   3.9432156E-02   1.4256663E-01   1.2919515E-01   2.3656870E+01
    2.3031637E-02   4.8698543E-02   2.0389487E-01   3.3299697E-01   5.8218900E-01
    4.7225797E-01   8.4777954E-01   1.0168401E+00   7.9081529E-01   7.5775877E-01
    6.6290979E-01

 4.5731075303E+03   1.2723843E+02   1.4353426E+07   1.3833139E+00   5.1417019E+00   1.8328683E+03   5.0000000E-02    10 
    5.0284692E-02   1.8331065E-04   7.4145121E-05   1.0333560E-05   6.8563980E-06
    1.5769754E-04   1.0391906E-02   1.5679699E-02   1.6798312E-03   1.6975194E-03
    6.9835856E-06   6.8256724E-06   2.4514011E-03   9.8574974E-02   1.0077438E-01
    1.9545454E-02   1.9752122E-02   2.6103121E-04   2.6058593E-04   3.1340077E-04
    1.5925292E-02   4.1548841E-01   4.1755060E-01   4.3341326E-02   4.3409739E-02
    1.9994520E-03   1.9980255E-03   3.0692185E-03   6.6063630E-02   4.3188670E-01
    1.0984438E-01   6.5936659E-03   1.2381370E-02   2.1553216E-01   7.7813186E-01
    2.2507246E-01   1.3613170E-02   3.1241191E-02   4.9678886E-01   1.7053579E+00
    2.8790294E-01   6.1169161E-02   2.0894629E-02   1.0093293E+00   2.5012875E+00
    2.2251598E-01   1.0309226E-01   2.8356374E-02   1.5256050E+00   1.6489855E+01
    2.6004420E-02   4.1648650E-02   1.5015468E-01   1.3867655E-01   2.6520363E+01
    2.5370171E-02   5.1121279E-02   2.1361120E-01   3.4996517E-01   6.0627841E-01
    4.8921011E-01   8.5554724E-01   1.0419424E+00   8.1168996E-01   7.7660734E-01
    6.8061569E-01

 3.1681742647E+03   2.7358692E+02   3.0599462E+07   1.4085704E+00   5.0905139E+00   1.7914472E+03   5.0000000E-02    11 
    4.7317277E-02   3.9061617E-04   1.6505825E-04   3.0922643E-05   1.4727020E-05
    2.3381694E-04   1.2663835E-02   1.9526425E-02   2.2017457E-03   2.1987371E-03
    1.0956106E-05   9.5124690E-06   3.7178364E-03   1.1778875E-01   1.2153387E-01
    2.3579934E-02   2.3719482E-02   3.0822265E-04   3.0438724E-04   3.6073249E-04
    1.8500661E-02   4.8795341E-01   4.8637052E-01   4.7558143E-02   4.7480594E-02
    2.2440515E-03   2.2337312E-03   3.3937694E-03   7.1568786E-02   4.4562956E-01
    1.2092655E-01   7.1728348E-03   1.3363247E-02   2.2763422E-01   8.4906865E-01
    2.4494794E-01   1.4540679E-02   3.3192703E-02   5.1551617E-01   1.9196772E+00
    3.0299276E-01   6.4295947E-02   2.2078171E-02   1.0288968E+00   2.6122359E+00
    2.3798901E-01   1.0756129E-01   2.9708487E-02   1.7253175E+00   1.5096807E+01
    2.8882746E-02   4.3378123E-02   1.5580600E-01   1.4856057E-01   2.9910868E+01
    2.8886544E-02   5.2995971E-02   2.2091175E-01   3.6449312E-01   6.2538390E-01
    5.0468984E-01   8.4302410E-01   1.0497013E+00   8.2628672E-01   7.9043849E-01
    6.9662040E-01

 2.2102021975E+03   5.8800456E+02   6.4974812E+07   1.4358246E+00   5.0214092E+00   1.7335816E+03   5.0000000E-02    12 
    4.5826889E-02   8.6318142E-04   3.8232923E-04   1.0811430E-04   4.1483547E-05
    4.0518314E-04   1.5479308E-02   2.3610033E-02   3.0352619E-03   2.9317516E-03
    2.7207459E-05   1.7122468E-05   6.9105907E-03   1.4015767E-01   1.4663399E-01
    2.9793068E-02   2.9853258E-02   3.9360663E-04   3.6910909E-04   4.1623423E-04
    2.2272633E-02   5.9045528E-01   5.8519635E-01   5.3295547E-02   5.2801190E-02
    2.6020016E-03   2.5394992E-03   3.7548885E-03   7.8782974E-02   4.6054799E-01
    1.3488968E-01   7.8869719E-03   1.4418059E-02   2.4205964E-01   9.3058405E-01
    2.7057238E-01   1.5644529E-02   3.5231652E-02   5.3746532E-01   2.1935861E+00
    3.2234515E-01   6.7492004E-02   2.3450253E-02   1.0509929E+00   2.7423454E+00
    2.5874358E-01   1.1206061E-01   3.1275713E-02   2.0045904E+00   1.3058629E+01
    3.3706969E-02   4.5328395E-02   1.6142439E-01   1.6264887E-01   3.4625571E+01
    3.5637084E-02   5.5095606E-02   2.2823186E-01   3.8101106E-01   6.4530134E-01
    5.2591610E-01   8.1737613E-01   1.0381706E+00   8.3303759E-01   7.8422211E-01
    7.0555140E-01

 1.5533911377E+03   1.2647255E+03   1.3789959E+08   1.4730062E+00   4.9527190E+00   1.6536486E+03   5.0000000E-02    13 
    5.5580839E-02   2.2966720E-03   1.0632161E-03   4.5322843E-04   1.6449835E-04
    9.8673412E-04   2.0903635E-02   2.9829475E-02   4.8841079E-03   4.3982970E-03
    1.2444613E-04   5.6416208E-05   1.7238017E-02   1.7357399E-01   1.8493227E-01
    4.2659086E-02   4.2399013E-02   6.8309027E-04   5.3712344E-04   5.1038029E-04
    2.9781437E-02   7.6644785E-01   7.6291004E-01   6.5558251E-02   6.3879049E-02
    3.5333973E-03   3.1844691E-03   4.3515523E-03   9.3788130E-02   5.1061208E-01
    1.5860181E-01   9.3159393E-03   1.6170483E-02   2.7147903E-01   1.0490773E+00
    3.1403738E-01   1.7817412E-02   3.8692792E-02   5.8714787E-01   2.5914500E+00
    3.5956813E-01   7.3086447E-02   2.6103818E-02   1.1193648E+00   2.9465321E+00
    2.9683453E-01   1.2019091E-01   3.4453131E-02   2.4650476E+00   1.0676665E+01
    4.3664707E-02   4.9358649E-02   1.7213616E-01   1.9007459E-01   4.2228046E+01
    5.0535687E-02   5.9552696E-02   2.4288750E-01   4.1601147E-01   6.8345760E-01
    5.7017301E-01   7.9419108E-01   1.0251372E+00   8.6622603E-01   7.9460433E-01
    7.2346872E-01

 1.1021654840E+03   2.7438467E+03   2.9313112E+08   1.5273666E+00   4.8583077E+00   1.5453509E+03   5.0000000E-02    14 
    9.6015575E-02   7.9991368E-03   3.8392727E-03   2.2744087E-03   9.0237397E-04
    3.5188130E-03   3.3763265E-02   4.4354493E-02   9.7986633E-03   8.1111825E-03
    7.9181313E-04   3.4182676E-04   5.6629982E-02   2.2899249E-01   2.4751639E-01
    7.2480382E-02   6.8433439E-02   2.0307728E-03   1.2200002E-03   6.9950478E-04
    4.5675053E-02   1.0347826E+00   1.0514868E+00   9.3228761E-02   8.8046970E-02
    6.9135908E-03   5.1350035E-03   5.4382953E-03   1.2815292E-01   6.2581434E-01
    2.0202548E-01   1.2954178E-02   1.9301505E-02   3.3682080E-01   1.2230546E+00
    3.8983616E-01   2.3200333E-02   4.4869906E-02   7.0329744E-01   3.1185051E+00
    4.3350616E-01   8.3162248E-02   3.2221894E-02   1.3023873E+00   3.2151391E+00
    3.7031707E-01   1.3502927E-01   4.2021889E-02   3.2467567E+00   8.5556350E+00
    6.5246913E-02   5.9670100E-02   1.9223717E-01   2.4551845E-01   5.4668478E+01
    8.4306628E-02   7.1172691E-02   2.7120857E-01   4.9007540E-01   7.4850565E-01
    6.4208940E-01   8.0427019E-01   1.0101293E+00   9.1591318E-01   8.0854381E-01
    7.5100763E-01

 7.9233712726E+02   6.0678384E+03   6.2483088E+08   1.6150258E+00   4.6968895E+00   1.4028867E+03   5.0000000E-02    15 
    3.0457403E-01   4.3418638E-02   2.1951941E-02   1.4927835E-02   7.5450361E-03
    1.8182660E-02   6.7112120E-02   9.4850483E-02   2.5402735E-02   2.1030174E-02
    6.0051944E-03   3.1602712E-03   2.4407447E-01   3.4373984E-01   3.7360582E-01
    1.5915435E-01   1.2022014E-01   9.5744229E-03   5.5660627E-03   1.2663711E-03
    8.3135868E-02   1.3844302E+00   1.4482992E+00   1.6022138E-01   1.4395081E-01
    2.3031226E-02   1.4803769E-02   7.7088862E-03   2.1276069E-01   8.4614139E-01
    2.9003965E-01   2.4341266E-02   2.5390117E-02   4.8808312E-01   1.5048304E+00
    5.2354601E-01   4.1785002E-02   5.6356945E-02   9.7187270E-01   3.6499897E+00
    5.7884962E-01   1.0140961E-01   4.9502324E-02   1.7435376E+00   3.3580114E+00
    5.1283082E-01   1.6152577E-01   6.5134660E-02   4.5453614E+00   8.6215520E+00
    1.1429627E-01   9.3691988E-02   2.2789710E-01   3.5910856E-01   7.3990960E+01
    1.6274974E-01   1.0976235E-01   3.2126839E-01   6.1930998E-01   8.5663527E-01
    7.3370661E-01   8.8800212E-01   9.5699847E-01   1.0107747E+00   8.5291431E-01
    8.1057715E-01

 5.7994080280E+02   1.3641369E+04   1.3405680E+09   1.7007124E+00   4.5024399E+00   1.2205141E+03   5.0000000E-02    16 
    7.5325651E-01   1.7671249E-01   9.7883552E-02   7.7629756E-02   5.2741073E-02
    7.9272345E-02   1.0304576E-01   1.5899974E-01   6.6300564E-02   5.2944049E-02
    3.9515790E-02   2.7421934E-02   8.8607225E-01   4.6561146E-01   5.0173506E-01
    3.7469631E-01   1.6020323E-01   4.8094527E-02   3.4008878E-02   3.9280076E-03
    1.4608285E-01   1.5749756E+00   1.6515649E+00   2.8444713E-01   2.3878801E-01
    1.0912620E-01   7.7704587E-02   1.1693624E-02   3.4071584E-01   1.0883824E+00
    4.1909633E-01   6.8054879E-02   3.4380832E-02   6.8631626E-01   1.8395557E+00
    6.4448343E-01   1.1304676E-01   7.1211652E-02   1.2997481E+00   3.0509780E+00
    7.5043898E-01   1.2331168E-01   9.8644918E-02   2.2667754E+00   2.5494460E+00
    6.9464941E-01   1.9237240E-01   1.7562574E-01   5.8495120E+00   1.0501668E+01
    2.1084739E-01   2.0676785E-01   2.6902447E-01   5.3607389E-01   9.0463895E+01
    3.1354492E-01   2.3886530E-01   3.7960569E-01   7.8363427E-01   9.5385226E-01
    8.0225887E-01   9.5153060E-01   8.7385647E-01   1.0356292E+00   9.4014949E-01
    8.3370109E-01

 4.3569864048E+02   3.0893203E+04   2.8833143E+09   1.7232996E+00   4.2819172E+00   1.0051928E+03   5.0000000E-02    17 
    5.0803805E-01   1.9175601E-01   1.5118233E-01   1.4213467E-01   1.2332175E-01
    1.5443956E-01   1.1977535E-01   1.5346044E-01   1.2774634E-01   1.1369749E-01
    1.2950136E-01   1.1333766E-01   1.5617945E+00   4.3259479E-01   4.6047235E-01
    4.6569484E-01   2.3930065E-01   1.4865579E-01   1.3059456E-01   1.6479931E-02
    1.9533491E-01   1.5152308E+00   1.5913364E+00   3.9688918E-01   3.5973068E-01
    3.0192511E-01   2.6287460E-01   2.1885084E-02   4.0055470E-01   1.0700025E+00
    5.4837942E-01   2.5266225E-01   5.0728612E-02   7.0766699E-01   2.4212089E+00
    6.6684000E-01   2.4846689E-01   9.1390436E-02   1.2799962E+00   1.2813933E+00
    8.4134171E-01   1.4702646E-01   2.5467905E-01   2.1004299E+00   1.3624562E+00
    8.3330318E-01   2.2188034E-01   5.3374305E-01   5.9925559E+00   4.3837981E+00
    3.6839811E-01   5.0682253E-01   3.0707350E-01   7.0370435E-01   8.6332210E+01
    4.9314871E-01   5.2725090E-01   4.3345217E-01   9.4592977E-01   9.6698178E-01
    8.3969121E-01   8.3338117E-01   9.3319416E-01   8.8381924E-01   9.7662544E-01
    8.6478187E-01

 3.3844907908E+02   7.6386608E+04   6.1872078E+09   1.7998330E+00   3.6114465E+00   7.7616576E+02   5.0000000E-02    18 
    7.7390181E-01   4.1759858E-01   4.5209521E-01   3.8403818E-01   3.5398777E-01
    4.7250451E-01   1.8511797E-01   2.2764521E-01   2.3253965E-01   2.7628912E-01
    4.1107618E-01   3.8096852E-01   3.4626722E+00   5.7320957E-01   6.1953152E-01
    3.5683876E-01   3.9503085E-01   4.7997115E-01   4.4878396E-01   7.1448788E-02
    3.2328687E-01   1.6631561E+00   1.7865626E+00   6.0891884E-01   6.2933785E-01
    2.6211358E-01   2.4786005E-01   6.1314082E-02   5.5920001E-01   9.9086288E-01
    8.8757932E-01   4.2581830E-01   1.1023488E-01   8.8236242E-01   3.0732021E+00
    1.0183873E+00   7.9874122E-01   1.5892730E-01   1.6300936E+00   1.7166972E+00
    1.1760729E+00   2.3542553E-01   6.5356373E-01   2.1896321E+00   1.8426833E+00
    1.2857511E+00   3.2399679E-01   7.5175308E-01   6.1461812E+00   3.1070993E+00
    6.9457396E-01   1.1728309E+00   4.3214873E-01   1.0589621E+00   7.8269185E+01
    7.8510908E-01   1.3195708E+00   6.0202316E-01   1.3775758E+00   1.0532037E+00
    1.0077803E+00   9.1359869E-01   9.5222175E-01   8.9190236E-01   9.2036885E-01
    9.2987529E-01

 2.7293936417E+02   2.0548057E+05   1.3434955E+10   1.8977104E+00   2.7337261E+00   5.4946584E+02   5.0000011E-02    19 
    1.3053443E+00   9.0860915E-01   9.7968365E-01   9.4961502E-01   9.6867617E-01
    1.0871159E+00   3.8257245E-01   4.4014486E-01   5.0465128E-01   7.9373891E-01
    1.2363741E+00   1.2595537E+00   2.9838878E+00   7.0381595E-01   8.7154347E-01
    6.1066313E-01   6.4431266E-01   1.0796753E+00   1.1196832E+00   3.0588768E-01
    4.7047449E-01   1.5647554E+00   1.7945244E+00   8.3575384E-01   8.6132485E-01
    4.2435101E-01   4.5072231E-01   1.8694155E-01   6.2013249E-01   1.4841503E+00
    1.0511727E+00   7.0434490E-01   2.8258689E-01   1.0381863E+00   2.0331245E+00
    1.2724045E+00   7.3987808E-01   3.1379043E-01   1.7365558E+00   1.6561491E+00
    1.4180041E+00   3.9443696E-01   1.4714493E+00   1.6605885E+00   1.6737722E+00
    1.6204361E+00   5.0763758E-01   1.5263478E+00   4.2667978E+00   2.3247266E+00
    9.5782316E-01   3.4086463E+00   6.1140875E-01   1.2506250E+00   4.3861259E+01
    9.1600729E-01   3.1169580E+00   7.7173948E-01   1.3376861E+00   1.4476274E+00
    1.1766443E+00   1.0352737E+00   9.3890837E-01   9.4196393E-01   8.9331216E-01
    9.0228489E-01

 2.3071162187E+02   5.8724730E+05   2.8876340E+10   2.0195703E+00   1.8119273E+00   3.5756362E+02   5.0006331E-02    20 
    2.3233910E+00   1.7939830E+00   2.1045155E+00   2.2777940E+00   2.4245368E+00
    2.0139061E+00   9.2050062E-01   9.7883445E-01   9.3429721E-01   1.3735441E+00
    2.5453964E+00   2.7035722E+00   6.5724404E+00   1.0735114E+00   1.0573522E+00
    7.9342192E-01   8.3780511E-01   2.1055223E+00   2.2681788E+00   7.8757321E-01
    5.8015870E-01   1.7412090E+00   1.7744266E+00   1.1087330E+00   1.1546523E+00
    9.5255366E-01   1.0342094E+00   5.2920239E-01   8.0829752E-01   2.0118052E+00
    1.2650999E+00   1.5099820E+00   6.0171846E-01   1.2145084E+00   1.7612669E+00
    1.4055901E+00   1.4513105E+00   5.7238830E-01   1.3592461E+00   1.9002395E+00
    1.4601614E+00   6.5035926E-01   2.2406642E+00   1.2217833E+00   1.6729456E+00
    1.4731029E+00   7.5344525E-01   3.0351334E+00   2.1360677E+00   2.1780565E+00
    1.1230172E+00   2.0895118E+00   8.3386447E-01   1.2734588E+00   1.3616357E+01
    9.9151294E-01   1.8142723E+00   9.3932275E-01   1.3639317E+00   1.3400080E+00
    1.2859661E+00   1.1695144E+00   1.0646506E+00   1.0204144E+00   9.7633538E-01
    9.4903176E-01

 2.0657000319E+02   1.4398535E+06   5.5422420E+10   2.1325297E+00   1.2033177E+00   2.3023455E+02   5.0441303E-02    21 
    3.4274875E+00   2.9368145E+00   3.1149960E+00   4.0094843E+00   4.0245439E+00
    2.5362520E+00   1.4332459E+00   1.6202756E+00   1.4607190E+00   2.4819655E+00
    3.1826466E+00   3.2183830E+00   7.4874142E+00   1.4613394E+00   1.5274901E+00
    1.0223491E+00   1.0623366E+00   3.1814204E+00   3.2920574E+00   1.0842367E+00
    6.6201825E-01   1.9926743E+00   2.0678700E+00   1.3860254E+00   1.4257425E+00
    1.5958228E+00   1.6862212E+00   8.5704175E-01   8.9763810E-01   1.8898411E+00
    1.5097456E+00   2.4814702E+00   8.5358271E-01   9.7042404E-01   1.6602836E+00
    1.6162218E+00   2.3325998E+00   8.2197696E-01   1.2437531E+00   1.9408728E+00
    1.7586914E+00   8.5739016E-01   2.5908762E+00   1.0637028E+00   1.7236158E+00
    1.9832723E+00   9.5850162E-01   5.7462093E+00   1.3882353E+00   1.9040219E+00
    1.1792623E+00   3.6926544E+00   1.0431239E+00   1.2896258E+00   4.4133627E+00
    9.0903489E-01   1.8183273E+00   1.1399975E+00   1.4247788E+00   1.6016840E+00
    1.4028041E+00   1.2799225E+00   1.1553803E+00   1.0865793E+00   1.0437068E+00
    1.0212594E+00

 1.9181901967E+02   2.5619244E+06   8.8478112E+10   2.1923434E+00   9.7813331E-01   1.4884262E+02   5.6652822E-02    22 
    3.5409249E+00   3.1954768E+00   3.3763821E+00   4.4978389E+00   4.4366057E+00
    2.8906341E+00   1.6548592E+00   1.8356019E+00   1.4549850E+00   2.6743415E+00
    3.2320321E+00   3.1940212E+00   6.5778242E+00   1.7222145E+00   1.7139675E+00
    1.2576477E+00   1.3145737E+00   3.2721517E+00   3.3429326E+00   1.1803757E+00
    7.2416229E-01   1.7753594E+00   2.1769382E+00   1.3842119E+00   1.4557345E+00
    2.8853045E+00   2.9580515E+00   9.4411907E-01   9.2097680E-01   1.7301774E+00
    1.5404810E+00   2.4532287E+00   9.9207798E-01   9.0103860E-01   1.7426528E+00
    1.6620332E+00   2.4255766E+00   9.4421975E-01   1.2074893E+00   2.0114545E+00
    1.7674524E+00   9.7266168E-01   2.4939554E+00   1.0311564E+00   1.7104798E+00
    2.1350319E+00   1.0394146E+00   5.0871447E+00   1.1579527E+00   1.4887401E+00
    1.2107722E+00   4.5384962E+00   1.1119876E+00   1.2542673E+00   2.3056767E+00
    8.2563309E-01   1.7336957E+00   1.1792306E+00   1.3314727E+00   1.5441881E+00
    1.4714548E+00   1.3356655E+00   1.2323670E+00   1.1604666E+00   1.1165762E+00
    1.0984139E+00

 1.8201823448E+02   3.0665013E+06   9.7132220E+10   2.1963290E+00   8.1444011E-01   9.5619844E+01   8.9217923E-02    23 
    2.8078546E+00   2.4947621E+00   2.9148983E+00   3.6152699E+00   3.5682955E+00
    2.6998608E+00   1.5902145E+00   1.6247085E+00   1.1954129E+00   2.1539595E+00
    2.8719754E+00   2.8652986E+00   4.7449228E+00   1.6471854E+00   1.4864544E+00
    1.2739198E+00   1.3102235E+00   2.6028418E+00   2.6397284E+00   1.1241025E+00
    7.0948315E-01   1.6114390E+00   1.8965419E+00   1.2985241E+00   1.3778549E+00
    3.2585640E+00   3.2508130E+00   9.3496919E-01   9.2415105E-01   1.5785187E+00
    1.4009420E+00   2.5914904E+00   1.0081324E+00   8.9925543E-01   1.7399548E+00
    1.6031993E+00   1.8736276E+00   9.6540390E-01   1.2026349E+00   2.0732923E+00
    1.6331590E+00   1.0047072E+00   2.2212912E+00   1.0544612E+00   1.6183240E+00
    1.8856654E+00   1.0501662E+00   3.0417252E+00   1.0434006E+00   1.4731670E+00
    1.2257361E+00   5.2545067E+00   1.1107927E+00   1.2308492E+00   1.7180389E+00
    8.5133694E-01   1.3433833E+00   1.1656467E+00   1.2889043E+00   1.4701823E+00
    1.4350904E+00   1.3059647E+00   1.2192410E+00   1.1569866E+00   1.1168417E+00
    1.1017566E+00

 1.7528955865E+02   2.7597449E+06   8.4276082E+10   2.1789212E+00   7.4869090E-01   6.1375730E+01   1.7280581E-01    24 
    2.4297444E+00   2.0272734E+00   2.7248837E+00   2.7992377E+00   2.7648730E+00
    2.4442716E+00   1.3980505E+00   1.2404994E+00   9.6561551E-01   1.5885423E+00
    2.1749768E+00   2.2116604E+00   3.2112559E+00   1.4957929E+00   1.3130528E+00
    1.1774454E+00   1.2127625E+00   1.8408060E+00   1.8338659E+00   8.7665857E-01
    6.8562988E-01   1.6105462E+00   1.6931781E+00   1.2601051E+00   1.3451002E+00
    2.7383171E+00   2.6853492E+00   8.0976490E-01   9.2408783E-01   1.6010912E+00
    1.3342146E+00   2.6192803E+00   8.8781686E-01   9.6648650E-01   1.8716397E+00
    1.6186326E+00   1.5865415E+00   8.8965209E-01   1.2459073E+00   2.0690159E+00
    1.5734641E+00   9.4180071E-01   2.0012785E+00   1.1130490E+00   1.5638188E+00
    1.7891271E+00   9.9466481E-01   2.3765490E+00   1.0255911E+00   1.6142637E+00
    1.2446906E+00   5.2500699E+00   1.0601628E+00   1.2556506E+00   1.6294486E+00
    9.4838452E-01   1.1936464E+00   1.1203765E+00   1.2583264E+00   1.4511683E+00
    1.3737941E+00   1.2523199E+00   1.1716332E+00   1.1211426E+00   1.0848418E+00
    1.0714325E+00

 1.7044608572E+02   2.4570927E+06   7.8578604E+10   2.1683958E+00   8.3075478E-01   3.9460093E+01   3.0496482E-01    25 
    2.5568838E+00   1.9968012E+00   2.8871375E+00   2.4467313E+00   2.4231459E+00
    2.4191961E+00   1.2624809E+00   9.6649530E-01   8.2022824E-01   1.1663438E+00
    1.5825022E+00   1.6330526E+00   2.1864194E+00   1.4133707E+00   1.2371522E+00
    1.1133081E+00   1.1489150E+00   1.3084223E+00   1.2736874E+00   6.3344347E-01
    6.9750668E-01   1.7032994E+00   1.6544096E+00   1.2623962E+00   1.3520639E+00
    2.1686077E+00   2.0997588E+00   6.4493676E-01   9.6147021E-01   1.7308136E+00
    1.3483326E+00   2.4030090E+00   7.3725676E-01   1.0697994E+00   2.0740020E+00
    1.6912552E+00   1.4817200E+00   7.8363283E-01   1.3206734E+00   2.0320513E+00
    1.5738455E+00   8.4752427E-01   1.8493816E+00   1.1944306E+00   1.5573809E+00
    1.7965654E+00   9.1630196E-01   2.3781735E+00   1.0711513E+00   1.7863359E+00
    1.2911774E+00   4.8296886E+00   9.9440338E-01   1.3146020E+00   1.6373263E+00
    1.0576661E+00   1.1876583E+00   1.0706795E+00   1.2319136E+00   1.4353318E+00
    1.3171922E+00   1.2123527E+00   1.1380906E+00   1.0997307E+00   1.0681753E+00
    1.0562610E+00

 1.6665207551E+02   2.3798380E+06   8.5032440E+10   2.1696238E+00   1.0452935E+00   2.5524431E+01   4.5571365E-01    26 
    3.0189374E+00   2.2654768E+00   3.3019565E+00   2.3680034E+00   2.3511067E+00
    2.5941633E+00   1.2054704E+00   8.0344805E-01   7.4153726E-01   8.6790926E-01
    1.1716949E+00   1.2184814E+00   1.4750259E+00   1.3880974E+00   1.2085734E+00
    1.0951442E+00   1.1207918E+00   9.4854859E-01   8.9569832E-01   4.6052349E-01
    7.4307309E-01   1.8242369E+00   1.6899592E+00   1.2929796E+00   1.3802687E+00
    1.7370595E+00   1.6644521E+00   5.0507334E-01   1.0331737E+00   1.8902358E+00
    1.3985469E+00   2.1139790E+00   6.0962928E-01   1.1897159E+00   2.2537898E+00
    1.7704908E+00   1.4248565E+00   6.8529316E-01   1.4024165E+00   1.9579755E+00
    1.5879785E+00   7.5949902E-01   1.7292155E+00   1.2827460E+00   1.5574694E+00
    1.8237961E+00   8.4183326E-01   2.4825535E+00   1.1390098E+00   1.9230067E+00
    1.3559416E+00   4.2892840E+00   9.3274049E-01   1.3789601E+00   1.6188710E+00
    1.1653230E+00   1.2026450E+00   1.0250262E+00   1.2033534E+00   1.4049815E+00
    1.2695469E+00   1.1867335E+00   1.1222787E+00   1.0941445E+00   1.0680274E+00
    1.0579910E+00

 1.6421377075E+02   2.1592598E+06   1.0165129E+11   2.1550826E+00   1.6949589E+00   1.7007730E+01   5.8890410E-01    27 
    3.4505952E+00   2.5383813E+00   3.5880160E+00   2.1850640E+00   2.1706215E+00
    2.6570712E+00   1.0790398E+00   5.9389745E-01   6.2968197E-01   5.1078865E-01
    7.1969159E-01   7.4373340E-01   7.1506229E-01   1.3317214E+00   1.1242612E+00
    1.0745182E+00   1.0743153E+00   5.7608991E-01   5.0846289E-01   2.7543198E-01
    7.9745150E-01   1.9486901E+00   1.7307730E+00   1.3332108E+00   1.4061200E+00
    1.2882777E+00   1.2159788E+00   3.3204324E-01   1.1224588E+00   2.0729707E+00
    1.4744406E+00   1.6803796E+00   4.4327621E-01   1.3442687E+00   2.4178307E+00
    1.8582695E+00   1.3682938E+00   5.4015385E-01   1.4892171E+00   1.8515181E+00
    1.6145881E+00   6.2866049E-01   1.6116575E+00   1.3840281E+00   1.5610063E+00
    1.8783136E+00   7.2634068E-01   2.5496404E+00   1.2285831E+00   1.9812671E+00
    1.4622671E+00   3.6379651E+00   8.3529966E-01   1.4486181E+00   1.6072650E+00
    1.2998544E+00   1.1768231E+00   9.4937949E-01   1.1529048E+00   1.3496046E+00
    1.2116719E+00   1.1567365E+00   1.1054136E+00   1.0877039E+00   1.0677635E+00
    1.0601372E+00

 1.6367671233E+02   2.0184448E+06   1.3293479E+11   2.1301992E+00   2.7689344E+00   1.0814642E+01   7.1246911E-01    28 
    3.1949250E+00   2.3785941E+00   3.1762485E+00   1.9110516E+00   1.9019358E+00
    2.4376484E+00   9.4275903E-01   4.5931351E-01   5.4492546E-01   3.0995306E-01
    5.2087737E-01   5.2551656E-01   4.0730565E-01   1.2580971E+00   1.0281129E+00
    1.0364570E+00   1.0045938E+00   3.7880018E-01   3.1219850E-01   1.9546936E-01
    7.9529653E-01   1.9661927E+00   1.7084563E+00   1.3269339E+00   1.3718149E+00
    1.0434673E+00   9.8074073E-01   2.4653131E-01   1.1394456E+00   2.1329728E+00
    1.4862668E+00   1.3782332E+00   3.5491818E-01   1.3994848E+00   2.4457302E+00
    1.8668163E+00   1.3267261E+00   4.5539379E-01   1.5021570E+00   1.7874545E+00
    1.6059718E+00   5.5138589E-01   1.5481013E+00   1.4175943E+00   1.5657268E+00
    1.8937678E+00   6.5635790E-01   2.4973933E+00   1.2670060E+00   1.9346677E+00
    1.5089907E+00   3.1938374E+00   7.7570749E-01   1.4664838E+00   1.6125691E+00
    1.3499237E+00   1.1241805E+00   8.9935903E-01   1.1119494E+00   1.2958897E+00
    1.1725839E+00   1.1346887E+00   1.0936912E+00   1.0813996E+00   1.0659843E+00
    1.0602266E+00

 1.6347661480E+02   2.0540848E+06   1.8680056E+11   2.1195272E+00   4.1995202E+00   6.8076818E+00   8.0713325E-01    29 
    3.0257538E+00   2.3260716E+00   2.9466446E+00   1.8070628E+00   1.7985221E+00
    2.3465066E+00   8.8598215E-01   4.1211694E-01   5.1631331E-01   2.5079566E-01
    4.5797604E-01   4.5402477E-01   3.2279574E-01   1.2253914E+00   9.9032726E-01
    1.0237428E+00   9.7035691E-01   3.0051061E-01   2.3849743E-01   1.6942472E-01
    7.9407439E-01   1.9646486E+00   1.6906744E+00   1.3263071E+00   1.3465163E+00
    9.4778094E-01   8.9236355E-01   2.1657603E-01   1.1462975E+00   2.1456039E+00
    1.4852602E+00   1.2448663E+00   3.2335208E-01   1.4170442E+00   2.4285688E+00
    1.8541215E+00   1.3158273E+00   4.2456941E-01   1.4975669E+00   1.7469767E+00
    1.5936371E+00   5.2377683E-01   1.5248859E+00   1.4273557E+00   1.5694831E+00
    1.9062320E+00   6.3256210E-01   2.4420632E+00   1.2767614E+00   1.8791355E+00
    1.5270843E+00   2.9502562E+00   7.5893325E-01   1.4643257E+00   1.5680610E+00
    1.3645979E+00   1.1008600E+00   8.8441979E-01   1.0921246E+00   1.2585411E+00
    1.1544783E+00   1.1248099E+00   1.0917332E+00   1.0819297E+00   1.0699318E+00
    1.0655647E+00

 1.6329256859E+02   2.1563361E+06   2.6829848E+11   2.1161831E+00   6.1031634E+00   4.4047562E+00   8.7027264E-01    30 
    2.9370464E+00   2.3939793E+00   2.8424679E+00   1.7847772E+00   1.7789279E+00
    2.3491387E+00   8.6546754E-01   3.9565011E-01   5.0927971E-01   2.2157994E-01
    4.3025781E-01   4.2203876E-01   2.8791525E-01   1.2174092E+00   9.8005074E-01
    1.0322056E+00   9.5588354E-01   2.5706212E-01   1.9857597E-01   1.5739437E-01
    8.0689729E-01   1.9670988E+00   1.6843860E+00   1.3430150E+00   1.3353095E+00
    8.9888227E-01   8.4929843E-01   2.0232177E-01   1.1647855E+00   2.1533872E+00
    1.4917948E+00   1.1696256E+00   3.0914538E-01   1.4337291E+00   2.4067431E+00
    1.8433313E+00   1.3177394E+00   4.1165350E-01   1.4944437E+00   1.7067849E+00
    1.5859041E+00   5.1341968E-01   1.5122197E+00   1.4397255E+00   1.5771527E+00
    1.9248101E+00   6.2597509E-01   2.3975020E+00   1.2837763E+00   1.8337003E+00
    1.5455593E+00   2.7643382E+00   7.5983156E-01   1.4592076E+00   1.5000819E+00
    1.3787982E+00   1.0934371E+00   8.8495829E-01   1.0820986E+00   1.2295987E+00
    1.1453748E+00   1.1216047E+00   1.0954691E+00   1.0875622E+00   1.0783833E+00
    1.0751298E+00

 1.6306927902E+02   2.3858787E+06   3.9670975E+11   2.1216802E+00   8.4742381E+00   2.8434724E+00   9.1409228E-01    31 
    2.9496654E+00   2.6102119E+00   2.8648480E+00   1.8510269E+00   1.8481242E+00
    2.4674105E+00   8.8631367E-01   4.1051901E-01   5.2495850E-01   2.2711274E-01
    4.3034023E-01   4.2055918E-01   2.8072409E-01   1.2435090E+00   1.0033660E+00
    1.0664015E+00   9.6546467E-01   2.3933746E-01   1.8452452E-01   1.5582379E-01
    8.4294462E-01   1.9834625E+00   1.6992014E+00   1.3840366E+00   1.3444465E+00
    8.8296546E-01   8.3812844E-01   2.0034261E-01   1.2053063E+00   2.1720627E+00
    1.5128075E+00   1.1392663E+00   3.0917117E-01   1.4542961E+00   2.3905572E+00
    1.8353852E+00   1.3325603E+00   4.1430402E-01   1.4945206E+00   1.6690580E+00
    1.5832751E+00   5.1871704E-01   1.5073744E+00   1.4642319E+00   1.5977627E+00
    1.9482138E+00   6.3590619E-01   2.3613561E+00   1.3004002E+00   1.8199279E+00
    1.5682093E+00   2.6048337E+00   7.7856873E-01   1.4558643E+00   1.4558629E+00
    1.4003142E+00   1.1064426E+00   9.0141034E-01   1.0825818E+00   1.2096336E+00
    1.1454909E+00   1.1267032E+00   1.1067913E+00   1.1005286E+00   1.0937040E+00
    1.0913677E+00

 1.6281153840E+02   2.7583434E+06   5.9815388E+11   2.1313168E+00   1.1334514E+01   1.8322510E+00   9.4371502E-01    32 
    2.9422120E+00   2.7992010E+00   2.8830386E+00   1.9247867E+00   1.9234177E+00
    2.6253881E+00   9.2495857E-01   4.4626857E-01   5.4693153E-01   2.5492185E-01
    4.5176179E-01   4.4252473E-01   2.9255255E-01   1.2750226E+00   1.0370940E+00
    1.1054758E+00   9.8953408E-01   2.4147713E-01   1.9100605E-01   1.6280917E-01
    8.9571204E-01   1.9917191E+00   1.7133379E+00   1.4302207E+00   1.3650902E+00
    8.7896317E-01   8.3803127E-01   2.0845245E-01   1.2606163E+00   2.1759796E+00
    1.5360902E+00   1.1310612E+00   3.2025810E-01   1.4688092E+00   2.3533888E+00
    1.8135535E+00   1.3399688E+00   4.2882958E-01   1.4868684E+00   1.6287718E+00
    1.5733674E+00   5.3559485E-01   1.4917970E+00   1.4959630E+00   1.6250195E+00
    1.9552944E+00   6.5792201E-01   2.3006058E+00   1.3251490E+00   1.8301597E+00
    1.5878684E+00   2.4265252E+00   8.0909633E-01   1.4509370E+00   1.4423899E+00
    1.4246577E+00   1.1243125E+00   9.2682567E-01   1.0866052E+00   1.1919676E+00
    1.1472508E+00   1.1334311E+00   1.1192277E+00   1.1146136E+00   1.1098176E+00
    1.1082590E+00

 1.6253477611E+02   3.2614558E+06   9.1222271E+11   2.1349982E+00   1.4887152E+01   1.1808894E+00   9.6333159E-01    33 
    2.6488075E+00   2.6090371E+00   2.6244704E+00   1.8623388E+00   1.8616181E+00
    2.6193014E+00   9.3114473E-01   4.7864015E-01   5.4667692E-01   2.8158512E-01
    4.8278723E-01   4.7568627E-01   3.3429521E-01   1.2603088E+00   1.0404827E+00
    1.1077935E+00   9.9719126E-01   2.5550113E-01   2.1092170E-01   1.7564645E-01
    9.3703591E-01   1.9415004E+00   1.6809284E+00   1.4375136E+00   1.3634676E+00
    8.6168593E-01   8.2536030E-01   2.2353388E-01   1.3025840E+00   2.1148736E+00
    1.5284723E+00   1.1149191E+00   3.3788972E-01   1.4554032E+00   2.2441452E+00
    1.7445944E+00   1.3182038E+00   4.4956938E-01   1.4503184E+00   1.5642907E+00
    1.5339571E+00   5.5770721E-01   1.4494166E+00   1.5121386E+00   1.6290072E+00
    1.9138666E+00   6.8431001E-01   2.1830427E+00   1.3403551E+00   1.8211106E+00
    1.5833895E+00   2.1956520E+00   8.4009380E-01   1.4286657E+00   1.4255813E+00
    1.4297818E+00   1.1328332E+00   9.4877435E-01   1.0822255E+00   1.1654028E+00
    1.1379639E+00   1.1291456E+00   1.1200301E+00   1.1170449E+00   1.1139818E+00
    1.1130657E+00

 1.6224605633E+02   3.9452677E+06   1.4028401E+12   2.1287373E+00   1.9174780E+01   7.6041896E-01   9.7622268E-01    34 
    2.0552382E+00   2.0458474E+00   2.0513455E+00   1.6170323E+00   1.6167585E+00
    2.3720116E+00   8.8199368E-01   4.9267173E-01   5.2013753E-01   3.0621303E-01
    5.0820073E-01   5.0361431E-01   3.6277183E-01   1.1774243E+00   9.9431554E-01
    1.0603797E+00   9.6621365E-01   2.7877239E-01   2.4251965E-01   1.9032525E-01
    9.4623016E-01   1.8087469E+00   1.5790554E+00   1.3865376E+00   1.3125529E+00
    8.2006435E-01   7.8955455E-01   2.4208494E-01   1.3104813E+00   1.9680019E+00
    1.4695388E+00   1.0765505E+00   3.5793607E-01   1.4093556E+00   2.0462844E+00
    1.6182379E+00   1.2611600E+00   4.7172320E-01   1.3791034E+00   1.4686560E+00
    1.4582630E+00   5.8014311E-01   1.3798579E+00   1.4943227E+00   1.5876108E+00
    1.8087326E+00   7.0858507E-01   1.9999990E+00   1.3356817E+00   1.7629391E+00
    1.5421562E+00   1.9173767E+00   8.6178368E-01   1.3809666E+00   1.3829326E+00
    1.3989028E+00   1.1294723E+00   9.5808615E-01   1.0631602E+00   1.1251479E+00
    1.1113330E+00   1.1069042E+00   1.1019137E+00   1.1003687E+00   1.0986661E+00
    1.0982323E+00

 1.6194376844E+02   4.9648963E+06   2.1674485E+12   2.1175382E+00   2.3748040E+01   4.8977983E-01   9.8461622E-01    35 
    1.4357653E+00   1.4341109E+00   1.4362990E+00   1.2884880E+00   1.2885059E+00
    1.9957899E+00   8.0367727E-01   4.9224064E-01   4.8365857E-01   3.2138217E-01
    5.2148340E-01   5.1886272E-01   3.9132755E-01   1.0548478E+00   9.1752597E-01
    9.8499659E-01   9.0701494E-01   3.1273888E-01   2.8440001E-01   2.0467505E-01
    9.2885036E-01   1.6222013E+00   1.4289532E+00   1.2926998E+00   1.2203937E+00
    7.6289925E-01   7.3737425E-01   2.6227569E-01   1.2886629E+00   1.7628054E+00
    1.3696535E+00   1.0192852E+00   3.7886946E-01   1.3485697E+00   1.7967332E+00
    1.4606314E+00   1.1782939E+00   4.9357363E-01   1.2902065E+00   1.3561974E+00
    1.3592248E+00   6.0174674E-01   1.2925886E+00   1.4414944E+00   1.5019972E+00
    1.6527791E+00   7.2820030E-01   1.7731529E+00   1.3156174E+00   1.6643056E+00
    1.4693432E+00   1.6298212E+00   8.7052747E-01   1.3174182E+00   1.3225993E+00
    1.3363879E+00   1.1088577E+00   9.5309351E-01   1.0321953E+00   1.0760843E+00
    1.0714746E+00   1.0702866E+00   1.0682377E+00   1.0677873E+00   1.0670319E+00
    1.0669045E+00

 1.6163360239E+02   6.6770273E+06   3.2823672E+12   2.1124549E+00   2.6863030E+01   3.2294426E-01   9.8982828E-01    36 
    1.0070677E+00   1.0067652E+00   1.0076882E+00   1.0189271E+00   1.0188962E+00
    1.6498630E+00   7.4470282E-01   4.9636289E-01   4.6221449E-01   3.4115658E-01
    5.3959298E-01   5.3810481E-01   4.0501984E-01   9.4161006E-01   8.4925746E-01
    9.1279652E-01   8.4953309E-01   3.5913296E-01   3.3705185E-01   2.2377503E-01
    9.0341213E-01   1.4386310E+00   1.2801249E+00   1.1885488E+00   1.1210269E+00
    7.1391162E-01   6.9219416E-01   2.8799377E-01   1.2529496E+00   1.5573106E+00
    1.2612036E+00   9.6501123E-01   4.0525983E-01   1.2881751E+00   1.5609691E+00
    1.3137324E+00   1.0980629E+00   5.1967642E-01   1.2077667E+00   1.2539215E+00
    1.2634436E+00   6.2726463E-01   1.2118809E+00   1.3651355E+00   1.3957478E+00
    1.4873089E+00   7.4714583E-01   1.5560962E+00   1.2811581E+00   1.5404217E+00
    1.3803036E+00   1.3930956E+00   8.7238155E-01   1.2501802E+00   1.2556487E+00
    1.2600117E+00   1.0765854E+00   9.4144407E-01   9.9999524E-01   1.0304458E+00
    1.0307463E+00   1.0314186E+00   1.0310632E+00   1.0312428E+00   1.0310225E+00
    1.0310405E+00

 1.6133665742E+02   9.5664613E+06   4.6922913E+12   2.1211063E+00   2.6821993E+01   2.2604382E-01   9.9286885E-01    37 
    7.8268395E-01   7.8229944E-01   7.8326188E-01   8.6002894E-01   8.5976917E-01
    1.4140133E+00   7.3146661E-01   5.1810089E-01   4.7067721E-01   3.7843796E-01
    5.8053793E-01   5.7953388E-01   4.2184754E-01   8.7005447E-01   8.1440386E-01
    8.6383265E-01   8.1394008E-01   4.1173224E-01   3.9408212E-01   2.5400784E-01
    8.8459317E-01   1.2998878E+00   1.1697121E+00   1.1037956E+00   1.0432674E+00
    6.8880029E-01   6.7004229E-01   3.2254073E-01   1.2193484E+00   1.3982697E+00
    1.1745502E+00   9.2962841E-01   4.4011737E-01   1.2369693E+00   1.3856927E+00
    1.2059006E+00   1.0411265E+00   5.5297494E-01   1.1484999E+00   1.1807235E+00
    1.1922006E+00   6.5882951E-01   1.1548289E+00   1.2894187E+00   1.3007421E+00
    1.3532954E+00   7.6909584E-01   1.3917589E+00   1.2390976E+00   1.4220350E+00
    1.2970894E+00   1.2367574E+00   8.7604002E-01   1.1920989E+00   1.1977343E+00
    1.1929683E+00   1.0469716E+00   9.3344122E-01   9.7769474E-01   9.9939992E-01
    1.0016585E+00   1.0030990E+00   1.0034904E+00   1.0039195E+00   1.0039415E+00
    1.0040127E+00

 1.6103938096E+02   1.4722400E+07   6.4563778E+12   2.1442992E+00   2.3911224E+01   1.6456867E-01   9.9480293E-01    38 
    6.7243544E-01   6.7183740E-01   6.7304123E-01   7.7141164E-01   7.7090871E-01
    1.2552980E+00   7.5657945E-01   5.5569426E-01   5.1056206E-01   4.3976774E-01
    6.4630657E-01   6.4544665E-01   4.5130261E-01   8.3333517E-01   8.0704969E-01
    8.3551369E-01   7.9824217E-01   4.6679015E-01   4.5264269E-01   3.0039162E-01
    8.7311238E-01   1.1983461E+00   1.0921130E+00   1.0396070E+00   9.8688538E-01
    6.8483262E-01   6.6874539E-01   3.6785968E-01   1.1891461E+00   1.2795597E+00
    1.1091646E+00   9.0915185E-01   4.8414281E-01   1.1935988E+00   1.2593608E+00
    1.1289399E+00   1.0028052E+00   5.9385638E-01   1.1074168E+00   1.1294247E+00
    1.1411750E+00   6.9544677E-01   1.1156589E+00   1.2226355E+00   1.2228487E+00
    1.2509848E+00   7.9451497E-01   1.2720011E+00   1.1937091E+00   1.3166203E+00
    1.2238269E+00   1.1360009E+00   8.8395119E-01   1.1426905E+00   1.1486933E+00
    1.1384880E+00   1.0238933E+00   9.3122225E-01   9.6508324E-01   9.8083118E-01
    9.8371634E-01   9.8536586E-01   9.8603831E-01   9.8653240E-01   9.8665694E-01
    9.8674326E-01

 1.6073246848E+02   2.4495968E+07   8.6676066E+12   2.1816827E+00   1.9135997E+01   1.2289323E-01   9.9611634E-01    39 
    6.2395052E-01   6.2323201E-01   6.2455835E-01   7.2090464E-01   7.2023842E-01
    1.1390433E+00   8.0507854E-01   6.0010586E-01   5.8164951E-01   5.2725876E-01
    7.2596238E-01   7.2509630E-01   4.9242849E-01   8.2155439E-01   8.1681507E-01
    8.2404274E-01   7.9824660E-01   5.2515197E-01   5.1395390E-01   3.6695664E-01
    8.6571112E-01   1.1229708E+00   1.0377212E+00   9.9292890E-01   9.4816860E-01
    6.9764716E-01   6.8410186E-01   4.2415131E-01   1.1580160E+00   1.1899298E+00
    1.0593015E+00   8.9746277E-01   5.3571254E-01   1.1552548E+00   1.1678944E+00
    1.0731610E+00   9.7636479E-01   6.4002789E-01   1.0775928E+00   1.0918224E+00
    1.1032256E+00   7.3402120E-01   1.0868375E+00   1.1658771E+00   1.1607079E+00
    1.1745271E+00   8.2114914E-01   1.1859018E+00   1.1474247E+00   1.2252687E+00
    1.1601374E+00   1.0710162E+00   8.9458037E-01   1.0996250E+00   1.1057407E+00
    1.0942571E+00   1.0064999E+00   9.3295108E-01   9.5886544E-01   9.7038496E-01
    9.7332364E-01   9.7493000E-01   9.7567110E-01   9.7614992E-01   9.7631007E-01
    9.7639573E-01

 1.6040936441E+02   4.4583175E+07   1.1439368E+13   2.2342721E+00   1.3629254E+01   9.3408216E-02   9.9704667E-01    40 
    6.1220960E-01   6.1149123E-01   6.1276865E-01   6.9363016E-01   6.9293580E-01
    1.0475169E+00   8.6021328E-01   6.4298523E-01   6.8043309E-01   6.3772624E-01
    8.0564324E-01   8.0477510E-01   5.4351865E-01   8.2874326E-01   8.3729244E-01
    8.2899636E-01   8.1321980E-01   5.9586526E-01   5.8683148E-01   4.6100228E-01
    8.5970201E-01   1.0669393E+00   1.0002845E+00   9.6222107E-01   9.2547457E-01
    7.2599781E-01   7.1476378E-01   4.9446036E-01   1.1221855E+00   1.1212713E+00
    1.0212836E+00   8.9245725E-01   5.9553706E-01   1.1190436E+00   1.1015244E+00
    1.0324887E+00   9.5857806E-01   6.9096936E-01   1.0539216E+00   1.0624626E+00
    1.0730959E+00   7.7379066E-01   1.0632458E+00   1.1181637E+00   1.1116442E+00
    1.1182106E+00   8.4825255E-01   1.1247803E+00   1.1027540E+00   1.1486760E+00
    1.1057163E+00   1.0295316E+00   9.0699688E-01   1.0622124E+00   1.0681281E+00
    1.0581044E+00   9.9368923E-01   9.3730262E-01   9.5681458E-01   9.6524018E-01
    9.6794153E-01   9.6938725E-01   9.7009399E-01   9.7052336E-01   9.7068713E-01
    9.7076573E-01

 1.6006466300E+02   8.9673254E+07   1.4891659E+13   2.3047922E+00   8.4851617E+00   7.2021539E-02   9.9772205E-01    41 
    6.2578826E-01   6.2515861E-01   6.2626307E-01   6.8649290E-01   6.8590143E-01
    9.7727889E-01   9.0738237E-01   6.8203881E-01   7.9177308E-01   7.5724942E-01
    8.7795377E-01   8.7714739E-01   6.0635554E-01   8.5160467E-01   8.6676481E-01
    8.5295791E-01   8.4618458E-01   6.9136005E-01   6.8374006E-01   5.9369310E-01
    8.5528674E-01   1.0267794E+00   9.7682475E-01   9.4769760E-01   9.1925570E-01
    7.7060604E-01   7.6156913E-01   5.8736002E-01   1.0816442E+00   1.0689431E+00
    9.9419208E-01   8.9585523E-01   6.6899399E-01   1.0838677E+00   1.0543472E+00
    1.0043771E+00   9.4946782E-01   7.4997667E-01   1.0334915E+00   1.0383209E+00
    1.0477093E+00   8.1757370E-01   1.0421053E+00   1.0783562E+00   1.0729981E+00
    1.0768578E+00   8.7786691E-01   1.0813192E+00   1.0632488E+00   1.0882311E+00
    1.0616775E+00   1.0049890E+00   9.2245899E-01   1.0321815E+00   1.0377417E+00
    1.0300953E+00   9.8588734E-01   9.4513009E-01   9.5920159E-01   9.6523148E-01
    9.6748643E-01   9.6868814E-01   9.6929563E-01   9.6965448E-01   9.6980262E-01
    9.6987001E-01

 1.5969318771E+02   1.9677194E+08   1.9127425E+13   2.3968385E+00   4.5600427E+00   5.6321155E-02   9.9821817E-01    42 
    6.6051426E-01   6.6001010E-01   6.6089648E-01   7.0194842E-01   7.0153364E-01
    9.3327123E-01   9.4173090E-01   7.2231703E-01   8.8623005E-01   8.5901116E-01
    9.3642807E-01   9.3575760E-01   6.8670437E-01   8.8755042E-01   9.0534024E-01
    8.9828724E-01   8.9968675E-01   8.1400943E-01   8.0769039E-01   7.6029237E-01
    8.5870617E-01   1.0025683E+00   9.6777834E-01   9.5067780E-01   9.3073189E-01
    8.3002356E-01   8.2340192E-01   7.0795525E-01   1.0432994E+00   1.0329355E+00
    9.8050114E-01   9.1041284E-01   7.5958290E-01   1.0534323E+00   1.0244430E+00
    9.8931128E-01   9.5080520E-01   8.1915234E-01   1.0168193E+00   1.0194823E+00
    1.0270165E+00   8.6738438E-01   1.0236864E+00   1.0471045E+00   1.0438041E+00
    1.0470658E+00   9.1154436E-01   1.0504481E+00   1.0335105E+00   1.0461466E+00
    1.0307269E+00   9.9421307E-01   9.4227878E-01   1.0126027E+00   1.0177478E+00
    1.0123264E+00   9.8452432E-01   9.5772915E-01   9.6708360E-01   9.7112494E-01
    9.7278005E-01   9.7366793E-01   9.7412634E-01   9.7439493E-01   9.7451139E-01
    9.7456294E-01

 1.5928910512E+02   4.4081734E+08   2.4189037E+13   2.5124395E+00   2.1403420E+00   4.4783342E-02   9.9858292E-01    43 
    7.1298442E-01   7.1258355E-01   7.1329669E-01   7.4077481E-01   7.4052566E-01
    9.1999482E-01   9.6701342E-01   7.7162764E-01   9.4266134E-01   9.1985773E-01
    9.7120789E-01   9.7070741E-01   7.8608682E-01   9.3375267E-01   9.5034228E-01
    9.5727985E-01   9.6343643E-01   9.3432703E-01   9.2883026E-01   9.0990211E-01
    8.7979863E-01   9.9663922E-01   9.7444214E-01   9.6950967E-01   9.5689690E-01
    8.9612915E-01   8.9138286E-01   8.3520045E-01   1.0180284E+00   1.0155057E+00
    9.8204116E-01   9.3600102E-01   8.5372896E-01   1.0340613E+00   1.0113943E+00
    9.8755591E-01   9.6234768E-01   8.8851156E-01   1.0072925E+00   1.0087150E+00
    1.0139949E+00   9.1689669E-01   1.0116399E+00   1.0269302E+00   1.0253325E+00
    1.0283102E+00   9.4506345E-01   1.0307950E+00   1.0170224E+00   1.0229653E+00
    1.0141335E+00   9.9373808E-01   9.6373701E-01   1.0044002E+00   1.0090823E+00
    1.0051605E+00   9.8892479E-01   9.7308032E-01   9.7865657E-01   9.8109265E-01
    9.8212348E-01   9.8268228E-01   9.8297343E-01   9.8314445E-01   9.8322052E-01
    9.8325367E-01

 1.5884443327E+02   8.9871305E+08   2.9994450E+13   2.6497096E+00   9.0657935E-01   3.6407337E-02   9.9884780E-01    44 
    7.6802054E-01   7.6767700E-01   7.6829920E-01   7.8784928E-01   7.8771194E-01
    9.2767957E-01   9.8274960E-01   8.2388722E-01   9.6915224E-01   9.4892256E-01
    9.8732376E-01   9.8693852E-01   8.8286070E-01   9.7870995E-01   9.9023026E-01
    1.0065966E+00   1.0118051E+00   1.0100575E+00   1.0050302E+00   9.9512286E-01
    9.1689309E-01   1.0033343E+00   9.9033588E-01   9.9371186E-01   9.8621402E-01
    9.5411811E-01   9.5041631E-01   9.3279810E-01   1.0069631E+00   1.0115512E+00
    9.9257423E-01   9.6486394E-01   9.2681259E-01   1.0243562E+00   1.0091277E+00
    9.9325270E-01   9.7750096E-01   9.4099902E-01   1.0042047E+00   1.0051044E+00
    1.0084673E+00   9.5481573E-01   1.0066776E+00   1.0164563E+00   1.0159121E+00
    1.0183856E+00   9.7051304E-01   1.0201085E+00   1.0105789E+00   1.0129777E+00
    1.0071746E+00   9.9721716E-01   9.8078781E-01   1.0029161E+00   1.0069422E+00
    1.0037426E+00   9.9464587E-01   9.8591460E-01   9.8893840E-01   9.9026481E-01
    9.9081380E-01   9.9111580E-01   9.9127191E-01   9.9136393E-01   9.9140536E-01
    9.9142317E-01

 1.5834546364E+02   1.5180546E+09   3.6263363E+13   2.8084357E+00   3.5316576E-01   3.0569063E-02   9.9903247E-01    45 
    8.1340854E-01   8.1309284E-01   8.1368492E-01   8.2883212E-01   8.2877258E-01
    9.4358475E-01   9.9374149E-01   8.6944248E-01   9.8304057E-01   9.6628059E-01
    9.9450152E-01   9.9420064E-01   9.5038254E-01   1.0078454E+00   1.0126694E+00
    1.0312891E+00   1.0331127E+00   1.0391325E+00   1.0349025E+00   1.0283895E+00
    9.5634672E-01   1.0117381E+00   1.0052316E+00   1.0121677E+00   1.0078133E+00
    9.9307255E-01   9.9013505E-01   9.8899010E-01   1.0028942E+00   1.0116088E+00
    1.0031675E+00   9.8803085E-01   9.7162306E-01   1.0190602E+00   1.0102617E+00
    9.9993652E-01   9.9038175E-01   9.7348693E-01   1.0041503E+00   1.0048802E+00
    1.0069145E+00   9.7851162E-01   1.0056147E+00   1.0112993E+00   1.0112946E+00
    1.0130978E+00   9.8612049E-01   1.0142015E+00   1.0084957E+00   1.0090875E+00
    1.0042624E+00   1.0000726E+00   9.9131209E-01   1.0031691E+00   1.0062826E+00
    1.0034955E+00   9.9857357E-01   9.9389200E-01   9.9542166E-01   9.9608991E-01
    9.9635006E-01   9.9649829E-01   9.9657136E-01   9.9661364E-01   9.9663302E-01
    9.9664114E-01

 1.5776595704E+02   2.0938730E+09   4.2839694E+13   2.9904929E+00   1.2957979E-01   2.6745934E-02   9.9915342E-01    46 
    8.4818554E-01   8.4794853E-01   8.4847783E-01   8.6070462E-01   8.6073869E-01
    9.5837212E-01   1.0030255E+00   9.0506375E-01   9.9142034E-01   9.7790503E-01
    9.9766766E-01   9.9747108E-01   9.8121141E-01   1.0162969E+00   1.0165943E+00
    1.0349581E+00   1.0345176E+00   1.0395490E+00   1.0361708E+00   1.0327029E+00
    9.8656195E-01   1.0152838E+00   1.0129771E+00   1.0200381E+00   1.0172563E+00
    1.0106009E+00   1.0082502E+00   1.0105497E+00   1.0002038E+00   1.0095984E+00
    1.0081070E+00   1.0003692E+00   9.9243500E-01   1.0145705E+00   1.0099554E+00
    1.0034218E+00   9.9763345E-01   9.8978495E-01   1.0040606E+00   1.0045151E+00
    1.0055990E+00   9.9026051E-01   1.0046141E+00   1.0076789E+00   1.0077758E+00
    1.0088492E+00   9.9350656E-01   1.0094130E+00   1.0069300E+00   1.0066794E+00
    1.0024074E+00   1.0005267E+00   9.9601825E-01   1.0026299E+00   1.0046990E+00
    1.0024760E+00   9.9989394E-01   9.9729096E-01   9.9806715E-01   9.9841313E-01
    9.9854958E-01   9.9863397E-01   9.9867101E-01   9.9869045E-01   9.9870026E-01
    9.9870406E-01

 1.5706432985E+02   2.5355648E+09   5.0546190E+13   3.1948664E+00   4.7664051E-02   2.4025966E-02   9.9923948E-01    47 
    8.7505124E-01   8.7492931E-01   8.7539886E-01   8.8591589E-01   8.8602435E-01
    9.6564161E-01   1.0043414E+00   9.2912043E-01   9.9374500E-01   9.8304342E-01
    9.9657272E-01   9.9645425E-01   9.8937334E-01   1.0117297E+00   1.0096847E+00
    1.0264096E+00   1.0249172E+00   1.0263843E+00   1.0237731E+00   1.0226914E+00
    1.0005127E+00   1.0125893E+00   1.0121340E+00   1.0177287E+00   1.0153353E+00
    1.0115476E+00   1.0096106E+00   1.0109740E+00   9.9708104E-01   1.0044867E+00
    1.0059639E+00   1.0017442E+00   9.9711258E-01   1.0084327E+00   1.0060698E+00
    1.0020737E+00   9.9848945E-01   9.9467792E-01   1.0017251E+00   1.0018881E+00
    1.0023606E+00   9.9388849E-01   1.0015415E+00   1.0035043E+00   1.0033991E+00
    1.0038299E+00   9.9540988E-01   1.0039744E+00   1.0039573E+00   1.0035141E+00
    1.0004585E+00   9.9896310E-01   9.9679160E-01   1.0007229E+00   1.0019095E+00
    1.0004991E+00   9.9914726E-01   9.9755701E-01   9.9803469E-01   9.9826998E-01
    9.9838264E-01   9.9845614E-01   9.9848955E-01   9.9850627E-01   9.9851575E-01
    9.9851908E-01

 1.5619582255E+02   2.9897076E+09   6.0866085E+13   3.4220379E+00   1.8501552E-02   2.1191838E-02   9.9932916E-01    48 
    9.0293880E-01   9.0275199E-01   9.0334225E-01   9.1212857E-01   9.1224335E-01
    9.7100124E-01   9.9817869E-01   9.4839877E-01   9.9342898E-01   9.8592662E-01
    9.9446471E-01   9.9437633E-01   9.9048333E-01   1.0043733E+00   1.0023312E+00
    1.0142238E+00   1.0131694E+00   1.0125901E+00   1.0108409E+00   1.0107740E+00
    1.0027245E+00   1.0070864E+00   1.0069300E+00   1.0107085E+00   1.0082311E+00
    1.0061049E+00   1.0046375E+00   1.0049142E+00   9.9454745E-01   9.9960990E-01
    1.0014151E+00   9.9934000E-01   9.9655576E-01   1.0020172E+00   1.0013467E+00
    9.9932392E-01   9.9740506E-01   9.9561521E-01   9.9899456E-01   9.9921580E-01
    9.9952243E-01   9.9508888E-01   9.9895030E-01   1.0003463E+00   1.0000635E+00
    1.0000989E+00   9.9603784E-01   1.0000594E+00   1.0010804E+00   1.0008960E+00
    9.9924666E-01   9.9787836E-01   9.9692256E-01   9.9927011E-01   9.9987725E-01
    9.9920097E-01   9.9841678E-01   9.9746132E-01   9.9779835E-01   9.9798033E-01
    9.9807928E-01   9.9814292E-01   9.9817721E-01   9.9819511E-01   9.9820511E-01
    9.9820847E-01

 1.5513606119E+02   3.6882800E+09   7.6381866E+13   3.6821368E+00   7.5579204E-03   1.7600700E-02   9.9944281E-01    49 
    9.3376424E-01   9.3334741E-01   9.3412239E-01   9.4028458E-01   9.4036385E-01
    9.7900534E-01   9.9273574E-01   9.6767659E-01   9.9483279E-01   9.9060069E-01
    9.9459217E-01   9.9451432E-01   9.9298081E-01   1.0001021E+00   9.9915438E-01
    1.0056685E+00   1.0056465E+00   1.0044527E+00   1.0035520E+00   1.0036191E+00
    1.0016028E+00   1.0031638E+00   1.0028272E+00   1.0052603E+00   1.0028772E+00
    1.0021028E+00   1.0011358E+00   1.0008619E+00   9.9508844E-01   9.9809145E-01
    9.9925617E-01   9.9833736E-01   9.9688433E-01   9.9907294E-01   9.9928691E-01
    9.9853582E-01   9.9775470E-01   9.9684837E-01   9.9849443E-01   9.9876688E-01
    9.9901933E-01   9.9676665E-01   9.9867920E-01   9.9963358E-01   9.9929597E-01
    9.9914247E-01   9.9740929E-01   9.9906458E-01   1.0000710E+00   1.0001801E+00
    9.9946182E-01   9.9835360E-01   9.9796430E-01   9.9932853E-01   9.9960086E-01
    9.9940892E-01   9.9881533E-01   9.9831429E-01   9.9853230E-01   9.9865038E-01
    9.9871541E-01   9.9875613E-01   9.9877996E-01   9.9879289E-01   9.9879970E-01
    9.9880192E-01

 1.5390012552E+02   4.8362347E+09   1.0086749E+14   3.9867297E+00   3.2189785E-03   1.3696665E-02   9.9956637E-01    50 
    9.6042938E-01   9.6003452E-01   9.6072048E-01   9.6492779E-01   9.6494796E-01
    9.8631917E-01   9.9275956E-01   9.8315790E-01   9.9683408E-01   9.9491434E-01
    9.9563512E-01   9.9555402E-01   9.9539495E-01   9.9874216E-01   9.9814444E-01
    1.0015098E+00   1.0017476E+00   1.0004596E+00   1.0000905E+00   1.0001443E+00
    1.0004162E+00   1.0010968E+00   1.0005844E+00   1.0020863E+00   1.0003228E+00
    1.0000273E+00   9.9944035E-01   9.9909390E-01   9.9744171E-01   9.9849211E-01
    9.9891362E-01   9.9833029E-01   9.9778184E-01   9.9867876E-01   9.9894175E-01
    9.9871936E-01   9.9841028E-01   9.9800820E-01   9.9898504E-01   9.9913950E-01
    9.9928843E-01   9.9823056E-01   9.9908859E-01   9.9970943E-01   9.9943699E-01
    9.9924716E-01   9.9865359E-01   9.9916406E-01   9.9992215E-01   1.0000527E+00
    9.9989361E-01   9.9910116E-01   9.9898222E-01   9.9972537E-01   9.9981659E-01
    9.9986569E-01   9.9941893E-01   9.9918988E-01   9.9931830E-01   9.9938334E-01
    9.9941761E-01   9.9943842E-01   9.9945096E-01   9.9945810E-01   9.9946155E-01
    9.9946264E-01

 1.5252719355E+02   6.7039331E+09   1.4015036E+14   4.3406488E+00   1.4631021E-03   1.0075972E-02   9.9968098E-01    51 
    9.7843788E-01   9.7835867E-01   9.7870985E-01   9.8194415E-01   9.8191067E-01
    9.9123712E-01   9.9538742E-01   9.9220022E-01   9.9804408E-01   9.9735313E-01
    9.9707288E-01   9.9699683E-01   9.9687649E-01   9.9854672E-01   9.9799642E-01
    9.9985375E-01   9.9981921E-01   9.9891000E-01   9.9876173E-01   9.9889242E-01
    9.9942720E-01   9.9998648E-01   9.9952447E-01   1.0002974E+00   9.9941230E-01
    9.9912416E-01   9.9882581E-01   9.9866632E-01   9.9896528E-01   9.9899106E-01
    9.9904768E-01   9.9863105E-01   9.9856394E-01   9.9898918E-01   9.9911422E-01
    9.9903250E-01   9.9887535E-01   9.9882281E-01   9.9936046E-01   9.9941036E-01
    9.9946470E-01   9.9911499E-01   9.9933720E-01   9.9975762E-01   9.9960285E-01
    9.9949615E-01   9.9936735E-01   9.9944065E-01   9.9990409E-01   9.9997086E-01
    1.0000379E+00   9.9956109E-01   9.9954426E-01   9.9990184E-01   9.9990713E-01
    1.0000141E+00   9.9974103E-01   9.9965467E-01   9.9972215E-01   9.9975476E-01
    9.9977116E-01   9.9978073E-01   9.9978659E-01   9.9979000E-01   9.9979152E-01
    9.9979200E-01

 1.5106967857E+02   9.8516728E+09   2.0612359E+14   4.7466622E+00   7.4061142E-04   6.9938716E-03   9.9977855E-01    52 
    9.8882932E-01   9.8899529E-01   9.8908672E-01   9.9149624E-01   9.9144966E-01
    9.9447845E-01   9.9740548E-01   9.9612900E-01   9.9853297E-01   9.9828974E-01
    9.9829165E-01   9.9823967E-01   9.9795390E-01   9.9885381E-01   9.9839198E-01
    9.9940595E-01   9.9920426E-01   9.9875625E-01   9.9867422E-01   9.9884937E-01
    9.9918034E-01   9.9959077E-01   9.9932099E-01   9.9957764E-01   9.9931614E-01
    9.9905929E-01   9.9895042E-01   9.9895328E-01   9.9942657E-01   9.9931982E-01
    9.9931087E-01   9.9909139E-01   9.9915251E-01   9.9938753E-01   9.9943104E-01
    9.9938615E-01   9.9929940E-01   9.9936790E-01   9.9960589E-01   9.9961599E-01
    9.9962700E-01   9.9956842E-01   9.9956212E-01   9.9978894E-01   9.9972984E-01
    9.9969843E-01   9.9970035E-01   9.9967139E-01   9.9991531E-01   9.9993764E-01
    1.0000074E+00   9.9978720E-01   9.9978536E-01   9.9993663E-01   9.9992140E-01
    9.9998436E-01   9.9986202E-01   9.9983714E-01   9.9986842E-01   9.9988384E-01
    9.9989176E-01   9.9989627E-01   9.9989908E-01   9.9990064E-01   9.9990135E-01
    9.9990156E-01

 1.4959449581E+02   1.5031839E+10   3.1461963E+14   5.2076349E+00   4.2527956E-04   4.6756704E-03   9.9985195E-01    53 
    9.9484270E-01   9.9506057E-01   9.9504708E-01   9.9644960E-01   9.9641622E-01
    9.9708467E-01   9.9869552E-01   9.9809321E-01   9.9906882E-01   9.9895646E-01
    9.9909923E-01   9.9906599E-01   9.9892290E-01   9.9937688E-01   9.9912229E-01
    9.9955563E-01   9.9941580E-01   9.9924999E-01   9.9920326E-01   9.9931494E-01
    9.9947672E-01   9.9971513E-01   9.9959979E-01   9.9966116E-01   9.9961111E-01
    9.9947216E-01   9.9944121E-01   9.9947018E-01   9.9972382E-01   9.9967056E-01
    9.9966977E-01   9.9958433E-01   9.9962190E-01   9.9976209E-01   9.9977467E-01
    9.9975037E-01   9.9970997E-01   9.9974336E-01   9.9985186E-01   9.9985005E-01
    9.9984102E-01   9.9983261E-01   9.9981468E-01   9.9990320E-01   9.9988469E-01
    9.9987832E-01   9.9988550E-01   9.9986726E-01   9.9997574E-01   9.9998541E-01
    9.9999310E-01   9.9992013E-01   9.9991786E-01   9.9998043E-01   9.9996545E-01
    9.9998655E-01   9.9994291E-01   9.9993695E-01   9.9994838E-01   9.9995427E-01
    9.9995744E-01   9.9995921E-01   9.9996033E-01   9.9996093E-01   9.9996121E-01
    9.9996130E-01

 1.4813949231E+02   2.2932659E+10   4.8007263E+14   5.7280519E+00   2.7587295E-04   3.1256091E-03   9.9990103E-01    54 
    9.9790967E-01   9.9808785E-01   9.9804993E-01   9.9872068E-01   9.9870037E-01
    9.9876197E-01   9.9947962E-01   9.9921769E-01   9.9959680E-01   9.9953512E-01
    9.9962553E-01   9.9960251E-01   9.9956638E-01   9.9977180E-01   9.9966358E-01
    9.9979545E-01   9.9974138E-01   9.9968803E-01   9.9966658E-01   9.9971490E-01
    9.9976480E-01   9.9987377E-01   9.9983484E-01   9.9984633E-01   9.9983798E-01
    9.9979048E-01   9.9978190E-01   9.9980048E-01   9.9990132E-01   9.9988299E-01
    9.9988410E-01   9.9985564E-01   9.9986933E-01   9.9994364E-01   9.9994386E-01
    9.9993061E-01   9.9991331E-01   9.9991904E-01   9.9996724E-01   9.9996136E-01
    9.9995200E-01   9.9994927E-01   9.9994341E-01   9.9997078E-01   9.9996549E-01
    9.9996425E-01   9.9996608E-01   9.9996034E-01   1.0000034E+00   1.0000074E+00
    9.9999736E-01   9.9997696E-01   9.9997609E-01   1.0000025E+00   9.9999187E-01
    9.9999630E-01   9.9998334E-01   9.9998188E-01   9.9998534E-01   9.9998713E-01
    9.9998815E-01   9.9998871E-01   9.9998907E-01   9.9998926E-01   9.9998935E-01
    9.9998938E-01

 1.4669896649E+02   3.4623455E+10   7.2491803E+14   6.3116436E+00   2.0555982E-04   2.1111683E-03   9.9993315E-01    55 
    9.9926333E-01   9.9937474E-01   9.9934496E-01   9.9962283E-01   9.9961070E-01
    9.9956305E-01   9.9983902E-01   9.9973820E-01   9.9987716E-01   9.9984651E-01
    9.9988277E-01   9.9986585E-01   9.9986013E-01   9.9993916E-01   9.9989823E-01
    9.9992715E-01   9.9991097E-01   9.9989783E-01   9.9988958E-01   9.9990665E-01
    9.9990708E-01   9.9994962E-01   9.9993962E-01   9.9994322E-01   9.9994178E-01
    9.9993117E-01   9.9992869E-01   9.9993824E-01   9.9996864E-01   9.9996531E-01
    9.9996501E-01   9.9995705E-01   9.9996195E-01   9.9999204E-01   9.9998827E-01
    9.9998410E-01   9.9997809E-01   9.9997829E-01   9.9999474E-01   9.9999157E-01
    9.9998778E-01   9.9998694E-01   9.9998545E-01   9.9999297E-01   9.9999164E-01
    9.9999137E-01   9.9999150E-01   9.9999017E-01   1.0000050E+00   1.0000059E+00
    9.9999914E-01   9.9999429E-01   9.9999419E-01   1.0000028E+00   9.9999926E-01
    9.9999906E-01   9.9999594E-01   9.9999573E-01   9.9999665E-01   9.9999712E-01
    9.9999740E-01   9.9999755E-01   9.9999765E-01   9.9999770E-01   9.9999773E-01
    9.9999774E-01

 1.4525782101E+02   5.2040985E+10   1.0898010E+15   6.9623126E+00   1.7758466E-04   1.4326022E-03   9.9995464E-01    56 
    9.9976936E-01   9.9982375E-01   9.9980825E-01   9.9991215E-01   9.9990489E-01
    9.9985931E-01   9.9994628E-01   9.9992068E-01   9.9996684E-01   9.9995570E-01
    9.9997068E-01   9.9995825E-01   9.9995359E-01   9.9997915E-01   9.9996672E-01
    9.9997360E-01   9.9996969E-01   9.9996821E-01   9.9996567E-01   9.9997126E-01
    9.9996294E-01   9.9997845E-01   9.9997679E-01   9.9997943E-01   9.9997919E-01
    9.9997802E-01   9.9997734E-01   9.9998145E-01   9.9998659E-01   9.9998913E-01
    9.9998936E-01   9.9998739E-01   9.9998912E-01   9.9999903E-01   9.9999652E-01
    9.9999520E-01   9.9999379E-01   9.9999410E-01   9.9999768E-01   9.9999705E-01
    9.9999624E-01   9.9999654E-01   9.9999573E-01   9.9999768E-01   9.9999742E-01
    9.9999733E-01   9.9999777E-01   9.9999708E-01   1.0000016E+00   1.0000018E+00
    9.9999922E-01   9.9999838E-01   9.9999850E-01   1.0000004E+00   1.0000001E+00
    9.9999947E-01   9.9999888E-01   9.9999893E-01   9.9999919E-01   9.9999933E-01
    9.9999941E-01   9.9999945E-01   9.9999948E-01   9.9999950E-01   9.9999951E-01
    9.9999951E-01

 1.4378889300E+02   7.8327090E+10   1.6405720E+15   7.6979183E+00   1.7354957E-04   9.7136602E-04   9.9996924E-01    57 
    9.9991293E-01   9.9993831E-01   9.9993096E-01   9.9997541E-01   9.9997051E-01
    9.9994579E-01   9.9997386E-01   9.9996977E-01   9.9998730E-01   9.9998294E-01
    9.9999180E-01   9.9998199E-01   9.9997733E-01   9.9998699E-01   9.9998461E-01
    9.9998789E-01   9.9998716E-01   9.9998755E-01   9.9998680E-01   9.9998885E-01
    9.9998430E-01   9.9999029E-01   9.9999014E-01   9.9999182E-01   9.9999176E-01
    9.9999177E-01   9.9999156E-01   9.9999311E-01   9.9999426E-01   9.9999604E-01
    9.9999624E-01   9.9999566E-01   9.9999625E-01   9.9999884E-01   9.9999821E-01
    9.9999793E-01   9.9999770E-01   9.9999804E-01   9.9999850E-01   9.9999858E-01
    9.9999852E-01   9.9999887E-01   9.9999841E-01   9.9999899E-01   9.9999898E-01
    9.9999898E-01   9.9999927E-01   9.9999893E-01   1.0000001E+00   1.0000004E+00
    9.9999956E-01   9.9999944E-01   9.9999952E-01   1.0000000E+00   1.0000001E+00
    9.9999976E-01   9.9999963E-01   9.9999966E-01   9.9999976E-01   9.9999981E-01
    9.9999983E-01   9.9999985E-01   9.9999986E-01   9.9999987E-01   9.9999987E-01
    9.9999987E-01

 1.4316312869E+02   9.2659821E+10   1.9408934E+15   8.0365671E+00   1.7606037E-04   8.2830199E-04   9.9997377E-01    58 
    9.9995127E-01   9.9996820E-01   9.9996301E-01   9.9999143E-01   9.9998712E-01
    9.9996846E-01   9.9998434E-01   9.9998270E-01   9.9999352E-01   9.9999007E-01
    9.9999755E-01   9.9998845E-01   9.9998505E-01   9.9999068E-01   9.9998996E-01
    9.9999230E-01   9.9999200E-01   9.9999264E-01   9.9999217E-01   9.9999343E-01
    9.9999006E-01   9.9999379E-01   9.9999382E-01   9.9999512E-01   9.9999509E-01
    9.9999524E-01   9.9999510E-01   9.9999605E-01   9.9999666E-01   9.9999795E-01
    9.9999797E-01   9.9999764E-01   9.9999796E-01   9.9999884E-01   9.9999879E-01
    9.9999875E-01   9.9999869E-01   9.9999897E-01   9.9999899E-01   9.9999911E-01
    9.9999911E-01   9.9999941E-01   9.9999907E-01   9.9999938E-01   9.9999940E-01
    9.9999940E-01   9.9999961E-01   9.9999938E-01   1.0000000E+00   1.0000002E+00
    9.9999970E-01   9.9999968E-01   9.9999974E-01   1.0000000E+00   1.0000002E+00
    9.9999985E-01   9.9999979E-01   9.9999982E-01   9.9999987E-01   9.9999990E-01
    9.9999991E-01   9.9999992E-01   9.9999993E-01   9.9999993E-01   9.9999994E-01
    9.9999994E-01

 1.4284972683E+02   1.0058552E+11   2.1069626E+15   8.2117732E+00   1.7793973E-04   7.6638420E-04   9.9997573E-01    59 
    9.9995435E-01   9.9997143E-01   9.9996618E-01   9.9999404E-01   9.9998999E-01
    9.9997006E-01   9.9998502E-01   9.9998386E-01   9.9999420E-01   9.9999103E-01
    9.9999842E-01   9.9998965E-01   9.9998500E-01   9.9999047E-01   9.9999011E-01
    9.9999247E-01   9.9999231E-01   9.9999303E-01   9.9999265E-01   9.9999386E-01
    9.9999034E-01   9.9999390E-01   9.9999397E-01   9.9999531E-01   9.9999529E-01
    9.9999548E-01   9.9999537E-01   9.9999629E-01   9.9999672E-01   9.9999801E-01
    9.9999805E-01   9.9999777E-01   9.9999809E-01   9.9999870E-01   9.9999876E-01
    9.9999877E-01   9.9999874E-01   9.9999903E-01   9.9999900E-01   9.9999912E-01
    9.9999915E-01   9.9999944E-01   9.9999911E-01   9.9999940E-01   9.9999943E-01
    9.9999943E-01   9.9999964E-01   9.9999941E-01   9.9999999E-01   1.0000002E+00
    9.9999970E-01   9.9999970E-01   9.9999976E-01   1.0000000E+00   1.0000002E+00
    9.9999986E-01   9.9999981E-01   9.9999983E-01   9.9999988E-01   9.9999991E-01
    9.9999993E-01   9.9999993E-01   9.9999994E-01   9.9999994E-01   9.9999995E-01
    9.9999995E-01

 1.4274512462E+02   1.0334810E+11   2.1648478E+15   8.2728828E+00   1.7857998E-04   7.4699080E-04   9.9997635E-01    60 
    1.0011525E+00   1.0009839E+00   1.0009777E+00   1.0007200E+00   1.0007209E+00
    1.0004730E+00   1.0004389E+00   1.0004423E+00   1.0003674E+00   1.0003682E+00
    1.0003401E+00   1.0003344E+00   1.0002079E+00   1.0002014E+00   1.0002036E+00
    1.0001698E+00   1.0001711E+00   1.0001563E+00   1.0001569E+00   1.0001538E+00
    1.0000959E+00   1.0000930E+00   1.0000931E+00   1.0000766E+00   1.0000768E+00
    1.0000707E+00   1.0000709E+00   1.0000687E+00   1.0000516E+00   1.0000493E+00
    1.0000370E+00   1.0000335E+00   1.0000316E+00   1.0000255E+00   1.0000226E+00
    1.0000172E+00   1.0000160E+00   1.0000155E+00   1.0000120E+00   1.0000109E+00
    1.0000087E+00   1.0000082E+00   1.0000082E+00   1.0000065E+00   1.0000061E+00
    1.0000052E+00   1.0000047E+00   1.0000049E+00   1.0000048E+00   1.0000045E+00
    1.0000030E+00   1.0000028E+00   1.0000029E+00   1.0000033E+00   1.0000036E+00
    1.0000021E+00   1.0000019E+00   1.0000019E+00   1.0000014E+00   1.0000010E+00
    1.0000008E+00   1.0000007E+00   1.0000007E+00   1.0000006E+00   1.0000006E+00
    1.0000006E+00
