  
  
    1   THI   1___   2___
 Down rate:


 Down rate

   2.0566E+00  2.0566E+00  2.0566E+00  2.0566E+00  2.0566E+00  2.0566E+00  2.0566E+00  2.0567E+00  2.0568E+00  2.0570E+00
   2.0575E+00  2.0585E+00  2.0605E+00  2.0643E+00  2.0717E+00  2.0850E+00  2.1077E+00  2.1434E+00  2.1954E+00  2.2613E+00
   2.3260E+00  2.3856E+00  2.4410E+00  2.4919E+00  2.5401E+00  2.5908E+00  2.6365E+00  2.6502E+00  2.6565E+00  2.6633E+00
   2.6735E+00  2.6882E+00  2.7082E+00  2.7343E+00  2.7686E+00  2.8129E+00  2.8651E+00  2.9270E+00  3.0007E+00  3.0885E+00
   3.1930E+00  3.3172E+00  3.4636E+00  3.6339E+00  3.8301E+00  4.0565E+00  4.3190E+00  4.6222E+00  4.9758E+00  5.3955E+00
   5.8967E+00  6.4959E+00  7.2120E+00  8.0697E+00  9.0958E+00  1.0320E+01  1.1807E+01  1.2528E+01  1.2910E+01  1.3039E+01


 Up rate

   7.8510E-12  8.2477E-12  9.1028E-12  1.1086E-11  1.6433E-11  3.6067E-11  1.6401E-10  7.4059E-10  3.3228E-09  1.4664E-08
   6.3111E-08  2.6466E-07  1.0802E-06  4.2617E-06  1.6059E-05  5.6888E-05  1.8411E-04  5.3184E-04  1.3540E-03  2.9258E-03
   5.0165E-03  7.4101E-03  1.0013E-02  1.2718E-02  1.5527E-02  1.8693E-02  2.1684E-02  2.2574E-02  2.2962E-02  2.3366E-02
   2.3932E-02  2.4709E-02  2.5732E-02  2.7083E-02  2.8934E-02  3.1483E-02  3.4757E-02  3.9058E-02  4.4836E-02  5.2769E-02
   6.3905E-02  7.9863E-02  1.0312E-01  1.3738E-01  1.8809E-01  2.6305E-01  3.7229E-01  5.2945E-01  7.5425E-01  1.0738E+00
   1.5209E+00  2.1346E+00  2.9663E+00  4.0857E+00  5.5771E+00  7.5412E+00  1.0150E+01  1.1491E+01  1.2219E+01  1.2467E+01


 Total # of down transitions

   2.3724E-09  2.4883E-09  2.7378E-09  3.3134E-09  4.8495E-09  1.0380E-08  4.5574E-08  2.0306E-07  9.1998E-07  4.1869E-06
   1.8862E-05  8.3702E-05  3.6578E-04  1.5517E-03  6.0865E-03  2.2755E-02  9.7887E-02  4.1132E-01  1.4912E+00  7.6914E+00
   2.4656E+01  4.5735E+01  5.5382E+01  4.6368E+01  4.4054E+01  5.5866E+01  8.5034E+01  1.4938E+02  3.0475E+02  6.6974E+02
   1.6305E+03  4.1203E+03  1.0236E+04  2.4559E+04  5.6256E+04  1.2166E+05  2.3539E+05  4.2101E+05  7.1143E+05  1.1485E+06
   1.7773E+06  2.6339E+06  3.7237E+06  4.9974E+06  6.2966E+06  7.4263E+06  8.5383E+06  1.0258E+07  1.3720E+07  2.0747E+07
   3.5204E+07  6.7612E+07  1.4119E+08  2.9748E+08  6.2004E+08  1.2942E+09  2.7335E+09  3.7241E+09  4.3328E+09  4.5527E+09


 Total # of upward transitions

   1.6678E-14  1.7930E-14  2.0724E-14  2.7674E-14  4.9297E-14  1.5617E-13  1.4590E-12  1.3769E-11  1.3143E-10  1.2471E-09
   1.1582E-08  1.0512E-07  9.3353E-07  8.0741E-06  6.7107E-05  5.4383E-04  4.2692E-03  3.0239E-02  1.9962E-01  1.1560E+00
   5.1580E+00  1.5951E+01  2.2016E+01  1.9070E+01  1.9048E+01  2.5089E+01  4.0273E+01  7.2668E+01  1.4604E+02  3.0010E+02
   6.2975E+02  1.3207E+03  2.7775E+03  5.9704E+03  1.3459E+04  3.0241E+04  6.1268E+04  1.1497E+05  2.0471E+05  3.5129E+05
   5.8653E+05  9.5732E+05  1.5255E+06  2.3494E+06  3.4279E+06  4.6741E+06  6.1196E+06  8.2017E+06  1.1986E+07  1.9350E+07
   3.4196E+07  6.6970E+07  1.4083E+08  2.9731E+08  6.1998E+08  1.2942E+09  2.7335E+09  3.7242E+09  4.3329E+09  4.5529E+09
  
  
    2   THeI   1s1s1Se   1s2s1Se
 Down rate:


 Down rate

   5.1908E+01  5.1908E+01  5.1908E+01  5.1908E+01  5.1908E+01  5.1908E+01  5.1908E+01  5.1909E+01  5.1910E+01  5.1912E+01
   5.1916E+01  5.1925E+01  5.1942E+01  5.1976E+01  5.2039E+01  5.2153E+01  5.2348E+01  5.2655E+01  5.3099E+01  5.3660E+01
   5.4207E+01  5.4711E+01  5.5178E+01  5.5603E+01  5.6002E+01  5.6416E+01  5.6787E+01  5.6898E+01  5.6949E+01  5.7002E+01
   5.7078E+01  5.7187E+01  5.7334E+01  5.7527E+01  5.7783E+01  5.8116E+01  5.8513E+01  5.8992E+01  5.9572E+01  6.0274E+01
   6.1125E+01  6.2151E+01  6.3376E+01  6.4815E+01  6.6487E+01  6.8425E+01  7.0672E+01  7.3263E+01  7.6266E+01  7.9801E+01
   8.3986E+01  8.8948E+01  9.4822E+01  1.0178E+02  1.1002E+02  1.1973E+02  1.3137E+02  1.3697E+02  1.3992E+02  1.4091E+02


 Up rate

   4.0508E-13  4.2556E-13  4.6973E-13  5.7224E-13  8.4880E-13  1.8646E-12  8.4849E-12  3.8355E-11  1.7238E-10  7.6268E-10
   3.2949E-09  1.3893E-08  5.7143E-08  2.2779E-07  8.6856E-07  3.1099E-06  1.0181E-05  2.9820E-05  7.6418E-05  1.6528E-04
   2.8523E-04  4.2091E-04  5.6571E-04  7.1214E-04  8.6053E-04  1.0240E-03  1.1733E-03  1.2160E-03  1.2341E-03  1.2527E-03
   1.2783E-03  1.3134E-03  1.3600E-03  1.4229E-03  1.5120E-03  1.6407E-03  1.8165E-03  2.0646E-03  2.4246E-03  2.9603E-03
   3.7779E-03  5.0557E-03  7.0987E-03  1.0433E-02  1.5984E-02  2.5359E-02  4.1292E-02  6.8496E-02  1.1546E-01  1.9708E-01
   3.3751E-01  5.7329E-01  9.5656E-01  1.5606E+00  2.4834E+00  3.8525E+00  5.8708E+00  6.9776E+00  7.5955E+00  7.8095E+00


 Total # of down transitions

   1.2817E-04  1.3145E-04  1.3825E-04  1.5284E-04  1.8641E-04  2.7556E-04  5.8418E-04  1.2433E-03  2.6742E-03  5.7979E-03
   1.2651E-02  2.7947E-02  6.3370E-02  1.4973E-01  3.6275E-01  8.4732E-01  1.7950E+00  4.8231E+00  1.4571E+01  2.8369E+01
   7.1321E+01  1.5046E+02  1.7204E+02  1.1426E+02  8.3250E+01  8.1488E+01  9.8339E+01  1.5904E+02  3.0642E+02  6.1260E+02
   1.2879E+03  2.7964E+03  6.1584E+03  1.3641E+04  2.9980E+04  6.2287E+04  1.1469E+05  1.9448E+05  3.1193E+05  4.8000E+05
   7.1133E+05  1.0118E+06  1.3709E+06  1.7462E+06  2.0165E+06  1.9548E+06  1.4443E+06  8.1362E+05  4.0693E+05  2.0754E+05
   1.1782E+05  8.0997E+04  6.6215E+04  5.8411E+04  5.4509E+04  5.5087E+04  6.0200E+04  6.3032E+04  6.4499E+04  6.4862E+04


 Total # of upward transitions

   3.8197E-14  4.1066E-14  4.7472E-14  6.3431E-14  1.1317E-13  3.5972E-13  3.3849E-12  3.2161E-11  3.0858E-10  2.9401E-09
   2.7406E-08  2.4970E-07  2.2259E-06  1.9303E-05  1.6098E-04  1.3223E-03  1.0736E-02  7.3519E-02  4.3717E-01  2.7547E+00
   1.1742E+01  3.1834E+01  4.1884E+01  3.6946E+01  3.8097E+01  5.2290E+01  8.7450E+01  1.5916E+02  3.2130E+02  6.7136E+02
   1.4695E+03  3.2847E+03  7.3010E+03  1.5803E+04  3.2866E+04  6.3717E+04  1.1124E+05  1.8318E+05  2.9031E+05  4.4405E+05
   6.5279E+05  9.1612E+05  1.2182E+06  1.5177E+06  1.7031E+06  1.5865E+06  1.1379E+06  6.5635E+05  3.5067E+05  1.9016E+05
   1.1268E+05  7.9394E+04  6.5706E+04  5.8261E+04  5.4470E+04  5.5076E+04  6.0196E+04  6.3029E+04  6.4496E+04  6.4856E+04
  
  
    3   THe2   1___   2___
 Down rate:


 Down rate

   1.3162E+02  1.3162E+02  1.3162E+02  1.3162E+02  1.3162E+02  1.3162E+02  1.3162E+02  1.3162E+02  1.3162E+02  1.3162E+02
   1.3163E+02  1.3163E+02  1.3165E+02  1.3167E+02  1.3172E+02  1.3181E+02  1.3197E+02  1.3221E+02  1.3256E+02  1.3301E+02
   1.3345E+02  1.3385E+02  1.3421E+02  1.3455E+02  1.3486E+02  1.3519E+02  1.3548E+02  1.3556E+02  1.3560E+02  1.3564E+02
   1.3570E+02  1.3578E+02  1.3589E+02  1.3604E+02  1.3624E+02  1.3648E+02  1.3678E+02  1.3715E+02  1.3760E+02  1.3815E+02
   1.3882E+02  1.3964E+02  1.4063E+02  1.4181E+02  1.4320E+02  1.4482E+02  1.4673E+02  1.4896E+02  1.5158E+02  1.5468E+02
   1.5837E+02  1.6277E+02  1.6798E+02  1.7415E+02  1.8144E+02  1.8998E+02  2.0017E+02  2.0504E+02  2.0760E+02  2.0846E+02


 Up rate

   7.0896E-17  7.4481E-17  8.2209E-17  1.0013E-16  1.4849E-16  3.2623E-16  1.4867E-15  6.7338E-15  3.0350E-14  1.3481E-13
   5.8535E-13  2.4858E-12  1.0337E-11  4.2025E-11  1.6601E-10  6.2121E-10  2.1129E-09  6.3905E-09  1.7610E-08  3.9982E-08
   7.1828E-08  1.0984E-07  1.5383E-07  1.9786E-07  2.3892E-07  2.7985E-07  3.1333E-07  3.2197E-07  3.2577E-07  3.2994E-07
   3.3652E-07  3.4740E-07  3.6526E-07  3.9445E-07  4.4278E-07  5.2058E-07  6.3461E-07  8.0795E-07  1.0887E-06  1.5789E-06
   2.5035E-06  4.3876E-06  8.5165E-06  1.8164E-05  4.2222E-05  1.0568E-04  2.7374E-04  6.9935E-04  1.7774E-03  4.6061E-03
   1.2018E-02  3.0830E-02  7.6109E-02  1.7922E-01  4.0008E-01  8.4410E-01  1.7035E+00  2.2613E+00  2.5963E+00  2.7171E+00


 Total # of down transitions

   2.8385E-09  3.0228E-09  3.4394E-09  4.4626E-09  7.5117E-09  2.1510E-08  1.5502E-07  1.0786E-06  7.3480E-06  4.8621E-05
   3.0739E-04  1.8530E-03  1.0651E-02  5.8467E-02  3.0548E-01  1.5175E+00  7.1294E+00  3.1627E+01  1.3105E+02  4.7216E+02
   1.2161E+03  2.2468E+03  2.7597E+03  2.5410E+03  2.3764E+03  2.5090E+03  2.5695E+03  2.9300E+03  3.8375E+03  5.1977E+03
   7.3038E+03  1.0645E+04  1.6100E+04  2.5335E+04  4.1884E+04  7.3202E+04  1.3123E+05  2.4631E+05  4.9246E+05  1.0691E+06
   2.5652E+06  6.8611E+06  2.0209E+07  6.2917E+07  1.9548E+08  5.4417E+08  1.1444E+09  1.7247E+09  2.1821E+09  2.7030E+09
   3.5281E+09  5.0922E+09  7.9702E+09  1.2676E+10  2.0182E+10  3.2628E+10  5.3948E+10  6.6501E+10  7.3667E+10  7.6145E+10


 Total # of upward transitions

   4.3391E-12  4.6724E-12  5.4184E-12  7.2848E-12  1.3159E-11  4.2889E-11  4.2015E-10  4.0933E-09  3.9700E-08  3.7811E-07
   3.4988E-06  3.1542E-05  2.7832E-04  2.4048E-03  2.0243E-02  1.6254E-01  1.1905E+00  7.7354E+00  4.6370E+01  2.2700E+02
   7.8581E+02  1.9239E+03  2.9571E+03  3.2923E+03  3.7009E+03  4.6928E+03  6.3004E+03  8.4925E+03  1.2099E+04  1.7624E+04
   2.6603E+04  4.1432E+04  6.6458E+04  1.1039E+05  1.9149E+05  3.4097E+05  5.9419E+05  1.0409E+06  1.8828E+06  3.6029E+06
   7.4326E+06  1.6705E+07  4.0808E+07  1.0619E+08  2.8240E+08  6.9903E+08  1.3699E+09  1.9713E+09  2.3919E+09  2.8594E+09
   3.6287E+09  5.1528E+09  8.0054E+09  1.2690E+10  2.0180E+10  3.2618E+10  5.3936E+10  6.6487E+10  7.3649E+10  7.6050E+10
            0     [N_ITS]              Number of hydro iterations remaining
            3     [ITS_DONE]           Number of hydro iterations completed
           15     [STRT_ITS]           Iteration to start first hydro iteration
           10     [FREQ_ITS]           Frequency for hydro iterations
   SPECIFY        [OB_OPT]             Outer boundary option: POW, SPECIFY, DEFAULT, NONE
            4     [NOB_PARS]           Number of outer boudary parameters
  3.10000E+01     [OB_P1]              Paremeters for outer boundary condition
  1.03300E+01     [OB_P2]              Paremeters for outer boundary condition
  4.42900E+00     [OB_P3]              Paremeters for outer boundary condition
  2.06700E+00     [OB_P4]              Paremeters for outer boundary condition
