 Index            R         Vel          Tau           Na        Ne/Na            T        Kross       Kr/Kes        Gamma       dpdR/ROH
     1   6.8505E+04   6.3615E+02   2.1511E-05   4.7542E+04   9.2366E-01   9.3673E-01   2.3344E-01   1.0753E+00   2.7749E-01  -2.5707E-03
     2   6.7052E+04   6.3603E+02   2.1977E-05   4.9634E+04   9.2366E-01   9.3673E-01   2.3344E-01   1.0753E+00   2.7749E-01  -2.6402E-03
     3   6.4035E+04   6.3575E+02   2.3013E-05   5.4446E+04   9.2366E-01   9.3673E-01   2.3344E-01   1.0753E+00   2.7749E-01  -2.7895E-03
     4   5.7330E+04   6.3503E+02   2.5707E-05   6.8002E+04   9.2366E-01   9.3673E-01   2.3344E-01   1.0753E+00   2.7749E-01  -3.2478E-03
     5   4.6155E+04   6.3338E+02   3.1947E-05   1.0519E+05   9.2366E-01   9.3673E-01   2.3344E-01   1.0753E+00   2.7749E-01  -4.4744E-03
     6   3.2968E+04   6.3000E+02   4.4778E-05   2.0728E+05   9.2366E-01   9.3673E-01   2.3344E-01   1.0753E+00   2.7749E-01  -6.5683E-03
     7   2.3549E+04   6.2527E+02   6.2859E-05   4.0934E+05   9.2366E-01   9.3673E-01   2.3344E-01   1.0753E+00   2.7749E-01  -9.2163E-03
     8   1.6820E+04   6.1867E+02   8.8387E-05   8.1087E+05   9.2366E-01   9.3673E-01   2.3344E-01   1.0753E+00   2.7749E-01  -1.2943E-02
     9   1.2015E+04   6.0947E+02   1.2470E-04   1.6133E+06   9.2974E-01   9.4408E-01   2.3520E-01   1.0763E+00   2.7749E-01  -1.8605E-02
    10   8.5819E+03   5.9669E+02   1.7736E-04   3.2297E+06   9.4987E-01   9.5199E-01   2.4085E-01   1.0788E+00   2.7749E-01  -2.6903E-02
    11   6.1299E+03   5.7898E+02   2.5459E-04   6.5240E+06   9.6464E-01   9.5895E-01   2.4514E-01   1.0812E+00   2.7749E-01  -3.8413E-02
    12   4.3785E+03   5.5452E+02   3.6845E-04   1.3351E+07   9.7519E-01   9.6609E-01   2.4844E-01   1.0839E+00   2.7749E-01  -5.5034E-02
    13   3.1275E+03   5.2097E+02   5.3840E-04   2.7853E+07   9.8275E-01   9.7351E-01   2.5105E-01   1.0869E+00   2.7749E-01  -7.9229E-02
    14   2.2339E+03   4.7538E+02   7.9762E-04   5.9828E+07   9.8821E-01   9.8164E-01   2.5325E-01   1.0903E+00   2.7749E-01  -1.1502E-01
    15   1.5957E+03   4.1431E+02   1.2073E-03   1.3455E+08   9.9223E-01   9.9098E-01   2.5527E-01   1.0946E+00   2.7749E-01  -1.6918E-01
    16   1.1546E+03   3.3788E+02   1.8611E-03   3.1510E+08   9.9512E-01   1.0019E+00   2.5724E-01   1.0998E+00   2.7749E-01  -2.5580E-01
    17   9.1325E+02   2.7067E+02   2.6427E-03   6.2871E+08   9.9675E-01   1.0126E+00   2.5887E-01   1.1050E+00   2.7749E-01  -4.1250E-01
    18   7.6575E+02   2.1412E+02   3.5541E-03   1.1304E+09   9.9777E-01   1.0239E+00   2.6036E-01   1.1102E+00   2.7749E-01  -5.5135E-01
    19   6.6840E+02   1.6784E+02   4.6046E-03   1.8929E+09   9.9846E-01   1.0370E+00   2.6192E-01   1.1161E+00   2.7749E-01  -7.1619E-01
    20   6.0043E+02   1.3064E+02   5.8100E-03   3.0134E+09   9.9894E-01   1.0532E+00   2.6369E-01   1.1231E+00   2.7749E-01  -9.1980E-01
    21   5.5090E+02   1.0114E+02   7.1937E-03   4.6240E+09   9.9927E-01   1.0733E+00   2.6578E-01   1.1316E+00   2.7749E-01  -1.1700E+00
    22   5.1351E+02   7.7938E+01   8.7886E-03   6.9060E+09   9.9950E-01   1.0977E+00   2.6826E-01   1.1419E+00   2.7749E-01  -1.4763E+00
    23   4.8442E+02   5.9814E+01   1.0643E-02   1.0112E+10   9.9966E-01   1.1273E+00   2.7125E-01   1.1545E+00   2.7749E-01  -1.8424E+00
    24   4.6109E+02   4.5712E+01   1.2834E-02   1.4604E+10   9.9975E-01   1.1619E+00   2.7475E-01   1.1693E+00   2.7749E-01  -2.2664E+00
    25   4.4171E+02   3.4753E+01   1.5490E-02   2.0933E+10   9.9979E-01   1.2020E+00   2.7880E-01   1.1864E+00   2.7749E-01  -2.7266E+00
    26   4.2466E+02   2.6181E+01   1.8907E-02   3.0062E+10   9.9981E-01   1.2496E+00   2.8348E-01   1.2063E+00   2.7749E-01  -3.1427E+00
    27   3.9828E+02   1.6928E+01   2.7531E-02   5.2857E+10   9.9988E-01   1.3795E+00   2.9218E-01   1.2432E+00   2.7749E-01  -4.9487E+00
    28   3.9469E+02   1.5616E+01   2.9161E-02   5.8346E+10   1.0002E+00   1.4840E+00   2.8980E-01   1.2328E+00   2.7749E-01  -1.2749E+01
    29   3.9373E+02   1.3200E+01   2.9648E-02   6.9357E+10   1.0002E+00   1.4872E+00   2.8882E-01   1.2286E+00   2.7749E-01  -4.8787E+01
    30   3.9321E+02   1.0518E+01   2.9975E-02   8.7275E+10   1.0001E+00   1.5019E+00   2.8884E-01   1.2287E+00   2.7749E-01  -9.1603E+01
    31   3.9284E+02   8.1408E+00   3.0275E-02   1.1297E+11   9.9999E-01   1.4942E+00   2.9042E-01   1.2356E+00   2.7749E-01  -1.7617E+02
    32   3.9275E+02   7.0552E+00   3.0371E-02   1.3042E+11   1.0000E+00   1.4955E+00   2.9029E-01   1.2351E+00   3.1163E-01  -2.0387E+02
    33   3.9265E+02   6.2204E+00   3.0480E-02   1.4800E+11   9.9999E-01   1.4944E+00   2.9045E-01   1.2358E+00   3.0893E-01  -1.8261E+02
    34   3.9255E+02   5.5398E+00   3.0604E-02   1.6626E+11   9.9997E-01   1.4932E+00   2.9064E-01   1.2366E+00   3.0569E-01  -1.7051E+02
    35   3.9246E+02   4.9639E+00   3.0743E-02   1.8564E+11   9.9996E-01   1.4919E+00   2.9084E-01   1.2375E+00   3.0191E-01  -1.6296E+02
    36   3.9236E+02   4.4612E+00   3.0898E-02   2.0666E+11   9.9991E-01   1.4892E+00   2.9154E-01   1.2405E+00   2.9444E-01  -1.5857E+02
    37   3.9227E+02   4.0137E+00   3.1070E-02   2.2981E+11   9.9985E-01   1.4852E+00   2.9270E-01   1.2455E+00   2.8377E-01  -1.5602E+02
    38   3.9217E+02   3.6146E+00   3.1262E-02   2.5531E+11   9.9971E-01   1.4807E+00   2.9454E-01   1.2535E+00   2.7858E-01  -1.5371E+02
    39   3.9208E+02   3.2594E+00   3.1476E-02   2.8327E+11   9.9957E-01   1.4758E+00   2.9671E-01   1.2629E+00   2.7681E-01  -1.5101E+02
    40   3.9198E+02   2.9445E+00   3.1714E-02   3.1372E+11   9.9941E-01   1.4707E+00   2.9825E-01   1.2697E+00   2.8263E-01  -1.4803E+02
    41   3.9189E+02   2.6643E+00   3.1978E-02   3.4688E+11   9.9927E-01   1.4652E+00   2.9997E-01   1.2772E+00   2.8891E-01  -1.4519E+02
    42   3.9179E+02   2.4156E+00   3.2270E-02   3.8277E+11   9.9904E-01   1.4601E+00   3.0139E-01   1.2835E+00   2.9418E-01  -1.4282E+02
    43   3.9170E+02   2.1925E+00   3.2592E-02   4.2192E+11   9.9885E-01   1.4545E+00   3.0296E-01   1.2905E+00   3.0004E-01  -1.4069E+02
    44   3.9160E+02   1.9925E+00   3.2947E-02   4.6450E+11   9.9859E-01   1.4488E+00   3.0457E-01   1.2977E+00   3.0487E-01  -1.3895E+02
    45   3.9151E+02   1.8122E+00   3.3339E-02   5.1095E+11   9.9827E-01   1.4430E+00   3.0622E-01   1.3051E+00   3.0906E-01  -1.3751E+02
    46   3.9142E+02   1.6491E+00   3.3770E-02   5.6175E+11   9.9800E-01   1.4366E+00   3.0806E-01   1.3133E+00   3.1363E-01  -1.3621E+02
    47   3.9133E+02   1.5019E+00   3.4245E-02   6.1712E+11   9.9754E-01   1.4304E+00   3.0979E-01   1.3213E+00   3.1633E-01  -1.3524E+02
    48   3.9124E+02   1.3681E+00   3.4766E-02   6.7777E+11   9.9708E-01   1.4238E+00   3.1165E-01   1.3298E+00   3.1889E-01  -1.3443E+02
    49   3.9114E+02   1.2463E+00   3.5340E-02   7.4435E+11   9.9667E-01   1.4166E+00   3.1373E-01   1.3392E+00   3.2179E-01  -1.3364E+02
    50   3.9105E+02   1.1364E+00   3.5971E-02   8.1676E+11   9.9595E-01   1.4101E+00   3.1574E-01   1.3488E+00   3.2390E-01  -1.3303E+02
    51   3.9096E+02   1.0362E+00   3.6664E-02   8.9611E+11   9.9524E-01   1.4034E+00   3.1793E-01   1.3591E+00   3.2605E-01  -1.3247E+02
    52   3.9087E+02   9.4478E-01   3.7426E-02   9.8328E+11   9.9460E-01   1.3959E+00   3.2039E-01   1.3705E+00   3.2848E-01  -1.3184E+02
    53   3.9078E+02   8.6216E-01   3.8264E-02   1.0780E+12   9.9360E-01   1.3894E+00   3.2295E-01   1.3828E+00   3.3159E-01  -1.3121E+02
    54   3.9069E+02   7.8730E-01   3.9185E-02   1.1810E+12   9.9243E-01   1.3833E+00   3.2569E-01   1.3962E+00   3.3399E-01  -1.3067E+02
    55   3.9061E+02   7.1887E-01   4.0198E-02   1.2940E+12   9.9137E-01   1.3766E+00   3.2878E-01   1.4110E+00   3.3643E-01  -1.3015E+02
    56   3.9052E+02   6.5659E-01   4.1313E-02   1.4174E+12   9.9017E-01   1.3701E+00   3.3211E-01   1.4270E+00   3.3906E-01  -1.2959E+02
    57   3.9043E+02   6.0062E-01   4.2538E-02   1.5502E+12   9.8829E-01   1.3655E+00   3.3537E-01   1.4438E+00   3.4149E-01  -1.2912E+02
    58   3.9034E+02   5.4945E-01   4.3887E-02   1.6954E+12   9.8657E-01   1.3605E+00   3.3908E-01   1.4623E+00   3.4429E-01  -1.2857E+02
    59   3.9026E+02   5.0266E-01   4.5373E-02   1.8540E+12   9.8501E-01   1.3550E+00   3.4328E-01   1.4827E+00   3.4750E-01  -1.2794E+02
    60   3.9017E+02   4.6052E-01   4.7008E-02   2.0246E+12   9.8257E-01   1.3515E+00   3.4719E-01   1.5034E+00   3.5057E-01  -1.2735E+02
    61   3.9008E+02   4.2226E-01   4.8807E-02   2.2090E+12   9.7995E-01   1.3486E+00   3.5133E-01   1.5253E+00   3.5424E-01  -1.2665E+02
    62   3.9000E+02   3.8734E-01   5.0787E-02   2.4092E+12   9.7755E-01   1.3455E+00   3.5605E-01   1.5496E+00   3.5845E-01  -1.2587E+02
    63   3.8991E+02   3.5545E-01   5.2969E-02   2.6264E+12   9.7528E-01   1.3422E+00   3.6134E-01   1.5763E+00   3.6262E-01  -1.2505E+02
    64   3.8983E+02   3.2687E-01   5.5370E-02   2.8573E+12   9.7188E-01   1.3417E+00   3.6566E-01   1.6008E+00   3.6667E-01  -1.2430E+02
    65   3.8974E+02   3.0077E-01   5.8008E-02   3.1066E+12   9.6873E-01   1.3411E+00   3.7063E-01   1.6278E+00   3.7126E-01  -1.2343E+02
    66   3.8966E+02   2.7695E-01   6.0911E-02   3.3753E+12   9.6583E-01   1.3405E+00   3.7631E-01   1.6577E+00   3.7649E-01  -1.2243E+02
    67   3.8957E+02   2.5531E-01   6.4109E-02   3.6630E+12   9.6314E-01   1.3403E+00   3.8242E-01   1.6893E+00   3.8232E-01  -1.2130E+02
    68   3.8949E+02   2.3602E-01   6.7622E-02   3.9641E+12   9.6064E-01   1.3427E+00   3.8777E-01   1.7174E+00   3.8833E-01  -1.2018E+02
    69   3.8940E+02   2.1842E-01   7.1480E-02   4.2855E+12   9.5830E-01   1.3453E+00   3.9380E-01   1.7483E+00   3.9496E-01  -1.1891E+02
    70   3.8932E+02   2.0236E-01   7.5720E-02   4.6276E+12   9.5612E-01   1.3481E+00   4.0058E-01   1.7825E+00   4.0233E-01  -1.1746E+02
    71   3.8923E+02   1.8772E-01   8.0384E-02   4.9905E+12   9.5408E-01   1.3513E+00   4.0820E-01   1.8203E+00   4.1088E-01  -1.1585E+02
    72   3.8915E+02   1.7479E-01   8.5502E-02   5.3621E+12   9.5398E-01   1.3566E+00   4.1466E-01   1.8493E+00   4.1855E-01  -1.1440E+02
    73   3.8906E+02   1.6297E-01   9.1109E-02   5.7536E+12   9.5388E-01   1.3624E+00   4.2174E-01   1.8811E+00   4.2668E-01  -1.1284E+02
    74   3.8898E+02   1.5217E-01   9.7255E-02   6.1647E+12   9.5379E-01   1.3687E+00   4.2950E-01   1.9159E+00   4.3540E-01  -1.1116E+02
    75   3.8889E+02   1.4231E-01   1.0399E-01   6.5948E+12   9.5371E-01   1.3757E+00   4.3802E-01   1.9541E+00   4.4478E-01  -1.0936E+02
    76   3.8880E+02   1.3339E-01   1.1137E-01   7.0389E+12   9.5481E-01   1.3833E+00   4.4590E-01   1.9869E+00   4.5396E-01  -1.0761E+02
    77   3.8872E+02   1.2527E-01   1.1942E-01   7.4981E+12   9.5662E-01   1.3915E+00   4.5343E-01   2.0166E+00   4.6297E-01  -1.0586E+02
    78   3.8863E+02   1.1785E-01   1.2820E-01   7.9742E+12   9.5836E-01   1.4005E+00   4.6153E-01   2.0489E+00   4.7246E-01  -1.0403E+02
    79   3.8854E+02   1.1105E-01   1.3777E-01   8.4658E+12   9.6003E-01   1.4103E+00   4.7025E-01   2.0840E+00   4.8246E-01  -1.0211E+02
    80   3.8845E+02   1.0483E-01   1.4820E-01   8.9724E+12   9.6218E-01   1.4205E+00   4.7826E-01   2.1148E+00   4.9211E-01  -1.0027E+02
    81   3.8836E+02   9.9112E-02   1.5950E-01   9.4946E+12   9.6480E-01   1.4309E+00   4.8540E-01   2.1405E+00   5.0126E-01  -9.8487E+01
    82   3.8827E+02   9.3862E-02   1.7174E-01   1.0030E+13   9.6734E-01   1.4421E+00   4.9299E-01   2.1683E+00   5.1091E-01  -9.6645E+01
    83   3.8818E+02   8.9049E-02   1.8498E-01   1.0577E+13   9.6980E-01   1.4542E+00   5.0105E-01   2.1982E+00   5.2073E-01  -9.4778E+01
    84   3.8809E+02   8.4585E-02   1.9930E-01   1.1141E+13   9.7232E-01   1.4664E+00   5.0792E-01   2.2225E+00   5.2975E-01  -9.3025E+01
    85   3.8800E+02   8.0441E-02   2.1470E-01   1.1721E+13   9.7487E-01   1.4789E+00   5.1394E-01   2.2430E+00   5.3828E-01  -9.1369E+01
    86   3.8790E+02   7.6621E-02   2.3124E-01   1.2311E+13   9.7735E-01   1.4922E+00   5.2028E-01   2.2649E+00   5.4701E-01  -8.9684E+01
    87   3.8781E+02   7.3103E-02   2.4901E-01   1.2909E+13   9.7976E-01   1.5064E+00   5.2694E-01   2.2882E+00   5.5596E-01  -8.8022E+01
    88   3.8771E+02   6.9796E-02   2.6805E-01   1.3528E+13   9.8190E-01   1.5205E+00   5.3207E-01   2.3055E+00   5.6372E-01  -8.6480E+01
    89   3.8762E+02   6.6704E-02   2.8838E-01   1.4162E+13   9.8390E-01   1.5348E+00   5.3660E-01   2.3204E+00   5.7111E-01  -8.5049E+01
    90   3.8752E+02   6.3840E-02   3.1006E-01   1.4805E+13   9.8585E-01   1.5501E+00   5.4133E-01   2.3362E+00   5.7864E-01  -8.3599E+01
    91   3.8742E+02   6.1187E-02   3.3316E-01   1.5455E+13   9.8775E-01   1.5662E+00   5.4628E-01   2.3530E+00   5.8631E-01  -8.2187E+01
    92   3.8732E+02   5.8666E-02   3.5774E-01   1.6127E+13   9.8924E-01   1.5820E+00   5.4987E-01   2.3649E+00   5.9280E-01  -8.0889E+01
    93   3.8722E+02   5.6294E-02   3.8380E-01   1.6816E+13   9.9057E-01   1.5982E+00   5.5298E-01   2.3751E+00   5.9896E-01  -7.9698E+01
    94   3.8712E+02   5.4082E-02   4.1142E-01   1.7512E+13   9.9187E-01   1.6152E+00   5.5623E-01   2.3859E+00   6.0522E-01  -7.8496E+01
    95   3.8701E+02   5.2021E-02   4.4067E-01   1.8216E+13   9.9314E-01   1.6330E+00   5.5960E-01   2.3973E+00   6.1160E-01  -7.7304E+01
    96   3.8691E+02   5.0059E-02   4.7161E-01   1.8940E+13   9.9412E-01   1.6507E+00   5.6224E-01   2.4062E+00   6.1703E-01  -7.6249E+01
    97   3.8680E+02   4.8189E-02   5.0427E-01   1.9686E+13   9.9489E-01   1.6683E+00   5.6431E-01   2.4132E+00   6.2185E-01  -7.5318E+01
    98   3.8669E+02   4.6433E-02   5.3871E-01   2.0442E+13   9.9564E-01   1.6868E+00   5.6647E-01   2.4206E+00   6.2674E-01  -7.4384E+01
    99   3.8659E+02   4.4786E-02   5.7500E-01   2.1205E+13   9.9638E-01   1.7061E+00   5.6871E-01   2.4284E+00   6.3174E-01  -7.3435E+01
   100   3.8648E+02   4.3228E-02   6.1322E-01   2.1982E+13   9.9704E-01   1.7258E+00   5.7083E-01   2.4358E+00   6.3652E-01  -7.2631E+01
   101   3.8637E+02   4.1710E-02   6.5344E-01   2.2795E+13   9.9744E-01   1.7445E+00   5.7215E-01   2.4405E+00   6.3954E-01  -7.1983E+01
   102   3.8625E+02   4.0272E-02   6.9569E-01   2.3623E+13   9.9783E-01   1.7640E+00   5.7353E-01   2.4454E+00   6.4264E-01  -7.1409E+01
   103   3.8614E+02   3.8910E-02   7.4007E-01   2.4464E+13   9.9822E-01   1.7842E+00   5.7495E-01   2.4505E+00   6.4573E-01  -7.0832E+01
   104   3.8603E+02   3.7619E-02   7.8668E-01   2.5318E+13   9.9860E-01   1.8052E+00   5.7644E-01   2.4559E+00   6.4885E-01  -7.0290E+01
   105   3.8591E+02   3.6366E-02   8.3559E-01   2.6207E+13   9.9888E-01   1.8256E+00   5.7752E-01   2.4599E+00   6.5045E-01  -6.9998E+01
   106   3.8579E+02   3.5140E-02   8.8688E-01   2.7137E+13   9.9907E-01   1.8455E+00   5.7824E-01   2.4625E+00   6.5087E-01  -6.9937E+01
   107   3.8567E+02   3.3965E-02   9.4064E-01   2.8094E+13   9.9926E-01   1.8660E+00   5.7899E-01   2.4652E+00   6.5125E-01  -6.9904E+01
   108   3.8555E+02   3.2837E-02   9.9699E-01   2.9077E+13   9.9945E-01   1.8872E+00   5.7977E-01   2.4680E+00   6.5160E-01  -6.9877E+01
   109   3.8543E+02   3.1755E-02   1.0561E+00   3.0086E+13   9.9964E-01   1.9090E+00   5.8057E-01   2.4710E+00   6.5194E-01  -6.9884E+01
   110   3.8531E+02   3.0691E-02   1.1180E+00   3.1149E+13   9.9977E-01   1.9301E+00   5.8115E-01   2.4731E+00   6.5138E-01  -7.0021E+01
   111   3.8519E+02   2.9647E-02   1.1829E+00   3.2267E+13   9.9987E-01   1.9508E+00   5.8155E-01   2.4746E+00   6.5027E-01  -7.0277E+01
   112   3.8506E+02   2.8638E-02   1.2508E+00   3.3425E+13   9.9997E-01   1.9720E+00   5.8198E-01   2.4761E+00   6.4917E-01  -7.0549E+01
   113   3.8493E+02   2.7665E-02   1.3221E+00   3.4624E+13   1.0001E+00   1.9938E+00   5.8241E-01   2.4778E+00   6.4798E-01  -7.0831E+01
   114   3.8481E+02   2.6724E-02   1.3968E+00   3.5867E+13   1.0002E+00   2.0162E+00   5.8287E-01   2.4795E+00   6.4675E-01  -7.1125E+01
   115   3.8468E+02   2.5806E-02   1.4751E+00   3.7167E+13   1.0002E+00   2.0385E+00   5.8344E-01   2.4817E+00   6.4563E-01  -7.1390E+01
   116   3.8455E+02   2.4904E-02   1.5572E+00   3.8540E+13   1.0003E+00   2.0601E+00   5.8424E-01   2.4850E+00   6.4486E-01  -7.1597E+01
   117   3.8441E+02   2.4034E-02   1.6435E+00   3.9963E+13   1.0003E+00   2.0823E+00   5.8508E-01   2.4884E+00   6.4408E-01  -7.1802E+01
   118   3.8428E+02   2.3195E-02   1.7340E+00   4.1437E+13   1.0004E+00   2.1050E+00   5.8596E-01   2.4920E+00   6.4329E-01  -7.2011E+01
   119   3.8414E+02   2.2386E-02   1.8290E+00   4.2965E+13   1.0005E+00   2.1283E+00   5.8688E-01   2.4958E+00   6.4250E-01  -7.2220E+01
   120   3.8401E+02   2.1606E-02   1.9288E+00   4.4548E+13   1.0005E+00   2.1522E+00   5.8784E-01   2.4998E+00   6.4172E-01  -7.2384E+01
   121   3.8387E+02   2.0842E-02   2.0337E+00   4.6214E+13   1.0005E+00   2.1753E+00   5.8964E-01   2.5073E+00   6.4214E-01  -7.2355E+01
   122   3.8373E+02   2.0108E-02   2.1440E+00   4.7935E+13   1.0006E+00   2.1989E+00   5.9162E-01   2.5157E+00   6.4320E-01  -7.2229E+01
   123   3.8359E+02   1.9405E-02   2.2601E+00   4.9709E+13   1.0006E+00   2.2231E+00   5.9371E-01   2.5245E+00   6.4407E-01  -7.2126E+01
   124   3.8344E+02   1.8730E-02   2.3822E+00   5.1538E+13   1.0006E+00   2.2478E+00   5.9589E-01   2.5337E+00   6.4472E-01  -7.2045E+01
   125   3.8330E+02   1.8083E-02   2.5107E+00   5.3424E+13   1.0007E+00   2.2731E+00   5.9820E-01   2.5434E+00   6.4536E-01  -7.1956E+01
   126   3.8315E+02   1.7458E-02   2.6460E+00   5.5377E+13   1.0007E+00   2.2987E+00   6.0096E-01   2.5551E+00   6.4668E-01  -7.1711E+01
   127   3.8301E+02   1.6857E-02   2.7885E+00   5.7398E+13   1.0007E+00   2.3240E+00   6.0449E-01   2.5700E+00   6.4924E-01  -7.1278E+01
   128   3.8286E+02   1.6283E-02   2.9388E+00   5.9467E+13   1.0008E+00   2.3500E+00   6.0822E-01   2.5857E+00   6.5186E-01  -7.0800E+01
   129   3.8270E+02   1.5736E-02   3.0972E+00   6.1582E+13   1.0008E+00   2.3766E+00   6.1214E-01   2.6023E+00   6.5455E-01  -7.0308E+01
   130   3.8255E+02   1.5215E-02   3.2641E+00   6.3743E+13   1.0008E+00   2.4038E+00   6.1628E-01   2.6198E+00   6.5733E-01  -6.9796E+01
   131   3.8240E+02   1.4718E-02   3.4400E+00   6.5949E+13   1.0009E+00   2.4316E+00   6.2063E-01   2.6382E+00   6.6024E-01  -6.9207E+01
   132   3.8224E+02   1.4241E-02   3.6255E+00   6.8211E+13   1.0010E+00   2.4593E+00   6.2578E-01   2.6598E+00   6.6457E-01  -6.8393E+01
   133   3.8208E+02   1.3790E-02   3.8212E+00   7.0504E+13   1.0011E+00   2.4874E+00   6.3137E-01   2.6832E+00   6.6977E-01  -6.7424E+01
   134   3.8192E+02   1.3362E-02   4.0276E+00   7.2819E+13   1.0012E+00   2.5161E+00   6.3725E-01   2.7079E+00   6.7486E-01  -6.6438E+01
   135   3.8176E+02   1.2958E-02   4.2452E+00   7.5154E+13   1.0014E+00   2.5454E+00   6.4345E-01   2.7339E+00   6.8004E-01  -6.5434E+01
   136   3.8160E+02   1.2576E-02   4.4746E+00   7.7504E+13   1.0015E+00   2.5753E+00   6.4998E-01   2.7613E+00   6.8534E-01  -6.4400E+01
   137   3.8143E+02   1.2215E-02   4.7163E+00   7.9866E+13   1.0017E+00   2.6056E+00   6.5690E-01   2.7901E+00   6.9116E-01  -6.3211E+01
   138   3.8126E+02   1.1875E-02   4.9710E+00   8.2225E+13   1.0022E+00   2.6360E+00   6.6432E-01   2.8201E+00   6.9849E-01  -6.1819E+01
   139   3.8109E+02   1.1556E-02   5.2393E+00   8.4566E+13   1.0027E+00   2.6670E+00   6.7211E-01   2.8518E+00   7.0597E-01  -6.0339E+01
   140   3.8092E+02   1.1258E-02   5.5218E+00   8.6884E+13   1.0032E+00   2.6985E+00   6.8030E-01   2.8850E+00   7.1361E-01  -5.8824E+01
   141   3.8075E+02   1.0979E-02   5.8190E+00   8.9171E+13   1.0038E+00   2.7305E+00   6.8889E-01   2.9200E+00   7.2144E-01  -5.7268E+01
   142   3.8057E+02   1.0719E-02   6.1315E+00   9.1420E+13   1.0043E+00   2.7629E+00   6.9791E-01   2.9567E+00   7.2954E-01  -5.5643E+01
   143   3.8039E+02   1.0481E-02   6.4598E+00   9.3584E+13   1.0057E+00   2.7957E+00   7.0689E-01   2.9905E+00   7.3831E-01  -5.3903E+01
   144   3.8021E+02   1.0263E-02   6.8043E+00   9.5664E+13   1.0076E+00   2.8287E+00   7.1601E-01   3.0233E+00   7.4750E-01  -5.2069E+01
   145   3.8003E+02   1.0062E-02   7.1653E+00   9.7672E+13   1.0096E+00   2.8622E+00   7.2553E-01   3.0576E+00   7.5679E-01  -5.0204E+01
   146   3.7985E+02   9.8765E-03   7.5435E+00   9.9600E+13   1.0115E+00   2.8960E+00   7.3544E-01   3.0933E+00   7.6623E-01  -4.8293E+01
   147   3.7966E+02   9.7071E-03   7.9392E+00   1.0144E+14   1.0135E+00   2.9301E+00   7.4575E-01   3.1306E+00   7.7620E-01  -4.6327E+01
   148   3.7947E+02   9.5532E-03   8.3529E+00   1.0318E+14   1.0156E+00   2.9645E+00   7.5642E-01   3.1690E+00   7.8581E-01  -4.4376E+01
   149   3.7928E+02   9.4291E-03   8.7841E+00   1.0464E+14   1.0211E+00   2.9991E+00   7.6528E-01   3.1886E+00   7.9498E-01  -4.2543E+01
   150   3.7908E+02   9.3176E-03   9.2327E+00   1.0600E+14   1.0268E+00   3.0337E+00   7.7442E-01   3.2087E+00   8.0399E-01  -4.0722E+01
   151   3.7889E+02   9.2181E-03   9.6990E+00   1.0726E+14   1.0327E+00   3.0685E+00   7.8384E-01   3.2294E+00   8.1294E-01  -3.8911E+01
   152   3.7869E+02   9.1301E-03   1.0183E+01   1.0840E+14   1.0386E+00   3.1034E+00   7.9353E-01   3.2507E+00   8.2172E-01  -3.7110E+01
   153   3.7848E+02   9.0532E-03   1.0686E+01   1.0944E+14   1.0446E+00   3.1384E+00   8.0349E-01   3.2725E+00   8.3073E-01  -3.5304E+01
   154   3.7828E+02   8.9893E-03   1.1206E+01   1.1034E+14   1.0512E+00   3.1734E+00   8.1309E-01   3.2907E+00   8.3931E-01  -3.3657E+01
   155   3.7807E+02   8.9472E-03   1.1743E+01   1.1098E+14   1.0611E+00   3.2082E+00   8.1924E-01   3.2849E+00   8.4547E-01  -3.2327E+01
   156   3.7785E+02   8.9119E-03   1.2295E+01   1.1155E+14   1.0712E+00   3.2430E+00   8.2554E-01   3.2789E+00   8.5150E-01  -3.1110E+01
   157   3.7764E+02   8.8832E-03   1.2864E+01   1.1204E+14   1.0815E+00   3.2775E+00   8.3198E-01   3.2729E+00   8.5748E-01  -2.9899E+01
   158   3.7742E+02   8.8612E-03   1.3448E+01   1.1245E+14   1.0921E+00   3.3119E+00   8.3856E-01   3.2669E+00   8.6341E-01  -2.8696E+01
   159   3.7720E+02   8.8456E-03   1.4047E+01   1.1278E+14   1.1029E+00   3.3461E+00   8.4529E-01   3.2608E+00   8.6928E-01  -2.7504E+01
   160   3.7697E+02   8.8364E-03   1.4663E+01   1.1303E+14   1.1140E+00   3.3801E+00   8.5215E-01   3.2546E+00   8.7508E-01  -2.6544E+01
   161   3.7674E+02   8.8230E-03   1.5293E+01   1.1334E+14   1.1231E+00   3.4142E+00   8.5312E-01   3.2317E+00   8.7548E-01  -2.6294E+01
   162   3.7651E+02   8.8038E-03   1.5933E+01   1.1373E+14   1.1317E+00   3.4479E+00   8.5199E-01   3.2030E+00   8.7416E-01  -2.6648E+01
   163   3.7627E+02   8.7805E-03   1.6584E+01   1.1417E+14   1.1404E+00   3.4812E+00   8.5082E-01   3.1742E+00   8.7189E-01  -2.7063E+01
   164   3.7603E+02   8.7539E-03   1.7245E+01   1.1466E+14   1.1492E+00   3.5141E+00   8.4961E-01   3.1454E+00   8.7053E-01  -2.7400E+01
   165   3.7579E+02   8.7244E-03   1.7918E+01   1.1520E+14   1.1581E+00   3.5467E+00   8.4836E-01   3.1165E+00   8.6929E-01  -2.7697E+01
   166   3.7554E+02   8.6923E-03   1.8602E+01   1.1578E+14   1.1672E+00   3.5789E+00   8.4706E-01   3.0877E+00   8.6817E-01  -2.7970E+01
   167   3.7529E+02   8.6578E-03   1.9297E+01   1.1639E+14   1.1764E+00   3.6107E+00   8.4572E-01   3.0587E+00   8.6716E-01  -2.8268E+01
   168   3.7504E+02   8.6102E-03   2.0004E+01   1.1720E+14   1.1830E+00   3.6423E+00   8.4257E-01   3.0303E+00   8.6379E-01  -2.8989E+01
   169   3.7478E+02   8.5442E-03   2.0721E+01   1.1826E+14   1.1868E+00   3.6736E+00   8.3748E-01   3.0023E+00   8.5848E-01  -3.0116E+01
   170   3.7453E+02   8.4710E-03   2.1448E+01   1.1945E+14   1.1906E+00   3.7046E+00   8.3226E-01   2.9741E+00   8.5330E-01  -3.1257E+01
   171   3.7427E+02   8.3909E-03   2.2185E+01   1.2076E+14   1.1944E+00   3.7352E+00   8.2691E-01   2.9456E+00   8.4824E-01  -3.2375E+01
   172   3.7400E+02   8.3043E-03   2.2933E+01   1.2219E+14   1.1981E+00   3.7655E+00   8.2144E-01   2.9169E+00   8.4329E-01  -3.3475E+01
   173   3.7374E+02   8.2117E-03   2.3692E+01   1.2374E+14   1.2019E+00   3.7956E+00   8.1583E-01   2.8880E+00   8.3843E-01  -3.4559E+01
   174   3.7347E+02   8.1134E-03   2.4464E+01   1.2542E+14   1.2056E+00   3.8254E+00   8.1008E-01   2.8587E+00   8.3365E-01  -3.5629E+01
   175   3.7320E+02   8.0098E-03   2.5248E+01   1.2723E+14   1.2093E+00   3.8550E+00   8.0419E-01   2.8292E+00   8.2893E-01  -3.6691E+01
   176   3.7292E+02   7.9013E-03   2.6046E+01   1.2916E+14   1.2130E+00   3.8845E+00   7.9816E-01   2.7995E+00   8.2421E-01  -3.7761E+01
   177   3.7265E+02   7.7805E-03   2.6858E+01   1.3136E+14   1.2144E+00   3.9142E+00   7.9454E-01   2.7837E+00   8.1958E-01  -3.8789E+01
   178   3.7237E+02   7.6560E-03   2.7688E+01   1.3370E+14   1.2157E+00   3.9439E+00   7.9081E-01   2.7676E+00   8.1520E-01  -3.9786E+01
   179   3.7209E+02   7.5282E-03   2.8536E+01   1.3617E+14   1.2170E+00   3.9736E+00   7.8697E-01   2.7513E+00   8.1097E-01  -4.0755E+01
   180   3.7180E+02   7.3976E-03   2.9402E+01   1.3879E+14   1.2182E+00   4.0032E+00   7.8301E-01   2.7346E+00   8.0688E-01  -4.1699E+01
   181   3.7152E+02   7.2645E-03   3.0288E+01   1.4155E+14   1.2195E+00   4.0330E+00   7.7893E-01   2.7176E+00   8.0290E-01  -4.2621E+01
   182   3.7123E+02   7.1292E-03   3.1194E+01   1.4446E+14   1.2207E+00   4.0627E+00   7.7472E-01   2.7002E+00   7.9902E-01  -4.3524E+01
   183   3.7094E+02   6.9921E-03   3.2121E+01   1.4752E+14   1.2219E+00   4.0926E+00   7.7039E-01   2.6824E+00   7.9524E-01  -4.4410E+01
   184   3.7065E+02   6.8535E-03   3.3070E+01   1.5075E+14   1.2231E+00   4.1225E+00   7.6593E-01   2.6643E+00   7.9154E-01  -4.5282E+01
   185   3.7035E+02   6.7136E-03   3.4042E+01   1.5413E+14   1.2243E+00   4.1525E+00   7.6133E-01   2.6457E+00   7.8792E-01  -4.6144E+01
   186   3.7006E+02   6.5719E-03   3.5038E+01   1.5771E+14   1.2251E+00   4.1827E+00   7.5769E-01   2.6313E+00   7.8424E-01  -4.7013E+01
   187   3.6976E+02   6.4285E-03   3.6062E+01   1.6149E+14   1.2256E+00   4.2130E+00   7.5504E-01   2.6211E+00   7.8060E-01  -4.7879E+01
   188   3.6946E+02   6.2847E-03   3.7115E+01   1.6545E+14   1.2261E+00   4.2437E+00   7.5230E-01   2.6106E+00   7.7708E-01  -4.8724E+01
   189   3.6915E+02   6.1409E-03   3.8197E+01   1.6960E+14   1.2265E+00   4.2745E+00   7.4946E-01   2.5998E+00   7.7368E-01  -4.9548E+01
   190   3.6885E+02   5.9973E-03   3.9311E+01   1.7395E+14   1.2270E+00   4.3056E+00   7.4653E-01   2.5886E+00   7.7038E-01  -5.0354E+01
   191   3.6854E+02   5.8541E-03   4.0458E+01   1.7851E+14   1.2274E+00   4.3370E+00   7.4349E-01   2.5772E+00   7.6715E-01  -5.1152E+01
   192   3.6823E+02   5.7115E-03   4.1640E+01   1.8327E+14   1.2278E+00   4.3687E+00   7.4035E-01   2.5654E+00   7.6393E-01  -5.1938E+01
   193   3.6792E+02   5.5696E-03   4.2856E+01   1.8826E+14   1.2282E+00   4.4007E+00   7.3710E-01   2.5533E+00   7.6086E-01  -5.2702E+01
   194   3.6760E+02   5.4288E-03   4.4110E+01   1.9348E+14   1.2286E+00   4.4330E+00   7.3374E-01   2.5408E+00   7.5788E-01  -5.3450E+01
   195   3.6728E+02   5.2891E-03   4.5403E+01   1.9893E+14   1.2290E+00   4.4656E+00   7.3027E-01   2.5280E+00   7.5497E-01  -5.4192E+01
   196   3.6696E+02   5.1504E-03   4.6737E+01   2.0464E+14   1.2293E+00   4.4986E+00   7.2742E-01   2.5175E+00   7.5173E-01  -5.5002E+01
   197   3.6664E+02   5.0126E-03   4.8115E+01   2.1064E+14   1.2295E+00   4.5320E+00   7.2526E-01   2.5097E+00   7.4821E-01  -5.5862E+01
   198   3.6632E+02   4.8760E-03   4.9540E+01   2.1692E+14   1.2297E+00   4.5658E+00   7.2302E-01   2.5015E+00   7.4533E-01  -5.6588E+01
   199   3.6599E+02   4.7416E-03   5.1014E+01   2.2347E+14   1.2299E+00   4.6002E+00   7.2070E-01   2.4931E+00   7.4343E-01  -5.7157E+01
   200   3.6566E+02   4.6095E-03   5.2540E+01   2.3029E+14   1.2301E+00   4.6349E+00   7.1828E-01   2.4844E+00   7.4133E-01  -5.7789E+01
   201   3.6533E+02   4.4792E-03   5.4119E+01   2.3742E+14   1.2303E+00   4.6702E+00   7.1578E-01   2.4753E+00   7.3800E-01  -5.8571E+01
   202   3.6499E+02   4.3505E-03   5.5754E+01   2.4489E+14   1.2304E+00   4.7060E+00   7.1318E-01   2.4660E+00   7.3482E-01  -5.9390E+01
   203   3.6465E+02   4.2236E-03   5.7448E+01   2.5272E+14   1.2306E+00   4.7423E+00   7.1047E-01   2.4563E+00   7.3177E-01  -6.0182E+01
   204   3.6431E+02   4.0985E-03   5.9203E+01   2.6092E+14   1.2308E+00   4.7791E+00   7.0767E-01   2.4463E+00   7.2885E-01  -6.0949E+01
   205   3.6397E+02   3.9755E-03   6.1023E+01   2.6950E+14   1.2309E+00   4.8165E+00   7.0475E-01   2.4359E+00   7.2606E-01  -6.1694E+01
   206   3.6363E+02   3.8545E-03   6.2909E+01   2.7848E+14   1.2311E+00   4.8545E+00   7.0202E-01   2.4262E+00   7.2321E-01  -6.2473E+01
   207   3.6328E+02   3.7355E-03   6.4868E+01   2.8791E+14   1.2312E+00   4.8930E+00   6.9996E-01   2.4189E+00   7.1998E-01  -6.3299E+01
   208   3.6293E+02   3.6184E-03   6.6904E+01   2.9780E+14   1.2313E+00   4.9322E+00   6.9782E-01   2.4113E+00   7.1689E-01  -6.4120E+01
   209   3.6257E+02   3.5035E-03   6.9021E+01   3.0817E+14   1.2314E+00   4.9721E+00   6.9558E-01   2.4034E+00   7.1392E-01  -6.4917E+01
   210   3.6222E+02   3.3909E-03   7.1223E+01   3.1903E+14   1.2315E+00   5.0127E+00   6.9326E-01   2.3952E+00   7.1108E-01  -6.5689E+01
   211   3.6186E+02   3.2805E-03   7.3513E+01   3.3042E+14   1.2315E+00   5.0540E+00   6.9083E-01   2.3866E+00   7.0836E-01  -6.6438E+01
   212   3.6149E+02   3.1725E-03   7.5897E+01   3.4235E+14   1.2316E+00   5.0961E+00   6.8831E-01   2.3777E+00   7.0576E-01  -6.7166E+01
   213   3.6113E+02   3.0669E-03   7.8380E+01   3.5486E+14   1.2317E+00   5.1389E+00   6.8584E-01   2.3690E+00   7.0315E-01  -6.7912E+01
   214   3.6076E+02   2.9636E-03   8.0966E+01   3.6797E+14   1.2318E+00   5.1825E+00   6.8374E-01   2.3616E+00   7.0031E-01  -6.8684E+01
   215   3.6039E+02   2.8627E-03   8.3663E+01   3.8174E+14   1.2319E+00   5.2270E+00   6.8154E-01   2.3539E+00   6.9759E-01  -6.9450E+01
   216   3.6001E+02   2.7642E-03   8.6477E+01   3.9617E+14   1.2319E+00   5.2723E+00   6.7924E-01   2.3458E+00   6.9499E-01  -7.0161E+01
   217   3.5963E+02   2.6681E-03   8.9413E+01   4.1129E+14   1.2320E+00   5.3185E+00   6.7702E-01   2.3381E+00   6.9318E-01  -7.0749E+01
   218   3.5925E+02   2.5748E-03   9.2478E+01   4.2710E+14   1.2320E+00   5.3656E+00   6.7475E-01   2.3301E+00   6.9160E-01  -7.1494E+01
   219   3.5887E+02   2.4829E-03   9.5680E+01   4.4387E+14   1.2321E+00   5.4123E+00   6.7349E-01   2.3257E+00   6.8524E-01  -7.2446E+01
   220   3.5848E+02   2.3925E-03   9.9038E+01   4.6163E+14   1.2321E+00   5.4588E+00   6.7349E-01   2.3257E+00   6.8524E-01  -7.2982E+01
   221   3.5809E+02   2.3055E-03   1.0256E+02   4.8010E+14   1.2321E+00   5.5064E+00   6.7349E-01   2.3257E+00   6.8524E-01  -7.3093E+01
