   14  1.04515991E+01  -6.2390E-08   1.0557E-17   3.1595E-04   9.7958E-08   4.4132E-01   1.6065E-01   0.0000E+00   7.2994E-07   1.1579E-07  -6.2390E-08  -1.4742E-08   3.6310E-08
   15  1.04515991E+01  -1.4742E-08   3.3292E-17   5.1894E-04   1.7600E-07   4.1880E-01   1.5259E-01   0.0000E+00   1.1579E-07   6.2390E-09  -1.4742E-08   3.6310E-08   9.7338E-08
   14  1.04515991E+01  -6.2390E-08   1.0557E-17   3.1595E-04   9.7958E-08   4.4132E-01   1.6065E-01   0.0000E+00   7.2994E-07   1.1579E-07  -6.2390E-08  -1.4742E-08   3.6310E-08
   15  1.04515991E+01  -1.4742E-08   3.3292E-17   5.1894E-04   1.7600E-07   4.1880E-01   1.5259E-01   0.0000E+00   1.1579E-07   6.2390E-09  -1.4742E-08   3.6310E-08   9.7338E-08
   14  1.04509019E+01  -4.4809E-08   1.0559E-17   3.1595E-04   9.7958E-08   4.3886E-01   1.5903E-01   0.0000E+00   6.4060E-07   5.6860E-08  -4.4809E-08  -5.1200E-08  -1.6269E-08
   15  1.04509019E+01  -5.1200E-08   3.3297E-17   5.1894E-04   1.7600E-07   4.1600E-01   1.5066E-01   0.0000E+00   5.6860E-08   4.4809E-09  -5.1200E-08  -1.6269E-08   5.6880E-08
   16  1.04509019E+01  -1.6269E-08   1.0396E-16   8.5616E-04   3.1619E-07   4.2036E-01   1.4496E-01   0.0000E+00   4.4809E-09   5.1200E-09  -1.6269E-08   5.6880E-08   1.6227E-07
   14  1.04509019E+01  -4.4809E-08   1.0559E-17   3.1595E-04   9.7958E-08   4.3886E-01   1.5903E-01   0.0000E+00   6.4060E-07   5.6860E-08  -4.4809E-08  -5.1200E-08  -1.6269E-08
   15  1.04509019E+01  -5.1200E-08   3.3297E-17   5.1894E-04   1.7600E-07   4.1600E-01   1.5066E-01   0.0000E+00   5.6860E-08   4.4809E-09  -5.1200E-08  -1.6269E-08   5.6880E-08
   16  1.04509019E+01  -1.6269E-08   1.0396E-16   8.5616E-04   3.1619E-07   4.2036E-01   1.4496E-01   0.0000E+00   4.4809E-09   5.1200E-09  -1.6269E-08   5.6880E-08   1.6227E-07
   14  1.04502047E+01  -4.5470E-08   1.0560E-17   3.1595E-04   9.7958E-08   4.3638E-01   1.5737E-01   0.0000E+00   5.5824E-07   4.1582E-09  -4.5470E-08  -4.8112E-08  -4.8469E-08
   15  1.04502047E+01  -4.8112E-08   3.3302E-17   5.1894E-04   1.7600E-07   4.1319E-01   1.4875E-01   0.0000E+00   4.1582E-09   4.5470E-09  -4.8112E-08  -4.8469E-08   2.0815E-08
   16  1.04502047E+01  -4.8469E-08   1.0398E-16   8.5616E-04   3.1619E-07   4.1842E-01   1.4284E-01   0.0000E+00   4.5470E-09   4.8112E-09  -4.8469E-08   2.0815E-08   1.3802E-07
   14  1.04502047E+01  -4.5470E-08   1.0560E-17   3.1595E-04   9.7958E-08   4.3638E-01   1.5737E-01   0.0000E+00   5.5824E-07   4.1582E-09  -4.5470E-08  -4.8112E-08  -4.8469E-08
   15  1.04502047E+01  -4.8112E-08   3.3302E-17   5.1894E-04   1.7600E-07   4.1319E-01   1.4875E-01   0.0000E+00   4.1582E-09   4.5470E-09  -4.8112E-08  -4.8469E-08   2.0815E-08
   16  1.04502047E+01  -4.8469E-08   1.0398E-16   8.5616E-04   3.1619E-07   4.1842E-01   1.4284E-01   0.0000E+00   4.5470E-09   4.8112E-09  -4.8469E-08   2.0815E-08   1.3802E-07
   13  1.04495075E+01  -4.2587E-08   3.3350E-18   1.9316E-04   5.4601E-08   4.6733E-01   1.7337E-01   0.0000E+00   1.5685E-06   4.8256E-07  -4.2587E-08  -4.4769E-08  -4.8050E-08
   14  1.04495075E+01  -4.4769E-08   1.0562E-17   3.1595E-04   9.7958E-08   4.3391E-01   1.5568E-01   0.0000E+00   4.8256E-07   4.2587E-09  -4.4769E-08  -4.8050E-08  -4.5218E-08
   15  1.04495075E+01  -4.8050E-08   3.3306E-17   5.1894E-04   1.7600E-07   4.1039E-01   1.4689E-01   0.0000E+00   4.2587E-09   4.4769E-09  -4.8050E-08  -4.5218E-08  -1.1097E-08
   16  1.04495075E+01  -4.5218E-08   1.0399E-16   8.5616E-04   3.1619E-07   4.1675E-01   1.4087E-01   0.0000E+00   4.4769E-09   4.8050E-09  -4.5218E-08  -1.1097E-08   1.1773E-07
   17  1.04495075E+01  -1.1097E-08   3.1671E-16   1.4002E-03   5.6396E-07   4.0996E-01   1.1898E-01   0.0000E+00   4.8050E-09   4.5218E-09  -1.1097E-08   1.1773E-07   2.6680E-07
   13  1.04495075E+01  -4.2587E-08   3.3350E-18   1.9316E-04   5.4601E-08   4.6733E-01   1.7337E-01   0.0000E+00   1.5685E-06   4.8256E-07  -4.2587E-08  -4.4769E-08  -4.8050E-08
   14  1.04495075E+01  -4.4769E-08   1.0562E-17   3.1595E-04   9.7958E-08   4.3391E-01   1.5568E-01   0.0000E+00   4.8256E-07   4.2587E-09  -4.4769E-08  -4.8050E-08  -4.5218E-08
   15  1.04495075E+01  -4.8050E-08   3.3306E-17   5.1894E-04   1.7600E-07   4.1039E-01   1.4689E-01   0.0000E+00   4.2587E-09   4.4769E-09  -4.8050E-08  -4.5218E-08  -1.1097E-08
   16  1.04495075E+01  -4.5218E-08   1.0399E-16   8.5616E-04   3.1619E-07   4.1675E-01   1.4087E-01   0.0000E+00   4.4769E-09   4.8050E-09  -4.5218E-08  -1.1097E-08   1.1773E-07
   17  1.04495075E+01  -1.1097E-08   3.1671E-16   1.4002E-03   5.6396E-07   4.0996E-01   1.1898E-01   0.0000E+00   4.8050E-09   4.5218E-09  -1.1097E-08   1.1773E-07   2.6680E-07
   13  1.04488104E+01  -3.9217E-08   3.3355E-18   1.9316E-04   5.4601E-08   4.6514E-01   1.7200E-01   0.0000E+00   1.4756E-06   4.1483E-07  -3.9217E-08  -4.4851E-08  -4.7734E-08
   14  1.04488104E+01  -4.4851E-08   1.0563E-17   3.1595E-04   9.7958E-08   4.3145E-01   1.5395E-01   0.0000E+00   4.1483E-07   3.9217E-09  -4.4851E-08  -4.7734E-08  -4.5131E-08
   15  1.04488104E+01  -4.7734E-08   3.3311E-17   5.1894E-04   1.7600E-07   4.0761E-01   1.4510E-01   0.0000E+00   3.9217E-09   4.4851E-09  -4.7734E-08  -4.5131E-08  -2.7760E-08
   16  1.04488104E+01  -4.5131E-08   1.0401E-16   8.5616E-04   3.1619E-07   4.1539E-01   1.3903E-01   0.0000E+00   4.4851E-09   4.7734E-09  -4.5131E-08  -2.7760E-08   1.0104E-07
   17  1.04488104E+01  -2.7760E-08   3.1676E-16   1.4002E-03   5.6396E-07   4.0811E-01   1.1697E-01   0.0000E+00   4.7734E-09   4.5131E-09  -2.7760E-08   1.0104E-07   2.6145E-07
   13  1.04488104E+01  -3.9217E-08   3.3355E-18   1.9316E-04   5.4601E-08   4.6514E-01   1.7200E-01   0.0000E+00   1.4756E-06   4.1483E-07  -3.9217E-08  -4.4851E-08  -4.7734E-08
   14  1.04488104E+01  -4.4851E-08   1.0563E-17   3.1595E-04   9.7958E-08   4.3145E-01   1.5395E-01   0.0000E+00   4.1483E-07   3.9217E-09  -4.4851E-08  -4.7734E-08  -4.5131E-08
   15  1.04488104E+01  -4.7734E-08   3.3311E-17   5.1894E-04   1.7600E-07   4.0761E-01   1.4510E-01   0.0000E+00   3.9217E-09   4.4851E-09  -4.7734E-08  -4.5131E-08  -2.7760E-08
   16  1.04488104E+01  -4.5131E-08   1.0401E-16   8.5616E-04   3.1619E-07   4.1539E-01   1.3903E-01   0.0000E+00   4.4851E-09   4.7734E-09  -4.5131E-08  -2.7760E-08   1.0104E-07
   17  1.04488104E+01  -2.7760E-08   3.1676E-16   1.4002E-03   5.6396E-07   4.0811E-01   1.1697E-01   0.0000E+00   4.7734E-09   4.5131E-09  -2.7760E-08   1.0104E-07   2.6145E-07
   13  1.04481133E+01  -3.6780E-08   3.3359E-18   1.9316E-04   5.4601E-08   4.6296E-01   1.7063E-01   0.0000E+00   1.3894E-06   3.5475E-07  -3.6780E-08  -4.4821E-08  -4.7411E-08
   14  1.04481133E+01  -4.4821E-08   1.0565E-17   3.1595E-04   9.7958E-08   4.2901E-01   1.5221E-01   0.0000E+00   3.5475E-07   3.6780E-09  -4.4821E-08  -4.7411E-08  -4.4360E-08
   15  1.04481133E+01  -4.7411E-08   3.3316E-17   5.1894E-04   1.7600E-07   4.0490E-01   1.4339E-01   0.0000E+00   3.6780E-09   4.4821E-09  -4.7411E-08  -4.4360E-08  -2.4800E-08
   16  1.04481133E+01  -4.4360E-08   1.0403E-16   8.5616E-04   3.1619E-07   4.1434E-01   1.3715E-01   0.0000E+00   4.4821E-09   4.7411E-09  -4.4360E-08  -2.4800E-08   8.7753E-08
   17  1.04481133E+01  -2.4800E-08   3.1681E-16   1.4002E-03   5.6396E-07   4.0669E-01   1.1544E-01   0.0000E+00   4.7411E-09   4.4360E-09  -2.4800E-08   8.7753E-08   2.5739E-07
   13  1.04481133E+01  -3.6780E-08   3.3359E-18   1.9316E-04   5.4601E-08   4.6296E-01   1.7063E-01   0.0000E+00   1.3894E-06   3.5475E-07  -3.6780E-08  -4.4821E-08  -4.7411E-08
   14  1.04481133E+01  -4.4821E-08   1.0565E-17   3.1595E-04   9.7958E-08   4.2901E-01   1.5221E-01   0.0000E+00   3.5475E-07   3.6780E-09  -4.4821E-08  -4.7411E-08  -4.4360E-08
   15  1.04481133E+01  -4.7411E-08   3.3316E-17   5.1894E-04   1.7600E-07   4.0490E-01   1.4339E-01   0.0000E+00   3.6780E-09   4.4821E-09  -4.7411E-08  -4.4360E-08  -2.4800E-08
   16  1.04481133E+01  -4.4360E-08   1.0403E-16   8.5616E-04   3.1619E-07   4.1434E-01   1.3715E-01   0.0000E+00   4.4821E-09   4.7411E-09  -4.4360E-08  -2.4800E-08   8.7753E-08
   17  1.04481133E+01  -2.4800E-08   3.1681E-16   1.4002E-03   5.6396E-07   4.0669E-01   1.1544E-01   0.0000E+00   4.7411E-09   4.4360E-09  -2.4800E-08   8.7753E-08   2.5739E-07
   13  1.04474163E+01  -3.4710E-08   3.3356E-18   1.9342E-04   5.4601E-08   4.6078E-01   1.6928E-01   0.0000E+00   1.3098E-06   3.0196E-07  -3.4710E-08  -4.4775E-08  -4.7073E-08
   14  1.04474163E+01  -4.4775E-08   1.0564E-17   3.1635E-04   9.7958E-08   4.2660E-01   1.5063E-01   0.0000E+00   3.0196E-07   3.4710E-09  -4.4775E-08  -4.7073E-08  -4.3690E-08
   15  1.04474163E+01  -4.7073E-08   3.3313E-17   5.1960E-04   1.7600E-07   4.0227E-01   1.4177E-01   0.0000E+00   3.4710E-09   4.4775E-09  -4.7073E-08  -4.3690E-08  -2.3736E-08
   16  1.04474163E+01  -4.3690E-08   1.0402E-16   8.5725E-04   3.1619E-07   4.1362E-01   1.3537E-01   0.0000E+00   4.4775E-09   4.7073E-09  -4.3690E-08  -2.3736E-08   7.7619E-08
   17  1.04474163E+01  -2.3736E-08   3.1678E-16   1.4020E-03   5.6396E-07   4.0569E-01   1.1410E-01   0.0000E+00   4.7073E-09   4.3690E-09  -2.3736E-08   7.7619E-08   2.5431E-07
   13  1.04474163E+01  -3.4710E-08   3.3356E-18   1.9342E-04   5.4601E-08   4.6078E-01   1.6928E-01   0.0000E+00   1.3098E-06   3.0196E-07  -3.4710E-08  -4.4775E-08  -4.7073E-08
   14  1.04474163E+01  -4.4775E-08   1.0564E-17   3.1635E-04   9.7958E-08   4.2660E-01   1.5063E-01   0.0000E+00   3.0196E-07   3.4710E-09  -4.4775E-08  -4.7073E-08  -4.3690E-08
   15  1.04474163E+01  -4.7073E-08   3.3313E-17   5.1960E-04   1.7600E-07   4.0227E-01   1.4177E-01   0.0000E+00   3.4710E-09   4.4775E-09  -4.7073E-08  -4.3690E-08  -2.3736E-08
   16  1.04474163E+01  -4.3690E-08   1.0402E-16   8.5725E-04   3.1619E-07   4.1362E-01   1.3537E-01   0.0000E+00   4.4775E-09   4.7073E-09  -4.3690E-08  -2.3736E-08   7.7619E-08
   17  1.04474163E+01  -2.3736E-08   3.1678E-16   1.4020E-03   5.6396E-07   4.0569E-01   1.1410E-01   0.0000E+00   4.7073E-09   4.3690E-09  -2.3736E-08   7.7619E-08   2.5431E-07
   13  1.04467193E+01  -3.3010E-08   3.3361E-18   1.9342E-04   5.4601E-08   4.5863E-01   1.6794E-01   0.0000E+00   1.2364E-06   2.5610E-07  -3.3010E-08  -4.4705E-08  -4.6722E-08
   14  1.04467193E+01  -4.4705E-08   1.0565E-17   3.1636E-04   9.7958E-08   4.2426E-01   1.4910E-01   0.0000E+00   2.5610E-07   3.3010E-09  -4.4705E-08  -4.6722E-08  -4.3011E-08
   15  1.04467193E+01  -4.6722E-08   3.3319E-17   5.1961E-04   1.7600E-07   3.9973E-01   1.4024E-01   0.0000E+00   3.3010E-09   4.4705E-09  -4.6722E-08  -4.3011E-08  -2.2551E-08
   16  1.04467193E+01  -4.3011E-08   1.0404E-16   8.5726E-04   3.1619E-07   4.1323E-01   1.3377E-01   0.0000E+00   4.4705E-09   4.6722E-09  -4.3011E-08  -2.2551E-08   7.0413E-08
   17  1.04467193E+01  -2.2551E-08   3.1684E-16   1.4020E-03   5.6396E-07   4.0513E-01   1.1277E-01   0.0000E+00   4.6722E-09   4.3011E-09  -2.2551E-08   7.0413E-08   2.5204E-07
   13  1.04467193E+01  -3.3010E-08   3.3361E-18   1.9342E-04   5.4601E-08   4.5863E-01   1.6794E-01   0.0000E+00   1.2364E-06   2.5610E-07  -3.3010E-08  -4.4705E-08  -4.6722E-08
   14  1.04467193E+01  -4.4705E-08   1.0565E-17   3.1636E-04   9.7958E-08   4.2426E-01   1.4910E-01   0.0000E+00   2.5610E-07   3.3010E-09  -4.4705E-08  -4.6722E-08  -4.3011E-08
   15  1.04467193E+01  -4.6722E-08   3.3319E-17   5.1961E-04   1.7600E-07   3.9973E-01   1.4024E-01   0.0000E+00   3.3010E-09   4.4705E-09  -4.6722E-08  -4.3011E-08  -2.2551E-08
   16  1.04467193E+01  -4.3011E-08   1.0404E-16   8.5726E-04   3.1619E-07   4.1323E-01   1.3377E-01   0.0000E+00   4.4705E-09   4.6722E-09  -4.3011E-08  -2.2551E-08   7.0413E-08
   17  1.04467193E+01  -2.2551E-08   3.1684E-16   1.4020E-03   5.6396E-07   4.0513E-01   1.1277E-01   0.0000E+00   4.6722E-09   4.3011E-09  -2.2551E-08   7.0413E-08   2.5204E-07
   13  1.04460224E+01  -3.1628E-08   3.3366E-18   1.9342E-04   5.4601E-08   4.5652E-01   1.6664E-01   0.0000E+00   1.1690E-06   2.1679E-07  -3.1628E-08  -4.4616E-08  -4.6361E-08
   14  1.04460224E+01  -4.4616E-08   1.0567E-17   3.1636E-04   9.7958E-08   4.2198E-01   1.4761E-01   0.0000E+00   2.1679E-07   3.1628E-09  -4.4616E-08  -4.6361E-08  -4.2341E-08
   15  1.04460224E+01  -4.6361E-08   3.3324E-17   5.1961E-04   1.7600E-07   3.9729E-01   1.3880E-01   0.0000E+00   3.1628E-09   4.4616E-09  -4.6361E-08  -4.2341E-08  -2.1413E-08
   16  1.04460224E+01  -4.2341E-08   1.0405E-16   8.5726E-04   3.1619E-07   4.1320E-01   1.3237E-01   0.0000E+00   4.4616E-09   4.6361E-09  -4.2341E-08  -2.1413E-08   6.5866E-08
   17  1.04460224E+01  -2.1413E-08   3.1690E-16   1.4020E-03   5.6396E-07   4.0503E-01   1.1176E-01   0.0000E+00   4.6361E-09   4.2341E-09  -2.1413E-08   6.5866E-08   2.5041E-07
   13  1.04460224E+01  -3.1628E-08   3.3366E-18   1.9342E-04   5.4601E-08   4.5652E-01   1.6664E-01   0.0000E+00   1.1690E-06   2.1679E-07  -3.1628E-08  -4.4616E-08  -4.6361E-08
   14  1.04460224E+01  -4.4616E-08   1.0567E-17   3.1636E-04   9.7958E-08   4.2198E-01   1.4761E-01   0.0000E+00   2.1679E-07   3.1628E-09  -4.4616E-08  -4.6361E-08  -4.2341E-08
   15  1.04460224E+01  -4.6361E-08   3.3324E-17   5.1961E-04   1.7600E-07   3.9729E-01   1.3880E-01   0.0000E+00   3.1628E-09   4.4616E-09  -4.6361E-08  -4.2341E-08  -2.1413E-08
   16  1.04460224E+01  -4.2341E-08   1.0405E-16   8.5726E-04   3.1619E-07   4.1320E-01   1.3237E-01   0.0000E+00   4.4616E-09   4.6361E-09  -4.2341E-08  -2.1413E-08   6.5866E-08
   17  1.04460224E+01  -2.1413E-08   3.1690E-16   1.4020E-03   5.6396E-07   4.0503E-01   1.1176E-01   0.0000E+00   4.6361E-09   4.2341E-09  -2.1413E-08   6.5866E-08   2.5041E-07
   13  1.04453255E+01  -3.0521E-08   3.3369E-18   1.9342E-04   5.4601E-08   4.5445E-01   1.6536E-01   0.0000E+00   1.1073E-06   1.8363E-07  -3.0521E-08  -4.4507E-08  -4.5991E-08
   14  1.04453255E+01  -4.4507E-08   1.0568E-17   3.1635E-04   9.7958E-08   4.1978E-01   1.4618E-01   0.0000E+00   1.8363E-07   3.0521E-09  -4.4507E-08  -4.5991E-08  -4.1679E-08
   15  1.04453255E+01  -4.5991E-08   3.3327E-17   5.1960E-04   1.7600E-07   3.9494E-01   1.3748E-01   0.0000E+00   3.0521E-09   4.4507E-09  -4.5991E-08  -4.1679E-08  -2.0285E-08
   16  1.04453255E+01  -4.1679E-08   1.0406E-16   8.5725E-04   3.1619E-07   4.1352E-01   1.3118E-01   0.0000E+00   4.4507E-09   4.5991E-09  -4.1679E-08  -2.0285E-08   6.3698E-08
   17  1.04453255E+01  -2.0285E-08   3.1694E-16   1.4020E-03   5.6396E-07   4.0535E-01   1.1105E-01   0.0000E+00   4.5991E-09   4.1679E-09  -2.0285E-08   6.3698E-08   2.4930E-07
   13  1.04453255E+01  -3.0521E-08   3.3369E-18   1.9342E-04   5.4601E-08   4.5445E-01   1.6536E-01   0.0000E+00   1.1073E-06   1.8363E-07  -3.0521E-08  -4.4507E-08  -4.5991E-08
   14  1.04453255E+01  -4.4507E-08   1.0568E-17   3.1635E-04   9.7958E-08   4.1978E-01   1.4618E-01   0.0000E+00   1.8363E-07   3.0521E-09  -4.4507E-08  -4.5991E-08  -4.1679E-08
   15  1.04453255E+01  -4.5991E-08   3.3327E-17   5.1960E-04   1.7600E-07   3.9494E-01   1.3748E-01   0.0000E+00   3.0521E-09   4.4507E-09  -4.5991E-08  -4.1679E-08  -2.0285E-08
   16  1.04453255E+01  -4.1679E-08   1.0406E-16   8.5725E-04   3.1619E-07   4.1352E-01   1.3118E-01   0.0000E+00   4.4507E-09   4.5991E-09  -4.1679E-08  -2.0285E-08   6.3698E-08
   17  1.04453255E+01  -2.0285E-08   3.1694E-16   1.4020E-03   5.6396E-07   4.0535E-01   1.1105E-01   0.0000E+00   4.5991E-09   4.1679E-09  -2.0285E-08   6.3698E-08   2.4930E-07
   13  1.04446287E+01  -2.9649E-08   3.3373E-18   1.9342E-04   5.4601E-08   4.5243E-01   1.6413E-01   0.0000E+00   1.0511E-06   1.5621E-07  -2.9649E-08  -4.4381E-08  -4.5613E-08
   14  1.04446287E+01  -4.4381E-08   1.0569E-17   3.1635E-04   9.7958E-08   4.1765E-01   1.4479E-01   0.0000E+00   1.5621E-07   2.9649E-09  -4.4381E-08  -4.5613E-08  -4.1026E-08
   15  1.04446287E+01  -4.5613E-08   3.3332E-17   5.1960E-04   1.7600E-07   3.9269E-01   1.3625E-01   0.0000E+00   2.9649E-09   4.4381E-09  -4.5613E-08  -4.1026E-08  -1.9154E-08
   16  1.04446287E+01  -4.1026E-08   1.0408E-16   8.5725E-04   3.1619E-07   4.1421E-01   1.3021E-01   0.0000E+00   4.4381E-09   4.5613E-09  -4.1026E-08  -1.9154E-08   6.3611E-08
   17  1.04446287E+01  -1.9154E-08   3.1699E-16   1.4019E-03   5.6396E-07   4.0609E-01   1.1115E-01   0.0000E+00   4.5613E-09   4.1026E-09  -1.9154E-08   6.3611E-08   2.4862E-07
   13  1.04446287E+01  -2.9649E-08   3.3373E-18   1.9342E-04   5.4601E-08   4.5243E-01   1.6413E-01   0.0000E+00   1.0511E-06   1.5621E-07  -2.9649E-08  -4.4381E-08  -4.5613E-08
   14  1.04446287E+01  -4.4381E-08   1.0569E-17   3.1635E-04   9.7958E-08   4.1765E-01   1.4479E-01   0.0000E+00   1.5621E-07   2.9649E-09  -4.4381E-08  -4.5613E-08  -4.1026E-08
   15  1.04446287E+01  -4.5613E-08   3.3332E-17   5.1960E-04   1.7600E-07   3.9269E-01   1.3625E-01   0.0000E+00   2.9649E-09   4.4381E-09  -4.5613E-08  -4.1026E-08  -1.9154E-08
   16  1.04446287E+01  -4.1026E-08   1.0408E-16   8.5725E-04   3.1619E-07   4.1421E-01   1.3021E-01   0.0000E+00   4.4381E-09   4.5613E-09  -4.1026E-08  -1.9154E-08   6.3611E-08
   17  1.04446287E+01  -1.9154E-08   3.1699E-16   1.4019E-03   5.6396E-07   4.0609E-01   1.1115E-01   0.0000E+00   4.5613E-09   4.1026E-09  -1.9154E-08   6.3611E-08   2.4862E-07
   13  1.04439319E+01  -2.8975E-08   3.3377E-18   1.9342E-04   5.4601E-08   4.5046E-01   1.6294E-01   0.0000E+00   9.9999E-07   1.3412E-07  -2.8975E-08  -4.4240E-08  -4.5227E-08
   14  1.04439319E+01  -4.4240E-08   1.0571E-17   3.1635E-04   9.7958E-08   4.1561E-01   1.4345E-01   0.0000E+00   1.3412E-07   2.8975E-09  -4.4240E-08  -4.5227E-08  -4.0382E-08
   15  1.04439319E+01  -4.5227E-08   3.3337E-17   5.1960E-04   1.7600E-07   3.9052E-01   1.3513E-01   0.0000E+00   2.8975E-09   4.4240E-09  -4.5227E-08  -4.0382E-08  -1.8009E-08
   16  1.04439319E+01  -4.0382E-08   1.0410E-16   8.5725E-04   3.1619E-07   4.1526E-01   1.2947E-01   0.0000E+00   4.4240E-09   4.5227E-09  -4.0382E-08  -1.8009E-08   6.5322E-08
   17  1.04439319E+01  -1.8009E-08   3.1704E-16   1.4019E-03   5.6396E-07   4.0724E-01   1.1141E-01   0.0000E+00   4.5227E-09   4.0382E-09  -1.8009E-08   6.5322E-08   2.4830E-07
   13  1.04439319E+01  -2.8975E-08   3.3377E-18   1.9342E-04   5.4601E-08   4.5046E-01   1.6294E-01   0.0000E+00   9.9999E-07   1.3412E-07  -2.8975E-08  -4.4240E-08  -4.5227E-08
   14  1.04439319E+01  -4.4240E-08   1.0571E-17   3.1635E-04   9.7958E-08   4.1561E-01   1.4345E-01   0.0000E+00   1.3412E-07   2.8975E-09  -4.4240E-08  -4.5227E-08  -4.0382E-08
   15  1.04439319E+01  -4.5227E-08   3.3337E-17   5.1960E-04   1.7600E-07   3.9052E-01   1.3513E-01   0.0000E+00   2.8975E-09   4.4240E-09  -4.5227E-08  -4.0382E-08  -1.8009E-08
   16  1.04439319E+01  -4.0382E-08   1.0410E-16   8.5725E-04   3.1619E-07   4.1526E-01   1.2947E-01   0.0000E+00   4.4240E-09   4.5227E-09  -4.0382E-08  -1.8009E-08   6.5322E-08
   17  1.04439319E+01  -1.8009E-08   3.1704E-16   1.4019E-03   5.6396E-07   4.0724E-01   1.1141E-01   0.0000E+00   4.5227E-09   4.0382E-09  -1.8009E-08   6.5322E-08   2.4830E-07
   13  1.04432351E+01  -2.8466E-08   3.3381E-18   1.9344E-04   5.4601E-08   4.4855E-01   1.6178E-01   0.0000E+00   9.5381E-07   1.1693E-07  -2.8466E-08  -4.4084E-08  -4.4835E-08
   14  1.04432351E+01  -4.4084E-08   1.0572E-17   3.1639E-04   9.7958E-08   4.1367E-01   1.4217E-01   0.0000E+00   1.1693E-07   2.8466E-09  -4.4084E-08  -4.4835E-08  -3.9746E-08
   15  1.04432351E+01  -4.4835E-08   3.3341E-17   5.1966E-04   1.7600E-07   3.8846E-01   1.3412E-01   0.0000E+00   2.8466E-09   4.4084E-09  -4.4835E-08  -3.9746E-08  -1.6842E-08
   16  1.04432351E+01  -3.9746E-08   1.0411E-16   8.5735E-04   3.1619E-07   4.1666E-01   1.2895E-01   0.0000E+00   4.4084E-09   4.4835E-09  -3.9746E-08  -1.6842E-08   6.8552E-08
   17  1.04432351E+01  -1.6842E-08   3.1708E-16   1.4021E-03   5.6396E-07   4.0874E-01   1.1181E-01   0.0000E+00   4.4835E-09   3.9746E-09  -1.6842E-08   6.8552E-08   2.4828E-07
   13  1.04432351E+01  -2.8466E-08   3.3381E-18   1.9344E-04   5.4601E-08   4.4855E-01   1.6178E-01   0.0000E+00   9.5381E-07   1.1693E-07  -2.8466E-08  -4.4084E-08  -4.4835E-08
   14  1.04432351E+01  -4.4084E-08   1.0572E-17   3.1639E-04   9.7958E-08   4.1367E-01   1.4217E-01   0.0000E+00   1.1693E-07   2.8466E-09  -4.4084E-08  -4.4835E-08  -3.9746E-08
   15  1.04432351E+01  -4.4835E-08   3.3341E-17   5.1966E-04   1.7600E-07   3.8846E-01   1.3412E-01   0.0000E+00   2.8466E-09   4.4084E-09  -4.4835E-08  -3.9746E-08  -1.6842E-08
   16  1.04432351E+01  -3.9746E-08   1.0411E-16   8.5735E-04   3.1619E-07   4.1666E-01   1.2895E-01   0.0000E+00   4.4084E-09   4.4835E-09  -3.9746E-08  -1.6842E-08   6.8552E-08
   17  1.04432351E+01  -1.6842E-08   3.1708E-16   1.4021E-03   5.6396E-07   4.0874E-01   1.1181E-01   0.0000E+00   4.4835E-09   3.9746E-09  -1.6842E-08   6.8552E-08   2.4828E-07
   13  1.04425384E+01  -2.8091E-08   3.3385E-18   1.9344E-04   5.4601E-08   4.4670E-01   1.6068E-01   0.0000E+00   9.1226E-07   1.0424E-07  -2.8091E-08  -4.3916E-08  -4.4438E-08
   14  1.04425384E+01  -4.3916E-08   1.0573E-17   3.1639E-04   9.7958E-08   4.1181E-01   1.4093E-01   0.0000E+00   1.0424E-07   2.8091E-09  -4.3916E-08  -4.4438E-08  -3.9118E-08
   15  1.04425384E+01  -4.4438E-08   3.3346E-17   5.1966E-04   1.7600E-07   3.8648E-01   1.3318E-01   0.0000E+00   2.8091E-09   4.3916E-09  -4.4438E-08  -3.9118E-08  -1.5644E-08
   16  1.04425384E+01  -3.9118E-08   1.0413E-16   8.5735E-04   3.1619E-07   4.1844E-01   1.2868E-01   0.0000E+00   4.3916E-09   4.4438E-09  -3.9118E-08  -1.5644E-08   7.3029E-08
   17  1.04425384E+01  -1.5644E-08   3.1714E-16   1.4021E-03   5.6396E-07   4.1049E-01   1.1231E-01   0.0000E+00   4.4438E-09   3.9118E-09  -1.5644E-08   7.3029E-08   2.4855E-07
   13  1.04425384E+01  -2.8091E-08   3.3385E-18   1.9344E-04   5.4601E-08   4.4670E-01   1.6068E-01   0.0000E+00   9.1226E-07   1.0424E-07  -2.8091E-08  -4.3916E-08  -4.4438E-08
   14  1.04425384E+01  -4.3916E-08   1.0573E-17   3.1639E-04   9.7958E-08   4.1181E-01   1.4093E-01   0.0000E+00   1.0424E-07   2.8091E-09  -4.3916E-08  -4.4438E-08  -3.9118E-08
   15  1.04425384E+01  -4.4438E-08   3.3346E-17   5.1966E-04   1.7600E-07   3.8648E-01   1.3318E-01   0.0000E+00   2.8091E-09   4.3916E-09  -4.4438E-08  -3.9118E-08  -1.5644E-08
   16  1.04425384E+01  -3.9118E-08   1.0413E-16   8.5735E-04   3.1619E-07   4.1844E-01   1.2868E-01   0.0000E+00   4.3916E-09   4.4438E-09  -3.9118E-08  -1.5644E-08   7.3029E-08
   17  1.04425384E+01  -1.5644E-08   3.1714E-16   1.4021E-03   5.6396E-07   4.1049E-01   1.1231E-01   0.0000E+00   4.4438E-09   3.9118E-09  -1.5644E-08   7.3029E-08   2.4855E-07
   13  1.04418418E+01  -2.7822E-08   3.3389E-18   1.9344E-04   5.4601E-08   4.4491E-01   1.5961E-01   0.0000E+00   8.7507E-07   9.5650E-08  -2.7822E-08  -4.3735E-08  -4.4033E-08
   14  1.04418418E+01  -4.3735E-08   1.0575E-17   3.1639E-04   9.7958E-08   4.1004E-01   1.3974E-01   0.0000E+00   9.5650E-08   2.7822E-09  -4.3735E-08  -4.4033E-08  -3.8503E-08
   15  1.04418418E+01  -4.4033E-08   3.3350E-17   5.1966E-04   1.7600E-07   3.8459E-01   1.3193E-01   0.0000E+00   2.7822E-09   4.3735E-09  -4.4033E-08  -3.8503E-08  -1.4409E-08
   16  1.04418418E+01  -3.8503E-08   1.0414E-16   8.5735E-04   3.1619E-07   4.2057E-01   1.2921E-01   0.0000E+00   4.3735E-09   4.4033E-09  -3.8503E-08  -1.4409E-08   7.8495E-08
   17  1.04418418E+01  -1.4409E-08   3.1719E-16   1.4021E-03   5.6396E-07   4.1244E-01   1.1286E-01   0.0000E+00   4.4033E-09   3.8503E-09  -1.4409E-08   7.8495E-08   2.4907E-07
   13  1.04418418E+01  -2.7822E-08   3.3389E-18   1.9344E-04   5.4601E-08   4.4491E-01   1.5961E-01   0.0000E+00   8.7507E-07   9.5650E-08  -2.7822E-08  -4.3735E-08  -4.4033E-08
   14  1.04418418E+01  -4.3735E-08   1.0575E-17   3.1639E-04   9.7958E-08   4.1004E-01   1.3974E-01   0.0000E+00   9.5650E-08   2.7822E-09  -4.3735E-08  -4.4033E-08  -3.8503E-08
   15  1.04418418E+01  -4.4033E-08   3.3350E-17   5.1966E-04   1.7600E-07   3.8459E-01   1.3193E-01   0.0000E+00   2.7822E-09   4.3735E-09  -4.4033E-08  -3.8503E-08  -1.4409E-08
   16  1.04418418E+01  -3.8503E-08   1.0414E-16   8.5735E-04   3.1619E-07   4.2057E-01   1.2921E-01   0.0000E+00   4.3735E-09   4.4033E-09  -3.8503E-08  -1.4409E-08   7.8495E-08
   17  1.04418418E+01  -1.4409E-08   3.1719E-16   1.4021E-03   5.6396E-07   4.1244E-01   1.1286E-01   0.0000E+00   4.4033E-09   3.8503E-09  -1.4409E-08   7.8495E-08   2.4907E-07
   13  1.04411452E+01  -2.7634E-08   3.3394E-18   1.9344E-04   5.4601E-08   4.4318E-01   1.5859E-01   0.0000E+00   8.4200E-07   9.0757E-08  -2.7634E-08  -4.3544E-08  -4.3627E-08
   14  1.04411452E+01  -4.3544E-08   1.0576E-17   3.1639E-04   9.7958E-08   4.0835E-01   1.3860E-01   0.0000E+00   9.0757E-08   2.7634E-09  -4.3544E-08  -4.3627E-08  -3.7891E-08
   15  1.04411452E+01  -4.3627E-08   3.3355E-17   5.1966E-04   1.7600E-07   3.8282E-01   1.3080E-01   0.0000E+00   2.7634E-09   4.3544E-09  -4.3627E-08  -3.7891E-08  -1.3138E-08
   16  1.04411452E+01  -3.7891E-08   1.0416E-16   8.5735E-04   3.1619E-07   4.2304E-01   1.2987E-01   0.0000E+00   4.3544E-09   4.3627E-09  -3.7891E-08  -1.3138E-08   8.4714E-08
   17  1.04411452E+01  -1.3138E-08   3.1724E-16   1.4021E-03   5.6396E-07   4.1451E-01   1.1350E-01   0.0000E+00   4.3627E-09   3.7891E-09  -1.3138E-08   8.4714E-08   2.4983E-07
   13  1.04411452E+01  -2.7634E-08   3.3394E-18   1.9344E-04   5.4601E-08   4.4318E-01   1.5859E-01   0.0000E+00   8.4200E-07   9.0757E-08  -2.7634E-08  -4.3544E-08  -4.3627E-08
   14  1.04411452E+01  -4.3544E-08   1.0576E-17   3.1639E-04   9.7958E-08   4.0835E-01   1.3860E-01   0.0000E+00   9.0757E-08   2.7634E-09  -4.3544E-08  -4.3627E-08  -3.7891E-08
   15  1.04411452E+01  -4.3627E-08   3.3355E-17   5.1966E-04   1.7600E-07   3.8282E-01   1.3080E-01   0.0000E+00   2.7634E-09   4.3544E-09  -4.3627E-08  -3.7891E-08  -1.3138E-08
   16  1.04411452E+01  -3.7891E-08   1.0416E-16   8.5735E-04   3.1619E-07   4.2304E-01   1.2987E-01   0.0000E+00   4.3544E-09   4.3627E-09  -3.7891E-08  -1.3138E-08   8.4714E-08
   17  1.04411452E+01  -1.3138E-08   3.1724E-16   1.4021E-03   5.6396E-07   4.1451E-01   1.1350E-01   0.0000E+00   4.3627E-09   3.7891E-09  -1.3138E-08   8.4714E-08   2.4983E-07
   13  1.04404486E+01  -2.7504E-08   3.3398E-18   1.9344E-04   5.4601E-08   4.4150E-01   1.5760E-01   0.0000E+00   8.1279E-07   8.9178E-08  -2.7504E-08  -4.3343E-08  -4.3220E-08
   14  1.04404486E+01  -4.3343E-08   1.0578E-17   3.1639E-04   9.7958E-08   4.0673E-01   1.3753E-01   0.0000E+00   8.9178E-08   2.7504E-09  -4.3343E-08  -4.3220E-08  -3.7281E-08
   15  1.04404486E+01  -4.3220E-08   3.3360E-17   5.1966E-04   1.7600E-07   3.8120E-01   1.2980E-01   0.0000E+00   2.7504E-09   4.3343E-09  -4.3220E-08  -3.7281E-08  -1.1832E-08
   16  1.04404486E+01  -3.7281E-08   1.0418E-16   8.5735E-04   3.1619E-07   4.2581E-01   1.3049E-01   0.0000E+00   4.3343E-09   4.3220E-09  -3.7281E-08  -1.1832E-08   9.1460E-08
   17  1.04404486E+01  -1.1832E-08   3.1730E-16   1.4021E-03   5.6396E-07   4.1668E-01   1.1430E-01   0.0000E+00   4.3220E-09   3.7281E-09  -1.1832E-08   9.1460E-08   2.5083E-07
   13  1.04404486E+01  -2.7504E-08   3.3398E-18   1.9344E-04   5.4601E-08   4.4150E-01   1.5760E-01   0.0000E+00   8.1279E-07   8.9178E-08  -2.7504E-08  -4.3343E-08  -4.3220E-08
   14  1.04404486E+01  -4.3343E-08   1.0578E-17   3.1639E-04   9.7958E-08   4.0673E-01   1.3753E-01   0.0000E+00   8.9178E-08   2.7504E-09  -4.3343E-08  -4.3220E-08  -3.7281E-08
   15  1.04404486E+01  -4.3220E-08   3.3360E-17   5.1966E-04   1.7600E-07   3.8120E-01   1.2980E-01   0.0000E+00   2.7504E-09   4.3343E-09  -4.3220E-08  -3.7281E-08  -1.1832E-08
   16  1.04404486E+01  -3.7281E-08   1.0418E-16   8.5735E-04   3.1619E-07   4.2581E-01   1.3049E-01   0.0000E+00   4.3343E-09   4.3220E-09  -3.7281E-08  -1.1832E-08   9.1460E-08
   17  1.04404486E+01  -1.1832E-08   3.1730E-16   1.4021E-03   5.6396E-07   4.1668E-01   1.1430E-01   0.0000E+00   4.3220E-09   3.7281E-09  -1.1832E-08   9.1460E-08   2.5083E-07
   13  1.04397521E+01  -2.7412E-08   3.3405E-18   1.9344E-04   5.4601E-08   4.3988E-01   1.5663E-01   0.0000E+00   7.8720E-07   9.0541E-08  -2.7412E-08  -4.3134E-08  -4.2811E-08
   14  1.04397521E+01  -4.3134E-08   1.0580E-17   3.1640E-04   9.7958E-08   4.0517E-01   1.3651E-01   0.0000E+00   9.0541E-08   2.7412E-09  -4.3134E-08  -4.2811E-08  -3.6670E-08
   15  1.04397521E+01  -4.2811E-08   3.3368E-17   5.1967E-04   1.7600E-07   3.7972E-01   1.2890E-01   0.0000E+00   2.7412E-09   4.3134E-09  -4.2811E-08  -3.6670E-08  -1.0489E-08
   16  1.04397521E+01  -3.6670E-08   1.0420E-16   8.5736E-04   3.1619E-07   4.2880E-01   1.3124E-01   0.0000E+00   4.3134E-09   4.2811E-09  -3.6670E-08  -1.0489E-08   9.8536E-08
   17  1.04397521E+01  -1.0489E-08   3.1739E-16   1.4021E-03   5.6396E-07   4.1888E-01   1.1510E-01   0.0000E+00   4.2811E-09   3.6670E-09  -1.0489E-08   9.8536E-08   2.5205E-07
   13  1.04397521E+01  -2.7412E-08   3.3405E-18   1.9344E-04   5.4601E-08   4.3988E-01   1.5663E-01   0.0000E+00   7.8720E-07   9.0541E-08  -2.7412E-08  -4.3134E-08  -4.2811E-08
   14  1.04397521E+01  -4.3134E-08   1.0580E-17   3.1640E-04   9.7958E-08   4.0517E-01   1.3651E-01   0.0000E+00   9.0541E-08   2.7412E-09  -4.3134E-08  -4.2811E-08  -3.6670E-08
   15  1.04397521E+01  -4.2811E-08   3.3368E-17   5.1967E-04   1.7600E-07   3.7972E-01   1.2890E-01   0.0000E+00   2.7412E-09   4.3134E-09  -4.2811E-08  -3.6670E-08  -1.0489E-08
   16  1.04397521E+01  -3.6670E-08   1.0420E-16   8.5736E-04   3.1619E-07   4.2880E-01   1.3124E-01   0.0000E+00   4.3134E-09   4.2811E-09  -3.6670E-08  -1.0489E-08   9.8536E-08
   17  1.04397521E+01  -1.0489E-08   3.1739E-16   1.4021E-03   5.6396E-07   4.1888E-01   1.1510E-01   0.0000E+00   4.2811E-09   3.6670E-09  -1.0489E-08   9.8536E-08   2.5205E-07
   13  1.04390556E+01  -2.7341E-08   3.3413E-18   1.9344E-04   5.4601E-08   4.3831E-01   1.5570E-01   0.0000E+00   7.6501E-07   9.4489E-08  -2.7341E-08  -4.2918E-08  -4.2400E-08
   14  1.04390556E+01  -4.2918E-08   1.0583E-17   3.1640E-04   9.7958E-08   4.0369E-01   1.3556E-01   0.0000E+00   9.4489E-08   2.7341E-09  -4.2918E-08  -4.2400E-08  -3.6056E-08
   15  1.04390556E+01  -4.2400E-08   3.3378E-17   5.1968E-04   1.7600E-07   3.7840E-01   1.2811E-01   0.0000E+00   2.7341E-09   4.2918E-09  -4.2400E-08  -3.6056E-08  -9.1134E-09
   16  1.04390556E+01  -3.6056E-08   1.0423E-16   8.5738E-04   3.1619E-07   4.3199E-01   1.3210E-01   0.0000E+00   4.2918E-09   4.2400E-09  -3.6056E-08  -9.1134E-09   1.0577E-07
   17  1.04390556E+01  -9.1134E-09   3.1750E-16   1.4022E-03   5.6396E-07   4.2109E-01   1.1589E-01   0.0000E+00   4.2400E-09   3.6056E-09  -9.1134E-09   1.0577E-07   2.5349E-07
   13  1.04390556E+01  -2.7341E-08   3.3413E-18   1.9344E-04   5.4601E-08   4.3831E-01   1.5570E-01   0.0000E+00   7.6501E-07   9.4489E-08  -2.7341E-08  -4.2918E-08  -4.2400E-08
   14  1.04390556E+01  -4.2918E-08   1.0583E-17   3.1640E-04   9.7958E-08   4.0369E-01   1.3556E-01   0.0000E+00   9.4489E-08   2.7341E-09  -4.2918E-08  -4.2400E-08  -3.6056E-08
   15  1.04390556E+01  -4.2400E-08   3.3378E-17   5.1968E-04   1.7600E-07   3.7840E-01   1.2811E-01   0.0000E+00   2.7341E-09   4.2918E-09  -4.2400E-08  -3.6056E-08  -9.1134E-09
   16  1.04390556E+01  -3.6056E-08   1.0423E-16   8.5738E-04   3.1619E-07   4.3199E-01   1.3210E-01   0.0000E+00   4.2918E-09   4.2400E-09  -3.6056E-08  -9.1134E-09   1.0577E-07
   17  1.04390556E+01  -9.1134E-09   3.1750E-16   1.4022E-03   5.6396E-07   4.2109E-01   1.1589E-01   0.0000E+00   4.2400E-09   3.6056E-09  -9.1134E-09   1.0577E-07   2.5349E-07
   13  1.04383592E+01  -2.7276E-08   3.3421E-18   1.9353E-04   5.4601E-08   4.3679E-01   1.5480E-01   0.0000E+00   7.4596E-07   1.0068E-07  -2.7276E-08  -4.2695E-08  -4.1986E-08
   14  1.04383592E+01  -4.2695E-08   1.0585E-17   3.1657E-04   9.7958E-08   4.0228E-01   1.3467E-01   0.0000E+00   1.0068E-07   2.7276E-09  -4.2695E-08  -4.1986E-08  -3.5437E-08
   15  1.04383592E+01  -4.1986E-08   3.3386E-17   5.1999E-04   1.7600E-07   3.7722E-01   1.2741E-01   0.0000E+00   2.7276E-09   4.2695E-09  -4.1986E-08  -3.5437E-08  -7.7108E-09
   16  1.04383592E+01  -3.5437E-08   1.0426E-16   8.5795E-04   3.1619E-07   4.3531E-01   1.3301E-01   0.0000E+00   4.2695E-09   4.1986E-09  -3.5437E-08  -7.7108E-09   1.1298E-07
   17  1.04383592E+01  -7.7108E-09   3.1757E-16   1.4032E-03   5.6396E-07   4.2325E-01   1.1664E-01   0.0000E+00   4.1986E-09   3.5437E-09  -7.7108E-09   1.1298E-07   2.5513E-07
   13  1.04383592E+01  -2.7276E-08   3.3421E-18   1.9353E-04   5.4601E-08   4.3679E-01   1.5480E-01   0.0000E+00   7.4596E-07   1.0068E-07  -2.7276E-08  -4.2695E-08  -4.1986E-08
   14  1.04383592E+01  -4.2695E-08   1.0585E-17   3.1657E-04   9.7958E-08   4.0228E-01   1.3467E-01   0.0000E+00   1.0068E-07   2.7276E-09  -4.2695E-08  -4.1986E-08  -3.5437E-08
   15  1.04383592E+01  -4.1986E-08   3.3386E-17   5.1999E-04   1.7600E-07   3.7722E-01   1.2741E-01   0.0000E+00   2.7276E-09   4.2695E-09  -4.1986E-08  -3.5437E-08  -7.7108E-09
   16  1.04383592E+01  -3.5437E-08   1.0426E-16   8.5795E-04   3.1619E-07   4.3531E-01   1.3301E-01   0.0000E+00   4.2695E-09   4.1986E-09  -3.5437E-08  -7.7108E-09   1.1298E-07
   17  1.04383592E+01  -7.7108E-09   3.1757E-16   1.4032E-03   5.6396E-07   4.2325E-01   1.1664E-01   0.0000E+00   4.1986E-09   3.5437E-09  -7.7108E-09   1.1298E-07   2.5513E-07
   13  1.04376628E+01  -2.7089E-08   3.4086E-18   2.0224E-04   5.4601E-08   4.3519E-01   1.5385E-01   0.0000E+00   7.2957E-07   1.0877E-07  -2.7089E-08  -4.2247E-08  -4.1259E-08
   14  1.04376628E+01  -4.2247E-08   1.0807E-17   3.3265E-04   9.7958E-08   4.0082E-01   1.3373E-01   0.0000E+00   1.0877E-07   2.7089E-09  -4.2247E-08  -4.1259E-08  -3.4358E-08
   15  1.04376628E+01  -4.1259E-08   3.4112E-17   5.4971E-04   1.7600E-07   3.7604E-01   1.2664E-01   0.0000E+00   2.7089E-09   4.2247E-09  -4.1259E-08  -3.4358E-08  -5.8408E-09
   16  1.04376628E+01  -3.4358E-08   1.0662E-16   9.1272E-04   3.1619E-07   4.3839E-01   1.3367E-01   0.0000E+00   4.2247E-09   4.1259E-09  -3.4358E-08  -5.8408E-09   1.2036E-07
   17  1.04376628E+01  -5.8408E-09   3.2515E-16   1.5037E-03   5.6396E-07   4.2496E-01   1.1698E-01   0.0000E+00   4.1259E-09   3.4358E-09  -5.8408E-09   1.2036E-07   2.5692E-07
   13  1.04376628E+01  -2.7089E-08   3.4086E-18   2.0224E-04   5.4601E-08   4.3519E-01   1.5385E-01   0.0000E+00   7.2957E-07   1.0877E-07  -2.7089E-08  -4.2247E-08  -4.1259E-08
   14  1.04376628E+01  -4.2247E-08   1.0807E-17   3.3265E-04   9.7958E-08   4.0082E-01   1.3373E-01   0.0000E+00   1.0877E-07   2.7089E-09  -4.2247E-08  -4.1259E-08  -3.4358E-08
   15  1.04376628E+01  -4.1259E-08   3.4112E-17   5.4971E-04   1.7600E-07   3.7604E-01   1.2664E-01   0.0000E+00   2.7089E-09   4.2247E-09  -4.1259E-08  -3.4358E-08  -5.8408E-09
   16  1.04376628E+01  -3.4358E-08   1.0662E-16   9.1272E-04   3.1619E-07   4.3839E-01   1.3367E-01   0.0000E+00   4.2247E-09   4.1259E-09  -3.4358E-08  -5.8408E-09   1.2036E-07
   17  1.04376628E+01  -5.8408E-09   3.2515E-16   1.5037E-03   5.6396E-07   4.2496E-01   1.1698E-01   0.0000E+00   4.1259E-09   3.4358E-09  -5.8408E-09   1.2036E-07   2.5692E-07
   13  1.04369665E+01  -2.5841E-08   4.1824E-18   2.9834E-04   5.4601E-08   4.3235E-01   1.5214E-01   0.0000E+00   7.1305E-07   1.1810E-07  -2.5841E-08  -3.9781E-08  -3.7622E-08
   14  1.04369665E+01  -3.9781E-08   1.3381E-17   5.1119E-04   9.7958E-08   3.9808E-01   1.3176E-01   0.0000E+00   1.1810E-07   2.5841E-09  -3.9781E-08  -3.7622E-08  -2.8947E-08
   15  1.04369665E+01  -3.7622E-08   4.2564E-17   8.8101E-04   1.7600E-07   3.7333E-01   1.2405E-01   0.0000E+00   2.5841E-09   3.9781E-09  -3.7622E-08  -2.8947E-08   2.3143E-10
   16  1.04369665E+01  -2.8947E-08   1.3405E-16   1.5256E-03   3.1619E-07   4.3778E-01   1.3150E-01   0.0000E+00   3.9781E-09   3.7622E-09  -2.8947E-08   2.3143E-10   1.3044E-07
   13  1.04369665E+01  -2.5841E-08   4.1824E-18   2.9834E-04   5.4601E-08   4.3235E-01   1.5214E-01   0.0000E+00   7.1305E-07   1.1810E-07  -2.5841E-08  -3.9781E-08  -3.7622E-08
   14  1.04369665E+01  -3.9781E-08   1.3381E-17   5.1119E-04   9.7958E-08   3.9808E-01   1.3176E-01   0.0000E+00   1.1810E-07   2.5841E-09  -3.9781E-08  -3.7622E-08  -2.8947E-08
   15  1.04369665E+01  -3.7622E-08   4.2564E-17   8.8101E-04   1.7600E-07   3.7333E-01   1.2405E-01   0.0000E+00   2.5841E-09   3.9781E-09  -3.7622E-08  -2.8947E-08   2.3143E-10
   16  1.04369665E+01  -2.8947E-08   1.3405E-16   1.5256E-03   3.1619E-07   4.3778E-01   1.3150E-01   0.0000E+00   3.9781E-09   3.7622E-09  -2.8947E-08   2.3143E-10   1.3044E-07
   13  1.04362702E+01  -2.5287E-08   4.7520E-18   3.6907E-04   5.4601E-08   4.2873E-01   1.4992E-01   0.0000E+00   6.9734E-07   1.2796E-07  -2.5287E-08  -3.8269E-08  -3.5105E-08
   14  1.04362702E+01  -3.8269E-08   1.5277E-17   6.4260E-04   9.7958E-08   3.9451E-01   1.2906E-01   0.0000E+00   1.2796E-07   2.5287E-09  -3.8269E-08  -3.5105E-08  -2.5014E-08
   15  1.04362702E+01  -3.5105E-08   4.8786E-17   1.1249E-03   1.7600E-07   3.6959E-01   1.2011E-01   0.0000E+00   2.5287E-09   3.8269E-09  -3.5105E-08  -2.5014E-08   4.5817E-09
   16  1.04362702E+01  -2.5014E-08   1.5424E-16   1.9767E-03   3.1619E-07   4.3441E-01   1.2723E-01   0.0000E+00   3.8269E-09   3.5105E-09  -2.5014E-08   4.5817E-09   1.4068E-07
   13  1.04362702E+01  -2.5287E-08   4.7520E-18   3.6907E-04   5.4601E-08   4.2873E-01   1.4992E-01   0.0000E+00   6.9734E-07   1.2796E-07  -2.5287E-08  -3.8269E-08  -3.5105E-08
   14  1.04362702E+01  -3.8269E-08   1.5277E-17   6.4260E-04   9.7958E-08   3.9451E-01   1.2906E-01   0.0000E+00   1.2796E-07   2.5287E-09  -3.8269E-08  -3.5105E-08  -2.5014E-08
   15  1.04362702E+01  -3.5105E-08   4.8786E-17   1.1249E-03   1.7600E-07   3.6959E-01   1.2011E-01   0.0000E+00   2.5287E-09   3.8269E-09  -3.5105E-08  -2.5014E-08   4.5817E-09
   16  1.04362702E+01  -2.5014E-08   1.5424E-16   1.9767E-03   3.1619E-07   4.3441E-01   1.2723E-01   0.0000E+00   3.8269E-09   3.5105E-09  -2.5014E-08   4.5817E-09   1.4068E-07
   13  1.04355740E+01  -2.7134E-08   3.6621E-18   2.3357E-04   5.4601E-08   4.2696E-01   1.4880E-01   0.0000E+00   6.8796E-07   1.3873E-07  -2.7134E-08  -4.1051E-08  -3.8649E-08
   14  1.04355740E+01  -4.1051E-08   1.1650E-17   3.9086E-04   9.7958E-08   3.9280E-01   1.2788E-01   0.0000E+00   1.3873E-07   2.7134E-09  -4.1051E-08  -3.8649E-08  -2.9800E-08
   15  1.04355740E+01  -3.8649E-08   3.6881E-17   6.5772E-04   1.7600E-07   3.6815E-01   1.1873E-01   0.0000E+00   2.7134E-09   4.1051E-09  -3.8649E-08  -2.9800E-08   4.1932E-09
   16  1.04355740E+01  -2.9800E-08   1.1560E-16   1.1125E-03   3.1619E-07   4.3577E-01   1.2720E-01   0.0000E+00   4.1051E-09   3.8649E-09  -2.9800E-08   4.1932E-09   1.4615E-07
   13  1.04355740E+01  -2.7134E-08   3.6621E-18   2.3357E-04   5.4601E-08   4.2696E-01   1.4880E-01   0.0000E+00   6.8796E-07   1.3873E-07  -2.7134E-08  -4.1051E-08  -3.8649E-08
   14  1.04355740E+01  -4.1051E-08   1.1650E-17   3.9086E-04   9.7958E-08   3.9280E-01   1.2788E-01   0.0000E+00   1.3873E-07   2.7134E-09  -4.1051E-08  -3.8649E-08  -2.9800E-08
   15  1.04355740E+01  -3.8649E-08   3.6881E-17   6.5772E-04   1.7600E-07   3.6815E-01   1.1873E-01   0.0000E+00   2.7134E-09   4.1051E-09  -3.8649E-08  -2.9800E-08   4.1932E-09
   16  1.04355740E+01  -2.9800E-08   1.1560E-16   1.1125E-03   3.1619E-07   4.3577E-01   1.2720E-01   0.0000E+00   4.1051E-09   3.8649E-09  -2.9800E-08   4.1932E-09   1.4615E-07
   13  1.04348778E+01  -2.7332E-08   3.3523E-18   1.9503E-04   5.4601E-08   4.2574E-01   1.4801E-01   0.0000E+00   6.8167E-07   1.5039E-07  -2.7332E-08  -4.1457E-08  -3.9068E-08
   14  1.04348778E+01  -4.1457E-08   1.0620E-17   3.1925E-04   9.7958E-08   3.9166E-01   1.2720E-01   0.0000E+00   1.5039E-07   2.7332E-09  -4.1457E-08  -3.9068E-08  -3.0357E-08
   15  1.04348778E+01  -3.9068E-08   3.3498E-17   5.2484E-04   1.7600E-07   3.6752E-01   1.1822E-01   0.0000E+00   2.7332E-09   4.1457E-09  -3.9068E-08  -3.0357E-08   3.6286E-09
   16  1.04348778E+01  -3.0357E-08   1.0463E-16   8.6672E-04   3.1619E-07   4.3866E-01   1.2854E-01   0.0000E+00   4.1457E-09   3.9068E-09  -3.0357E-08   3.6286E-09   1.5041E-07
   13  1.04348778E+01  -2.7332E-08   3.3523E-18   1.9503E-04   5.4601E-08   4.2574E-01   1.4801E-01   0.0000E+00   6.8167E-07   1.5039E-07  -2.7332E-08  -4.1457E-08  -3.9068E-08
   14  1.04348778E+01  -4.1457E-08   1.0620E-17   3.1925E-04   9.7958E-08   3.9166E-01   1.2720E-01   0.0000E+00   1.5039E-07   2.7332E-09  -4.1457E-08  -3.9068E-08  -3.0357E-08
   15  1.04348778E+01  -3.9068E-08   3.3498E-17   5.2484E-04   1.7600E-07   3.6752E-01   1.1822E-01   0.0000E+00   2.7332E-09   4.1457E-09  -3.9068E-08  -3.0357E-08   3.6286E-09
   16  1.04348778E+01  -3.0357E-08   1.0463E-16   8.6672E-04   3.1619E-07   4.3866E-01   1.2854E-01   0.0000E+00   4.1457E-09   3.9068E-09  -3.0357E-08   3.6286E-09   1.5041E-07
   13  1.04341817E+01  -2.7049E-08   3.3434E-18   1.9381E-04   5.4601E-08   4.2456E-01   1.4725E-01   0.0000E+00   6.7725E-07   1.6267E-07  -2.7049E-08  -4.1148E-08  -3.8570E-08
   14  1.04341817E+01  -4.1148E-08   1.0590E-17   3.1700E-04   9.7958E-08   3.9059E-01   1.2658E-01   0.0000E+00   1.6267E-07   2.7049E-09  -4.1148E-08  -3.8570E-08  -2.9626E-08
   15  1.04341817E+01  -3.8570E-08   3.3400E-17   5.2067E-04   1.7600E-07   3.6710E-01   1.1785E-01   0.0000E+00   2.7049E-09   4.1148E-09  -3.8570E-08  -2.9626E-08   4.5996E-09
   16  1.04341817E+01  -2.9626E-08   1.0431E-16   8.5899E-04   3.1619E-07   4.4163E-01   1.2997E-01   0.0000E+00   4.1148E-09   3.8570E-09  -2.9626E-08   4.5996E-09   1.5449E-07
   13  1.04341817E+01  -2.7049E-08   3.3434E-18   1.9381E-04   5.4601E-08   4.2456E-01   1.4725E-01   0.0000E+00   6.7725E-07   1.6267E-07  -2.7049E-08  -4.1148E-08  -3.8570E-08
   14  1.04341817E+01  -4.1148E-08   1.0590E-17   3.1700E-04   9.7958E-08   3.9059E-01   1.2658E-01   0.0000E+00   1.6267E-07   2.7049E-09  -4.1148E-08  -3.8570E-08  -2.9626E-08
   15  1.04341817E+01  -3.8570E-08   3.3400E-17   5.2067E-04   1.7600E-07   3.6710E-01   1.1785E-01   0.0000E+00   2.7049E-09   4.1148E-09  -3.8570E-08  -2.9626E-08   4.5996E-09
   16  1.04341817E+01  -2.9626E-08   1.0431E-16   8.5899E-04   3.1619E-07   4.4163E-01   1.2997E-01   0.0000E+00   4.1148E-09   3.8570E-09  -2.9626E-08   4.5996E-09   1.5449E-07
   13  1.04334856E+01  -2.6745E-08   3.3452E-18   1.9383E-04   5.4601E-08   4.2341E-01   1.4650E-01   0.0000E+00   6.7450E-07   1.7537E-07  -2.6745E-08  -4.0875E-08  -3.8119E-08
   14  1.04334856E+01  -4.0875E-08   1.0595E-17   3.1702E-04   9.7958E-08   3.8955E-01   1.2602E-01   0.0000E+00   1.7537E-07   2.6745E-09  -4.0875E-08  -3.8119E-08  -2.8920E-08
   15  1.04334856E+01  -3.8119E-08   3.3418E-17   5.2070E-04   1.7600E-07   3.6688E-01   1.1759E-01   0.0000E+00   2.6745E-09   4.0875E-09  -3.8119E-08  -2.8920E-08   7.0196E-09
   16  1.04334856E+01  -2.8920E-08   1.0437E-16   8.5906E-04   3.1619E-07   4.4460E-01   1.3143E-01   0.0000E+00   4.0875E-09   3.8119E-09  -2.8920E-08   7.0196E-09   1.5839E-07
   13  1.04334856E+01  -2.6745E-08   3.3452E-18   1.9383E-04   5.4601E-08   4.2341E-01   1.4650E-01   0.0000E+00   6.7450E-07   1.7537E-07  -2.6745E-08  -4.0875E-08  -3.8119E-08
   14  1.04334856E+01  -4.0875E-08   1.0595E-17   3.1702E-04   9.7958E-08   3.8955E-01   1.2602E-01   0.0000E+00   1.7537E-07   2.6745E-09  -4.0875E-08  -3.8119E-08  -2.8920E-08
   15  1.04334856E+01  -3.8119E-08   3.3418E-17   5.2070E-04   1.7600E-07   3.6688E-01   1.1759E-01   0.0000E+00   2.6745E-09   4.0875E-09  -3.8119E-08  -2.8920E-08   7.0196E-09
   16  1.04334856E+01  -2.8920E-08   1.0437E-16   8.5906E-04   3.1619E-07   4.4460E-01   1.3143E-01   0.0000E+00   4.0875E-09   3.8119E-09  -2.8920E-08   7.0196E-09   1.5839E-07
   13  1.04327895E+01  -2.6395E-08   3.3450E-18   1.9382E-04   5.4601E-08   4.2228E-01   1.4577E-01   0.0000E+00   6.7328E-07   1.8831E-07  -2.6395E-08  -4.0601E-08  -3.7672E-08
   14  1.04327895E+01  -4.0601E-08   1.0595E-17   3.1701E-04   9.7958E-08   3.8856E-01   1.2552E-01   0.0000E+00   1.8831E-07   2.6395E-09  -4.0601E-08  -3.7672E-08  -2.8175E-08
   15  1.04327895E+01  -3.7672E-08   3.3417E-17   5.2068E-04   1.7600E-07   3.6685E-01   1.1746E-01   0.0000E+00   2.6395E-09   4.0601E-09  -3.7672E-08  -2.8175E-08   1.0716E-08
   16  1.04327895E+01  -2.8175E-08   1.0436E-16   8.5901E-04   3.1619E-07   4.4758E-01   1.3289E-01   0.0000E+00   4.0601E-09   3.7672E-09  -2.8175E-08   1.0716E-08   1.6207E-07
   13  1.04327895E+01  -2.6395E-08   3.3450E-18   1.9382E-04   5.4601E-08   4.2228E-01   1.4577E-01   0.0000E+00   6.7328E-07   1.8831E-07  -2.6395E-08  -4.0601E-08  -3.7672E-08
   14  1.04327895E+01  -4.0601E-08   1.0595E-17   3.1701E-04   9.7958E-08   3.8856E-01   1.2552E-01   0.0000E+00   1.8831E-07   2.6395E-09  -4.0601E-08  -3.7672E-08  -2.8175E-08
   15  1.04327895E+01  -3.7672E-08   3.3417E-17   5.2068E-04   1.7600E-07   3.6685E-01   1.1746E-01   0.0000E+00   2.6395E-09   4.0601E-09  -3.7672E-08  -2.8175E-08   1.0716E-08
   16  1.04327895E+01  -2.8175E-08   1.0436E-16   8.5901E-04   3.1619E-07   4.4758E-01   1.3289E-01   0.0000E+00   4.0601E-09   3.7672E-09  -2.8175E-08   1.0716E-08   1.6207E-07
   13  1.04320935E+01  -2.5997E-08   3.3444E-18   1.9381E-04   5.4601E-08   4.2117E-01   1.4507E-01   0.0000E+00   6.7347E-07   2.0132E-07  -2.5997E-08  -4.0331E-08  -3.7229E-08
   14  1.04320935E+01  -4.0331E-08   1.0593E-17   3.1699E-04   9.7958E-08   3.8764E-01   1.2510E-01   0.0000E+00   2.0132E-07   2.5997E-09  -4.0331E-08  -3.7229E-08  -2.7385E-08
   15  1.04320935E+01  -3.7229E-08   3.3412E-17   5.2064E-04   1.7600E-07   3.6703E-01   1.1745E-01   0.0000E+00   2.5997E-09   4.0331E-09  -3.7229E-08  -2.7385E-08   1.5518E-08
   16  1.04320935E+01  -2.7385E-08   1.0435E-16   8.5894E-04   3.1619E-07   4.5050E-01   1.3434E-01   0.0000E+00   4.0331E-09   3.7229E-09  -2.7385E-08   1.5518E-08   1.6556E-07
   13  1.04320935E+01  -2.5997E-08   3.3444E-18   1.9381E-04   5.4601E-08   4.2117E-01   1.4507E-01   0.0000E+00   6.7347E-07   2.0132E-07  -2.5997E-08  -4.0331E-08  -3.7229E-08
   14  1.04320935E+01  -4.0331E-08   1.0593E-17   3.1699E-04   9.7958E-08   3.8764E-01   1.2510E-01   0.0000E+00   2.0132E-07   2.5997E-09  -4.0331E-08  -3.7229E-08  -2.7385E-08
   15  1.04320935E+01  -3.7229E-08   3.3412E-17   5.2064E-04   1.7600E-07   3.6703E-01   1.1745E-01   0.0000E+00   2.5997E-09   4.0331E-09  -3.7229E-08  -2.7385E-08   1.5518E-08
   16  1.04320935E+01  -2.7385E-08   1.0435E-16   8.5894E-04   3.1619E-07   4.5050E-01   1.3434E-01   0.0000E+00   4.0331E-09   3.7229E-09  -2.7385E-08   1.5518E-08   1.6556E-07
   13  1.04313976E+01  -2.5551E-08   3.3448E-18   1.9383E-04   5.4601E-08   4.2009E-01   1.4440E-01   0.0000E+00   6.7493E-07   2.1427E-07  -2.5551E-08  -4.0062E-08  -3.6786E-08
   14  1.04313976E+01  -4.0062E-08   1.0594E-17   3.1702E-04   9.7958E-08   3.8680E-01   1.2477E-01   0.0000E+00   2.1427E-07   2.5551E-09  -4.0062E-08  -3.6786E-08  -2.6538E-08
   15  1.04313976E+01  -3.6786E-08   3.3416E-17   5.2070E-04   1.7600E-07   3.6742E-01   1.1776E-01   0.0000E+00   2.5551E-09   4.0062E-09  -3.6786E-08  -2.6538E-08   2.1259E-08
   16  1.04313976E+01  -2.6538E-08   1.0436E-16   8.5904E-04   3.1619E-07   4.5335E-01   1.3521E-01   0.0000E+00   4.0062E-09   3.6786E-09  -2.6538E-08   2.1259E-08   1.6885E-07
   13  1.04313976E+01  -2.5551E-08   3.3448E-18   1.9383E-04   5.4601E-08   4.2009E-01   1.4440E-01   0.0000E+00   6.7493E-07   2.1427E-07  -2.5551E-08  -4.0062E-08  -3.6786E-08
   14  1.04313976E+01  -4.0062E-08   1.0594E-17   3.1702E-04   9.7958E-08   3.8680E-01   1.2477E-01   0.0000E+00   2.1427E-07   2.5551E-09  -4.0062E-08  -3.6786E-08  -2.6538E-08
   15  1.04313976E+01  -3.6786E-08   3.3416E-17   5.2070E-04   1.7600E-07   3.6742E-01   1.1776E-01   0.0000E+00   2.5551E-09   4.0062E-09  -3.6786E-08  -2.6538E-08   2.1259E-08
   16  1.04313976E+01  -2.6538E-08   1.0436E-16   8.5904E-04   3.1619E-07   4.5335E-01   1.3521E-01   0.0000E+00   4.0062E-09   3.6786E-09  -2.6538E-08   2.1259E-08   1.6885E-07
   13  1.04307017E+01  -2.5057E-08   3.3453E-18   1.9383E-04   5.4601E-08   4.1904E-01   1.4377E-01   0.0000E+00   6.7754E-07   2.2702E-07  -2.5057E-08  -3.9797E-08  -3.6345E-08
   14  1.04307017E+01  -3.9797E-08   1.0596E-17   3.1702E-04   9.7958E-08   3.8606E-01   1.2452E-01   0.0000E+00   2.2702E-07   2.5057E-09  -3.9797E-08  -3.6345E-08  -2.5638E-08
   15  1.04307017E+01  -3.6345E-08   3.3422E-17   5.2070E-04   1.7600E-07   3.6800E-01   1.1837E-01   0.0000E+00   2.5057E-09   3.9797E-09  -3.6345E-08  -2.5638E-08   2.7770E-08
   16  1.04307017E+01  -2.5638E-08   1.0438E-16   8.5904E-04   3.1619E-07   4.5609E-01   1.3557E-01   0.0000E+00   3.9797E-09   3.6345E-09  -2.5638E-08   2.7770E-08   1.7200E-07
   13  1.04307017E+01  -2.5057E-08   3.3453E-18   1.9383E-04   5.4601E-08   4.1904E-01   1.4377E-01   0.0000E+00   6.7754E-07   2.2702E-07  -2.5057E-08  -3.9797E-08  -3.6345E-08
   14  1.04307017E+01  -3.9797E-08   1.0596E-17   3.1702E-04   9.7958E-08   3.8606E-01   1.2452E-01   0.0000E+00   2.2702E-07   2.5057E-09  -3.9797E-08  -3.6345E-08  -2.5638E-08
   15  1.04307017E+01  -3.6345E-08   3.3422E-17   5.2070E-04   1.7600E-07   3.6800E-01   1.1837E-01   0.0000E+00   2.5057E-09   3.9797E-09  -3.6345E-08  -2.5638E-08   2.7770E-08
   16  1.04307017E+01  -2.5638E-08   1.0438E-16   8.5904E-04   3.1619E-07   4.5609E-01   1.3557E-01   0.0000E+00   3.9797E-09   3.6345E-09  -2.5638E-08   2.7770E-08   1.7200E-07
   13  1.04300058E+01  -2.4517E-08   3.3457E-18   1.9383E-04   5.4601E-08   4.1804E-01   1.4317E-01   0.0000E+00   6.8115E-07   2.3946E-07  -2.4517E-08  -3.9537E-08  -3.5907E-08
   14  1.04300058E+01  -3.9537E-08   1.0598E-17   3.1702E-04   9.7958E-08   3.8542E-01   1.2436E-01   0.0000E+00   2.3946E-07   2.4517E-09  -3.9537E-08  -3.5907E-08  -2.4685E-08
   15  1.04300058E+01  -3.5907E-08   3.3427E-17   5.2070E-04   1.7600E-07   3.6878E-01   1.1905E-01   0.0000E+00   2.4517E-09   3.9537E-09  -3.5907E-08  -2.4685E-08   3.4883E-08
   16  1.04300058E+01  -2.4685E-08   1.0440E-16   8.5904E-04   3.1619E-07   4.5870E-01   1.3600E-01   0.0000E+00   3.9537E-09   3.5907E-09  -2.4685E-08   3.4883E-08   1.7501E-07
   13  1.04300058E+01  -2.4517E-08   3.3457E-18   1.9383E-04   5.4601E-08   4.1804E-01   1.4317E-01   0.0000E+00   6.8115E-07   2.3946E-07  -2.4517E-08  -3.9537E-08  -3.5907E-08
   14  1.04300058E+01  -3.9537E-08   1.0598E-17   3.1702E-04   9.7958E-08   3.8542E-01   1.2436E-01   0.0000E+00   2.3946E-07   2.4517E-09  -3.9537E-08  -3.5907E-08  -2.4685E-08
   15  1.04300058E+01  -3.5907E-08   3.3427E-17   5.2070E-04   1.7600E-07   3.6878E-01   1.1905E-01   0.0000E+00   2.4517E-09   3.9537E-09  -3.5907E-08  -2.4685E-08   3.4883E-08
   16  1.04300058E+01  -2.4685E-08   1.0440E-16   8.5904E-04   3.1619E-07   4.5870E-01   1.3600E-01   0.0000E+00   3.9537E-09   3.5907E-09  -2.4685E-08   3.4883E-08   1.7501E-07
   13  1.04293100E+01  -2.3931E-08   3.3464E-18   1.9383E-04   5.4601E-08   4.1707E-01   1.4262E-01   0.0000E+00   6.8558E-07   2.5150E-07  -2.3931E-08  -3.9281E-08  -3.5468E-08
   14  1.04293100E+01  -3.9281E-08   1.0600E-17   3.1703E-04   9.7958E-08   3.8488E-01   1.2429E-01   0.0000E+00   2.5150E-07   2.3931E-09  -3.9281E-08  -3.5468E-08  -2.3676E-08
   15  1.04293100E+01  -3.5468E-08   3.3435E-17   5.2070E-04   1.7600E-07   3.6976E-01   1.1978E-01   0.0000E+00   2.3931E-09   3.9281E-09  -3.5468E-08  -2.3676E-08   4.2440E-08
   16  1.04293100E+01  -2.3676E-08   1.0443E-16   8.5905E-04   3.1619E-07   4.6117E-01   1.3646E-01   0.0000E+00   3.9281E-09   3.5468E-09  -2.3676E-08   4.2440E-08   1.7793E-07
   13  1.04293100E+01  -2.3931E-08   3.3464E-18   1.9383E-04   5.4601E-08   4.1707E-01   1.4262E-01   0.0000E+00   6.8558E-07   2.5150E-07  -2.3931E-08  -3.9281E-08  -3.5468E-08
   14  1.04293100E+01  -3.9281E-08   1.0600E-17   3.1703E-04   9.7958E-08   3.8488E-01   1.2429E-01   0.0000E+00   2.5150E-07   2.3931E-09  -3.9281E-08  -3.5468E-08  -2.3676E-08
   15  1.04293100E+01  -3.5468E-08   3.3435E-17   5.2070E-04   1.7600E-07   3.6976E-01   1.1978E-01   0.0000E+00   2.3931E-09   3.9281E-09  -3.5468E-08  -2.3676E-08   4.2440E-08
   16  1.04293100E+01  -2.3676E-08   1.0443E-16   8.5905E-04   3.1619E-07   4.6117E-01   1.3646E-01   0.0000E+00   3.9281E-09   3.5468E-09  -2.3676E-08   4.2440E-08   1.7793E-07
   13  1.04286142E+01  -2.3303E-08   3.3469E-18   1.9383E-04   5.4601E-08   4.1616E-01   1.4210E-01   0.0000E+00   6.9074E-07   2.6306E-07  -2.3303E-08  -3.9030E-08  -3.5031E-08
   14  1.04286142E+01  -3.9030E-08   1.0602E-17   3.1703E-04   9.7958E-08   3.8445E-01   1.2429E-01   0.0000E+00   2.6306E-07   2.3303E-09  -3.9030E-08  -3.5031E-08  -2.2617E-08
   15  1.04286142E+01  -3.5031E-08   3.3440E-17   5.2070E-04   1.7600E-07   3.7091E-01   1.2056E-01   0.0000E+00   2.3303E-09   3.9030E-09  -3.5031E-08  -2.2617E-08   5.0286E-08
   16  1.04286142E+01  -2.2617E-08   1.0444E-16   8.5905E-04   3.1619E-07   4.6350E-01   1.3697E-01   0.0000E+00   3.9030E-09   3.5031E-09  -2.2617E-08   5.0286E-08   1.8078E-07
   13  1.04286142E+01  -2.3303E-08   3.3469E-18   1.9383E-04   5.4601E-08   4.1616E-01   1.4210E-01   0.0000E+00   6.9074E-07   2.6306E-07  -2.3303E-08  -3.9030E-08  -3.5031E-08
   14  1.04286142E+01  -3.9030E-08   1.0602E-17   3.1703E-04   9.7958E-08   3.8445E-01   1.2429E-01   0.0000E+00   2.6306E-07   2.3303E-09  -3.9030E-08  -3.5031E-08  -2.2617E-08
   15  1.04286142E+01  -3.5031E-08   3.3440E-17   5.2070E-04   1.7600E-07   3.7091E-01   1.2056E-01   0.0000E+00   2.3303E-09   3.9030E-09  -3.5031E-08  -2.2617E-08   5.0286E-08
   16  1.04286142E+01  -2.2617E-08   1.0444E-16   8.5905E-04   3.1619E-07   4.6350E-01   1.3697E-01   0.0000E+00   3.9030E-09   3.5031E-09  -2.2617E-08   5.0286E-08   1.8078E-07
   13  1.04279185E+01  -2.2634E-08   3.3470E-18   1.9383E-04   5.4601E-08   4.1529E-01   1.4163E-01   0.0000E+00   6.9651E-07   2.7406E-07  -2.2634E-08  -3.8784E-08  -3.4596E-08
   14  1.04279185E+01  -3.8784E-08   1.0602E-17   3.1702E-04   9.7958E-08   3.8414E-01   1.2438E-01   0.0000E+00   2.7406E-07   2.2634E-09  -3.8784E-08  -3.4596E-08  -2.1510E-08
   15  1.04279185E+01  -3.4596E-08   3.3442E-17   5.2070E-04   1.7600E-07   3.7224E-01   1.2139E-01   0.0000E+00   2.2634E-09   3.8784E-09  -3.4596E-08  -2.1510E-08   5.8278E-08
   16  1.04279185E+01  -2.1510E-08   1.0445E-16   8.5904E-04   3.1619E-07   4.6567E-01   1.3757E-01   0.0000E+00   3.8784E-09   3.4596E-09  -2.1510E-08   5.8278E-08   1.8359E-07
   13  1.04279185E+01  -2.2634E-08   3.3470E-18   1.9383E-04   5.4601E-08   4.1529E-01   1.4163E-01   0.0000E+00   6.9651E-07   2.7406E-07  -2.2634E-08  -3.8784E-08  -3.4596E-08
   14  1.04279185E+01  -3.8784E-08   1.0602E-17   3.1702E-04   9.7958E-08   3.8414E-01   1.2438E-01   0.0000E+00   2.7406E-07   2.2634E-09  -3.8784E-08  -3.4596E-08  -2.1510E-08
   15  1.04279185E+01  -3.4596E-08   3.3442E-17   5.2070E-04   1.7600E-07   3.7224E-01   1.2139E-01   0.0000E+00   2.2634E-09   3.8784E-09  -3.4596E-08  -2.1510E-08   5.8278E-08
   16  1.04279185E+01  -2.1510E-08   1.0445E-16   8.5904E-04   3.1619E-07   4.6567E-01   1.3757E-01   0.0000E+00   3.8784E-09   3.4596E-09  -2.1510E-08   5.8278E-08   1.8359E-07
   13  1.04272228E+01  -2.1926E-08   3.3475E-18   1.9383E-04   5.4601E-08   4.1448E-01   1.4119E-01   0.0000E+00   7.0281E-07   2.8446E-07  -2.1926E-08  -3.8542E-08  -3.4161E-08
   14  1.04272228E+01  -3.8542E-08   1.0603E-17   3.1702E-04   9.7958E-08   3.8394E-01   1.2454E-01   0.0000E+00   2.8446E-07   2.1926E-09  -3.8542E-08  -3.4161E-08  -2.0354E-08
   15  1.04272228E+01  -3.4161E-08   3.3446E-17   5.2069E-04   1.7600E-07   3.7374E-01   1.2227E-01   0.0000E+00   2.1926E-09   3.8542E-09  -3.4161E-08  -2.0354E-08   6.6287E-08
   16  1.04272228E+01  -2.0354E-08   1.0446E-16   8.5904E-04   3.1619E-07   4.6770E-01   1.3827E-01   0.0000E+00   3.8542E-09   3.4161E-09  -2.0354E-08   6.6287E-08   1.8639E-07
   13  1.04272228E+01  -2.1926E-08   3.3475E-18   1.9383E-04   5.4601E-08   4.1448E-01   1.4119E-01   0.0000E+00   7.0281E-07   2.8446E-07  -2.1926E-08  -3.8542E-08  -3.4161E-08
   14  1.04272228E+01  -3.8542E-08   1.0603E-17   3.1702E-04   9.7958E-08   3.8394E-01   1.2454E-01   0.0000E+00   2.8446E-07   2.1926E-09  -3.8542E-08  -3.4161E-08  -2.0354E-08
   15  1.04272228E+01  -3.4161E-08   3.3446E-17   5.2069E-04   1.7600E-07   3.7374E-01   1.2227E-01   0.0000E+00   2.1926E-09   3.8542E-09  -3.4161E-08  -2.0354E-08   6.6287E-08
   16  1.04272228E+01  -2.0354E-08   1.0446E-16   8.5904E-04   3.1619E-07   4.6770E-01   1.3827E-01   0.0000E+00   3.8542E-09   3.4161E-09  -2.0354E-08   6.6287E-08   1.8639E-07
   13  1.04265272E+01  -2.1182E-08   3.3481E-18   1.9383E-04   5.4601E-08   4.1372E-01   1.4080E-01   0.0000E+00   7.0953E-07   2.9421E-07  -2.1182E-08  -3.8304E-08  -3.3727E-08
   14  1.04265272E+01  -3.8304E-08   1.0606E-17   3.1703E-04   9.7958E-08   3.8386E-01   1.2478E-01   0.0000E+00   2.9421E-07   2.1182E-09  -3.8304E-08  -3.3727E-08  -1.9156E-08
   15  1.04265272E+01  -3.3727E-08   3.3453E-17   5.2070E-04   1.7600E-07   3.7540E-01   1.2318E-01   0.0000E+00   2.1182E-09   3.8304E-09  -3.3727E-08  -1.9156E-08   7.4196E-08
   16  1.04265272E+01  -1.9156E-08   1.0449E-16   8.5905E-04   3.1619E-07   4.6958E-01   1.3896E-01   0.0000E+00   3.8304E-09   3.3727E-09  -1.9156E-08   7.4196E-08   1.8920E-07
   13  1.04265272E+01  -2.1182E-08   3.3481E-18   1.9383E-04   5.4601E-08   4.1372E-01   1.4080E-01   0.0000E+00   7.0953E-07   2.9421E-07  -2.1182E-08  -3.8304E-08  -3.3727E-08
   14  1.04265272E+01  -3.8304E-08   1.0606E-17   3.1703E-04   9.7958E-08   3.8386E-01   1.2478E-01   0.0000E+00   2.9421E-07   2.1182E-09  -3.8304E-08  -3.3727E-08  -1.9156E-08
   15  1.04265272E+01  -3.3727E-08   3.3453E-17   5.2070E-04   1.7600E-07   3.7540E-01   1.2318E-01   0.0000E+00   2.1182E-09   3.8304E-09  -3.3727E-08  -1.9156E-08   7.4196E-08
   16  1.04265272E+01  -1.9156E-08   1.0449E-16   8.5905E-04   3.1619E-07   4.6958E-01   1.3896E-01   0.0000E+00   3.8304E-09   3.3727E-09  -1.9156E-08   7.4196E-08   1.8920E-07
   13  1.04258316E+01  -2.0406E-08   3.3487E-18   1.9383E-04   5.4601E-08   4.1302E-01   1.4046E-01   0.0000E+00   7.1659E-07   3.0328E-07  -2.0406E-08  -3.8071E-08  -3.3294E-08
   14  1.04258316E+01  -3.8071E-08   1.0608E-17   3.1703E-04   9.7958E-08   3.8390E-01   1.2509E-01   0.0000E+00   3.0328E-07   2.0406E-09  -3.8071E-08  -3.3294E-08  -1.7920E-08
   15  1.04258316E+01  -3.3294E-08   3.3460E-17   5.2071E-04   1.7600E-07   3.7720E-01   1.2412E-01   0.0000E+00   2.0406E-09   3.8071E-09  -3.3294E-08  -1.7920E-08   8.1903E-08
   16  1.04258316E+01  -1.7920E-08   1.0451E-16   8.5906E-04   3.1619E-07   4.7133E-01   1.3964E-01   0.0000E+00   3.8071E-09   3.3294E-09  -1.7920E-08   8.1903E-08   1.9203E-07
   13  1.04258316E+01  -2.0406E-08   3.3487E-18   1.9383E-04   5.4601E-08   4.1302E-01   1.4046E-01   0.0000E+00   7.1659E-07   3.0328E-07  -2.0406E-08  -3.8071E-08  -3.3294E-08
   14  1.04258316E+01  -3.8071E-08   1.0608E-17   3.1703E-04   9.7958E-08   3.8390E-01   1.2509E-01   0.0000E+00   3.0328E-07   2.0406E-09  -3.8071E-08  -3.3294E-08  -1.7920E-08
   15  1.04258316E+01  -3.3294E-08   3.3460E-17   5.2071E-04   1.7600E-07   3.7720E-01   1.2412E-01   0.0000E+00   2.0406E-09   3.8071E-09  -3.3294E-08  -1.7920E-08   8.1903E-08
   16  1.04258316E+01  -1.7920E-08   1.0451E-16   8.5906E-04   3.1619E-07   4.7133E-01   1.3964E-01   0.0000E+00   3.8071E-09   3.3294E-09  -1.7920E-08   8.1903E-08   1.9203E-07
   13  1.04251361E+01  -1.9599E-08   3.3489E-18   1.9383E-04   5.4601E-08   4.1238E-01   1.4016E-01   0.0000E+00   7.2391E-07   3.1165E-07  -1.9599E-08  -3.7842E-08  -3.2863E-08
   14  1.04251361E+01  -3.7842E-08   1.0608E-17   3.1702E-04   9.7958E-08   3.8406E-01   1.2547E-01   0.0000E+00   3.1165E-07   1.9599E-09  -3.7842E-08  -3.2863E-08  -1.6654E-08
   15  1.04251361E+01  -3.2863E-08   3.3463E-17   5.2070E-04   1.7600E-07   3.7915E-01   1.2509E-01   0.0000E+00   1.9599E-09   3.7842E-09  -3.2863E-08  -1.6654E-08   8.9318E-08
   16  1.04251361E+01  -1.6654E-08   1.0452E-16   8.5904E-04   3.1619E-07   4.7294E-01   1.4030E-01   0.0000E+00   3.7842E-09   3.2863E-09  -1.6654E-08   8.9318E-08   1.9489E-07
   13  1.04251361E+01  -1.9599E-08   3.3489E-18   1.9383E-04   5.4601E-08   4.1238E-01   1.4016E-01   0.0000E+00   7.2391E-07   3.1165E-07  -1.9599E-08  -3.7842E-08  -3.2863E-08
   14  1.04251361E+01  -3.7842E-08   1.0608E-17   3.1702E-04   9.7958E-08   3.8406E-01   1.2547E-01   0.0000E+00   3.1165E-07   1.9599E-09  -3.7842E-08  -3.2863E-08  -1.6654E-08
   15  1.04251361E+01  -3.2863E-08   3.3463E-17   5.2070E-04   1.7600E-07   3.7915E-01   1.2509E-01   0.0000E+00   1.9599E-09   3.7842E-09  -3.2863E-08  -1.6654E-08   8.9318E-08
   16  1.04251361E+01  -1.6654E-08   1.0452E-16   8.5904E-04   3.1619E-07   4.7294E-01   1.4030E-01   0.0000E+00   3.7842E-09   3.2863E-09  -1.6654E-08   8.9318E-08   1.9489E-07
   13  1.04244406E+01  -1.8765E-08   3.3493E-18   1.9383E-04   5.4601E-08   4.1181E-01   1.3991E-01   0.0000E+00   7.3142E-07   3.1931E-07  -1.8765E-08  -3.7616E-08  -3.2432E-08
   14  1.04244406E+01  -3.7616E-08   1.0610E-17   3.1702E-04   9.7958E-08   3.8432E-01   1.2591E-01   0.0000E+00   3.1931E-07   1.8765E-09  -3.7616E-08  -3.2432E-08  -1.5361E-08
   15  1.04244406E+01  -3.2432E-08   3.3467E-17   5.2069E-04   1.7600E-07   3.8122E-01   1.2608E-01   0.0000E+00   1.8765E-09   3.7616E-09  -3.2432E-08  -1.5361E-08   9.6371E-08
   16  1.04244406E+01  -1.5361E-08   1.0453E-16   8.5904E-04   3.1619E-07   4.7444E-01   1.4095E-01   0.0000E+00   3.7616E-09   3.2432E-09  -1.5361E-08   9.6371E-08   1.9778E-07
   13  1.04244406E+01  -1.8765E-08   3.3493E-18   1.9383E-04   5.4601E-08   4.1181E-01   1.3991E-01   0.0000E+00   7.3142E-07   3.1931E-07  -1.8765E-08  -3.7616E-08  -3.2432E-08
   14  1.04244406E+01  -3.7616E-08   1.0610E-17   3.1702E-04   9.7958E-08   3.8432E-01   1.2591E-01   0.0000E+00   3.1931E-07   1.8765E-09  -3.7616E-08  -3.2432E-08  -1.5361E-08
   15  1.04244406E+01  -3.2432E-08   3.3467E-17   5.2069E-04   1.7600E-07   3.8122E-01   1.2608E-01   0.0000E+00   1.8765E-09   3.7616E-09  -3.2432E-08  -1.5361E-08   9.6371E-08
   16  1.04244406E+01  -1.5361E-08   1.0453E-16   8.5904E-04   3.1619E-07   4.7444E-01   1.4095E-01   0.0000E+00   3.7616E-09   3.2432E-09  -1.5361E-08   9.6371E-08   1.9778E-07
   14  9.74589742E+00  -2.6022E-08   2.0918E-17   3.5650E-04   9.7958E-08   3.7194E-01   1.1428E-01   0.0000E+00   1.2030E-06   3.4038E-07  -2.6022E-08   8.7483E-09   2.0565E-07
   14  9.74589742E+00  -2.6022E-08   2.0918E-17   3.5650E-04   9.7958E-08   3.7194E-01   1.1428E-01   0.0000E+00   1.2030E-06   3.4038E-07  -2.6022E-08   8.7483E-09   2.0565E-07
   14  9.74524725E+00  -3.9501E-08   2.0950E-17   3.5650E-04   9.7958E-08   3.7182E-01   1.1451E-01   0.0000E+00   1.0601E-06   2.5530E-07  -3.9501E-08  -1.9934E-09   2.0453E-07
   15  9.74524725E+00  -1.9934E-09   6.6175E-17   5.8503E-04   1.7600E-07   3.4240E-01   1.0782E-01   0.0000E+00   2.5530E-07   3.9501E-09  -1.9934E-09   2.0453E-07   3.6826E-07
   14  9.74524725E+00  -3.9501E-08   2.0950E-17   3.5650E-04   9.7958E-08   3.7182E-01   1.1451E-01   0.0000E+00   1.0601E-06   2.5530E-07  -3.9501E-08  -1.9934E-09   2.0453E-07
   15  9.74524725E+00  -1.9934E-09   6.6175E-17   5.8503E-04   1.7600E-07   3.4240E-01   1.0782E-01   0.0000E+00   2.5530E-07   3.9501E-09  -1.9934E-09   2.0453E-07   3.6826E-07
   14  9.74459711E+00  -3.6168E-08   2.0954E-17   3.5650E-04   9.7958E-08   3.7181E-01   1.1480E-01   0.0000E+00   9.2533E-07   1.7799E-07  -3.6168E-08  -8.6310E-09   2.0366E-07
   15  9.74459711E+00  -8.6310E-09   6.6182E-17   5.8502E-04   1.7600E-07   3.4442E-01   1.0904E-01   0.0000E+00   1.7799E-07   3.6168E-09  -8.6310E-09   2.0366E-07   3.6919E-07
   14  9.74459711E+00  -3.6168E-08   2.0954E-17   3.5650E-04   9.7958E-08   3.7181E-01   1.1480E-01   0.0000E+00   9.2533E-07   1.7799E-07  -3.6168E-08  -8.6310E-09   2.0366E-07
   15  9.74459711E+00  -8.6310E-09   6.6182E-17   5.8502E-04   1.7600E-07   3.4442E-01   1.0904E-01   0.0000E+00   1.7799E-07   3.6168E-09  -8.6310E-09   2.0366E-07   3.6919E-07
   14  9.74394702E+00  -3.4684E-08   2.0971E-17   3.5650E-04   9.7958E-08   3.7191E-01   1.1517E-01   0.0000E+00   7.9838E-07   1.0805E-07  -3.4684E-08  -6.4592E-09   2.0298E-07
   15  9.74394702E+00  -6.4592E-09   6.6238E-17   5.8502E-04   1.7600E-07   3.4659E-01   1.1024E-01   0.0000E+00   1.0805E-07   3.4684E-09  -6.4592E-09   2.0298E-07   3.7015E-07
   14  9.74394702E+00  -3.4684E-08   2.0971E-17   3.5650E-04   9.7958E-08   3.7191E-01   1.1517E-01   0.0000E+00   7.9838E-07   1.0805E-07  -3.4684E-08  -6.4592E-09   2.0298E-07
   15  9.74394702E+00  -6.4592E-09   6.6238E-17   5.8502E-04   1.7600E-07   3.4659E-01   1.1024E-01   0.0000E+00   1.0805E-07   3.4684E-09  -6.4592E-09   2.0298E-07   3.7015E-07
   14  9.74329698E+00  -3.3359E-08   2.1007E-17   3.5650E-04   9.7958E-08   3.7212E-01   1.1559E-01   0.0000E+00   6.7889E-07   4.5075E-08  -3.3359E-08  -5.1385E-09   2.0252E-07
   15  9.74329698E+00  -5.1385E-09   6.6358E-17   5.8503E-04   1.7600E-07   3.4889E-01   1.1144E-01   0.0000E+00   4.5075E-08   3.3359E-09  -5.1385E-09   2.0252E-07   3.7116E-07
   14  9.74329698E+00  -3.3359E-08   2.1007E-17   3.5650E-04   9.7958E-08   3.7212E-01   1.1559E-01   0.0000E+00   6.7889E-07   4.5075E-08  -3.3359E-08  -5.1385E-09   2.0252E-07
   15  9.74329698E+00  -5.1385E-09   6.6358E-17   5.8503E-04   1.7600E-07   3.4889E-01   1.1144E-01   0.0000E+00   4.5075E-08   3.3359E-09  -5.1385E-09   2.0252E-07   3.7116E-07
   14  9.74264697E+00  -1.4882E-08   5.8616E-17   3.5656E-04   9.7958E-08   3.7347E-01   1.1410E-01   0.0000E+00   5.7677E-07   1.8068E-09  -1.4882E-08   2.0927E-08   2.4102E-07
   14  9.74264697E+00  -1.4882E-08   5.8616E-17   3.5656E-04   9.7958E-08   3.7347E-01   1.1410E-01   0.0000E+00   5.7677E-07   1.8068E-09  -1.4882E-08   2.0927E-08   2.4102E-07
   13  9.74199701E+00  -3.6018E-08   1.8531E-17   2.1818E-04   5.4601E-08   4.1221E-01   1.3684E-01   0.0000E+00   1.2190E-06   4.8126E-07  -3.6018E-08  -1.5529E-08   4.2636E-08
   14  9.74199701E+00  -1.5529E-08   5.8616E-17   3.5655E-04   9.7958E-08   3.7490E-01   1.1315E-01   0.0000E+00   4.8126E-07   3.6018E-09  -1.5529E-08   4.2636E-08   2.7757E-07
   13  9.74199701E+00  -3.6018E-08   1.8531E-17   2.1818E-04   5.4601E-08   4.1221E-01   1.3684E-01   0.0000E+00   1.2190E-06   4.8126E-07  -3.6018E-08  -1.5529E-08   4.2636E-08
   14  9.74199701E+00  -1.5529E-08   5.8616E-17   3.5655E-04   9.7958E-08   3.7490E-01   1.1315E-01   0.0000E+00   4.8126E-07   3.6018E-09  -1.5529E-08   4.2636E-08   2.7757E-07
   13  9.74134710E+00  -3.0906E-08   1.8535E-17   2.1818E-04   5.4601E-08   4.1215E-01   1.3619E-01   0.0000E+00   1.0804E-06   3.9311E-07  -3.0906E-08  -1.4607E-08   6.5570E-08
   14  9.74134710E+00  -1.4607E-08   5.8629E-17   3.5655E-04   9.7958E-08   3.7645E-01   1.1265E-01   0.0000E+00   3.9311E-07   3.0906E-09  -1.4607E-08   6.5570E-08   3.1235E-07
   13  9.74134710E+00  -3.0906E-08   1.8535E-17   2.1818E-04   5.4601E-08   4.1215E-01   1.3619E-01   0.0000E+00   1.0804E-06   3.9311E-07  -3.0906E-08  -1.4607E-08   6.5570E-08
   14  9.74134710E+00  -1.4607E-08   5.8629E-17   3.5655E-04   9.7958E-08   3.7645E-01   1.1265E-01   0.0000E+00   3.9311E-07   3.0906E-09  -1.4607E-08   6.5570E-08   3.1235E-07
   13  9.74069723E+00  -2.8502E-08   1.8541E-17   2.1820E-04   5.4601E-08   4.1220E-01   1.3575E-01   0.0000E+00   9.5035E-07   3.1198E-07  -2.8502E-08  -1.3679E-08   8.9651E-08
   14  9.74069723E+00  -1.3679E-08   5.8648E-17   3.5659E-04   9.7958E-08   3.7816E-01   1.1256E-01   0.0000E+00   3.1198E-07   2.8502E-09  -1.3679E-08   8.9651E-08   3.4552E-07
   13  9.74069723E+00  -2.8502E-08   1.8541E-17   2.1820E-04   5.4601E-08   4.1220E-01   1.3575E-01   0.0000E+00   9.5035E-07   3.1198E-07  -2.8502E-08  -1.3679E-08   8.9651E-08
   14  9.74069723E+00  -1.3679E-08   5.8648E-17   3.5659E-04   9.7958E-08   3.7816E-01   1.1256E-01   0.0000E+00   3.1198E-07   2.8502E-09  -1.3679E-08   8.9651E-08   3.4552E-07
   13  9.74004740E+00  -2.6266E-08   1.8556E-17   2.1827E-04   5.4601E-08   4.1236E-01   1.3546E-01   0.0000E+00   8.2876E-07   2.3757E-07  -2.6266E-08  -1.2600E-08   1.1480E-07
   14  9.74004740E+00  -1.2600E-08   5.8697E-17   3.5672E-04   9.7958E-08   3.7997E-01   1.1281E-01   0.0000E+00   2.3757E-07   2.6266E-09  -1.2600E-08   1.1480E-07   3.7723E-07
   13  9.74004740E+00  -2.6266E-08   1.8556E-17   2.1827E-04   5.4601E-08   4.1236E-01   1.3546E-01   0.0000E+00   8.2876E-07   2.3757E-07  -2.6266E-08  -1.2600E-08   1.1480E-07
   14  9.74004740E+00  -1.2600E-08   5.8697E-17   3.5672E-04   9.7958E-08   3.7997E-01   1.1281E-01   0.0000E+00   2.3757E-07   2.6266E-09  -1.2600E-08   1.1480E-07   3.7723E-07
   13  9.73939761E+00  -2.4426E-08   1.8561E-17   2.1825E-04   5.4601E-08   4.1263E-01   1.3534E-01   0.0000E+00   7.1540E-07   1.6955E-07  -2.4426E-08  -1.1406E-08   1.4087E-07
   14  9.73939761E+00  -1.1406E-08   5.8715E-17   3.5669E-04   9.7958E-08   3.8193E-01   1.1337E-01   0.0000E+00   1.6955E-07   2.4426E-09  -1.1406E-08   1.4087E-07   4.0759E-07
   13  9.73939761E+00  -2.4426E-08   1.8561E-17   2.1825E-04   5.4601E-08   4.1263E-01   1.3534E-01   0.0000E+00   7.1540E-07   1.6955E-07  -2.4426E-08  -1.1406E-08   1.4087E-07
   14  9.73939761E+00  -1.1406E-08   5.8715E-17   3.5669E-04   9.7958E-08   3.8193E-01   1.1337E-01   0.0000E+00   1.6955E-07   2.4426E-09  -1.1406E-08   1.4087E-07   4.0759E-07
   13  9.73874787E+00  -2.2923E-08   1.8554E-17   2.1819E-04   5.4601E-08   4.1303E-01   1.3537E-01   0.0000E+00   6.1007E-07   1.0762E-07  -2.2923E-08  -1.0092E-08   1.6770E-07
   14  9.73874787E+00  -1.0092E-08   5.8691E-17   3.5657E-04   9.7958E-08   3.8403E-01   1.1421E-01   0.0000E+00   1.0762E-07   2.2923E-09  -1.0092E-08   1.6770E-07   4.3668E-07
   13  9.73874787E+00  -2.2923E-08   1.8554E-17   2.1819E-04   5.4601E-08   4.1303E-01   1.3537E-01   0.0000E+00   6.1007E-07   1.0762E-07  -2.2923E-08  -1.0092E-08   1.6770E-07
   14  9.73874787E+00  -1.0092E-08   5.8691E-17   3.5657E-04   9.7958E-08   3.8403E-01   1.1421E-01   0.0000E+00   1.0762E-07   2.2923E-09  -1.0092E-08   1.6770E-07   4.3668E-07
   13  9.73809817E+00  -2.1705E-08   1.8557E-17   2.1818E-04   5.4601E-08   4.1354E-01   1.3554E-01   0.0000E+00   5.1258E-07   5.1451E-08  -2.1705E-08  -8.6209E-09   1.9517E-07
   14  9.73809817E+00  -8.6209E-09   5.8699E-17   3.5655E-04   9.7958E-08   3.8629E-01   1.1528E-01   0.0000E+00   5.1451E-08   2.1705E-09  -8.6209E-09   1.9517E-07   4.6464E-07
   13  9.73809817E+00  -2.1705E-08   1.8557E-17   2.1818E-04   5.4601E-08   4.1354E-01   1.3554E-01   0.0000E+00   5.1258E-07   5.1451E-08  -2.1705E-08  -8.6209E-09   1.9517E-07
   14  9.73809817E+00  -8.6209E-09   5.8699E-17   3.5655E-04   9.7958E-08   3.8629E-01   1.1528E-01   0.0000E+00   5.1451E-08   2.1705E-09  -8.6209E-09   1.9517E-07   4.6464E-07
   13  9.73744851E+00  -2.0752E-08   1.8561E-17   2.1818E-04   5.4601E-08   4.1419E-01   1.3585E-01   0.0000E+00   4.2269E-07   7.4693E-10  -2.0752E-08  -7.0032E-09   2.2312E-07
   14  9.73744851E+00  -7.0032E-09   5.8713E-17   3.5655E-04   9.7958E-08   3.8869E-01   1.1655E-01   0.0000E+00   7.4693E-10   2.0752E-09  -7.0032E-09   2.2312E-07   4.9158E-07
   13  9.73744851E+00  -2.0752E-08   1.8561E-17   2.1818E-04   5.4601E-08   4.1419E-01   1.3585E-01   0.0000E+00   4.2269E-07   7.4693E-10  -2.0752E-08  -7.0032E-09   2.2312E-07
   14  9.73744851E+00  -7.0032E-09   5.8713E-17   3.5655E-04   9.7958E-08   3.8869E-01   1.1655E-01   0.0000E+00   7.4693E-10   2.0752E-09  -7.0032E-09   2.2312E-07   4.9158E-07
   12  9.73679890E+00  -4.4797E-08   5.8579E-18   1.3363E-04   3.0481E-08   4.5154E-01   1.5905E-01   0.0000E+00   1.4417E-06   3.4020E-07  -4.4797E-08  -2.0039E-08  -5.2392E-09
   13  9.73679890E+00  -2.0039E-08   1.8566E-17   2.1818E-04   5.4601E-08   4.1495E-01   1.3627E-01   0.0000E+00   3.4020E-07   4.4797E-09  -2.0039E-08  -5.2392E-09   2.5137E-07
   14  9.73679890E+00  -5.2392E-09   5.8727E-17   3.5655E-04   9.7958E-08   3.9125E-01   1.1800E-01   0.0000E+00   4.4797E-09   2.0039E-09  -5.2392E-09   2.5137E-07   5.1757E-07
   12  9.73679890E+00  -4.4797E-08   5.8579E-18   1.3363E-04   3.0481E-08   4.5154E-01   1.5905E-01   0.0000E+00   1.4417E-06   3.4020E-07  -4.4797E-08  -2.0039E-08  -5.2392E-09
   13  9.73679890E+00  -2.0039E-08   1.8566E-17   2.1818E-04   5.4601E-08   4.1495E-01   1.3627E-01   0.0000E+00   3.4020E-07   4.4797E-09  -2.0039E-08  -5.2392E-09   2.5137E-07
   14  9.73679890E+00  -5.2392E-09   5.8727E-17   3.5655E-04   9.7958E-08   3.9125E-01   1.1800E-01   0.0000E+00   4.4797E-09   2.0039E-09  -5.2392E-09   2.5137E-07   5.1757E-07
   12  9.73614933E+00  -3.8300E-08   5.8593E-18   1.3363E-04   3.0481E-08   4.5143E-01   1.5902E-01   0.0000E+00   1.3505E-06   2.6643E-07  -3.8300E-08  -1.9945E-08  -3.3228E-09
   13  9.73614933E+00  -1.9945E-08   1.8570E-17   2.1818E-04   5.4601E-08   4.1584E-01   1.3682E-01   0.0000E+00   2.6643E-07   3.8300E-09  -1.9945E-08  -3.3228E-09   2.7975E-07
   14  9.73614933E+00  -3.3228E-09   5.8740E-17   3.5655E-04   9.7958E-08   3.9394E-01   1.1959E-01   0.0000E+00   3.8300E-09   1.9945E-09  -3.3228E-09   2.7975E-07   5.4270E-07
   12  9.73614933E+00  -3.8300E-08   5.8593E-18   1.3363E-04   3.0481E-08   4.5143E-01   1.5902E-01   0.0000E+00   1.3505E-06   2.6643E-07  -3.8300E-08  -1.9945E-08  -3.3228E-09
   13  9.73614933E+00  -1.9945E-08   1.8570E-17   2.1818E-04   5.4601E-08   4.1584E-01   1.3682E-01   0.0000E+00   2.6643E-07   3.8300E-09  -1.9945E-08  -3.3228E-09   2.7975E-07
   14  9.73614933E+00  -3.3228E-09   5.8740E-17   3.5655E-04   9.7958E-08   3.9394E-01   1.1959E-01   0.0000E+00   3.8300E-09   1.9945E-09  -3.3228E-09   2.7975E-07   5.4270E-07
   12  9.73549980E+00  -3.6521E-08   5.8606E-18   1.3363E-04   3.0481E-08   4.5142E-01   1.5906E-01   0.0000E+00   1.2654E-06   2.0104E-07  -3.6521E-08  -1.9734E-08  -1.2609E-09
   13  9.73549980E+00  -1.9734E-08   1.8574E-17   2.1818E-04   5.4601E-08   4.1685E-01   1.3747E-01   0.0000E+00   2.0104E-07   3.6521E-09  -1.9734E-08  -1.2609E-09   3.0807E-07
   14  9.73549980E+00  -1.2609E-09   5.8754E-17   3.5655E-04   9.7958E-08   3.9678E-01   1.2132E-01   0.0000E+00   3.6521E-09   1.9734E-09  -1.2609E-09   3.0807E-07   5.6701E-07
   12  9.73549980E+00  -3.6521E-08   5.8606E-18   1.3363E-04   3.0481E-08   4.5142E-01   1.5906E-01   0.0000E+00   1.2654E-06   2.0104E-07  -3.6521E-08  -1.9734E-08  -1.2609E-09
   13  9.73549980E+00  -1.9734E-08   1.8574E-17   2.1818E-04   5.4601E-08   4.1685E-01   1.3747E-01   0.0000E+00   2.0104E-07   3.6521E-09  -1.9734E-08  -1.2609E-09   3.0807E-07
   14  9.73549980E+00  -1.2609E-09   5.8754E-17   3.5655E-04   9.7958E-08   3.9678E-01   1.2132E-01   0.0000E+00   3.6521E-09   1.9734E-09  -1.2609E-09   3.0807E-07   5.6701E-07
   12  9.73485032E+00  -3.4724E-08   5.8620E-18   1.3363E-04   3.0481E-08   4.5148E-01   1.5917E-01   0.0000E+00   1.1863E-06   1.4376E-07  -3.4724E-08  -1.9534E-08   9.4751E-10
   13  9.73485032E+00  -1.9534E-08   1.8579E-17   2.1818E-04   5.4601E-08   4.1798E-01   1.3823E-01   0.0000E+00   1.4376E-07   3.4724E-09  -1.9534E-08   9.4751E-10   3.3614E-07
   12  9.73485032E+00  -3.4724E-08   5.8620E-18   1.3363E-04   3.0481E-08   4.5148E-01   1.5917E-01   0.0000E+00   1.1863E-06   1.4376E-07  -3.4724E-08  -1.9534E-08   9.4751E-10
   13  9.73485032E+00  -1.9534E-08   1.8579E-17   2.1818E-04   5.4601E-08   4.1798E-01   1.3823E-01   0.0000E+00   1.4376E-07   3.4724E-09  -1.9534E-08   9.4751E-10   3.3614E-07
   12  9.73420088E+00  -3.3319E-08   5.8640E-18   1.3363E-04   3.0481E-08   4.5163E-01   1.5934E-01   0.0000E+00   1.1130E-06   9.4328E-08  -3.3319E-08  -1.9303E-08   4.2970E-09
   13  9.73420088E+00  -1.9303E-08   1.8585E-17   2.1818E-04   5.4601E-08   4.1923E-01   1.3908E-01   0.0000E+00   9.4328E-08   3.3319E-09  -1.9303E-08   4.2970E-09   3.6376E-07
   12  9.73420088E+00  -3.3319E-08   5.8640E-18   1.3363E-04   3.0481E-08   4.5163E-01   1.5934E-01   0.0000E+00   1.1130E-06   9.4328E-08  -3.3319E-08  -1.9303E-08   4.2970E-09
   13  9.73420088E+00  -1.9303E-08   1.8585E-17   2.1818E-04   5.4601E-08   4.1923E-01   1.3908E-01   0.0000E+00   9.4328E-08   3.3319E-09  -1.9303E-08   4.2970E-09   3.6376E-07
   12  9.73355149E+00  -3.2217E-08   5.8677E-18   1.3364E-04   3.0481E-08   4.5186E-01   1.5957E-01   0.0000E+00   1.0453E-06   5.2408E-08  -3.2217E-08  -1.9000E-08   1.0213E-08
   13  9.73355149E+00  -1.9000E-08   1.8597E-17   2.1819E-04   5.4601E-08   4.2059E-01   1.4002E-01   0.0000E+00   5.2408E-08   3.2217E-09  -1.9000E-08   1.0213E-08   3.9077E-07
   12  9.73355149E+00  -3.2217E-08   5.8677E-18   1.3364E-04   3.0481E-08   4.5186E-01   1.5957E-01   0.0000E+00   1.0453E-06   5.2408E-08  -3.2217E-08  -1.9000E-08   1.0213E-08
   13  9.73355149E+00  -1.9000E-08   1.8597E-17   2.1819E-04   5.4601E-08   4.2059E-01   1.4002E-01   0.0000E+00   5.2408E-08   3.2217E-09  -1.9000E-08   1.0213E-08   3.9077E-07
   12  9.73290213E+00  -3.1396E-08   5.8692E-18   1.3364E-04   3.0481E-08   4.5218E-01   1.5987E-01   0.0000E+00   9.8315E-07   1.7654E-08  -3.1396E-08  -1.8630E-08   1.8682E-08
   13  9.73290213E+00  -1.8630E-08   1.8602E-17   2.1819E-04   5.4601E-08   4.2206E-01   1.4105E-01   0.0000E+00   1.7654E-08   3.1396E-09  -1.8630E-08   1.8682E-08   4.1694E-07
   12  9.73290213E+00  -3.1396E-08   5.8692E-18   1.3364E-04   3.0481E-08   4.5218E-01   1.5987E-01   0.0000E+00   9.8315E-07   1.7654E-08  -3.1396E-08  -1.8630E-08   1.8682E-08
   13  9.73290213E+00  -1.8630E-08   1.8602E-17   2.1819E-04   5.4601E-08   4.2206E-01   1.4105E-01   0.0000E+00   1.7654E-08   3.1396E-09  -1.8630E-08   1.8682E-08   4.1694E-07
   11  9.73225282E+00  -1.0308E-08   1.8423E-18   8.1397E-05   1.7000E-08   4.9053E-01   1.8222E-01   0.0000E+00   2.2745E-06   9.2631E-07  -1.0308E-08  -3.0816E-08  -1.8178E-08
   12  9.73225282E+00  -3.0816E-08   5.8687E-18   1.3363E-04   3.0481E-08   4.5256E-01   1.6022E-01   0.0000E+00   9.2631E-07   1.0308E-09  -3.0816E-08  -1.8178E-08   2.9667E-08
   13  9.73225282E+00  -1.8178E-08   1.8600E-17   2.1818E-04   5.4601E-08   4.2364E-01   1.4216E-01   0.0000E+00   1.0308E-09   3.0816E-09  -1.8178E-08   2.9667E-08   4.4210E-07
   11  9.73225282E+00  -1.0308E-08   1.8423E-18   8.1397E-05   1.7000E-08   4.9053E-01   1.8222E-01   0.0000E+00   2.2745E-06   9.2631E-07  -1.0308E-08  -3.0816E-08  -1.8178E-08
   12  9.73225282E+00  -3.0816E-08   5.8687E-18   1.3363E-04   3.0481E-08   4.5256E-01   1.6022E-01   0.0000E+00   9.2631E-07   1.0308E-09  -3.0816E-08  -1.8178E-08   2.9667E-08
   13  9.73225282E+00  -1.8178E-08   1.8600E-17   2.1818E-04   5.4601E-08   4.2364E-01   1.4216E-01   0.0000E+00   1.0308E-09   3.0816E-09  -1.8178E-08   2.9667E-08   4.4210E-07
   11  9.73160356E+00  -2.0997E-08   1.8440E-18   8.1396E-05   1.7000E-08   4.9029E-01   1.8218E-01   0.0000E+00   2.1907E-06   8.7510E-07  -2.0997E-08  -3.0547E-08  -1.7598E-08
   12  9.73160356E+00  -3.0547E-08   5.8747E-18   1.3363E-04   3.0481E-08   4.5303E-01   1.6063E-01   0.0000E+00   8.7510E-07   2.0997E-09  -3.0547E-08  -1.7598E-08   4.3143E-08
   13  9.73160356E+00  -1.7598E-08   1.8621E-17   2.1818E-04   5.4601E-08   4.2531E-01   1.4333E-01   0.0000E+00   2.0997E-09   3.0547E-09  -1.7598E-08   4.3143E-08   4.6616E-07
   11  9.73160356E+00  -2.0997E-08   1.8440E-18   8.1396E-05   1.7000E-08   4.9029E-01   1.8218E-01   0.0000E+00   2.1907E-06   8.7510E-07  -2.0997E-08  -3.0547E-08  -1.7598E-08
   12  9.73160356E+00  -3.0547E-08   5.8747E-18   1.3363E-04   3.0481E-08   4.5303E-01   1.6063E-01   0.0000E+00   8.7510E-07   2.0997E-09  -3.0547E-08  -1.7598E-08   4.3143E-08
   13  9.73160356E+00  -1.7598E-08   1.8621E-17   2.1818E-04   5.4601E-08   4.2531E-01   1.4333E-01   0.0000E+00   2.0997E-09   3.0547E-09  -1.7598E-08   4.3143E-08   4.6616E-07
   11  9.73095434E+00  -1.4997E-08   1.8449E-18   8.1396E-05   1.7000E-08   4.9010E-01   1.8218E-01   0.0000E+00   2.1112E-06   8.2983E-07  -1.4997E-08  -3.0520E-08  -1.6919E-08
   12  9.73095434E+00  -3.0520E-08   5.8778E-18   1.3363E-04   3.0481E-08   4.5356E-01   1.6109E-01   0.0000E+00   8.2983E-07   1.4997E-09  -3.0520E-08  -1.6919E-08   5.8988E-08
   13  9.73095434E+00  -1.6919E-08   1.8632E-17   2.1818E-04   5.4601E-08   4.2708E-01   1.4456E-01   0.0000E+00   1.4997E-09   3.0520E-09  -1.6919E-08   5.8988E-08   4.8897E-07
   11  9.73095434E+00  -1.4997E-08   1.8449E-18   8.1396E-05   1.7000E-08   4.9010E-01   1.8218E-01   0.0000E+00   2.1112E-06   8.2983E-07  -1.4997E-08  -3.0520E-08  -1.6919E-08
   12  9.73095434E+00  -3.0520E-08   5.8778E-18   1.3363E-04   3.0481E-08   4.5356E-01   1.6109E-01   0.0000E+00   8.2983E-07   1.4997E-09  -3.0520E-08  -1.6919E-08   5.8988E-08
   13  9.73095434E+00  -1.6919E-08   1.8632E-17   2.1818E-04   5.4601E-08   4.2708E-01   1.4456E-01   0.0000E+00   1.4997E-09   3.0520E-09  -1.6919E-08   5.8988E-08   4.8897E-07
   11  9.73030516E+00  -1.1003E-08   1.8436E-18   8.1396E-05   1.7000E-08   4.8996E-01   1.8221E-01   0.0000E+00   2.0360E-06   7.9013E-07  -1.1003E-08  -3.0459E-08  -1.6148E-08
   12  9.73030516E+00  -3.0459E-08   5.8732E-18   1.3363E-04   3.0481E-08   4.5417E-01   1.6160E-01   0.0000E+00   7.9013E-07   1.1003E-09  -3.0459E-08  -1.6148E-08   7.7017E-08
   13  9.73030516E+00  -1.6148E-08   1.8615E-17   2.1818E-04   5.4601E-08   4.2893E-01   1.4586E-01   0.0000E+00   1.1003E-09   3.0459E-09  -1.6148E-08   7.7017E-08   5.1037E-07
   11  9.73030516E+00  -1.1003E-08   1.8436E-18   8.1396E-05   1.7000E-08   4.8996E-01   1.8221E-01   0.0000E+00   2.0360E-06   7.9013E-07  -1.1003E-08  -3.0459E-08  -1.6148E-08
   12  9.73030516E+00  -3.0459E-08   5.8732E-18   1.3363E-04   3.0481E-08   4.5417E-01   1.6160E-01   0.0000E+00   7.9013E-07   1.1003E-09  -3.0459E-08  -1.6148E-08   7.7017E-08
   13  9.73030516E+00  -1.6148E-08   1.8615E-17   2.1818E-04   5.4601E-08   4.2893E-01   1.4586E-01   0.0000E+00   1.1003E-09   3.0459E-09  -1.6148E-08   7.7017E-08   5.1037E-07
   11  9.72965602E+00  -7.1429E-09   1.8437E-18   8.1396E-05   1.7000E-08   4.8987E-01   1.8228E-01   0.0000E+00   1.9651E-06   7.5572E-07  -7.1429E-09  -3.0386E-08  -1.5227E-08
   12  9.72965602E+00  -3.0386E-08   5.8732E-18   1.3363E-04   3.0481E-08   4.5484E-01   1.6215E-01   0.0000E+00   7.5572E-07   7.1429E-10  -3.0386E-08  -1.5227E-08   9.7087E-08
   13  9.72965602E+00  -1.5227E-08   1.8614E-17   2.1818E-04   5.4601E-08   4.3086E-01   1.4720E-01   0.0000E+00   7.1429E-10   3.0386E-09  -1.5227E-08   9.7087E-08   5.3035E-07
   11  9.72965602E+00  -7.1429E-09   1.8437E-18   8.1396E-05   1.7000E-08   4.8987E-01   1.8228E-01   0.0000E+00   1.9651E-06   7.5572E-07  -7.1429E-09  -3.0386E-08  -1.5227E-08
   12  9.72965602E+00  -3.0386E-08   5.8732E-18   1.3363E-04   3.0481E-08   4.5484E-01   1.6215E-01   0.0000E+00   7.5572E-07   7.1429E-10  -3.0386E-08  -1.5227E-08   9.7087E-08
   13  9.72965602E+00  -1.5227E-08   1.8614E-17   2.1818E-04   5.4601E-08   4.3086E-01   1.4720E-01   0.0000E+00   7.1429E-10   3.0386E-09  -1.5227E-08   9.7087E-08   5.3035E-07
   11  9.72900693E+00  -3.5681E-09   1.8441E-18   8.1396E-05   1.7000E-08   4.8982E-01   1.8238E-01   0.0000E+00   1.8983E-06   7.2624E-07  -3.5681E-09  -3.0306E-08  -1.4163E-08
   12  9.72900693E+00  -3.0306E-08   5.8746E-18   1.3363E-04   3.0481E-08   4.5557E-01   1.6275E-01   0.0000E+00   7.2624E-07   3.5681E-10  -3.0306E-08  -1.4163E-08   1.1901E-07
   13  9.72900693E+00  -1.4163E-08   1.8619E-17   2.1818E-04   5.4601E-08   4.3286E-01   1.4857E-01   0.0000E+00   3.5681E-10   3.0306E-09  -1.4163E-08   1.1901E-07   5.4887E-07
   11  9.72900693E+00  -3.5681E-09   1.8441E-18   8.1396E-05   1.7000E-08   4.8982E-01   1.8238E-01   0.0000E+00   1.8983E-06   7.2624E-07  -3.5681E-09  -3.0306E-08  -1.4163E-08
   12  9.72900693E+00  -3.0306E-08   5.8746E-18   1.3363E-04   3.0481E-08   4.5557E-01   1.6275E-01   0.0000E+00   7.2624E-07   3.5681E-10  -3.0306E-08  -1.4163E-08   1.1901E-07
   13  9.72900693E+00  -1.4163E-08   1.8619E-17   2.1818E-04   5.4601E-08   4.3286E-01   1.4857E-01   0.0000E+00   3.5681E-10   3.0306E-09  -1.4163E-08   1.1901E-07   5.4887E-07
   11  9.72835788E+00  -4.7186E-10   1.8079E-18   8.1925E-05   1.7000E-08   4.8979E-01   1.8250E-01   0.0000E+00   1.8353E-06   7.0107E-07  -4.7186E-10  -3.0529E-08  -1.3378E-08
   12  9.72835788E+00  -3.0529E-08   5.7585E-18   1.3451E-04   3.0481E-08   4.5633E-01   1.6340E-01   0.0000E+00   7.0107E-07   4.7186E-11  -3.0529E-08  -1.3378E-08   1.4191E-07
   13  9.72835788E+00  -1.3378E-08   1.8248E-17   2.1962E-04   5.4601E-08   4.3488E-01   1.4999E-01   0.0000E+00   4.7186E-11   3.0529E-09  -1.3378E-08   1.4191E-07   5.6486E-07
   11  9.72835788E+00  -4.7186E-10   1.8079E-18   8.1925E-05   1.7000E-08   4.8979E-01   1.8250E-01   0.0000E+00   1.8353E-06   7.0107E-07  -4.7186E-10  -3.0529E-08  -1.3378E-08
   12  9.72835788E+00  -3.0529E-08   5.7585E-18   1.3451E-04   3.0481E-08   4.5633E-01   1.6340E-01   0.0000E+00   7.0107E-07   4.7186E-11  -3.0529E-08  -1.3378E-08   1.4191E-07
   13  9.72835788E+00  -1.3378E-08   1.8248E-17   2.1962E-04   5.4601E-08   4.3488E-01   1.4999E-01   0.0000E+00   4.7186E-11   3.0529E-09  -1.3378E-08   1.4191E-07   5.6486E-07
   12  9.72770887E+00  -3.0387E-08   5.7672E-18   1.3452E-04   3.0481E-08   4.5714E-01   1.6407E-01   0.0000E+00   6.8017E-07   2.6929E-09  -3.0387E-08  -1.1960E-08   1.6624E-07
   13  9.72770887E+00  -1.1960E-08   1.8281E-17   2.1964E-04   5.4601E-08   4.3694E-01   1.5141E-01   0.0000E+00   2.6929E-09   3.0387E-09  -1.1960E-08   1.6624E-07   5.7949E-07
   12  9.72770887E+00  -3.0387E-08   5.7672E-18   1.3452E-04   3.0481E-08   4.5714E-01   1.6407E-01   0.0000E+00   6.8017E-07   2.6929E-09  -3.0387E-08  -1.1960E-08   1.6624E-07
   13  9.72770887E+00  -1.1960E-08   1.8281E-17   2.1964E-04   5.4601E-08   4.3694E-01   1.5141E-01   0.0000E+00   2.6929E-09   3.0387E-09  -1.1960E-08   1.6624E-07   5.7949E-07
   12  9.72705991E+00  -3.0241E-08   5.8008E-18   1.3454E-04   3.0481E-08   4.5801E-01   1.6476E-01   0.0000E+00   6.6328E-07   8.5209E-09  -3.0241E-08  -1.0315E-08   1.9194E-07
   13  9.72705991E+00  -1.0315E-08   1.8419E-17   2.1969E-04   5.4601E-08   4.3905E-01   1.5285E-01   0.0000E+00   8.5209E-09   3.0241E-09  -1.0315E-08   1.9194E-07   5.9310E-07
   12  9.72705991E+00  -3.0241E-08   5.8008E-18   1.3454E-04   3.0481E-08   4.5801E-01   1.6476E-01   0.0000E+00   6.6328E-07   8.5209E-09  -3.0241E-08  -1.0315E-08   1.9194E-07
   13  9.72705991E+00  -1.0315E-08   1.8419E-17   2.1969E-04   5.4601E-08   4.3905E-01   1.5285E-01   0.0000E+00   8.5209E-09   3.0241E-09  -1.0315E-08   1.9194E-07   5.9310E-07
   12  9.72641099E+00  -3.0217E-08   5.7968E-18   1.3454E-04   3.0481E-08   4.5891E-01   1.6548E-01   0.0000E+00   6.5012E-07   1.7134E-08  -3.0217E-08  -8.6969E-09   2.1841E-07
   13  9.72641099E+00  -8.6969E-09   1.8403E-17   2.1968E-04   5.4601E-08   4.4119E-01   1.5427E-01   0.0000E+00   1.7134E-08   3.0217E-09  -8.6969E-09   2.1841E-07   6.0525E-07
   12  9.72641099E+00  -3.0217E-08   5.7968E-18   1.3454E-04   3.0481E-08   4.5891E-01   1.6548E-01   0.0000E+00   6.5012E-07   1.7134E-08  -3.0217E-08  -8.6969E-09   2.1841E-07
   13  9.72641099E+00  -8.6969E-09   1.8403E-17   2.1968E-04   5.4601E-08   4.4119E-01   1.5427E-01   0.0000E+00   1.7134E-08   3.0217E-09  -8.6969E-09   2.1841E-07   6.0525E-07
   12  9.72576211E+00  -3.0251E-08   5.7668E-18   1.3451E-04   3.0481E-08   4.5985E-01   1.6622E-01   0.0000E+00   6.4044E-07   2.8167E-08  -3.0251E-08  -7.0352E-09   2.4514E-07
   13  9.72576211E+00  -7.0352E-09   1.8279E-17   2.1962E-04   5.4601E-08   4.4335E-01   1.5570E-01   0.0000E+00   2.8167E-08   3.0251E-09  -7.0352E-09   2.4514E-07   6.1564E-07
   12  9.72576211E+00  -3.0251E-08   5.7668E-18   1.3451E-04   3.0481E-08   4.5985E-01   1.6622E-01   0.0000E+00   6.4044E-07   2.8167E-08  -3.0251E-08  -7.0352E-09   2.4514E-07
   13  9.72576211E+00  -7.0352E-09   1.8279E-17   2.1962E-04   5.4601E-08   4.4335E-01   1.5570E-01   0.0000E+00   2.8167E-08   3.0251E-09  -7.0352E-09   2.4514E-07   6.1564E-07
   12  9.72511328E+00  -3.0178E-08   5.7672E-18   1.3451E-04   3.0481E-08   4.6082E-01   1.6698E-01   0.0000E+00   6.3403E-07   4.1352E-08  -3.0178E-08  -5.0765E-09   2.7208E-07
   13  9.72511328E+00  -5.0765E-09   1.8279E-17   2.1962E-04   5.4601E-08   4.4552E-01   1.5712E-01   0.0000E+00   4.1352E-08   3.0178E-09  -5.0765E-09   2.7208E-07   6.2478E-07
   12  9.72511328E+00  -3.0178E-08   5.7672E-18   1.3451E-04   3.0481E-08   4.6082E-01   1.6698E-01   0.0000E+00   6.3403E-07   4.1352E-08  -3.0178E-08  -5.0765E-09   2.7208E-07
   13  9.72511328E+00  -5.0765E-09   1.8279E-17   2.1962E-04   5.4601E-08   4.4552E-01   1.5712E-01   0.0000E+00   4.1352E-08   3.0178E-09  -5.0765E-09   2.7208E-07   6.2478E-07
   12  9.72446449E+00  -3.0055E-08   5.7787E-18   1.3452E-04   3.0481E-08   4.6182E-01   1.6774E-01   0.0000E+00   6.3064E-07   5.6399E-08  -3.0055E-08  -2.9369E-09   2.9900E-07
   13  9.72446449E+00  -2.9369E-09   1.8324E-17   2.1964E-04   5.4601E-08   4.4769E-01   1.5850E-01   0.0000E+00   5.6399E-08   3.0055E-09  -2.9369E-09   2.9900E-07   6.3293E-07
   12  9.72446449E+00  -3.0055E-08   5.7787E-18   1.3452E-04   3.0481E-08   4.6182E-01   1.6774E-01   0.0000E+00   6.3064E-07   5.6399E-08  -3.0055E-08  -2.9369E-09   2.9900E-07
   13  9.72446449E+00  -2.9369E-09   1.8324E-17   2.1964E-04   5.4601E-08   4.4769E-01   1.5850E-01   0.0000E+00   5.6399E-08   3.0055E-09  -2.9369E-09   2.9900E-07   6.3293E-07
   12  9.72381574E+00  -2.9940E-08   5.7736E-18   1.3451E-04   3.0481E-08   4.6284E-01   1.6851E-01   0.0000E+00   6.3003E-07   7.2989E-08  -2.9940E-08  -7.4130E-10   3.2551E-07
   13  9.72381574E+00  -7.4130E-10   1.8302E-17   2.1963E-04   5.4601E-08   4.4986E-01   1.5986E-01   0.0000E+00   7.2989E-08   2.9940E-09  -7.4130E-10   3.2551E-07   6.3990E-07
   12  9.72381574E+00  -2.9940E-08   5.7736E-18   1.3451E-04   3.0481E-08   4.6284E-01   1.6851E-01   0.0000E+00   6.3003E-07   7.2989E-08  -2.9940E-08  -7.4130E-10   3.2551E-07
   13  9.72381574E+00  -7.4130E-10   1.8302E-17   2.1963E-04   5.4601E-08   4.4986E-01   1.5986E-01   0.0000E+00   7.2989E-08   2.9940E-09  -7.4130E-10   3.2551E-07   6.3990E-07
   12  9.72316704E+00  -2.9772E-08   5.7677E-18   1.3451E-04   3.0481E-08   4.6388E-01   1.6929E-01   0.0000E+00   6.3197E-07   9.0840E-08  -2.9772E-08   1.5854E-09   3.5129E-07
   12  9.72316704E+00  -2.9772E-08   5.7677E-18   1.3451E-04   3.0481E-08   4.6388E-01   1.6929E-01   0.0000E+00   6.3197E-07   9.0840E-08  -2.9772E-08   1.5854E-09   3.5129E-07
   12  9.72251838E+00  -2.9475E-08   5.7688E-18   1.3451E-04   3.0481E-08   4.6493E-01   1.7006E-01   0.0000E+00   6.3624E-07   1.0970E-07  -2.9475E-08   5.7269E-09   3.7612E-07
   12  9.72251838E+00  -2.9475E-08   5.7688E-18   1.3451E-04   3.0481E-08   4.6493E-01   1.7006E-01   0.0000E+00   6.3624E-07   1.0970E-07  -2.9475E-08   5.7269E-09   3.7612E-07
   12  9.72186976E+00  -2.9027E-08   5.7722E-18   1.3454E-04   3.0481E-08   4.6599E-01   1.7083E-01   0.0000E+00   6.4262E-07   1.2932E-07  -2.9027E-08   1.2488E-08   3.9972E-07
   12  9.72186976E+00  -2.9027E-08   5.7722E-18   1.3454E-04   3.0481E-08   4.6599E-01   1.7083E-01   0.0000E+00   6.4262E-07   1.2932E-07  -2.9027E-08   1.2488E-08   3.9972E-07
   12  9.72122119E+00  -2.8400E-08   5.7801E-18   1.3463E-04   3.0481E-08   4.6705E-01   1.7159E-01   0.0000E+00   6.5089E-07   1.4948E-07  -2.8400E-08   2.1828E-08   4.2189E-07
   12  9.72122119E+00  -2.8400E-08   5.7801E-18   1.3463E-04   3.0481E-08   4.6705E-01   1.7159E-01   0.0000E+00   6.5089E-07   1.4948E-07  -2.8400E-08   2.1828E-08   4.2189E-07
   12  9.72057266E+00  -2.7580E-08   5.7927E-18   1.3465E-04   3.0481E-08   4.6811E-01   1.7235E-01   0.0000E+00   6.6084E-07   1.6997E-07  -2.7580E-08   3.3671E-08   4.4249E-07
   12  9.72057266E+00  -2.7580E-08   5.7927E-18   1.3465E-04   3.0481E-08   4.6811E-01   1.7235E-01   0.0000E+00   6.6084E-07   1.6997E-07  -2.7580E-08   3.3671E-08   4.4249E-07
   12  9.71992417E+00  -2.6593E-08   5.7956E-18   1.3457E-04   3.0481E-08   4.6918E-01   1.7309E-01   0.0000E+00   6.7225E-07   1.9058E-07  -2.6593E-08   4.7828E-08   4.6132E-07
   12  9.71992417E+00  -2.6593E-08   5.7956E-18   1.3457E-04   3.0481E-08   4.6918E-01   1.7309E-01   0.0000E+00   6.7225E-07   1.9058E-07  -2.6593E-08   4.7828E-08   4.6132E-07
   12  9.71927573E+00  -2.5446E-08   5.7803E-18   1.3457E-04   3.0481E-08   4.7025E-01   1.7382E-01   0.0000E+00   6.8491E-07   2.1109E-07  -2.5446E-08   6.4030E-08   4.7809E-07
   12  9.71927573E+00  -2.5446E-08   5.7803E-18   1.3457E-04   3.0481E-08   4.7025E-01   1.7382E-01   0.0000E+00   6.8491E-07   2.1109E-07  -2.5446E-08   6.4030E-08   4.7809E-07
   12  9.71862733E+00  -2.4020E-08   5.7867E-18   1.3466E-04   3.0481E-08   4.7131E-01   1.7455E-01   0.0000E+00   6.9861E-07   2.3137E-07  -2.4020E-08   8.2172E-08   4.9291E-07
   12  9.71862733E+00  -2.4020E-08   5.7867E-18   1.3466E-04   3.0481E-08   4.7131E-01   1.7455E-01   0.0000E+00   6.9861E-07   2.3137E-07  -2.4020E-08   8.2172E-08   4.9291E-07
   12  9.71797897E+00  -2.2342E-08   5.8054E-18   1.3482E-04   3.0481E-08   4.7237E-01   1.7526E-01   0.0000E+00   7.1317E-07   2.5130E-07  -2.2342E-08   1.0207E-07   5.0584E-07
   12  9.71797897E+00  -2.2342E-08   5.8054E-18   1.3482E-04   3.0481E-08   4.7237E-01   1.7526E-01   0.0000E+00   7.1317E-07   2.5130E-07  -2.2342E-08   1.0207E-07   5.0584E-07
   12  9.71733066E+00  -2.0513E-08   5.7996E-18   1.3487E-04   3.0481E-08   4.7342E-01   1.7596E-01   0.0000E+00   7.2838E-07   2.7070E-07  -2.0513E-08   1.2335E-07   5.1672E-07
   12  9.71733066E+00  -2.0513E-08   5.7996E-18   1.3487E-04   3.0481E-08   4.7342E-01   1.7596E-01   0.0000E+00   7.2838E-07   2.7070E-07  -2.0513E-08   1.2335E-07   5.1672E-07
   12  9.71668239E+00  -1.8397E-08   5.8127E-18   1.3520E-04   3.0481E-08   4.7445E-01   1.7666E-01   0.0000E+00   7.4404E-07   2.8948E-07  -1.8397E-08   1.4578E-07   5.2569E-07
   12  9.71668239E+00  -1.8397E-08   5.8127E-18   1.3520E-04   3.0481E-08   4.7445E-01   1.7666E-01   0.0000E+00   7.4404E-07   2.8948E-07  -1.8397E-08   1.4578E-07   5.2569E-07
   12  9.71603416E+00  -1.6134E-08   5.8040E-18   1.3477E-04   3.0481E-08   4.7550E-01   1.7735E-01   0.0000E+00   7.6001E-07   3.0755E-07  -1.6134E-08   1.6903E-07   5.3286E-07
   12  9.71603416E+00  -1.6134E-08   5.8040E-18   1.3477E-04   3.0481E-08   4.7550E-01   1.7735E-01   0.0000E+00   7.6001E-07   3.0755E-07  -1.6134E-08   1.6903E-07   5.3286E-07
   12  9.71538598E+00  -1.3639E-08   5.7978E-18   1.3453E-04   3.0481E-08   4.7656E-01   1.7804E-01   0.0000E+00   7.7609E-07   3.2481E-07  -1.3639E-08   1.9280E-07   5.3835E-07
   12  9.71538598E+00  -1.3639E-08   5.7978E-18   1.3453E-04   3.0481E-08   4.7656E-01   1.7804E-01   0.0000E+00   7.7609E-07   3.2481E-07  -1.3639E-08   1.9280E-07   5.3835E-07
   12  9.71473784E+00  -1.0951E-08   5.7854E-18   1.3451E-04   3.0481E-08   4.7762E-01   1.7872E-01   0.0000E+00   7.9210E-07   3.4120E-07  -1.0951E-08   2.1675E-07   5.4220E-07
   12  9.71473784E+00  -1.0951E-08   5.7854E-18   1.3451E-04   3.0481E-08   4.7762E-01   1.7872E-01   0.0000E+00   7.9210E-07   3.4120E-07  -1.0951E-08   2.1675E-07   5.4220E-07
   12  9.71408974E+00  -8.0106E-09   5.7911E-18   1.3458E-04   3.0481E-08   4.7868E-01   1.7940E-01   0.0000E+00   8.0786E-07   3.5667E-07  -8.0106E-09   2.4065E-07   5.4471E-07
   12  9.71408974E+00  -8.0106E-09   5.7911E-18   1.3458E-04   3.0481E-08   4.7868E-01   1.7940E-01   0.0000E+00   8.0786E-07   3.5667E-07  -8.0106E-09   2.4065E-07   5.4471E-07
   12  9.71344168E+00  -4.8167E-09   5.8213E-18   1.3480E-04   3.0481E-08   4.7973E-01   1.8005E-01   0.0000E+00   8.2323E-07   3.7123E-07  -4.8167E-09   2.6429E-07   5.4619E-07
   12  9.71344168E+00  -4.8167E-09   5.8213E-18   1.3480E-04   3.0481E-08   4.7973E-01   1.8005E-01   0.0000E+00   8.2323E-07   3.7123E-07  -4.8167E-09   2.6429E-07   5.4619E-07
   12  9.71279367E+00  -1.5694E-09   5.8097E-18   1.3475E-04   3.0481E-08   4.8079E-01   1.8070E-01   0.0000E+00   8.3804E-07   3.8478E-07  -1.5694E-09   2.8723E-07   5.4661E-07
   12  9.71279367E+00  -1.5694E-09   5.8097E-18   1.3475E-04   3.0481E-08   4.8079E-01   1.8070E-01   0.0000E+00   8.3804E-07   3.8478E-07  -1.5694E-09   2.8723E-07   5.4661E-07


 Iteration No 75

 Error in MOM_J_CMF for the following frequencies:
 Number of frequencies for which error occurs:    92
   1.045160E+01  1.045090E+01  1.045020E+01  1.044951E+01  1.044881E+01
   1.044811E+01  1.044742E+01  1.044672E+01  1.044602E+01  1.044533E+01
   1.044463E+01  1.044393E+01  1.044324E+01  1.044254E+01  1.044184E+01
   1.044115E+01  1.044045E+01  1.043975E+01  1.043906E+01  1.043836E+01
   1.043766E+01  1.043697E+01  1.043627E+01  1.043557E+01  1.043488E+01
   1.043418E+01  1.043349E+01  1.043279E+01  1.043209E+01  1.043140E+01
   1.043070E+01  1.043001E+01  1.042931E+01  1.042861E+01  1.042792E+01
   1.042722E+01  1.042653E+01  1.042583E+01  1.042514E+01  1.042444E+01
   9.745897E+00  9.745247E+00  9.744597E+00  9.743947E+00  9.743297E+00
   9.742647E+00  9.741997E+00  9.741347E+00  9.740697E+00  9.740047E+00
   9.739398E+00  9.738748E+00  9.738098E+00  9.737449E+00  9.736799E+00
   9.736149E+00  9.735500E+00  9.734850E+00  9.734201E+00  9.733551E+00
   9.732902E+00  9.732253E+00  9.731604E+00  9.730954E+00  9.730305E+00
   9.729656E+00  9.729007E+00  9.728358E+00  9.727709E+00  9.727060E+00
   9.726411E+00  9.725762E+00  9.725113E+00  9.724464E+00  9.723816E+00
   9.723167E+00  9.722518E+00  9.721870E+00  9.721221E+00  9.720573E+00
   9.719924E+00  9.719276E+00  9.718627E+00  9.717979E+00  9.717331E+00
   9.716682E+00  9.716034E+00  9.715386E+00  9.714738E+00  9.714090E+00
   9.713442E+00  9.712794E+00
