       R              V     % Error        VdVdR      dPdR/ROH         g_TOT         g_RAD        g_ELEC       Gamma
 36840.275556   1.8502E+03   100.89    1.1365E+00   -7.0636E-03    3.6731E-01    3.8980E-01    1.1950E-02      17.33
 36411.291152   1.8499E+03   101.13    1.1659E+00   -7.1659E-03    3.7566E-01    3.9868E-01    1.2245E-02      17.32
 35567.705332   1.8494E+03   101.20    1.2231E+00   -7.5205E-03    3.9371E-01    4.1784E-01    1.2833E-02      17.32
 33941.472022   1.8482E+03   100.84    1.3380E+00   -8.2955E-03    4.3269E-01    4.5918E-01    1.4092E-02      17.33
 30913.572382   1.8459E+03   100.84    1.6188E+00   -1.0118E-02    5.2347E-01    5.5542E-01    1.6989E-02      17.39
 25634.754634   1.8404E+03   103.99    2.4854E+00   -1.4746E-02    7.7019E-01    8.1664E-01    2.4709E-02      17.58
 17853.211910   1.8263E+03   106.24    5.3407E+00   -1.7133E-02    1.6181E+00    1.7138E+00    5.0950E-02      17.90
 12469.608094   1.8064E+03   103.98    1.0737E+01   -2.5122E-02    3.3664E+00    3.5628E+00    1.0445E-01      18.15
  8733.552554   1.7784E+03   101.25    2.1330E+01   -3.6619E-02    6.9554E+00    7.3556E+00    2.1297E-01      18.38
  6145.556036   1.7393E+03    97.92    4.1518E+01   -5.3463E-02    1.4172E+01    1.4980E+01    4.3017E-01      18.53
  4354.634194   1.6856E+03    94.74    7.8538E+01   -7.8674E-02    2.7968E+01    2.9578E+01    8.5692E-01      18.37
  3109.181753   1.6132E+03    91.60    1.4351E+02   -1.1698E-01    5.3228E+01    5.6385E+01    1.6813E+00      17.86
  2239.357156   1.5171E+03    86.73    2.5096E+02   -1.7681E-01    9.8970E+01    1.0506E+02    3.2423E+00      17.26
  1631.174717   1.3931E+03    84.11    4.1659E+02   -2.6499E-01    1.6967E+02    1.8114E+02    6.1143E+00      15.79
  1205.877867   1.2376E+03    84.63    6.4093E+02   -3.8039E-01    2.5941E+02    2.8040E+02    1.1196E+01      13.36
   909.743561   1.0529E+03    88.09    8.7236E+02   -5.5223E-01    3.3830E+02    3.7518E+02    1.9683E+01      10.17
   704.451504   8.5368E+02    75.10    1.0453E+03   -8.0346E-01    4.7377E+02    5.3528E+02    3.2850E+01       8.70
   561.867888   6.5394E+02    63.75    1.0957E+03   -1.0399E+00    5.6503E+02    6.6172E+02    5.1663E+01       6.84
   462.780271   4.6899E+02    54.41    9.8556E+02   -9.7972E-01    5.6300E+02    7.0553E+02    7.6211E+01       4.95
   393.946925   3.1311E+02    48.15    7.4652E+02   -6.5165E-01    4.5616E+02    6.5285E+02    1.0541E+02       3.32
   350.423076   2.0605E+02    74.97    5.0761E+02   -3.9795E-01    2.3042E+02    4.7900E+02    1.3377E+02       1.93
   321.958239   1.3586E+02   155.36    3.2388E+02   -9.6405E-01    3.9721E+01    3.3420E+02    1.5915E+02       1.13
   302.064223   8.9578E+01   195.92    1.9593E+02   -2.5278E+00   -4.9367E+01    2.8518E+02    1.8110E+02       0.85
   287.440300   5.9088E+01   190.56    1.1312E+02   -4.9441E+00   -9.1374E+01    2.7808E+02    1.9946E+02       0.75
   276.050446   3.8795E+01   182.07    5.9685E+01   -7.8059E+00   -1.0670E+02    2.9387E+02    2.1516E+02       0.73
   265.467329   2.4905E+01   175.00    2.6376E+01   -9.1697E+00   -1.1117E+02    3.2197E+02    2.3164E+02       0.74
   255.796400   1.6903E+01   169.13    1.9088E+01   -1.2530E+01   -1.3075E+02    3.3576E+02    2.4910E+02       0.72
   251.554087   1.1550E+01   135.45    2.9146E+01   -3.7696E+01   -1.6676E+02    3.1562E+02    2.5744E+02       0.65
   251.309144   7.6827E+00   -43.92    1.4146E+02   -4.7033E+02   -1.5949E+02    3.2383E+02    2.5785E+02       0.67
   251.174951   5.0189E+00   -96.57    7.9328E+01   -6.3571E+02   -1.4238E+02    3.4146E+02    2.5805E+02       0.71
   251.021809   3.3052E+00  -118.16    3.0147E+01   -5.8392E+02   -1.2006E+02    3.6437E+02    2.5832E+02       0.75
   250.858456   2.1758E+00  -132.42    1.2333E+01   -5.5864E+02   -1.0124E+02    3.8382E+02    2.5863E+02       0.79
   250.688878   1.4338E+00  -142.91    5.1435E+00   -5.3584E+02   -8.4059E+01    4.0166E+02    2.5895E+02       0.83
   250.510993   9.4275E-01  -154.39    2.1253E+00   -5.0722E+02   -6.3159E+01    4.2325E+02    2.5932E+02       0.87
   250.324166   6.2089E-01  -173.28    8.6942E-01   -4.7688E+02   -3.3267E+01    4.5387E+02    2.5973E+02       0.93
   250.122868   4.0896E-01  -199.69    3.4869E-01   -4.4656E+02    5.8316E+00    4.9375E+02    2.6023E+02       1.01
   249.902298   2.6929E-01  -199.88    1.3738E-01   -4.1721E+02    5.1394E+01    5.4018E+02    2.6088E+02       1.11
   249.654198   1.7706E-01  -199.96    5.2408E-02   -3.7659E+02    9.8461E+01    5.8822E+02    2.6178E+02       1.20
   249.416954   1.2402E-01  -199.98    2.2631E-02   -3.5462E+02    1.3499E+02    6.2568E+02    2.6280E+02       1.28
   249.185934   9.1107E-02  -199.99    1.0811E-02   -3.3826E+02    1.6256E+02    6.5416E+02    2.6397E+02       1.33
   248.952322   6.9011E-02  -200.00    5.4726E-03   -3.2173E+02    1.8466E+02    6.7718E+02    2.6539E+02       1.37
   248.710216   5.3646E-02  -200.00    2.8600E-03   -3.0248E+02    2.0441E+02    6.9789E+02    2.6723E+02       1.41
   248.454480   4.2755E-02  -200.00    1.5230E-03   -2.7839E+02    2.2442E+02    7.1891E+02    2.6977E+02       1.45
   248.179408   3.5018E-02  -200.00    8.1154E-04   -2.4738E+02    2.4674E+02    7.4234E+02    2.7368E+02       1.50
   247.876314   2.9648E-02  -200.00    4.2456E-04   -2.1275E+02    2.7468E+02    7.7148E+02    2.8064E+02       1.55
   247.529959   2.6033E-02  -200.00    2.2617E-04   -1.8536E+02    3.1006E+02    8.0826E+02    2.9433E+02       1.62
   247.117375   2.3309E-02  -200.00    1.4577E-04   -1.7730E+02    3.3445E+02    8.3432E+02    3.1612E+02       1.67
   246.612546   2.0367E-02  -200.00    1.1929E-04   -1.9103E+02    3.2563E+02    8.2754E+02    3.3966E+02       1.65
   246.000949   1.6763E-02  -200.00    9.4045E-05   -2.1484E+02    3.0202E+02    8.0643E+02    3.5877E+02       1.60
   245.290077   1.3008E-02  -200.00    6.2647E-05   -2.4170E+02    2.7922E+02    7.8656E+02    3.7230E+02       1.55
   244.497947   9.6043E-03  -200.00    3.6747E-05   -2.7399E+02    2.5453E+02    7.6516E+02    3.8019E+02       1.50
   243.647357   6.7797E-03  -200.00    1.9420E-05   -3.0645E+02    2.2656E+02    7.4077E+02    3.8300E+02       1.44
   242.766929   4.6735E-03  -200.00    9.4170E-06   -3.3397E+02    2.0122E+02    7.1916E+02    3.8439E+02       1.39
   241.873487   3.2153E-03  -200.00    4.3860E-06   -3.5776E+02    1.8088E+02    7.0266E+02    3.8633E+02       1.35
   240.967611   2.2257E-03  -200.00    2.0379E-06   -3.8212E+02    1.6120E+02    6.8690E+02    3.8542E+02       1.31
   240.041546   1.5452E-03  -200.00    9.4940E-07   -3.9532E+02    1.4119E+02    6.7095E+02    3.7995E+02       1.27
   239.205637   1.1225E-03  -200.00    4.7697E-07   -3.7772E+02    1.2779E+02    6.6126E+02    3.7369E+02       1.24
   238.834322   9.7800E-04  -200.00    3.4995E-07   -4.0543E+02    1.2225E+02    6.5739E+02    3.7050E+02       1.23
   238.647572   9.1411E-04  -200.00    2.9960E-07   -4.1196E+02    1.3167E+02    6.6764E+02    3.7441E+02       1.25
   238.585141   8.9395E-04  -200.00    2.8440E-07   -4.1845E+02    1.3399E+02    6.7025E+02    3.7603E+02       1.25
  
 Momentum equation is: VdV/dr = - dPdR/ROH - g + g_RAD
         or          : VdV/dr = - dPdR/ROH + g_tot
  
 Error is 200.0D0*(VdVdR+dPdR_ON_ROH-g_TOT)/( ABS(VdVdR)+ ABS(dPdR_ON_ROH)+ ABS(g_TOT) )
  
 Gamma = g_rad/g [g=g_GRAV] 
  
 Surface gravity is:     5.3625E+02
 Stars mass is:    23.00 Msun
