
 24-FEB-2004                           !Format date

 1.4917764230E+02     1.7654E+05       39       70

 3.5082269414E+04   7.6478221E+00   1.5294168E+05   8.9743105E-01   1.8011533E-04   1.9286201E+03   5.0000000E-02     1 
    1.6426668E-02   1.6426668E-02   8.7808789E-06   8.7808789E-06   8.7808789E-06
    2.6909559E-04   2.6909559E-04   2.6156325E-03   2.3255100E-03   2.3255100E-03
    3.6767315E-03   2.6289969E-03   2.6289969E-03   2.1132534E-06   8.3729478E-03
    8.3729478E-03   4.3804071E-06   4.3804071E-06   9.7763684E-02   1.9261779E-02
    1.9261779E-02   4.9989613E-06   4.9989613E-06   4.9989613E-06   3.6830693E-01
    3.6830693E-01   7.7462500E-04   7.7462500E-04   1.3216931E-03   1.3216931E-03
    4.0488411E-01   2.2803275E-02   2.2803275E-02   1.1650492E-04   1.1650492E-04
    8.3064446E-01   8.3064446E-01   4.7791149E-03   4.7791149E-03

 3.4716047994E+04   7.8103044E+00   1.5620296E+05   8.9843697E-01   1.8002515E-04   1.9284179E+03   5.0000000E-02     2 
    1.6681184E-02   1.6681184E-02   9.0451460E-06   9.0451460E-06   9.0451460E-06
    2.7534030E-04   2.7534030E-04   2.6658419E-03   2.3642045E-03   2.3642045E-03
    3.7343936E-03   2.6632585E-03   2.6632585E-03   2.1838301E-06   8.4725289E-03
    8.4725289E-03   4.5137675E-06   4.5137675E-06   9.8549421E-02   1.9399162E-02
    1.9399162E-02   5.1431129E-06   5.1431129E-06   5.1431129E-06   3.7053979E-01
    3.7053979E-01   7.7999438E-04   7.7999438E-04   1.3295451E-03   1.3295451E-03
    4.0701555E-01   2.2913952E-02   2.2913952E-02   1.1828255E-04   1.1828255E-04
    8.3415337E-01   8.3415337E-01   4.7986783E-03   4.7986783E-03

 3.3994542045E+04   8.1459374E+00   1.6294100E+05   9.0049879E-01   1.7983981E-04   1.9280060E+03   5.0000000E-02     3 
    1.7228333E-02   1.7228333E-02   9.6101238E-06   9.6101238E-06   9.6101238E-06
    2.8855026E-04   2.8855026E-04   2.7714195E-03   2.4452585E-03   2.4452585E-03
    3.8550047E-03   2.7346496E-03   2.7346496E-03   2.3334276E-06   8.6796669E-03
    8.6796669E-03   4.7949625E-06   4.7949625E-06   1.0017438E-01   1.9682892E-02
    1.9682892E-02   5.4459988E-06   5.4459988E-06   5.4459988E-06   3.7514375E-01
    3.7514375E-01   7.9109560E-04   7.9109560E-04   1.3457353E-03   1.3457353E-03
    4.1140456E-01   2.3141804E-02   2.3141804E-02   1.2198482E-04   1.2198482E-04
    8.4137016E-01   8.4137016E-01   4.8389085E-03   4.8389085E-03

 3.2598439712E+04   8.8598323E+00   1.7728017E+05   9.0483870E-01   1.7945010E-04   1.9271596E+03   5.0000000E-02     4 
    1.8503117E-02   1.8503117E-02   1.0908548E-05   1.0908548E-05   1.0908548E-05
    3.1824494E-04   3.1824494E-04   3.0058146E-03   2.6237816E-03   2.6237816E-03
    4.1198356E-03   2.8902188E-03   2.8902188E-03   2.6697893E-06   9.1295871E-03
    9.1295871E-03   5.4201615E-06   5.4201615E-06   1.0366067E-01   2.0289958E-02
    2.0289958E-02   6.1144478E-06   6.1144478E-06   6.1144478E-06   3.8496509E-01
    3.8496509E-01   8.1487803E-04   8.1487803E-04   1.3802441E-03   1.3802441E-03
    4.2073702E-01   2.3625979E-02   2.3625979E-02   1.3000966E-04   1.3000966E-04
    8.5667716E-01   8.5667716E-01   4.9241585E-03   4.9241585E-03

 2.9978590203E+04   1.0478838E+01   2.0982351E+05   9.1442581E-01   1.7858547E-04   1.9253749E+03   5.0000000E-02     5 
    2.1937209E-02   2.1937209E-02   1.4377998E-05   1.4377998E-05   1.4377998E-05
    3.9384657E-04   3.9384657E-04   3.5866710E-03   3.0586372E-03   3.0586372E-03
    4.7607001E-03   3.2609488E-03   3.2609488E-03   3.5272368E-06   1.0199355E-02
    1.0199355E-02   6.9760211E-06   6.9760211E-06   1.1168385E-01   2.1679186E-02
    2.1679186E-02   7.7529246E-06   7.7529246E-06   7.7529246E-06   4.0729966E-01
    4.0729966E-01   8.6947263E-04   8.6947263E-04   1.4585480E-03   1.4585480E-03
    4.4180665E-01   2.4717228E-02   2.4717228E-02   1.4893475E-04   1.4893475E-04
    8.9103357E-01   8.9103357E-01   5.1152245E-03   5.1152245E-03

 2.5346136352E+04   1.4667305E+01   2.9417374E+05   9.3739711E-01   1.7655538E-04   1.9213102E+03   5.0000000E-02     6 
    3.4268078E-02   3.4268078E-02   2.7303430E-05   2.7303430E-05   2.7303430E-05
    6.4500850E-04   6.4500850E-04   5.3984432E-03   4.3622368E-03   4.3622368E-03
    6.6535732E-03   4.3150309E-03   4.3150309E-03   6.3939007E-06   1.3199946E-02
    1.3199946E-02   1.1898366E-05   1.1898366E-05   1.3275981E-01   2.5284072E-02
    2.5284072E-02   1.2779943E-05   1.2779943E-05   1.2779943E-05   4.6439191E-01
    4.6439191E-01   1.0126801E-03   1.0126801E-03   1.6578463E-03   1.6578463E-03
    4.9486524E-01   2.7450090E-02   2.7450090E-02   2.0211856E-04   2.0211856E-04
    9.7619136E-01   9.7619136E-01   5.5885003E-03   5.5885003E-03

 1.8317235113E+04   2.8125242E+01   5.6636281E+05   9.9643453E-01   1.7193650E-04   1.9111462E+03   5.0000000E-02     7 
    1.1356494E-01   1.1356494E-01   1.2602198E-04   1.2602198E-04   1.2602198E-04
    2.0696700E-03   2.0696700E-03   1.4186466E-02   1.0099806E-02   1.0099806E-02
    1.4693191E-02   8.3479272E-03   8.3479272E-03   2.2896124E-05   2.3897584E-02
    2.3897584E-02   3.6552280E-05   3.6552280E-05   1.9990285E-01   3.6450606E-02
    3.6450606E-02   3.6598346E-05   3.6598346E-05   3.6598346E-05   6.3464673E-01
    6.3464673E-01   1.4767000E-03   1.4767000E-03   2.2478988E-03   2.2478988E-03
    6.4832607E-01   3.5221478E-02   3.5221478E-02   4.0669355E-04   4.0669355E-04
    1.2118739E+00   1.2118739E+00   6.9060372E-03   6.9060372E-03

 1.3259938630E+04   5.3817312E+01   1.0890032E+06   1.0693982E+00   1.6694043E-04   1.8971749E+03   5.0000000E-02     8 
    4.4241073E-01   4.4241073E-01   6.8159916E-04   6.8159916E-04   6.8159916E-04
    7.3479567E-03   7.3479567E-03   4.0551771E-02   2.5169467E-02   2.5169467E-02
    3.4852221E-02   1.7100723E-02   1.7100723E-02   8.8725689E-05   4.5876530E-02
    4.5876530E-02   1.1710591E-04   1.1710591E-04   3.1127816E-01   5.4114358E-02
    5.4114358E-02   1.1142902E-04   1.1142902E-04   1.1142902E-04   8.8571558E-01
    8.8571558E-01   2.3292664E-03   2.3292664E-03   3.1418846E-03   3.1418846E-03
    8.7187707E-01   4.6289583E-02   4.6289583E-02   8.9281487E-04   8.9281487E-04
    1.5320590E+00   1.5320590E+00   8.7482692E-03   8.7482692E-03

 9.6166670245E+03   1.0289433E+02   2.0920314E+06   1.1432020E+00   1.6274057E-04   1.8780843E+03   5.0000000E-02     9 
    1.3690396E+00   1.3690396E+00   3.1158374E-03   3.1158374E-03   3.1158374E-03
    2.2530672E-02   2.2530672E-02   1.0249969E-01   5.6467442E-02   5.6467442E-02
    7.5173384E-02   3.2529025E-02   3.2529025E-02   3.2491902E-04   8.3508808E-02
    8.3508808E-02   3.5292792E-04   3.5292792E-04   4.6115324E-01   7.7213643E-02
    7.7213643E-02   3.3048197E-04   3.3048197E-04   3.3048197E-04   1.1958502E+00
    1.1958502E+00   3.8119094E-03   3.8119094E-03   4.2617274E-03   4.2617274E-03
    1.1354289E+00   5.9248622E-02   5.9248622E-02   1.9849202E-03   1.9849202E-03
    1.8824811E+00   1.8824811E+00   1.0918487E-02   1.0918487E-02

 6.9894703843E+03   1.9680719E+02   4.0167285E+06   1.2057044E+00   1.6022239E-04   1.8521097E+03   5.0000000E-02    10 
    2.7424499E+00   2.7424499E+00   9.9802290E-03   9.9802290E-03   9.9802290E-03
    5.2336822E-02   5.2336822E-02   2.0483422E-01   1.0369152E-01   1.0369152E-01
    1.3497479E-01   5.3702564E-02   5.3702564E-02   1.0279979E-03   1.3780404E-01
    1.3780404E-01   9.4453370E-04   9.4453370E-04   6.1879712E-01   1.0187366E-01
    1.0187366E-01   8.9528241E-04   8.9528241E-04   8.9528241E-04   1.5107531E+00
    1.5107531E+00   6.3483786E-03   6.3483786E-03   5.4529947E-03   5.4529947E-03
    1.3876594E+00   7.1965559E-02   7.1965559E-02   4.2490254E-03   4.2490254E-03
    2.1868340E+00   2.1868340E+00   1.3204329E-02   1.3204329E-02

 5.0974864020E+03   3.7620525E+02   7.6983784E+06   1.2533099E+00   1.5953319E-04   1.8171294E+03   5.0000000E-02    11 
    3.6813745E+00   3.6813745E+00   2.2705554E-02   2.2705554E-02   2.2705554E-02
    9.3837846E-02   9.3837846E-02   3.2816584E-01   1.5790552E-01   1.5790552E-01
    2.0408104E-01   7.7887069E-02   7.7887069E-02   2.7882202E-03   2.0804811E-01
    2.0804811E-01   2.2501254E-03   2.2501254E-03   7.5556846E-01   1.2515220E-01
    1.2515220E-01   2.1926803E-03   2.1926803E-03   2.1926803E-03   1.7904437E+00
    1.7904437E+00   1.0775805E-02   1.0775805E-02   6.6896208E-03   6.6896208E-03
    1.5983919E+00   8.3774841E-02   8.3774841E-02   8.6268892E-03   8.6268892E-03
    2.4017169E+00   2.4017169E+00   1.5699423E-02   1.5699423E-02

 3.7365896632E+03   7.1728720E+02   1.4703765E+07   1.2894887E+00   1.6042868E-04   1.7707781E+03   5.0000000E-02    12 
    3.8102536E+00   3.8102536E+00   4.1034046E-02   4.1034046E-02   4.1034046E-02
    1.4134812E-01   1.4134812E-01   4.5138742E-01   2.1196930E-01   2.1196930E-01
    2.7471014E-01   1.0467702E-01   1.0467702E-01   6.7396167E-03   2.9706022E-01
    2.9706022E-01   4.9125507E-03   4.9125507E-03   8.7198430E-01   1.4837957E-01
    1.4837957E-01   4.9680424E-03   4.9680424E-03   4.9680424E-03   2.0539146E+00
    2.0539146E+00   1.8617407E-02   1.8617407E-02   8.2256561E-03   8.2256561E-03
    1.7658819E+00   9.6670462E-02   9.6670462E-02   1.6657107E-02   1.6657107E-02
    2.5368841E+00   2.5368841E+00   1.8948598E-02   1.8948598E-02

 2.7563509756E+03   1.3627495E+03   2.7973630E+07   1.3205875E+00   1.6255872E-04   1.7106276E+03   5.0000000E-02    13 
    3.5252265E+00   3.5252265E+00   6.6807030E-02   6.6807030E-02   6.6807030E-02
    1.9558180E-01   1.9558180E-01   5.7160640E-01   2.6774072E-01   2.6774072E-01
    3.4864992E-01   1.3795207E-01   1.3795207E-01   1.5247398E-02   4.1645133E-01
    4.1645133E-01   1.0147946E-02   1.0147946E-02   9.8736702E-01   1.7699910E-01
    1.7699910E-01   1.0758260E-02   1.0758260E-02   1.0758260E-02   2.3673180E+00
    2.3673180E+00   3.2330798E-02   3.2330798E-02   1.0707209E-02   1.0707209E-02
    1.9050888E+00   1.1557970E-01   1.1557970E-01   3.0774730E-02   3.0774730E-02
    2.6360155E+00   2.6360155E+00   2.4113095E-02   2.4113095E-02

 2.0470774864E+03   2.5842348E+03   5.3126114E+07   1.3529296E+00   1.6574349E-04   1.6331125E+03   5.0000000E-02    14 
    3.2739299E+00   3.2739299E+00   1.0858089E-01   1.0858089E-01   1.0858089E-01
    2.6628234E-01   2.6628234E-01   7.0057178E-01   3.3519225E-01   3.3519225E-01
    4.3362782E-01   1.8529411E-01   1.8529411E-01   3.3509001E-02   5.9055583E-01
    5.9055583E-01   2.0360946E-02   2.0360946E-02   1.1192320E+00   2.1785206E-01
    2.1785206E-01   2.2915902E-02   2.2915902E-02   2.2915902E-02   2.7810927E+00
    2.7810927E+00   5.5350603E-02   5.5350603E-02   1.5468806E-02   1.5468806E-02
    2.0270394E+00   1.4919715E-01   1.4919715E-01   5.4616291E-02   5.4616291E-02
    2.7564961E+00   2.7564961E+00   3.3437976E-02   3.3437976E-02

 1.5323288063E+03   4.8984346E+03   1.0090751E+08   1.3916933E+00   1.6999036E-04   1.5345371E+03   5.0000000E-02    15 
    3.2998340E+00   3.2998340E+00   1.8877981E-01   1.8877981E-01   1.8877981E-01
    3.7280472E-01   3.7280472E-01   8.5837168E-01   4.3048298E-01   4.3048298E-01
    5.3862836E-01   2.5803101E-01   2.5803101E-01   7.2754690E-02   8.6378333E-01
    8.6378333E-01   4.0567686E-02   4.0567686E-02   1.2639603E+00   2.7738644E-01
    2.7738644E-01   4.8900676E-02   4.8900676E-02   4.8900676E-02   3.2972693E+00
    3.2972693E+00   9.1584325E-02   9.1584325E-02   2.5282887E-02   2.5282887E-02
    2.0709100E+00   2.1148066E-01   2.1148066E-01   9.3504887E-02   9.3504887E-02
    2.9455819E+00   2.9455819E+00   5.1372443E-02   5.1372443E-02

 1.1582499869E+03   9.2960769E+03   1.9200980E+08   1.4346153E+00   1.7598260E-04   1.4114839E+03   5.0000000E-02    16 
    3.4473592E+00   3.4473592E+00   3.3541034E-01   3.3541034E-01   3.3541034E-01
    5.2355615E-01   5.2355615E-01   1.0494643E+00   5.5450124E-01   5.5450124E-01
    6.5533607E-01   3.5773246E-01   3.5773246E-01   1.5147093E-01   1.2774566E+00
    1.2774566E+00   8.0786234E-02   8.0786234E-02   1.3347322E+00   3.5122314E-01
    3.5122314E-01   1.0302758E-01   1.0302758E-01   1.0302758E-01   3.6567899E+00
    3.6567899E+00   1.4480354E-01   1.4480354E-01   4.5265574E-02   4.5265574E-02
    1.8934629E+00   3.1716161E-01   3.1716161E-01   1.5733296E-01   1.5733296E-01
    3.1220404E+00   3.1220404E+00   8.5884122E-02   8.5884122E-02

 8.8648429192E+02   1.7727024E+04   3.6694113E+08   1.4638058E+00   1.8564709E-04   1.2607515E+03   5.0000000E-02    17 
    2.8996208E+00   2.8996208E+00   4.7756220E-01   4.7756220E-01   4.7756220E-01
    6.3747529E-01   6.3747529E-01   1.2154295E+00   6.3768425E-01   6.3768425E-01
    7.3717193E-01   4.4666119E-01   4.4666119E-01   2.8402629E-01   1.7630083E+00
    1.7630083E+00   1.5052066E-01   1.5052066E-01   1.2290068E+00   4.1362198E-01
    4.1362198E-01   1.9740024E-01   1.9740024E-01   1.9740024E-01   3.1873239E+00
    3.1873239E+00   2.2169432E-01   2.2169432E-01   8.1621040E-02   8.1621040E-02
    1.5685318E+00   4.6143059E-01   4.6143059E-01   2.7290559E-01   2.7290559E-01
    2.9866714E+00   2.9866714E+00   1.4555042E-01   1.4555042E-01

 6.9039029493E+02   3.3628790E+04   6.9905396E+08   1.4982086E+00   1.9676787E-04   1.0909594E+03   5.0000000E-02    18 
    2.5935079E+00   2.5935079E+00   6.8683882E-01   6.8683882E-01   6.8683882E-01
    8.0908293E-01   8.0908293E-01   1.5209965E+00   7.3955885E-01   7.3955885E-01
    8.6501042E-01   5.9912514E-01   5.9912514E-01   5.7412079E-01   2.4865739E+00
    2.4865739E+00   2.6361238E-01   2.6361238E-01   1.3030145E+00   5.3610624E-01
    5.3610624E-01   3.5783865E-01   3.5783865E-01   3.5783865E-01   2.3155143E+00
    2.3155143E+00   4.0453964E-01   4.0453964E-01   1.5269300E-01   1.5269300E-01
    2.0961554E+00   6.8447616E-01   6.8447616E-01   4.9358522E-01   4.9358522E-01
    3.0614823E+00   3.0614823E+00   2.3928463E-01   2.3928463E-01

 5.4847456755E+02   6.3067222E+04   1.3235100E+09   1.5461517E+00   2.0625354E-04   9.1281940E+02   5.0000000E-02    19 
    2.6871045E+00   2.6871045E+00   1.0559371E+00   1.0559371E+00   1.0559371E+00
    1.1565759E+00   1.1565759E+00   1.9527478E+00   8.7598395E-01   8.7598395E-01
    9.8079714E-01   9.0505140E-01   9.0505140E-01   1.1524372E+00   3.6285715E+00
    3.6285715E+00   4.7129301E-01   4.7129301E-01   1.5119924E+00   8.4000893E-01
    8.4000893E-01   6.0774464E-01   6.0774464E-01   6.0774464E-01   2.5822907E+00
    2.5822907E+00   8.9137934E-01   8.9137934E-01   2.9082223E-01   2.9082223E-01
    3.2493998E+00   9.4928655E-01   9.4928655E-01   7.8859574E-01   7.8859574E-01
    3.5274402E+00   3.5274402E+00   3.9960950E-01   3.9960950E-01

 4.4520540025E+02   1.1779981E+05   2.5170390E+09   1.6147431E+00   2.1225872E-04   7.2827275E+02   5.0000000E-02    20 
    3.3455104E+00   3.3455104E+00   1.7896309E+00   1.7896309E+00   1.7896309E+00
    1.7325491E+00   1.7325491E+00   2.9858033E+00   1.2372252E+00   1.2372252E+00
    1.2628299E+00   1.4579083E+00   1.4579083E+00   2.1624484E+00   5.4153374E+00
    5.4153374E+00   7.5188436E-01   7.5188436E-01   2.0005457E+00   1.2059037E+00
    1.2059037E+00   9.7045873E-01   9.7045873E-01   9.7045873E-01   3.2840754E+00
    3.2840754E+00   1.3467400E+00   1.3467400E+00   5.3743249E-01   5.3743249E-01
    4.4560968E+00   1.2341365E+00   1.2341365E+00   1.2753469E+00   1.2753469E+00
    4.1082514E+00   4.1082514E+00   6.2714782E-01   6.2714782E-01

 3.7023114510E+02   2.2020132E+05   4.7907424E+09   1.6648103E+00   2.1904327E-04   5.5304713E+02   5.0000009E-02    21 
    3.1838338E+00   3.1838338E+00   2.1592005E+00   2.1592005E+00   2.1592005E+00
    1.9997828E+00   1.9997828E+00   3.7390268E+00   1.2131142E+00   1.2131142E+00
    1.5357926E+00   1.8833945E+00   1.8833945E+00   2.8670293E+00   6.8361320E+00
    6.8361320E+00   1.0978912E+00   1.0978912E+00   1.8220501E+00   1.6659425E+00
    1.6659425E+00   1.2447708E+00   1.2447708E+00   1.2447708E+00   3.3149015E+00
    3.3149015E+00   1.7490313E+00   1.7490313E+00   8.6452481E-01   8.6452481E-01
    5.1074492E+00   1.2007110E+00   1.2007110E+00   1.8410453E+00   1.8410453E+00
    3.0219160E+00   3.0219160E+00   9.6785912E-01   9.6785912E-01

 3.1578291478E+02   4.1094224E+05   9.0966756E+09   1.7234277E+00   2.4421153E-04   4.0011761E+02   5.0001533E-02    22 
    3.4736957E+00   3.4736957E+00   2.7209526E+00   2.7209526E+00   2.7209526E+00
    2.1944235E+00   2.1944235E+00   3.6904481E+00   1.2023859E+00   1.2023859E+00
    1.6704009E+00   2.0281300E+00   2.0281300E+00   3.6006549E+00   7.2637693E+00
    7.2637693E+00   1.4552839E+00   1.4552839E+00   1.2113646E+00   1.6706101E+00
    1.6706101E+00   1.5275753E+00   1.5275753E+00   1.5275753E+00   2.3947235E+00
    2.3947235E+00   2.3677881E+00   2.3677881E+00   1.1878330E+00   1.1878330E+00
    4.0693927E+00   1.4251423E+00   1.4251423E+00   2.1830314E+00   2.1830314E+00
    2.5071728E+00   2.5071728E+00   1.2435691E+00   1.2435691E+00

 2.7661628532E+02   7.5494258E+05   1.7050265E+10   1.8054300E+00   2.9441394E-04   2.7752273E+02   5.0091237E-02    23 
    4.9954323E+00   4.9954323E+00   4.1743013E+00   4.1743013E+00   4.1743013E+00
    2.5523658E+00   2.5523658E+00   4.0283900E+00   1.3349933E+00   1.3349933E+00
    1.8805200E+00   2.1844660E+00   2.1844660E+00   4.8078058E+00   6.8068210E+00
    6.8068210E+00   1.6698103E+00   1.6698103E+00   1.3254168E+00   1.6717309E+00
    1.6717309E+00   1.9044897E+00   1.9044897E+00   1.9044897E+00   2.3537119E+00
    2.3537119E+00   2.9279858E+00   2.9279858E+00   1.3919506E+00   1.3919506E+00
    2.8371196E+00   2.2726614E+00   2.2726614E+00   2.3712391E+00   2.3712391E+00
    3.7958155E+00   3.7958155E+00   1.3267563E+00   1.3267563E+00

 2.4977526034E+02   1.2988915E+06   2.9569493E+10   1.8715132E+00   3.5881564E-04   1.9011087E+02   5.1681074E-02    24 
    6.3711970E+00   6.3711970E+00   5.6482313E+00   5.6482313E+00   5.6482313E+00
    4.0686359E+00   4.0686359E+00   3.5528370E+00   1.2355796E+00   1.2355796E+00
    1.9213670E+00   2.2744749E+00   2.2744749E+00   5.1406089E+00   5.6514069E+00
    5.6514069E+00   2.5541327E+00   2.5541327E+00   1.5080639E+00   2.5213200E+00
    2.5213200E+00   2.0927701E+00   2.0927701E+00   2.0927701E+00   2.0053941E+00
    2.0053941E+00   4.3693087E+00   4.3693087E+00   1.5118459E+00   1.5118459E+00
    2.1214579E+00   3.2534320E+00   3.2534320E+00   2.2872178E+00   2.2872178E+00
    4.3938998E+00   4.3938998E+00   1.6215176E+00   1.6215176E+00

 2.3090919769E+02   1.8242125E+06   4.1812377E+10   1.9211818E+00   3.7646392E-04   1.3068642E+02   6.2185517E-02    25 
    7.2099481E+00   7.2099481E+00   6.5649864E+00   6.5649864E+00   6.5649864E+00
    4.8933350E+00   4.8933350E+00   4.7679308E+00   1.1875833E+00   1.1875833E+00
    2.0765252E+00   2.4478819E+00   2.4478819E+00   4.2955830E+00   4.8689315E+00
    4.8689315E+00   3.1310697E+00   3.1310697E+00   1.8103899E+00   2.6043634E+00
    2.6043634E+00   2.0449851E+00   2.0449851E+00   2.0449851E+00   1.7944203E+00
    1.7944203E+00   4.7270654E+00   4.7270654E+00   1.5562990E+00   1.5562990E+00
    1.8523672E+00   3.9451623E+00   3.9451623E+00   2.5363790E+00   2.5363790E+00
    3.8877079E+00   3.8877079E+00   1.8245629E+00   1.8245629E+00

 2.1688437323E+02   1.9048531E+06   4.3934701E+10   1.9502244E+00   3.1330748E-04   8.9818783E+01   9.7584284E-02    26 
    7.2519732E+00   7.2519732E+00   6.5665388E+00   6.5665388E+00   6.5665388E+00
    4.3672062E+00   4.3672062E+00   5.5510388E+00   1.1241479E+00   1.1241479E+00
    2.0991615E+00   2.4733604E+00   2.4733604E+00   3.4359287E+00   4.5180036E+00
    4.5180036E+00   2.8953416E+00   2.8953416E+00   2.1243967E+00   2.0202113E+00
    2.0202113E+00   1.8793918E+00   1.8793918E+00   1.8793918E+00   1.8307979E+00
    1.8307979E+00   3.8535425E+00   3.8535425E+00   1.5416578E+00   1.5416578E+00
    1.7552035E+00   3.9102461E+00   3.9102461E+00   2.6877363E+00   2.6877363E+00
    3.7181153E+00   3.7181153E+00   1.8159354E+00   1.8159354E+00

 2.0594925382E+02   1.7461067E+06   4.0362425E+10   1.9596571E+00   2.4804153E-04   6.1715020E+01   1.7142474E-01    27 
    6.7569564E+00   6.7569564E+00   5.9976708E+00   5.9976708E+00   5.9976708E+00
    3.2190259E+00   3.2190259E+00   5.0361859E+00   1.0229720E+00   1.0229720E+00
    1.9094995E+00   2.2352784E+00   2.2352784E+00   2.7991413E+00   4.0487482E+00
    4.0487482E+00   2.1231018E+00   2.1231018E+00   2.1930713E+00   1.4822784E+00
    1.4822784E+00   1.7471112E+00   1.7471112E+00   1.7471112E+00   1.8672177E+00
    1.8672177E+00   2.6830909E+00   2.6830909E+00   1.4168945E+00   1.4168945E+00
    1.7295153E+00   3.3593069E+00   3.3593069E+00   2.6525178E+00   2.6525178E+00
    3.6840819E+00   3.6840819E+00   1.6601360E+00   1.6601360E+00

 1.9697393335E+02   1.6954867E+06   3.9147849E+10   1.9556251E+00   2.1803882E-04   4.2341426E+01   2.8161607E-01    28 
    5.9401518E+00   5.9401518E+00   5.1831711E+00   5.1831711E+00   5.1831711E+00
    2.1808078E+00   2.1808078E+00   3.9125044E+00   9.1264884E-01   9.1264884E-01
    1.6425997E+00   1.8860213E+00   1.8860213E+00   2.3195709E+00   3.5009760E+00
    3.5009760E+00   1.4123008E+00   1.4123008E+00   2.0492439E+00   1.1374392E+00
    1.1374392E+00   1.6492078E+00   1.6492078E+00   1.6492078E+00   1.8048385E+00
    1.8048385E+00   1.7702679E+00   1.7702679E+00   1.2610284E+00   1.2610284E+00
    1.7251204E+00   2.7118292E+00   2.7118292E+00   2.4072131E+00   2.4072131E+00
    3.2947551E+00   3.2947551E+00   1.4774670E+00   1.4774670E+00

 1.8792994997E+02   1.8609973E+06   4.3034034E+10   1.9538550E+00   2.1486478E-04   2.8806504E+01   4.1366939E-01    29 
    5.2568747E+00   5.2568747E+00   4.5340430E+00   4.5340430E+00   4.5340430E+00
    1.4703723E+00   1.4703723E+00   2.8742079E+00   8.3218142E-01   8.3218142E-01
    1.4220487E+00   1.5699706E+00   1.5699706E+00   1.9751789E+00   2.9796126E+00
    2.9796126E+00   9.3903769E-01   9.3903769E-01   1.8350967E+00   9.4257360E-01
    9.4257360E-01   1.6012146E+00   1.6012146E+00   1.6012146E+00   1.6936920E+00
    1.6936920E+00   1.1721612E+00   1.1721612E+00   1.1379931E+00   1.1379931E+00
    1.7228123E+00   2.1763950E+00   2.1763950E+00   2.1008640E+00   2.1008640E+00
    2.6545222E+00   2.6545222E+00   1.3353929E+00   1.3353929E+00

 1.7980344807E+02   2.1975553E+06   5.1149919E+10   1.9624158E+00   2.2623122E-04   2.0976602E+01   5.2212412E-01    30 
    4.9940064E+00   4.9940064E+00   4.2624067E+00   4.2624067E+00   4.2624067E+00
    1.0519312E+00   1.0519312E+00   2.1515757E+00   7.9998826E-01   7.9998826E-01
    1.3044872E+00   1.3504665E+00   1.3504665E+00   1.7936759E+00   2.5799879E+00
    2.5799879E+00   6.6903763E-01   6.6903763E-01   1.6605094E+00   8.4666902E-01
    8.4666902E-01   1.6363817E+00   1.6363817E+00   1.6363817E+00   1.5798546E+00
    1.5798546E+00   8.2249747E-01   8.2249747E-01   1.0696623E+00   1.0696623E+00
    1.7267924E+00   1.8018879E+00   1.8018879E+00   1.8298294E+00   1.8298294E+00
    2.0507414E+00   2.0507414E+00   1.2505473E+00   1.2505473E+00

 1.7593648702E+02   2.6474265E+06   6.0881308E+10   1.9440179E+00   2.5942454E-04   1.5661974E+01   6.1362896E-01    31 
    4.1504744E+00   4.1504744E+00   3.5221769E+00   3.5221769E+00   3.5221769E+00
    6.5441443E-01   6.5441443E-01   1.4060631E+00   7.1166232E-01   7.1166232E-01
    1.1260444E+00   1.0917969E+00   1.0917969E+00   1.5163618E+00   2.2258450E+00
    2.2258450E+00   4.3464634E-01   4.3464634E-01   1.4636019E+00   7.3347581E-01
    7.3347581E-01   1.5843603E+00   1.5843603E+00   1.5843603E+00   1.4175904E+00
    1.4175904E+00   5.3596742E-01   5.3596742E-01   9.7979733E-01   9.7979733E-01
    1.7112412E+00   1.3877202E+00   1.3877202E+00   1.4320186E+00   1.4320186E+00
    1.4870556E+00   1.4870556E+00   1.1324617E+00   1.1324617E+00

 1.7550458881E+02   3.4065826E+06   7.6852747E+10   1.9161717E+00   3.3665402E-04   1.0700492E+01   7.1499460E-01    32 
    3.3893715E+00   3.3893715E+00   2.8890436E+00   2.8890436E+00   2.8890436E+00
    4.5930877E-01   4.5930877E-01   1.0035127E+00   6.2356908E-01   6.2356908E-01
    9.7541848E-01   9.3037631E-01   9.3037631E-01   1.2845722E+00   2.0530636E+00
    2.0530636E+00   3.1696520E-01   3.1696520E-01   1.3242272E+00   6.5689885E-01
    6.5689885E-01   1.4766594E+00   1.4766594E+00   1.4766594E+00   1.3145873E+00
    1.3145873E+00   3.9550104E-01   3.9550104E-01   9.1474831E-01   9.1474831E-01
    1.6932397E+00   1.1387514E+00   1.1387514E+00   1.1587170E+00   1.1587170E+00
    1.1501101E+00   1.1501101E+00   1.0504118E+00   1.0504118E+00

 1.7533324199E+02   4.6561730E+06   1.0372335E+11   1.8982188E+00   4.6033562E-04   7.1020387E+00   7.9974066E-01    33 
    2.9493317E+00   2.9493317E+00   2.5292509E+00   2.5292509E+00   2.5292509E+00
    3.7470615E-01   3.7470615E-01   8.1968461E-01   5.7439672E-01   5.7439672E-01
    8.8760193E-01   8.4669226E-01   8.4669226E-01   1.1528274E+00   1.9541825E+00
    1.9541825E+00   2.6617343E-01   2.6617343E-01   1.2409671E+00   6.1946823E-01
    6.1946823E-01   1.4037900E+00   1.4037900E+00   1.4037900E+00   1.2588282E+00
    1.2588282E+00   3.3441154E-01   3.3441154E-01   8.7849747E-01   8.7849747E-01
    1.6742953E+00   1.0200599E+00   1.0200599E+00   1.0256028E+00   1.0256028E+00
    9.6410497E-01   9.6410497E-01   1.0079586E+00   1.0079586E+00

 1.7514720067E+02   6.3671142E+06   1.4028281E+11   1.8802184E+00   6.2450235E-04   4.9136703E+00   8.5647506E-01    34 
    2.5326655E+00   2.5326655E+00   2.1848573E+00   2.1848573E+00   2.1848573E+00
    3.1376908E-01   3.1376908E-01   6.8897562E-01   5.3423873E-01   5.3423873E-01
    8.1168036E-01   7.7605734E-01   7.7605734E-01   1.0368036E+00   1.8494295E+00
    1.8494295E+00   2.3197413E-01   2.3197413E-01   1.1642583E+00   5.8912469E-01
    5.8912469E-01   1.3258912E+00   1.3258912E+00   1.3258912E+00   1.2080322E+00
    1.2080322E+00   2.9400729E-01   2.9400729E-01   8.4315254E-01   8.4315254E-01
    1.6404686E+00   9.3609793E-01   9.3609793E-01   9.3356537E-01   9.3356537E-01
    8.2402897E-01   8.2402897E-01   9.7001823E-01   9.7001823E-01

 1.7494061992E+02   8.9097062E+06   1.9471563E+11   1.8668928E+00   8.5514820E-04   3.3815219E+00   8.9873295E-01    35 
    2.2227741E+00   2.2227741E+00   1.9275810E+00   1.9275810E+00   1.9275810E+00
    2.7806909E-01   2.7806909E-01   6.1573122E-01   5.1640491E-01   5.1640491E-01
    7.6134900E-01   7.2572615E-01   7.2572615E-01   9.5403918E-01   1.7516015E+00
    1.7516015E+00   2.1358169E-01   2.1358169E-01   1.1013124E+00   5.6864183E-01
    5.6864183E-01   1.2601926E+00   1.2601926E+00   1.2601926E+00   1.1688563E+00
    1.1688563E+00   2.7311084E-01   2.7311084E-01   8.1084071E-01   8.1084071E-01
    1.5943234E+00   8.9012627E-01   8.9012627E-01   8.8722655E-01   8.8722655E-01
    7.3684439E-01   7.3684439E-01   9.3791088E-01   9.3791088E-01

 1.7473994159E+02   1.2662972E+07   2.7527238E+11   1.8586434E+00   1.1690578E-03   2.3184167E+00   9.2934862E-01    36 
    1.9975050E+00   1.9975050E+00   1.7400084E+00   1.7400084E+00   1.7400084E+00
    2.6109616E-01   2.6109616E-01   5.8466137E-01   5.2210378E-01   5.2210378E-01
    7.3269366E-01   6.9044348E-01   6.9044348E-01   8.9513371E-01   1.6552713E+00
    1.6552713E+00   2.0693461E-01   2.0693461E-01   1.0455004E+00   5.5556415E-01
    5.5556415E-01   1.2028309E+00   1.2028309E+00   1.2028309E+00   1.1378885E+00
    1.1378885E+00   2.6693806E-01   2.6693806E-01   7.7746476E-01   7.7746476E-01
    1.5343183E+00   8.7408901E-01   8.7408901E-01   8.7775276E-01   8.7775276E-01
    6.8757781E-01   6.8757781E-01   9.0723829E-01   9.0723829E-01

 1.7451415239E+02   1.8059462E+07   3.9088931E+11   1.8514310E+00   1.5526811E-03   1.6001857E+00   9.5065517E-01    37 
    1.7511382E+00   1.7511382E+00   1.5335760E+00   1.5335760E+00   1.5335760E+00
    2.5608443E-01   2.5608443E-01   5.8246196E-01   5.5028380E-01   5.5028380E-01
    7.1210378E-01   6.5566033E-01   6.5566033E-01   8.3290859E-01   1.5209457E+00
    1.5209457E+00   2.1024124E-01   2.1024124E-01   9.7553534E-01   5.4440814E-01
    5.4440814E-01   1.1272944E+00   1.1272944E+00   1.1272944E+00   1.1017058E+00
    1.1017058E+00   2.7454951E-01   2.7454951E-01   7.2828480E-01   7.2828480E-01
    1.4421448E+00   8.8436465E-01   8.8436465E-01   9.0622808E-01   9.0622808E-01
    6.6019211E-01   6.6019211E-01   8.6731480E-01   8.6731480E-01

 1.7424524663E+02   2.6059571E+07   5.6128274E+11   1.8405030E+00   1.9858752E-03   1.1003075E+00   9.6578816E-01    38 
    1.4125393E+00   1.4125393E+00   1.2481902E+00   1.2481902E+00   1.2481902E+00
    2.5908212E-01   2.5908212E-01   6.0106465E-01   5.9361655E-01   5.9361655E-01
    6.8913078E-01   6.1059654E-01   6.1059654E-01   7.5016424E-01   1.3135535E+00
    1.3135535E+00   2.2415629E-01   2.2415629E-01   8.7791579E-01   5.3177543E-01
    5.3177543E-01   1.0134896E+00   1.0134896E+00   1.0134896E+00   1.0477359E+00
    1.0477359E+00   2.9898548E-01   2.9898548E-01   6.4988367E-01   6.4988367E-01
    1.3063756E+00   9.2284409E-01   9.2284409E-01   9.8011884E-01   9.8011884E-01
    6.5596707E-01   6.5596707E-01   8.1074280E-01   8.1074280E-01

 1.7394305177E+02   3.7812035E+07   8.0967231E+11   1.8242218E+00   2.4360004E-03   7.5713493E-01   9.7632408E-01    39 
    1.0338830E+00   1.0338830E+00   9.2709950E-01   9.2709950E-01   9.2709950E-01
    2.6434926E-01   2.6434926E-01   6.2172569E-01   6.3468095E-01   6.3468095E-01
    6.6248540E-01   5.5884796E-01   5.5884796E-01   6.5722552E-01   1.0625393E+00
    1.0625393E+00   2.4617100E-01   2.4617100E-01   7.6659145E-01   5.2054241E-01
    5.2054241E-01   8.7811498E-01   8.7811498E-01   8.7811498E-01   9.7556583E-01
    9.7556583E-01   3.3939397E-01   3.3939397E-01   5.5347264E-01   5.5347264E-01
    1.1528122E+00   9.8080797E-01   9.8080797E-01   1.0843251E+00   1.0843251E+00
    6.7838225E-01   6.7838225E-01   7.4891723E-01   7.4891723E-01

 1.7360653028E+02   5.5128107E+07   1.1745563E+12   1.8086620E+00   2.8940946E-03   5.2002578E-01   9.8367442E-01    40 
    7.3147320E-01   7.3147320E-01   6.6974989E-01   6.6974989E-01   6.6974989E-01
    2.7486642E-01   2.7486642E-01   6.4684923E-01   6.7561703E-01   6.7561703E-01
    6.4885633E-01   5.2123805E-01   5.2123805E-01   5.8802563E-01   8.4243160E-01
    8.4243160E-01   2.7695196E-01   2.7695196E-01   6.7257494E-01   5.2353369E-01
    5.2353369E-01   7.6491606E-01   7.6491606E-01   7.6491606E-01   9.0066200E-01
    9.0066200E-01   3.9830465E-01   3.9830465E-01   4.6967412E-01   4.6967412E-01
    1.0260685E+00   1.0550721E+00   1.0550721E+00   1.2093089E+00   1.2093089E+00
    7.2786995E-01   7.2786995E-01   7.0851418E-01   7.0851418E-01

 1.7323702146E+02   7.9805362E+07   1.6977014E+12   1.8036370E+00   3.3331498E-03   3.5947944E-01   9.8868442E-01    41 
    5.5474271E-01   5.5474271E-01   5.2098401E-01   5.2098401E-01   5.2098401E-01
    3.0098573E-01   3.0098573E-01   6.9949499E-01   7.2946046E-01   7.2946046E-01
    6.6458643E-01   5.1853453E-01   5.1853453E-01   5.7186216E-01   7.1238825E-01
    7.1238825E-01   3.2130054E-01   3.2130054E-01   6.2114552E-01   5.5539550E-01
    5.5539550E-01   7.0929152E-01   7.0929152E-01   7.0929152E-01   8.4379049E-01
    8.4379049E-01   4.8133085E-01   4.8133085E-01   4.2673118E-01   4.2673118E-01
    9.6016914E-01   1.1454188E+00   1.1454188E+00   1.3549300E+00   1.3549300E+00
    7.9817018E-01   7.9817018E-01   7.1195202E-01   7.1195202E-01

 1.7287902772E+02   1.1021645E+08   2.3503394E+12   1.8117185E+00   3.6687475E-03   2.5991273E-01   9.9180498E-01    42 
    4.7467729E-01   4.7467729E-01   4.5664453E-01   4.5664453E-01   4.5664453E-01
    3.3822839E-01   3.3822839E-01   7.7221612E-01   7.8240267E-01   7.8240267E-01
    6.9901443E-01   5.4428500E-01   5.4428500E-01   6.0331507E-01   6.7075593E-01
    6.7075593E-01   3.7294806E-01   3.7294806E-01   6.1070975E-01   6.0789069E-01
    6.0789069E-01   7.0871406E-01   7.0871406E-01   7.0871406E-01   8.1275193E-01
    8.1275193E-01   5.7335285E-01   5.7335285E-01   4.2556833E-01   4.2556833E-01
    9.4952563E-01   1.2209832E+00   1.2209832E+00   1.4800152E+00   1.4800152E+00
    8.6751674E-01   8.6751674E-01   7.4779210E-01   7.4779210E-01

 1.7252957317E+02   1.4773347E+08   3.1669285E+12   1.8291255E+00   3.8956592E-03   1.9326723E-01   9.9389954E-01    43 
    4.3841463E-01   4.3841463E-01   4.3068046E-01   4.3068046E-01   4.3068046E-01
    3.7849252E-01   3.7849252E-01   8.4738221E-01   8.2260800E-01   8.2260800E-01
    7.3601148E-01   5.8215493E-01   5.8215493E-01   6.6117307E-01   6.7672004E-01
    6.7672004E-01   4.2881440E-01   4.2881440E-01   6.2294710E-01   6.6786023E-01
    6.6786023E-01   7.3886552E-01   7.3886552E-01   7.3886552E-01   7.9873730E-01
    7.9873730E-01   6.6478576E-01   6.6478576E-01   4.4911506E-01   4.4911506E-01
    9.6499121E-01   1.2656798E+00   1.2656798E+00   1.5601674E+00   1.5601674E+00
    9.2737243E-01   9.2737243E-01   7.9532187E-01   7.9532187E-01

 1.7218114987E+02   1.9491726E+08   4.2098431E+12   1.8537449E+00   4.0106816E-03   1.4575814E-01   9.9539552E-01    44 
    4.2327514E-01   4.2327514E-01   4.2308573E-01   4.2308573E-01   4.2308573E-01
    4.1748217E-01   4.1748217E-01   9.1541599E-01   8.5196694E-01   8.5196694E-01
    7.6905363E-01   6.2416609E-01   6.2416609E-01   7.3135932E-01   7.0633336E-01
    7.0633336E-01   4.8988827E-01   4.8988827E-01   6.4794703E-01   7.2780668E-01
    7.2780668E-01   7.8499314E-01   7.8499314E-01   7.8499314E-01   7.9664507E-01
    7.9664507E-01   7.5236699E-01   7.5236699E-01   4.8739504E-01   4.8739504E-01
    9.8991530E-01   1.2798638E+00   1.2798638E+00   1.5913575E+00   1.5913575E+00
    9.7513691E-01   9.7513691E-01   8.4372432E-01   8.4372432E-01

 1.7183021285E+02   2.5470358E+08   5.5552157E+12   1.8851866E+00   4.0051545E-03   1.1078765E-01   9.9649819E-01    45 
    4.2125820E-01   4.2125820E-01   4.2679622E-01   4.2679622E-01   4.2679622E-01
    4.5393919E-01   4.5393919E-01   9.7346199E-01   8.7746883E-01   8.7746883E-01
    7.9783646E-01   6.6772935E-01   6.6772935E-01   8.0433005E-01   7.4732500E-01
    7.4732500E-01   5.5782675E-01   5.5782675E-01   6.8123611E-01   7.8375001E-01
    7.8375001E-01   8.3788842E-01   8.3788842E-01   8.3788842E-01   8.0368440E-01
    8.0368440E-01   8.3469423E-01   8.3469423E-01   5.3572017E-01   5.3572017E-01
    1.0158180E+00   1.2708533E+00   1.2708533E+00   1.5802486E+00   1.5802486E+00
    1.0103612E+00   1.0103612E+00   8.8798552E-01   8.8798552E-01

 1.7147462874E+02   3.3000319E+08   7.2878778E+12   1.9239738E+00   3.8660895E-03   8.4730000E-02   9.9732067E-01    46 
    4.2955852E-01   4.2955852E-01   4.3938470E-01   4.3938470E-01   4.3938470E-01
    4.8815505E-01   4.8815505E-01   1.0214035E+00   9.0312500E-01   9.0312500E-01
    8.2445978E-01   7.1240324E-01   7.1240324E-01   8.7375922E-01   7.9334750E-01
    7.9334750E-01   6.3202308E-01   6.3202308E-01   7.2031251E-01   8.3353034E-01
    8.3353034E-01   8.9054440E-01   8.9054440E-01   8.9054440E-01   8.1791251E-01
    8.1791251E-01   9.0935640E-01   9.0935640E-01   5.9212568E-01   5.9212568E-01
    1.0378190E+00   1.2468768E+00   1.2468768E+00   1.5365605E+00   1.5365605E+00
    1.0341232E+00   1.0341232E+00   9.2607569E-01   9.2607569E-01

 1.7111238688E+02   4.2371425E+08   9.5073055E+12   1.9711510E+00   3.5917531E-03   6.5186353E-02   9.9793801E-01    47 
    4.4750581E-01   4.4750581E-01   4.6039561E-01   4.6039561E-01   4.6039561E-01
    5.2162908E-01   5.2162908E-01   1.0600415E+00   9.2968984E-01   9.2968984E-01
    8.5135434E-01   7.5837828E-01   7.5837828E-01   9.3703837E-01   8.4106746E-01
    8.4106746E-01   7.0942778E-01   7.0942778E-01   7.6344826E-01   8.7651771E-01
    8.7651771E-01   9.3806483E-01   9.3806483E-01   9.3806483E-01   8.3778763E-01
    8.3778763E-01   9.7359237E-01   9.7359237E-01   6.5566947E-01   6.5566947E-01
    1.0537175E+00   1.2152983E+00   1.2152983E+00   1.4705840E+00   1.4705840E+00
    1.0486577E+00   1.0486577E+00   9.5781672E-01   9.5781672E-01

 1.7074125698E+02   5.3831460E+08   1.2328961E+13   2.0281763E+00   3.1976079E-03   5.0463967E-02   9.9840332E-01    48 
    4.7557629E-01   4.7557629E-01   4.9053903E-01   4.9053903E-01   4.9053903E-01
    5.5715889E-01   5.5715889E-01   1.0907279E+00   9.5661785E-01   9.5661785E-01
    8.8039100E-01   8.0575378E-01   8.0575378E-01   9.9494991E-01   8.8825213E-01
    8.8825213E-01   7.8651939E-01   7.8651939E-01   8.0932612E-01   9.1364576E-01
    9.1364576E-01   9.7825857E-01   9.7825857E-01   9.7825857E-01   8.6190205E-01
    8.6190205E-01   1.0265010E+00   1.0265010E+00   7.2486867E-01   7.2486867E-01
    1.0636622E+00   1.1821946E+00   1.1821946E+00   1.3926159E+00   1.3926159E+00
    1.0567651E+00   1.0567651E+00   9.8397829E-01   9.8397829E-01

 1.7035844488E+02   6.7413633E+08   1.5863872E+13   2.0967238E+00   2.7141772E-03   3.9383003E-02   9.9875369E-01    49 
    5.1446352E-01   5.1446352E-01   5.3080894E-01   5.3080894E-01   5.3080894E-01
    5.9815122E-01   5.9815122E-01   1.1150174E+00   9.8273337E-01   9.8273337E-01
    9.1196865E-01   8.5386680E-01   8.5386680E-01   1.0494742E+00   9.3259879E-01
    9.3259879E-01   8.6120375E-01   8.6120375E-01   8.5660470E-01   9.4662321E-01
    9.4662321E-01   1.0109762E+00   1.0109762E+00   1.0109762E+00   8.8863453E-01
    8.8863453E-01   1.0696159E+00   1.0696159E+00   7.9636550E-01   7.9636550E-01
    1.0690973E+00   1.1518074E+00   1.1518074E+00   1.3124499E+00   1.3124499E+00
    1.0610351E+00   1.0610351E+00   1.0053523E+00   1.0053523E+00

 1.6996046521E+02   8.2797645E+08   2.0226375E+13   2.1785659E+00   2.1896020E-03   3.1026615E-02   9.9901800E-01    50 
    5.6455143E-01   5.6455143E-01   5.8171959E-01   5.8171959E-01   5.8171959E-01
    6.4671708E-01   6.4671708E-01   1.1334529E+00   1.0065143E+00   1.0065143E+00
    9.4516666E-01   9.0081824E-01   9.0081824E-01   1.1022890E+00   9.7135719E-01
    9.7135719E-01   9.3213295E-01   9.3213295E-01   9.0347719E-01   9.7624858E-01
    9.7624858E-01   1.0368310E+00   1.0368310E+00   1.0368310E+00   9.1589857E-01
    9.1589857E-01   1.1050542E+00   1.1050542E+00   8.6449610E-01   8.6449610E-01
    1.0710586E+00   1.1253809E+00   1.1253809E+00   1.2373170E+00   1.2373170E+00
    1.0625273E+00   1.0625273E+00   1.0217220E+00   1.0217220E+00

 1.6954318659E+02   9.8740287E+08   2.5502558E+13   2.2754538E+00   1.6740810E-03   2.4725803E-02   9.9921734E-01    51 
    6.2469494E-01   6.2469494E-01   6.4241789E-01   6.4241789E-01   6.4241789E-01
    7.0403764E-01   7.0403764E-01   1.1479655E+00   1.0260385E+00   1.0260385E+00
    9.7708288E-01   9.4446427E-01   9.4446427E-01   1.1510169E+00   1.0028849E+00
    1.0028849E+00   9.9987345E-01   9.9987345E-01   9.4766099E-01   1.0028110E+00
    1.0028110E+00   1.0561627E+00   1.0561627E+00   1.0561627E+00   9.4168977E-01
    9.4168977E-01   1.1351513E+00   1.1351513E+00   9.2362191E-01   9.2362191E-01
    1.0710961E+00   1.1038868E+00   1.1038868E+00   1.1740419E+00   1.1740419E+00
    1.0630057E+00   1.0630057E+00   1.0339755E+00   1.0339755E+00

 1.6910170730E+02   1.1177911E+09   3.1700620E+13   2.3889828E+00   1.2113321E-03   1.9996471E-02   9.9936699E-01    52 
    6.9207509E-01   6.9207509E-01   7.1026531E-01   7.1026531E-01   7.1026531E-01
    7.6866219E-01   7.6866219E-01   1.1604734E+00   1.0392113E+00   1.0392113E+00
    1.0043339E+00   9.8248432E-01   9.8248432E-01   1.1897646E+00   1.0264497E+00
    1.0264497E+00   1.0623262E+00   1.0623262E+00   9.8639348E-01   1.0249182E+00
    1.0249182E+00   1.0684958E+00   1.0684958E+00   1.0684958E+00   9.6425344E-01
    9.6425344E-01   1.1594137E+00   1.1594137E+00   9.6956448E-01   9.6956448E-01
    1.0699989E+00   1.0874187E+00   1.0874187E+00   1.1271139E+00   1.1271139E+00
    1.0637816E+00   1.0637816E+00   1.0431126E+00   1.0431126E+00

 1.6862980233E+02   1.1407319E+09   3.8690631E+13   2.5205080E+00   8.2959710E-04   1.6484618E-02   9.9947813E-01    53 
    7.6161035E-01   7.6161035E-01   7.8129650E-01   7.8129650E-01   7.8129650E-01
    8.4019486E-01   8.4019486E-01   1.1761840E+00   1.0437050E+00   1.0437050E+00
    1.0234834E+00   1.0138871E+00   1.0138871E+00   1.2050664E+00   1.0425570E+00
    1.0425570E+00   1.1207242E+00   1.1207242E+00   1.0173516E+00   1.0425020E+00
    1.0425020E+00   1.0739300E+00   1.0739300E+00   1.0739300E+00   9.8286570E-01
    9.8286570E-01   1.1795698E+00   1.1795698E+00   1.0014933E+00   1.0014933E+00
    1.0700837E+00   1.0776194E+00   1.0776194E+00   1.1008560E+00   1.1008560E+00
    1.0676308E+00   1.0676308E+00   1.0518489E+00   1.0518489E+00

 1.6811862175E+02   9.5171516E+08   4.6153933E+13   2.6699090E+00   5.4018935E-04   1.3934111E-02   9.9955886E-01    54 
    8.2372073E-01   8.2372073E-01   8.4955596E-01   8.4955596E-01   8.4955596E-01
    9.2184729E-01   9.2184729E-01   1.1925647E+00   1.0366937E+00   1.0366937E+00
    1.0311906E+00   1.0368536E+00   1.0368536E+00   1.1806259E+00   1.0498674E+00
    1.0498674E+00   1.1724948E+00   1.1724948E+00   1.0372478E+00   1.0545082E+00
    1.0545082E+00   1.0734153E+00   1.0734153E+00   1.0734153E+00   9.9610413E-01
    9.9610413E-01   1.1983360E+00   1.1983360E+00   1.0192470E+00   1.0192470E+00
    1.0719743E+00   1.0743537E+00   1.0743537E+00   1.0932220E+00   1.0932220E+00
    1.0745822E+00   1.0745822E+00   1.0608005E+00   1.0608005E+00

 1.6755384649E+02   5.8705040E+08   5.3650034E+13   2.8349595E+00   3.3849265E-04   1.2163676E-02   9.9961489E-01    55 
    8.6793463E-01   8.6793463E-01   9.0498536E-01   9.0498536E-01   9.0498536E-01
    1.0012555E+00   1.0012555E+00   1.1843089E+00   1.0190332E+00   1.0190332E+00
    1.0258602E+00   1.0456365E+00   1.0456365E+00   1.1127046E+00   1.0467635E+00
    1.0467635E+00   1.1940192E+00   1.1940192E+00   1.0419367E+00   1.0568489E+00
    1.0568489E+00   1.0659914E+00   1.0659914E+00   1.0659914E+00   1.0019915E+00
    1.0019915E+00   1.2030955E+00   1.2030955E+00   1.0232922E+00   1.0232922E+00
    1.0680744E+00   1.0678087E+00   1.0678087E+00   1.0870187E+00   1.0870187E+00
    1.0735988E+00   1.0735988E+00   1.0613480E+00   1.0613480E+00

 1.6690902337E+02   2.6500484E+08   6.0809645E+13   3.0173999E+00   2.0595466E-04   1.1080490E-02   9.9964918E-01    56 
    9.0126249E-01   9.0126249E-01   9.3677996E-01   9.3677996E-01   9.3677996E-01
    1.0213664E+00   1.0213664E+00   1.1508839E+00   1.0009631E+00   1.0009631E+00
    1.0132732E+00   1.0374659E+00   1.0374659E+00   1.0206828E+00   1.0374658E+00
    1.0374658E+00   1.1269424E+00   1.1269424E+00   1.0291339E+00   1.0400404E+00
    1.0400404E+00   1.0414042E+00   1.0414042E+00   1.0414042E+00   1.0020483E+00
    1.0020483E+00   1.1443637E+00   1.1443637E+00   1.0174392E+00   1.0174392E+00
    1.0459707E+00   1.0442370E+00   1.0442370E+00   1.0649908E+00   1.0649908E+00
    1.0514900E+00   1.0514900E+00   1.0429228E+00   1.0429228E+00

 1.6613566465E+02   9.6491007E+07   6.7893987E+13   3.2197427E+00   1.2323615E-04   1.0560343E-02   9.9966565E-01    57 
    9.2674958E-01   9.2674958E-01   9.4266966E-01   9.4266966E-01   9.4266966E-01
    9.7578961E-01   9.7578961E-01   1.0845077E+00   9.8683512E-01   9.8683512E-01
    9.9613330E-01   1.0111414E+00   1.0111414E+00   9.4592331E-01   1.0141034E+00
    1.0141034E+00   1.0066472E+00   1.0066472E+00   1.0035753E+00   1.0077063E+00
    1.0077063E+00   1.0038280E+00   1.0038280E+00   1.0038280E+00   9.9613584E-01
    9.9613584E-01   1.0371378E+00   1.0371378E+00   1.0009956E+00   1.0009956E+00
    1.0103892E+00   1.0094774E+00   1.0094774E+00   1.0232512E+00   1.0232512E+00
    1.0169315E+00   1.0169315E+00   1.0124713E+00   1.0124713E+00

 1.6515908989E+02   3.2159056E+07   7.5835753E+13   3.4436915E+00   7.4296775E-05   1.0170971E-02   9.9967797E-01    58 
    9.4064564E-01   9.4064564E-01   9.4108272E-01   9.4108272E-01   9.4108272E-01
    9.3899251E-01   9.3899251E-01   1.0038242E+00   9.7499399E-01   9.7499399E-01
    9.7982099E-01   9.8363013E-01   9.8363013E-01   9.1414055E-01   9.8752765E-01
    9.8752765E-01   9.3017141E-01   9.3017141E-01   9.8095446E-01   9.8083851E-01
    9.8083851E-01   9.7645604E-01   9.7645604E-01   9.7645604E-01   9.8502900E-01
    9.8502900E-01   9.6141752E-01   9.6141752E-01   9.8268143E-01   9.8268143E-01
    9.8145093E-01   9.8205297E-01   9.8205297E-01   9.8394418E-01   9.8394418E-01
    9.8822795E-01   9.8822795E-01   9.8649489E-01   9.8649489E-01

 1.6391059858E+02   1.0795184E+07   8.8101839E+13   3.6910728E+00   4.8066383E-05   9.2120274E-03   9.9970833E-01    59 
    9.5806514E-01   9.5806514E-01   9.5429300E-01   9.5429300E-01   9.5429300E-01
    9.4499428E-01   9.4499428E-01   9.6577481E-01   9.7834963E-01   9.7834963E-01
    9.8066281E-01   9.7947876E-01   9.7947876E-01   9.3083541E-01   9.8375377E-01
    9.8375377E-01   9.2450532E-01   9.2450532E-01   9.7926261E-01   9.7790104E-01
    9.7790104E-01   9.7596473E-01   9.7596473E-01   9.7596473E-01   9.8537141E-01
    9.8537141E-01   9.4513336E-01   9.4513336E-01   9.8244772E-01   9.8244772E-01
    9.7759681E-01   9.7888663E-01   9.7888663E-01   9.7492119E-01   9.7492119E-01
    9.8312428E-01   9.8312428E-01   9.8272720E-01   9.8272720E-01

 1.6240236926E+02   3.3283315E+06   1.0951947E+14   3.9694154E+00   3.3889752E-05   7.6568501E-03   9.9975756E-01    60 
    9.7615413E-01   9.7615413E-01   9.7299240E-01   9.7299240E-01   9.7299240E-01
    9.6794857E-01   9.6794857E-01   9.6365306E-01   9.8607042E-01   9.8607042E-01
    9.8723500E-01   9.8538743E-01   9.8538743E-01   9.6023829E-01   9.8794488E-01
    9.8794488E-01   9.5099986E-01   9.5099986E-01   9.8583135E-01   9.8485662E-01
    9.8485662E-01   9.8406987E-01   9.8406987E-01   9.8406987E-01   9.9030910E-01
    9.9030910E-01   9.5835269E-01   9.5835269E-01   9.8817939E-01   9.8817939E-01
    9.8416978E-01   9.8531293E-01   9.8531293E-01   9.8092975E-01   9.8092975E-01
    9.8747435E-01   9.8747435E-01   9.8754638E-01   9.8754638E-01

 1.6071204776E+02   8.7264208E+05   1.4468783E+14   4.2837533E+00   2.5716381E-05   5.9486986E-03   9.9981164E-01    61 
    9.8911714E-01   9.8911714E-01   9.8713009E-01   9.8713009E-01   9.8713009E-01
    9.8627598E-01   9.8627598E-01   9.7611066E-01   9.9277304E-01   9.9277304E-01
    9.9339429E-01   9.9227165E-01   9.9227165E-01   9.8238623E-01   9.9339236E-01
    9.9339236E-01   9.7800030E-01   9.7800030E-01   9.9229811E-01   9.9185991E-01
    9.9185991E-01   9.9146436E-01   9.9146436E-01   9.9146436E-01   9.9448509E-01
    9.9448509E-01   9.7602995E-01   9.7602995E-01   9.9360432E-01   9.9360432E-01
    9.9132726E-01   9.9206556E-01   9.9206556E-01   9.8937414E-01   9.8937414E-01
    9.9290300E-01   9.9290300E-01   9.9302766E-01   9.9302766E-01

 1.5892063997E+02   2.2130999E+05   2.0143056E+14   4.6370811E+00   2.0916776E-05   4.3781500E-03   9.9986137E-01    62 
    9.9548456E-01   9.9548456E-01   9.9422890E-01   9.9422890E-01   9.9422890E-01
    9.9499474E-01   9.9499474E-01   9.8767417E-01   9.9634318E-01   9.9634318E-01
    9.9669795E-01   9.9620110E-01   9.9620110E-01   9.9289185E-01   9.9647959E-01
    9.9647959E-01   9.9216304E-01   9.9216304E-01   9.9592070E-01   9.9574785E-01
    9.9574785E-01   9.9539063E-01   9.9539063E-01   9.9539063E-01   9.9656280E-01
    9.9656280E-01   9.8834257E-01   9.8834257E-01   9.9641259E-01   9.9641259E-01
    9.9549869E-01   9.9585202E-01   9.9585202E-01   9.9482754E-01   9.9482754E-01
    9.9610888E-01   9.9610888E-01   9.9617670E-01   9.9617670E-01

 1.5710670071E+02   6.2129941E+04   2.9054014E+14   5.0304787E+00   1.8113323E-05   3.1083303E-03   9.9990157E-01    63 
    9.9817652E-01   9.9817652E-01   9.9728645E-01   9.9728645E-01   9.9728645E-01
    9.9815723E-01   9.9815723E-01   9.9473290E-01   9.9817689E-01   9.9817689E-01
    9.9840203E-01   9.9820452E-01   9.9820452E-01   9.9688941E-01   9.9816920E-01
    9.9816920E-01   9.9723369E-01   9.9723369E-01   9.9794267E-01   9.9786017E-01
    9.9786017E-01   9.9741848E-01   9.9741848E-01   9.9741848E-01   9.9798938E-01
    9.9798938E-01   9.9508516E-01   9.9508516E-01   9.9803024E-01   9.9803024E-01
    9.9779047E-01   9.9792587E-01   9.9792587E-01   9.9764005E-01   9.9764005E-01
    9.9799469E-01   9.9799469E-01   9.9801815E-01   9.9801815E-01

 1.5532257781E+02   1.9394131E+04   4.2207562E+14   5.4659996E+00   1.6323732E-05   2.1899214E-03   9.9993066E-01    64 
    9.9933101E-01   9.9933101E-01   9.9885491E-01   9.9885491E-01   9.9885491E-01
    9.9932482E-01   9.9932482E-01   9.9797844E-01   9.9919697E-01   9.9919697E-01
    9.9931528E-01   9.9923180E-01   9.9923180E-01   9.9865679E-01   9.9915765E-01
    9.9915765E-01   9.9898210E-01   9.9898210E-01   9.9908924E-01   9.9905462E-01
    9.9905462E-01   9.9878255E-01   9.9878255E-01   9.9878255E-01   9.9905158E-01
    9.9905158E-01   9.9812842E-01   9.9812842E-01   9.9908365E-01   9.9908365E-01
    9.9904101E-01   9.9908582E-01   9.9908582E-01   9.9902180E-01   9.9902180E-01
    9.9910308E-01   9.9910308E-01   9.9911082E-01   9.9911082E-01

 1.5357526290E+02   6.6439768E+03   6.0816861E+14   5.9462282E+00   1.5101142E-05   1.5549113E-03   9.9995076E-01    65 
    9.9981547E-01   9.9981547E-01   9.9962084E-01   9.9962084E-01   9.9962084E-01
    9.9979521E-01   9.9979521E-01   9.9929180E-01   9.9971357E-01   9.9971357E-01
    9.9975505E-01   9.9971789E-01   9.9971789E-01   9.9952007E-01   9.9967298E-01
    9.9967298E-01   9.9966549E-01   9.9966549E-01   9.9965363E-01   9.9964102E-01
    9.9964102E-01   9.9954659E-01   9.9954659E-01   9.9954659E-01   9.9962982E-01
    9.9962982E-01   9.9935070E-01   9.9935070E-01   9.9964331E-01   9.9964331E-01
    9.9964098E-01   9.9965443E-01   9.9965443E-01   9.9964532E-01   9.9964532E-01
    9.9965840E-01   9.9965840E-01   9.9966100E-01   9.9966100E-01

 1.5183153244E+02   2.5073491E+03   8.7277998E+14   6.4796821E+00   1.4337165E-05   1.1086690E-03   9.9996489E-01    66 
    9.9997251E-01   9.9997251E-01   9.9988485E-01   9.9988485E-01   9.9988485E-01
    9.9995008E-01   9.9995008E-01   9.9977031E-01   9.9991184E-01   9.9991184E-01
    9.9992079E-01   9.9990405E-01   9.9990405E-01   9.9984844E-01   9.9988221E-01
    9.9988221E-01   9.9990001E-01   9.9990001E-01   9.9987667E-01   9.9987220E-01
    9.9987220E-01   9.9983589E-01   9.9983589E-01   9.9983589E-01   9.9986621E-01
    9.9986621E-01   9.9978543E-01   9.9978543E-01   9.9987117E-01   9.9987117E-01
    9.9987505E-01   9.9987902E-01   9.9987902E-01   9.9987957E-01   9.9987957E-01
    9.9987974E-01   9.9987974E-01   9.9988056E-01   9.9988056E-01

 1.5038548321E+02   1.2247029E+03   1.1772571E+15   6.9640690E+00   1.4054510E-05   8.3790507E-04   9.9997347E-01    67 
    1.0000029E+00   1.0000029E+00   9.9994109E-01   9.9994109E-01   9.9994109E-01
    9.9998285E-01   9.9998285E-01   9.9990898E-01   9.9996449E-01   9.9996449E-01
    9.9996687E-01   9.9995800E-01   9.9995800E-01   9.9992399E-01   9.9994631E-01
    9.9994631E-01   9.9995643E-01   9.9995643E-01   9.9994468E-01   9.9994274E-01
    9.9994274E-01   9.9990857E-01   9.9990857E-01   9.9990857E-01   9.9993971E-01
    9.9993971E-01   9.9991011E-01   9.9991011E-01   9.9994179E-01   9.9994179E-01
    9.9994524E-01   9.9994682E-01   9.9994682E-01   9.9994749E-01   9.9994749E-01
    9.9994694E-01   9.9994694E-01   9.9994728E-01   9.9994728E-01

 1.4966049159E+02   8.8220772E+02   1.3678117E+15   7.2222426E+00   1.4021115E-05   7.2821773E-04   9.9997694E-01    68 
    1.0000129E+00   1.0000129E+00   9.9996819E-01   9.9996819E-01   9.9996819E-01
    9.9999603E-01   9.9999603E-01   9.9995149E-01   9.9998230E-01   9.9998230E-01
    9.9998281E-01   9.9997668E-01   9.9997668E-01   9.9994648E-01   9.9996881E-01
    9.9996881E-01   9.9997760E-01   9.9997760E-01   9.9996780E-01   9.9996660E-01
    9.9996660E-01   9.9994119E-01   9.9994119E-01   9.9994119E-01   9.9996462E-01
    9.9996462E-01   9.9994912E-01   9.9994912E-01   9.9996589E-01   9.9996589E-01
    9.9996848E-01   9.9996933E-01   9.9996933E-01   9.9997006E-01   9.9997006E-01
    9.9996934E-01   9.9996934E-01   9.9996953E-01   9.9996953E-01

 1.4929830907E+02   7.5283088E+02   1.4729264E+15   7.3550996E+00   1.4018234E-05   6.7955215E-04   9.9997848E-01    69 
    1.0000189E+00   1.0000189E+00   9.9997429E-01   9.9997429E-01   9.9997429E-01
    1.0000008E+00   1.0000008E+00   9.9995636E-01   9.9998606E-01   9.9998606E-01
    9.9998556E-01   9.9997934E-01   9.9997934E-01   9.9994604E-01   9.9997155E-01
    9.9997155E-01   9.9998210E-01   9.9998210E-01   9.9997047E-01   9.9996930E-01
    9.9996930E-01   9.9994491E-01   9.9994491E-01   9.9994491E-01   9.9996738E-01
    9.9996738E-01   9.9995380E-01   9.9995380E-01   9.9996860E-01   9.9996860E-01
    9.9997106E-01   9.9997181E-01   9.9997181E-01   9.9997253E-01   9.9997253E-01
    9.9997178E-01   9.9997178E-01   9.9997196E-01   9.9997196E-01

 1.4917764230E+02   7.1372026E+02   1.5096672E+15   7.4006453E+00   1.4019446E-05   6.6409302E-04   9.9997897E-01    70 
    1.0004805E+00   1.0004805E+00   1.0003165E+00   1.0003165E+00   1.0003165E+00
    1.0002783E+00   1.0002783E+00   1.0001536E+00   1.0001554E+00   1.0001554E+00
    1.0001361E+00   1.0001022E+00   1.0001022E+00   1.0000644E+00   1.0000614E+00
    1.0000614E+00   1.0000694E+00   1.0000694E+00   1.0000217E+00   1.0000157E+00
    1.0000157E+00   9.9997855E-01   9.9997855E-01   9.9997855E-01   1.0000079E+00
    1.0000079E+00   9.9997548E-01   9.9997548E-01   1.0000097E+00   1.0000097E+00
    1.0000053E+00   1.0000054E+00   1.0000054E+00   1.0000095E+00   1.0000095E+00
    1.0000043E+00   1.0000043E+00   1.0000042E+00   1.0000042E+00
