
 24-FEB-2004                           !Format date

 1.4917764230E+02     1.7654E+05       69       70

 3.5082269414E+04   3.4802573E+04   1.5294168E+05   8.9743105E-01   1.2980627E-05   1.9286201E+03   5.0000000E-02     1 
    1.0836945E-02   1.5902187E+04   1.3029647E+04   6.3670177E-01   2.0800543E-01
    2.8791810E-01   6.7031284E-01   1.7167066E+00   6.6706424E-02   5.8218823E-02
    1.4333952E+00   2.6388576E-01   6.1214433E-01   2.2179811E+00   1.3766522E-01
    1.2747300E-01   1.9220021E-01   1.5141484E-01   2.9976840E+00   2.4425093E-01
    4.1827613E-01   2.6173298E+00   1.8089009E-01   1.6755339E-01   2.9638754E-01
    2.2885632E-01   5.1684877E+00   2.3285536E-01   3.4137212E-01   2.9220105E+00
    2.0371771E-01   1.8995908E-01   3.8220078E-01   2.8507166E-01   3.2583571E+00
    2.3177842E-01   3.5345986E-01   3.0504411E+00   2.1156078E-01   2.1527210E-01
    4.5573411E-01   3.1785074E-01   4.0923409E-01   2.0668226E-01   5.6181819E-01
    2.3391181E-01   5.8886234E-01   5.0415617E-01   6.2299079E-01   5.4328241E-01
    7.9669843E-01   5.6099677E-01   7.1803427E-01   6.3983527E-01   8.2437292E-01
    6.4403761E-01   8.1058131E-01   6.1162741E-01   7.5658400E-01   5.9396998E-01
    7.4497034E-01   5.8755702E-01   7.5683842E-01   5.7511457E-01   7.5671652E-01
    5.6570932E-01   7.5640824E-01   5.5550315E-01   7.5631941E-01

 3.4716047994E+04   3.5543334E+04   1.5620296E+05   8.9843697E-01   1.2968943E-05   1.9284179E+03   5.0000000E-02     2 
    1.1003790E-02   1.5692925E+04   1.2876376E+04   6.4058058E-01   2.0917554E-01
    2.8895523E-01   6.7264288E-01   1.7220806E+00   6.6897265E-02   5.8391307E-02
    1.4371439E+00   2.6452030E-01   6.1365670E-01   2.2227065E+00   1.3793086E-01
    1.2773380E-01   1.9254799E-01   1.5170584E-01   3.0044102E+00   2.4471952E-01
    4.1909966E-01   2.6216605E+00   1.8116100E-01   1.6781851E-01   2.9679052E-01
    2.2919498E-01   5.1786796E+00   2.3324800E-01   3.4196014E-01   2.9261126E+00
    2.0397490E-01   1.9021349E-01   3.8262720E-01   2.8542831E-01   3.2635256E+00
    2.3213939E-01   3.5400628E-01   3.0542731E+00   2.1179785E-01   2.1552724E-01
    4.5617934E-01   3.1821511E-01   4.0999657E-01   2.0703866E-01   5.6236846E-01
    2.3426212E-01   5.8938860E-01   5.0469419E-01   6.2351400E-01   5.4383033E-01
    7.9736289E-01   5.6153508E-01   7.1862040E-01   6.4044997E-01   8.2499898E-01
    6.4466293E-01   8.1117261E-01   6.1223131E-01   7.5713462E-01   5.9455984E-01
    7.4550933E-01   5.8812794E-01   7.5734288E-01   5.7566976E-01   7.5721594E-01
    5.6624709E-01   7.5690144E-01   5.5606143E-01   7.5681285E-01

 3.3994542045E+04   3.7073727E+04   1.6294100E+05   9.0049879E-01   1.2945443E-05   1.9280060E+03   5.0000000E-02     3 
    1.1362849E-02   1.5287272E+04   1.2576858E+04   6.4857894E-01   2.1158477E-01
    2.9108623E-01   6.7744798E-01   1.7331147E+00   6.7288922E-02   5.8745331E-02
    1.4448546E+00   2.6582209E-01   6.1677198E-01   2.2323960E+00   1.3847535E-01
    1.2826855E-01   1.9326060E-01   1.5230149E-01   3.0183202E+00   2.4568044E-01
    4.2079196E-01   2.6305359E+00   1.8171602E-01   1.6836148E-01   2.9761576E-01
    2.2988746E-01   5.1997386E+00   2.3405307E-01   3.4316517E-01   2.9345170E+00
    2.0450170E-01   1.9073403E-01   3.8350019E-01   2.8615693E-01   3.2742246E+00
    2.3287955E-01   3.5512603E-01   3.0621229E+00   2.1228338E-01   2.1604924E-01
    4.5709083E-01   3.1895911E-01   4.1152577E-01   2.0777007E-01   5.6349525E-01
    2.3495467E-01   5.9046616E-01   5.0579768E-01   6.2458533E-01   5.4494985E-01
    7.9872343E-01   5.6263603E-01   7.1982076E-01   6.4170740E-01   8.2628055E-01
    6.4594210E-01   8.1238286E-01   6.1346654E-01   7.5826205E-01   5.9576582E-01
    7.4661295E-01   5.8929471E-01   7.5837571E-01   5.7680394E-01   7.5823838E-01
    5.6734552E-01   7.5791118E-01   5.5720140E-01   7.5782299E-01

 3.2598439712E+04   4.0329161E+04   1.7728017E+05   9.0483870E-01   1.2897947E-05   1.9271596E+03   5.0000000E-02     4 
    1.2201032E-02   1.4529966E+04   1.2009209E+04   6.6562672E-01   2.1673147E-01
    2.9559471E-01   6.8767479E-01   1.7564249E+00   6.8115468E-02   5.9492958E-02
    1.4613020E+00   2.6856748E-01   6.2338488E-01   2.2528090E+00   1.3962142E-01
    1.2939545E-01   1.9475962E-01   1.5355367E-01   3.0480058E+00   2.4770501E-01
    4.2437176E-01   2.6492139E+00   1.8288308E-01   1.6950360E-01   2.9934970E-01
    2.3134089E-01   5.2446163E+00   2.3574882E-01   3.4570428E-01   2.9521932E+00
    2.0560894E-01   1.9182737E-01   3.8533332E-01   2.8768454E-01   3.2970742E+00
    2.3443859E-01   3.5748304E-01   3.0786278E+00   2.1330361E-01   2.1714524E-01
    4.5900478E-01   3.2051820E-01   4.1474967E-01   2.0930891E-01   5.6586238E-01
    2.3636673E-01   5.9272970E-01   5.0812597E-01   6.2683568E-01   5.4729761E-01
    8.0158140E-01   5.6494921E-01   7.2234281E-01   6.4434809E-01   8.2897126E-01
    6.4862694E-01   8.1492312E-01   6.1605753E-01   7.6063018E-01   5.9829417E-01
    7.4893074E-01   5.9173826E-01   7.6054491E-01   5.7917729E-01   7.6038531E-01
    5.6964355E-01   7.6003151E-01   5.5958450E-01   7.5994377E-01

 2.9978590203E+04   4.7720371E+04   2.0982351E+05   9.1442581E-01   1.2799952E-05   1.9253749E+03   5.0000000E-02     5 
    1.4465744E-02   1.3205502E+04   1.0988277E+04   7.0431277E-01   2.2851315E-01
    3.0566377E-01   7.1072427E-01   1.8083205E+00   6.9951568E-02   6.1154952E-02
    1.4986351E+00   2.7465728E-01   6.3820973E-01   2.2979881E+00   1.4215311E-01
    1.3188903E-01   1.9806648E-01   1.5631122E-01   3.1148946E+00   2.5218669E-01
    4.3234677E-01   2.6904552E+00   1.8545552E-01   1.7202144E-01   3.0316525E-01
    2.3453024E-01   5.3458331E+00   2.3950040E-01   3.5132416E-01   2.9911715E+00
    2.0804736E-01   1.9423138E-01   3.8936217E-01   2.9102794E-01   3.3487109E+00
    2.3788810E-01   3.6269081E-01   3.1150033E+00   2.1554920E-01   2.1955349E-01
    4.6321093E-01   3.2392328E-01   4.2187207E-01   2.1262357E-01   5.7106962E-01
    2.3940052E-01   5.9770816E-01   5.1328993E-01   6.3178492E-01   5.5244704E-01
    8.0786747E-01   5.7003770E-01   7.2789323E-01   6.5015166E-01   8.3488273E-01
    6.5452289E-01   8.2050184E-01   6.2174513E-01   7.6583934E-01   6.0384460E-01
    7.5402809E-01   5.9708848E-01   7.6531444E-01   5.8436655E-01   7.6510385E-01
    5.7466903E-01   7.6469267E-01   5.6479092E-01   7.6460461E-01

 2.5346136352E+04   6.6877022E+04   2.9417374E+05   9.3739711E-01   1.2593208E-05   1.9213102E+03   5.0000000E-02     6 
    2.2634438E-02   1.1154074E+04   9.3256269E+03   8.0285099E-01   2.5894211E-01
    3.3039387E-01   7.6830266E-01   1.9348530E+00   7.4406643E-02   6.5194304E-02
    1.5917745E+00   2.8938598E-01   6.7482323E-01   2.4067059E+00   1.4821834E-01
    1.3788635E-01   2.0596413E-01   1.6287777E-01   3.2812008E+00   2.6297611E-01
    4.5177653E-01   2.7891302E+00   1.9158858E-01   1.7802737E-01   3.1222629E-01
    2.4206696E-01   5.5987424E+00   2.4852177E-01   3.6485229E-01   3.0841591E+00
    2.1384916E-01   1.9993715E-01   3.9890582E-01   2.9888831E-01   3.4773196E+00
    2.4618793E-01   3.7518189E-01   3.2016916E+00   2.2088750E-01   2.2525945E-01
    4.7317076E-01   3.3189179E-01   4.3903813E-01   2.2010119E-01   5.8342856E-01
    2.4642660E-01   6.0951762E-01   5.2575139E-01   6.4352671E-01   5.6459708E-01
    8.2277942E-01   5.8209289E-01   7.4108541E-01   6.6390404E-01   8.4886944E-01
    6.6851238E-01   8.3369854E-01   6.3526840E-01   7.7821279E-01   6.1706734E-01
    7.6613473E-01   6.0976766E-01   7.7662185E-01   5.9664803E-01   7.7628366E-01
    5.8658867E-01   7.7574871E-01   5.7712455E-01   7.7565716E-01

 1.8317235113E+04   1.2862357E+05   5.6636281E+05   9.9643453E-01   1.2174734E-05   1.9111462E+03   5.0000000E-02     7 
    7.5618680E-02   8.6650831E+03   7.1359360E+03   1.0952679E+00   3.5115861E-01
    3.9771603E-01   9.3008505E-01   2.2733351E+00   8.6190418E-02   7.5941373E-02
    1.8437644E+00   3.2807611E-01   7.7496826E-01   2.6888303E+00   1.6379135E-01
    1.5345668E-01   2.2608137E-01   1.7959768E-01   3.7394070E+00   2.9102334E-01
    5.0337527E-01   3.0416165E+00   2.0716090E-01   1.9333922E-01   3.3500584E-01
    2.6097168E-01   6.3036137E+00   2.7192539E-01   4.0003535E-01   3.3204669E+00
    2.2851310E-01   2.1435222E-01   4.2277360E-01   3.1845736E-01   3.8284227E+00
    2.6778147E-01   4.0742726E-01   3.4215709E+00   2.3436487E-01   2.3959790E-01
    4.9805094E-01   3.5163037E-01   4.8362556E-01   2.3801849E-01   6.1448605E-01
    2.6383513E-01   6.3914972E-01   5.5801291E-01   6.7301565E-01   5.9482267E-01
    8.6018438E-01   6.1219937E-01   7.7439600E-01   6.9834930E-01   8.8373886E-01
    7.0379408E-01   8.6661754E-01   6.6969898E-01   8.0945324E-01   6.5104030E-01
    7.9668295E-01   6.4202792E-01   8.0499481E-01   6.2793845E-01   8.0432547E-01
    6.1722996E-01   8.0356290E-01   6.0880120E-01   8.0345544E-01

 1.3259938630E+04   2.4697866E+05   1.0890032E+06   1.0693982E+00   1.1761220E-05   1.8971749E+03   5.0000000E-02     8 
    2.9801342E-01   7.0063724E+03   5.5889281E+03   1.5378442E+00   4.8884664E-01
    4.8784522E-01   1.1589077E+00   2.7147561E+00   1.0134296E-01   8.9968468E-02
    2.1583918E+00   3.7736641E-01   9.1164715E-01   3.0411601E+00   1.8298740E-01
    1.7312932E-01   2.5052973E-01   2.0013513E-01   4.3731221E+00   3.2627915E-01
    5.7102273E-01   3.3502313E+00   2.2606395E-01   2.1222730E-01   3.6217866E-01
    2.8380948E-01   7.2869988E+00   3.0135031E-01   4.4474317E-01   3.6070361E+00
    2.4621400E-01   2.3193780E-01   4.5103848E-01   3.4199397E-01   4.3117840E+00
    2.9518534E-01   4.4773007E-01   3.6868094E+00   2.5066044E-01   2.5689902E-01
    5.2746716E-01   3.7543752E-01   5.4599929E-01   2.6085995E-01   6.5155272E-01
    2.8491563E-01   6.7443709E-01   5.9759863E-01   7.0822194E-01   6.3052477E-01
    9.0449370E-01   6.4800981E-01   8.1464085E-01   7.3986709E-01   9.2461314E-01
    7.4701941E-01   9.0522532E-01   7.1258908E-01   8.4718648E-01   6.9297530E-01
    8.3352866E-01   6.8224678E-01   8.3890877E-01   6.6737068E-01   8.3783443E-01
    6.5628654E-01   8.3691363E-01   6.4888945E-01   8.3677688E-01

 9.6166670245E+03   4.7379676E+05   2.0920314E+06   1.1432020E+00   1.1422410E-05   1.8780843E+03   5.0000000E-02     9 
    9.3233309E-01   5.4178380E+03   4.1973350E+03   2.0797901E+00   6.5694540E-01
    5.8595956E-01   1.4262732E+00   3.1819264E+00   1.1730456E-01   1.0501382E-01
    2.4815169E+00   4.2871221E-01   1.0680031E+00   3.3999660E+00   2.0240570E-01
    1.9378125E-01   2.7473981E-01   2.2090715E-01   5.0792499E+00   3.6266299E-01
    6.4479494E-01   3.6564795E+00   2.4494601E-01   2.3158052E-01   3.8861978E-01
    3.0663220E-01   8.4615612E+00   3.3197932E-01   4.9202876E-01   3.8888455E+00
    2.6387716E-01   2.4989811E-01   4.7835330E-01   3.6552228E-01   4.8639691E+00
    3.2444132E-01   4.8939661E-01   3.9457468E+00   2.6713126E-01   2.7430435E-01
    5.5586379E-01   3.9945993E-01   6.1793630E-01   2.8603601E-01   6.8769642E-01
    3.0780978E-01   7.0882394E-01   6.3838443E-01   7.4270291E-01   6.6526670E-01
    9.4688976E-01   6.8245181E-01   8.5506479E-01   7.7963695E-01   9.6285730E-01
    7.8907060E-01   9.4147006E-01   7.5605632E-01   8.8483166E-01   7.3652262E-01
    8.7032898E-01   7.2413454E-01   8.7240808E-01   7.0927937E-01   8.7086633E-01
    6.9878097E-01   8.6987030E-01   6.9271519E-01   8.6970498E-01

 6.9894703843E+03   9.0862294E+05   4.0167285E+06   1.2057044E+00   1.1215126E-05   1.8521097E+03   5.0000000E-02    10 
    1.8832469E+00   3.8307401E+03   2.9155281E+03   2.6129076E+00   8.2212490E-01
    6.7373980E-01   1.7032436E+00   3.5878436E+00   1.3151112E-01   1.1883457E-01
    2.7246700E+00   4.7339103E-01   1.2321952E+00   3.7040701E+00   2.1913043E-01
    2.1292568E-01   2.9481361E-01   2.3891894E-01   5.7932014E+00   3.9437779E-01
    7.1671643E-01   3.9072348E+00   2.6113677E-01   2.4906414E-01   4.1025132E-01
    3.2641750E-01   9.8255736E+00   3.5944940E-01   5.3620200E-01   4.1148434E+00
    2.7920230E-01   2.6638414E-01   5.0057839E-01   3.8615778E-01   5.4443298E+00
    3.5239041E-01   5.2653778E-01   4.1521480E+00   2.8204097E-01   2.8984163E-01
    5.7896432E-01   4.2104803E-01   7.0045405E-01   3.1305296E-01   7.1739170E-01
    3.3144638E-01   7.3709885E-01   6.7565000E-01   7.7142179E-01   6.9290911E-01
    9.7999604E-01   7.0823962E-01   8.9044463E-01   8.0889495E-01   9.9110532E-01
    8.2193929E-01   9.6881766E-01   7.9327405E-01   9.1686642E-01   7.7533486E-01
    9.0195256E-01   7.6291911E-01   9.0098629E-01   7.4965568E-01   8.9896464E-01
    7.4072326E-01   8.9792487E-01   7.3608008E-01   8.9772358E-01

 5.0974864020E+03   1.7399450E+06   7.6983784E+06   1.2533099E+00   1.1134704E-05   1.8171294E+03   5.0000000E-02    11 
    2.5402128E+00   2.4967853E+03   1.8998981E+03   3.0618576E+00   9.7062915E-01
    7.4288525E-01   1.9763257E+00   3.8960080E+00   1.4333091E-01   1.3075762E-01
    2.8881245E+00   5.0854696E-01   1.4021135E+00   3.9337840E+00   2.3272351E-01
    2.3028546E-01   3.0985218E-01   2.5366037E-01   6.4648965E+00   4.1997299E-01
    7.8569197E-01   4.0862038E+00   2.7444436E-01   2.6479371E-01   4.2631620E-01
    3.4286939E-01   1.1419974E+01   3.8324147E-01   5.7770070E-01   4.2680947E+00
    2.9226492E-01   2.8220626E-01   5.1704191E-01   4.0382046E-01   6.0420538E+00
    3.7992674E-01   5.5870949E-01   4.2896571E+00   2.9604089E-01   3.0402172E-01
    5.9609573E-01   4.4035586E-01   7.9392720E-01   3.4401384E-01   7.3964404E-01
    3.5742239E-01   7.5836401E-01   7.0812525E-01   7.9376728E-01   7.1222037E-01
    1.0016317E+00   7.2358786E-01   9.1994965E-01   8.2443228E-01   1.0072680E+00
    8.4206490E-01   9.8585608E-01   8.2127170E-01   9.4164691E-01   8.0741825E-01
    9.2724333E-01   7.9718042E-01   9.2415390E-01   7.8705174E-01   9.2178534E-01
    7.8050747E-01   9.2071548E-01   7.7733675E-01   9.2047256E-01

 3.7365896632E+03   3.3213519E+06   1.4703765E+07   1.2894887E+00   1.1147661E-05   1.7707781E+03   5.0000000E-02    12 
    2.6320321E+00   1.5489216E+03   1.2043818E+03   3.4226636E+00   1.1132425E+00
    7.9633085E-01   2.2566925E+00   4.1196451E+00   1.5401979E-01   1.4173773E-01
    3.0401714E+00   5.3685610E-01   1.5871466E+00   4.1049260E+00   2.4483906E-01
    2.4753824E-01   3.2119102E-01   2.6659084E-01   7.1035748E+00   4.4199304E-01
    8.5836711E-01   4.2055045E+00   2.8669766E-01   2.8120448E-01   4.3836128E-01
    3.5772077E-01   1.3335064E+01   4.0656215E-01   6.2426472E-01   4.3578698E+00
    3.0510915E-01   3.0097679E-01   5.2941055E-01   4.2047920E-01   6.6786508E+00
    4.1226284E-01   5.9117219E-01   4.3620335E+00   3.1191610E-01   3.1979723E-01
    6.0902828E-01   4.5960833E-01   9.1282957E-01   3.8248643E-01   7.5662709E-01
    3.8984298E-01   7.7491774E-01   7.3894599E-01   8.1229091E-01   7.2793399E-01
    1.0132006E+00   7.3155008E-01   9.4511371E-01   8.2678633E-01   1.0138073E+00
    8.5005507E-01   9.9506744E-01   8.3993621E-01   9.6036823E-01   8.3291473E-01
    9.4768640E-01   8.2729680E-01   9.4375175E-01   8.2140916E-01   9.4135517E-01
    8.1759940E-01   9.4032674E-01   8.1580724E-01   9.4006408E-01

 2.7563509756E+03   6.3164557E+06   2.7973630E+07   1.3205875E+00   1.1216092E-05   1.7106276E+03   5.0000000E-02    13 
    2.4291833E+00   9.4552745E+02   7.6978058E+02   3.7390245E+00   1.2927361E+00
    8.4290356E-01   2.5599973E+00   4.2945766E+00   1.6601811E-01   1.5367363E-01
    3.2897967E+00   5.6377767E-01   1.7954313E+00   4.2466010E+00   2.5833466E-01
    2.6730915E-01   3.3097743E-01   2.8007673E-01   7.7189682E+00   4.6525341E-01
    9.4596367E-01   4.2871524E+00   3.0093127E-01   3.0271848E-01   4.4871375E-01
    3.7361542E-01   1.5574529E+01   4.3529683E-01   6.9096100E-01   4.4017597E+00
    3.2111041E-01   3.2945123E-01   5.4008087E-01   4.3902314E-01   7.3769033E+00
    4.5848855E-01   6.3449977E-01   4.3742651E+00   3.3425531E-01   3.4272266E-01
    6.2034481E-01   4.8209240E-01   1.0748403E+00   4.3327259E-01   7.7166827E-01
    4.3512422E-01   7.9032988E-01   7.7306956E-01   8.3065542E-01   7.4690080E-01
    1.0176019E+00   7.3828268E-01   9.6705974E-01   8.2012549E-01   1.0154794E+00
    8.4873095E-01   1.0005075E+00   8.5058735E-01   9.7541154E-01   8.5163049E-01
    9.6536184E-01   8.5161049E-01   9.6168589E-01   8.5004780E-01   9.5960526E-01
    8.4879007E-01   9.5872295E-01   8.4815496E-01   9.5848002E-01

 2.0470774864E+03   1.1992982E+07   5.3126114E+07   1.3529296E+00   1.1315699E-05   1.6331125E+03   5.0000000E-02    14 
    2.2429519E+00   5.8226698E+02   5.0924024E+02   4.0671751E+00   1.5633856E+00
    8.9284409E-01   2.8805213E+00   4.4576328E+00   1.8267398E-01   1.6913055E-01
    3.8164740E+00   5.9576101E-01   2.0102915E+00   4.3848996E+00   2.7695128E-01
    2.9244431E-01   3.4130546E-01   2.9684447E-01   8.3192376E+00   4.9591940E-01
    1.0605868E+00   4.3505992E+00   3.2117497E-01   3.3625011E-01   4.5957770E-01
    3.9354910E-01   1.7724701E+01   4.7790820E-01   8.0206346E-01   4.4151263E+00
    3.4501979E-01   3.7902803E-01   5.5131265E-01   4.6283091E-01   8.1073858E+00
    5.3180778E-01   7.0643734E-01   4.3191121E+00   3.6969904E-01   3.8248525E-01
    6.3252760E-01   5.1183099E-01   1.3086489E+00   5.0291626E-01   7.8807463E-01
    5.0099000E-01   8.0814780E-01   8.1470367E-01   8.5229098E-01   7.7697972E-01
    1.0179968E+00   7.5313785E-01   9.8567682E-01   8.1280255E-01   1.0166509E+00
    8.4245212E-01   1.0056970E+00   8.5339426E-01   9.8894251E-01   8.6092649E-01
    9.8170844E-01   8.6538045E-01   9.7886591E-01   8.6707798E-01   9.7727609E-01
    8.6768866E-01   9.7659442E-01   8.6786552E-01   9.7639655E-01

 1.5323288063E+03   2.2775944E+07   1.0090751E+08   1.3916933E+00   1.1452324E-05   1.5345371E+03   5.0000000E-02    15 
    2.2435640E+00   3.6789847E+02   3.5256783E+02   4.4554283E+00   1.9240015E+00
    9.5602756E-01   3.1696742E+00   4.6388798E+00   2.0859690E-01   1.9134013E-01
    4.8720964E+00   6.3961160E-01   2.1735342E+00   4.5281207E+00   3.0561710E-01
    3.2646964E-01   3.5400935E-01   3.1980161E-01   8.9124828E+00   5.4146660E-01
    1.2091448E+00   4.4046503E+00   3.5272617E-01   3.9139615E-01   4.7282786E-01
    4.2058937E-01   1.8744598E+01   5.4628328E-01   9.8872478E-01   4.4045479E+00
    3.8369739E-01   4.6612114E-01   5.6511489E-01   4.9560565E-01   8.6947884E+00
    6.4904512E-01   8.3478178E-01   4.1748864E+00   4.2718595E-01   4.5535055E-01
    6.4792230E-01   5.5350216E-01   1.6573929E+00   5.9855348E-01   8.0858075E-01
    5.9444010E-01   8.3167764E-01   8.6426572E-01   8.7940447E-01   8.2239384E-01
    1.0172151E+00   7.8583226E-01   1.0004471E+00   8.1659612E-01   1.0192470E+00
    8.3782064E-01   1.0119913E+00   8.5049835E-01   1.0016227E+00   8.5991366E-01
    9.9679084E-01   8.6601698E-01   9.9484937E-01   8.6913497E-01   9.9374029E-01
    8.7061137E-01   9.9324851E-01   8.7117417E-01   9.9309773E-01

 1.1582499869E+03   4.3339140E+07   1.9200980E+08   1.4346153E+00   1.1773590E-05   1.4114839E+03   5.0000000E-02    16 
    2.3428411E+00   2.3608631E+02   2.4554190E+02   4.8575240E+00   2.1859454E+00
    1.0312733E+00   3.3352352E+00   4.8154748E+00   2.4855001E-01   2.2175849E-01
    6.3389230E+00   6.9751990E-01   2.2136396E+00   4.6217735E+00   3.4918754E-01
    3.7328516E-01   3.6906941E-01   3.5092937E-01   9.4878302E+00   6.0774236E-01
    1.3810054E+00   4.4341012E+00   4.0062649E-01   4.7601370E-01   4.8830946E-01
    4.5676446E-01   1.7661849E+01   6.5290050E-01   1.2640837E+00   4.3281456E+00
    4.4547307E-01   6.0301527E-01   5.8146798E-01   5.4053543E-01   8.6869263E+00
    8.2140777E-01   1.0530660E+00   3.8915083E+00   5.1491766E-01   5.8392640E-01
    6.6709666E-01   6.1228941E-01   2.1653639E+00   7.2670610E-01   8.3235015E-01
    7.1877313E-01   8.6031063E-01   9.1507844E-01   9.0900355E-01   8.7921391E-01
    1.0137898E+00   8.3651484E-01   1.0084798E+00   8.3971454E-01   1.0201697E+00
    8.4470364E-01   1.0160919E+00   8.5057053E-01   1.0101945E+00   8.5653566E-01
    1.0071828E+00   8.6105836E-01   1.0059782E+00   8.6369475E-01   1.0052693E+00
    8.6506797E-01   1.0049358E+00   8.6562988E-01   1.0048267E+00

 8.8648429192E+02   8.2860203E+07   3.6694113E+08   1.4638058E+00   1.2771883E-05   1.2607515E+03   5.0000000E-02    17 
    2.0379112E+00   1.4558501E+02   1.5129446E+02   5.0161610E+00   1.9858750E+00
    1.0905601E+00   3.3257884E+00   4.8607831E+00   3.0331525E-01   2.5359393E-01
    6.6793072E+00   7.5892834E-01   2.2011104E+00   4.5300110E+00   4.0894015E-01
    4.2919304E-01   3.8301642E-01   3.9005286E-01   9.6165829E+00   6.9387624E-01
    1.5885441E+00   4.3472739E+00   4.6642325E-01   5.9208211E-01   5.0221801E-01
    5.0275274E-01   1.6307809E+01   7.9798736E-01   1.6109816E+00   4.0445699E+00
    5.3390220E-01   7.8569516E-01   5.9675460E-01   6.0091357E-01   7.8207146E+00
    1.0297788E+00   1.4030011E+00   3.4070390E+00   6.3047458E-01   7.9697597E-01
    6.8716448E-01   6.9634105E-01   2.8550961E+00   8.9419040E-01   8.5202016E-01
    8.7325399E-01   8.8463572E-01   9.6728701E-01   9.2971568E-01   9.3362486E-01
    1.0007824E+00   8.9230574E-01   1.0030897E+00   8.7989765E-01   1.0114510E+00
    8.7207647E-01   1.0101035E+00   8.6915671E-01   1.0072654E+00   8.6935711E-01
    1.0057033E+00   8.7058016E-01   1.0050973E+00   8.7161839E-01   1.0047451E+00
    8.7228056E-01   1.0045651E+00   8.7258691E-01   1.0045035E+00

 6.9039029493E+02   1.5797268E+08   6.9905396E+08   1.4982086E+00   1.4599807E-05   1.0909594E+03   5.0000000E-02    18 
    1.9809976E+00   9.2167639E+01   8.4871299E+01   5.1250870E+00   1.5592691E+00
    1.1645873E+00   3.4495071E+00   4.8738201E+00   3.8363234E-01   2.9199407E-01
    4.9541435E+00   8.4095723E-01   2.4744940E+00   4.3649021E+00   4.9699641E-01
    4.9337841E-01   4.0511212E-01   4.5321435E-01   8.9490007E+00   8.2154686E-01
    2.1068049E+00   4.0638525E+00   5.6353398E-01   7.8653244E-01   5.2383515E-01
    5.7959118E-01   1.8061085E+01   9.8381954E-01   2.4622609E+00   3.6005373E+00
    6.4857320E-01   1.1937293E+00   6.2085920E-01   7.0728263E-01   9.8411877E+00
    1.2364464E+00   2.0731441E+00   2.8308332E+00   7.6533225E-01   1.1797800E+00
    7.1855411E-01   8.4573741E-01   3.6733328E+00   1.1384188E+00   8.7550890E-01
    1.0803282E+00   9.0937014E-01   1.0660017E+00   9.4692636E-01   1.0100576E+00
    9.9166169E-01   9.6938699E-01   9.9645262E-01   9.5121612E-01   1.0027687E+00
    9.3929005E-01   1.0029177E+00   9.3265058E-01   1.0017766E+00   9.2960947E-01
    1.0011584E+00   9.2843358E-01   1.0009187E+00   9.2803893E-01   1.0007931E+00
    9.2795309E-01   1.0007253E+00   9.2795402E-01   1.0006991E+00

 5.4847456755E+02   2.9940039E+08   1.3235100E+09   1.5461517E+00   1.6486721E-05   9.1281940E+02   5.0000000E-02    19 
    2.2358257E+00   6.1211804E+01   5.4806251E+01   5.2416893E+00   1.8747505E+00
    1.2644557E+00   3.8807333E+00   4.8287642E+00   4.9783051E-01   3.8651795E-01
    3.2724158E+00   9.5328783E-01   2.7757158E+00   4.1810684E+00   6.1702394E-01
    5.9838642E-01   4.4393579E-01   5.6856495E-01   1.0731262E+01   9.9045566E-01
    2.9151779E+00   3.5725201E+00   6.9945390E-01   1.1188616E+00   5.6161898E-01
    7.1073356E-01   1.7427930E+01   1.1898443E+00   4.3718143E+00   3.0943986E+00
    7.8951526E-01   2.1476974E+00   6.6287004E-01   9.0342803E-01   1.4904981E+01
    1.3827767E+00   2.9529955E+00   2.3011107E+00   8.9923358E-01   1.7039603E+00
    7.6724217E-01   1.0934273E+00   3.9826739E+00   1.4555850E+00   9.0506551E-01
    1.3292926E+00   9.3705939E-01   1.2091206E+00   9.6502230E-01   1.1270377E+00
    9.9229833E-01   1.0784395E+00   9.9578789E-01   1.0550662E+00   1.0000662E+00
    1.0407442E+00   1.0005247E+00   1.0323327E+00   1.0000994E+00   1.0277851E+00
    9.9987490E-01   1.0254162E+00   9.9977963E-01   1.0242309E+00   9.9973728E-01
    1.0236789E+00   9.9971677E-01   1.0234712E+00   9.9970879E-01

 4.4520540025E+02   5.7024934E+08   2.5170390E+09   1.6147431E+00   1.8202050E-05   7.2827275E+02   5.0000000E-02    20 
    3.0336961E+00   4.3166022E+01   4.4304798E+01   5.4044696E+00   2.6785521E+00
    1.3983313E+00   3.8672753E+00   4.6644682E+00   6.5313149E-01   5.5511278E-01
    4.9477478E+00   1.1070532E+00   3.0227487E+00   3.9666318E+00   7.7038202E-01
    8.4315807E-01   5.0950080E-01   7.2753190E-01   8.5030748E+00   1.1848396E+00
    3.8212885E+00   3.2654622E+00   8.6089872E-01   1.6285173E+00   6.2470329E-01
    9.0571362E-01   1.8031985E+01   1.3923466E+00   5.8787748E+00   2.6045678E+00
    9.6381707E-01   3.0423509E+00   7.3134862E-01   1.1965774E+00   1.4233802E+01
    1.4578901E+00   3.6628155E+00   1.8932247E+00   1.0124754E+00   2.2641399E+00
    8.3556494E-01   1.4310316E+00   4.2536843E+00   1.8013112E+00   9.4433369E-01
    1.5814182E+00   9.6810394E-01   1.3721197E+00   9.8546861E-01   1.2589078E+00
    1.0001845E+00   1.1987443E+00   1.0019232E+00   1.1661265E+00   1.0038466E+00
    1.1471085E+00   1.0039030E+00   1.1360343E+00   1.0035478E+00   1.1295909E+00
    1.0033376E+00   1.1258666E+00   1.0032359E+00   1.1237992E+00   1.0031734E+00
    1.1227441E+00   1.0031443E+00   1.1223195E+00   1.0031329E+00

 3.7023114510E+02   1.0879694E+09   4.7907424E+09   1.6648103E+00   1.9787920E-05   5.5304713E+02   5.0000009E-02    21 
    3.0859877E+00   2.9416486E+01   3.6920466E+01   5.1893289E+00   2.8207707E+00
    1.4860319E+00   4.5078353E+00   4.2659103E+00   8.1089813E-01   7.6140822E-01
    5.7595541E+00   1.2283331E+00   3.3257886E+00   3.5741348E+00   9.1819281E-01
    1.1844215E+00   5.9081308E-01   1.0248369E+00   1.2862415E+01   1.3564480E+00
    5.2489485E+00   2.8548414E+00   1.0119797E+00   2.4741234E+00   7.0255026E-01
    1.2103402E+00   1.7659007E+01   1.4957407E+00   6.2327470E+00   2.1237670E+00
    1.0760872E+00   3.4943943E+00   8.1000056E-01   1.6351686E+00   1.0284809E+01
    1.4228731E+00   6.6642987E+00   1.5828038E+00   1.0740939E+00   4.1876473E+00
    9.0171022E-01   2.0203937E+00   8.4582534E+00   2.1436936E+00   9.7490660E-01
    1.7937293E+00   9.8893826E-01   1.5139455E+00   9.9764570E-01   1.3758091E+00
    1.0042748E+00   1.3006126E+00   1.0046955E+00   1.2595175E+00   1.0052568E+00
    1.2353808E+00   1.0049973E+00   1.2208900E+00   1.0046600E+00   1.2123792E+00
    1.0044573E+00   1.2074398E+00   1.0043470E+00   1.2046510E+00   1.0042805E+00
    1.2031971E+00   1.0042471E+00   1.2026007E+00   1.0042335E+00

 3.1578291478E+02   2.0721719E+09   9.0966756E+09   1.7234277E+00   2.4197760E-05   4.0011761E+02   5.0001533E-02    22 
    3.7494460E+00   2.0909923E+01   2.2867400E+01   4.9292079E+00   3.5437393E+00
    1.5656258E+00   3.3522007E+00   3.9075098E+00   9.6948563E-01   9.9296441E-01
    5.4917176E+00   1.3513211E+00   2.9009856E+00   3.1692685E+00   1.0521747E+00
    1.3833751E+00   6.9234489E-01   1.1386095E+00   5.9636598E+00   1.4617866E+00
    5.4592769E+00   2.3998407E+00   1.1355958E+00   2.8836638E+00   7.9770535E-01
    1.3851665E+00   1.5066937E+01   1.5079168E+00   3.5670350E+00   1.7813821E+00
    1.1506507E+00   2.3941064E+00   8.9666733E-01   1.7879080E+00   3.5267512E+00
    1.3507286E+00   6.6088443E+00   1.3875722E+00   1.1084562E+00   4.4481737E+00
    9.6374121E-01   2.2944098E+00   8.0774436E+00   2.3006045E+00   1.0019029E+00
    1.8953963E+00   1.0055591E+00   1.5936133E+00   1.0072609E+00   1.4350966E+00
    1.0086729E+00   1.3504325E+00   1.0078406E+00   1.3033042E+00   1.0074817E+00
    1.2759274E+00   1.0069689E+00   1.2597844E+00   1.0065586E+00   1.2500569E+00
    1.0063072E+00   1.2442535E+00   1.0061633E+00   1.2409450E+00   1.0060793E+00
    1.2392206E+00   1.0060342E+00   1.2385187E+00   1.0060165E+00

 2.7661628532E+02   3.8974254E+09   1.7050265E+10   1.8054300E+00   3.0655305E-05   2.7752273E+02   5.0091237E-02    23 
    5.7633793E+00   1.6131833E+01   1.4744027E+01   4.7842924E+00   4.7447960E+00
    1.6798634E+00   2.6532886E+00   3.6272185E+00   1.1298068E+00   1.3158110E+00
    4.2041235E+00   1.4594107E+00   2.2837739E+00   2.8068043E+00   1.1834961E+00
    1.5152004E+00   8.0790142E-01   1.1923919E+00   3.5717532E+00   1.5510748E+00
    3.7614113E+00   2.0582767E+00   1.2228806E+00   2.3807086E+00   9.0106205E-01
    1.3950484E+00   6.9454999E+00   1.4678934E+00   3.5891011E+00   1.5586221E+00
    1.1878375E+00   2.5521265E+00   9.7719179E-01   1.7388207E+00   4.1396920E+00
    1.2787471E+00   3.3190719E+00   1.2691957E+00   1.1149045E+00   2.5957684E+00
    1.0113547E+00   1.9234976E+00   3.5184097E+00   1.9862250E+00   1.0224536E+00
    1.7172183E+00   1.0174684E+00   1.4797746E+00   1.0142518E+00   1.3532043E+00
    1.0124551E+00   1.2857927E+00   1.0106731E+00   1.2472263E+00   1.0096811E+00
    1.2250676E+00   1.0089390E+00   1.2118275E+00   1.0084360E+00   1.2039105E+00
    1.0081286E+00   1.1991822E+00   1.0079458E+00   1.1964540E+00   1.0078392E+00
    1.1950162E+00   1.0077825E+00   1.1944302E+00   1.0077595E+00

 2.4977526034E+02   6.7809637E+09   2.9569493E+10   1.8715132E+00   3.5916717E-05   1.9011087E+02   5.1681074E-02    24 
    7.1792320E+00   1.2772385E+01   1.1937792E+01   4.5431381E+00   3.9917794E+00
    1.7400593E+00   2.5985336E+00   3.3084322E+00   1.2461708E+00   1.3575356E+00
    4.1867412E+00   1.5130060E+00   2.2377925E+00   2.5109108E+00   1.2714024E+00
    1.6275275E+00   9.0466352E-01   1.3171417E+00   3.8957668E+00   1.5545952E+00
    3.9557974E+00   1.8036457E+00   1.2543835E+00   2.6065757E+00   9.8087604E-01
    1.4930795E+00   6.1387018E+00   1.3979343E+00   3.2929525E+00   1.4113244E+00
    1.1871845E+00   2.4609290E+00   1.0273083E+00   1.7875066E+00   3.5138637E+00
    1.2109760E+00   3.2541224E+00   1.1910177E+00   1.1005713E+00   2.5636165E+00
    1.0335958E+00   1.8748354E+00   3.4031463E+00   1.7813492E+00   1.0296637E+00
    1.5777172E+00   1.0205896E+00   1.3960616E+00   1.0154347E+00   1.2923901E+00
    1.0125021E+00   1.2353801E+00   1.0104657E+00   1.2030687E+00   1.0093002E+00
    1.1845191E+00   1.0085326E+00   1.1734891E+00   1.0080400E+00   1.1668418E+00
    1.0077395E+00   1.1628850E+00   1.0075605E+00   1.1606192E+00   1.0074563E+00
    1.1594239E+00   1.0074010E+00   1.1589403E+00   1.0073783E+00

 2.3090919769E+02   9.6088381E+09   4.1812377E+10   1.9211818E+00   3.7406088E-05   1.3068642E+02   6.2185517E-02    25 
    8.1555608E+00   1.0387170E+01   1.0392716E+01   4.2835367E+00   4.0810236E+00
    1.7528315E+00   2.4715200E+00   3.0142388E+00   1.2998190E+00   1.4846724E+00
    4.6519751E+00   1.5262552E+00   2.2042103E+00   2.2822577E+00   1.3036167E+00
    1.7469517E+00   9.6134855E-01   1.3667255E+00   3.2796633E+00   1.5107611E+00
    3.0410704E+00   1.6488632E+00   1.2549357E+00   2.2416597E+00   1.0217432E+00
    1.4938747E+00   3.9238063E+00   1.3403607E+00   2.9719866E+00   1.3287580E+00
    1.1727227E+00   2.3140533E+00   1.0464919E+00   1.7290555E+00   3.1690433E+00
    1.1691935E+00   3.0420608E+00   1.1481385E+00   1.0849998E+00   2.4120050E+00
    1.0388508E+00   1.7610669E+00   3.1612625E+00   1.6055650E+00   1.0298506E+00
    1.4635299E+00   1.0200497E+00   1.3176910E+00   1.0146238E+00   1.2346522E+00
    1.0115543E+00   1.1886242E+00   1.0095599E+00   1.1625232E+00   1.0084123E+00
    1.1473641E+00   1.0076881E+00   1.1383855E+00   1.0072324E+00   1.1329575E+00
    1.0069548E+00   1.1297099E+00   1.0067893E+00   1.1278598E+00   1.0066931E+00
    1.1268901E+00   1.0066422E+00   1.1265028E+00   1.0066216E+00

 2.1688437323E+02   1.0108506E+10   4.3934701E+10   1.9502244E+00   3.2435290E-05   8.9818783E+01   9.7584284E-02    26 
    8.5864607E+00   8.5977229E+00   9.4489007E+00   4.0007905E+00   4.3171132E+00
    1.7187828E+00   2.3973838E+00   2.7483649E+00   1.2775347E+00   1.5561983E+00
    5.1625324E+00   1.4963136E+00   2.2328219E+00   2.1016988E+00   1.2716870E+00
    1.7976604E+00   9.6463692E-01   1.3242678E+00   2.7236308E+00   1.4630294E+00
    2.2611589E+00   1.5658869E+00   1.2280794E+00   1.8585589E+00   1.0179467E+00
    1.4049056E+00   2.4835742E+00   1.3073648E+00   2.5683737E+00   1.2907504E+00
    1.1547868E+00   2.0641011E+00   1.0405895E+00   1.5716400E+00   2.7593148E+00
    1.1528579E+00   2.4470862E+00   1.1317796E+00   1.0758802E+00   2.0228095E+00
    1.0346449E+00   1.5822164E+00   2.5073861E+00   1.4825631E+00   1.0271391E+00
    1.3936431E+00   1.0184336E+00   1.2680604E+00   1.0134487E+00   1.1987213E+00
    1.0106012E+00   1.1603249E+00   1.0087605E+00   1.1384330E+00   1.0076975E+00
    1.1255051E+00   1.0070297E+00   1.1178497E+00   1.0066105E+00   1.1132128E+00
    1.0063551E+00   1.1104120E+00   1.0062023E+00   1.1088215E+00   1.0061138E+00
    1.1079926E+00   1.0060669E+00   1.1076626E+00   1.0060481E+00

 2.0594925382E+02   9.2923159E+09   4.0362425E+10   1.9596571E+00   2.6577416E-05   6.1715020E+01   1.7142474E-01    27 
    8.2763652E+00   7.2032147E+00   8.1682227E+00   3.6987421E+00   4.3969613E+00
    1.6412563E+00   2.2992054E+00   2.4958405E+00   1.1977076E+00   1.5154504E+00
    4.8925773E+00   1.4303343E+00   2.1609009E+00   1.9363341E+00   1.1888041E+00
    1.7275626E+00   9.3104685E-01   1.2399650E+00   2.4520415E+00   1.4028554E+00
    1.9348842E+00   1.4920777E+00   1.1737030E+00   1.6642953E+00   9.8573135E-01
    1.2947646E+00   1.9401438E+00   1.2732574E+00   2.0826622E+00   1.2567863E+00
    1.1246879E+00   1.7492492E+00   1.0174403E+00   1.3991926E+00   2.1937765E+00
    1.1390316E+00   1.8638552E+00   1.1184902E+00   1.0637368E+00   1.6426795E+00
    1.0218138E+00   1.4109864E+00   1.8732296E+00   1.3813689E+00   1.0198918E+00
    1.3349770E+00   1.0141469E+00   1.2290799E+00   1.0105206E+00   1.1713844E+00
    1.0084021E+00   1.1389790E+00   1.0069833E+00   1.1203791E+00   1.0061630E+00
    1.1093112E+00   1.0056373E+00   1.1027519E+00   1.0053042E+00   1.0987690E+00
    1.0051009E+00   1.0963284E+00   1.0049789E+00   1.0949475E+00   1.0049084E+00
    1.0942318E+00   1.0048710E+00   1.0939467E+00   1.0048558E+00

 1.9697393335E+02   9.0142469E+09   3.9147849E+10   1.9556251E+00   2.3646864E-05   4.2341426E+01   2.8161607E-01    28 
    7.3445677E+00   6.0305338E+00   6.6768030E+00   3.3794940E+00   4.2936424E+00
    1.5428190E+00   2.1429928E+00   2.2562925E+00   1.1088886E+00   1.4242588E+00
    4.1047976E+00   1.3491939E+00   1.9882730E+00   1.7730863E+00   1.0964983E+00
    1.5827738E+00   8.9435505E-01   1.1529153E+00   2.2160558E+00   1.3309694E+00
    1.7416314E+00   1.4038264E+00   1.1106984E+00   1.5186763E+00   9.5135960E-01
    1.1963420E+00   1.6785771E+00   1.2251385E+00   1.6972850E+00   1.2088780E+00
    1.0854267E+00   1.4924936E+00   9.9112797E-01   1.2661645E+00   1.7210457E+00
    1.1146701E+00   1.5211023E+00   1.0959829E+00   1.0451795E+00   1.4065743E+00
    1.0052260E+00   1.2821871E+00   1.5085227E+00   1.2827462E+00   1.0092659E+00
    1.2593346E+00   1.0073301E+00   1.1799308E+00   1.0057049E+00   1.1364047E+00
    1.0047131E+00   1.1111308E+00   1.0039656E+00   1.0965277E+00   1.0035380E+00
    1.0878627E+00   1.0032484E+00   1.0827270E+00   1.0030598E+00   1.0795963E+00
    1.0029444E+00   1.0776414E+00   1.0028752E+00   1.0765403E+00   1.0028351E+00
    1.0759733E+00   1.0028139E+00   1.0757486E+00   1.0028051E+00

 1.8792994997E+02   9.9091019E+09   4.3034034E+10   1.9538550E+00   2.3357795E-05   2.8806504E+01   4.1366939E-01    29 
    6.5036470E+00   4.9020579E+00   5.2869709E+00   3.0306864E+00   4.0055277E+00
    1.4416187E+00   1.9652372E+00   2.0164926E+00   1.0392184E+00   1.3296423E+00
    3.3496030E+00   1.2685165E+00   1.8068865E+00   1.6043010E+00   1.0200884E+00
    1.4400197E+00   8.7203228E-01   1.0839339E+00   1.9454039E+00   1.2547790E+00
    1.5794997E+00   1.3020049E+00   1.0542542E+00   1.3904025E+00   9.2846855E-01
    1.1204450E+00   1.4937137E+00   1.1668936E+00   1.4459314E+00   1.1498685E+00
    1.0462504E+00   1.3160370E+00   9.7148368E-01   1.1697897E+00   1.4197374E+00
    1.0816989E+00   1.3213457E+00   1.0659938E+00   1.0242320E+00   1.2564957E+00
    9.9108631E-01   1.1827331E+00   1.3020529E+00   1.1878085E+00   9.9916642E-01
    1.1750156E+00   1.0005130E+00   1.1237591E+00   1.0007926E+00   1.0953261E+00
    1.0008936E+00   1.0779685E+00   1.0008177E+00   1.0678913E+00   1.0007810E+00
    1.0619557E+00   1.0007331E+00   1.0584399E+00   1.0006945E+00   1.0562847E+00
    1.0006706E+00   1.0549079E+00   1.0006563E+00   1.0541360E+00   1.0006480E+00
    1.0537413E+00   1.0006436E+00   1.0535871E+00   1.0006416E+00

 1.7980344807E+02   1.1777555E+10   5.1149919E+10   1.9624158E+00   2.4611076E-05   2.0976602E+01   5.2212412E-01    30 
    6.1844146E+00   3.9391818E+00   4.2564495E+00   2.6938694E+00   3.5995279E+00
    1.3548349E+00   1.8150336E+00   1.8058834E+00   9.9419129E-01   1.2559032E+00
    2.9209675E+00   1.2024786E+00   1.6797678E+00   1.4547885E+00   9.7116565E-01
    1.3474095E+00   8.6600898E-01   1.0463180E+00   1.7159788E+00   1.1885176E+00
    1.4569531E+00   1.2117372E+00   1.0150856E+00   1.2998403E+00   9.1919038E-01
    1.0802814E+00   1.3619727E+00   1.1150299E+00   1.3135521E+00   1.0981370E+00
    1.0175496E+00   1.2208769E+00   9.6156185E-01   1.1179199E+00   1.2747328E+00
    1.0522198E+00   1.2195940E+00   1.0397282E+00   1.0080305E+00   1.1766444E+00
    9.8286197E-01   1.1266624E+00   1.2004608E+00   1.1299820E+00   9.9273310E-01
    1.1214874E+00   9.9604600E-01   1.0860969E+00   9.9755419E-01   1.0667975E+00
    9.9835651E-01   1.0546827E+00   9.9872200E-01   1.0476392E+00   9.9894016E-01
    1.0435161E+00   9.9905314E-01   1.0410718E+00   9.9911545E-01   1.0395688E+00
    9.9915304E-01   1.0385970E+00   9.9917562E-01   1.0380525E+00   9.9918871E-01
    1.0377750E+00   9.9919551E-01   1.0376681E+00   9.9919801E-01

 1.7593648702E+02   1.4018334E+10   6.0881308E+10   1.9440179E+00   2.8084831E-05   1.5661974E+01   6.1362896E-01    31 
    5.0942892E+00   3.3103760E+00   3.5416885E+00   2.4270743E+00   3.2093897E+00
    1.2744001E+00   1.6655817E+00   1.6543542E+00   9.4700640E-01   1.1696301E+00
    2.5881038E+00   1.1422123E+00   1.5551001E+00   1.3479775E+00   9.3098114E-01
    1.2540763E+00   8.5407738E-01   1.0015809E+00   1.5178040E+00   1.1328722E+00
    1.3425910E+00   1.1436008E+00   9.8291609E-01   1.2127179E+00   9.0860720E-01
    1.0393714E+00   1.2502444E+00   1.0722890E+00   1.2079569E+00   1.0576517E+00
    9.9385764E-01   1.1427680E+00   9.5213777E-01   1.0735895E+00   1.1671658E+00
    1.0277268E+00   1.1456586E+00   1.0184569E+00   9.9412122E-01   1.1170491E+00
    9.7547257E-01   1.0836719E+00   1.1297292E+00   1.0884041E+00   9.8713802E-01
    1.0848697E+00   9.9216135E-01   1.0597087E+00   9.9475337E-01   1.0462143E+00
    9.9617070E-01   1.0377952E+00   9.9691699E-01   1.0328856E+00   9.9735685E-01
    1.0300475E+00   9.9760800E-01   1.0283665E+00   9.9775619E-01   1.0273319E+00
    9.9784624E-01   1.0266624E+00   9.9790042E-01   1.0262873E+00   9.9793181E-01
    1.0260964E+00   9.9794824E-01   1.0260236E+00   9.9795452E-01

 1.7550458881E+02   1.7696470E+10   7.6852747E+10   1.9161717E+00   3.6239536E-05   1.0700492E+01   7.1499460E-01    32 
    4.1170706E+00   3.1195327E+00   3.2150474E+00   2.3277386E+00   3.0584885E+00
    1.2316687E+00   1.5718009E+00   1.5979886E+00   9.1914838E-01   1.1199350E+00
    2.2795682E+00   1.1078274E+00   1.4568567E+00   1.3019540E+00   9.1047144E-01
    1.1818773E+00   8.4545247E-01   9.7236030E-01   1.3976166E+00   1.1010663E+00
    1.2743636E+00   1.1045066E+00   9.6628679E-01   1.1572023E+00   9.0410084E-01
    1.0106715E+00   1.2062193E+00   1.0454145E+00   1.1484582E+00   1.0331990E+00
    9.8131097E-01   1.0959013E+00   9.4909332E-01   1.0443450E+00   1.1138308E+00
    1.0125958E+00   1.1020485E+00   1.0059854E+00   9.8698088E-01   1.0795966E+00
    9.7318121E-01   1.0544370E+00   1.0899375E+00   1.0582079E+00   9.8532195E-01
    1.0570119E+00   9.9092303E-01   1.0403492E+00   9.9386322E-01   1.0312136E+00
    9.9546949E-01   1.0254796E+00   9.9633737E-01   1.0221302E+00   9.9684671E-01
    1.0202240E+00   9.9714198E-01   1.0190999E+00   9.9731785E-01   1.0184069E+00
    9.9742477E-01   1.0179557E+00   9.9748913E-01   1.0177039E+00   9.9752640E-01
    1.0175764E+00   9.9754588E-01   1.0175287E+00   9.9755327E-01

 1.7533324199E+02   2.3884387E+10   1.0372335E+11   1.8982188E+00   4.9455558E-05   7.1020387E+00   7.9974066E-01    33 
    3.5653917E+00   3.0100640E+00   3.0263524E+00   2.2739251E+00   2.9803420E+00
    1.2068936E+00   1.5166392E+00   1.5634682E+00   9.0932649E-01   1.1025609E+00
    2.0855988E+00   1.0860714E+00   1.3942696E+00   1.2665872E+00   9.0389144E-01
    1.1431898E+00   8.4760863E-01   9.6493822E-01   1.3191750E+00   1.0768578E+00
    1.2246959E+00   1.0735147E+00   9.5949357E-01   1.1234657E+00   9.0822989E-01
    9.9956535E-01   1.1725275E+00   1.0259783E+00   1.1112758E+00   1.0162682E+00
    9.7628120E-01   1.0690020E+00   9.5231016E-01   1.0296639E+00   1.0845312E+00
    1.0033035E+00   1.0742770E+00   9.9890502E-01   9.8487012E-01   1.0564387E+00
    9.7513049E-01   1.0371641E+00   1.0653640E+00   1.0388078E+00   9.8637157E-01
    1.0372907E+00   9.9163593E-01   1.0265397E+00   9.9437690E-01   1.0205076E+00
    9.9585824E-01   1.0167026E+00   9.9666134E-01   1.0144778E+00   9.9712869E-01
    1.0132212E+00   9.9740071E-01   1.0124817E+00   9.9756309E-01   1.0120251E+00
    9.9766173E-01   1.0117262E+00   9.9772108E-01   1.0115597E+00   9.9775542E-01
    1.0114760E+00   9.9777330E-01   1.0114457E+00   9.9777990E-01

 1.7514720067E+02   3.2303337E+10   1.4028281E+11   1.8802184E+00   6.7362096E-05   4.9136703E+00   8.5647506E-01    34 
    3.0652957E+00   2.8846670E+00   2.8339737E+00   2.2178415E+00   2.8965489E+00
    1.1839638E+00   1.4608453E+00   1.5276092E+00   9.0702577E-01   1.0901542E+00
    1.8926017E+00   1.0657942E+00   1.3307152E+00   1.2300083E+00   9.0136954E-01
    1.1048355E+00   8.5442441E-01   9.5800248E-01   1.2303241E+00   1.0541240E+00
    1.1718277E+00   1.0470620E+00   9.5556643E-01   1.0892579E+00   9.1473376E-01
    9.8972861E-01   1.1316581E+00   1.0111971E+00   1.0790275E+00   1.0040896E+00
    9.7403295E-01   1.0461044E+00   9.5673786E-01   1.0166695E+00   1.0595748E+00
    9.9737042E-01   1.0497900E+00   9.9466245E-01   9.8449543E-01   1.0364753E+00
    9.7777504E-01   1.0225724E+00   1.0433045E+00   1.0234010E+00   9.8789351E-01
    1.0221232E+00   9.9264602E-01   1.0159069E+00   9.9509612E-01   1.0123234E+00
    9.9640606E-01   1.0100291E+00   9.9711609E-01   1.0086814E+00   9.9752584E-01
    1.0079249E+00   9.9776496E-01   1.0074805E+00   9.9790793E-01   1.0072048E+00
    9.9799472E-01   1.0070220E+00   9.9804693E-01   1.0069207E+00   9.9807711E-01
    1.0068702E+00   9.9809275E-01   1.0068528E+00   9.9809832E-01

 1.7494061992E+02   4.4837843E+10   1.9471563E+11   1.8668928E+00   9.2710260E-05   3.3815219E+00   8.9873295E-01    35 
    2.6983803E+00   2.7605063E+00   2.6663676E+00   2.1735757E+00   2.8140123E+00
    1.1678514E+00   1.4129289E+00   1.4943769E+00   9.1873811E-01   1.0877274E+00
    1.7267542E+00   1.0497899E+00   1.2740165E+00   1.1938810E+00   9.0549444E-01
    1.0734815E+00   8.6936958E-01   9.5671790E-01   1.1566597E+00   1.0351095E+00
    1.1238014E+00   1.0265210E+00   9.5627306E-01   1.0600719E+00   9.2540883E-01
    9.8437953E-01   1.0929914E+00   1.0016585E+00   1.0534735E+00   9.9687981E-01
    9.7523068E-01   1.0288834E+00   9.6333380E-01   1.0075882E+00   1.0400372E+00
    9.9465127E-01   1.0307015E+00   9.9314319E-01   9.8605112E-01   1.0214451E+00
    9.8158773E-01   1.0121329E+00   1.0260891E+00   1.0126614E+00   9.9010325E-01
    1.0118398E+00   9.9407307E-01   1.0085755E+00   9.9609503E-01   1.0066725E+00
    9.9716366E-01   1.0054302E+00   9.9774085E-01   1.0046958E+00   9.9807117E-01
    1.0042843E+00   9.9826421E-01   1.0040423E+00   9.9837976E-01   1.0038913E+00
    9.9844988E-01   1.0037892E+00   9.9849206E-01   1.0037328E+00   9.9851643E-01
    1.0037051E+00   9.9852896E-01   1.0036962E+00   9.9853317E-01

 1.7473994159E+02   6.3387452E+10   2.7527238E+11   1.8586434E+00   1.2686109E-04   2.3184167E+00   9.2934862E-01    36 
    2.4242538E+00   2.6381678E+00   2.5261710E+00   2.1423248E+00   2.7367473E+00
    1.1588240E+00   1.3733450E+00   1.4641842E+00   9.4715695E-01   1.0952134E+00
    1.5835579E+00   1.0381731E+00   1.2245582E+00   1.1600108E+00   9.1571474E-01
    1.0497777E+00   8.9268914E-01   9.6139187E-01   1.1051284E+00   1.0211875E+00
    1.0856501E+00   1.0128942E+00   9.6122327E-01   1.0382142E+00   9.3934246E-01
    9.8327473E-01   1.0627443E+00   9.9701982E-01   1.0341587E+00   9.9405442E-01
    9.7902264E-01   1.0167525E+00   9.7123288E-01   1.0022343E+00   1.0250539E+00
    9.9436127E-01   1.0178567E+00   9.9359885E-01   9.8879542E-01   1.0117152E+00
    9.8593309E-01   1.0057729E+00   1.0147141E+00   1.0062481E+00   9.9256808E-01
    1.0058459E+00   9.9562291E-01   1.0042393E+00   9.9715936E-01   1.0033139E+00
    9.9796246E-01   1.0026966E+00   9.9839409E-01   1.0023299E+00   9.9863945E-01
    1.0021231E+00   9.9878298E-01   1.0020010E+00   9.9886898E-01   1.0019242E+00
    9.9892118E-01   1.0018709E+00   9.9895260E-01   1.0018416E+00   9.9897074E-01
    1.0018275E+00   9.9897997E-01   1.0018234E+00   9.9898283E-01

 1.7451415239E+02   9.0009482E+10   3.9088931E+11   1.8514310E+00   1.6688502E-04   1.6001857E+00   9.5065517E-01    37 
    2.1029558E+00   2.4726741E+00   2.3839126E+00   2.1027350E+00   2.6325857E+00
    1.1528875E+00   1.3333675E+00   1.4311902E+00   9.9904230E-01   1.1103186E+00
    1.4566831E+00   1.0290334E+00   1.1779188E+00   1.1290399E+00   9.3116707E-01
    1.0305208E+00   9.2622971E-01   9.6941761E-01   1.0685539E+00   1.0124148E+00
    1.0552862E+00   1.0057080E+00   9.6959234E-01   1.0213597E+00   9.5578908E-01
    9.8432974E-01   1.0389143E+00   9.9601597E-01   1.0202207E+00   9.9433571E-01
    9.8430857E-01   1.0084937E+00   9.7963267E-01   9.9922264E-01   1.0142708E+00
    9.9550230E-01   1.0097518E+00   9.9515139E-01   9.9199766E-01   1.0058004E+00
    9.9028102E-01   1.0021572E+00   1.0077170E+00   1.0026952E+00   9.9494878E-01
    1.0025915E+00   9.9707455E-01   1.0018834E+00   9.9813273E-01   1.0014801E+00
    9.9868090E-01   1.0012036E+00   9.9897439E-01   1.0010394E+00   9.9914062E-01
    1.0009451E+00   9.9923798E-01   1.0008889E+00   9.9929642E-01   1.0008533E+00
    9.9933191E-01   1.0008278E+00   9.9935329E-01   1.0008138E+00   9.9936563E-01
    1.0008071E+00   9.9937183E-01   1.0008055E+00   9.9937354E-01

 1.7424524663E+02   1.2924353E+11   5.6128274E+11   1.8405030E+00   2.0835865E-04   1.1003075E+00   9.6578816E-01    38 
    1.6535496E+00   2.2260937E+00   2.2159590E+00   2.0238747E+00   2.4719864E+00
    1.1469378E+00   1.2878546E+00   1.3922826E+00   1.0795329E+00   1.1340930E+00
    1.3491740E+00   1.0214765E+00   1.1331096E+00   1.1029809E+00   9.5239656E-01
    1.0161764E+00   9.7169185E-01   9.8171780E-01   1.0439726E+00   1.0088405E+00
    1.0321580E+00   1.0043556E+00   9.8121030E-01   1.0092971E+00   9.7475654E-01
    9.8759649E-01   1.0211671E+00   9.9767137E-01   1.0109133E+00   9.9681265E-01
    9.9059178E-01   1.0035210E+00   9.8837739E-01   9.9820238E-01   1.0072872E+00
    9.9748421E-01   1.0049888E+00   9.9731707E-01   9.9536688E-01   1.0025488E+00
    9.9451488E-01   1.0004643E+00   1.0037600E+00   1.0009640E+00   9.9716844E-01
    1.0010062E+00   9.9838109E-01   1.0007438E+00   9.9898320E-01   1.0005894E+00
    9.9929404E-01   1.0004787E+00   9.9946076E-01   1.0004127E+00   9.9955516E-01
    1.0003737E+00   9.9961056E-01   1.0003501E+00   9.9964388E-01   1.0003350E+00
    9.9966415E-01   1.0003239E+00   9.9967638E-01   1.0003177E+00   9.9968344E-01
    1.0003148E+00   9.9968693E-01   1.0003143E+00   9.9968774E-01

 1.7394305177E+02   1.8643572E+11   8.0967231E+11   1.8242218E+00   2.4782017E-04   7.5713493E-01   9.7632408E-01    39 
    1.1711146E+00   1.9204914E+00   2.0241712E+00   1.8880908E+00   2.2563826E+00
    1.1417346E+00   1.2413263E+00   1.3521177E+00   1.1726287E+00   1.1644920E+00
    1.2745855E+00   1.0175591E+00   1.0956515E+00   1.0857764E+00   9.7868396E-01
    1.0103324E+00   1.0208995E+00   9.9966340E-01   1.0320397E+00   1.0102158E+00
    1.0175800E+00   1.0076966E+00   9.9440339E-01   1.0031221E+00   9.9361905E-01
    9.9330062E-01   1.0105940E+00   1.0007573E+00   1.0057444E+00   1.0002697E+00
    9.9671226E-01   1.0013773E+00   9.9623440E-01   9.9877538E-01   1.0036629E+00
    9.9960715E-01   1.0025282E+00   9.9946561E-01   9.9832810E-01   1.0010821E+00
    9.9806959E-01   1.0000102E+00   1.0018146E+00   1.0003102E+00   9.9896302E-01
    1.0003649E+00   9.9940422E-01   1.0002797E+00   9.9962959E-01   1.0002246E+00
    9.9974694E-01   1.0001824E+00   9.9981090E-01   1.0001566E+00   9.9984730E-01
    1.0001409E+00   9.9986878E-01   1.0001311E+00   9.9988177E-01   1.0001248E+00
    9.9988968E-01   1.0001200E+00   9.9989446E-01   1.0001173E+00   9.9989721E-01
    1.0001161E+00   9.9989855E-01   1.0001159E+00   9.9989879E-01

 1.7360653028E+02   2.7044915E+11   1.1745563E+12   1.8086620E+00   2.8750320E-04   5.2002578E-01   9.8367442E-01    40 
    8.0784602E-01   1.6241475E+00   1.8272868E+00   1.7176306E+00   2.0145345E+00
    1.1452829E+00   1.2044986E+00   1.3184161E+00   1.2496693E+00   1.1962106E+00
    1.2364072E+00   1.0217097E+00   1.0715982E+00   1.0772010E+00   1.0089177E+00
    1.0156217E+00   1.0557281E+00   1.0224264E+00   1.0328499E+00   1.0141934E+00
    1.0113927E+00   1.0126522E+00   1.0058127E+00   1.0027357E+00   1.0077496E+00
    1.0006361E+00   1.0070000E+00   1.0037394E+00   1.0038774E+00   1.0032749E+00
    1.0013678E+00   1.0013990E+00   1.0017677E+00   1.0004390E+00   1.0026857E+00
    1.0012697E+00   1.0016811E+00   1.0010815E+00   1.0004445E+00   1.0008391E+00
    1.0005089E+00   1.0003804E+00   1.0012554E+00   1.0002986E+00   1.0001679E+00
    1.0002387E+00   1.0000710E+00   1.0001704E+00   1.0000371E+00   1.0001293E+00
    1.0000224E+00   1.0001014E+00   1.0000159E+00   1.0000845E+00   1.0000126E+00
    1.0000740E+00   1.0000108E+00   1.0000674E+00   1.0000098E+00   1.0000632E+00
    1.0000091E+00   1.0000602E+00   1.0000087E+00   1.0000585E+00   1.0000085E+00
    1.0000577E+00   1.0000084E+00   1.0000576E+00   1.0000084E+00

 1.7323702146E+02   3.9089774E+11   1.6977014E+12   1.8036370E+00   3.2892941E-04   3.5947944E-01   9.8868442E-01    41 
    6.0905713E-01   1.4022903E+00   1.6512783E+00   1.5578374E+00   1.7941604E+00
    1.1633470E+00   1.1853975E+00   1.2929863E+00   1.2808049E+00   1.2152397E+00
    1.2210239E+00   1.0346144E+00   1.0613056E+00   1.0723458E+00   1.0372721E+00
    1.0274204E+00   1.0628331E+00   1.0387667E+00   1.0390616E+00   1.0176668E+00
    1.0108703E+00   1.0161894E+00   1.0127963E+00   1.0057829E+00   1.0147076E+00
    1.0071863E+00   1.0079477E+00   1.0056756E+00   1.0039302E+00   1.0050964E+00
    1.0040791E+00   1.0024943E+00   1.0046528E+00   1.0023613E+00   1.0031642E+00
    1.0022308E+00   1.0016962E+00   1.0019904E+00   1.0016278E+00   1.0011852E+00
    1.0017945E+00   1.0010521E+00   1.0014073E+00   1.0005402E+00   1.0007956E+00
    1.0003175E+00   1.0004073E+00   1.0001991E+00   1.0002335E+00   1.0001359E+00
    1.0001478E+00   1.0000992E+00   1.0001032E+00   1.0000778E+00   1.0000783E+00
    1.0000649E+00   1.0000639E+00   1.0000569E+00   1.0000552E+00   1.0000519E+00
    1.0000499E+00   1.0000486E+00   1.0000466E+00   1.0000467E+00   1.0000447E+00
    1.0000458E+00   1.0000438E+00   1.0000457E+00   1.0000437E+00

 1.7287902772E+02   5.4115644E+11   2.3503394E+12   1.8117185E+00   3.6365871E-04   2.5991273E-01   9.9180498E-01    42 
    5.2512865E-01   1.2685533E+00   1.5187002E+00   1.4372159E+00   1.6352449E+00
    1.1846513E+00   1.1794356E+00   1.2706846E+00   1.2710756E+00   1.2142365E+00
    1.2097867E+00   1.0482405E+00   1.0580687E+00   1.0676373E+00   1.0524375E+00
    1.0362603E+00   1.0571499E+00   1.0428241E+00   1.0422032E+00   1.0191571E+00
    1.0117246E+00   1.0174707E+00   1.0156173E+00   1.0085378E+00   1.0166677E+00
    1.0105579E+00   1.0095631E+00   1.0064814E+00   1.0042678E+00   1.0058182E+00
    1.0052263E+00   1.0033372E+00   1.0056809E+00   1.0034922E+00   1.0036813E+00
    1.0026050E+00   1.0018120E+00   1.0023384E+00   1.0021112E+00   1.0014661E+00
    1.0022712E+00   1.0014655E+00   1.0015853E+00   1.0007024E+00   1.0010291E+00
    1.0003806E+00   1.0005273E+00   1.0002250E+00   1.0002985E+00   1.0001446E+00
    1.0001846E+00   1.0001002E+00   1.0001247E+00   1.0000747E+00   1.0000913E+00
    1.0000595E+00   1.0000717E+00   1.0000502E+00   1.0000600E+00   1.0000444E+00
    1.0000527E+00   1.0000407E+00   1.0000482E+00   1.0000386E+00   1.0000456E+00
    1.0000375E+00   1.0000444E+00   1.0000375E+00   1.0000443E+00

 1.7252957317E+02   7.2915974E+11   3.1669285E+12   1.8291255E+00   3.8815739E-04   1.9326723E-01   9.9389954E-01    43 
    4.8984317E-01   1.1844509E+00   1.4155098E+00   1.3463943E+00   1.5164065E+00
    1.1985401E+00   1.1754325E+00   1.2453369E+00   1.2436595E+00   1.1995697E+00
    1.1944043E+00   1.0569682E+00   1.0555344E+00   1.0610314E+00   1.0546332E+00
    1.0396095E+00   1.0493992E+00   1.0408684E+00   1.0415980E+00   1.0186688E+00
    1.0120150E+00   1.0168710E+00   1.0157367E+00   1.0098987E+00   1.0160706E+00
    1.0114896E+00   1.0103175E+00   1.0064368E+00   1.0043153E+00   1.0057664E+00
    1.0053984E+00   1.0036617E+00   1.0056822E+00   1.0038754E+00   1.0038298E+00
    1.0025993E+00   1.0017986E+00   1.0023357E+00   1.0021849E+00   1.0015491E+00
    1.0023062E+00   1.0015963E+00   1.0016114E+00   1.0007465E+00   1.0010515E+00
    1.0003912E+00   1.0005359E+00   1.0002238E+00   1.0002991E+00   1.0001385E+00
    1.0001809E+00   1.0000922E+00   1.0001185E+00   1.0000659E+00   1.0000836E+00
    1.0000503E+00   1.0000632E+00   1.0000407E+00   1.0000509E+00   1.0000348E+00
    1.0000433E+00   1.0000311E+00   1.0000386E+00   1.0000289E+00   1.0000358E+00
    1.0000278E+00   1.0000345E+00   1.0000278E+00   1.0000345E+00

 1.7218114987E+02   9.6927089E+11   4.2098431E+12   1.8537449E+00   4.0026585E-04   1.4575814E-01   9.9539552E-01    44 
    4.7644493E-01   1.1280552E+00   1.3316031E+00   1.2779620E+00   1.4192778E+00
    1.1972781E+00   1.1671727E+00   1.2154987E+00   1.2097748E+00   1.1776656E+00
    1.1743098E+00   1.0593124E+00   1.0513760E+00   1.0526857E+00   1.0492729E+00
    1.0382210E+00   1.0413755E+00   1.0365593E+00   1.0382448E+00   1.0167518E+00
    1.0114744E+00   1.0149923E+00   1.0142067E+00   1.0100069E+00   1.0141317E+00
    1.0109817E+00   1.0101184E+00   1.0058223E+00   1.0040577E+00   1.0052045E+00
    1.0049642E+00   1.0035803E+00   1.0051034E+00   1.0037683E+00   1.0036520E+00
    1.0023555E+00   1.0016648E+00   1.0021159E+00   1.0020131E+00   1.0014804E+00
    1.0020913E+00   1.0015387E+00   1.0015099E+00   1.0007099E+00   1.0009563E+00
    1.0003648E+00   1.0004848E+00   1.0002042E+00   1.0002673E+00   1.0001230E+00
    1.0001586E+00   1.0000792E+00   1.0001011E+00   1.0000544E+00   1.0000689E+00
    1.0000398E+00   1.0000500E+00   1.0000309E+00   1.0000386E+00   1.0000253E+00
    1.0000316E+00   1.0000219E+00   1.0000272E+00   1.0000198E+00   1.0000246E+00
    1.0000188E+00   1.0000234E+00   1.0000189E+00   1.0000234E+00

 1.7183021285E+02   1.2790221E+12   5.5552157E+12   1.8851866E+00   3.9856506E-04   1.1078765E-01   9.9649819E-01    45 
    4.7596056E-01   1.0907443E+00   1.2637290E+00   1.2270204E+00   1.3381744E+00
    1.1796010E+00   1.1524927E+00   1.1822855E+00   1.1740729E+00   1.1520565E+00
    1.1504214E+00   1.0562383E+00   1.0452615E+00   1.0436561E+00   1.0410792E+00
    1.0337199E+00   1.0335358E+00   1.0310671E+00   1.0330670E+00   1.0141143E+00
    1.0102398E+00   1.0124991E+00   1.0118894E+00   1.0091880E+00   1.0116536E+00
    1.0096463E+00   1.0091667E+00   1.0049138E+00   1.0035745E+00   1.0043792E+00
    1.0042134E+00   1.0032208E+00   1.0042579E+00   1.0033558E+00   1.0032418E+00
    1.0019901E+00   1.0014494E+00   1.0017858E+00   1.0017146E+00   1.0013122E+00
    1.0017569E+00   1.0013643E+00   1.0013233E+00   1.0006241E+00   1.0008054E+00
    1.0003166E+00   1.0004066E+00   1.0001744E+00   1.0002221E+00   1.0001028E+00
    1.0001297E+00   1.0000645E+00   1.0000807E+00   1.0000428E+00   1.0000533E+00
    1.0000300E+00   1.0000372E+00   1.0000223E+00   1.0000275E+00   1.0000174E+00
    1.0000215E+00   1.0000144E+00   1.0000177E+00   1.0000126E+00   1.0000155E+00
    1.0000118E+00   1.0000145E+00   1.0000118E+00   1.0000145E+00

 1.7147462874E+02   1.6779505E+12   7.2878778E+12   1.9239738E+00   3.8196435E-04   8.4730000E-02   9.9732067E-01    46 
    4.8543066E-01   1.0678662E+00   1.2105147E+00   1.1891422E+00   1.2720181E+00
    1.1519937E+00   1.1318189E+00   1.1484323E+00   1.1396888E+00   1.1247503E+00
    1.1241705E+00   1.0495172E+00   1.0378636E+00   1.0348571E+00   1.0325976E+00
    1.0277853E+00   1.0263080E+00   1.0251449E+00   1.0270615E+00   1.0113277E+00
    1.0085893E+00   1.0099194E+00   1.0094138E+00   1.0078146E+00   1.0091556E+00
    1.0079277E+00   1.0077567E+00   1.0039281E+00   1.0029705E+00   1.0034857E+00
    1.0033637E+00   1.0027069E+00   1.0033604E+00   1.0027880E+00   1.0027050E+00
    1.0015911E+00   1.0011945E+00   1.0014253E+00   1.0013751E+00   1.0010928E+00
    1.0013930E+00   1.0011317E+00   1.0010946E+00   1.0005150E+00   1.0006402E+00
    1.0002589E+00   1.0003225E+00   1.0001410E+00   1.0001750E+00   1.0000819E+00
    1.0001010E+00   1.0000502E+00   1.0000616E+00   1.0000324E+00   1.0000396E+00
    1.0000219E+00   1.0000267E+00   1.0000155E+00   1.0000188E+00   1.0000115E+00
    1.0000140E+00   1.0000091E+00   1.0000110E+00   1.0000076E+00   1.0000092E+00
    1.0000069E+00   1.0000084E+00   1.0000069E+00   1.0000084E+00

 1.7111238688E+02   2.1889652E+12   9.5073055E+12   1.9711510E+00   3.5098905E-04   6.5186353E-02   9.9793801E-01    47 
    5.0425221E-01   1.0552845E+00   1.1699827E+00   1.1602679E+00   1.2191571E+00
    1.1222888E+00   1.1076912E+00   1.1170083E+00   1.1089670E+00   1.0979462E+00
    1.0978616E+00   1.0408738E+00   1.0301677E+00   1.0268569E+00   1.0248950E+00
    1.0216555E+00   1.0200078E+00   1.0194462E+00   1.0210792E+00   1.0087347E+00
    1.0068144E+00   1.0075644E+00   1.0071432E+00   1.0062308E+00   1.0069176E+00
    1.0061611E+00   1.0061818E+00   1.0030041E+00   1.0023424E+00   1.0026509E+00
    1.0025565E+00   1.0021455E+00   1.0025370E+00   1.0021845E+00   1.0021363E+00
    1.0012152E+00   1.0009366E+00   1.0010859E+00   1.0010497E+00   1.0008621E+00
    1.0010542E+00   1.0008873E+00   1.0008601E+00   1.0004028E+00   1.0004857E+00
    1.0002013E+00   1.0002444E+00   1.0001087E+00   1.0001320E+00   1.0000624E+00
    1.0000755E+00   1.0000376E+00   1.0000454E+00   1.0000236E+00   1.0000285E+00
    1.0000155E+00   1.0000186E+00   1.0000105E+00   1.0000126E+00   1.0000074E+00
    1.0000089E+00   1.0000055E+00   1.0000066E+00   1.0000044E+00   1.0000052E+00
    1.0000038E+00   1.0000046E+00   1.0000038E+00   1.0000046E+00

 1.7074125698E+02   2.8386460E+12   1.2328961E+13   2.0281763E+00   3.0811461E-04   5.0463967E-02   9.9840332E-01    48 
    5.3299366E-01   1.0493507E+00   1.1391595E+00   1.1374316E+00   1.1769539E+00
    1.0953229E+00   1.0837272E+00   1.0899756E+00   1.0831316E+00   1.0739393E+00
    1.0740146E+00   1.0319143E+00   1.0230467E+00   1.0199886E+00   1.0183736E+00
    1.0160935E+00   1.0147669E+00   1.0144107E+00   1.0156952E+00   1.0064956E+00
    1.0051425E+00   1.0055672E+00   1.0052288E+00   1.0046966E+00   1.0050506E+00
    1.0045598E+00   1.0046707E+00   1.0022125E+00   1.0017602E+00   1.0019397E+00
    1.0018657E+00   1.0016138E+00   1.0018448E+00   1.0016259E+00   1.0016050E+00
    1.0008925E+00   1.0007016E+00   1.0007949E+00   1.0007683E+00   1.0006479E+00
    1.0007670E+00   1.0006618E+00   1.0006450E+00   1.0003004E+00   1.0003540E+00
    1.0001496E+00   1.0001781E+00   1.0000803E+00   1.0000959E+00   1.0000456E+00
    1.0000545E+00   1.0000271E+00   1.0000324E+00   1.0000167E+00   1.0000199E+00
    1.0000106E+00   1.0000127E+00   1.0000069E+00   1.0000083E+00   1.0000047E+00
    1.0000055E+00   1.0000033E+00   1.0000039E+00   1.0000024E+00   1.0000029E+00
    1.0000020E+00   1.0000024E+00   1.0000020E+00   1.0000024E+00

 1.7035844488E+02   3.6525078E+12   1.5863872E+13   2.0967238E+00   2.5729973E-04   3.9383003E-02   9.9875369E-01    49 
    5.7230168E-01   1.0472382E+00   1.1150396E+00   1.1186792E+00   1.1427003E+00
    1.0726780E+00   1.0626107E+00   1.0677797E+00   1.0622107E+00   1.0540067E+00
    1.0540857E+00   1.0238410E+00   1.0169868E+00   1.0144128E+00   1.0131517E+00
    1.0114881E+00   1.0105989E+00   1.0102763E+00   1.0112288E+00   1.0046703E+00
    1.0037138E+00   1.0039642E+00   1.0037063E+00   1.0033732E+00   1.0035759E+00
    1.0032346E+00   1.0033680E+00   1.0015775E+00   1.0012668E+00   1.0013737E+00
    1.0013166E+00   1.0011587E+00   1.0012992E+00   1.0011575E+00   1.0011532E+00
    1.0006341E+00   1.0005043E+00   1.0005625E+00   1.0005428E+00   1.0004662E+00
    1.0005398E+00   1.0004724E+00   1.0004637E+00   1.0002148E+00   1.0002493E+00
    1.0001067E+00   1.0001254E+00   1.0000571E+00   1.0000674E+00   1.0000322E+00
    1.0000381E+00   1.0000189E+00   1.0000224E+00   1.0000115E+00   1.0000136E+00
    1.0000071E+00   1.0000084E+00   1.0000045E+00   1.0000053E+00   1.0000029E+00
    1.0000034E+00   1.0000019E+00   1.0000022E+00   1.0000013E+00   1.0000015E+00
    1.0000010E+00   1.0000012E+00   1.0000009E+00   1.0000011E+00

 1.6996046521E+02   4.6566402E+12   2.0226375E+13   2.1785659E+00   2.0395163E-04   3.1026615E-02   9.9901800E-01    50 
    6.2218002E-01   1.0469682E+00   1.0955246E+00   1.1025741E+00   1.1143977E+00
    1.0542487E+00   1.0452782E+00   1.0499443E+00   1.0455586E+00   1.0382117E+00
    1.0382417E+00   1.0171969E+00   1.0121009E+00   1.0101011E+00   1.0091614E+00
    1.0079222E+00   1.0074189E+00   1.0070833E+00   1.0077566E+00   1.0032555E+00
    1.0025801E+00   1.0027386E+00   1.0025526E+00   1.0023249E+00   1.0024635E+00
    1.0022121E+00   1.0023316E+00   1.0010930E+00   1.0008774E+00   1.0009456E+00
    1.0009031E+00   1.0007990E+00   1.0008902E+00   1.0007929E+00   1.0007966E+00
    1.0004379E+00   1.0003491E+00   1.0003866E+00   1.0003722E+00   1.0003225E+00
    1.0003693E+00   1.0003245E+00   1.0003209E+00   1.0001478E+00   1.0001705E+00
    1.0000733E+00   1.0000857E+00   1.0000391E+00   1.0000460E+00   1.0000219E+00
    1.0000259E+00   1.0000128E+00   1.0000151E+00   1.0000076E+00   1.0000090E+00
    1.0000046E+00   1.0000055E+00   1.0000028E+00   1.0000034E+00   1.0000017E+00
    1.0000021E+00   1.0000011E+00   1.0000013E+00   1.0000007E+00   1.0000008E+00
    1.0000004E+00   1.0000005E+00   1.0000003E+00   1.0000005E+00

 1.6954318659E+02   5.8698401E+12   2.5502558E+13   2.2754538E+00   1.5336907E-04   2.4725803E-02   9.9921734E-01    51 
    6.8112081E-01   1.0470979E+00   1.0793395E+00   1.0881950E+00   1.0908994E+00
    1.0396789E+00   1.0317900E+00   1.0359664E+00   1.0326192E+00   1.0262125E+00
    1.0261888E+00   1.0120881E+00   1.0083590E+00   1.0069083E+00   1.0062339E+00
    1.0053017E+00   1.0050779E+00   1.0047367E+00   1.0051958E+00   1.0022110E+00
    1.0017345E+00   1.0018448E+00   1.0017166E+00   1.0015487E+00   1.0016590E+00
    1.0014667E+00   1.0015598E+00   1.0007392E+00   1.0005885E+00   1.0006357E+00
    1.0006054E+00   1.0005325E+00   1.0005965E+00   1.0005259E+00   1.0005323E+00
    1.0002953E+00   1.0002340E+00   1.0002596E+00   1.0002492E+00   1.0002156E+00
    1.0002470E+00   1.0002156E+00   1.0002148E+00   1.0000984E+00   1.0001139E+00
    1.0000486E+00   1.0000572E+00   1.0000259E+00   1.0000306E+00   1.0000145E+00
    1.0000171E+00   1.0000084E+00   1.0000099E+00   1.0000049E+00   1.0000059E+00
    1.0000029E+00   1.0000035E+00   1.0000017E+00   1.0000021E+00   1.0000010E+00
    1.0000012E+00   1.0000006E+00   1.0000007E+00   1.0000003E+00   1.0000003E+00
    1.0000001E+00   1.0000001E+00   1.0000000E+00   1.0000001E+00

 1.6910170730E+02   7.2896622E+12   3.1700620E+13   2.3889828E+00   1.0969697E-04   1.9996471E-02   9.9936699E-01    52 
    7.4591177E-01   1.0468264E+00   1.0658131E+00   1.0752147E+00   1.0715913E+00
    1.0285676E+00   1.0218403E+00   1.0253833E+00   1.0229028E+00   1.0175475E+00
    1.0174892E+00   1.0083645E+00   1.0056532E+00   1.0046490E+00   1.0041784E+00
    1.0034776E+00   1.0034233E+00   1.0031025E+00   1.0034090E+00   1.0014776E+00
    1.0011412E+00   1.0012240E+00   1.0011381E+00   1.0010095E+00   1.0011020E+00
    1.0009531E+00   1.0010204E+00   1.0004923E+00   1.0003865E+00   1.0004211E+00
    1.0004002E+00   1.0003472E+00   1.0003943E+00   1.0003417E+00   1.0003480E+00
    1.0001963E+00   1.0001535E+00   1.0001718E+00   1.0001645E+00   1.0001409E+00
    1.0001629E+00   1.0001402E+00   1.0001406E+00   1.0000640E+00   1.0000750E+00
    1.0000315E+00   1.0000376E+00   1.0000167E+00   1.0000201E+00   1.0000093E+00
    1.0000112E+00   1.0000053E+00   1.0000064E+00   1.0000031E+00   1.0000038E+00
    1.0000018E+00   1.0000022E+00   1.0000010E+00   1.0000013E+00   1.0000006E+00
    1.0000007E+00   1.0000002E+00   1.0000003E+00   1.0000000E+00   1.0000001E+00
    9.9999985E-01   9.9999989E-01   9.9999976E-01   9.9999979E-01

 1.6862980233E+02   8.8673578E+12   3.8690631E+13   2.5205080E+00   7.5169758E-05   1.6484618E-02   9.9947813E-01    53 
    8.1176821E-01   1.0460034E+00   1.0547728E+00   1.0638371E+00   1.0562379E+00
    1.0204953E+00   1.0149768E+00   1.0177542E+00   1.0159538E+00   1.0117163E+00
    1.0116519E+00   1.0057910E+00   1.0038229E+00   1.0031300E+00   1.0028058E+00
    1.0022848E+00   1.0023085E+00   1.0020346E+00   1.0022392E+00   1.0009891E+00
    1.0007518E+00   1.0008140E+00   1.0007567E+00   1.0006589E+00   1.0007341E+00
    1.0006208E+00   1.0006679E+00   1.0003285E+00   1.0002542E+00   1.0002796E+00
    1.0002654E+00   1.0002266E+00   1.0002616E+00   1.0002223E+00   1.0002277E+00
    1.0001309E+00   1.0001008E+00   1.0001140E+00   1.0001090E+00   1.0000920E+00
    1.0001079E+00   1.0000912E+00   1.0000921E+00   1.0000416E+00   1.0000496E+00
    1.0000203E+00   1.0000248E+00   1.0000108E+00   1.0000132E+00   1.0000060E+00
    1.0000073E+00   1.0000034E+00   1.0000042E+00   1.0000020E+00   1.0000024E+00
    1.0000011E+00   1.0000014E+00   1.0000006E+00   1.0000007E+00   1.0000003E+00
    1.0000003E+00   1.0000000E+00   1.0000001E+00   9.9999979E-01   9.9999982E-01
    9.9999961E-01   9.9999963E-01   9.9999950E-01   9.9999952E-01

 1.6811862175E+02   1.0449700E+13   4.6153933E+13   2.6699090E+00   5.0102842E-05   1.3934111E-02   9.9955886E-01    54 
    8.7007739E-01   1.0439095E+00   1.0455024E+00   1.0536656E+00   1.0440643E+00
    1.0148073E+00   1.0104637E+00   1.0124542E+00   1.0111616E+00   1.0080028E+00
    1.0079539E+00   1.0040667E+00   1.0026376E+00   1.0021410E+00   1.0019169E+00
    1.0015369E+00   1.0015796E+00   1.0013663E+00   1.0015055E+00   1.0006740E+00
    1.0005069E+00   1.0005514E+00   1.0005125E+00   1.0004405E+00   1.0004978E+00
    1.0004146E+00   1.0004474E+00   1.0002233E+00   1.0001711E+00   1.0001892E+00
    1.0001793E+00   1.0001514E+00   1.0001768E+00   1.0001483E+00   1.0001525E+00
    1.0000889E+00   1.0000678E+00   1.0000771E+00   1.0000736E+00   1.0000615E+00
    1.0000728E+00   1.0000608E+00   1.0000616E+00   1.0000277E+00   1.0000334E+00
    1.0000134E+00   1.0000167E+00   1.0000071E+00   1.0000088E+00   1.0000039E+00
    1.0000049E+00   1.0000022E+00   1.0000027E+00   1.0000012E+00   1.0000015E+00
    1.0000007E+00   1.0000008E+00   1.0000003E+00   1.0000004E+00   9.9999996E-01
    1.0000000E+00   9.9999967E-01   9.9999970E-01   9.9999938E-01   9.9999940E-01
    9.9999913E-01   9.9999914E-01   9.9999896E-01   9.9999897E-01

 1.6755384649E+02   1.1630876E+13   5.3650034E+13   2.8349595E+00   3.3294871E-05   1.2163676E-02   9.9961489E-01    55 
    9.0974077E-01   1.0388929E+00   1.0363551E+00   1.0433125E+00   1.0333990E+00
    1.0106078E+00   1.0072846E+00   1.0086621E+00   1.0077518E+00   1.0054482E+00
    1.0054126E+00   1.0028573E+00   1.0018243E+00   1.0014701E+00   1.0013159E+00
    1.0010383E+00   1.0010827E+00   1.0009209E+00   1.0010164E+00   1.0004628E+00
    1.0003440E+00   1.0003765E+00   1.0003497E+00   1.0002965E+00   1.0003397E+00
    1.0002785E+00   1.0003017E+00   1.0001530E+00   1.0001160E+00   1.0001291E+00
    1.0001222E+00   1.0001019E+00   1.0001204E+00   1.0000996E+00   1.0001028E+00
    1.0000609E+00   1.0000458E+00   1.0000526E+00   1.0000501E+00   1.0000413E+00
    1.0000495E+00   1.0000408E+00   1.0000414E+00   1.0000185E+00   1.0000227E+00
    1.0000089E+00   1.0000113E+00   1.0000047E+00   1.0000060E+00   1.0000026E+00
    1.0000033E+00   1.0000014E+00   1.0000018E+00   1.0000007E+00   1.0000009E+00
    1.0000003E+00   1.0000004E+00   9.9999987E-01   9.9999993E-01   9.9999941E-01
    9.9999945E-01   9.9999887E-01   9.9999889E-01   9.9999832E-01   9.9999833E-01
    9.9999785E-01   9.9999786E-01   9.9999754E-01   9.9999755E-01

 1.6690902337E+02   1.1412266E+13   6.0809645E+13   3.0173999E+00   2.2536155E-05   1.1080490E-02   9.9964918E-01    56 
    9.3025788E-01   1.0323569E+00   1.0277461E+00   1.0336003E+00   1.0241553E+00
    1.0075401E+00   1.0048480E+00   1.0059801E+00   1.0053473E+00   1.0034445E+00
    1.0033959E+00   1.0020118E+00   1.0012333E+00   1.0010132E+00   1.0009070E+00
    1.0006782E+00   1.0007427E+00   1.0005971E+00   1.0006624E+00   1.0003210E+00
    1.0002279E+00   1.0002597E+00   1.0002408E+00   1.0001942E+00   1.0002334E+00
    1.0001810E+00   1.0001982E+00   1.0001062E+00   1.0000766E+00   1.0000891E+00
    1.0000841E+00   1.0000667E+00   1.0000828E+00   1.0000648E+00   1.0000675E+00
    1.0000423E+00   1.0000301E+00   1.0000364E+00   1.0000345E+00   1.0000269E+00
    1.0000341E+00   1.0000265E+00   1.0000270E+00   1.0000119E+00   1.0000156E+00
    1.0000056E+00   1.0000077E+00   1.0000029E+00   1.0000041E+00   1.0000016E+00
    1.0000022E+00   1.0000008E+00   1.0000011E+00   1.0000003E+00   1.0000004E+00
    9.9999976E-01   9.9999987E-01   9.9999912E-01   9.9999918E-01   9.9999821E-01
    9.9999825E-01   9.9999708E-01   9.9999710E-01   9.9999596E-01   9.9999597E-01
    9.9999508E-01   9.9999509E-01   9.9999451E-01   9.9999451E-01

 1.6613566465E+02   8.6008447E+12   6.7893987E+13   3.2197427E+00   1.5927758E-05   1.0560343E-02   9.9966565E-01    57 
    9.3220496E-01   1.0253364E+00   1.0193324E+00   1.0246538E+00   1.0152743E+00
    1.0051996E+00   1.0023469E+00   1.0039840E+00   1.0035582E+00   1.0011479E+00
    1.0010102E+00   1.0013911E+00   1.0006844E+00   1.0006817E+00   1.0006107E+00
    1.0003286E+00   1.0004944E+00   1.0002756E+00   1.0003155E+00   1.0002197E+00
    1.0001167E+00   1.0001765E+00   1.0001630E+00   1.0000960E+00   1.0001571E+00
    1.0000856E+00   1.0000992E+00   1.0000729E+00   1.0000387E+00   1.0000608E+00
    1.0000572E+00   1.0000327E+00   1.0000560E+00   1.0000310E+00   1.0000334E+00
    1.0000291E+00   1.0000144E+00   1.0000249E+00   1.0000236E+00   1.0000127E+00
    1.0000231E+00   1.0000124E+00   1.0000127E+00   1.0000052E+00   1.0000106E+00
    1.0000021E+00   1.0000052E+00   1.0000011E+00   1.0000027E+00   1.0000005E+00
    1.0000014E+00   1.0000001E+00   1.0000006E+00   9.9999977E-01   1.0000000E+00
    9.9999923E-01   9.9999938E-01   9.9999835E-01   9.9999843E-01   9.9999702E-01
    9.9999706E-01   9.9999542E-01   9.9999545E-01   9.9999396E-01   9.9999398E-01
    9.9999290E-01   9.9999290E-01   9.9999222E-01   9.9999223E-01

 1.6515908989E+02   4.5382629E+12   7.5835753E+13   3.4436915E+00   1.2080281E-05   1.0170971E-02   9.9967797E-01    58 
    9.2638305E-01   1.0176709E+00   1.0108556E+00   1.0160215E+00   1.0064639E+00
    1.0033058E+00   9.9982525E-01   1.0024133E+00   1.0021509E+00   9.9872683E-01
    9.9845285E-01   1.0009002E+00   1.0001284E+00   1.0004242E+00   1.0003817E+00
    9.9996624E-01   1.0003014E+00   9.9994046E-01   9.9995254E-01   1.0001409E+00
    9.9999857E-01   1.0001124E+00   1.0001032E+00   9.9999176E-01   1.0000984E+00
    9.9998535E-01   9.9999375E-01   1.0000469E+00   9.9999792E-01   1.0000389E+00
    1.0000365E+00   9.9999614E-01   1.0000354E+00   9.9999491E-01   9.9999666E-01
    1.0000187E+00   9.9999695E-01   1.0000160E+00   1.0000151E+00   9.9999696E-01
    1.0000147E+00   9.9999714E-01   9.9999652E-01   9.9999802E-01   1.0000068E+00
    9.9999831E-01   1.0000033E+00   9.9999907E-01   1.0000017E+00   9.9999942E-01
    1.0000009E+00   9.9999957E-01   1.0000004E+00   9.9999953E-01   9.9999996E-01
    9.9999925E-01   9.9999948E-01   9.9999866E-01   9.9999878E-01   9.9999776E-01
    9.9999782E-01   9.9999675E-01   9.9999678E-01   9.9999589E-01   9.9999591E-01
    9.9999530E-01   9.9999531E-01   9.9999494E-01   9.9999495E-01

 1.6391059858E+02   1.9999123E+12   8.8101839E+13   3.6910728E+00   1.0168362E-05   9.2120274E-03   9.9970833E-01    59 
    9.4122199E-01   1.0101671E+00   1.0047367E+00   1.0085062E+00   1.0012278E+00
    1.0018477E+00   9.9906842E-01   1.0012715E+00   1.0011362E+00   9.9834407E-01
    9.9810090E-01   1.0005074E+00   9.9988648E-01   1.0002326E+00   1.0002130E+00
    9.9983490E-01   1.0001627E+00   9.9982938E-01   9.9982334E-01   1.0000790E+00
    9.9995175E-01   1.0000630E+00   1.0000579E+00   9.9995221E-01   1.0000548E+00
    9.9995017E-01   9.9995298E-01   1.0000264E+00   9.9998197E-01   1.0000219E+00
    1.0000206E+00   9.9998232E-01   1.0000199E+00   9.9998183E-01   9.9998263E-01
    1.0000105E+00   9.9998938E-01   1.0000090E+00   1.0000085E+00   9.9999060E-01
    1.0000082E+00   9.9999160E-01   9.9998949E-01   9.9999564E-01   1.0000038E+00
    9.9999731E-01   1.0000019E+00   9.9999857E-01   1.0000009E+00   9.9999918E-01
    1.0000005E+00   9.9999951E-01   1.0000002E+00   9.9999963E-01   1.0000000E+00
    9.9999959E-01   9.9999979E-01   9.9999939E-01   9.9999950E-01   9.9999908E-01
    9.9999913E-01   9.9999875E-01   9.9999878E-01   9.9999849E-01   9.9999851E-01
    9.9999833E-01   9.9999834E-01   9.9999823E-01   9.9999824E-01

 1.6240236926E+02   9.0569407E+11   1.0951947E+14   3.9694154E+00   9.3913742E-06   7.6568501E-03   9.9975756E-01    60 
    9.6386504E-01   1.0050252E+00   1.0017216E+00   1.0038563E+00   9.9949255E-01
    1.0009225E+00   9.9937466E-01   1.0006081E+00   1.0005516E+00   9.9903852E-01
    9.9891250E-01   1.0002471E+00   9.9989570E-01   1.0001145E+00   1.0001081E+00
    9.9987936E-01   1.0000806E+00   9.9988161E-01   9.9987346E-01   1.0000389E+00
    9.9996565E-01   1.0000312E+00   1.0000290E+00   9.9996634E-01   1.0000274E+00
    9.9996537E-01   9.9996740E-01   1.0000129E+00   9.9998818E-01   1.0000108E+00
    1.0000102E+00   9.9998815E-01   1.0000099E+00   9.9998751E-01   9.9998891E-01
    1.0000051E+00   9.9999125E-01   1.0000044E+00   1.0000042E+00   9.9999269E-01
    1.0000041E+00   9.9999410E-01   9.9999121E-01   9.9999712E-01   1.0000018E+00
    9.9999832E-01   1.0000009E+00   9.9999914E-01   1.0000005E+00   9.9999952E-01
    1.0000002E+00   9.9999973E-01   1.0000001E+00   9.9999982E-01   1.0000000E+00
    9.9999983E-01   9.9999993E-01   9.9999978E-01   9.9999983E-01   9.9999970E-01
    9.9999972E-01   9.9999962E-01   9.9999963E-01   9.9999957E-01   9.9999957E-01
    9.9999953E-01   9.9999954E-01   9.9999951E-01   9.9999952E-01

 1.6071204776E+02   4.5225958E+11   1.4468783E+14   4.2837533E+00   9.2672907E-06   5.9486986E-03   9.9981164E-01    61 
    9.8199185E-01   1.0022223E+00   1.0005443E+00   1.0015811E+00   9.9934743E-01
    1.0004090E+00   9.9979075E-01   1.0002694E+00   1.0002510E+00   9.9967443E-01
    9.9963976E-01   1.0001052E+00   9.9997010E-01   1.0000504E+00   1.0000489E+00
    9.9996225E-01   1.0000365E+00   9.9996317E-01   9.9996218E-01   1.0000169E+00
    9.9999424E-01   1.0000136E+00   1.0000127E+00   9.9999269E-01   1.0000122E+00
    9.9999028E-01   9.9999491E-01   1.0000056E+00   9.9999827E-01   1.0000046E+00
    1.0000044E+00   9.9999754E-01   1.0000043E+00   9.9999679E-01   9.9999839E-01
    1.0000022E+00   9.9999693E-01   1.0000019E+00   1.0000018E+00   9.9999757E-01
    1.0000018E+00   9.9999832E-01   9.9999677E-01   9.9999919E-01   1.0000008E+00
    9.9999950E-01   1.0000004E+00   9.9999975E-01   1.0000002E+00   9.9999986E-01
    1.0000001E+00   9.9999992E-01   1.0000000E+00   9.9999995E-01   1.0000000E+00
    9.9999995E-01   9.9999998E-01   9.9999994E-01   9.9999995E-01   9.9999992E-01
    9.9999993E-01   9.9999990E-01   9.9999991E-01   9.9999990E-01   9.9999990E-01
    9.9999989E-01   9.9999989E-01   9.9999989E-01   9.9999989E-01

 1.5892063997E+02   2.5596742E+11   2.0143056E+14   4.6370811E+00   9.6039996E-06   4.3781500E-03   9.9986137E-01    62 
    9.9173895E-01   1.0008983E+00   9.9997905E-01   1.0005992E+00   9.9932977E-01
    1.0001581E+00   9.9990316E-01   1.0001066E+00   1.0001019E+00   9.9986402E-01
    9.9985955E-01   1.0000390E+00   9.9998486E-01   1.0000191E+00   1.0000187E+00
    9.9998305E-01   1.0000143E+00   9.9998424E-01   9.9998405E-01   1.0000063E+00
    9.9999637E-01   1.0000051E+00   1.0000048E+00   9.9999593E-01   1.0000046E+00
    9.9999544E-01   9.9999666E-01   1.0000021E+00   9.9999838E-01   1.0000017E+00
    1.0000016E+00   9.9999834E-01   1.0000016E+00   9.9999831E-01   9.9999843E-01
    1.0000008E+00   9.9999876E-01   1.0000007E+00   1.0000007E+00   9.9999896E-01
    1.0000007E+00   9.9999917E-01   9.9999875E-01   9.9999957E-01   1.0000003E+00
    9.9999975E-01   1.0000001E+00   9.9999988E-01   1.0000001E+00   9.9999994E-01
    1.0000000E+00   9.9999997E-01   1.0000000E+00   9.9999998E-01   1.0000000E+00
    9.9999999E-01   1.0000000E+00   1.0000000E+00   1.0000000E+00   1.0000000E+00
    1.0000000E+00   1.0000000E+00   1.0000000E+00   1.0000000E+00   1.0000000E+00
    1.0000000E+00   1.0000000E+00   1.0000000E+00   1.0000000E+00

 1.5710670071E+02   1.6326885E+11   2.9054014E+14   5.0304787E+00   1.0277595E-05   3.1083303E-03   9.9990157E-01    63 
    9.9646256E-01   1.0003375E+00   9.9980589E-01   1.0002124E+00   9.9946537E-01
    1.0000536E+00   9.9992170E-01   1.0000366E+00   1.0000355E+00   9.9990558E-01
    9.9990497E-01   1.0000126E+00   9.9998204E-01   1.0000062E+00   1.0000060E+00
    9.9998277E-01   1.0000047E+00   9.9998477E-01   9.9998270E-01   1.0000021E+00
    9.9999298E-01   1.0000016E+00   1.0000016E+00   9.9999382E-01   1.0000015E+00
    9.9999492E-01   9.9999322E-01   1.0000007E+00   9.9999721E-01   1.0000006E+00
    1.0000005E+00   9.9999764E-01   1.0000005E+00   9.9999797E-01   9.9999735E-01
    1.0000003E+00   9.9999897E-01   1.0000002E+00   1.0000002E+00   9.9999908E-01
    1.0000002E+00   9.9999913E-01   9.9999905E-01   9.9999958E-01   1.0000001E+00
    9.9999979E-01   1.0000000E+00   9.9999990E-01   1.0000000E+00   9.9999995E-01
    1.0000000E+00   9.9999998E-01   1.0000000E+00   1.0000000E+00   1.0000000E+00
    1.0000000E+00   1.0000000E+00   1.0000000E+00   1.0000000E+00   1.0000000E+00
    1.0000000E+00   1.0000000E+00   1.0000000E+00   1.0000000E+00   1.0000000E+00
    1.0000000E+00   1.0000000E+00   1.0000000E+00   1.0000000E+00

 1.5532257781E+02   1.1216154E+11   4.2207562E+14   5.4659996E+00   1.1111149E-05   2.1899214E-03   9.9993066E-01    64 
    9.9861188E-01   1.0001260E+00   9.9984084E-01   1.0000748E+00   9.9967477E-01
    1.0000172E+00   9.9994202E-01   1.0000115E+00   1.0000112E+00   9.9993356E-01
    9.9993197E-01   1.0000038E+00   9.9998536E-01   1.0000018E+00   1.0000017E+00
    9.9998634E-01   1.0000014E+00   9.9998814E-01   9.9998574E-01   1.0000006E+00
    9.9999454E-01   1.0000005E+00   1.0000005E+00   9.9999530E-01   1.0000004E+00
    9.9999615E-01   9.9999477E-01   1.0000002E+00   9.9999806E-01   1.0000002E+00
    1.0000002E+00   9.9999835E-01   1.0000002E+00   9.9999853E-01   9.9999819E-01
    1.0000001E+00   9.9999931E-01   1.0000001E+00   1.0000001E+00   9.9999938E-01
    1.0000001E+00   9.9999940E-01   9.9999937E-01   9.9999973E-01   1.0000000E+00
    9.9999987E-01   1.0000000E+00   9.9999994E-01   1.0000000E+00   9.9999998E-01
    1.0000000E+00   1.0000000E+00   1.0000000E+00   1.0000000E+00   1.0000000E+00
    1.0000000E+00   1.0000000E+00   1.0000001E+00   1.0000001E+00   1.0000001E+00
    1.0000001E+00   1.0000001E+00   1.0000001E+00   1.0000001E+00   1.0000001E+00
    1.0000001E+00   1.0000001E+00   1.0000001E+00   1.0000001E+00

 1.5357526290E+02   8.0822084E+10   6.0816861E+14   5.9462282E+00   1.1993960E-05   1.5549113E-03   9.9995076E-01    65 
    9.9953877E-01   1.0000469E+00   9.9990535E-01   1.0000262E+00   9.9983070E-01
    1.0000051E+00   9.9996089E-01   1.0000032E+00   1.0000032E+00   9.9995582E-01
    9.9995363E-01   1.0000011E+00   9.9999172E-01   1.0000005E+00   1.0000005E+00
    9.9999259E-01   1.0000003E+00   9.9999340E-01   9.9999228E-01   1.0000002E+00
    9.9999727E-01   1.0000001E+00   1.0000001E+00   9.9999762E-01   1.0000001E+00
    9.9999795E-01   9.9999741E-01   1.0000001E+00   9.9999906E-01   1.0000000E+00
    1.0000000E+00   9.9999919E-01   1.0000000E+00   9.9999925E-01   9.9999913E-01
    1.0000000E+00   9.9999965E-01   1.0000000E+00   1.0000000E+00   9.9999969E-01
    1.0000000E+00   9.9999970E-01   9.9999968E-01   9.9999987E-01   1.0000000E+00
    9.9999994E-01   1.0000000E+00   9.9999998E-01   1.0000000E+00   1.0000000E+00
    1.0000000E+00   1.0000000E+00   1.0000000E+00   1.0000000E+00   1.0000000E+00
    1.0000000E+00   1.0000000E+00   1.0000001E+00   1.0000001E+00   1.0000001E+00
    1.0000001E+00   1.0000001E+00   1.0000001E+00   1.0000001E+00   1.0000001E+00
    1.0000001E+00   1.0000001E+00   1.0000001E+00   1.0000001E+00

 1.5183153244E+02   6.1067373E+10   8.7277998E+14   6.4796821E+00   1.2925741E-05   1.1086690E-03   9.9996489E-01    66 
    9.9987311E-01   1.0000181E+00   9.9994871E-01   1.0000093E+00   9.9991447E-01
    1.0000016E+00   9.9998202E-01   1.0000009E+00   1.0000009E+00   9.9997983E-01
    9.9997883E-01   1.0000003E+00   9.9999651E-01   1.0000001E+00   1.0000001E+00
    9.9999695E-01   1.0000001E+00   9.9999727E-01   9.9999684E-01   1.0000001E+00
    9.9999893E-01   1.0000000E+00   1.0000000E+00   9.9999906E-01   1.0000000E+00
    9.9999917E-01   9.9999900E-01   1.0000000E+00   9.9999964E-01   1.0000000E+00
    1.0000000E+00   9.9999968E-01   1.0000000E+00   9.9999970E-01   9.9999967E-01
    1.0000000E+00   9.9999986E-01   1.0000000E+00   1.0000000E+00   9.9999988E-01
    1.0000000E+00   9.9999988E-01   9.9999987E-01   9.9999995E-01   1.0000000E+00
    9.9999998E-01   1.0000000E+00   9.9999999E-01   1.0000000E+00   1.0000000E+00
    1.0000000E+00   1.0000000E+00   1.0000000E+00   1.0000000E+00   1.0000000E+00
    1.0000000E+00   1.0000000E+00   1.0000000E+00   1.0000000E+00   1.0000000E+00
    1.0000000E+00   1.0000000E+00   1.0000000E+00   1.0000000E+00   1.0000000E+00
    1.0000000E+00   1.0000000E+00   1.0000000E+00   1.0000000E+00

 1.5038548321E+02   5.0633155E+10   1.1772571E+15   6.9640690E+00   1.3758368E-05   8.3790507E-04   9.9997347E-01    67 
    9.9996571E-01   1.0000087E+00   9.9997279E-01   1.0000041E+00   9.9995588E-01
    1.0000006E+00   9.9999177E-01   1.0000003E+00   1.0000003E+00   9.9999079E-01
    9.9999035E-01   1.0000001E+00   9.9999847E-01   1.0000000E+00   1.0000000E+00
    9.9999868E-01   1.0000000E+00   9.9999882E-01   9.9999864E-01   1.0000000E+00
    9.9999955E-01   1.0000000E+00   1.0000000E+00   9.9999960E-01   1.0000000E+00
    9.9999964E-01   9.9999958E-01   1.0000000E+00   9.9999985E-01   1.0000000E+00
    1.0000000E+00   9.9999987E-01   1.0000000E+00   9.9999987E-01   9.9999986E-01
    1.0000000E+00   9.9999994E-01   1.0000000E+00   1.0000000E+00   9.9999995E-01
    1.0000000E+00   9.9999995E-01   9.9999995E-01   9.9999998E-01   1.0000000E+00
    9.9999999E-01   1.0000000E+00   1.0000000E+00   1.0000000E+00   1.0000000E+00
    1.0000000E+00   1.0000000E+00   1.0000000E+00   1.0000000E+00   1.0000000E+00
    1.0000000E+00   1.0000000E+00   1.0000000E+00   1.0000000E+00   1.0000000E+00
    1.0000000E+00   1.0000000E+00   1.0000000E+00   1.0000000E+00   1.0000000E+00
    1.0000000E+00   1.0000000E+00   1.0000000E+00   1.0000000E+00

 1.4966049159E+02   4.6801418E+10   1.3678117E+15   7.2222426E+00   1.4196609E-05   7.2821773E-04   9.9997694E-01    68 
    9.9999210E-01   1.0000059E+00   9.9998231E-01   1.0000026E+00   9.9997145E-01
    1.0000004E+00   9.9999499E-01   1.0000002E+00   1.0000002E+00   9.9999439E-01
    9.9999412E-01   1.0000001E+00   9.9999909E-01   1.0000000E+00   1.0000000E+00
    9.9999921E-01   1.0000000E+00   9.9999930E-01   9.9999919E-01   1.0000000E+00
    9.9999973E-01   1.0000000E+00   1.0000000E+00   9.9999976E-01   1.0000000E+00
    9.9999979E-01   9.9999975E-01   1.0000000E+00   9.9999991E-01   1.0000000E+00
    1.0000000E+00   9.9999992E-01   1.0000000E+00   9.9999993E-01   9.9999992E-01
    1.0000000E+00   9.9999997E-01   1.0000000E+00   1.0000000E+00   9.9999997E-01
    1.0000000E+00   9.9999997E-01   9.9999997E-01   9.9999999E-01   1.0000000E+00
    9.9999999E-01   1.0000000E+00   1.0000000E+00   1.0000000E+00   9.9999999E-01
    9.9999999E-01   9.9999999E-01   9.9999999E-01   9.9999999E-01   9.9999999E-01
    9.9999999E-01   9.9999999E-01   9.9999999E-01   9.9999999E-01   9.9999999E-01
    9.9999999E-01   9.9999999E-01   9.9999999E-01   9.9999999E-01   9.9999999E-01
    9.9999999E-01   9.9999999E-01   9.9999999E-01   9.9999999E-01

 1.4929830907E+02   4.5090878E+10   1.4729264E+15   7.3550996E+00   1.4413066E-05   6.7955215E-04   9.9997848E-01    69 
    9.9999880E-01   1.0000060E+00   9.9998266E-01   1.0000027E+00   9.9997202E-01
    1.0000004E+00   9.9999523E-01   1.0000002E+00   1.0000002E+00   9.9999465E-01
    9.9999440E-01   1.0000001E+00   9.9999914E-01   1.0000000E+00   1.0000000E+00
    9.9999926E-01   1.0000000E+00   9.9999933E-01   9.9999924E-01   1.0000000E+00
    9.9999975E-01   1.0000000E+00   1.0000000E+00   9.9999978E-01   1.0000000E+00
    9.9999980E-01   9.9999977E-01   1.0000000E+00   9.9999992E-01   1.0000000E+00
    1.0000000E+00   9.9999993E-01   1.0000000E+00   9.9999993E-01   9.9999992E-01
    1.0000000E+00   9.9999997E-01   1.0000000E+00   1.0000000E+00   9.9999997E-01
    1.0000000E+00   9.9999997E-01   9.9999997E-01   9.9999999E-01   1.0000000E+00
    9.9999999E-01   1.0000000E+00   1.0000000E+00   1.0000000E+00   9.9999999E-01
    9.9999999E-01   9.9999999E-01   9.9999999E-01   9.9999999E-01   9.9999999E-01
    9.9999999E-01   9.9999999E-01   9.9999999E-01   9.9999999E-01   9.9999999E-01
    9.9999999E-01   9.9999999E-01   9.9999999E-01   9.9999999E-01   9.9999999E-01
    9.9999999E-01   9.9999999E-01   9.9999999E-01   9.9999999E-01

 1.4917764230E+02   4.4498151E+10   1.5096672E+15   7.4006453E+00   1.4483579E-05   6.6409302E-04   9.9997897E-01    70 
    1.0003851E+00   1.0000957E+00   1.0000221E+00   1.0000700E+00   9.9998856E-01
    1.0000110E+00   9.9999824E-01   1.0000081E+00   1.0000075E+00   9.9999565E-01
    9.9999528E-01   1.0000024E+00   9.9999978E-01   1.0000012E+00   1.0000010E+00
    9.9999939E-01   1.0000008E+00   9.9999945E-01   9.9999934E-01   1.0000004E+00
    9.9999978E-01   1.0000003E+00   1.0000003E+00   9.9999979E-01   1.0000003E+00
    9.9999982E-01   9.9999977E-01   1.0000001E+00   9.9999992E-01   1.0000001E+00
    1.0000001E+00   9.9999993E-01   1.0000001E+00   9.9999994E-01   9.9999992E-01
    1.0000000E+00   9.9999997E-01   1.0000000E+00   1.0000000E+00   9.9999997E-01
    1.0000000E+00   9.9999997E-01   9.9999997E-01   9.9999999E-01   1.0000000E+00
    9.9999999E-01   1.0000000E+00   1.0000000E+00   1.0000000E+00   9.9999999E-01
    9.9999999E-01   9.9999999E-01   9.9999999E-01   9.9999999E-01   9.9999999E-01
    9.9999999E-01   9.9999999E-01   9.9999999E-01   9.9999999E-01   9.9999999E-01
    9.9999999E-01   9.9999999E-01   9.9999999E-01   9.9999999E-01   9.9999999E-01
    9.9999999E-01   9.9999999E-01   9.9999999E-01   9.9999999E-01
