     R        I    Tau(Ross)   /\Tau   Rat(Ross)  Chi(Ross)  Chi(ross)  Chi(Flux)   Chi(es)   Tau(Flux)  Tau(es)  Rat(Flux)  Rat(es)     Kappa   V(km/s)
 33556.6034690000   1 0.000E+00 5.806E-07  0.00E+00  1.681E-09  1.681E-09  1.539E-07  1.589E-09  0.00E+00  0.00E+00  0.00E+00  0.00E+00  2.485E-01  1.928E+03
 33214.8180450000   2 5.806E-07 1.181E-06  2.03E+00  1.716E-09  1.716E-09  1.572E-07  1.622E-09  5.32E-05  5.49E-07  2.03E+00  2.03E+00  2.486E-01  1.928E+03
 32541.1741880000   3 1.761E-06 2.433E-06  2.06E+00  1.789E-09  1.789E-09  1.638E-07  1.690E-09  1.61E-04  1.66E-06  2.06E+00  2.06E+00  2.487E-01  1.927E+03
 31236.7675490000   4 4.195E-06 5.183E-06  2.13E+00  1.945E-09  1.945E-09  1.780E-07  1.835E-09  3.84E-04  3.96E-06  2.13E+00  2.13E+00  2.490E-01  1.926E+03
 28784.7636820000   5 9.378E-06 1.181E-05  2.28E+00  2.297E-09  2.298E-09  2.101E-07  2.163E-09  8.58E-04  8.85E-06  2.28E+00  2.27E+00  2.495E-01  1.925E+03
 24434.7393140000   6 2.119E-05 2.947E-05  2.49E+00  3.212E-09  3.212E-09  2.936E-07  3.009E-09  1.94E-03  1.99E-05  2.49E+00  2.47E+00  2.508E-01  1.920E+03
 17798.3802230000   7 5.067E-05 4.099E-05  1.39E+00  6.163E-09  6.163E-09  5.618E-07  5.703E-09  4.63E-03  4.74E-05  1.38E+00  1.37E+00  2.540E-01  1.910E+03
 12990.0903890000   8 9.165E-05 5.705E-05  1.39E+00  1.182E-08  1.182E-08  1.071E-06  1.079E-08  8.35E-03  8.50E-05  1.38E+00  1.37E+00  2.577E-01  1.896E+03
  9498.0908704000   9 1.487E-04 7.923E-05  1.39E+00  2.263E-08  2.263E-08  2.040E-06  2.039E-08  1.35E-02  1.37E-04  1.39E+00  1.37E+00  2.611E-01  1.877E+03
  6959.7393927000  10 2.279E-04 1.095E-04  1.38E+00  4.315E-08  4.315E-08  3.892E-06  3.849E-08  2.06E-02  2.08E-04  1.39E+00  1.37E+00  2.637E-01  1.852E+03
  5115.1758683000  11 3.374E-04 1.507E-04  1.38E+00  8.192E-08  8.192E-08  7.439E-06  7.258E-08  3.06E-02  3.05E-04  1.39E+00  1.37E+00  2.655E-01  1.819E+03
  3775.0171279000  12 4.882E-04 2.070E-04  1.37E+00  1.549E-07  1.549E-07  1.423E-05  1.366E-07  4.43E-02  4.38E-04  1.39E+00  1.37E+00  2.668E-01  1.774E+03
  2800.2653676000  13 6.952E-04 2.842E-04  1.37E+00  2.921E-07  2.921E-07  2.711E-05  2.567E-07  6.35E-02  6.20E-04  1.37E+00  1.37E+00  2.677E-01  1.716E+03
  2090.1278279000  14 9.794E-04 3.904E-04  1.37E+00  5.501E-07  5.501E-07  5.020E-05  4.820E-07  8.97E-02  8.70E-04  1.32E+00  1.37E+00  2.686E-01  1.641E+03
  1572.0976364000  15 1.370E-03 5.366E-04  1.37E+00  1.036E-06  1.036E-06  8.869E-05  9.051E-07  1.24E-01  1.21E-03  1.23E+00  1.37E+00  2.693E-01  1.544E+03
  1194.1633731000  16 1.906E-03 7.337E-04  1.37E+00  1.952E-06  1.952E-06  1.426E-04  1.701E-06  1.67E-01  1.68E-03  1.11E+00  1.37E+00  2.699E-01  1.424E+03
   919.1130244900  17 2.640E-03 1.007E-03  1.37E+00  3.658E-06  3.658E-06  2.102E-04  3.185E-06  2.14E-01  2.32E-03  1.13E+00  1.37E+00  2.701E-01  1.284E+03
   717.4209109000  18 3.647E-03 1.391E-03  1.38E+00  6.852E-06  6.852E-06  3.346E-04  5.956E-06  2.68E-01  3.20E-03  1.16E+00  1.38E+00  2.706E-01  1.127E+03
   569.7126867300  19 5.038E-03 1.908E-03  1.37E+00  1.299E-05  1.299E-05  5.255E-04  1.124E-05  3.30E-01  4.40E-03  1.10E+00  1.37E+00  2.719E-01  9.468E+02
   462.5760607500  20 6.946E-03 2.621E-03  1.37E+00  2.450E-05  2.450E-05  7.680E-04  2.109E-05  3.98E-01  6.05E-03  1.05E+00  1.37E+00  2.732E-01  7.650E+02
   384.3560906500  21 9.567E-03 3.603E-03  1.37E+00  4.603E-05  4.603E-05  1.088E-03  3.949E-05  4.69E-01  8.30E-03  1.03E+00  1.37E+00  2.739E-01  5.915E+02
   327.1430229500  22 1.317E-02 4.988E-03  1.38E+00  8.653E-05  8.653E-05  1.511E-03  7.391E-05  5.42E-01  1.14E-02  9.98E-01  1.38E+00  2.750E-01  4.360E+02
   285.1114072900  23 1.816E-02 6.274E-03  1.26E+00  1.630E-04  1.630E-04  1.977E-03  1.387E-04  6.16E-01  1.56E-02  8.26E-01  1.25E+00  2.758E-01  3.055E+02
   256.3555301700  24 2.443E-02 7.231E-03  1.15E+00  2.875E-04  2.875E-04  2.185E-03  2.435E-04  6.76E-01  2.10E-02  7.01E-01  1.15E+00  2.770E-01  2.118E+02
   236.3004582500  25 3.166E-02 6.917E-03  9.57E-01  4.344E-04  4.344E-04  1.976E-03  3.676E-04  7.18E-01  2.71E-02  6.18E-01  9.63E-01  2.771E-01  1.468E+02
   221.5884719400  26 3.858E-02 5.328E-03  7.70E-01  4.911E-04  4.910E-04  1.537E-03  4.203E-04  7.45E-01  3.30E-02  5.48E-01  7.79E-01  2.739E-01  1.018E+02
   210.3652946900  27 4.391E-02 3.853E-03  7.23E-01  4.516E-04  4.516E-04  1.029E-03  3.928E-04  7.59E-01  3.76E-02  5.33E-01  7.35E-01  2.695E-01  7.068E+01
   201.4476291000  28 4.776E-02 3.105E-03  8.06E-01  4.181E-04  4.180E-04  7.121E-04  3.675E-04  7.67E-01  4.09E-02  6.04E-01  8.11E-01  2.666E-01  4.904E+01
   194.0771538500  29 5.087E-02 3.280E-03  1.06E+00  4.278E-04  4.277E-04  5.716E-04  3.776E-04  7.71E-01  4.37E-02  8.79E-01  1.06E+00  2.656E-01  3.405E+01
   186.8630222400  30 5.415E-02 3.645E-03  1.11E+00  4.935E-04  4.934E-04  5.603E-04  4.351E-04  7.75E-01  4.66E-02  9.76E-01  1.11E+00  2.658E-01  2.317E+01
   180.1647892800  31 5.779E-02 3.433E-03  9.42E-01  6.067E-04  6.067E-04  6.252E-04  5.330E-04  7.79E-01  4.98E-02  7.41E-01  9.37E-01  2.668E-01  1.676E+01
   175.0267818600  32 6.123E-02 3.994E-04  1.16E-01  7.611E-04  7.611E-04  5.199E-04  6.646E-04  7.82E-01  5.28E-02  8.73E-02  1.15E-01  2.685E-01  1.250E+01
   174.5524801500  33 6.162E-02 2.096E-04  5.25E-01  9.970E-04  9.970E-04  5.843E-04  8.608E-04  7.83E-01  5.31E-02  4.88E-01  5.18E-01  2.715E-01  8.594E+00
   174.3719589900  34 6.183E-02 3.241E-04  1.55E+00  1.363E-03  1.363E-03  8.547E-04  1.161E-03  7.83E-01  5.33E-02  1.78E+00  1.53E+00  2.751E-01  5.862E+00
   174.1698747400  35 6.216E-02 5.011E-04  1.55E+00  1.866E-03  1.866E-03  1.396E-03  1.569E-03  7.83E-01  5.36E-02  1.79E+00  1.52E+00  2.788E-01  4.117E+00
   173.9449080300  36 6.266E-02 7.508E-04  1.50E+00  2.630E-03  2.630E-03  2.199E-03  2.177E-03  7.83E-01  5.40E-02  1.67E+00  1.47E+00  2.831E-01  2.859E+00
   173.7074663800  37 6.341E-02 1.134E-03  1.51E+00  3.758E-03  3.758E-03  3.515E-03  3.059E-03  7.84E-01  5.46E-02  1.72E+00  1.48E+00  2.879E-01  1.985E+00
   173.4579613800  38 6.454E-02 1.720E-03  1.52E+00  5.428E-03  5.427E-03  5.835E-03  4.338E-03  7.85E-01  5.55E-02  1.72E+00  1.49E+00  2.932E-01  1.377E+00
   173.1970620700  39 6.626E-02 2.682E-03  1.56E+00  7.899E-03  7.899E-03  9.485E-03  6.184E-03  7.87E-01  5.69E-02  1.70E+00  1.52E+00  2.994E-01  9.560E-01
   172.9192183900  40 6.895E-02 4.223E-03  1.57E+00  1.162E-02  1.162E-02  1.485E-02  8.868E-03  7.90E-01  5.90E-02  1.65E+00  1.53E+00  3.070E-01  6.625E-01
   172.6227492300  41 7.317E-02 6.710E-03  1.59E+00  1.719E-02  1.719E-02  2.284E-02  1.273E-02  7.96E-01  6.21E-02  1.64E+00  1.54E+00  3.165E-01  4.603E-01
   172.3059546400  42 7.988E-02 1.043E-02  1.55E+00  2.567E-02  2.567E-02  3.486E-02  1.832E-02  8.05E-01  6.70E-02  1.57E+00  1.49E+00  3.284E-01  3.195E-01
   171.9758966000  43 9.031E-02 1.433E-02  1.37E+00  3.824E-02  3.824E-02  5.219E-02  2.616E-02  8.19E-01  7.43E-02  1.37E+00  1.32E+00  3.425E-01  2.239E-01
   171.6647236700  44 1.046E-01 1.969E-02  1.37E+00  5.473E-02  5.472E-02  7.404E-02  3.592E-02  8.39E-01  8.39E-02  1.35E+00  1.32E+00  3.570E-01  1.634E-01
   171.3619602000  45 1.243E-01 2.704E-02  1.37E+00  7.634E-02  7.633E-02  1.015E-01  4.808E-02  8.65E-01  9.65E-02  1.35E+00  1.32E+00  3.720E-01  1.223E-01
   171.0609196500  46 1.514E-01 3.711E-02  1.37E+00  1.045E-01  1.045E-01  1.359E-01  6.323E-02  9.01E-01  1.13E-01  1.34E+00  1.32E+00  3.873E-01  9.325E-02
   170.7567762800  47 1.885E-01 5.091E-02  1.37E+00  1.410E-01  1.410E-01  1.791E-01  8.206E-02  9.48E-01  1.35E-01  1.34E+00  1.32E+00  4.026E-01  7.206E-02
   170.4454115200  48 2.394E-01 6.977E-02  1.37E+00  1.877E-01  1.877E-01  2.333E-01  1.053E-01  1.01E+00  1.64E-01  1.34E+00  1.32E+00  4.177E-01  5.634E-02
   170.1228644400  49 3.092E-01 9.554E-02  1.37E+00  2.469E-01  2.468E-01  3.006E-01  1.337E-01  1.10E+00  2.03E-01  1.34E+00  1.32E+00  4.326E-01  4.452E-02
   169.7852088700  50 4.047E-01 1.307E-01  1.37E+00  3.212E-01  3.211E-01  3.840E-01  1.681E-01  1.21E+00  2.54E-01  1.34E+00  1.32E+00  4.477E-01  3.554E-02
   169.4284027800  51 5.354E-01 1.785E-01  1.37E+00  4.137E-01  4.137E-01  4.862E-01  2.092E-01  1.37E+00  3.21E-01  1.34E+00  1.32E+00  4.635E-01  2.868E-02
   169.0482145200  52 7.139E-01 2.435E-01  1.36E+00  5.281E-01  5.280E-01  6.098E-01  2.573E-01  1.58E+00  4.09E-01  1.34E+00  1.31E+00  4.812E-01  2.342E-02
   168.6399987800  53 9.574E-01 3.310E-01  1.36E+00  6.673E-01  6.672E-01  7.559E-01  3.121E-01  1.85E+00  5.25E-01  1.33E+00  1.30E+00  5.016E-01  1.942E-02
   168.1978578300  54 1.288E+00 4.480E-01  1.35E+00  8.314E-01  8.312E-01  9.226E-01  3.721E-01  2.23E+00  6.77E-01  1.32E+00  1.30E+00  5.251E-01  1.640E-02
   167.7128988600  55 1.736E+00 6.044E-01  1.35E+00  1.015E+00  1.015E+00  1.102E+00  4.353E-01  2.72E+00  8.73E-01  1.32E+00  1.30E+00  5.519E-01  1.419E-02
   167.1694304500  56 2.341E+00 8.175E-01  1.35E+00  1.204E+00  1.204E+00  1.281E+00  4.988E-01  3.37E+00  1.13E+00  1.33E+00  1.32E+00  5.827E-01  1.272E-02
   166.5374226100  57 3.158E+00 1.115E+00  1.36E+00  1.373E+00  1.372E+00  1.435E+00  5.614E-01  4.23E+00  1.46E+00  1.34E+00  1.37E+00  6.183E-01  1.193E-02
   165.7619038200  58 4.273E+00 1.519E+00  1.36E+00  1.491E+00  1.490E+00  1.525E+00  6.256E-01  5.38E+00  1.92E+00  1.33E+00  1.43E+00  6.409E-01  1.149E-02
   164.7725915300  59 5.793E+00 2.044E+00  1.35E+00  1.579E+00  1.579E+00  1.584E+00  7.113E-01  6.92E+00  2.58E+00  1.33E+00  1.45E+00  6.227E-01  1.067E-02
   163.5463790400  60 7.836E+00 2.747E+00  1.34E+00  1.772E+00  1.771E+00  1.768E+00  8.586E-01  8.96E+00  3.54E+00  1.34E+00  1.43E+00  5.891E-01  9.129E-03
   162.1340357500  61 1.058E+01 3.722E+00  1.35E+00  2.147E+00  2.146E+00  2.141E+00  1.099E+00  1.17E+01  4.91E+00  1.36E+00  1.42E+00  5.611E-01  7.301E-03
   160.6035401000  62 1.431E+01 5.092E+00  1.37E+00  2.759E+00  2.758E+00  2.754E+00  1.476E+00  1.54E+01  6.87E+00  1.37E+00  1.42E+00  5.383E-01  5.555E-03
   159.0140168700  63 1.940E+01 6.995E+00  1.37E+00  3.710E+00  3.709E+00  3.705E+00  2.056E+00  2.05E+01  9.64E+00  1.37E+00  1.42E+00  5.204E-01  4.073E-03
   157.4134044200  64 2.639E+01 9.610E+00  1.37E+00  5.115E+00  5.113E+00  5.109E+00  2.915E+00  2.75E+01  1.36E+01  1.37E+00  1.41E+00  5.064E-01  2.933E-03
   155.8236438300  65 3.600E+01 1.323E+01  1.38E+00  7.085E+00  7.082E+00  7.077E+00  4.129E+00  3.71E+01  1.91E+01  1.38E+00  1.40E+00  4.952E-01  2.113E-03
   154.2427948800  66 4.924E+01 1.862E+01  1.41E+00  9.808E+00  9.804E+00  9.802E+00  5.812E+00  5.03E+01  2.69E+01  1.41E+00  1.42E+00  4.871E-01  1.533E-03
   152.6409938600  67 6.786E+01 1.156E+01  6.21E-01  1.366E+01  1.365E+01  1.365E+01  8.166E+00  6.89E+01  3.80E+01  6.20E-01  6.24E-01  4.828E-01  1.114E-03
   151.8611790400  68 7.942E+01 6.540E+00  5.66E-01  1.606E+01  1.605E+01  1.604E+01  9.614E+00  8.05E+01  4.49E+01  5.66E-01  5.66E-01  4.823E-01  9.560E-04
   151.4702746300  69 8.596E+01 2.303E+00  3.52E-01  1.742E+01  1.741E+01  1.743E+01  1.043E+01  8.70E+01  4.88E+01  3.52E-01  3.52E-01  4.824E-01  8.861E-04
   151.3398303300  70 8.826E+01 0.000E+00  0.00E+00  1.790E+01  1.789E+01  1.789E+01  1.071E+01  8.93E+01  5.02E+01  0.00E+00  0.00E+00  4.825E-01  8.640E-04
