!
! Note: The effective temperature and surface gravity are defined
! at the reference radius, which (except when using the old
! velocity) is the location where Tau=2/3.
!
! Effective temperature (10^4 K) is:    2.110000E+00
!      Log surface gravity (cgs) is:    2.700000E+00
!         Core radius (10^10 cm) is:    2.007362E+02
!    Reference radius (10^10 cm) is:    2.104573E+02
!              Luminosity (Lsun) is:    1.635116E+05
!            Mass (Msun) of star is:    1.672625E+01
!       Mass loss rate (Msun/yr) is:    4.000000E-07
!         Mean atomic mass (amu) is:    1.703840E+00
!            Eddington parameter is:    1.758192E-01
!                   Atom density is:    1.000000E+08
! Ratio of inner to outer radius is:  130.62658357
!
      70          !Number of depth points
!
!    R(10^10cm)       V(km/s)         Sigma           Tau     Index
 26221.48044000  9.840990E+02 -9.839473E-01  1.952412E-05         1
 25448.90192751  9.836184E+02 -9.833996E-01  2.011699E-05         2
 23972.65018449  9.826160E+02 -9.822485E-01  2.135731E-05         3
 20047.04337577  9.792525E+02 -9.782478E-01  2.555623E-05         4
 15343.20056948  9.730949E+02 -9.706095E-01  3.345201E-05         5
 11741.69126524  9.648514E+02 -9.607734E-01  4.378725E-05         6
  9004.47098837  9.540843E+02 -9.485985E-01  5.731564E-05         7
  6924.63192697  9.403662E+02 -9.346239E-01  7.502371E-05         8
  5344.46091144  9.235973E+02 -9.148947E-01  9.820283E-05         9
  4133.67294911  9.019903E+02 -8.864487E-01  1.285433E-04        10
  3209.04008896  8.741854E+02 -8.501466E-01  1.682577E-04        11
  2505.36390407  8.397026E+02 -8.116182E-01  2.202421E-04        12
  1968.84622264  8.000457E+02 -7.556230E-01  2.882874E-04        13
  1554.41386759  7.507639E+02 -6.700530E-01  3.773559E-04        14
  1237.63858151  6.904890E+02 -5.840500E-01  4.939427E-04        15
   997.64144223  6.271970E+02 -4.606527E-01  6.465499E-04        16
   811.24138133  5.530835E+02 -2.818675E-01  8.463061E-04        17
   669.84360297  4.739866E+02 -8.512153E-02  1.107778E-03        18
   562.15341518  3.970545E+02  1.689524E-01  1.450035E-03        19
   479.25102575  3.215062E+02  5.140858E-01  1.898033E-03        20
   415.66112200  2.518223E+02  9.470573E-01  2.484444E-03        21
   366.84349719  1.910980E+02  1.487888E+00  3.252031E-03        22
   329.26898941  1.408945E+02  2.146304E+00  4.256769E-03        23
   300.26485049  1.016176E+02  2.928206E+00  5.571929E-03        24
   277.77500967  7.215140E+01  3.548104E+00  7.293416E-03        25
   259.48622379  5.246199E+01  3.622737E+00  9.546769E-03        26
   244.72534167  4.035777E+01  3.706433E+00  1.249631E-02        27
   232.51178558  3.132178E+01  4.315728E+00  1.635714E-02        28
   221.69850049  2.380591E+01  6.483649E+00  2.141079E-02        29
   214.05179868  1.707420E+01  2.107292E+01  2.607938E-02        30
   213.64376999  1.120281E+01  5.001269E+02  2.645533E-02        31
   213.50437037  6.973577E+00  7.118632E+02  2.666002E-02        32
   213.35134655  4.595698E+00  5.794759E+02  2.701357E-02        33
   213.17038564  2.982606E+00  5.172386E+02  2.765170E-02        34
   212.98087561  1.938515E+00  4.959012E+02  2.868072E-02        35
   212.78744992  1.258506E+00  4.885064E+02  3.030062E-02        36
   212.59188974  8.150141E-01  5.095339E+02  3.283416E-02        37
   212.42301609  5.297785E-01  5.444322E+02  3.621941E-02        38
   212.23787522  3.446604E-01  4.888176E+02  4.271611E-02        39
   212.02688818  2.259917E-01  4.176254E+02  5.527982E-02        40
   211.84667282  1.634743E-01  3.726833E+02  7.241323E-02        41
   211.68497477  1.253415E-01  3.392500E+02  9.478582E-02        42
   211.53094135  9.935077E-02  3.105862E+02  1.240706E-01        43
   211.37866850  8.043692E-02  2.850622E+02  1.624031E-01        44
   211.22412009  6.602165E-02  2.626990E+02  2.125787E-01        45
   211.06428480  5.464099E-02  2.435164E+02  2.782564E-01        46
   210.89677575  4.542453E-02  2.269181E+02  3.642257E-01        47
   210.71968837  3.784135E-02  2.120165E+02  4.767558E-01        48
   210.53153637  3.155697E-02  1.979379E+02  6.240529E-01        49
   210.33126960  2.634859E-02  1.839426E+02  8.168586E-01        50
   210.11832612  2.205794E-02  1.694048E+02  1.069233E+00        51
   209.89253648  1.855998E-02  1.537774E+02  1.399580E+00        52
   209.65384955  1.574885E-02  1.365281E+02  1.831990E+00        53
   209.40179344  1.352993E-02  1.172615E+02  2.397997E+00        54
   209.13474978  1.181820E-02  9.566060E+01  3.138875E+00        55
   208.84889196  1.054674E-02  7.175773E+01  4.108653E+00        56
   208.53645585  9.662977E-03  4.784737E+01  5.378051E+00        57
   208.18360747  9.089536E-03  3.182129E+01  7.039639E+00        58
   207.76815363  8.588184E-03  3.007587E+01  9.214585E+00        59
   207.26303509  7.891577E-03  3.809635E+01  1.206150E+01        60
   206.65150330  6.900176E-03  4.744530E+01  1.578798E+01        61
   205.94115771  5.754060E-03  5.370367E+01  2.066579E+01        62
   205.15090220  4.620955E-03  5.752961E+01  2.705064E+01        63
   204.30045704  3.605458E-03  5.969448E+01  3.540813E+01        64
   203.41071538  2.766883E-03  6.008395E+01  4.634773E+01        65
   202.49689314  2.112340E-03  5.902179E+01  6.066719E+01        66
   201.56122987  1.612877E-03  5.678700E+01  7.949977E+01        67
   201.06801593  1.403374E-03  5.535007E+01  9.147888E+01        68
   200.81937458  1.309528E-03  5.472370E+01  9.812922E+01        69
   200.73617271  1.279686E-03  5.452278E+01  1.004517E+02        70
   200.73617271  1.279686E-03  5.452278E+01  1.004517E+02        70
