         R          I   Tau(Ross)   /\Tau   Rat(Ross)  Chi(Ross)  Chi(ross)  Chi(Flux)   Chi(es)   Tau(Flux)  Tau(es)  Rat(Flux)  Rat(es)     Kappa   V(km/s)
 54614.3293741083   1 1.712E-05 5.322E-07  0.00E+00  6.417E-09  6.417E-09  1.132E-07  6.303E-09  2.91E-04  1.69E-05  0.00E+00  0.00E+00  3.138E-01  4.937E+02
 53005.0347071923   2 1.766E-05 1.114E-06  2.09E+00  6.817E-09  6.818E-09  1.200E-07  6.695E-09  3.01E-04  1.74E-05  2.10E+00  2.09E+00  3.139E-01  4.935E+02
 49928.8540843144   3 1.877E-05 3.779E-06  3.39E+00  7.694E-09  7.695E-09  1.365E-07  7.554E-09  3.20E-04  1.85E-05  3.46E+00  3.39E+00  3.141E-01  4.931E+02
 41734.6090973962   4 2.255E-05 7.114E-06  1.88E+00  1.106E-08  1.106E-08  1.970E-07  1.085E-08  3.89E-04  2.22E-05  1.92E+00  1.88E+00  3.145E-01  4.918E+02
 31919.7898982601   5 2.966E-05 9.319E-06  1.31E+00  1.903E-08  1.904E-08  3.377E-07  1.865E-08  5.20E-04  2.92E-05  1.30E+00  1.31E+00  3.151E-01  4.893E+02
 24444.5165502235   6 3.898E-05 1.222E-05  1.31E+00  3.272E-08  3.272E-08  5.756E-07  3.203E-08  6.91E-04  3.83E-05  1.29E+00  1.31E+00  3.155E-01  4.861E+02
 18740.5882539986   7 5.120E-05 1.592E-05  1.30E+00  5.622E-08  5.622E-08  9.681E-07  5.500E-08  9.11E-04  5.03E-05  1.26E+00  1.30E+00  3.160E-01  4.819E+02
 14410.3580074138   8 6.712E-05 2.060E-05  1.29E+00  9.628E-08  9.628E-08  1.596E-06  9.411E-08  1.19E-03  6.58E-05  1.24E+00  1.29E+00  3.163E-01  4.765E+02
 11129.3761163277   9 8.772E-05 2.660E-05  1.29E+00  1.640E-07  1.640E-07  2.603E-06  1.602E-07  1.53E-03  8.60E-05  1.24E+00  1.29E+00  3.166E-01  4.695E+02
  8634.0659649139  10 1.143E-04 3.475E-05  1.31E+00  2.777E-07  2.777E-07  4.233E-06  2.710E-07  1.96E-03  1.12E-04  1.26E+00  1.31E+00  3.169E-01  4.610E+02
  6710.6220735100  11 1.491E-04 4.534E-05  1.30E+00  4.709E-07  4.709E-07  6.898E-06  4.592E-07  2.49E-03  1.46E-04  1.25E+00  1.30E+00  3.170E-01  4.502E+02
  5231.6808209792  12 1.944E-04 5.885E-05  1.30E+00  7.997E-07  7.997E-07  1.116E-05  7.791E-07  3.16E-03  1.90E-04  1.24E+00  1.30E+00  3.171E-01  4.363E+02
  4100.4632023838  13 2.533E-04 7.609E-05  1.29E+00  1.355E-06  1.355E-06  1.807E-05  1.319E-06  3.99E-03  2.47E-04  1.24E+00  1.29E+00  3.170E-01  4.189E+02
  3234.8719127243  14 3.293E-04 9.980E-05  1.31E+00  2.284E-06  2.284E-06  2.945E-05  2.222E-06  5.02E-03  3.21E-04  1.26E+00  1.31E+00  3.167E-01  3.990E+02
  2563.0786373268  15 4.291E-04 1.302E-04  1.30E+00  3.874E-06  3.874E-06  4.749E-05  3.764E-06  6.31E-03  4.18E-04  1.24E+00  1.30E+00  3.162E-01  3.741E+02
  2047.7948543234  16 5.593E-04 1.677E-04  1.29E+00  6.600E-06  6.600E-06  7.651E-05  6.403E-06  7.91E-03  5.45E-04  1.23E+00  1.29E+00  3.156E-01  3.434E+02
  1656.0991533008  17 7.270E-04 2.216E-04  1.32E+00  1.113E-05  1.113E-05  1.235E-04  1.078E-05  9.87E-03  7.07E-04  1.27E+00  1.32E+00  3.157E-01  3.113E+02
  1351.7172276763  18 9.486E-04 2.887E-04  1.30E+00  1.907E-05  1.907E-05  2.020E-04  1.841E-05  1.23E-02  9.22E-04  1.23E+00  1.30E+00  3.165E-01  2.730E+02
  1120.7966691577  19 1.237E-03 3.768E-04  1.31E+00  3.252E-05  3.252E-05  3.225E-04  3.130E-05  1.54E-02  1.20E-03  1.19E+00  1.30E+00  3.178E-01  2.323E+02
   944.7782086963  20 1.614E-03 4.941E-04  1.31E+00  5.435E-05  5.435E-05  4.811E-04  5.207E-05  1.90E-02  1.56E-03  1.16E+00  1.30E+00  3.193E-01  1.922E+02
   810.0440383270  21 2.108E-03 6.479E-04  1.31E+00  8.628E-05  8.629E-05  6.706E-04  8.223E-05  2.32E-02  2.03E-03  1.14E+00  1.30E+00  3.209E-01  1.530E+02
   707.3467772890  22 2.756E-03 8.583E-04  1.32E+00  1.200E-04  1.200E-04  8.079E-04  1.137E-04  2.80E-02  2.65E-03  1.13E+00  1.32E+00  3.230E-01  1.170E+02
   629.3981532753  23 3.614E-03 1.118E-03  1.30E+00  1.403E-04  1.403E-04  7.950E-04  1.326E-04  3.34E-02  3.46E-03  1.09E+00  1.30E+00  3.300E-01  8.614E+01
   570.3194063235  24 4.732E-03 1.447E-03  1.29E+00  1.428E-04  1.428E-04  6.751E-04  1.348E-04  3.93E-02  4.52E-03  1.14E+00  1.29E+00  3.270E-01  6.143E+01
   525.2859746736  25 6.179E-03 1.894E-03  1.31E+00  1.504E-04  1.504E-04  6.486E-04  1.422E-04  4.59E-02  5.88E-03  1.24E+00  1.31E+00  3.281E-01  4.285E+01
   490.3067245012  26 8.073E-03 2.425E-03  1.28E+00  1.724E-04  1.724E-04  7.341E-04  1.629E-04  5.42E-02  7.67E-03  1.36E+00  1.29E+00  3.299E-01  3.003E+01
   460.6965237491  27 1.050E-02 1.600E-03  6.60E-01  2.009E-04  2.009E-04  9.224E-04  1.940E-04  6.54E-02  9.99E-03  6.29E-01  6.58E-01  3.162E-01  2.218E+01
   448.1962151037  28 1.210E-02 2.751E-04  1.72E-01  2.808E-04  2.808E-04  1.066E-03  2.619E-04  7.25E-02  1.15E-02  2.61E-01  1.68E-01  3.543E-01  1.520E+01
   446.9071074232  29 1.237E-02 2.217E-04  8.06E-01  3.790E-04  3.790E-04  2.958E-03  3.511E-04  7.43E-02  1.18E-02  1.05E+00  8.01E-01  3.566E-01  9.581E+00
   446.2580763183  30 1.259E-02 4.368E-04  1.97E+00  5.016E-04  5.017E-04  4.593E-03  4.624E-04  7.63E-02  1.20E-02  1.83E+00  1.96E+00  3.398E-01  6.234E+00
   445.4204445335  31 1.303E-02 7.107E-04  1.63E+00  7.339E-04  7.339E-04  5.303E-03  6.703E-04  7.98E-02  1.24E-02  1.58E+00  1.61E+00  3.443E-01  4.045E+00
   444.5517781403  32 1.374E-02 1.066E-03  1.50E+00  1.111E-03  1.111E-03  8.930E-03  9.999E-04  8.54E-02  1.30E-02  1.54E+00  1.47E+00  3.527E-01  2.629E+00
   443.7325315746  33 1.481E-02 1.583E-03  1.49E+00  1.731E-03  1.731E-03  1.360E-02  1.525E-03  9.40E-02  1.40E-02  2.20E+00  1.44E+00  3.655E-01  1.705E+00
   442.9815420051  34 1.639E-02 2.543E-03  1.61E+00  2.755E-03  2.755E-03  3.910E-02  2.340E-03  1.13E-01  1.53E-02  2.71E+00  1.57E+00  3.848E-01  1.110E+00
   442.2287628457  35 1.893E-02 3.932E-03  1.55E+00  4.313E-03  4.313E-03  1.012E-01  3.610E-03  1.64E-01  1.75E-02  1.09E+00  1.52E+00  3.948E-01  7.212E-01
   441.4938680254  36 2.287E-02 6.360E-03  1.62E+00  6.783E-03  6.783E-03  5.463E-02  5.533E-03  2.21E-01  2.07E-02  4.58E-01  1.57E+00  4.054E-01  4.687E-01
   440.7495376655  37 2.923E-02 9.256E-03  1.46E+00  1.083E-02  1.083E-02  1.534E-02  8.544E-03  2.46E-01  2.58E-02 -1.57E+00  1.40E+00  4.190E-01  3.028E-01
   440.0616944226  38 3.848E-02 1.215E-02  1.31E+00  1.670E-02  1.670E-02 -1.335E-01  1.254E-02  2.06E-01  3.29E-02  1.99E+00  1.24E+00  4.366E-01  2.046E-01
   439.4594589951  39 5.063E-02 1.519E-02  1.25E+00  2.414E-02  2.414E-02 -1.349E-01  1.719E-02  1.26E-01  4.18E-02  5.29E-01  1.21E+00  4.549E-01  1.476E-01
   438.9077055949  40 6.582E-02 1.873E-02  1.23E+00  3.132E-02  3.132E-02 -1.980E-02  2.188E-02  8.31E-02  5.25E-02  1.67E-01  1.21E+00  4.465E-01  1.119E-01
   438.3794560434  41 8.455E-02 2.493E-02  1.33E+00  4.046E-02  4.046E-02 -7.105E-03  2.755E-02  7.60E-02  6.55E-02 -6.75E-01  1.24E+00  4.522E-01  8.782E-02
   437.8567787616  42 1.095E-01 3.306E-02  1.33E+00  5.568E-02  5.568E-02  2.543E-02  3.404E-02  8.08E-02  8.15E-02  5.03E+00  1.24E+00  5.009E-01  7.082E-02
   437.3254798103  43 1.425E-01 4.264E-02  1.29E+00  6.897E-02  6.897E-02  6.527E-02  4.088E-02  1.05E-01  1.01E-01  1.92E+00  1.25E+00  5.094E-01  5.826E-02
   436.7730985201  44 1.852E-01 5.566E-02  1.31E+00  8.604E-02  8.604E-02  1.023E-01  4.905E-02  1.51E-01  1.26E-01  1.14E+00  1.27E+00  5.295E-01  4.865E-02
   436.1875114617  45 2.408E-01 7.156E-02  1.29E+00  1.043E-01  1.043E-01  7.787E-02  5.818E-02  2.04E-01  1.57E-01  9.86E-01  1.27E+00  5.404E-01  4.106E-02
   435.5566085158  46 3.124E-01 9.281E-02  1.30E+00  1.230E-01  1.230E-01  8.687E-02  6.845E-02  2.56E-01  1.97E-01  1.32E+00  1.28E+00  5.406E-01  3.494E-02
   434.8677995729  47 4.052E-01 1.219E-01  1.31E+00  1.472E-01  1.472E-01  1.125E-01  8.016E-02  3.24E-01  2.48E-01  1.29E+00  1.29E+00  5.524E-01  2.991E-02
   434.1077361339  48 5.271E-01 1.587E-01  1.30E+00  1.738E-01  1.738E-01  1.205E-01  9.342E-02  4.13E-01  3.14E-01  1.18E+00  1.29E+00  5.596E-01  2.574E-02
   433.2624325696  49 6.859E-01 2.076E-01  1.31E+00  2.022E-01  2.022E-01  1.269E-01  1.086E-01  5.17E-01  4.00E-01  1.23E+00  1.30E+00  5.599E-01  2.223E-02
   432.3185485805  50 8.935E-01 2.767E-01  1.33E+00  2.391E-01  2.391E-01  1.447E-01  1.264E-01  6.45E-01  5.10E-01  1.30E+00  1.30E+00  5.685E-01  1.917E-02
   431.2675404372  51 1.170E+00 3.742E-01  1.35E+00  2.896E-01  2.896E-01  1.734E-01  1.488E-01  8.12E-01  6.55E-01  1.53E+00  1.31E+00  5.850E-01  1.636E-02
   430.1100032397  52 1.544E+00 5.084E-01  1.36E+00  3.598E-01  3.598E-01  2.687E-01  1.776E-01  1.07E+00  8.43E-01  1.69E+00  1.30E+00  6.091E-01  1.379E-02
   428.8536084875  53 2.053E+00 6.834E-01  1.34E+00  4.523E-01  4.523E-01  4.175E-01  2.139E-01  1.50E+00  1.09E+00  1.52E+00  1.29E+00  6.355E-01  1.151E-02
   427.5069129801  54 2.736E+00 9.052E-01  1.32E+00  5.653E-01  5.653E-01  5.563E-01  2.580E-01  2.15E+00  1.41E+00  1.38E+00  1.28E+00  6.586E-01  9.603E-03
   426.0738332975  55 3.641E+00 1.187E+00  1.31E+00  7.008E-01  7.008E-01  7.099E-01  3.088E-01  3.06E+00  1.81E+00  1.34E+00  1.26E+00  6.823E-01  8.079E-03
   424.5493588897  56 4.829E+00 1.552E+00  1.31E+00  8.595E-01  8.595E-01  8.807E-01  3.635E-01  4.27E+00  2.32E+00  1.31E+00  1.25E+00  7.109E-01  6.912E-03
   422.9135370180  57 6.381E+00 2.038E+00  1.31E+00  1.040E+00  1.040E+00  1.067E+00  4.185E-01  5.87E+00  2.96E+00  1.31E+00  1.24E+00  7.475E-01  6.055E-03
   421.1229065147  58 8.418E+00 2.708E+00  1.33E+00  1.235E+00  1.235E+00  1.261E+00  4.701E-01  7.95E+00  3.76E+00  1.32E+00  1.26E+00  7.926E-01  5.449E-03
   419.0973714340  59 1.113E+01 3.649E+00  1.35E+00  1.435E+00  1.435E+00  1.455E+00  5.207E-01  1.07E+01  4.76E+00  1.34E+00  1.30E+00  8.390E-01  5.013E-03
   416.7253964620  60 1.478E+01 4.940E+00  1.35E+00  1.639E+00  1.639E+00  1.646E+00  5.851E-01  1.44E+01  6.07E+00  1.35E+00  1.36E+00  8.731E-01  4.619E-03
   413.9152857636  61 1.972E+01 6.609E+00  1.34E+00  1.878E+00  1.878E+00  1.875E+00  6.819E-01  1.93E+01  7.85E+00  1.34E+00  1.38E+00  8.860E-01  4.146E-03
   410.6589770893  62 2.632E+01 8.684E+00  1.31E+00  2.190E+00  2.190E+00  2.183E+00  8.240E-01  2.59E+01  1.03E+01  1.32E+00  1.36E+00  8.727E-01  3.559E-03
   407.0396867046  63 3.501E+01 1.132E+01  1.30E+00  2.627E+00  2.627E+00  2.622E+00  1.025E+00  3.46E+01  1.36E+01  1.31E+00  1.35E+00  8.493E-01  2.939E-03
   403.1545120843  64 4.633E+01 1.469E+01  1.30E+00  3.227E+00  3.227E+00  3.224E+00  1.304E+00  4.60E+01  1.81E+01  1.30E+00  1.35E+00  8.224E-01  2.361E-03
   399.0817677241  65 6.102E+01 1.935E+01  1.32E+00  4.023E+00  4.023E+00  4.023E+00  1.698E+00  6.07E+01  2.42E+01  1.32E+00  1.38E+00  7.884E-01  1.853E-03
   394.8276330136  66 8.037E+01 1.624E+01  8.40E-01  5.126E+00  5.126E+00  5.124E+00  2.262E+00  8.02E+01  3.26E+01  8.37E-01  8.69E-01  7.545E-01  1.422E-03
   391.9221994504  67 9.662E+01 1.064E+01  6.55E-01  6.087E+00  6.087E+00  6.086E+00  2.758E+00  9.65E+01  3.98E+01  6.54E-01  6.68E-01  7.352E-01  1.184E-03
   390.2596874001  68 1.073E+02 5.737E+00  5.39E-01  6.726E+00  6.726E+00  6.721E+00  3.088E+00  1.07E+02  4.47E+01  5.39E-01  5.44E-01  7.256E-01  1.067E-03
   389.4278843050  69 1.130E+02 1.978E+00  3.45E-01  7.072E+00  7.072E+00  7.084E+00  3.267E+00  1.13E+02  4.73E+01  3.45E-01  3.46E-01  7.211E-01  1.013E-03
   389.1505000000  70 1.150E+02 0.000E+00  0.00E+00  7.192E+00  7.192E+00  7.192E+00  3.329E+00  1.15E+02  4.82E+01  0.00E+00  0.00E+00  7.196E-01  9.950E-04


NB: Mean opacities do not include effect of clumpingNB: Optical depth scale includes effect of clumping
