
 24-FEB-2004                           !Format date

 1.4435888419E+02     2.3087E+05       39       60

 3.1962920369E+04   2.0985645E+01   2.8105668E+05   1.0097927E+00   3.2790428E-05   1.9141888E+03   5.0000000E-02     1 
    6.4820992E-02   6.4820992E-02   2.7807009E-05   2.7807009E-05   2.7807009E-05
    4.1127105E-04   4.1127105E-04   3.2719139E-03   4.4712707E-03   4.4712707E-03
    7.3146375E-03   5.3644212E-03   5.3644212E-03   1.7718430E-06   9.2744466E-03
    9.2744466E-03   2.7309711E-06   2.7309711E-06   1.2917231E-01   2.4683040E-02
    2.4683040E-02   6.9059054E-06   6.9059054E-06   6.9059054E-06   4.2974462E-01
    4.2974462E-01   9.3895834E-04   9.3895834E-04   1.9855506E-03   1.9855506E-03
    3.6233578E-01   2.7796187E-02   2.7796187E-02   8.8516273E-05   8.8516273E-05
    8.9818843E-01   8.9818843E-01   7.1383645E-03   7.1383645E-03

 3.1576263454E+04   2.1501526E+01   2.8801106E+05   1.0122545E+00   3.2750158E-05   1.9140202E+03   5.0000000E-02     2 
    6.7880151E-02   6.7880151E-02   2.9517856E-05   2.9517856E-05   2.9517856E-05
    4.2999747E-04   4.2999747E-04   3.3952583E-03   4.6171578E-03   4.6171578E-03
    7.5385281E-03   5.5001186E-03   5.5001186E-03   1.8621921E-06   9.4827043E-03
    9.4827043E-03   2.8464554E-06   2.8464554E-06   1.3122688E-01   2.5031357E-02
    2.5031357E-02   7.1957143E-06   7.1957143E-06   7.1957143E-06   4.3492928E-01
    4.3492928E-01   9.5060560E-04   9.5060560E-04   2.0087341E-03   2.0087341E-03
    3.6612907E-01   2.8066251E-02   2.8066251E-02   8.9946708E-05   8.9946708E-05
    9.0588060E-01   9.0588060E-01   7.1952922E-03   7.1952922E-03

 3.0816549169E+04   2.2572225E+01   3.0244782E+05   1.0172267E+00   3.2669177E-05   1.9136763E+03   5.0000000E-02     3 
    7.4464280E-02   7.4464280E-02   3.3276282E-05   3.3276282E-05   3.3276282E-05
    4.7016065E-04   4.7016065E-04   3.6568087E-03   4.9242387E-03   4.9242387E-03
    8.0084439E-03   5.7828661E-03   5.7828661E-03   2.0575326E-06   9.9165389E-03
    9.9165389E-03   3.0929619E-06   3.0929619E-06   1.3544665E-01   2.5744928E-02
    2.5744928E-02   7.8142233E-06   7.8142233E-06   7.8142233E-06   4.4551776E-01
    4.4551776E-01   9.7443904E-04   9.7443904E-04   2.0560668E-03   2.0560668E-03
    3.7386077E-01   2.8616155E-02   2.8616155E-02   9.2918451E-05   9.2918451E-05
    9.2151716E-01   9.2151716E-01   7.3108976E-03   7.3108976E-03

 2.9353005673E+04   2.4873660E+01   3.3349632E+05   1.0274588E+00   3.2504041E-05   1.9129632E+03   5.0000000E-02     4 
    8.9972808E-02   8.9972808E-02   4.2452141E-05   4.2452141E-05   4.2452141E-05
    5.6350534E-04   5.6350534E-04   4.2507956E-03   5.6112641E-03   5.6112641E-03
    9.0536100E-03   6.4024607E-03   6.4024607E-03   2.5164754E-06   1.0865093E-02
    1.0865093E-02   3.6566609E-06   3.6566609E-06   1.4442983E-01   2.7256238E-02
    2.7256238E-02   9.2279801E-06   9.2279801E-06   9.2279801E-06   4.6780639E-01
    4.6780639E-01   1.0247777E-03   1.0247777E-03   2.1556053E-03   2.1556053E-03
    3.9006635E-01   2.9766318E-02   2.9766318E-02   9.9363159E-05   9.9363159E-05
    9.5411144E-01   9.5411144E-01   7.5513853E-03   7.5513853E-03

 2.6634164701E+04   3.0197282E+01   4.0540555E+05   1.0490755E+00   3.2162647E-05   1.9114395E+03   5.0000000E-02     5 
    1.3325773E-01   1.3325773E-01   7.0078108E-05   7.0078108E-05   7.0078108E-05
    8.1684332E-04   8.1684332E-04   5.7874481E-03   7.3344768E-03   7.3344768E-03
    1.1643603E-02   7.8923725E-03   7.8923725E-03   3.7913715E-06   1.3143136E-02
    1.3143136E-02   5.1360310E-06   5.1360310E-06   1.6476778E-01   3.0642736E-02
    3.0642736E-02   1.2939801E-05   1.2939801E-05   1.2939801E-05   5.1712652E-01
    5.1712652E-01   1.1370013E-03   1.1370013E-03   2.3754007E-03   2.3754007E-03
    4.2561251E-01   3.2277937E-02   3.2277937E-02   1.1457059E-04   1.1457059E-04
    1.0247910E+00   1.0247910E+00   8.0707581E-03   8.0707581E-03

 2.1933668653E+04   4.4484778E+01   5.9896842E+05   1.0963653E+00   3.1460332E-05   1.9079659E+03   5.0000000E-02     6 
    3.0162989E-01   3.0162989E-01   1.9787774E-04   1.9787774E-04   1.9787774E-04
    1.7509240E-03   1.7509240E-03   1.0907357E-02   1.2714931E-02   1.2714931E-02
    1.9529942E-02   1.2139187E-02   1.2139187E-02   8.7844329E-06   1.9519053E-02
    1.9519053E-02   1.0257086E-05   1.0257086E-05   2.1597404E-01   3.8991543E-02
    3.8991543E-02   2.5879488E-05   2.5879488E-05   2.5879488E-05   6.3546155E-01
    6.3546155E-01   1.4120171E-03   1.4120171E-03   2.9015510E-03   2.9015510E-03
    5.0961065E-01   3.8151201E-02   3.8151201E-02   1.5718011E-04   1.5718011E-04
    1.1875898E+00   1.1875898E+00   9.2591472E-03   9.2591472E-03

 1.5055818755E+04   9.4372375E+01   1.2777019E+06   1.1930428E+00   3.0294592E-05   1.8988316E+03   5.0000000E-02     7 
    1.2508722E+00   1.2508722E+00   1.3296353E-03   1.3296353E-03   1.3296353E-03
    6.9304176E-03   6.9304176E-03   3.4213730E-02   3.4322266E-02   3.4322266E-02
    4.9767860E-02   2.6376195E-02   2.6376195E-02   4.3494792E-05   4.0143098E-02
    4.0143098E-02   3.7924150E-05   3.7924150E-05   3.5084678E-01   6.0145868E-02
    6.0145868E-02   9.8454144E-05   9.8454144E-05   9.8454144E-05   9.1835538E-01
    9.1835538E-01   2.1253086E-03   2.1253086E-03   4.1706378E-03   4.1706378E-03
    7.0770852E-01   5.1655948E-02   5.1655948E-02   3.1584222E-04   3.1584222E-04
    1.5495776E+00   1.5495776E+00   1.1904806E-02   1.1904806E-02

 1.0343322655E+04   2.0050265E+02   2.7272030E+06   1.2763904E+00   2.9535148E-05   1.8854252E+03   5.0000000E-02     8 
    2.9741533E+00   2.9741533E+00   5.6386442E-03   5.6386442E-03   5.6386442E-03
    1.9289183E-02   1.9289183E-02   8.0009502E-02   7.1790742E-02   7.1790742E-02
    1.0016431E-01   4.6990522E-02   4.6990522E-02   1.7797741E-04   7.1267929E-02
    7.1267929E-02   1.2196693E-04   1.2196693E-04   4.9870038E-01   8.2495799E-02
    8.2495799E-02   3.3193797E-04   3.3193797E-04   3.3193797E-04   1.1937615E+00
    1.1937615E+00   3.0130726E-03   3.0130726E-03   5.4740285E-03   5.4740285E-03
    9.0523771E-01   6.4695401E-02   6.4695401E-02   6.6909421E-04   6.6909421E-04
    1.8810791E+00   1.8810791E+00   1.4441119E-02   1.4441119E-02

 7.1191151713E+03   4.2625966E+02   5.8175384E+06   1.3355861E+00   2.9204851E-05   1.8661439E+03   5.0000000E-02     9 
    3.9410403E+00   3.9410403E+00   1.4337004E-02   1.4337004E-02   1.4337004E-02
    3.7003492E-02   3.7003492E-02   1.3695336E-01   1.1456251E-01   1.1456251E-01
    1.5701613E-01   6.8497055E-02   6.8497055E-02   5.7842035E-04   1.1072720E-01
    1.1072720E-01   3.3607129E-04   3.3607129E-04   6.1558080E-01   1.0045896E-01
    1.0045896E-01   9.5620834E-04   9.5620834E-04   9.5620834E-04   1.3987379E+00
    1.3987379E+00   4.1170692E-03   4.1170692E-03   6.5390324E-03   6.5390324E-03
    1.0579392E+00   7.4592413E-02   7.4592413E-02   1.4300122E-03   1.4300122E-03
    2.1105687E+00   2.1105687E+00   1.6508613E-02   1.6508613E-02

 4.9180399849E+03   9.0439257E+02   1.2373264E+07   1.3737975E+00   2.9231182E-05   1.8387556E+03   5.0000000E-02    10 
    3.4871052E+00   3.4871052E+00   2.5294762E-02   2.5294762E-02   2.5294762E-02
    5.4687709E-02   5.4687709E-02   1.8792881E-01   1.5106615E-01   1.5106615E-01
    2.0680725E-01   8.7115275E-02   8.7115275E-02   1.5770684E-03   1.5903538E-01
    1.5903538E-01   8.2531268E-04   8.2531268E-04   6.8304298E-01   1.1239065E-01
    1.1239065E-01   2.4339350E-03   2.4339350E-03   2.4339350E-03   1.5166315E+00
    1.5166315E+00   5.7820101E-03   5.7820101E-03   7.3666085E-03   7.3666085E-03
    1.1596964E+00   8.1213549E-02   8.1213549E-02   3.0180936E-03   3.0180936E-03
    2.2266803E+00   2.2266803E+00   1.8273951E-02   1.8273951E-02

 3.4171258816E+03   1.9093418E+03   2.6180970E+07   1.4010912E+00   2.9509299E-05   1.8001899E+03   5.0000000E-02    11 
    2.5587224E+00   2.5587224E+00   3.7362912E-02   3.7362912E-02   3.7362912E-02
    7.1201111E-02   7.1201111E-02   2.3104883E-01   1.8124400E-01   1.8124400E-01
    2.5074026E-01   1.0459458E-01   1.0459458E-01   3.9009916E-03   2.2229085E-01
    2.2229085E-01   1.8994884E-03   1.8994884E-03   7.1553142E-01   1.2093817E-01
    1.2093817E-01   5.7767818E-03   5.7767818E-03   5.7767818E-03   1.5787264E+00
    1.5787264E+00   8.8492654E-03   8.8492654E-03   8.2465556E-03   8.2465556E-03
    1.2304726E+00   8.6534017E-02   8.6534017E-02   6.2637443E-03   6.2637443E-03
    2.2566250E+00   2.2566250E+00   2.0352009E-02   2.0352009E-02

 2.3895833356E+03   4.0137045E+03   5.5191958E+07   1.4275826E+00   2.9964564E-05   1.7463374E+03   5.0000000E-02    12 
    1.8429918E+00   1.8429918E+00   5.3698927E-02   5.3698927E-02   5.3698927E-02
    9.0650759E-02   9.0650759E-02   2.7757632E-01   2.1332445E-01   2.1332445E-01
    3.0056075E-01   1.2739382E-01   1.2739382E-01   9.3517663E-03   3.1538534E-01
    3.1538534E-01   4.2639673E-03   4.2639673E-03   7.4246928E-01   1.3173798E-01
    1.3173798E-01   1.3389048E-02   1.3389048E-02   1.3389048E-02   1.6577384E+00
    1.6577384E+00   1.5042654E-02   1.5042654E-02   9.7839039E-03   9.7839039E-03
    1.2907002E+00   9.3816243E-02   9.3816243E-02   1.2833242E-02   1.2833242E-02
    2.2295954E+00   2.2295954E+00   2.3848656E-02   2.3848656E-02

 1.6827507800E+03   8.4160198E+03   1.1625263E+08   1.4613058E+00   3.0556969E-05   1.6719534E+03   5.0000000E-02    13 
    1.4585409E+00   1.4585409E+00   8.2972324E-02   8.2972324E-02   8.2972324E-02
    1.2067957E-01   1.2067957E-01   3.4413356E-01   2.5901070E-01   2.5901070E-01
    3.7232773E-01   1.6608326E-01   1.6608326E-01   2.2650899E-02   4.6591728E-01
    4.6591728E-01   9.5445359E-03   9.5445359E-03   7.9584035E-01   1.5254805E-01
    1.5254805E-01   3.1194479E-02   3.1194479E-02   3.1194479E-02   1.8431171E+00
    1.8431171E+00   2.7808715E-02   2.7808715E-02   1.3340570E-02   1.3340570E-02
    1.3576192E+00   1.0876716E-01   1.0876716E-01   2.6014986E-02   2.6014986E-02
    2.1767574E+00   2.1767574E+00   3.1056335E-02   3.1056335E-02

 1.1954492815E+03   1.7592155E+04   2.4515845E+08   1.5096109E+00   3.1257503E-05   1.5709979E+03   5.0000000E-02    14 
    1.3774563E+00   1.3774563E+00   1.4737491E-01   1.4737491E-01   1.4737491E-01
    1.7520405E-01   1.7520405E-01   4.5536593E-01   3.3655908E-01   3.3655908E-01
    4.8658570E-01   2.4095261E-01   2.4095261E-01   5.6385505E-02   7.2700207E-01
    7.2700207E-01   2.1450765E-02   2.1450765E-02   9.2079287E-01   1.9593454E-01
    1.9593454E-01   7.3975599E-02   7.3975599E-02   7.3975599E-02   2.2563836E+00
    2.2563836E+00   5.3711707E-02   5.3711707E-02   2.2528799E-02   2.2528799E-02
    1.4417081E+00   1.4422712E-01   1.4422712E-01   5.2041422E-02   5.2041422E-02
    2.1957554E+00   2.1957554E+00   4.7693953E-02   4.7693953E-02

 8.5947493770E+02   3.6547631E+04   5.1835138E+08   1.5853600E+00   3.1980531E-05   1.4375336E+03   5.0000000E-02    15 
    1.7489247E+00   1.7489247E+00   3.3019657E-01   3.3019657E-01   3.3019657E-01
    2.9566635E-01   2.9566635E-01   6.8241576E-01   4.9594960E-01   4.9594960E-01
    6.8761118E-01   3.9929069E-01   3.9929069E-01   1.4702538E-01   1.2337987E+00
    1.2337987E+00   4.9368865E-02   4.9368865E-02   1.1609243E+00   2.8131453E-01
    2.8131453E-01   1.8176384E-01   1.8176384E-01   1.8176384E-01   2.9601062E+00
    2.9601062E+00   1.0575047E-01   1.0575047E-01   4.7892964E-02   4.7892964E-02
    1.5650883E+00   2.2878419E-01   2.2878419E-01   1.0371836E-01   1.0371836E-01
    2.5301369E+00   2.5301369E+00   8.8567185E-02   8.8567185E-02

 6.2810922769E+02   7.5349302E+04   1.1023146E+09   1.6758963E+00   3.3023384E-05   1.2657355E+03   5.0000000E-02    16 
    2.4011943E+00   2.4011943E+00   7.4006563E-01   7.4006563E-01   7.4006563E-01
    5.0818694E-01   5.0818694E-01   1.0677628E+00   7.5425617E-01   7.5425617E-01
    9.5468151E-01   6.5169374E-01   6.5169374E-01   3.5353123E-01   2.1317195E+00
    2.1317195E+00   1.1198339E-01   1.1198339E-01   1.2678143E+00   3.9135160E-01
    3.9135160E-01   4.2027759E-01   4.2027759E-01   4.2027759E-01   3.2116320E+00
    3.2116320E+00   2.0334371E-01   2.0334371E-01   1.1414086E-01   1.1414086E-01
    1.6368126E+00   3.8379356E-01   3.8379356E-01   2.0682979E-01   2.0682979E-01
    3.0309876E+00   3.0309876E+00   1.7494706E-01   1.7494706E-01

 4.6992922135E+02   1.5508537E+05   2.3529448E+09   1.6988366E+00   3.5193749E-05   1.0591684E+03   5.0000000E-02    17 
    1.5220451E+00   1.5220451E+00   7.1644623E-01   7.1644623E-01   7.1644623E-01
    5.4079370E-01   5.4079370E-01   1.1600279E+00   7.8046097E-01   7.8046097E-01
    9.7303430E-01   7.7964237E-01   7.7964237E-01   5.7439475E-01   2.8980461E+00
    2.8980461E+00   2.0053308E-01   2.0053308E-01   1.0656474E+00   4.4539243E-01
    4.4539243E-01   6.4580200E-01   6.4580200E-01   6.4580200E-01   1.9053014E+00
    1.9053014E+00   3.5772484E-01   3.5772484E-01   2.4059608E-01   2.4059608E-01
    1.7162607E+00   5.4244045E-01   5.4244045E-01   3.8733467E-01   3.8733467E-01
    2.4960493E+00   2.4960493E+00   2.8447946E-01   2.8447946E-01

 3.6253334397E+02   3.1059293E+05   5.0206132E+09   1.7640732E+00   3.6219649E-05   8.3389283E+02   5.0000000E-02    18 
    1.4183799E+00   1.4183799E+00   8.9462481E-01   8.9462481E-01   8.9462481E-01
    7.4244320E-01   7.4244320E-01   1.4375318E+00   9.0829651E-01   9.0829651E-01
    1.0915521E+00   1.2207585E+00   1.2207585E+00   1.0485148E+00   4.3386666E+00
    4.3386666E+00   3.5422837E-01   3.5422837E-01   1.3891085E+00   7.1855992E-01
    7.1855992E-01   9.3193698E-01   9.3193698E-01   9.3193698E-01   2.4483188E+00
    2.4483188E+00   6.9139952E-01   6.9139952E-01   5.3205412E-01   5.3205412E-01
    3.1748009E+00   7.7508103E-01   7.7508103E-01   6.4831112E-01   6.4831112E-01
    2.8356897E+00   2.8356897E+00   5.3909340E-01   5.3909340E-01

 2.8990423067E+02   6.1215453E+05   1.0790259E+10   1.8513126E+00   3.7254829E-05   6.0660724E+02   5.0000002E-02    19 
    1.5268027E+00   1.5268027E+00   1.1791523E+00   1.1791523E+00   1.1791523E+00
    1.0106355E+00   1.0106355E+00   1.8955168E+00   1.1086504E+00   1.1086504E+00
    1.3879556E+00   1.7568399E+00   1.7568399E+00   1.4246441E+00   5.8429516E+00
    5.8429516E+00   5.5505933E-01   5.5505933E-01   1.6344537E+00   1.0893244E+00
    1.0893244E+00   1.2424380E+00   1.2424380E+00   1.2424380E+00   3.1120910E+00
    3.1120910E+00   9.6056396E-01   9.6056396E-01   1.0038434E+00   1.0038434E+00
    4.3080365E+00   9.4766151E-01   9.4766151E-01   9.7189693E-01   9.7189693E-01
    2.5682653E+00   2.5682653E+00   9.7548905E-01   9.7548905E-01

 2.4179467543E+02   1.1731801E+06   2.3405238E+10   1.9568055E+00   4.3695028E-05   4.0179268E+02   5.0001449E-02    20 
    2.0088022E+00   2.0088022E+00   1.7148731E+00   1.7148731E+00   1.7148731E+00
    1.2738934E+00   1.2738934E+00   2.1782298E+00   1.2692964E+00   1.2692964E+00
    1.7098113E+00   1.9840633E+00   1.9840633E+00   2.0839383E+00   6.4343104E+00
    6.4343104E+00   8.3890198E-01   8.3890198E-01   1.1183878E+00   1.1580613E+00
    1.1580613E+00   1.6029269E+00   1.6029269E+00   1.6029269E+00   1.8612944E+00
    1.8612944E+00   1.4408541E+00   1.4408541E+00   1.4643336E+00   1.4643336E+00
    3.3666765E+00   1.1029796E+00   1.1029796E+00   1.2513279E+00   1.2513279E+00
    2.1292869E+00   2.1292869E+00   1.2432089E+00   1.2432089E+00

 2.1378406564E+02   2.1228785E+06   4.6058652E+10   2.0787975E+00   5.5011872E-05   2.6015500E+02   5.0162777E-02    21 
    3.2301845E+00   3.2301845E+00   2.8583577E+00   2.8583577E+00   2.8583577E+00
    1.8188173E+00   1.8188173E+00   2.4036388E+00   1.3614980E+00   1.3614980E+00
    2.0335815E+00   2.2836112E+00   2.2836112E+00   2.8115491E+00   6.4964888E+00
    6.4964888E+00   1.1210074E+00   1.1210074E+00   1.3211781E+00   1.4652205E+00
    1.4652205E+00   2.0032479E+00   2.0032479E+00   2.0032479E+00   1.8390751E+00
    1.8390751E+00   1.8432289E+00   1.8432289E+00   1.7926598E+00   1.7926598E+00
    2.2975544E+00   1.6060232E+00   1.6060232E+00   1.3734336E+00   1.3734336E+00
    3.5764812E+00   3.5764812E+00   1.4752374E+00   1.4752374E+00

 1.9689498293E+02   3.6147312E+06   7.8518588E+10   2.1552562E+00   6.8597056E-05   1.6880822E+02   5.3419592E-02    22 
    3.9802891E+00   3.9802891E+00   3.6822825E+00   3.6822825E+00   3.6822825E+00
    2.6732773E+00   2.6732773E+00   3.1880367E+00   1.1831151E+00   1.1831151E+00
    2.1336515E+00   2.4084751E+00   2.4084751E+00   2.7172540E+00   5.5948852E+00
    5.5948852E+00   1.6223491E+00   1.6223491E+00   1.6088478E+00   2.0546817E+00
    2.0546817E+00   2.0783454E+00   2.0783454E+00   2.0783454E+00   1.6533630E+00
    1.6533630E+00   2.4156453E+00   2.4156453E+00   1.8318416E+00   1.8318416E+00
    1.8276052E+00   2.1462561E+00   2.1462561E+00   1.6225426E+00   1.6225426E+00
    3.9991008E+00   3.9991008E+00   1.6010598E+00   1.6010598E+00

 1.8580812614E+02   4.4449331E+06   9.7053507E+10   2.1735347E+00   6.6614181E-05   1.0887649E+02   7.5210121E-02    23 
    3.5202416E+00   3.5202416E+00   3.3194770E+00   3.3194770E+00   3.3194770E+00
    2.3664818E+00   2.3664818E+00   3.4927892E+00   9.7529397E-01   9.7529397E-01
    1.9882665E+00   2.3322632E+00   2.3322632E+00   2.1879147E+00   4.9532151E+00
    4.9532151E+00   1.6371250E+00   1.6371250E+00   1.9567331E+00   1.8816628E+00
    1.8816628E+00   1.8280047E+00   1.8280047E+00   1.8280047E+00   1.5717773E+00
    1.5717773E+00   2.1530010E+00   2.1530010E+00   1.8140619E+00   1.8140619E+00
    1.6503594E+00   2.2078322E+00   2.2078322E+00   1.6596921E+00   1.6596921E+00
    3.7899765E+00   3.7899765E+00   1.6041389E+00   1.6041389E+00

 1.7822968907E+02   3.7986792E+06   8.7053934E+10   2.1609756E+00   5.1745595E-05   7.0375734E+01   1.4097677E-01    24 
    2.8127996E+00   2.8127996E+00   2.6254559E+00   2.6254559E+00   2.6254559E+00
    1.6103084E+00   1.6103084E+00   2.7445197E+00   7.6607515E-01   7.6607515E-01
    1.6950082E+00   2.0276299E+00   2.0276299E+00   1.7717738E+00   4.3306988E+00
    4.3306988E+00   1.2304919E+00   1.2304919E+00   2.0963250E+00   1.4235714E+00
    1.4235714E+00   1.5738204E+00   1.5738204E+00   1.5738204E+00   1.5139122E+00
    1.5139122E+00   1.5687014E+00   1.5687014E+00   1.6937349E+00   1.6937349E+00
    1.5740422E+00   1.8742821E+00   1.8742821E+00   1.5038355E+00   1.5038355E+00
    3.7213121E+00   3.7213121E+00   1.5052404E+00   1.5052404E+00

 1.7273169462E+02   3.2891962E+06   7.8192798E+10   2.1443222E+00   4.3335404E-05   4.5494752E+01   2.5850651E-01    25 
    2.3579499E+00   2.3579499E+00   2.1303295E+00   2.1303295E+00   2.1303295E+00
    1.0099905E+00   1.0099905E+00   1.9203830E+00   6.1566136E-01   6.1566136E-01
    1.4542583E+00   1.7005983E+00   1.7005983E+00   1.4927619E+00   3.7879041E+00
    3.7879041E+00   7.9325288E-01   7.9325288E-01   2.0194914E+00   1.0812759E+00
    1.0812759E+00   1.4177220E+00   1.4177220E+00   1.4177220E+00   1.3967184E+00
    1.3967184E+00   1.0450940E+00   1.0450940E+00   1.5428640E+00   1.5428640E+00
    1.5940569E+00   1.4758044E+00   1.4758044E+00   1.2645161E+00   1.2645161E+00
    3.3037314E+00   3.3037314E+00   1.3807245E+00   1.3807245E+00

 1.6867071908E+02   3.4665499E+06   8.0564497E+10   2.1307241E+00   4.3425470E-05   2.9720030E+01   4.0276224E-01    26 
    2.1029469E+00   2.1029469E+00   1.8220246E+00   1.8220246E+00   1.8220246E+00
    5.8760128E-01   5.8760128E-01   1.2722481E+00   5.1325913E-01   5.1325913E-01
    1.2838063E+00   1.4197963E+00   1.4197963E+00   1.2719496E+00   3.3567028E+00
    3.3567028E+00   4.5861041E-01   4.5861041E-01   1.8684199E+00   8.5823615E-01
    8.5823615E-01   1.3186511E+00   1.3186511E+00   1.3186511E+00   1.2467234E+00
    1.2467234E+00   6.3142341E-01   6.3142341E-01   1.4031539E+00   1.4031539E+00
    1.6808082E+00   1.1066148E+00   1.1066148E+00   9.8880186E-01   9.8880186E-01
    2.5849892E+00   2.5849892E+00   1.2612132E+00   1.2612132E+00

 1.6656260818E+02   4.3739286E+06   9.3410614E+10   2.1062863E+00   5.0666469E-05   1.9229669E+01   5.5043264E-01    27 
    1.7946429E+00   1.7946429E+00   1.5100319E+00   1.5100319E+00   1.5100319E+00
    3.1246700E-01   3.1246700E-01   8.1992264E-01   4.2653968E-01   4.2653968E-01
    1.1181152E+00   1.1889635E+00   1.1889635E+00   1.0457131E+00   3.0334424E+00
    3.0334424E+00   2.4856406E-01   2.4856406E-01   1.6720571E+00   7.1204996E-01
    7.1204996E-01   1.2103593E+00   1.2103593E+00   1.2103593E+00   1.1068597E+00
    1.1068597E+00   3.5719421E-01   3.5719421E-01   1.2873895E+00   1.2873895E+00
    1.7751419E+00   8.1502371E-01   8.1502371E-01   7.4264416E-01   7.4264416E-01
    1.8121804E+00   1.8121804E+00   1.1610040E+00   1.1610040E+00

 1.6561827934E+02   6.2561128E+06   1.2251865E+11   2.0878724E+00   6.6580205E-05   1.1813524E+01   6.9077467E-01    28 
    1.5816661E+00   1.5816661E+00   1.3182183E+00   1.3182183E+00   1.3182183E+00
    1.9679559E-01   1.9679559E-01   6.2102253E-01   3.8162585E-01   3.8162585E-01
    1.0136114E+00   1.0662794E+00   1.0662794E+00   9.1079354E-01   2.8549794E+00
    2.8549794E+00   1.6320859E-01   1.6320859E-01   1.5375563E+00   6.4431595E-01
    6.4431595E-01   1.1372586E+00   1.1372586E+00   1.1372586E+00   1.0327904E+00
    1.0327904E+00   2.4052764E-01   2.4052764E-01   1.2252902E+00   1.2252902E+00
    1.8241569E+00   6.7367092E-01   6.7367092E-01   6.2028165E-01   6.2028165E-01
    1.3663362E+00   1.3663362E+00   1.1093314E+00   1.1093314E+00

 1.6504640425E+02   8.6627988E+06   1.6053376E+11   2.0810658E+00   8.6408013E-05   8.0848969E+00   7.7557571E-01    29 
    1.4932321E+00   1.4932321E+00   1.2408075E+00   1.2408075E+00   1.2408075E+00
    1.4973268E-01   1.4973268E-01   5.3977025E-01   3.6673318E-01   3.6673318E-01
    9.6535786E-01   1.0099179E+00   1.0099179E+00   8.4885131E-01   2.7638025E+00
    2.7638025E+00   1.2861531E-01   1.2861531E-01   1.4646029E+00   6.1528727E-01
    6.1528727E-01   1.1045909E+00   1.1045909E+00   1.1045909E+00   1.0022884E+00
    1.0022884E+00   1.9180318E-01   1.9180318E-01   1.1956290E+00   1.1956290E+00
    1.8433193E+00   6.1162977E-01   6.1162977E-01   5.6630150E-01   5.6630150E-01
    1.1384050E+00   1.1384050E+00   1.0845569E+00   1.0845569E+00

 1.6436017205E+02   1.2940907E+07   2.2872051E+11   2.0818916E+00   1.1942299E-04   5.2332337E+00   8.4792999E-01    30 
    1.4574501E+00   1.4574501E+00   1.2090880E+00   1.2090880E+00   1.2090880E+00
    1.2522703E-01   1.2522703E-01   4.9742276E-01   3.7291367E-01   3.7291367E-01
    9.3929052E-01   9.7315242E-01   9.7315242E-01   8.1206845E-01   2.6816692E+00
    2.6816692E+00   1.1092420E-01   1.1092420E-01   1.4031547E+00   6.0107501E-01
    6.0107501E-01   1.0881361E+00   1.0881361E+00   1.0881361E+00   9.8925977E-01
    9.8925977E-01   1.6621880E-01   1.6621880E-01   1.1727634E+00   1.1727634E+00
    1.8437376E+00   5.8014942E-01   5.8014942E-01   5.4019991E-01   5.4019991E-01
    9.6612854E-01   9.6612854E-01   1.0659804E+00   1.0659804E+00

 1.6371638899E+02   1.9613507E+07   3.3563959E+11   2.0873769E+00   1.6648711E-04   3.3919478E+00   8.9843804E-01    31 
    1.4395236E+00   1.4395236E+00   1.1955078E+00   1.1955078E+00   1.1955078E+00
    1.2599511E-01   1.2599511E-01   4.9023980E-01   4.0142333E-01   4.0142333E-01
    9.2861092E-01   9.4897321E-01   9.4897321E-01   7.9471067E-01   2.5843896E+00
    2.5843896E+00   1.1261141E-01   1.1261141E-01   1.3504114E+00   6.0061197E-01
    6.0061197E-01   1.0780580E+00   1.0780580E+00   1.0780580E+00   9.9206318E-01
    9.9206318E-01   1.6811347E-01   1.6811347E-01   1.1467344E+00   1.1467344E+00
    1.8079869E+00   5.8424286E-01   5.8424286E-01   5.4486248E-01   5.4486248E-01
    8.6879338E-01   8.6879338E-01   1.0472932E+00   1.0472932E+00

 1.6316911469E+02   3.0052991E+07   5.0241542E+11   2.0903471E+00   2.3236975E-04   2.1967838E+00   9.3292111E-01    32 
    1.3699535E+00   1.3699535E+00   1.1435467E+00   1.1435467E+00   1.1435467E+00
    1.4541265E-01   1.4541265E-01   4.9636590E-01   4.4359762E-01   4.4359762E-01
    9.1039272E-01   9.1591808E-01   9.1591808E-01   7.7207679E-01   2.4277629E+00
    2.4277629E+00   1.2936287E-01   1.2936287E-01   1.2848778E+00   6.0530109E-01
    6.0530109E-01   1.0520072E+00   1.0520072E+00   1.0520072E+00   9.9856650E-01
    9.9856650E-01   1.9187323E-01   1.9187323E-01   1.1002542E+00   1.1002542E+00
    1.7286590E+00   6.1257959E-01   6.1257959E-01   5.6920399E-01   5.6920399E-01
    8.1370799E-01   8.1370799E-01   1.0166913E+00   1.0166913E+00

 1.6268472436E+02   4.6370276E+07   7.6128988E+11   2.0871641E+00   3.2043345E-04   1.4231792E+00   9.5598494E-01    33 
    1.2173178E+00   1.2173178E+00   1.0273671E+00   1.0273671E+00   1.0273671E+00
    1.8171884E-01   1.8171884E-01   5.0705930E-01   4.9716271E-01   4.9716271E-01
    8.7511164E-01   8.6303519E-01   8.6303519E-01   7.3288132E-01   2.1821909E+00
    2.1821909E+00   1.6167256E-01   1.6167256E-01   1.1943217E+00   6.1267582E-01
    6.1267582E-01   9.9954019E-01   9.9954019E-01   9.9954019E-01   1.0026830E+00
    1.0026830E+00   2.3908986E-01   2.3908986E-01   1.0220036E+00   1.0220036E+00
    1.6036646E+00   6.6209946E-01   6.6209946E-01   6.1212136E-01   6.1212136E-01
    7.8488291E-01   7.8488291E-01   9.6887140E-01   9.6887140E-01

 1.6222468914E+02   7.1924528E+07   1.1633963E+12   2.0776927E+00   4.3075790E-04   9.2182466E-01   9.7125281E-01    34 
    9.9859178E-01   9.9859178E-01   8.5907059E-01   8.5907059E-01   8.5907059E-01
    2.2948307E-01   2.2948307E-01   5.2598018E-01   5.6213664E-01   5.6213664E-01
    8.2742574E-01   7.9140345E-01   7.9140345E-01   6.8093923E-01   1.8464635E+00
    1.8464635E+00   2.0902462E-01   2.0902462E-01   1.0799303E+00   6.2284227E-01
    6.2284227E-01   9.2474936E-01   9.2474936E-01   9.2474936E-01   9.9999268E-01
    9.9999268E-01   3.1102125E-01   3.1102125E-01   9.0947127E-01   9.0947127E-01
    1.4424909E+00   7.3103024E-01   7.3103024E-01   6.8054160E-01   6.8054160E-01
    7.8213396E-01   7.8213396E-01   9.0668521E-01   9.0668521E-01

 1.6177665419E+02   1.1181621E+08   1.7881218E+12   2.0668692E+00   5.5911291E-04   5.9691157E-01   9.8128461E-01    35 
    7.7739808E-01   7.7739808E-01   6.8788280E-01   6.8788280E-01   6.8788280E-01
    2.7872806E-01   2.7872806E-01   5.6436178E-01   6.3816715E-01   6.3816715E-01
    7.8625708E-01   7.1891389E-01   7.1891389E-01   6.3540420E-01   1.4778840E+00
    1.4778840E+00   2.6641195E-01   2.6641195E-01   9.6131941E-01   6.3803678E-01
    6.3803678E-01   8.4978841E-01   8.4978841E-01   8.4978841E-01   9.8038176E-01
    9.8038176E-01   4.0288262E-01   4.0288262E-01   7.8130077E-01   7.8130077E-01
    1.2756642E+00   8.1250025E-01   8.1250025E-01   7.8081491E-01   7.8081491E-01
    8.0959586E-01   8.0959586E-01   8.4720254E-01   8.4720254E-01

 1.6134680384E+02   1.7346381E+08   2.7579070E+12   2.0634187E+00   6.9964098E-04   3.8649275E-01   9.8783956E-01    36 
    6.1224210E-01   6.1224210E-01   5.6168896E-01   5.6168896E-01   5.6168896E-01
    3.2976623E-01   3.2976623E-01   6.3243962E-01   7.2498036E-01   7.2498036E-01
    7.7367062E-01   6.7403783E-01   6.7403783E-01   6.2164549E-01   1.1731487E+00
    1.1731487E+00   3.3290166E-01   3.3290166E-01   8.6813814E-01   6.6807314E-01
    6.6807314E-01   8.0495810E-01   8.0495810E-01   8.0495810E-01   9.3914585E-01
    9.3914585E-01   5.1353351E-01   5.1353351E-01   6.7700747E-01   6.7700747E-01
    1.1443806E+00   8.9879088E-01   8.9879088E-01   9.0993024E-01   9.0993024E-01
    8.5883986E-01   8.5883986E-01   8.1669735E-01   8.1669735E-01

 1.6094265560E+02   2.6250838E+08   4.1823009E+12   2.0740543E+00   8.3187968E-04   2.5507903E-01   9.9195674E-01    37 
    5.1525066E-01   5.1525066E-01   4.9249289E-01   4.9249289E-01   4.9249289E-01
    3.8962369E-01   3.8962369E-01   7.2664658E-01   8.1672481E-01   8.1672481E-01
    7.9684466E-01   6.7274534E-01   6.7274534E-01   6.5510966E-01   9.9108834E-01
    9.9108834E-01   4.1372649E-01   4.1372649E-01   8.1921431E-01   7.2208571E-01
    7.2208571E-01   8.0775428E-01   8.0775428E-01   8.0775428E-01   8.9327358E-01
    8.9327358E-01   6.4610176E-01   6.4610176E-01   6.2707737E-01   6.2707737E-01
    1.0722861E+00   9.7883882E-01   9.7883882E-01   1.0449183E+00   1.0449183E+00
    9.1246157E-01   9.1246157E-01   8.2649006E-01   8.2649006E-01

 1.6056412523E+02   3.7656117E+08   6.0647738E+12   2.1002899E+00   9.2172563E-04   1.7629410E-01   9.9443372E-01    38 
    4.7110800E-01   4.7110800E-01   4.6800859E-01   4.6800859E-01   4.6800859E-01
    4.5535052E-01   4.5535052E-01   8.2993003E-01   8.9564841E-01   8.9564841E-01
    8.4289948E-01   7.0737115E-01   7.0737115E-01   7.3240709E-01   9.2017888E-01
    9.2017888E-01   5.0888716E-01   5.0888716E-01   8.1319594E-01   7.9266215E-01
    7.9266215E-01   8.5313799E-01   8.5313799E-01   8.5313799E-01   8.6485885E-01
    8.6485885E-01   7.9017295E-01   7.9017295E-01   6.3112000E-01   6.3112000E-01
    1.0504554E+00   1.0379461E+00   1.0379461E+00   1.1510003E+00   1.1510003E+00
    9.5930305E-01   9.5930305E-01   8.6268086E-01   8.6268086E-01

 1.6020820184E+02   5.5110529E+08   9.0396002E+12   2.1408005E+00   1.0125503E-03   1.1858769E-01   9.9625214E-01    39 
    4.5568250E-01   4.5568250E-01   4.6727133E-01   4.6727133E-01   4.6727133E-01
    5.1740609E-01   5.1740609E-01   9.2562161E-01   9.4924601E-01   9.4924601E-01
    8.9220311E-01   7.6081754E-01   7.6081754E-01   8.3817900E-01   9.1471273E-01
    9.1471273E-01   6.1665826E-01   6.1665826E-01   8.3535992E-01   8.6364386E-01
    8.6364386E-01   9.2217293E-01   9.2217293E-01   9.2217293E-01   8.5504801E-01
    8.5504801E-01   9.3118017E-01   9.3118017E-01   6.7387353E-01   6.7387353E-01
    1.0514508E+00   1.0692829E+00   1.0692829E+00   1.2082911E+00   1.2082911E+00
    9.9798354E-01   9.9798354E-01   9.1027733E-01   9.1027733E-01

 1.5989581691E+02   8.4776238E+08   1.4301718E+13   2.1984740E+00   1.1144589E-03   7.5145783E-02   9.9762336E-01    40 
    4.6013582E-01   4.6013582E-01   4.8252386E-01   4.8252386E-01   4.8252386E-01
    5.7219826E-01   5.7219826E-01   1.0098957E+00   9.8530584E-01   9.8530584E-01
    9.3730969E-01   8.2492615E-01   8.2492615E-01   9.6121385E-01   9.4569902E-01
    9.4569902E-01   7.3839798E-01   7.3839798E-01   8.7713147E-01   9.2379526E-01
    9.2379526E-01   1.0011047E+00   1.0011047E+00   1.0011047E+00   8.6279832E-01
    8.6279832E-01   1.0589255E+00   1.0589255E+00   7.4595797E-01   7.4595797E-01
    1.0604210E+00   1.0790140E+00   1.0790140E+00   1.2157079E+00   1.2157079E+00
    1.0311195E+00   1.0311195E+00   9.6211529E-01   9.6211529E-01

 1.5959711695E+02   1.1535454E+09   2.0583888E+13   2.2836965E+00   1.0229095E-03   5.2372712E-02   9.9834298E-01    41 
    4.9333859E-01   4.9333859E-01   5.2277857E-01   5.2277857E-01   5.2277857E-01
    6.3182959E-01   6.3182959E-01   1.0927936E+00   1.0209259E+00   1.0209259E+00
    9.8396366E-01   8.9756371E-01   8.9756371E-01   1.0910436E+00   9.9713498E-01
    9.9713498E-01   8.7322911E-01   8.7322911E-01   9.3440480E-01   9.7821576E-01
    9.7821576E-01   1.0759605E+00   1.0759605E+00   1.0759605E+00   8.9146671E-01
    8.9146671E-01   1.1665259E+00   1.1665259E+00   8.3475399E-01   8.3475399E-01
    1.0752889E+00   1.0864567E+00   1.0864567E+00   1.1966971E+00   1.1966971E+00
    1.0628621E+00   1.0628621E+00   1.0095845E+00   1.0095845E+00

 1.5929296659E+02   1.3361017E+09   2.6554048E+13   2.3924976E+00   8.0105979E-04   4.0746966E-02   9.9871056E-01    42 
    5.5217240E-01   5.5217240E-01   5.8623563E-01   5.8623563E-01   5.8623563E-01
    7.0268414E-01   7.0268414E-01   1.1700850E+00   1.0497559E+00   1.0497559E+00
    1.0230250E+00   9.6513957E-01   9.6513957E-01   1.1827979E+00   1.0456961E+00
    1.0456961E+00   9.9922029E-01   9.9922029E-01   9.8986207E-01   1.0239059E+00
    1.0239059E+00   1.1250187E+00   1.1250187E+00   1.1250187E+00   9.2633462E-01
    9.2633462E-01   1.2421911E+00   1.2421911E+00   9.1659628E-01   9.1659628E-01
    1.0916139E+00   1.0965969E+00   1.0965969E+00   1.1755101E+00   1.1755101E+00
    1.0921011E+00   1.0921011E+00   1.0487760E+00   1.0487760E+00

 1.5896434868E+02   1.3149662E+09   3.2280033E+13   2.5208378E+00   5.7369024E-04   3.3675225E-02   9.9893422E-01    43 
    6.2585613E-01   6.2585613E-01   6.6583201E-01   6.6583201E-01   6.6583201E-01
    7.9218750E-01   7.9218750E-01   1.2425667E+00   1.0616430E+00   1.0616430E+00
    1.0489291E+00   1.0223856E+00   1.0223856E+00   1.2269474E+00   1.0826299E+00
    1.0826299E+00   1.1116209E+00   1.1116209E+00   1.0353300E+00   1.0611994E+00
    1.0611994E+00   1.1461068E+00   1.1461068E+00   1.1461068E+00   9.5749499E-01
    9.5749499E-01   1.2978546E+00   1.2978546E+00   9.7915350E-01   9.7915350E-01
    1.1087526E+00   1.1117244E+00   1.1117244E+00   1.1670024E+00   1.1670024E+00
    1.1235383E+00   1.1235383E+00   1.0849110E+00   1.0849110E+00

 1.5859367999E+02   1.0384216E+09   3.8015153E+13   2.6646631E+00   3.8970338E-04   2.8796322E-02   9.9908855E-01    44 
    6.9645838E-01   6.9645838E-01   7.4749340E-01   7.4749340E-01   7.4749340E-01
    8.9667498E-01   8.9667498E-01   1.2836068E+00   1.0506181E+00   1.0506181E+00
    1.0532244E+00   1.0592078E+00   1.0592078E+00   1.2042317E+00   1.0981778E+00
    1.0981778E+00   1.2041664E+00   1.2041664E+00   1.0601793E+00   1.0852147E+00
    1.0852147E+00   1.1437097E+00   1.1437097E+00   1.1437097E+00   9.7929638E-01
    9.7929638E-01   1.3384627E+00   1.3384627E+00   1.0162622E+00   1.0162622E+00
    1.1204904E+00   1.1239057E+00   1.1239057E+00   1.1647406E+00   1.1647406E+00
    1.1476272E+00   1.1476272E+00   1.1113237E+00   1.1113237E+00

 1.5816229226E+02   6.2289228E+08   4.4313773E+13   2.8252383E+00   2.5578824E-04   2.5041141E-02   9.9920736E-01    45 
    7.5504401E-01   7.5504401E-01   8.1619289E-01   8.1619289E-01   8.1619289E-01
    9.8106434E-01   9.8106434E-01   1.2648769E+00   1.0204048E+00   1.0204048E+00
    1.0357823E+00   1.0672268E+00   1.0672268E+00   1.1160827E+00   1.0932822E+00
    1.0932822E+00   1.2251024E+00   1.2251024E+00   1.0567659E+00   1.0829521E+00
    1.0829521E+00   1.1128430E+00   1.1128430E+00   1.1128430E+00   9.8970876E-01
    9.8970876E-01   1.3214634E+00   1.3214634E+00   1.0274290E+00   1.0274290E+00
    1.1076516E+00   1.1102670E+00   1.1102670E+00   1.1429257E+00   1.1429257E+00
    1.1370027E+00   1.1370027E+00   1.1068588E+00   1.1068588E+00

 1.5764867407E+02   2.8304704E+08   5.1463588E+13   3.0086480E+00   1.6219075E-04   2.2234578E-02   9.9929617E-01    46 
    8.0620530E-01   8.0620530E-01   8.5753441E-01   8.5753441E-01   8.5753441E-01
    9.8465220E-01   9.8465220E-01   1.2007472E+00   9.8468746E-01   9.8468746E-01
    1.0042447E+00   1.0427505E+00   1.0427505E+00   9.8893960E-01   1.0637527E+00
    1.0637527E+00   1.1186479E+00   1.1186479E+00   1.0245470E+00   1.0439797E+00
    1.0439797E+00   1.0484839E+00   1.0484839E+00   1.0484839E+00   9.8918286E-01
    9.8918286E-01   1.1961575E+00   1.1961575E+00   1.0132989E+00   1.0132989E+00
    1.0577065E+00   1.0577411E+00   1.0577411E+00   1.0872735E+00   1.0872735E+00
    1.0788037E+00   1.0788037E+00   1.0602296E+00   1.0602296E+00

 1.5701692621E+02   1.0763517E+08   6.0209716E+13   3.2178114E+00   1.0092846E-04   2.0120374E-02   9.9936307E-01    47 
    8.4623619E-01   8.4623619E-01   8.7002588E-01   8.7002588E-01   8.7002588E-01
    9.2376148E-01   9.2376148E-01   1.0926733E+00   9.5326566E-01   9.5326566E-01
    9.6844513E-01   9.9278815E-01   9.9278815E-01   8.8391778E-01   1.0051896E+00
    1.0051896E+00   9.6375745E-01   9.6375745E-01   9.7921734E-01   9.8802916E-01
    9.8802916E-01   9.7931605E-01   9.7931605E-01   9.7931605E-01   9.7518588E-01
    9.7518588E-01   1.0303352E+00   1.0303352E+00   9.7749626E-01   9.7749626E-01
    9.9389366E-01   9.9360462E-01   9.9360462E-01   1.0106605E+00   1.0106605E+00
    1.0083689E+00   1.0083689E+00   9.9960819E-01   9.9960819E-01

 1.5622325119E+02   3.9917483E+07   7.2869324E+13   3.4550213E+00   6.5137126E-05   1.7678712E-02   9.9944034E-01    48 
    8.8182142E-01   8.8182142E-01   8.8476129E-01   8.8476129E-01   8.8476129E-01
    8.8888212E-01   8.8888212E-01   9.9569040E-01   9.4386914E-01   9.4386914E-01
    9.5347654E-01   9.6182730E-01   9.6182730E-01   8.5220521E-01   9.6864148E-01
    9.6864148E-01   8.7800246E-01   8.7800246E-01   9.5630537E-01   9.5794740E-01
    9.5794740E-01   9.4768151E-01   9.4768151E-01   9.4768151E-01   9.6503140E-01
    9.6503140E-01   9.3376337E-01   9.3376337E-01   9.5853965E-01   9.5853965E-01
    9.6000344E-01   9.6100337E-01   9.6100337E-01   9.6382271E-01   9.6382271E-01
    9.7086493E-01   9.7086493E-01   9.6752669E-01   9.6752669E-01

 1.5525059786E+02   1.4302172E+07   9.2958632E+13   3.7293499E+00   4.4975507E-05   1.4442885E-02   9.9954275E-01    49 
    9.2547129E-01   9.2547129E-01   9.2101813E-01   9.2101813E-01   9.2101813E-01
    9.1046601E-01   9.1046601E-01   9.5470486E-01   9.6025147E-01   9.6025147E-01
    9.6544207E-01   9.6542789E-01   9.6542789E-01   8.9015442E-01   9.6989025E-01
    9.6989025E-01   8.8176570E-01   8.8176570E-01   9.6487086E-01   9.6375304E-01
    9.6375304E-01   9.5739823E-01   9.5739823E-01   9.5739823E-01   9.7476505E-01
    9.7476505E-01   9.1917757E-01   9.1917757E-01   9.6852595E-01   9.6852595E-01
    9.6342076E-01   9.6501393E-01   9.6501393E-01   9.6158443E-01   9.6158443E-01
    9.7081113E-01   9.7081113E-01   9.7009440E-01   9.7009440E-01

 1.5412773096E+02   4.0631790E+06   1.2381878E+14   4.0479729E+00   3.2479864E-05   1.1126891E-02   9.9964771E-01    50 
    9.6208650E-01   9.6208650E-01   9.5779284E-01   9.5779284E-01   9.5779284E-01
    9.5135679E-01   9.5135679E-01   9.5410285E-01   9.7788137E-01   9.7788137E-01
    9.8051964E-01   9.7870320E-01   9.7870320E-01   9.4122674E-01   9.8110458E-01
    9.8110458E-01   9.2813209E-01   9.2813209E-01   9.7888440E-01   9.7777379E-01
    9.7777379E-01   9.7512093E-01   9.7512093E-01   9.7512093E-01   9.8524420E-01
    9.8524420E-01   9.4033816E-01   9.4033816E-01   9.8187246E-01   9.8187246E-01
    9.7678990E-01   9.7827275E-01   9.7827275E-01   9.7379890E-01   9.7379890E-01
    9.8099706E-01   9.8099706E-01   9.8109161E-01   9.8109161E-01

 1.5289153977E+02   8.9866312E+05   1.7135563E+14   4.4110118E+00   2.4652038E-05   8.2022738E-03   9.9974030E-01    51 
    9.8437608E-01   9.8437608E-01   9.8153656E-01   9.8153656E-01   9.8153656E-01
    9.8089712E-01   9.8089712E-01   9.6931619E-01   9.8938211E-01   9.8938211E-01
    9.9056238E-01   9.8927448E-01   9.8927448E-01   9.7573974E-01   9.9022920E-01
    9.9022920E-01   9.7163780E-01   9.7163780E-01   9.8875020E-01   9.8816233E-01
    9.8816233E-01   9.8746193E-01   9.8746193E-01   9.8746193E-01   9.9137216E-01
    9.9137216E-01   9.6594639E-01   9.6594639E-01   9.9039370E-01   9.9039370E-01
    9.8754083E-01   9.8853289E-01   9.8853289E-01   9.8574911E-01   9.8574911E-01
    9.8952064E-01   9.8952064E-01   9.8968132E-01   9.8968132E-01

 1.5157754026E+02   2.0058292E+05   2.4953146E+14   4.8214242E+00   2.0126243E-05   5.7386132E-03   9.9981829E-01    52 
    9.9426996E-01   9.9426996E-01   9.9240175E-01   9.9240175E-01   9.9240175E-01
    9.9388269E-01   9.9388269E-01   9.8437979E-01   9.9507439E-01   9.9507439E-01
    9.9562399E-01   9.9501857E-01   9.9501857E-01   9.9086004E-01   9.9516236E-01
    9.9516236E-01   9.9140506E-01   9.9140506E-01   9.9433406E-01   9.9408703E-01
    9.9408703E-01   9.9362178E-01   9.9362178E-01   9.9362178E-01   9.9487068E-01
    9.9487068E-01   9.8445941E-01   9.8445941E-01   9.9485071E-01   9.9485071E-01
    9.9383563E-01   9.9429461E-01   9.9429461E-01   9.9330997E-01   9.9330997E-01
    9.9457966E-01   9.9457966E-01   9.9465556E-01   9.9465556E-01

 1.5023748591E+02   5.1941037E+04   3.7659671E+14   5.2843064E+00   1.7580650E-05   3.8727886E-03   9.9987737E-01    53 
    9.9803435E-01   9.9803435E-01   9.9684265E-01   9.9684265E-01   9.9684265E-01
    9.9804773E-01   9.9804773E-01   9.9399161E-01   9.9785973E-01   9.9785973E-01
    9.9814435E-01   9.9790612E-01   9.9790612E-01   9.9633008E-01   9.9778634E-01
    9.9778634E-01   9.9736715E-01   9.9736715E-01   9.9749922E-01   9.9739776E-01
    9.9739776E-01   9.9684559E-01   9.9684559E-01   9.9684559E-01   9.9745701E-01
    9.9745701E-01   9.9432180E-01   9.9432180E-01   9.9754563E-01   9.9754563E-01
    9.9734517E-01   9.9749748E-01   9.9749748E-01   9.9726660E-01   9.9726660E-01
    9.9756550E-01   9.9756550E-01   9.9758799E-01   9.9758799E-01

 1.4890411266E+02   1.5108916E+04   5.6953780E+14   5.8057147E+00   1.5968572E-05   2.6076106E-03   9.9991743E-01    54 
    9.9947703E-01   9.9947703E-01   9.9898468E-01   9.9898468E-01   9.9898468E-01
    9.9944774E-01   9.9944774E-01   9.9810237E-01   9.9926741E-01   9.9926741E-01
    9.9937267E-01   9.9928024E-01   9.9928024E-01   9.9874385E-01   9.9918408E-01
    9.9918408E-01   9.9922485E-01   9.9922485E-01   9.9911374E-01   9.9908118E-01
    9.9908118E-01   9.9884821E-01   9.9884821E-01   9.9884821E-01   9.9906183E-01
    9.9906183E-01   9.9824155E-01   9.9824155E-01   9.9909772E-01   9.9909772E-01
    9.9907618E-01   9.9911633E-01   9.9911633E-01   9.9908083E-01   9.9908083E-01
    9.9913026E-01   9.9913026E-01   9.9913682E-01   9.9913682E-01

 1.4757589120E+02   4.9588814E+03   8.5462940E+14   6.3896311E+00   1.4977555E-05   1.7695162E-03   9.9994397E-01    55 
    9.9994143E-01   9.9994143E-01   9.9976524E-01   9.9976524E-01   9.9976524E-01
    9.9989810E-01   9.9989810E-01   9.9949737E-01   9.9981777E-01   9.9981777E-01
    9.9983509E-01   9.9979938E-01   9.9979938E-01   9.9967910E-01   9.9975581E-01
    9.9975581E-01   9.9982438E-01   9.9982438E-01   9.9973836E-01   9.9972874E-01
    9.9972874E-01   9.9966821E-01   9.9966821E-01   9.9966821E-01   9.9971706E-01
    9.9971706E-01   9.9952577E-01   9.9952577E-01   9.9972837E-01   9.9972837E-01
    9.9973287E-01   9.9974231E-01   9.9974231E-01   9.9974149E-01   9.9974149E-01
    9.9974446E-01   9.9974446E-01   9.9974615E-01   9.9974615E-01

 1.4624133824E+02   1.8836369E+03   1.2771934E+15   7.0400007E+00   1.4562083E-05   1.2060155E-03   9.9996181E-01    56 
    1.0000220E+00   1.0000220E+00   9.9993129E-01   9.9993129E-01   9.9993129E-01
    9.9998885E-01   9.9998885E-01   9.9987817E-01   9.9995857E-01   9.9995857E-01
    9.9995795E-01   9.9994432E-01   9.9994432E-01   9.9989637E-01   9.9992693E-01
    9.9992693E-01   9.9995510E-01   9.9995510E-01   9.9992299E-01   9.9992013E-01
    9.9992013E-01   9.9987689E-01   9.9987689E-01   9.9987689E-01   9.9991577E-01
    9.9991577E-01   9.9987270E-01   9.9987270E-01   9.9991901E-01   9.9991901E-01
    9.9992353E-01   9.9992584E-01   9.9992584E-01   9.9992666E-01   9.9992666E-01
    9.9992597E-01   9.9992597E-01   9.9992641E-01   9.9992641E-01

 1.4506999470E+02   9.0938131E+02   1.8062868E+15   7.6662762E+00   1.4592635E-05   8.6671285E-04   9.9997255E-01    57 
    1.0000232E+00   1.0000232E+00   9.9997922E-01   9.9997922E-01   9.9997922E-01
    1.0000048E+00   1.0000048E+00   9.9996236E-01   9.9998885E-01   9.9998885E-01
    9.9998756E-01   9.9998148E-01   9.9998148E-01   9.9993807E-01   9.9997387E-01
    9.9997387E-01   9.9998614E-01   9.9998614E-01   9.9997283E-01   9.9997179E-01
    9.9997179E-01   9.9994874E-01   9.9994874E-01   9.9994874E-01   9.9997007E-01
    9.9997007E-01   9.9995748E-01   9.9995748E-01   9.9997117E-01   9.9997117E-01
    9.9997365E-01   9.9997437E-01   9.9997437E-01   9.9997505E-01   9.9997505E-01
    9.9997440E-01   9.9997440E-01   9.9997455E-01   9.9997455E-01

 1.4464365877E+02   7.1102931E+02   2.0424058E+15   7.9086848E+00   1.4651861E-05   7.7107353E-04   9.9997558E-01    58 
    1.0000262E+00   1.0000262E+00   1.0000021E+00   1.0000021E+00   1.0000021E+00
    1.0000135E+00   1.0000135E+00   9.9998518E-01   9.9999927E-01   9.9999927E-01
    9.9999730E-01   9.9999320E-01   9.9999320E-01   9.9996303E-01   9.9998831E-01
    9.9998831E-01   1.0000004E+00   1.0000004E+00   9.9998732E-01   9.9998666E-01
    9.9998666E-01   9.9997725E-01   9.9997725E-01   9.9997725E-01   9.9998558E-01
    9.9998558E-01   9.9998009E-01   9.9998009E-01   9.9998624E-01   9.9998624E-01
    9.9998779E-01   9.9998808E-01   9.9998808E-01   9.9998895E-01   9.9998895E-01
    9.9998807E-01   9.9998807E-01   9.9998814E-01   9.9998814E-01

 1.4443014370E+02   6.2910442E+02   2.1681050E+15   8.0328556E+00   1.4675171E-05   7.2853283E-04   9.9997693E-01    59 
    1.0000307E+00   1.0000307E+00   1.0000078E+00   1.0000078E+00   1.0000078E+00
    1.0000176E+00   1.0000176E+00   9.9998725E-01   1.0000019E+00   1.0000019E+00
    9.9999905E-01   9.9999486E-01   9.9999486E-01   9.9996354E-01   9.9998996E-01
    9.9998996E-01   1.0000039E+00   1.0000039E+00   9.9998883E-01   9.9998816E-01
    9.9998816E-01   9.9998093E-01   9.9998093E-01   9.9998093E-01   9.9998709E-01
    9.9998709E-01   9.9998241E-01   9.9998241E-01   9.9998775E-01   9.9998775E-01
    9.9998916E-01   9.9998939E-01   9.9998939E-01   9.9999030E-01   9.9999030E-01
    9.9998937E-01   9.9998937E-01   9.9998943E-01   9.9998943E-01

 1.4435888419E+02   6.0371240E+02   2.2116157E+15   8.0755417E+00   1.4683679E-05   7.1490969E-04   9.9997736E-01    60 
    1.0004903E+00   1.0004903E+00   1.0003806E+00   1.0003806E+00   1.0003806E+00
    1.0003166E+00   1.0003166E+00   1.0002112E+00   1.0002019E+00   1.0002019E+00
    1.0001603E+00   1.0001341E+00   1.0001341E+00   1.0000982E+00   1.0001063E+00
    1.0001063E+00   1.0001357E+00   1.0001357E+00   1.0000657E+00   1.0000609E+00
    1.0000609E+00   1.0000751E+00   1.0000751E+00   1.0000751E+00   1.0000557E+00
    1.0000557E+00   1.0000476E+00   1.0000476E+00   1.0000580E+00   1.0000580E+00
    1.0000485E+00   1.0000472E+00   1.0000472E+00   1.0000510E+00   1.0000510E+00
    1.0000460E+00   1.0000460E+00   1.0000459E+00   1.0000459E+00
