 
 Summary of changes at each depth 
 NT=  1153
 
   Depth  100.0%   10.0%    1.0%    0.1%   0.01%  0.001% 0.0001%
       1       0       0       0       0       0     458     932
       2       0       0       0       0       0     458     932
       3       0       0       0       0       0     458     932
       4       0       0       0       0       0     459     932
       5       0       0       0       0       0     461     931
       6       0       0       0       0       0     459     926
       7       0       0       0       0       0     452     895
       8       0       0       0       0       0     444     886
       9       0       0       0       0       0     446     875
      10       0       0       0       0       0     463     881
      11       0       0       0       0       0     488     899
      12       0       0       0       0       0     498     901
      13       0       0       0       0       0     520     906
      14       0       0       0       0       0     530     911
      15       0       0       0       0       1     535     917
      16       0       0       0       0       1     550     966
      17       0       0       0       0       1     553    1001
      18       0       0       0       0       0     566    1023
      19       0       0       0       0       0     607    1021
      20       0       0       0       0       0     584    1024
      21       0       0       0       0       0     580    1032
      22       0       0       0       0       0     619    1021
      23       0       0       0       0       0     708    1041
      24       0       0       0       0       0     724    1047
      25       0       0       0       0       0     717    1050
      26       0       0       0       0       0     662    1049
      27       0       0       0       0       0     657    1035
      28       0       0       0       0       0     658    1028
      29       0       0       0       0       0     693    1018
      30       0       0       0       0       0     670    1032
      31       0       0       0       0       0     691    1035
      32       0       0       0       0       0     648    1023
      33       0       0       0       0       0     680    1031
      34       0       0       0       0       0     721    1107
      35       0       0       0       0       0     763    1119
      36       0       0       0       0       0     816    1122
      37       0       0       0       0       0     838    1126
      38       0       0       0       0       0     855    1122
      39       0       0       0       0      20     861    1125
      40       0       0       0       0       1     467     889
      41       0       0       0       0       0     168     864
      42       0       0       0       0       1     251     914
      43       0       0       0       0       0     337     979
      44       0       0       0       0       0     354     977
      45       0       0       0       0       0     376    1027
      46       0       0       0       0       0     470     979
      47       0       0       0       0       0     631    1032
      48       0       0       0       0      47     808    1139
      49       0       0       0       0     197    1022    1145
      50       0       0       0       0       0     397    1025
      51       0       0       0       0       0      22     924
      52       0       0       0       0       0     669    1027
      53       0       0       0       0       0       0     745
      54       0       0       0       0       0       0       0
      55       0       0       0       0       0       0       0
      56       0       0       0       0       0       0       0
      57       0       0       0       0       0       0       0
      58       0       0       0       0       0       0       0
      59       0       0       0       0       0       0       0
      60       0       0       0       0       0       0       0
