     R        I    Tau(Ross)   /\Tau   Rat(Ross)  Chi(Ross)  Chi(ross)  Chi(Flux)   Chi(es)   Tau(Flux)  Tau(es)  Rat(Flux)  Rat(es)     Kappa   V(km/s)
 37884.8855850000   1 0.000E+00 4.176E-06  0.00E+00  9.602E-09  9.602E-09  1.992E-07  8.944E-09  0.00E+00  0.00E+00  0.00E+00  0.00E+00  2.675E-01  1.851E+03
 37455.0509610000   2 4.176E-06 8.509E-06  2.04E+00  9.831E-09  9.831E-09  2.033E-07  9.151E-09  8.65E-05  3.89E-06  2.03E+00  2.04E+00  2.676E-01  1.851E+03
 36609.7149790000   3 1.269E-05 1.763E-05  2.07E+00  1.031E-08  1.031E-08  2.130E-07  9.582E-09  2.62E-04  1.18E-05  2.07E+00  2.07E+00  2.679E-01  1.850E+03
 34977.8840410000   4 3.031E-05 3.793E-05  2.15E+00  1.132E-08  1.132E-08  2.342E-07  1.050E-08  6.27E-04  2.82E-05  2.16E+00  2.14E+00  2.686E-01  1.849E+03
 31929.9294720000   5 6.824E-05 8.782E-05  2.32E+00  1.367E-08  1.367E-08  2.837E-07  1.262E-08  1.41E-03  6.33E-05  2.33E+00  2.30E+00  2.699E-01  1.847E+03
 26609.7480940000   6 1.561E-04 2.262E-04  2.58E+00  1.993E-08  1.993E-08  4.156E-07  1.822E-08  3.24E-03  1.44E-04  2.58E+00  2.54E+00  2.725E-01  1.841E+03
 18704.3034240000   7 3.822E-04 3.261E-04  1.44E+00  4.124E-08  4.124E-08  8.592E-07  3.715E-08  7.96E-03  3.49E-04  1.44E+00  1.42E+00  2.766E-01  1.828E+03
 13178.8378390000   8 7.083E-04 4.688E-04  1.44E+00  8.482E-08  8.482E-08  1.763E-06  7.561E-08  1.47E-02  6.41E-04  1.43E+00  1.42E+00  2.795E-01  1.810E+03
  9309.0294422000   9 1.177E-03 6.708E-04  1.43E+00  1.739E-07  1.739E-07  3.601E-06  1.537E-07  2.45E-02  1.06E-03  1.43E+00  1.42E+00  2.818E-01  1.784E+03
  6602.9143308000  10 1.848E-03 9.547E-04  1.42E+00  3.552E-07  3.552E-07  7.355E-06  3.119E-07  3.84E-02  1.65E-03  1.43E+00  1.41E+00  2.838E-01  1.748E+03
  4713.7072616000  11 2.802E-03 1.359E-03  1.42E+00  7.225E-07  7.225E-07  1.496E-05  6.297E-07  5.82E-02  2.48E-03  1.40E+00  1.41E+00  2.859E-01  1.699E+03
  3389.2295020000  12 4.162E-03 1.940E-03  1.43E+00  1.465E-06  1.465E-06  2.935E-05  1.267E-06  8.59E-02  3.66E-03  1.38E+00  1.42E+00  2.881E-01  1.632E+03
  2456.3760892000  13 6.102E-03 2.771E-03  1.43E+00  2.968E-06  2.968E-06  5.720E-05  2.550E-06  1.24E-01  5.34E-03  1.32E+00  1.42E+00  2.901E-01  1.545E+03
  1798.6940912000  14 8.873E-03 3.945E-03  1.42E+00  6.010E-06  6.010E-06  1.040E-04  5.130E-06  1.75E-01  7.71E-03  1.25E+00  1.42E+00  2.919E-01  1.432E+03
  1335.5280633000  15 1.282E-02 5.617E-03  1.42E+00  1.213E-05  1.213E-05  1.812E-04  1.030E-05  2.38E-01  1.11E-02  1.19E+00  1.42E+00  2.935E-01  1.293E+03
  1008.3899514000  16 1.843E-02 7.986E-03  1.42E+00  2.445E-05  2.444E-05  3.028E-04  2.069E-05  3.14E-01  1.58E-02  1.25E+00  1.42E+00  2.944E-01  1.130E+03
   777.8190054100  17 2.642E-02 1.127E-02  1.41E+00  4.939E-05  4.939E-05  5.569E-04  4.179E-05  4.09E-01  2.26E-02  1.25E+00  1.41E+00  2.946E-01  9.401E+02
   616.3895091500  18 3.769E-02 1.595E-02  1.42E+00  9.947E-05  9.946E-05  9.532E-04  8.426E-05  5.27E-01  3.21E-02  1.13E+00  1.42E+00  2.942E-01  7.425E+02
   503.0091444600  19 5.365E-02 2.265E-02  1.42E+00  2.007E-04  2.007E-04  1.453E-03  1.701E-04  6.60E-01  4.56E-02  1.05E+00  1.42E+00  2.941E-01  5.524E+02
   423.3548220800  20 7.629E-02 3.101E-02  1.37E+00  4.061E-04  4.061E-04  2.152E-03  3.439E-04  8.00E-01  6.48E-02  1.00E+00  1.37E+00  2.944E-01  3.857E+02
   369.1289224900  21 1.073E-01 3.763E-02  1.21E+00  8.025E-04  8.024E-04  3.082E-03  6.774E-04  9.41E-01  9.11E-02  8.68E-01  1.21E+00  2.954E-01  2.567E+02
   334.2736472800  22 1.449E-01 3.892E-02  1.03E+00  1.394E-03  1.394E-03  3.803E-03  1.173E-03  1.06E+00  1.23E-01  7.49E-01  1.04E+00  2.965E-01  1.705E+02
   310.3851612800  23 1.839E-01 3.037E-02  7.80E-01  1.792E-03  1.792E-03  3.827E-03  1.519E-03  1.15E+00  1.56E-01  6.65E-01  7.90E-01  2.943E-01  1.133E+02
   293.0059707400  24 2.142E-01 2.118E-02  6.97E-01  1.674E-03  1.674E-03  3.018E-03  1.449E-03  1.21E+00  1.82E-01  5.88E-01  7.12E-01  2.885E-01  7.541E+01
   279.6255888500  25 2.354E-01 1.905E-02  8.99E-01  1.514E-03  1.513E-03  2.382E-03  1.330E-03  1.25E+00  2.00E-01  8.07E-01  9.06E-01  2.843E-01  5.023E+01
   267.1832717600  26 2.545E-01 1.868E-02  9.81E-01  1.566E-03  1.565E-03  2.280E-03  1.380E-03  1.28E+00  2.17E-01  9.29E-01  9.83E-01  2.830E-01  3.252E+01
   255.9576382200  27 2.731E-01 7.950E-03  4.26E-01  1.838E-03  1.838E-03  2.589E-03  1.617E-03  1.31E+00  2.33E-01  4.04E-01  4.24E-01  2.834E-01  2.251E+01
   251.9829610000  28 2.811E-01 8.005E-04  1.01E-01  2.277E-03  2.277E-03  2.927E-03  1.995E-03  1.32E+00  2.40E-01  9.36E-02  1.00E-01  2.844E-01  1.496E+01
   251.6624898200  29 2.819E-01 5.868E-04  7.33E-01  2.922E-03  2.921E-03  3.604E-03  2.538E-03  1.32E+00  2.41E-01  7.00E-01  7.24E-01  2.867E-01  1.016E+01
   251.4914940000  30 2.825E-01 1.030E-03  1.76E+00  4.032E-03  4.032E-03  4.769E-03  3.454E-03  1.32E+00  2.41E-01  1.69E+00  1.73E+00  2.906E-01  6.712E+00
   251.2790663400  31 2.835E-01 1.665E-03  1.62E+00  5.746E-03  5.745E-03  6.589E-03  4.837E-03  1.32E+00  2.42E-01  1.59E+00  1.59E+00  2.957E-01  4.476E+00
   251.0415539100  32 2.852E-01 2.664E-03  1.60E+00  8.438E-03  8.437E-03  9.574E-03  6.953E-03  1.32E+00  2.44E-01  1.59E+00  1.56E+00  3.020E-01  2.975E+00
   250.7852123300  33 2.878E-01 3.715E-03  1.39E+00  1.267E-02  1.266E-02  1.430E-02  1.018E-02  1.32E+00  2.46E-01  1.40E+00  1.36E+00  3.096E-01  1.973E+00
   250.5468839200  34 2.915E-01 4.841E-03  1.30E+00  1.915E-02  1.914E-02  2.185E-02  1.495E-02  1.33E+00  2.49E-01  1.33E+00  1.26E+00  3.186E-01  1.318E+00
   250.3436453200  35 2.964E-01 7.163E-03  1.48E+00  2.942E-02  2.942E-02  3.454E-02  2.219E-02  1.33E+00  2.53E-01  1.53E+00  1.42E+00  3.299E-01  8.773E-01
   250.1495678600  36 3.035E-01 1.149E-02  1.60E+00  4.567E-02  4.566E-02  5.563E-02  3.304E-02  1.34E+00  2.58E-01  1.67E+00  1.53E+00  3.439E-01  5.847E-01
   249.9510778200  37 3.150E-01 2.040E-02  1.78E+00  7.184E-02  7.183E-02  9.108E-02  4.945E-02  1.36E+00  2.66E-01  1.84E+00  1.68E+00  3.615E-01  3.888E-01
   249.7292539800  38 3.354E-01 3.518E-02  1.72E+00  1.144E-01  1.144E-01  1.499E-01  7.429E-02  1.38E+00  2.80E-01  1.76E+00  1.63E+00  3.831E-01  2.582E-01
   249.4843214500  39 3.706E-01 4.962E-02  1.41E+00  1.749E-01  1.749E-01  2.308E-01  1.071E-01  1.43E+00  3.02E-01  1.40E+00  1.34E+00  4.061E-01  1.789E-01
   249.2456982900  40 4.202E-01 6.860E-02  1.38E+00  2.421E-01  2.421E-01  3.148E-01  1.415E-01  1.49E+00  3.31E-01  1.35E+00  1.32E+00  4.257E-01  1.355E-01
   249.0001692500  41 4.888E-01 9.498E-02  1.38E+00  3.178E-01  3.177E-01  4.025E-01  1.782E-01  1.58E+00  3.71E-01  1.35E+00  1.33E+00  4.438E-01  1.078E-01
   248.7377523200  42 5.838E-01 1.320E-01  1.39E+00  4.076E-01  4.076E-01  5.010E-01  2.195E-01  1.70E+00  4.23E-01  1.35E+00  1.33E+00  4.626E-01  8.770E-02
   248.4517080600  43 7.158E-01 1.838E-01  1.39E+00  5.168E-01  5.167E-01  6.156E-01  2.667E-01  1.86E+00  4.92E-01  1.35E+00  1.33E+00  4.835E-01  7.244E-02
   248.1358845900  44 8.995E-01 2.566E-01  1.40E+00  6.483E-01  6.482E-01  7.488E-01  3.205E-01  2.08E+00  5.85E-01  1.36E+00  1.34E+00  5.077E-01  6.076E-02
   247.7813446900  45 1.156E+00 3.625E-01  1.41E+00  7.993E-01  7.991E-01  8.987E-01  3.798E-01  2.37E+00  7.09E-01  1.38E+00  1.36E+00  5.366E-01  5.223E-02
   247.3708113000  46 1.519E+00 5.203E-01  1.44E+00  9.648E-01  9.646E-01  1.058E+00  4.454E-01  2.77E+00  8.78E-01  1.39E+00  1.41E+00  5.724E-01  4.630E-02
   246.8786094200  47 2.039E+00 7.494E-01  1.44E+00  1.147E+00  1.146E+00  1.213E+00  5.252E-01  3.33E+00  1.12E+00  1.39E+00  1.45E+00  6.065E-01  4.143E-02
   246.2795740100  48 2.788E+00 1.065E+00  1.42E+00  1.356E+00  1.355E+00  1.384E+00  6.352E-01  4.11E+00  1.46E+00  1.38E+00  1.47E+00  6.163E-01  3.579E-02
   245.5662746500  49 3.853E+00 1.497E+00  1.41E+00  1.639E+00  1.639E+00  1.645E+00  8.007E-01  5.18E+00  1.97E+00  1.39E+00  1.47E+00  6.034E-01  2.913E-02
   244.7527680400  50 5.350E+00 2.115E+00  1.41E+00  2.062E+00  2.061E+00  2.058E+00  1.050E+00  6.68E+00  2.72E+00  1.41E+00  1.47E+00  5.838E-01  2.255E-02
   243.8582690700  51 7.465E+00 3.025E+00  1.43E+00  2.704E+00  2.703E+00  2.697E+00  1.429E+00  8.79E+00  3.82E+00  1.43E+00  1.48E+00  5.642E-01  1.674E-02
   242.9057685600  52 1.049E+01 4.351E+00  1.44E+00  3.714E+00  3.713E+00  3.706E+00  2.023E+00  1.18E+01  5.44E+00  1.44E+00  1.48E+00  5.479E-01  1.193E-02
   241.9246653700  53 1.484E+01 6.242E+00  1.43E+00  5.252E+00  5.250E+00  5.245E+00  2.934E+00  1.62E+01  7.85E+00  1.44E+00  1.47E+00  5.345E-01  8.294E-03
   240.9330080700  54 2.108E+01 8.958E+00  1.44E+00  7.467E+00  7.464E+00  7.459E+00  4.267E+00  2.24E+01  1.14E+01  1.44E+00  1.46E+00  5.227E-01  5.752E-03
   239.9320376100  55 3.004E+01 1.298E+01  1.45E+00  1.061E+01  1.061E+01  1.061E+01  6.171E+00  3.13E+01  1.65E+01  1.45E+00  1.47E+00  5.139E-01  4.011E-03
   238.9145871400  56 4.302E+01 1.935E+01  1.49E+00  1.518E+01  1.517E+01  1.517E+01  8.896E+00  4.43E+01  2.41E+01  1.49E+00  1.49E+00  5.097E-01  2.806E-03
   237.8621687100  57 6.237E+01 1.189E+01  6.14E-01  2.202E+01  2.201E+01  2.202E+01  1.286E+01  6.37E+01  3.55E+01  6.13E-01  6.11E-01  5.115E-01  1.958E-03
   237.3678869100  58 7.426E+01 6.799E+00  5.72E-01  2.619E+01  2.618E+01  2.615E+01  1.522E+01  7.55E+01  4.24E+01  5.73E-01  5.69E-01  5.145E-01  1.662E-03
   237.1193386600  59 8.106E+01 2.405E+00  3.54E-01  2.854E+01  2.853E+01  2.858E+01  1.652E+01  8.23E+01  4.63E+01  3.54E-01  3.53E-01  5.163E-01  1.535E-03
   237.0362427600  60 8.346E+01 0.000E+00  0.00E+00  2.935E+01  2.934E+01  2.934E+01  1.697E+01  8.47E+01  4.77E+01  0.00E+00  0.00E+00  5.169E-01  1.495E-03
