
 24-FEB-2004                           !Format date

 1.6766984859E+02     2.4363E+05       56       70

 4.9290722558E+04   1.2986805E-03   1.1073439E+05   9.0234208E-01   2.3114674E+01   1.9322416E+03   5.0000000E-02     1 
    4.1410398E-46   9.4581226E-48   9.4581226E-48   9.4581226E-48   5.6061955E-45
    1.1031819E-47   1.1031819E-47   1.1031819E-47   5.5648518E-47   1.5549662E-44
    2.0448092E-27   1.4335879E-26   8.0652289E-26   1.7069746E-23   1.7069746E-23
    1.7069746E-23   5.7668031E-25   5.7668031E-25   5.7668031E-25   4.4932334E-24
    2.5736856E-21   2.5736856E-21   2.5736856E-21   1.7589923E-20   4.1126238E-20
    4.0609457E-19   4.0609457E-19   4.0609457E-19   2.8274968E-19   1.4377264E-18
    1.4377264E-18   1.4377264E-18   8.2173526E-16   8.2173526E-16   8.2173526E-16
    8.5742880E-19   2.7426625E-18   1.3696066E-18   1.3696066E-18   1.3696066E-18
    4.0729955E-17   4.5851509E-18   4.5851509E-18   4.5851509E-18   4.1540224E-18
    2.0373529E-17   9.9246035E-16   2.4130168E-15   1.7732456E-14   1.7732456E-14
    1.7732456E-14   3.6480029E-15   4.4753389E-15   4.4753389E-15   4.4753389E-15
    1.0389061E-14

 4.8776180192E+04   1.3271307E-03   1.1309328E+05   9.0320504E-01   2.3108490E+01   1.9320793E+03   5.0000000E-02     2 
    4.6692536E-46   1.0754409E-47   1.0754409E-47   1.0754409E-47   6.3013198E-45
    1.2553102E-47   1.2553102E-47   1.2553102E-47   6.2804476E-47   1.7292854E-44
    2.1661141E-27   1.5153575E-26   8.4997415E-26   1.7984162E-23   1.7984162E-23
    1.7984162E-23   6.0610923E-25   6.0610923E-25   6.0610923E-25   4.7122297E-24
    2.6870471E-21   2.6870471E-21   2.6870471E-21   1.8331919E-20   4.2823293E-20
    4.2251092E-19   4.2251092E-19   4.2251092E-19   2.9393894E-19   1.4929141E-18
    1.4929141E-18   1.4929141E-18   8.5317749E-16   8.5317749E-16   8.5317749E-16
    8.8997019E-19   2.8453007E-18   1.4195143E-18   1.4195143E-18   1.4195143E-18
    4.2198149E-17   4.7500441E-18   4.7500441E-18   4.7500441E-18   4.2998934E-18
    2.1068504E-17   1.0235467E-15   2.4851083E-15   1.8250341E-14   1.8250341E-14
    1.8250341E-14   3.7536984E-15   4.6015180E-15   4.6015180E-15   4.6015180E-15
    1.0675511E-14

 4.7762414881E+04   1.3859030E-03   1.1796687E+05   9.0497496E-01   2.3097550E+01   1.9317487E+03   5.0000000E-02     3 
    5.9744998E-46   1.3986215E-47   1.3986215E-47   1.3986215E-47   8.0035429E-45
    1.6335649E-47   1.6335649E-47   1.6335649E-47   8.0405127E-47   2.1488973E-44
    2.4370602E-27   1.6973941E-26   9.4653840E-26   2.0009580E-23   2.0009580E-23
    2.0009580E-23   6.7105332E-25   6.7105332E-25   6.7105332E-25   5.1938929E-24
    2.9346592E-21   2.9346592E-21   2.9346592E-21   1.9948088E-20   4.6514970E-20
    4.5817827E-19   4.5817827E-19   4.5817827E-19   3.1821911E-19   1.6124598E-18
    1.6124598E-18   1.6124598E-18   9.2127350E-16   9.2127350E-16   9.2127350E-16
    9.6041437E-19   3.0673163E-18   1.5273113E-18   1.5273113E-18   1.5273113E-18
    4.5367521E-17   5.1059511E-18   5.1059511E-18   5.1059511E-18   4.6143487E-18
    2.2565233E-17   1.0901865E-15   2.6393193E-15   1.9357047E-14   1.9357047E-14
    1.9357047E-14   3.9795235E-15   4.8707540E-15   4.8707540E-15   4.8707540E-15
    1.1286164E-14

 4.5800730833E+04   1.5119616E-03   1.2833774E+05   9.0871648E-01   2.3066048E+01   1.9310693E+03   5.0000000E-02     4 
    1.0069062E-45   2.4284412E-47   2.4284412E-47   2.4284412E-47   1.3223450E-44
    2.8279614E-47   2.8279614E-47   2.8279614E-47   1.3478843E-46   3.3893573E-44
    3.1218951E-27   2.1542988E-26   1.1867276E-25   2.5039563E-23   2.5039563E-23
    2.5039563E-23   8.3108846E-25   8.3108846E-25   8.3108846E-25   6.3724461E-24
    3.5317900E-21   3.5317900E-21   3.5317900E-21   2.3823116E-20   5.5341426E-20
    5.4323607E-19   5.4323607E-19   5.4323607E-19   3.7596936E-19   1.8957579E-18
    1.8957579E-18   1.8957579E-18   1.0825815E-15   1.0825815E-15   1.0825815E-15
    1.1271241E-18   3.5918800E-18   1.7812258E-18   1.7812258E-18   1.7812258E-18
    5.2823883E-17   5.9430518E-18   5.9430518E-18   5.9430518E-18   5.3520149E-18
    2.6067193E-17   1.2446942E-15   2.9952609E-15   2.1906167E-14   2.1906167E-14
    2.1906167E-14   4.4992864E-15   5.4889455E-15   5.4889455E-15   5.4889455E-15
    1.2685569E-14

 4.2118916025E+04   1.7954627E-03   1.5187502E+05   9.1707486E-01   2.3060956E+01   1.9296366E+03   5.0000000E-02     5 
    3.2471815E-45   8.2201141E-47   8.2201141E-47   8.2201141E-47   4.0118161E-44
    9.3497901E-47   9.3497901E-47   9.3497901E-47   4.1822004E-46   9.2424040E-44
    5.3894286E-27   3.6438135E-26   1.9579238E-25   4.1053247E-23   4.1053247E-23
    4.1053247E-23   1.3318625E-24   1.3318625E-24   1.3318625E-24   1.0002808E-23
    5.3127735E-21   5.3127735E-21   5.3127735E-21   3.5235177E-20   8.1170301E-20
    7.9072685E-19   7.9072685E-19   7.9072685E-19   5.4303068E-19   2.7086764E-18
    2.7086764E-18   2.7086764E-18   1.5450336E-15   1.5450336E-15   1.5450336E-15
    1.6040458E-18   5.0872193E-18   2.5001419E-18   2.5001419E-18   2.5001419E-18
    7.3879338E-17   8.3054711E-18   8.3054711E-18   8.3054711E-18   7.4217853E-18
    3.5851946E-17   1.6671793E-15   3.9589547E-15   2.8776167E-14   2.8776167E-14
    2.8776167E-14   5.8989285E-15   7.1434864E-15   7.1434864E-15   7.1434864E-15
    1.6415057E-14

 3.5606079384E+04   2.5189970E-03   2.1289293E+05   9.3752289E-01   2.3220262E+01   1.9263639E+03   5.0000000E-02     6 
    5.5911551E-44   1.4928274E-45   1.4928274E-45   1.4928274E-45   5.6200869E-43
    1.5115401E-45   1.5115401E-45   1.5115401E-45   5.9701557E-45   9.9240784E-43
    1.9677970E-26   1.2674997E-25   6.3304365E-25   1.3263749E-22   1.3263749E-22
    1.3263749E-22   4.0770229E-24   4.0770229E-24   4.0770229E-24   2.9148170E-23
    1.3990362E-20   1.3990362E-20   1.3990362E-20   8.9143186E-20   2.0130486E-19
    1.9260643E-18   1.9260643E-18   1.9260643E-18   1.2986719E-18   6.3140593E-18
    6.3140593E-18   6.3140593E-18   3.5914419E-15   3.5914419E-15   3.5914419E-15
    3.7036073E-18   1.1614023E-17   5.5866348E-18   5.5866348E-18   5.5866348E-18
    1.6369370E-16   1.8368576E-17   1.8368576E-17   1.8368576E-17   1.6115547E-17
    7.6451386E-17   3.3349212E-15   7.6734872E-15   5.4965596E-14   5.4965596E-14
    5.4965596E-14   1.1218887E-14   1.3346599E-14   1.3346599E-14   1.3346599E-14
    3.0255380E-14

 2.5722133676E+04   4.8467049E-03   4.0975875E+05   9.9195432E-01   2.3628481E+01   1.9181649E+03   5.0000000E-02     7 
    7.3706320E-41   1.8748566E-42   1.8748566E-42   1.8748566E-42   3.7341221E-40
    1.1966050E-42   1.1966050E-42   1.1966050E-42   3.7512626E-42   3.3435384E-40
    4.7768878E-25   2.7304529E-24   1.1563462E-23   2.3830732E-21   2.3830732E-21
    2.3830732E-21   6.4205295E-23   6.4205295E-23   6.4205295E-23   4.0619775E-22
    1.5165358E-19   1.5165358E-19   1.5165358E-19   8.7543955E-19   1.8820893E-18
    1.7237282E-17   1.7237282E-17   1.7237282E-17   1.1111088E-17   5.0733251E-17
    5.0733251E-17   5.0733251E-17   2.8641186E-14   2.8641186E-14   2.8641186E-14
    2.9050275E-17   8.8651962E-17   4.0429287E-17   4.0429287E-17   4.0429287E-17
    1.1600299E-15   1.2961895E-16   1.2961895E-16   1.2961895E-16   1.0869820E-16
    4.8538421E-16   1.8409213E-14   3.9196598E-14   2.7083059E-13   2.7083059E-13
    2.7083059E-13   5.4510932E-14   6.2276332E-14   6.2276332E-14   6.2276332E-14
    1.3653608E-13

 1.8611222073E+04   9.3485615E-03   7.8751256E+05   1.0617664E+00   2.3990398E+01   1.9069077E+03   5.0000000E-02     8 
    2.7535131E-37   6.0448206E-39   6.0448206E-39   6.0448206E-39   5.8685712E-37
    2.0948625E-39   2.0948625E-39   2.0948625E-39   5.3040431E-39   2.4785655E-37
    1.7771366E-23   8.8728013E-23   3.1232888E-22   6.3060382E-20   6.3060382E-20
    6.3060382E-20   1.4660014E-21   1.4660014E-21   1.4660014E-21   8.0625072E-21
    2.2558189E-18   2.2558189E-18   2.2558189E-18   1.1645139E-17   2.3666050E-17
    2.0647576E-16   2.0647576E-16   2.0647576E-16   1.2651592E-16   5.3825740E-16
    5.3825740E-16   5.3825740E-16   3.0097903E-13   3.0097903E-13   3.0097903E-13
    2.9959821E-16   8.8748020E-16   3.8064104E-16   3.8064104E-16   3.8064104E-16
    1.0662905E-14   1.1862927E-15   1.1862927E-15   1.1862927E-15   9.4525527E-16
    3.9537615E-15   1.2795513E-13   2.4952440E-13   1.6550595E-12   1.6550595E-12
    1.6550595E-12   3.2788889E-13   3.5775211E-13   3.5775211E-13   3.5775211E-13
    7.5529860E-13

 1.3486333297E+04   1.8038116E-02   1.5123728E+06   1.1357037E+00   2.4257441E+01   1.8914878E+03   5.0000000E-02     9 
    5.3101345E-34   1.0616844E-35   1.0616844E-35   1.0616844E-35   5.3209566E-34
    2.1905035E-36   2.1905035E-36   2.1905035E-36   4.6360895E-36   1.2183749E-34
    5.0649401E-22   2.2314046E-21   6.6073487E-21   1.3115702E-18   1.3115702E-18
    1.3115702E-18   2.6645606E-20   2.6645606E-20   2.6645606E-20   1.2857010E-19
    2.7428067E-17   2.7428067E-17   2.7428067E-17   1.2767951E-16   2.4619121E-16
    2.0557058E-15   2.0557058E-15   2.0557058E-15   1.2022256E-15   4.7934415E-15
    4.7934415E-15   4.7934415E-15   2.6539790E-12   2.6539790E-12   2.6539790E-12
    2.5962781E-15   7.4903171E-15   3.0323212E-15   3.0323212E-15   3.0323212E-15
    8.3045436E-14   9.2084983E-15   9.2084983E-15   9.2084983E-15   6.9989433E-15
    2.7680090E-14   7.7244189E-13   1.3887501E-12   8.8690107E-12   8.8690107E-12
    8.8690107E-12   1.7329273E-12   1.8101834E-12   1.8101834E-12   1.8101834E-12
    3.6913149E-12

 9.7897686772E+03   3.4686760E-02   2.9030766E+06   1.2008831E+00   2.4417946E+01   1.8704448E+03   5.0000000E-02    10 
    1.6775248E-31   3.5621847E-33   3.5621847E-33   3.5621847E-33   1.0754511E-31
    5.6376652E-34   5.6376652E-34   5.6376652E-34   1.0488873E-33   1.7632301E-32
    6.9187830E-21   2.7648032E-20   7.1456805E-20   1.4016328E-17   1.4016328E-17
    1.4016328E-17   2.5661359E-19   2.5661359E-19   2.5661359E-19   1.1174656E-18
    1.9232764E-16   1.9232764E-16   1.9232764E-16   8.2579689E-16   1.5279838E-15
    1.2339503E-14   1.2339503E-14   1.2339503E-14   6.9600718E-15   2.6391258E-14
    2.6391258E-14   2.6391258E-14   1.4489028E-11   1.4489028E-11   1.4489028E-11
    1.3983256E-14   3.9551621E-14   1.5296167E-14   1.5296167E-14   1.5296167E-14
    4.1140725E-13   4.5530218E-14   4.5530218E-14   4.5530218E-14   3.3355630E-14
    1.2661609E-13   3.1469539E-12   5.3105227E-12   3.2926256E-11   3.2926256E-11
    3.2926256E-11   6.3647122E-12   6.4254465E-12   6.4254465E-12   6.4254465E-12
    1.2755901E-11

 7.1269286467E+03   6.6158122E-02   5.5632783E+06   1.2514711E+00   2.4526311E+01   1.8419841E+03   5.0000000E-02    11 
    8.0053292E-30   2.1127919E-31   2.1127919E-31   2.1127919E-31   4.5283084E-30
    3.3352979E-32   3.3352979E-32   3.3352979E-32   5.7374711E-32   6.9872825E-31
    4.3716704E-20   1.6308614E-19   3.8244754E-19   7.4502453E-17   7.4502453E-17
    7.4502453E-17   1.2682424E-18   1.2682424E-18   1.2682424E-18   5.1366989E-18
    7.5849921E-16   7.5849921E-16   7.5849921E-16   3.0757420E-15   5.5281794E-15
    4.3625741E-14   4.3625741E-14   4.3625741E-14   2.3990236E-14   8.7821528E-14
    8.7821528E-14   8.7821528E-14   4.7908377E-11   4.7908377E-11   4.7908377E-11
    4.5797340E-14   1.2780271E-13   4.7841039E-14   4.7841039E-14   4.7841039E-14
    1.2700613E-12   1.4042327E-13   1.4042327E-13   1.4042327E-13   1.0024577E-13
    3.7062055E-13   8.4800906E-12   1.3685781E-11   8.3102117E-11   8.3102117E-11
    8.3102117E-11   1.5940622E-11   1.5711218E-11   1.5711218E-11   1.5711218E-11
    3.0616373E-11

 5.2112492662E+03   1.2474677E-01   1.0625301E+07   1.2893670E+00   2.4637278E+01   1.8040408E+03   5.0000000E-02    12 
    9.8170891E-29   3.5819030E-30   3.5819030E-30   3.5819030E-30   6.1460887E-29
    6.7865300E-31   6.7865300E-31   6.7865300E-31   1.1213608E-30   1.0727761E-29
    1.5838049E-19   5.6312665E-19   1.2324751E-18   2.3924330E-16   2.3924330E-16
    2.3924330E-16   3.8718275E-18   3.8718275E-18   3.8718275E-18   1.4907895E-17
    1.9760924E-15   1.9760924E-15   1.9760924E-15   7.6973698E-15   1.3559354E-14
    1.0532252E-13   1.0532252E-13   1.0532252E-13   5.6903533E-14   2.0327694E-13
    2.0327694E-13   2.0327694E-13   1.1037322E-10   1.1037322E-10   1.1037322E-10
    1.0481301E-13   2.8982139E-13   1.0602906E-13   1.0602906E-13   1.0602906E-13
    2.7887866E-12   3.0820988E-13   3.0820988E-13   3.0820988E-13   2.1609002E-13
    7.8492737E-13   1.6951984E-11   2.6519690E-11   1.5870158E-10   1.5870158E-10
    1.5870158E-10   3.0265457E-11   2.9346444E-11   2.9346444E-11   2.9346444E-11
    5.6488272E-11

 3.8312954403E+03   2.3241770E-01   2.0217125E+07   1.3202982E+00   2.4777928E+01   1.7542577E+03   5.0000000E-02    13 
    5.9372542E-28   3.1365132E-29   3.1365132E-29   3.1365132E-29   4.6008876E-28
    7.8156760E-30   7.8156760E-30   7.8156760E-30   1.2721746E-29   9.8250919E-29
    4.2904157E-19   1.4696870E-18   3.0484970E-18   5.9033851E-16   5.9033851E-16
    5.9033851E-16   9.1886641E-18   9.1886641E-18   9.1886641E-18   3.4020458E-17
    4.1456097E-15   4.1456097E-15   4.1456097E-15   1.5649343E-14   2.7146418E-14
    2.0832728E-13   2.0832728E-13   2.0832728E-13   1.1102832E-13   3.8921776E-13
    3.8921776E-13   3.8921776E-13   2.1053228E-10   2.1053228E-10   2.1053228E-10
    1.9891366E-13   5.4620590E-13   1.9628592E-13   1.9628592E-13   1.9628592E-13
    5.1251102E-12   5.6632098E-13   5.6632098E-13   5.6632098E-13   3.9155201E-13
    1.4030669E-12   2.8988692E-11   4.4270391E-11   2.6195532E-10   2.6195532E-10
    2.6195532E-10   4.9689730E-11   4.7614950E-11   4.7614950E-11   4.7614950E-11
    9.0852478E-11

 2.8333817692E+03   4.2860106E-01   3.8388842E+07   1.3503771E+00   2.4950553E+01   1.6893161E+03   5.0000000E-02    14 
    3.0288298E-27   2.3171175E-28   2.3171175E-28   2.3171175E-28   2.9540678E-27
    7.7086890E-29   7.7086890E-29   7.7086890E-29   1.2531959E-28   7.6460335E-28
    1.0828842E-18   3.5830996E-18   7.0764809E-18   1.3662535E-15   1.3662535E-15
    1.3662535E-15   2.0512550E-17   2.0512550E-17   2.0512550E-17   7.3233916E-17
    8.2491085E-15   8.2491085E-15   8.2491085E-15   3.0241041E-14   5.1717810E-14
    3.9252470E-13   3.9252470E-13   3.9252470E-13   2.0656144E-13   7.1157794E-13
    7.1157794E-13   7.1157794E-13   3.8347754E-10   3.8347754E-10   3.8347754E-10
    3.6063638E-13   9.8401510E-13   3.4776558E-13   3.4776558E-13   3.4776558E-13
    9.0178820E-12   9.9645038E-13   9.9645038E-13   9.9645038E-13   6.8007485E-13
    2.4051841E-12   4.7731568E-11   7.1280664E-11   4.1738628E-10   4.1738628E-10
    4.1738628E-10   7.8726554E-11   7.4665256E-11   7.4665256E-11   7.4665256E-11
    1.4129226E-10

 2.1096582037E+03   7.8447498E-01   7.2857459E+07   1.3862404E+00   2.5115070E+01   1.6056266E+03   5.0000000E-02    15 
    2.1024619E-26   2.2452107E-27   2.2452107E-27   2.2452107E-27   2.4011048E-26
    9.4388090E-28   9.4388090E-28   9.4388090E-28   1.5281632E-27   6.8613652E-27
    3.1007113E-18   9.8638722E-18   1.8448213E-17   3.5451391E-15   3.5451391E-15
    3.5451391E-15   5.1096399E-17   5.1096399E-17   5.1096399E-17   1.7504933E-16
    1.8021694E-14   1.8021694E-14   1.8021694E-14   6.3910680E-14   1.0753074E-13
    8.0608953E-13   8.0608953E-13   8.0608953E-13   4.1813360E-13   1.4121982E-12
    1.4121982E-12   1.4121982E-12   7.5768715E-10   7.5768715E-10   7.5768715E-10
    7.0887789E-13   1.9205591E-12   6.6593556E-13   6.6593556E-13   6.6593556E-13
    1.7131528E-11   1.8932299E-12   1.8932299E-12   1.8932299E-12   1.2732631E-12
    4.4333683E-12   8.4145019E-11   1.2250479E-10   7.0885768E-10   7.0885768E-10
    7.0885768E-10   1.3284981E-10   1.2452270E-10   1.2452270E-10   1.2452270E-10
    2.3320354E-10

 1.5838450256E+03   1.4301776E+00   1.3841760E+08   1.4332277E+00   2.5187614E+01   1.4994758E+03   5.0000000E-02    16 
    2.6582112E-25   3.7150740E-26   3.7150740E-26   3.7150740E-26   3.1330917E-25
    1.7832380E-26   1.7832380E-26   1.7832380E-26   2.8394895E-26   8.4332495E-26
    1.1373123E-17   3.4464479E-17   6.0296484E-17   1.1513762E-14   1.1513762E-14
    1.1513762E-14   1.5781670E-16   1.5781670E-16   1.5781670E-16   5.1385399E-16
    4.7296814E-14   4.7296814E-14   4.7296814E-14   1.6102767E-13   2.6543959E-13
    1.9602118E-12   1.9602118E-12   1.9602118E-12   9.9890566E-13   3.2925254E-12
    3.2925254E-12   3.2925254E-12   1.7563422E-09   1.7563422E-09   1.7563422E-09
    1.6329517E-12   4.3865195E-12   1.4853475E-12   1.4853475E-12   1.4853475E-12
    3.7831095E-11   4.1824008E-12   4.1824008E-12   4.1824008E-12   2.7622398E-12
    9.4270354E-12   1.6959308E-10   2.3927389E-10   1.3643946E-09   1.3643946E-09
    1.3643946E-09   2.5376920E-10   2.3434791E-10   2.3434791E-10   2.3434791E-10
    4.3296438E-10

 1.2017196118E+03   2.5739979E+00   2.6363280E+08   1.4839537E+00   2.5303103E+01   1.3675678E+03   5.0000000E-02    17 
    3.4555576E-24   6.1402734E-25   6.1402734E-25   6.1402734E-25   4.2198009E-24
    3.2792085E-25   3.2792085E-25   3.2792085E-25   5.2941025E-25   9.6103927E-25
    4.2228372E-17   1.2184420E-16   1.9922940E-16   3.7808476E-14   3.7808476E-14
    3.7808476E-14   4.9273513E-16   4.9273513E-16   4.9273513E-16   1.5243874E-15
    1.2517695E-13   1.2517695E-13   1.2517695E-13   4.0903729E-13   6.6030783E-13
    4.8049652E-12   4.8049652E-12   4.8049652E-12   2.4050666E-12   7.7355969E-12
    7.7355969E-12   7.7355969E-12   4.1001349E-09   4.1001349E-09   4.1001349E-09
    3.7893010E-12   1.0094069E-11   3.3366002E-12   3.3366002E-12   3.3366002E-12
    8.4109128E-11   9.3050148E-12   9.3050148E-12   9.3050148E-12   6.0341015E-12
    2.0172871E-11   3.4427152E-10   4.7055981E-10   2.6441542E-09   2.6441542E-09
    2.6441542E-09   4.8805633E-10   4.4391929E-10   4.4391929E-10   4.4391929E-10
    8.0877957E-10

 9.2472442171E+02   4.4055479E+00   5.0326953E+08   1.5139083E+00   2.6172865E+01   1.2097214E+03   5.0000000E-02    18 
    1.1238848E-23   2.6482988E-24   2.6482988E-24   2.6482988E-24   1.9062254E-23
    1.8799141E-24   1.8799141E-24   1.8799141E-24   3.5487705E-24   4.5933297E-24
    8.7982055E-17   2.4697405E-16   3.8901457E-16   7.3514662E-14   7.3514662E-14
    7.3514662E-14   9.3174400E-16   9.3174400E-16   9.3174400E-16   2.8016388E-15
    2.1571890E-13   2.1571890E-13   2.1571890E-13   6.8888742E-13   1.0990507E-12
    7.9359531E-12   7.9359531E-12   7.9359531E-12   3.9320275E-12   1.2474098E-11
    1.2474098E-11   1.2474098E-11   6.5813915E-09   6.5813915E-09   6.5813915E-09
    6.0672153E-12   1.6088201E-11   5.2463177E-12   5.2463177E-12   5.2463177E-12
    1.3146928E-10   1.4552553E-11   1.4552553E-11   1.4552553E-11   9.3411010E-12
    3.0880914E-11   5.1182659E-10   6.8718667E-10   3.8313477E-09   3.8313477E-09
    3.8313477E-09   7.0430926E-10   6.3491732E-10   6.3491732E-10   6.3491732E-10
    1.1475604E-09

 7.2488771183E+02   7.2505199E+00   9.5109402E+08   1.5515791E+00   2.7532059E+01   1.0415559E+03   5.0000000E-02    19 
    5.4046158E-23   1.5947189E-23   1.5947189E-23   1.5947189E-23   1.1633120E-22
    1.3944805E-23   1.3944805E-23   1.3944805E-23   3.1686978E-23   3.8056562E-23
    2.1288772E-16   5.7804468E-16   8.7111245E-16   1.6366973E-13   1.6366973E-13
    1.6366973E-13   2.0059732E-15   2.0059732E-15   2.0059732E-15   5.8294780E-15
    4.1517963E-13   4.1517963E-13   4.1517963E-13   1.2896984E-12   2.0284770E-12
    1.4515568E-11   1.4515568E-11   1.4515568E-11   7.1038907E-12   2.2166653E-11
    2.2166653E-11   2.2166653E-11   1.1624469E-08   1.1624469E-08   1.1624469E-08
    1.0688705E-11   2.8190034E-11   9.0431546E-12   9.0431546E-12   9.0431546E-12
    2.2498096E-10   2.4923841E-11   2.4923841E-11   2.4923841E-11   1.5803023E-11
    5.1559526E-11   8.2526059E-10   1.0842829E-09   5.9911902E-09   5.9911902E-09
    5.9911902E-09   1.0961313E-09   9.7710017E-10   9.7710017E-10   9.7710017E-10
    1.7489115E-09

 5.7922812064E+02   1.1334880E+01   1.8081759E+09   1.5934940E+00   2.9747064E+01   8.5783584E+02   5.0000000E-02    20 
    3.0039292E-22   1.0466588E-22   1.0466588E-22   1.0466588E-22   9.0965909E-22
    1.0477035E-22   1.0477035E-22   1.0477035E-22   3.5237842E-22   5.0711509E-22
    5.4233843E-16   1.4212513E-15   2.0448649E-15   3.8170680E-13   3.8170680E-13
    3.8170680E-13   4.5148977E-15   4.5148977E-15   4.5148977E-15   1.2659682E-14
    8.2963647E-13   8.2963647E-13   8.2963647E-13   2.5027067E-12   3.8773818E-12
    2.7497196E-11   2.7497196E-11   2.7497196E-11   1.3281628E-11   4.0719082E-11
    4.0719082E-11   4.0719082E-11   2.1195638E-08   2.1195638E-08   2.1195638E-08
    1.9452050E-11   5.1016282E-11   1.6082714E-11   1.6082714E-11   1.6082714E-11
    3.9699561E-10   4.4026918E-11   4.4026918E-11   4.4026918E-11   2.7555514E-11
    8.8656359E-11   1.3690581E-09   1.7574283E-09   9.6237247E-09   9.6237247E-09
    9.6237247E-09   1.7516786E-09   1.5426392E-09   1.5426392E-09   1.5426392E-09
    2.7324829E-09

 4.7377435707E+02   1.6747915E+01   3.4339719E+09   1.6550785E+00   3.2874680E+01   6.7494054E+02   5.0000000E-02    21 
    4.0510036E-21   1.3374871E-21   1.3374871E-21   1.3374871E-21   8.7016907E-21
    1.3197511E-21   1.3197511E-21   1.3197511E-21   4.2097724E-21   6.5187630E-21
    1.9687601E-15   4.9127143E-15   6.6253769E-15   1.2271374E-12   1.2271374E-12
    1.2271374E-12   1.3811644E-14   1.3811644E-14   1.3811644E-14   3.6897000E-14
    2.1533083E-12   2.1533083E-12   2.1533083E-12   6.2378548E-12   9.4646301E-12
    6.6312437E-11   6.6312437E-11   6.6312437E-11   3.1477820E-11   9.4134137E-11
    9.4134137E-11   9.4134137E-11   4.8483216E-08   4.8483216E-08   4.8483216E-08
    4.4387030E-11   1.1554478E-10   3.5554177E-11   3.5554177E-11   3.5554177E-11
    8.6802966E-10   9.6433347E-11   9.6433347E-11   9.6433347E-11   5.9287526E-11
    1.8696536E-10   2.7540168E-09   3.4228541E-09   1.8499470E-08   1.8499470E-08
    1.8499470E-08   3.3428850E-09   2.8978373E-09   2.8978373E-09   2.8978373E-09
    5.0592476E-09

 3.9715408715E+02   2.1369625E+01   6.5220853E+09   1.6934555E+00   3.9458745E+01   5.0545577E+02   5.0000046E-02    22 
    1.6148230E-20   9.4998657E-21   9.4998657E-21   9.4998657E-21   2.3210392E-20
    1.0565611E-20   1.0565611E-20   1.0565611E-20   1.3566911E-20   2.3325238E-20
    4.2001038E-15   1.0174969E-14   1.3220000E-14   2.4343656E-12   2.4343656E-12
    2.4343656E-12   2.6662090E-14   2.6662090E-14   2.6662090E-14   6.9202116E-14
    3.7679323E-12   3.7679323E-12   3.7679323E-12   1.0657417E-11   1.5972456E-11
    1.1127899E-10   1.1127899E-10   1.1127899E-10   5.2281963E-11   1.5395276E-10
    1.5395276E-10   1.5395276E-10   7.8519631E-08   7.8519631E-08   7.8519631E-08
    7.2013484E-11   1.8666064E-10   5.6623214E-11   5.6623214E-11   5.6623214E-11
    1.3731006E-09   1.5275132E-10   1.5275132E-10   1.5275132E-10   9.2934283E-11
    2.8954672E-10   4.1602097E-09   5.0688446E-09   2.7177042E-08   2.7177042E-08
    2.7177042E-08   4.8923739E-09   4.2054490E-09   4.2054490E-09   4.2054490E-09
    7.2739016E-09

 3.4129857264E+02   2.2972718E+01   1.2387869E+10   1.7751924E+00   5.1407143E+01   3.6009389E+02   5.0005819E-02    23 
    4.3188584E-19   2.3669949E-19   2.3669949E-19   2.3669949E-19   5.5946172E-19
    2.1848803E-19   2.1848803E-19   2.1848803E-19   3.4196231E-19   4.4012674E-19
    1.8894402E-14   4.3255494E-14   5.1975865E-14   9.4965253E-12   9.4965253E-12
    9.4965253E-12   9.8301113E-14   9.8301113E-14   9.8301113E-14   2.4168871E-13
    1.1447906E-11   1.1447906E-11   1.1447906E-11   3.0876286E-11   4.5157464E-11
    3.1063949E-10   3.1063949E-10   3.1063949E-10   1.4291442E-10   4.0897298E-10
    4.0897298E-10   4.0897298E-10   2.0549675E-07   2.0549675E-07   2.0549675E-07
    1.8831318E-10   4.8412641E-10   1.4271870E-10   1.4271870E-10   1.4271870E-10
    3.4143781E-09   3.8092478E-10   3.8092478E-10   3.8092478E-10   2.2699741E-10
    6.9037319E-10   9.4222117E-09   1.1067480E-08   5.8255699E-08   5.8255699E-08
    5.8255699E-08   1.0392867E-08   8.8100254E-09   8.8100254E-09   8.8100254E-09
    1.4968326E-08

 3.0187717091E+02   1.8411880E+01   2.2827680E+10   1.8592893E+00   7.7729482E+01   2.4844701E+02   5.0240483E-02    24 
    1.0991685E-17   6.5217400E-18   6.5217400E-18   6.5217400E-18   6.9662999E-18
    4.8820868E-18   4.8820868E-18   4.8820868E-18   4.2930416E-18   4.4357479E-18
    7.7479714E-14   1.6821683E-13   1.8725541E-13   3.4041117E-11   3.4041117E-11
    3.4041117E-11   3.3476706E-13   3.3476706E-13   3.3476706E-13   7.8282202E-13
    3.2449818E-11   3.2449818E-11   3.2449818E-11   8.3686270E-11   1.1959976E-10
    8.1369871E-10   8.1369871E-10   8.1369871E-10   3.6698930E-10   1.0224821E-09
    1.0224821E-09   1.0224821E-09   5.0573687E-07   5.0573687E-07   5.0573687E-07
    4.6375491E-10   1.1835226E-09   3.3958057E-10   3.3958057E-10   3.3958057E-10
    8.0180242E-09   8.9741350E-10   8.9741350E-10   8.9741350E-10   5.2450196E-10
    1.5580331E-09   2.0294299E-08   2.3064846E-08   1.1921102E-07   1.1921102E-07
    1.1921102E-07   2.1044609E-08   1.7671929E-08   1.7671929E-08   1.7671929E-08
    2.9492583E-08

 2.7477618909E+02   1.0426170E+01   3.7921530E+10   1.9236970E+00   1.3707105E+02   1.7014835E+02   5.3270197E-02    25 
    1.3249110E-16   7.5763160E-17   7.5763160E-17   7.5763160E-17   6.0113187E-17
    5.0256960E-17   5.0256960E-17   5.0256960E-17   3.7481549E-17   3.5803321E-17
    2.1027766E-13   4.4002297E-13   4.6213225E-13   8.3900176E-11   8.3900176E-11
    8.3900176E-11   7.9611472E-13   7.9611472E-13   7.9611472E-13   1.7996417E-12
    6.7795186E-11   6.7795186E-11   6.7795186E-11   1.6934596E-10   2.3808359E-10
    1.6092892E-09   1.6092892E-09   1.6092892E-09   7.1489954E-10   1.9551956E-09
    1.9551956E-09   1.9551956E-09   9.5363009E-07   9.5363009E-07   9.5363009E-07
    8.7708424E-10   2.2272232E-09   6.2683448E-10   6.2683448E-10   6.2683448E-10
    1.4657626E-08   1.6450446E-09   1.6450446E-09   1.6450446E-09   9.4838906E-10
    2.7652154E-09   3.4944760E-08   3.8801704E-08   1.9803050E-07   1.9803050E-07
    1.9803050E-07   3.4594917E-08   2.8950161E-08   2.8950161E-08   2.8950161E-08
    4.7676449E-08

 2.5542313680E+02   4.4978561E+00   4.9084170E+10   1.9661962E+00   2.5082923E+02   1.1680607E+02   6.9354524E-02    26 
    8.5305900E-16   5.0473082E-16   5.0473082E-16   5.0473082E-16   4.1363038E-16
    3.2336114E-16   3.2336114E-16   3.2336114E-16   2.6135434E-16   2.3888676E-16
    3.9208794E-13   8.0221487E-13   8.0657940E-13   1.4709215E-10   1.4709215E-10
    1.4709215E-10   1.3662099E-12   1.3662099E-12   1.3662099E-12   3.0253425E-12
    1.0739202E-10   1.0739202E-10   1.0739202E-10   2.6290963E-10   3.6586159E-10
    2.4657897E-09   2.4657897E-09   2.4657897E-09   1.0842904E-09   2.9311728E-09
    2.9311728E-09   2.9311728E-09   1.4127730E-06   1.4127730E-06   1.4127730E-06
    1.3055230E-09   3.3051448E-09   9.1902763E-10   9.1902763E-10   9.1902763E-10
    2.1352905E-08   2.4014543E-09   2.4014543E-09   2.4014543E-09   1.3727049E-09
    3.9397817E-09   4.9079440E-08   5.3686152E-08   2.7195639E-07   2.7195639E-07
    2.7195639E-07   4.6934915E-08   3.9413090E-08   3.9413090E-08   3.9413090E-08
    6.4348152E-08

 2.4090614302E+02   1.5002689E+00   4.8210800E+10   1.9860816E+00   4.5199835E+02   8.0179390E+01   1.1561574E-01    27 
    3.1094314E-15   1.9633169E-15   1.9633169E-15   1.9633169E-15   1.7087625E-15
    1.3249491E-15   1.3249491E-15   1.3249491E-15   1.1509322E-15   1.0228356E-15
    5.1940529E-13   1.0522571E-12   1.0216903E-12   1.8918964E-10   1.8918964E-10
    1.8918964E-10   1.7399068E-12   1.7399068E-12   1.7399068E-12   3.8261588E-12
    1.3230640E-10   1.3230640E-10   1.3230640E-10   3.2090132E-10   4.4449056E-10
    2.9967446E-09   2.9967446E-09   2.9967446E-09   1.3096920E-09   3.5228832E-09
    3.5228832E-09   3.5228832E-09   1.6814850E-06   1.6814850E-06   1.6814850E-06
    1.5634675E-09   3.9527574E-09   1.0931049E-09   1.0931049E-09   1.0931049E-09
    2.5313030E-08   2.8507568E-09   2.8507568E-09   2.8507568E-09   1.6232377E-09
    4.5860927E-09   5.7249259E-08   6.2176715E-08   3.1389075E-07   3.1389075E-07
    3.1389075E-07   5.3275253E-08   4.5351803E-08   4.5351803E-08   4.5351803E-08
    7.3694119E-08

 2.2949845324E+02   4.3802021E-01   4.4349777E+10   1.9879812E+00   7.4003632E+02   5.5011641E+01   2.0182683E-01    28 
    5.9012880E-15   3.9084535E-15   3.9084535E-15   3.9084535E-15   3.3746379E-15
    2.9741878E-15   2.9741878E-15   2.9741878E-15   2.5637647E-15   2.2580560E-15
    5.3246606E-13   1.0782001E-12   1.0150752E-12   1.9289024E-10   1.9289024E-10
    1.9289024E-10   1.7714461E-12   1.7714461E-12   1.7714461E-12   3.9098360E-12
    1.3497012E-10   1.3497012E-10   1.3497012E-10   3.2698009E-10   4.5269906E-10
    3.0609735E-09   3.0609735E-09   3.0609735E-09   1.3334042E-09   3.5865820E-09
    3.5865820E-09   3.5865820E-09   1.6977693E-06   1.6977693E-06   1.6977693E-06
    1.5903368E-09   4.0200534E-09   1.1111863E-09   1.1111863E-09   1.1111863E-09
    2.5706591E-08   2.8974123E-09   2.8974123E-09   2.8974123E-09   1.6491808E-09
    4.5900428E-09   5.8096480E-08   6.3026871E-08   3.1804057E-07   3.1804057E-07
    3.1804057E-07   5.2966903E-08   4.6006485E-08   4.6006485E-08   4.6006485E-08
    7.4625701E-08

 2.1986908286E+02   1.5005805E-01   4.4394630E+10   1.9819149E+00   8.9707827E+02   3.7354125E+01   3.2350625E-01    29 
    5.8010793E-15   4.0294201E-15   4.0294201E-15   4.0294201E-15   3.4420242E-15
    3.5647085E-15   3.5647085E-15   3.5647085E-15   3.0270073E-15   2.6880299E-15
    4.8829336E-13   9.9253971E-13   9.2212771E-13   1.7763891E-10   1.7763891E-10
    1.7763891E-10   1.6399371E-12   1.6399371E-12   1.6399371E-12   3.6413265E-12
    1.2676227E-10   1.2676227E-10   1.2676227E-10   3.0784977E-10   4.2679613E-10
    2.8979008E-09   2.8979008E-09   2.8979008E-09   1.2598239E-09   3.3955968E-09
    3.3955968E-09   3.3955968E-09   1.5941242E-06   1.5941242E-06   1.5941242E-06
    1.5059633E-09   3.8082162E-09   1.0544461E-09   1.0544461E-09   1.0544461E-09
    2.4397876E-08   2.7511022E-09   2.7511022E-09   2.7511022E-09   1.5677056E-09
    4.3422475E-09   5.5481149E-08   6.0286588E-08   3.0446254E-07   3.0446254E-07
    3.0446254E-07   5.0358619E-08   4.4184126E-08   4.4184126E-08   4.4184126E-08
    7.1625487E-08

 2.1020519158E+02   4.9530452E-02   5.0569213E+10   1.9829914E+00   9.2743536E+02   2.5301042E+01   4.5874599E-01    30 
    5.4584259E-15   4.0095291E-15   4.0095291E-15   4.0095291E-15   3.4353341E-15
    4.0568482E-15   4.0568482E-15   4.0568482E-15   3.4897958E-15   3.1060047E-15
    4.9542898E-13   1.0076362E-12   9.3028913E-13   1.7904581E-10   1.7904581E-10
    1.7904581E-10   1.6590253E-12   1.6590253E-12   1.6590253E-12   3.6898782E-12
    1.2823768E-10   1.2823768E-10   1.2823768E-10   3.1118327E-10   4.3128871E-10
    2.9406339E-09   2.9406339E-09   2.9406339E-09   1.2732968E-09   3.4323328E-09
    3.4323328E-09   3.4323328E-09   1.5928233E-06   1.5928233E-06   1.5928233E-06
    1.5206453E-09   3.8449693E-09   1.0643793E-09   1.0643793E-09   1.0643793E-09
    2.4606005E-08   2.7767246E-09   2.7767246E-09   2.7767246E-09   1.5819461E-09
    4.3786493E-09   5.5989675E-08   6.0789761E-08   3.0687656E-07   3.0687656E-07
    3.0687656E-07   5.0738839E-08   4.4623962E-08   4.4623962E-08   4.4623962E-08
    7.2179112E-08

 2.0198138744E+02   1.7468362E-02   6.0765525E+10   1.9933227E+00   9.3649424E+02   1.8708566E+01   5.5920115E-01    31 
    6.5210447E-15   5.0493490E-15   5.0493490E-15   5.0493490E-15   4.4053515E-15
    5.6176742E-15   5.6176742E-15   5.6176742E-15   5.0480761E-15   4.4467687E-15
    5.7241878E-13   1.1597323E-12   1.0608769E-12   2.0281453E-10   2.0281453E-10
    2.0281453E-10   1.8786258E-12   1.8786258E-12   1.8786258E-12   4.1664120E-12
    1.4277815E-10   1.4277815E-10   1.4277815E-10   3.4473302E-10   4.7662641E-10
    3.2617786E-09   3.2617786E-09   3.2617786E-09   1.4036403E-09   3.7747439E-09
    3.7747439E-09   3.7747439E-09   1.7264639E-06   1.7264639E-06   1.7264639E-06
    1.6681044E-09   4.2148108E-09   1.1635502E-09   1.1635502E-09   1.1635502E-09
    2.6838369E-08   3.0323921E-09   3.0323921E-09   3.0323921E-09   1.7241472E-09
    4.7635679E-09   6.0655297E-08   6.5590311E-08   3.3048900E-07   3.3048900E-07
    3.3048900E-07   5.4617864E-08   4.8057221E-08   4.8057221E-08   4.8057221E-08
    7.7431812E-08

 1.9786575500E+02   6.8566935E-03   7.6682142E+10   1.9724056E+00   1.2104148E+03   1.2953919E+01   6.6687393E-01    32 
    3.2527362E-15   2.7394835E-15   2.7394835E-15   2.7394835E-15   2.9139158E-15
    3.7068610E-15   3.7068610E-15   3.7068610E-15   3.8835036E-15   3.6295128E-15
    4.2608604E-13   8.7407313E-13   8.1053923E-13   1.5443328E-10   1.5443328E-10
    1.5443328E-10   1.4529764E-12   1.4529764E-12   1.4529764E-12   3.2618821E-12
    1.1488252E-10   1.1488252E-10   1.1488252E-10   2.7992709E-10   3.8888185E-10
    2.6789879E-09   2.6789879E-09   2.6789879E-09   1.1532142E-09   3.1192241E-09
    3.1192241E-09   3.1192241E-09   1.4144531E-06   1.4144531E-06   1.4144531E-06
    1.3817003E-09   3.4959497E-09   9.7074914E-10   9.7074914E-10   9.7074914E-10
    2.2438192E-08   2.5350937E-09   2.5350937E-09   2.5350937E-09   1.4471872E-09
    4.0132171E-09   5.1722932E-08   5.6300132E-08   2.8465646E-07   2.8465646E-07
    2.8465646E-07   4.7121524E-08   4.1661347E-08   4.1661347E-08   4.1661347E-08
    6.7251917E-08

 1.9751441467E+02   4.8078370E-03   9.5338016E+10   1.9575577E+00   1.5812328E+03   9.3524718E+00   7.4555697E-01    33 
    2.0329326E-15   1.7766773E-15   1.7766773E-15   1.7766773E-15   2.0926837E-15
    2.6121758E-15   2.6121758E-15   2.6121758E-15   2.9325562E-15   2.8453990E-15
    3.4452834E-13   7.1294340E-13   6.6746849E-13   1.2727191E-10   1.2727191E-10
    1.2727191E-10   1.2084543E-12   1.2084543E-12   1.2084543E-12   2.7333599E-12
    9.8160654E-11   9.8160654E-11   9.8160654E-11   2.4080933E-10   3.3570143E-10
    2.3186046E-09   2.3186046E-09   2.3186046E-09   1.0002650E-09   2.7163615E-09
    2.7163615E-09   2.7163615E-09   1.2315884E-06   1.2315884E-06   1.2315884E-06
    1.2058320E-09   3.0540741E-09   8.5159589E-10   8.5159589E-10   8.5159589E-10
    1.9721700E-08   2.2272186E-09   2.2272186E-09   2.2272186E-09   1.2751404E-09
    3.5455701E-09   4.6102222E-08   5.0433268E-08   2.5569914E-07   2.5569914E-07
    2.5569914E-07   4.2370882E-08   3.7545855E-08   3.7545855E-08   3.7545855E-08
    6.0760156E-08

 1.9731638335E+02   3.1096355E-03   1.3033975E+11   1.9441715E+00   2.2613951E+03   6.2153207E+00   8.2223170E-01    34 
    1.3223532E-15   1.1980699E-15   1.1980699E-15   1.1980699E-15   1.5436250E-15
    1.8944938E-15   1.8944938E-15   1.8944938E-15   2.2573350E-15   2.2660219E-15
    2.8388883E-13   5.9243852E-13   5.5909217E-13   1.0669022E-10   1.0669022E-10
    1.0669022E-10   1.0219121E-12   1.0219121E-12   1.0219121E-12   2.3261429E-12
    8.5007242E-11   8.5007242E-11   8.5007242E-11   2.0984216E-10   2.9345521E-10
    2.0315347E-09   2.0315347E-09   2.0315347E-09   8.7820023E-10   2.3935990E-09
    2.3935990E-09   2.3935990E-09   1.0852460E-06   1.0852460E-06   1.0852460E-06
    1.0646597E-09   2.6990498E-09   7.5547290E-10   7.5547290E-10   7.5547290E-10
    1.7526617E-08   1.9785019E-09   1.9785019E-09   1.9785019E-09   1.1357667E-09
    3.1657690E-09   4.1532658E-08   4.5637395E-08   2.3201494E-07   2.3201494E-07
    2.3201494E-07   3.8482516E-08   3.4153850E-08   3.4153850E-08   3.4153850E-08
    5.5417525E-08

 1.9711273321E+02   1.9325962E-03   1.7824149E+11   1.9318820E+00   3.2382118E+03   4.2869892E+00   8.7349901E-01    35 
    8.9007839E-16   8.3244573E-16   8.3244573E-16   8.3244573E-16   1.1652173E-15
    1.4101536E-15   1.4101536E-15   1.4101536E-15   1.7742133E-15   1.8377499E-15
    2.3716580E-13   4.9890302E-13   4.7433093E-13   9.0546341E-11   9.0546341E-11
    9.0546341E-11   8.7453072E-13   8.7453072E-13   8.7453072E-13   2.0024082E-12
    7.4360174E-11   7.4360174E-11   7.4360174E-11   1.8462511E-10   2.5894367E-10
    1.7966943E-09   1.7966943E-09   1.7966943E-09   7.7807424E-10   2.1279179E-09
    2.1279179E-09   2.1279179E-09   9.6449084E-07   9.6449084E-07   9.6449084E-07
    9.4822096E-10   2.4059747E-09   6.7582758E-10   6.7582758E-10   6.7582758E-10
    1.5704522E-08   1.7721542E-09   1.7721542E-09   1.7721542E-09   1.0198383E-09
    2.8491195E-09   3.7711333E-08   4.1606168E-08   2.1202932E-07   2.1202932E-07
    2.1202932E-07   3.5203022E-08   3.1287581E-08   3.1287581E-08   3.1287581E-08
    5.0897091E-08

 1.9689719409E+02   1.1177521E-03   2.4923418E+11   1.9239758E+00   4.7075310E+03   2.9455463E+00   9.1115724E-01    36 
    6.9430657E-16   6.6448431E-16   6.6448431E-16   6.6448431E-16   9.8470200E-16
    1.1813021E-15   1.1813021E-15   1.1813021E-15   1.5436523E-15   1.6331911E-15
    2.1116214E-13   4.4663373E-13   4.2665515E-13   8.1407738E-11   8.1407738E-11
    8.1407738E-11   7.9077012E-13   7.9077012E-13   7.9077012E-13   1.8178820E-12
    6.8167161E-11   6.8167161E-11   6.8167161E-11   1.6988764E-10   2.3871717E-10
    1.6593119E-09   1.6593119E-09   1.6593119E-09   7.1919434E-10   1.9713006E-09
    1.9713006E-09   1.9713006E-09   8.9258284E-07   8.9258284E-07   8.9258284E-07
    8.7945148E-10   2.2327608E-09   6.2861719E-10   6.2861719E-10   6.2861719E-10
    1.4622621E-08   1.6497143E-09   1.6497143E-09   1.6497143E-09   9.5090863E-10
    2.6604975E-09   3.5461326E-08   3.9220553E-08   2.0014377E-07   2.0014377E-07
    2.0014377E-07   3.3256944E-08   2.9587725E-08   2.9587725E-08   2.9587725E-08
    4.8214114E-08

 1.9664831296E+02   5.8391979E-04   3.5223259E+11   1.9184597E+00   6.8415345E+03   2.0300141E+00   9.3784293E-01    37 
    5.8348654E-16   5.6810514E-16   5.6810514E-16   5.6810514E-16   8.8153121E-16
    1.0497924E-15   1.0497924E-15   1.0497924E-15   1.4156495E-15   1.5221881E-15
    1.9473505E-13   4.1342342E-13   3.9651447E-13   7.5565813E-11   7.5565813E-11
    7.5565813E-11   7.3685565E-13   7.3685565E-13   7.3685565E-13   1.7001533E-12
    6.4129667E-11   6.4129667E-11   6.4129667E-11   1.6024824E-10   2.2545965E-10
    1.5697533E-09   1.5697533E-09   1.5697533E-09   6.8051702E-10   1.8682819E-09
    1.8682819E-09   1.8682819E-09   8.4440416E-07   8.4440416E-07   8.4440416E-07
    8.3414316E-10   2.1185830E-09   5.9743794E-10   5.9743794E-10   5.9743794E-10
    1.3906931E-08   1.5687963E-09   1.5687963E-09   1.5687963E-09   9.0529102E-10
    2.5355190E-09   3.3993699E-08   3.7659664E-08   1.9230254E-07   1.9230254E-07
    1.9230254E-07   3.1976913E-08   2.8486471E-08   2.8486471E-08   2.8486471E-08
    4.6456720E-08

 1.9635873217E+02   2.6567224E-04   5.0349343E+11   1.9116756E+00   9.8123230E+03   1.3960977E+00   9.5680315E-01    38 
    4.5607482E-16   4.5084874E-16   4.5084874E-16   4.5084874E-16   7.4157467E-16
    8.7505577E-16   8.7505577E-16   8.7505577E-16   1.2272939E-15   1.3464373E-15
    1.7610246E-13   3.7534180E-13   3.6221071E-13   6.8915610E-11   6.8915610E-11
    6.8915610E-11   6.7465239E-13   6.7465239E-13   6.7465239E-13   1.5653672E-12
    5.9462394E-11   5.9462394E-11   5.9462394E-11   1.4906990E-10   2.1006502E-10
    1.4657314E-09   1.4657314E-09   1.4657314E-09   6.3554279E-10   1.7482057E-09
    1.7482057E-09   1.7482057E-09   7.8808490E-07   7.8808490E-07   7.8808490E-07
    7.8128227E-10   1.9853141E-09   5.6097953E-10   5.6097953E-10   5.6097953E-10
    1.3069178E-08   1.4741167E-09   1.4741167E-09   1.4741167E-09   8.5184760E-10
    2.3889311E-09   3.2239946E-08   3.5795706E-08   1.8292352E-07   1.8292352E-07
    1.8292352E-07   3.0442618E-08   2.7180735E-08   2.7180735E-08   2.7180735E-08
    4.4344150E-08

 1.9603830543E+02   1.0485482E-04   7.2462904E+11   1.8998116E+00   1.3560672E+04   9.5988479E-01   9.7008479E-01    39 
    2.8185179E-16   2.8277311E-16   2.8277311E-16   2.8277311E-16   5.1319804E-16
    5.9502368E-16   5.9502368E-16   5.9502368E-16   8.9055145E-16   1.0106487E-15
    1.4726084E-13   3.1589116E-13   3.0818182E-13   5.8547297E-11   5.8547297E-11
    5.8547297E-11   5.7676612E-13   5.7676612E-13   5.7676612E-13   1.3511029E-12
    5.2032529E-11   5.2032529E-11   5.2032529E-11   1.3119355E-10   1.8540136E-10
    1.2979871E-09   1.2979871E-09   1.2979871E-09   5.6329845E-10   1.5546337E-09
    1.5546337E-09   1.5546337E-09   6.9845671E-07   6.9845671E-07   6.9845671E-07
    6.9598556E-10   1.7701350E-09   5.0194669E-10   5.0194669E-10   5.0194669E-10
    1.1711564E-08   1.3206615E-09   1.3206615E-09   1.3206615E-09   7.6506227E-10
    2.1504603E-09   2.9300796E-08   3.2668870E-08   1.6723826E-07   1.6723826E-07
    1.6723826E-07   2.7866492E-08   2.4963451E-08   2.4963451E-08   2.4963451E-08
    4.0767304E-08

 1.9568901368E+02   3.5731792E-05   1.0477194E+12   1.8843375E+00   1.7709118E+04   6.5995407E-01   9.7932965E-01    40 
    1.4211006E-16   1.4432724E-16   1.4432724E-16   1.4432724E-16   3.0119143E-16
    3.3838116E-16   3.3838116E-16   3.3838116E-16   5.5577547E-16   6.6104059E-16
    1.1619246E-13   2.5133623E-13   2.4863816E-13   4.7179517E-11   4.7179517E-11
    4.7179517E-11   4.6854902E-13   4.6854902E-13   4.6854902E-13   1.1112292E-12
    4.3609416E-11   4.3609416E-11   4.3609416E-11   1.1079099E-10   1.5716019E-10
    1.1052624E-09   1.1052624E-09   1.1052624E-09   4.8020768E-10   1.3310557E-09
    1.3310557E-09   1.3310557E-09   5.9516416E-07   5.9516416E-07   5.9516416E-07
    5.9726883E-10   1.5208589E-09   4.3327755E-10   4.3327755E-10   4.3327755E-10
    1.0129428E-08   1.1418968E-09   1.1418968E-09   1.1418968E-09   6.6367569E-10
    1.8711370E-09   2.5805842E-08   2.8935161E-08   1.4850486E-07   1.4850486E-07
    1.4850486E-07   2.4783751E-08   2.2279261E-08   2.2279261E-08   2.2279261E-08
    3.6457022E-08

 1.9530317610E+02   1.0634886E-05   1.5196416E+12   1.8733058E+00   2.1307739E+04   4.5383118E-01   9.8573684E-01    41 
    7.7348730E-17   7.9069156E-17   7.9069156E-17   7.9069156E-17   1.9035887E-16
    2.0446156E-16   2.0446156E-16   2.0446156E-16   3.7041987E-16   4.6135797E-16
    9.8009499E-14   2.1327218E-13   2.1307043E-13   4.0371786E-11   4.0371786E-11
    4.0371786E-11   4.0311771E-13   4.0311771E-13   4.0311771E-13   9.6571268E-13
    3.8387522E-11   3.8387522E-11   3.8387522E-11   9.8054616E-11   1.3946219E-10
    9.8542128E-10   9.8542128E-10   9.8542128E-10   4.2795126E-10   1.1898345E-09
    1.1898345E-09   1.1898345E-09   5.2802364E-07   5.2802364E-07   5.2802364E-07
    5.3474330E-10   1.3628074E-09   3.8956563E-10   3.8956563E-10   3.8956563E-10
    9.1192531E-09   1.0279382E-09   1.0279382E-09   1.0279382E-09   5.9886011E-10
    1.6921213E-09   2.3577794E-08   2.6542409E-08   1.3646730E-07   1.3646730E-07
    1.3646730E-07   2.2805391E-08   2.0540662E-08   2.0540662E-08   2.0540662E-08
    3.3677287E-08

 1.9488222726E+02   3.0345879E-06   2.1876682E+12   1.8752457E+00   2.2892165E+04   3.1522360E-01   9.9007018E-01    42 
    6.2184822E-17   6.3611411E-17   6.3611411E-17   6.3611411E-17   1.6917058E-16
    1.7258245E-16   1.7258245E-16   1.7258245E-16   3.3578481E-16   4.3166908E-16
    1.0137144E-13   2.2034054E-13   2.1977719E-13   4.1526608E-11   4.1526608E-11
    4.1526608E-11   4.1378551E-13   4.1378551E-13   4.1378551E-13   9.9375398E-13
    3.9278684E-11   3.9278684E-11   3.9278684E-11   1.0021949E-10   1.4244030E-10
    1.0102038E-09   1.0102038E-09   1.0102038E-09   4.3696321E-10   1.2139926E-09
    1.2139926E-09   1.2139926E-09   5.3248433E-07   5.3248433E-07   5.3248433E-07
    5.4529831E-10   1.3894611E-09   3.9696633E-10   3.9696633E-10   3.9696633E-10
    9.2861373E-09   1.0472408E-09   1.0472408E-09   1.0472408E-09   6.0984707E-10
    1.7225582E-09   2.4078907E-08   2.7072650E-08   1.3907652E-07   1.3907652E-07
    1.3907652E-07   2.3253530E-08   2.0929518E-08   2.0929518E-08   2.0929518E-08
    3.4313352E-08

 1.9447959601E+02   9.6668324E-07   3.0055588E+12   1.8894082E+00   2.2000649E+04   2.2977031E-01   9.9275173E-01    43 
    7.4563140E-17   7.6147214E-17   7.6147214E-17   7.6147214E-17   2.1201335E-16
    2.0683353E-16   2.0683353E-16   2.0683353E-16   4.1525364E-16   5.4449524E-16
    1.2686043E-13   2.7365505E-13   2.6966277E-13   5.0733010E-11   5.0733010E-11
    5.0733010E-11   5.0108608E-13   5.0108608E-13   5.0108608E-13   1.1978607E-12
    4.6274710E-11   4.6274710E-11   4.6274710E-11   1.1721782E-10   1.6596355E-10
    1.1799667E-09   1.1799667E-09   1.1799667E-09   5.0678967E-10   1.4019982E-09
    1.4019982E-09   1.4019982E-09   6.0588027E-07   6.0588027E-07   6.0588027E-07
    6.2815434E-10   1.5987647E-09   4.5483250E-10   4.5483250E-10   4.5483250E-10
    1.0612926E-08   1.1980395E-09   1.1980395E-09   1.1980395E-09   6.9554440E-10
    1.9592264E-09   2.7277931E-08   3.0476773E-08   1.5603401E-07   1.5603401E-07
    1.5603401E-07   2.6083191E-08   2.3418762E-08   2.3418762E-08   2.3418762E-08
    3.8293272E-08

 1.9408286957E+02   3.2639682E-07   4.0275375E+12   1.9125654E+00   1.9368906E+04   1.7185255E-01   9.9457356E-01    44 
    1.1623090E-16   1.1849496E-16   1.1849496E-16   1.1849496E-16   3.3401295E-16
    3.1489599E-16   3.1489599E-16   3.1489599E-16   6.3202196E-16   8.4472392E-16
    1.8143370E-13   3.8665757E-13   3.7375873E-13   6.9894722E-11   6.9894722E-11
    6.9894722E-11   6.8108259E-13   6.8108259E-13   6.8108259E-13   1.6135898E-12
    6.0174263E-11   6.0174263E-11   6.0174263E-11   1.5067073E-10   2.1204750E-10
    1.5107447E-09   1.5107447E-09   1.5107447E-09   6.4263479E-10   1.7658703E-09
    1.7658703E-09   1.7658703E-09   7.4915785E-07   7.4915785E-07   7.4915785E-07
    7.8806855E-10   2.0021760E-09   5.6572393E-10   5.6572393E-10   5.6572393E-10
    1.3149024E-08   1.4864377E-09   1.4864377E-09   1.4864377E-09   8.5878582E-10
    2.4083906E-09   3.3234296E-08   3.6762958E-08   1.8722463E-07   1.8722463E-07
    1.8722463E-07   3.1279391E-08   2.7990826E-08   2.7990826E-08   2.7990826E-08
    4.5544449E-08

 1.9368425258E+02   1.1154509E-07   5.3283564E+12   1.9435940E+00   1.5705863E+04   1.3026180E-01   9.9588399E-01    45 
    2.1956837E-16   2.2358382E-16   2.2358382E-16   2.2358382E-16   6.2273044E-16
    5.7536173E-16   5.7536173E-16   5.7536173E-16   1.1215751E-15   1.5359469E-15
    2.8893912E-13   6.0604319E-13   5.7160275E-13   1.0604004E-10   1.0604004E-10
    1.0604004E-10   1.0154980E-12   1.0154980E-12   1.0154980E-12   2.3776653E-12
    8.4723099E-11   8.4723099E-11   8.4723099E-11   2.0895136E-10   2.9178253E-10
    2.0834066E-09   2.0834066E-09   2.0834066E-09   8.7560026E-10   2.3850797E-09
    2.3850797E-09   2.3850797E-09   9.8891368E-07   9.8891368E-07   9.8891368E-07
    1.0589694E-09   2.6842372E-09   7.5170751E-10   7.5170751E-10   7.5170751E-10
    1.7382843E-08   1.9687496E-09   1.9687496E-09   1.9687496E-09   1.1302516E-09
    3.1515281E-09   4.2942879E-08   4.6889868E-08   2.3715759E-07   2.3715759E-07
    2.3715759E-07   3.9593522E-08   3.5290087E-08   3.5290087E-08   3.5290087E-08
    5.7025157E-08

 1.9327958068E+02   3.7704676E-08   6.9901685E+12   1.9827624E+00   1.1766567E+04   9.9614121E-02   9.9685078E-01    46 
    4.9386889E-16   5.0261549E-16   5.0261549E-16   5.0261549E-16   1.3542232E-15
    1.2451412E-15   1.2451412E-15   1.2451412E-15   2.2936231E-15   3.2383626E-15
    5.0898393E-13   1.0468526E-12   9.5883913E-13   1.7604746E-10   1.7604746E-10
    1.7604746E-10   1.6508327E-12   1.6508327E-12   1.6508327E-12   3.8117302E-12
    1.2852401E-10   1.2852401E-10   1.2852401E-10   3.1115957E-10   4.3039863E-10
    3.0813046E-09   3.0813046E-09   3.0813046E-09   1.2762537E-09   3.4395649E-09
    3.4395649E-09   3.4395649E-09   1.3863082E-06   1.3863082E-06   1.3863082E-06
    1.5176236E-09   3.8362276E-09   1.0626714E-09   1.0626714E-09   1.0626714E-09
    2.4418765E-08   2.7722947E-09   2.7722947E-09   2.7722947E-09   1.5793366E-09
    4.3730750E-09   5.8646406E-08   6.3034474E-08   3.1614053E-07   3.1614053E-07
    3.1614053E-07   5.2737407E-08   4.6783570E-08   4.6783570E-08   4.6783570E-08
    7.4945525E-08

 1.9286575189E+02   1.2369027E-08   9.1033295E+12   2.0312120E+00   9.5605038E+03   7.6764625E-02   9.9757223E-01    47 
    1.5614822E-15   1.5890204E-15   1.5890204E-15   1.5890204E-15   4.0603276E-15
    3.7637541E-15   3.7637541E-15   3.7637541E-15   6.3967353E-15   9.3431913E-15
    9.9505082E-13   1.9999866E-12   1.7694311E-12   3.2054144E-10   3.2054144E-10
    3.2054144E-10   2.9332039E-12   2.9332039E-12   2.9332039E-12   6.6654792E-12
    2.1051582E-10   2.1051582E-10   2.1051582E-10   4.9854874E-10   6.8186918E-10
    4.8975086E-09   4.8975086E-09   4.8975086E-09   1.9939474E-09   5.3060673E-09
    5.3060673E-09   5.3060673E-09   2.0657442E-06   2.0657442E-06   2.0657442E-06
    2.3237439E-09   5.8551994E-09   1.6010784E-09   1.6010784E-09   1.6010784E-09
    3.6509578E-08   4.1576244E-09   4.1576244E-09   4.1576244E-09   2.3470470E-09
    6.4454210E-09   8.4804715E-08   8.9463169E-08   4.4424907E-07   4.4424907E-07
    4.4424907E-07   7.4036761E-08   6.5310682E-08   6.5310682E-08   6.5310682E-08
    1.0356057E-07

 1.9243981011E+02   3.8405655E-09   1.1758640E+13   2.0905536E+00   3.4886310E+04   5.9662026E-02   9.9811258E-01    48 
    2.9073449E-14   2.9595808E-14   2.9595808E-14   2.9595808E-14   7.0400304E-14
    6.6323577E-14   6.6323577E-14   6.6323577E-14   1.0216091E-13   1.5407804E-13
    2.2064006E-12   4.3817493E-12   3.6581583E-12   6.4245670E-10   6.4245670E-10
    6.4245670E-10   5.7572078E-12   5.7572078E-12   5.7572078E-12   1.2852291E-11
    3.7364536E-10   3.7364536E-10   3.7364536E-10   8.6238622E-10   1.1638817E-09
    8.3913756E-09   8.3913756E-09   8.3913756E-09   3.3495780E-09   8.7820281E-09
    8.7820281E-09   8.7820281E-09   3.2791747E-06   3.2791747E-06   3.2791747E-06
    3.8125083E-09   9.5715920E-09   2.5781241E-09   2.5781241E-09   2.5781241E-09
    5.8251179E-08   6.6589087E-09   6.6589087E-09   6.6589087E-09   3.7196213E-09
    1.0117501E-08   1.3020177E-07   1.3438696E-07   6.5971388E-07   6.5971388E-07
    6.5971388E-07   1.0980946E-07   9.6240741E-08   9.6240741E-08   9.6240741E-08
    1.5081998E-07

 1.9199823038E+02   1.1165735E-09   1.5045077E+13   2.1625250E+00   7.2713280E+05   4.6826730E-02   9.9851831E-01    49 
    4.0605429E-12   4.1346831E-12   4.1346831E-12   4.1346831E-12   9.0072260E-12
    8.6452190E-12   8.6452190E-12   8.6452190E-12   1.1947788E-11   1.8463490E-11
    1.1277848E-11   2.9652478E-11   1.5798573E-11   1.4245852E-09   1.4245852E-09
    1.4245852E-09   1.8244623E-11   1.8244623E-11   1.8244623E-11   3.9802074E-11
    7.3092698E-10   7.3092698E-10   7.3092698E-10   1.6396280E-09   2.1533062E-09
    1.5505617E-08   1.5505617E-08   1.5505617E-08   6.0580347E-09   1.5603799E-08
    1.5603799E-08   1.5603799E-08   5.5440325E-06   5.5440325E-06   5.5440325E-06
    6.7197724E-09   1.6773561E-08   4.4495119E-09   4.4495119E-09   4.4495119E-09
    9.9194780E-08   1.1403390E-08   1.1403390E-08   1.1403390E-08   6.3039933E-09
    1.6950925E-08   2.1234936E-07   2.1371931E-07   1.0355895E-06   1.0355895E-06
    1.0355895E-06   1.7211813E-07   1.4976519E-07   1.4976519E-07   1.4976519E-07
    2.3157305E-07

 1.9153689040E+02   3.1793042E-10   1.9031305E+13   2.2489298E+00   2.3532620E+07   3.7188277E-02   9.9882310E-01    50 
    1.1434827E-09   1.1644897E-09   1.1644897E-09   1.1644897E-09   2.2908935E-09
    2.2363373E-09   2.2363373E-09   2.2363373E-09   2.7651701E-09   4.3229742E-09
    1.6187135E-09   4.4713412E-09   1.9303360E-09   5.3850449E-09   5.3850449E-09
    5.3850449E-09   1.6309886E-09   1.6309886E-09   1.6309886E-09   3.2066656E-09
    4.5867276E-09   4.5867276E-09   4.5867276E-09   9.4836384E-09   7.4005472E-09
    3.2505195E-08   3.2505195E-08   3.2505195E-08   1.3408261E-08   3.1416949E-08
    3.1416949E-08   3.1416949E-08   9.9538429E-06   9.9538429E-06   9.9538429E-06
    1.6391506E-08   3.4504082E-08   1.1221543E-08   1.1221543E-08   1.1221543E-08
    1.8342949E-07   2.3847123E-08   2.3847123E-08   2.3847123E-08   1.5102877E-08
    3.7429763E-08   3.6946019E-07   3.6211531E-07   1.7168467E-06   1.7168467E-06
    1.7168467E-06   2.8823080E-07   2.4753647E-07   2.4753647E-07   2.4753647E-07
    3.7718460E-07

 1.9105047315E+02   9.9020465E-11   2.3721979E+13   2.3516758E+00   9.0899097E+08   2.9985372E-02   9.9905094E-01    51 
    4.8832537E-07   4.9710004E-07   4.9710004E-07   4.9710004E-07   8.7230108E-07
    8.6345623E-07   8.6345623E-07   8.6345623E-07   9.5736174E-07   1.4899480E-06
    6.5291377E-07   1.4794969E-06   7.2870848E-07   7.4971835E-07   7.4971835E-07
    7.4971835E-07   6.5222966E-07   6.5222966E-07   6.5222966E-07   1.1425370E-06
    1.1403516E-06   1.1403516E-06   1.1403516E-06   1.9046920E-06   1.1559614E-06
    7.6219226E-07   7.6219226E-07   7.6219226E-07   6.9971796E-07   7.6487093E-07
    7.6487093E-07   7.6487093E-07   1.9638866E-05   1.9638866E-05   1.9638866E-05
    1.2817722E-06   1.2106451E-06   1.1509207E-06   1.1509207E-06   1.1509207E-06
    1.6430502E-06   1.1791134E-06   1.1791134E-06   1.1791134E-06   1.2776290E-06
    2.2985023E-06   1.5913810E-06   1.8035617E-06   4.0048670E-06   4.0048670E-06
    4.0048670E-06   1.8248776E-06   1.1846405E-06   1.1846405E-06   1.1846405E-06
    1.7940942E-06

 1.9053168005E+02   3.6769439E-11   2.9029150E+13   2.4722945E+00   3.6739100E+10   2.4646046E-02   9.9921986E-01    52 
    2.6568383E-04   2.7013388E-04   2.7013388E-04   2.7013388E-04   4.1990494E-04
    4.1956965E-04   4.1956965E-04   4.1956965E-04   4.2072945E-04   6.4103605E-04
    3.3693350E-04   6.1917500E-04   3.5741823E-04   3.5824445E-04   3.5824445E-04
    3.5824445E-04   3.3665211E-04   3.3665211E-04   3.3665211E-04   5.2258485E-04
    5.2391150E-04   5.2391150E-04   5.2391150E-04   7.2544417E-04   5.2253714E-04
    3.5128306E-04   3.5128306E-04   3.5128306E-04   3.4420230E-04   3.5445617E-04
    3.5445617E-04   3.5445617E-04   4.1370037E-04   4.1370037E-04   4.1370037E-04
    5.2469382E-04   5.2440595E-04   5.2364836E-04   5.2364836E-04   5.2364836E-04
    5.6145045E-04   5.2490325E-04   5.2490325E-04   5.2490325E-04   5.2447145E-04
    8.5035657E-04   4.3237291E-04   5.3183980E-04   4.8483288E-04   4.8483288E-04
    4.8483288E-04   5.7544118E-04   3.7477772E-04   3.7477772E-04   3.7477772E-04
    5.2526271E-04

 1.8997040233E+02   1.9807284E-11   3.4748997E+13   2.6096850E+00   1.1926114E+12   2.0745047E-02   9.9934330E-01    53 
    1.2781071E-01   1.2968225E-01   1.2968225E-01   1.2968225E-01   1.7921985E-01
    1.8029178E-01   1.8029178E-01   1.8029178E-01   1.6596513E-01   2.4476669E-01
    1.5442056E-01   2.3355800E-01   1.5807717E-01   1.5686667E-01   1.5686667E-01
    1.5686667E-01   1.5432638E-01   1.5432638E-01   1.5432638E-01   2.1305689E-01
    2.1471920E-01   2.1471920E-01   2.1471920E-01   2.5169939E-01   2.1243296E-01
    1.5810928E-01   1.5810928E-01   1.5810928E-01   1.5628746E-01   1.5931357E-01
    1.5931357E-01   1.5931357E-01   1.6500488E-01   1.6500488E-01   1.6500488E-01
    1.9765043E-01   2.1337978E-01   2.1473397E-01   2.1473397E-01   2.1473397E-01
    2.1888533E-01   2.1502880E-01   2.1502880E-01   2.1502880E-01   1.9754749E-01
    2.9264565E-01   1.8228283E-01   2.1502848E-01   1.9987267E-01   1.9987267E-01
    1.9987267E-01   2.2386741E-01   1.6515194E-01   1.6515194E-01   1.6515194E-01
    2.1210654E-01

 1.8935089933E+02   1.0218975E-09   4.0549050E+13   2.7614714E+00   4.5164010E+11   1.7997073E-02   9.9943026E-01    54 
    7.1277377E-01   7.2094443E-01   7.2094443E-01   7.2094443E-01   8.9375134E-01
    9.0911640E-01   9.0911640E-01   9.0911640E-01   7.8030212E-01   1.1102650E+00
    8.3384816E-01   1.0689609E+00   8.3464509E-01   8.2633462E-01   8.2633462E-01
    8.2633462E-01   8.3349675E-01   8.3349675E-01   8.3349675E-01   1.0325051E+00
    1.0511271E+00   1.0511271E+00   1.0511271E+00   1.0696349E+00   1.0282125E+00
    8.4381414E-01   8.4381414E-01   8.4381414E-01   8.3891449E-01   8.4932182E-01
    8.4932182E-01   8.4932182E-01   8.6285093E-01   8.6285093E-01   8.6285093E-01
    9.0306127E-01   1.0327457E+00   1.0514385E+00   1.0514385E+00   1.0514385E+00
    1.0353743E+00   1.0521981E+00   1.0521981E+00   1.0521981E+00   9.0232906E-01
    1.2450965E+00   9.2935362E-01   1.0385666E+00   9.9946775E-01   9.9946775E-01
    9.9946775E-01   1.0593687E+00   8.7036616E-01   8.7036616E-01   8.7036616E-01
    1.0272678E+00

 1.8864527798E+02   2.7487556E-07   4.6068172E+13   2.9296753E+00   3.4612402E+10   1.6248577E-02   9.9948560E-01    55 
    7.9571925E-01   8.0196666E-01   8.0196666E-01   8.0196666E-01   9.1069974E-01
    9.2583650E-01   9.2583650E-01   9.2583650E-01   7.6520779E-01   1.0488504E+00
    9.0714344E-01   1.0340538E+00   8.9739511E-01   8.8882414E-01   8.8882414E-01
    8.8882414E-01   9.0686126E-01   9.0686126E-01   9.0686126E-01   1.0293125E+00
    1.0468051E+00   1.0468051E+00   1.0468051E+00   9.6717044E-01   1.0248506E+00
    9.1098290E-01   9.1098290E-01   9.1098290E-01   9.0903938E-01   9.1577720E-01
    9.1577720E-01   9.1577720E-01   9.1919378E-01   9.1919378E-01   9.1919378E-01
    8.6658456E-01   1.0286186E+00   1.0470291E+00   1.0470291E+00   1.0470291E+00
    1.0172168E+00   1.0474466E+00   1.0474466E+00   1.0474466E+00   8.6552766E-01
    1.1334389E+00   9.6957304E-01   1.0330802E+00   1.0215849E+00   1.0215849E+00
    1.0215849E+00   1.0461211E+00   9.3163022E-01   9.3163022E-01   9.3163022E-01
    1.0269284E+00

 1.8780261098E+02   6.6856788E-05   5.1390801E+13   3.1176516E+00   2.5780421E+09   1.5354003E-02   9.9951391E-01    56 
    8.5292169E-01   8.5814524E-01   8.5814524E-01   8.5814524E-01   9.3336663E-01
    9.2076084E-01   9.2076084E-01   9.2076084E-01   7.7439640E-01   1.0144196E+00
    9.4812879E-01   1.0288416E+00   9.3476803E-01   9.2658489E-01   9.2658489E-01
    9.2658489E-01   9.4790151E-01   9.4790151E-01   9.4790151E-01   1.0306403E+00
    1.0169743E+00   1.0169743E+00   1.0169743E+00   9.1782585E-01   1.0257487E+00
    9.4761803E-01   9.4761803E-01   9.4761803E-01   9.4765645E-01   9.5121723E-01
    9.5121723E-01   9.5121723E-01   9.4790934E-01   9.4790934E-01   9.4790934E-01
    8.5691389E-01   1.0294098E+00   1.0169821E+00   1.0169821E+00   1.0169821E+00
    9.9967057E-01   1.0172558E+00   1.0172558E+00   1.0172558E+00   8.5563675E-01
    1.0641317E+00   9.8383170E-01   1.0313018E+00   1.0179509E+00   1.0179509E+00
    1.0179509E+00   1.0345369E+00   9.6347991E-01   9.6347991E-01   9.6347991E-01
    1.0289898E+00

 1.8674299581E+02   1.1072817E-02   5.7504529E+13   3.3277102E+00   1.9711646E+08   1.4769368E-02   9.9953242E-01    57 
    8.9270006E-01   8.9505813E-01   8.9505813E-01   8.9505813E-01   9.2816365E-01
    9.3372103E-01   9.3372103E-01   9.3372103E-01   8.1699527E-01   9.6699819E-01
    9.6501146E-01   1.0004868E+00   9.5617610E-01   9.5021036E-01   9.5021036E-01
    9.5021036E-01   9.6481006E-01   9.6481006E-01   9.6481006E-01   1.0003085E+00
    1.0055168E+00   1.0055168E+00   1.0055168E+00   9.0568392E-01   9.9659404E-01
    9.6252439E-01   9.6252439E-01   9.6252439E-01   9.6367925E-01   9.6509811E-01
    9.6509811E-01   9.6509811E-01   9.5597440E-01   9.5597440E-01   9.5597440E-01
    8.8170292E-01   9.9928732E-01   1.0060978E+00   1.0060978E+00   1.0060978E+00
    9.8153345E-01   1.0059623E+00   1.0059623E+00   1.0059623E+00   8.8083220E-01
    9.9566690E-01   9.8596875E-01   1.0012292E+00   1.0127150E+00   1.0127150E+00
    1.0127150E+00   1.0054951E+00   9.7525496E-01   9.7525496E-01   9.7525496E-01
    1.0038890E+00

 1.8538741644E+02   1.1385209E+00   6.6919071E+13   3.5620486E+00   1.6538784E+07   1.3461674E-02   9.9957381E-01    58 
    9.2147537E-01   9.2191949E-01   9.2191949E-01   9.2191949E-01   9.3059349E-01
    9.4764862E-01   9.4764862E-01   9.4764862E-01   9.0131879E-01   9.5395959E-01
    9.6994594E-01   9.7366557E-01   9.6953874E-01   9.6213176E-01   9.6213176E-01
    9.6213176E-01   9.6974678E-01   9.6974678E-01   9.6974678E-01   9.7885484E-01
    9.9545283E-01   9.9545283E-01   9.9545283E-01   9.3828894E-01   9.7642980E-01
    9.6709958E-01   9.6709958E-01   9.6709958E-01   9.6868032E-01   9.6888025E-01
    9.6888025E-01   9.6888025E-01   9.5826067E-01   9.5826067E-01   9.5826067E-01
    9.4830974E-01   9.7846549E-01   9.9635186E-01   9.9635186E-01   9.9635186E-01
    9.7922942E-01   9.9598320E-01   9.9598320E-01   9.9598320E-01   9.4817551E-01
    9.6673002E-01   9.8336770E-01   9.8077525E-01   1.0031918E+00   1.0031918E+00
    1.0031918E+00   9.8868523E-01   9.7727274E-01   9.7727274E-01   9.7727274E-01
    9.8563260E-01

 1.8374053138E+02   8.7785784E+01   8.3361107E+13   3.8287559E+00   1.5381329E+06   1.1219307E-02   9.9964479E-01    59 
    9.5325507E-01   9.5320744E-01   9.5320744E-01   9.5320744E-01   9.5472806E-01
    9.6318141E-01   9.6318141E-01   9.6318141E-01   9.5082746E-01   9.6906793E-01
    9.8049035E-01   9.7421836E-01   9.8269555E-01   9.7750357E-01   9.7750357E-01
    9.7750357E-01   9.8032008E-01   9.8032008E-01   9.8032008E-01   9.8193788E-01
    9.8960782E-01   9.8960782E-01   9.8960782E-01   9.6640304E-01   9.8024423E-01
    9.7806874E-01   9.7806874E-01   9.7806874E-01   9.7974048E-01   9.7920172E-01
    9.7920172E-01   9.7920172E-01   9.7164668E-01   9.7164668E-01   9.7164668E-01
    9.7786273E-01   9.8184053E-01   9.9026970E-01   9.9026970E-01   9.9026970E-01
    9.8646238E-01   9.8994998E-01   9.8994998E-01   9.8994998E-01   9.7795828E-01
    9.7303856E-01   9.8882851E-01   9.8363762E-01   1.0001747E+00   1.0001747E+00
    1.0001747E+00   9.9068868E-01   9.8585584E-01   9.8585584E-01   9.8585584E-01
    9.8746540E-01

 1.8189159700E+02   5.5631128E+03   1.0964868E+14   4.1319871E+00   1.5799771E+05   8.7674716E-03   9.9972240E-01    60 
    9.7498391E-01   9.7496053E-01   9.7496053E-01   9.7496053E-01   9.7513277E-01
    9.7623808E-01   9.7623808E-01   9.7623808E-01   9.7485121E-01   9.8011051E-01
    9.8877987E-01   9.8571008E-01   9.9090678E-01   9.8888920E-01   9.8888920E-01
    9.8888920E-01   9.8877609E-01   9.8877609E-01   9.8877609E-01   9.8888018E-01
    9.8941671E-01   9.8941671E-01   9.8941671E-01   9.8223276E-01   9.8784479E-01
    9.8692511E-01   9.8692511E-01   9.8692511E-01   9.8859674E-01   9.8772601E-01
    9.8772601E-01   9.8772601E-01   9.8401510E-01   9.8401510E-01   9.8401510E-01
    9.8849415E-01   9.8888679E-01   9.8978931E-01   9.8978931E-01   9.8978931E-01
    9.9144191E-01   9.8958006E-01   9.8958006E-01   9.8958006E-01   9.8861760E-01
    9.8400679E-01   9.9361829E-01   9.8994539E-01   9.9947847E-01   9.9947847E-01
    9.9947847E-01   9.9385769E-01   9.9302473E-01   9.9302473E-01   9.9302473E-01
    9.9187728E-01

 1.7993187930E+02   2.6263575E+05   1.5026673E+14   4.4707806E+00   1.8741271E+04   6.5550245E-03   9.9979245E-01    61 
    9.8519813E-01   9.8519352E-01   9.8519352E-01   9.8519352E-01   9.8521035E-01
    9.8527205E-01   9.8527205E-01   9.8527205E-01   9.8517186E-01   9.8580687E-01
    9.9313666E-01   9.9494207E-01   9.9532536E-01   9.9439379E-01   9.9439379E-01
    9.9439379E-01   9.9339360E-01   9.9339360E-01   9.9339360E-01   9.9306115E-01
    9.9275572E-01   9.9275572E-01   9.9275572E-01   9.8918361E-01   9.9245241E-01
    9.9095115E-01   9.9095115E-01   9.9095115E-01   9.9311197E-01   9.9193127E-01
    9.9193127E-01   9.9193127E-01   9.9024079E-01   9.9024079E-01   9.9024079E-01
    9.9292866E-01   9.9308154E-01   9.9297020E-01   9.9297020E-01   9.9297020E-01
    9.9390928E-01   9.9286024E-01   9.9286024E-01   9.9286024E-01   9.9304048E-01
    9.9067991E-01   9.9581859E-01   9.9364655E-01   9.9855361E-01   9.9855361E-01
    9.9855361E-01   9.9474788E-01   9.9628710E-01   9.9628710E-01   9.9628710E-01
    9.9441520E-01

 1.7793246064E+02   7.7499908E+06   2.1360309E+14   4.8449845E+00   2.6567792E+03   4.7205999E-03   9.9985053E-01    62 
    9.9111713E-01   9.9111708E-01   9.9111708E-01   9.9111708E-01   9.9111824E-01
    9.9111952E-01   9.9111952E-01   9.9111952E-01   9.9111088E-01   9.9115126E-01
    9.9595612E-01   1.0004291E+00   9.9722567E-01   9.9701357E-01   9.9701357E-01
    9.9701357E-01   9.9646874E-01   9.9646874E-01   9.9646874E-01   9.9580356E-01
    9.9551824E-01   9.9551824E-01   9.9551824E-01   9.9448138E-01   9.9517772E-01
    9.9335588E-01   9.9335588E-01   9.9335588E-01   9.9577630E-01   9.9428548E-01
    9.9428548E-01   9.9428548E-01   9.9347134E-01   9.9347134E-01   9.9347134E-01
    9.9566220E-01   9.9577899E-01   9.9558494E-01   9.9558494E-01   9.9558494E-01
    9.9603519E-01   9.9555978E-01   9.9555978E-01   9.9555978E-01   9.9575879E-01
    9.9517850E-01   9.9708106E-01   9.9606106E-01   9.9714216E-01   9.9714216E-01
    9.9714216E-01   9.9641036E-01   9.9655708E-01   9.9655708E-01   9.9655708E-01
    9.9601508E-01

 1.7596051616E+02   1.2655909E+08   3.0895686E+14   5.2563102E+00   4.4580576E+02   3.3388737E-03   9.9989427E-01    63 
    9.9509139E-01   9.9509161E-01   9.9509161E-01   9.9509161E-01   9.9509152E-01
    9.9509079E-01   9.9509079E-01   9.9509079E-01   9.9509065E-01   9.9509103E-01
    9.9772746E-01   9.9983683E-01   9.9855146E-01   9.9826776E-01   9.9826776E-01
    9.9826776E-01   9.9823212E-01   9.9823212E-01   9.9823212E-01   9.9761716E-01
    9.9735851E-01   9.9735851E-01   9.9735851E-01   9.9730507E-01   9.9715870E-01
    9.9625571E-01   9.9625571E-01   9.9625571E-01   9.9749407E-01   9.9650786E-01
    9.9650786E-01   9.9650786E-01   9.9635035E-01   9.9635035E-01   9.9635035E-01
    9.9738769E-01   9.9750090E-01   9.9728146E-01   9.9728146E-01   9.9728146E-01
    9.9775500E-01   9.9732201E-01   9.9732201E-01   9.9732201E-01   9.9750621E-01
    9.9740331E-01   9.9790039E-01   9.9765878E-01   9.9716611E-01   9.9716611E-01
    9.9716611E-01   9.9760723E-01   9.9716462E-01   9.9716462E-01   9.9716462E-01
    9.9723408E-01

 1.7403492026E+02   1.2429190E+09   4.4400019E+14   5.7087191E+00   8.5841268E+01   2.3756417E-03   9.9992477E-01    64 
    9.9749593E-01   9.9749601E-01   9.9749601E-01   9.9749601E-01   9.9749593E-01
    9.9749559E-01   9.9749559E-01   9.9749559E-01   9.9749614E-01   9.9749430E-01
    9.9879586E-01   9.9926693E-01   9.9899254E-01   9.9900440E-01   9.9900440E-01
    9.9900440E-01   9.9905154E-01   9.9905154E-01   9.9905154E-01   9.9869199E-01
    9.9855560E-01   9.9855560E-01   9.9855560E-01   9.9873984E-01   9.9856879E-01
    9.9827795E-01   9.9827795E-01   9.9827795E-01   9.9856090E-01   9.9823414E-01
    9.9823414E-01   9.9823414E-01   9.9828829E-01   9.9828829E-01   9.9828829E-01
    9.9854079E-01   9.9866095E-01   9.9847240E-01   9.9847240E-01   9.9847240E-01
    9.9868518E-01   9.9852778E-01   9.9852778E-01   9.9852778E-01   9.9862249E-01
    9.9856328E-01   9.9874019E-01   9.9863060E-01   9.9841747E-01   9.9841747E-01
    9.9841747E-01   9.9857062E-01   9.9844063E-01   9.9844063E-01   9.9844063E-01
    9.9840245E-01

 1.7214065877E+02   8.6032618E+09   6.3341689E+14   6.2059766E+00   1.8856957E+01   1.7023715E-03   9.9994609E-01    65 
    9.9878422E-01   9.9878422E-01   9.9878422E-01   9.9878422E-01   9.9878420E-01
    9.9878410E-01   9.9878410E-01   9.9878410E-01   9.9878453E-01   9.9878340E-01
    9.9942167E-01   9.9947148E-01   9.9941005E-01   9.9949118E-01   9.9949118E-01
    9.9949118E-01   9.9952787E-01   9.9952787E-01   9.9952787E-01   9.9932125E-01
    9.9929122E-01   9.9929122E-01   9.9929122E-01   9.9948212E-01   9.9936591E-01
    9.9924560E-01   9.9924560E-01   9.9924560E-01   9.9926218E-01   9.9921063E-01
    9.9921063E-01   9.9921063E-01   9.9924525E-01   9.9924525E-01   9.9924525E-01
    9.9928821E-01   9.9937539E-01   9.9923929E-01   9.9923929E-01   9.9923929E-01
    9.9931328E-01   9.9928552E-01   9.9928552E-01   9.9928552E-01   9.9931133E-01
    9.9930150E-01   9.9941253E-01   9.9927056E-01   9.9928803E-01   9.9928803E-01
    9.9928803E-01   9.9927542E-01   9.9928375E-01   9.9928375E-01   9.9928375E-01
    9.9926158E-01

 1.7023114528E+02   4.4969409E+10   9.0502935E+14   6.7601506E+00   4.6307686E+00   1.2185538E-03   9.9996141E-01    66 
    9.9939859E-01   9.9939857E-01   9.9939857E-01   9.9939857E-01   9.9939857E-01
    9.9939856E-01   9.9939856E-01   9.9939856E-01   9.9939884E-01   9.9939834E-01
    9.9972425E-01   9.9968429E-01   9.9967077E-01   9.9974806E-01   9.9974806E-01
    9.9974806E-01   9.9977084E-01   9.9977084E-01   9.9977084E-01   9.9964389E-01
    9.9965684E-01   9.9965684E-01   9.9965684E-01   9.9975890E-01   9.9971032E-01
    9.9964849E-01   9.9964849E-01   9.9964849E-01   9.9964638E-01   9.9963895E-01
    9.9963895E-01   9.9963895E-01   9.9965279E-01   9.9965279E-01   9.9965279E-01
    9.9966690E-01   9.9970482E-01   9.9962662E-01   9.9962662E-01   9.9962662E-01
    9.9964044E-01   9.9965937E-01   9.9965937E-01   9.9965937E-01   9.9967474E-01
    9.9966672E-01   9.9976314E-01   9.9963061E-01   9.9969681E-01   9.9969681E-01
    9.9969681E-01   9.9964062E-01   9.9968898E-01   9.9968898E-01   9.9968898E-01
    9.9964942E-01

 1.6876850521E+02   1.2384803E+11   1.1915024E+15   7.2233008E+00   1.7207527E+00   9.4180824E-04   9.9997018E-01    67 
    9.9964018E-01   9.9964015E-01   9.9964015E-01   9.9964015E-01   9.9964017E-01
    9.9964017E-01   9.9964017E-01   9.9964017E-01   9.9964039E-01   9.9964013E-01
    9.9983863E-01   9.9979092E-01   9.9978782E-01   9.9984907E-01   9.9984907E-01
    9.9984907E-01   9.9986279E-01   9.9986279E-01   9.9986279E-01   9.9977816E-01
    9.9980105E-01   9.9980105E-01   9.9980105E-01   9.9985086E-01   9.9983366E-01
    9.9979969E-01   9.9979969E-01   9.9979969E-01   9.9980009E-01   9.9979615E-01
    9.9979615E-01   9.9979615E-01   9.9980660E-01   9.9980660E-01   9.9980660E-01
    9.9981406E-01   9.9982965E-01   9.9978472E-01   9.9978472E-01   9.9978472E-01
    9.9978005E-01   9.9980673E-01   9.9980673E-01   9.9980673E-01   9.9981980E-01
    9.9981106E-01   9.9989316E-01   9.9978374E-01   9.9984997E-01   9.9984997E-01
    9.9984997E-01   9.9978874E-01   9.9984280E-01   9.9984280E-01   9.9984280E-01
    9.9979488E-01

 1.6810871446E+02   1.7974160E+11   1.3468706E+15   7.4441768E+00   1.1244269E+00   8.3976196E-04   9.9997341E-01    68 
    9.9971804E-01   9.9971801E-01   9.9971801E-01   9.9971801E-01   9.9971803E-01
    9.9971804E-01   9.9971804E-01   9.9971804E-01   9.9971824E-01   9.9971803E-01
    9.9987901E-01   9.9983376E-01   9.9983269E-01   9.9988608E-01   9.9988608E-01
    9.9988608E-01   9.9989685E-01   9.9989685E-01   9.9989685E-01   9.9982672E-01
    9.9985175E-01   9.9985175E-01   9.9985175E-01   9.9988771E-01   9.9987768E-01
    9.9985291E-01   9.9985291E-01   9.9985291E-01   9.9985363E-01   9.9985028E-01
    9.9985028E-01   9.9985028E-01   9.9986057E-01   9.9986057E-01   9.9986057E-01
    9.9986475E-01   9.9987500E-01   9.9984058E-01   9.9984058E-01   9.9984058E-01
    9.9983212E-01   9.9985822E-01   9.9985822E-01   9.9985822E-01   9.9986922E-01
    9.9986131E-01   9.9993631E-01   9.9983845E-01   9.9990034E-01   9.9990034E-01
    9.9990034E-01   9.9984159E-01   9.9989364E-01   9.9989364E-01   9.9989364E-01
    9.9984648E-01

 1.6777935136E+02   2.1233044E+11   1.4324659E+15   7.5573106E+00   9.1434527E-01   7.9270459E-04   9.9997490E-01    69 
    9.9969676E-01   9.9969672E-01   9.9969672E-01   9.9969672E-01   9.9969676E-01
    9.9969675E-01   9.9969675E-01   9.9969675E-01   9.9969696E-01   9.9969677E-01
    9.9986746E-01   9.9982307E-01   9.9982275E-01   9.9987296E-01   9.9987296E-01
    9.9987296E-01   9.9988182E-01   9.9988182E-01   9.9988182E-01   9.9981824E-01
    9.9984414E-01   9.9984414E-01   9.9984414E-01   9.9987836E-01   9.9986940E-01
    9.9984560E-01   9.9984560E-01   9.9984560E-01   9.9984608E-01   9.9984315E-01
    9.9984315E-01   9.9984315E-01   9.9985426E-01   9.9985426E-01   9.9985426E-01
    9.9985896E-01   9.9986803E-01   9.9983535E-01   9.9983535E-01   9.9983535E-01
    9.9982605E-01   9.9985110E-01   9.9985110E-01   9.9985110E-01   9.9986327E-01
    9.9985579E-01   9.9992610E-01   9.9983275E-01   9.9989324E-01   9.9989324E-01
    9.9989324E-01   9.9983611E-01   9.9988683E-01   9.9988683E-01   9.9988683E-01
    9.9984090E-01

 1.6766984859E+02   2.2413084E+11   1.4622659E+15   7.5960338E+00   8.5176757E-01   7.7757049E-04   9.9997538E-01    70 
    9.9825597E-01   9.9826480E-01   9.9826480E-01   9.9826480E-01   9.9827237E-01
    9.9821902E-01   9.9821902E-01   9.9821902E-01   9.9822672E-01   9.9818599E-01
    9.9891836E-01   9.9862197E-01   9.9935705E-01   9.9932260E-01   9.9932260E-01
    9.9932260E-01   9.9909307E-01   9.9909307E-01   9.9909307E-01   9.9867066E-01
    9.9854747E-01   9.9854747E-01   9.9854747E-01   9.9852824E-01   9.9890129E-01
    9.9929978E-01   9.9929978E-01   9.9929978E-01   9.9932542E-01   9.9933414E-01
    9.9933414E-01   9.9933414E-01   9.9936997E-01   9.9936997E-01   9.9936997E-01
    9.9852703E-01   9.9895190E-01   9.9861648E-01   9.9861648E-01   9.9861648E-01
    9.9884613E-01   9.9865099E-01   9.9865099E-01   9.9865099E-01   9.9857346E-01
    9.9855870E-01   9.9933834E-01   9.9908493E-01   9.9904672E-01   9.9904672E-01
    9.9904672E-01   9.9927030E-01   9.9954385E-01   9.9954385E-01   9.9954385E-01
    9.9908161E-01
