
   70                    !Number of depth points
 
 !Electron density
    1.702E+05   1.738E+05   1.812E+05   1.969E+05   2.326E+05   3.246E+05   6.195E+05   1.182E+06   2.254E+06   4.295E+06
    8.168E+06   1.548E+07   2.922E+07   5.497E+07   1.034E+08   1.950E+08   3.692E+08   6.993E+08   1.312E+09   2.473E+09
    4.662E+09   8.784E+09   1.643E+10   2.913E+10   4.411E+10   5.030E+10   4.700E+10   4.433E+10   4.673E+10   5.401E+10
    6.242E+10   8.007E+10   1.034E+11   1.383E+11   1.892E+11   2.641E+11   3.734E+11   5.317E+11   7.622E+11   1.098E+12
    1.587E+12   2.251E+12   3.058E+12   4.067E+12   5.347E+12   6.974E+12   9.031E+12   1.162E+13   1.483E+13   1.873E+13
    2.338E+13   2.872E+13   3.455E+13   4.055E+13   4.631E+13   5.176E+13   5.759E+13   6.543E+13   7.890E+13   1.013E+14
    1.368E+14   1.935E+14   2.802E+14   4.052E+14   5.801E+14   8.289E+14   1.119E+15   1.306E+15   1.410E+15   1.446E+15
 
 !Radius (10^10cm)
    3.982E+04   3.941E+04   3.860E+04   3.704E+04   3.409E+04   2.889E+04   2.097E+04   1.523E+04   1.109E+04   8.088E+03
    5.919E+03   4.354E+03   3.222E+03   2.402E+03   1.803E+03   1.366E+03   1.046E+03   8.143E+02   6.464E+02   5.237E+02
    4.342E+02   3.689E+02   3.214E+02   2.884E+02   2.654E+02   2.484E+02   2.353E+02   2.248E+02   2.145E+02   2.052E+02
    1.986E+02   1.978E+02   1.976E+02   1.974E+02   1.972E+02   1.970E+02   1.967E+02   1.964E+02   1.961E+02   1.957E+02
    1.953E+02   1.949E+02   1.945E+02   1.941E+02   1.937E+02   1.933E+02   1.929E+02   1.925E+02   1.920E+02   1.915E+02
    1.911E+02   1.905E+02   1.900E+02   1.894E+02   1.887E+02   1.879E+02   1.869E+02   1.856E+02   1.840E+02   1.822E+02
    1.803E+02   1.782E+02   1.762E+02   1.743E+02   1.724E+02   1.705E+02   1.689E+02   1.681E+02   1.676E+02   1.675E+02
 
 !Temperature (10^4 K)
    9.259E-01   9.272E-01   9.298E-01   9.351E-01   9.469E-01   9.744E-01   1.042E+00   1.118E+00   1.191E+00   1.251E+00
    1.296E+00   1.330E+00   1.361E+00   1.394E+00   1.437E+00   1.491E+00   1.532E+00   1.561E+00   1.599E+00   1.645E+00
    1.699E+00   1.739E+00   1.823E+00   1.894E+00   1.944E+00   1.975E+00   1.989E+00   1.988E+00   1.987E+00   2.001E+00
    2.013E+00   1.971E+00   1.953E+00   1.937E+00   1.925E+00   1.918E+00   1.915E+00   1.911E+00   1.900E+00   1.884E+00
    1.873E+00   1.875E+00   1.889E+00   1.911E+00   1.941E+00   1.980E+00   2.028E+00   2.086E+00   2.157E+00   2.242E+00
    2.342E+00   2.461E+00   2.597E+00   2.748E+00   2.915E+00   3.100E+00   3.305E+00   3.530E+00   3.782E+00   4.067E+00
    4.389E+00   4.749E+00   5.148E+00   5.589E+00   6.075E+00   6.614E+00   7.109E+00   7.381E+00   7.521E+00   7.570E+00
 
   1.     HYD                           !Atomic Number and descriptor.
    1.000E+00   1.000E+00   1.000E+00   1.000E+00   1.000E+00   1.000E+00   1.000E+00   1.000E+00   1.000E+00   1.000E+00
    1.000E+00   1.000E+00   1.000E+00   1.000E+00   1.000E+00   1.000E+00   1.000E+00   1.000E+00   1.000E+00   1.000E+00
    1.000E+00   1.000E+00   1.000E+00   1.000E+00   1.000E+00   1.000E+00   1.000E+00   1.000E+00   1.000E+00   1.000E+00
    1.000E+00   1.000E+00   1.000E+00   1.000E+00   1.000E+00   1.000E+00   1.000E+00   1.000E+00   1.000E+00   1.000E+00
    1.000E+00   1.000E+00   1.000E+00   1.000E+00   1.000E+00   1.000E+00   1.000E+00   1.000E+00   1.000E+00   1.000E+00
    1.000E+00   1.000E+00   1.000E+00   1.000E+00   1.000E+00   1.000E+00   1.000E+00   1.000E+00   1.000E+00   1.000E+00
    1.000E+00   1.000E+00   1.000E+00   1.000E+00   1.000E+00   1.000E+00   1.000E+00   1.000E+00   1.000E+00   1.000E+00
 
   2.     HE                            !Atomic Number and descriptor.
    1.010E+00   1.010E+00   1.010E+00   1.010E+00   1.011E+00   1.011E+00   1.012E+00   1.013E+00   1.014E+00   1.015E+00
    1.016E+00   1.016E+00   1.016E+00   1.017E+00   1.017E+00   1.017E+00   1.017E+00   1.016E+00   1.015E+00   1.014E+00
    1.012E+00   1.010E+00   1.007E+00   1.004E+00   1.002E+00   1.001E+00   1.000E+00   1.000E+00   1.000E+00   1.000E+00
    1.000E+00   1.000E+00   1.000E+00   1.000E+00   1.000E+00   1.000E+00   1.000E+00   9.999E-01   9.999E-01   9.999E-01
    9.998E-01   9.998E-01   9.998E-01   9.998E-01   9.998E-01   9.998E-01   9.998E-01   9.999E-01   1.000E+00   1.000E+00
    1.001E+00   1.003E+00   1.010E+00   1.032E+00   1.103E+00   1.286E+00   1.578E+00   1.815E+00   1.929E+00   1.973E+00
    1.989E+00   1.995E+00   1.998E+00   1.999E+00   1.999E+00   2.000E+00   2.000E+00   2.000E+00   2.000E+00   2.000E+00
 
   6.     CARB                          !Atomic Number and descriptor.
    2.086E+00   2.086E+00   2.086E+00   2.086E+00   2.087E+00   2.089E+00   2.094E+00   2.099E+00   2.104E+00   2.108E+00
    2.110E+00   2.112E+00   2.113E+00   2.114E+00   2.116E+00   2.118E+00   2.119E+00   2.118E+00   2.119E+00   2.120E+00
    2.119E+00   2.110E+00   2.100E+00   2.079E+00   2.061E+00   2.055E+00   2.058E+00   2.063E+00   2.067E+00   2.075E+00
    2.080E+00   2.051E+00   2.037E+00   2.026E+00   2.018E+00   2.012E+00   2.008E+00   2.006E+00   2.004E+00   2.003E+00
    2.002E+00   2.001E+00   2.001E+00   2.001E+00   2.002E+00   2.004E+00   2.006E+00   2.011E+00   2.020E+00   2.039E+00
    2.081E+00   2.171E+00   2.345E+00   2.587E+00   2.799E+00   2.926E+00   3.002E+00   3.105E+00   3.316E+00   3.607E+00
    3.825E+00   3.929E+00   3.970E+00   3.987E+00   3.994E+00   3.997E+00   3.998E+00   3.999E+00   3.999E+00   3.999E+00
 
   7.     NIT                           !Atomic Number and descriptor.
    2.234E+00   2.234E+00   2.234E+00   2.234E+00   2.234E+00   2.235E+00   2.236E+00   2.237E+00   2.238E+00   2.238E+00
    2.238E+00   2.236E+00   2.234E+00   2.231E+00   2.227E+00   2.221E+00   2.213E+00   2.202E+00   2.190E+00   2.177E+00
    2.159E+00   2.134E+00   2.104E+00   2.071E+00   2.046E+00   2.034E+00   2.026E+00   2.022E+00   2.019E+00   2.018E+00
    2.017E+00   2.011E+00   2.007E+00   2.004E+00   2.002E+00   1.999E+00   1.998E+00   1.996E+00   1.994E+00   1.993E+00
    1.992E+00   1.992E+00   1.991E+00   1.991E+00   1.992E+00   1.992E+00   1.994E+00   1.995E+00   1.998E+00   2.003E+00
    2.012E+00   2.032E+00   2.083E+00   2.201E+00   2.423E+00   2.689E+00   2.872E+00   2.957E+00   3.009E+00   3.103E+00
    3.326E+00   3.635E+00   3.864E+00   4.019E+00   4.225E+00   4.525E+00   4.745E+00   4.824E+00   4.855E+00   4.865E+00
 
   8.     OXY                           !Atomic Number and descriptor.
    2.010E+00   2.010E+00   2.010E+00   2.010E+00   2.010E+00   2.011E+00   2.012E+00   2.014E+00   2.015E+00   2.016E+00
    2.016E+00   2.017E+00   2.017E+00   2.017E+00   2.017E+00   2.018E+00   2.018E+00   2.016E+00   2.015E+00   2.012E+00
    2.010E+00   2.005E+00   2.001E+00   1.996E+00   1.992E+00   1.991E+00   1.992E+00   1.994E+00   1.994E+00   1.994E+00
    1.994E+00   1.992E+00   1.989E+00   1.985E+00   1.980E+00   1.972E+00   1.963E+00   1.952E+00   1.940E+00   1.927E+00
    1.915E+00   1.906E+00   1.902E+00   1.902E+00   1.906E+00   1.915E+00   1.928E+00   1.942E+00   1.958E+00   1.972E+00
    1.983E+00   1.993E+00   2.004E+00   2.028E+00   2.096E+00   2.273E+00   2.566E+00   2.810E+00   2.931E+00   2.994E+00
    3.076E+00   3.268E+00   3.569E+00   3.819E+00   3.964E+00   4.106E+00   4.304E+00   4.434E+00   4.500E+00   4.523E+00
 
  14.     SIL                           !Atomic Number and descriptor.
    2.924E+00   2.924E+00   2.924E+00   2.925E+00   2.927E+00   2.932E+00   2.942E+00   2.953E+00   2.963E+00   2.969E+00
    2.973E+00   2.974E+00   2.973E+00   2.973E+00   2.975E+00   2.981E+00   2.995E+00   3.026E+00   3.069E+00   3.100E+00
    3.117E+00   3.109E+00   3.096E+00   3.080E+00   3.072E+00   3.078E+00   3.089E+00   3.091E+00   3.086E+00   3.085E+00
    3.079E+00   3.040E+00   3.022E+00   3.007E+00   2.993E+00   2.980E+00   2.969E+00   2.960E+00   2.951E+00   2.943E+00
    2.937E+00   2.937E+00   2.941E+00   2.948E+00   2.956E+00   2.965E+00   2.976E+00   2.989E+00   3.006E+00   3.032E+00
    3.083E+00   3.184E+00   3.364E+00   3.602E+00   3.804E+00   3.919E+00   3.968E+00   3.987E+00   3.995E+00   3.998E+00
    3.999E+00   3.999E+00   4.000E+00   4.000E+00   4.000E+00   4.000E+00   4.000E+00   4.000E+00   4.000E+00   4.000E+00
 
  26.     IRON                          !Atomic Number and descriptor.
    3.036E+00   3.037E+00   3.037E+00   3.039E+00   3.041E+00   3.048E+00   3.065E+00   3.085E+00   3.105E+00   3.122E+00
    3.137E+00   3.151E+00   3.166E+00   3.183E+00   3.202E+00   3.219E+00   3.227E+00   3.230E+00   3.229E+00   3.216E+00
    3.195E+00   3.152E+00   3.127E+00   3.084E+00   3.049E+00   3.030E+00   3.017E+00   3.009E+00   3.005E+00   3.004E+00
    3.003E+00   3.001E+00   2.999E+00   2.998E+00   2.995E+00   2.993E+00   2.989E+00   2.986E+00   2.982E+00   2.978E+00
    2.974E+00   2.971E+00   2.970E+00   2.970E+00   2.971E+00   2.973E+00   2.977E+00   2.981E+00   2.986E+00   2.991E+00
    2.998E+00   3.009E+00   3.037E+00   3.110E+00   3.285E+00   3.568E+00   3.813E+00   3.941E+00   4.023E+00   4.165E+00
    4.443E+00   4.734E+00   4.907E+00   5.013E+00   5.166E+00   5.436E+00   5.677E+00   5.773E+00   5.811E+00   5.824E+00
