
 24-FEB-2004                           !Format date

 2.9664691102E+02     2.4160E+05       64       70

 5.5516015666E+04   2.7514499E-03   1.3434690E+06   9.5277765E-01   1.8172859E+02   6.3606564E+02   5.0000001E-02     1 
    1.1810733E-24   1.1810733E-24   3.3208303E-27   3.3208303E-27   3.3208303E-27
    2.1284906E-26   2.1284906E-26   4.4281753E-26   1.2483151E-25   1.2483151E-25
    1.4691402E-28   1.3371351E-25   1.3371351E-25   1.4043067E-23   1.4043067E-23
    4.0613035E-19   3.4552235E-16   3.4552235E-16   9.7184178E-16   9.7184178E-16
    1.1047978E-20   1.1047978E-20   1.1047978E-20   1.3985133E-13   1.3985133E-13
    1.3130713E-12   1.3130713E-12   3.4985120E-17   3.4985120E-17   3.4985120E-17
    3.4985120E-17   2.2758912E-17   2.5829588E-17   2.5829588E-17   2.5829588E-17
    1.1724214E-11   1.1724214E-11   1.3457744E-10   1.7368413E-10   9.9305364E-16
    9.9305364E-16   9.9305364E-16   9.9305364E-16   1.6964487E-17   1.6964487E-17
    1.6964487E-17   1.6964487E-17   1.1243249E-09   1.1243249E-09   6.2839323E-12
    6.2839323E-12   1.1358003E-17   1.1358003E-17   1.1358003E-17   3.9537637E-10
    3.9537637E-10   3.8790126E-10   3.8790126E-10   9.6422377E-10   9.6422377E-10
    1.2503527E-10   1.2503527E-10   3.8678230E-10   3.8678230E-10

 5.4999816753E+04   2.8199967E-03   1.3693407E+06   9.5318379E-01   1.8109003E+02   6.3601124E+02   5.0000001E-02     2 
    1.2027719E-24   1.2027719E-24   3.4299616E-27   3.4299616E-27   3.4299616E-27
    2.1899709E-26   2.1899709E-26   4.5458773E-26   1.2803320E-25   1.2803320E-25
    1.5302378E-28   1.3712309E-25   1.3712309E-25   1.4366361E-23   1.4366361E-23
    4.1338204E-19   3.5093723E-16   3.5093723E-16   9.8522576E-16   9.8522576E-16
    1.1397037E-20   1.1397037E-20   1.1397037E-20   1.4146774E-13   1.4146774E-13
    1.3232506E-12   1.3232506E-12   3.6021347E-17   3.6021347E-17   3.6021347E-17
    3.6021347E-17   2.3424271E-17   2.6577163E-17   2.6577163E-17   2.6577163E-17
    1.1837977E-11   1.1837977E-11   1.3591182E-10   1.7508778E-10   1.0206997E-15
    1.0206997E-15   1.0206997E-15   1.0206997E-15   1.7447559E-17   1.7447559E-17
    1.7447559E-17   1.7447559E-17   1.1340379E-09   1.1340379E-09   6.3392491E-12
    6.3392491E-12   1.1663963E-17   1.1663963E-17   1.1663963E-17   3.9836480E-10
    3.9836480E-10   3.9102619E-10   3.9102619E-10   9.7173815E-10   9.7173815E-10
    1.2605576E-10   1.2605576E-10   3.8989165E-10   3.8989165E-10

 5.3981021483E+04   2.9640172E-03   1.4229443E+06   9.5388671E-01   1.7970232E+02   6.3590055E+02   5.0000001E-02     3 
    1.2325288E-24   1.2325288E-24   3.6201589E-27   3.6201589E-27   3.6201589E-27
    2.2958533E-26   2.2958533E-26   4.7474568E-26   1.3350673E-25   1.3350673E-25
    1.6471309E-28   1.4322147E-25   1.4322147E-25   1.4942752E-23   1.4942752E-23
    4.2623333E-19   3.6049367E-16   3.6049367E-16   1.0090474E-15   1.0090474E-15
    1.2089958E-20   1.2089958E-20   1.2089958E-20   1.4430431E-13   1.4430431E-13
    1.3393156E-12   1.3393156E-12   3.8080448E-17   3.8080448E-17   3.8080448E-17
    3.8080448E-17   2.4747216E-17   2.8064620E-17   2.8064620E-17   2.8064620E-17
    1.2036632E-11   1.2036632E-11   1.3824942E-10   1.7747772E-10   1.0758225E-15
    1.0758225E-15   1.0758225E-15   1.0758225E-15   1.8432411E-17   1.8432411E-17
    1.8432411E-17   1.8432411E-17   1.1510284E-09   1.1510284E-09   6.4360315E-12
    6.4360315E-12   1.2270965E-17   1.2270965E-17   1.2270965E-17   4.0353755E-10
    4.0353755E-10   3.9648778E-10   3.9648778E-10   9.8486760E-10   9.8486760E-10
    1.2783966E-10   1.2783966E-10   3.9532652E-10   3.9532652E-10

 5.2002788031E+04   3.2854853E-03   1.5370537E+06   9.5505499E-01   1.7637254E+02   6.3567395E+02   5.0000001E-02     4 
    1.2588805E-24   1.2588805E-24   3.9326722E-27   3.9326722E-27   3.9326722E-27
    2.4657461E-26   2.4657461E-26   5.0671282E-26   1.4215508E-25   1.4215508E-25
    1.8721243E-28   1.5393283E-25   1.5393283E-25   1.5949738E-23   1.5949738E-23
    4.4845020E-19   3.7690332E-16   3.7690332E-16   1.0503975E-15   1.0503975E-15
    1.3506200E-20   1.3506200E-20   1.3506200E-20   1.4912851E-13   1.4912851E-13
    1.3605875E-12   1.3605875E-12   4.2292271E-17   4.2292271E-17   4.2292271E-17
    4.2292271E-17   2.7454862E-17   3.1110340E-17   3.1110340E-17   3.1110340E-17
    1.2371460E-11   1.2371460E-11   1.4221428E-10   1.8127548E-10   1.1888948E-15
    1.1888948E-15   1.1888948E-15   1.1888948E-15   2.0471212E-17   2.0471212E-17
    2.0471212E-17   2.0471212E-17   1.1797781E-09   1.1797781E-09   6.5998585E-12
    6.5998585E-12   1.3527554E-17   1.3527554E-17   1.3527554E-17   4.1210837E-10
    4.1210837E-10   4.0571629E-10   4.0571629E-10   1.0070418E-09   1.0070418E-09
    1.3085493E-10   1.3085493E-10   4.0451133E-10   4.0451133E-10

 4.8262430499E+04   4.0764687E-03   1.7948021E+06   9.5692652E-01   1.6841925E+02   6.3519710E+02   5.0000001E-02     5 
    1.2409617E-24   1.2409617E-24   4.4084993E-27   4.4084993E-27   4.4084993E-27
    2.7126469E-26   2.7126469E-26   5.5212817E-26   1.5436252E-25   1.5436252E-25
    2.3247503E-28   1.7270062E-25   1.7270062E-25   1.7698675E-23   1.7698675E-23
    4.8639604E-19   4.0461547E-16   4.0461547E-16   1.1211077E-15   1.1211077E-15
    1.6622271E-20   1.6622271E-20   1.6622271E-20   1.5714960E-13   1.5714960E-13
    1.3802438E-12   1.3802438E-12   5.1538352E-17   5.1538352E-17   5.1538352E-17
    5.1538352E-17   3.3400149E-17   3.7799063E-17   3.7799063E-17   3.7799063E-17
    1.2920555E-11   1.2920555E-11   1.4877843E-10   1.8684558E-10   1.4373678E-15
    1.4373678E-15   1.4373678E-15   1.4373678E-15   2.5024787E-17   2.5024787E-17
    2.5024787E-17   2.5024787E-17   1.2271925E-09   1.2271925E-09   6.8702009E-12
    6.8702009E-12   1.6319363E-17   1.6319363E-17   1.6319363E-17   4.2577261E-10
    4.2577261E-10   4.2090076E-10   4.2090076E-10   1.0434984E-09   1.0434984E-09
    1.3581885E-10   1.3581885E-10   4.1962787E-10   4.1962787E-10

 4.1558809484E+04   6.3939047E-03   2.4493448E+06   9.6008041E-01   1.5142887E+02   6.3411428E+02   5.0000001E-02     6 
    1.1183281E-24   1.1183281E-24   5.1753605E-27   5.1753605E-27   5.1753605E-27
    3.0813900E-26   3.0813900E-26   6.1773897E-26   1.7189309E-25   1.7189309E-25
    3.4020587E-28   2.0941248E-25   2.0941248E-25   2.1068770E-23   2.1068770E-23
    5.5746595E-19   4.5563862E-16   4.5563862E-16   1.2537113E-15   1.2537113E-15
    2.4755097E-20   2.4755097E-20   2.4755097E-20   1.7154585E-13   1.7154585E-13
    1.3893709E-12   1.3893709E-12   7.5416276E-17   7.5416276E-17   7.5416276E-17
    7.5416276E-17   4.8735557E-17   5.5037776E-17   5.5037776E-17   5.5037776E-17
    1.3889589E-11   1.3889589E-11   1.6046465E-10   1.9546643E-10   2.0755006E-15
    2.0755006E-15   2.0755006E-15   2.0755006E-15   3.7078626E-17   3.7078626E-17
    3.7078626E-17   3.7078626E-17   1.3110189E-09   1.3110189E-09   7.3485907E-12
    7.3485907E-12   2.3540438E-17   2.3540438E-17   2.3540438E-17   4.4913536E-10
    4.4913536E-10   4.4764220E-10   4.4764220E-10   1.1076206E-09   1.1076206E-09
    1.4456862E-10   1.4456862E-10   4.4626184E-10   4.4626184E-10

 3.1131609873E+04   1.5239232E-02   4.4510326E+06   9.6534406E-01   1.2325535E+02   6.3151959E+02   5.0000001E-02     7 
    8.4103340E-25   8.4103340E-25   6.5451125E-27   6.5451125E-27   6.5451125E-27
    3.6704683E-26   3.6704683E-26   7.2030061E-26   1.9932797E-25   1.9932797E-25
    6.7268644E-28   2.8820564E-25   2.8820564E-25   2.8113357E-23   2.8113357E-23
    6.9892785E-19   5.5460128E-16   5.5460128E-16   1.5160509E-15   1.5160509E-15
    5.2054208E-20   5.2054208E-20   5.2054208E-20   1.9831442E-13   1.9831442E-13
    1.3887271E-12   1.3887271E-12   1.5374682E-16   1.5374682E-16   1.5374682E-16
    1.5374682E-16   9.8888469E-17   1.1129252E-16   1.1129252E-16   1.1129252E-16
    1.5657240E-11   1.5657240E-11   1.8185708E-10   2.1004157E-10   4.1389730E-15
    4.1389730E-15   4.1389730E-15   4.1389730E-15   7.8260007E-17   7.8260007E-17
    7.8260007E-17   7.8260007E-17   1.4625681E-09   1.4625681E-09   8.2146636E-12
    8.2146636E-12   4.7074614E-17   4.7074614E-17   4.7074614E-17   4.9069640E-10
    4.9069640E-10   4.9566826E-10   4.9566826E-10   1.2225450E-09   1.2225450E-09
    1.6030641E-10   1.6030641E-10   4.9413428E-10   4.9413428E-10

 2.3353948204E+04   3.6078429E-02   8.0393807E+06   9.7070782E-01   1.0163296E+02   6.2814680E+02   5.0000001E-02     8 
    6.4733176E-25   6.4733176E-25   8.4450179E-27   8.4450179E-27   8.4450179E-27
    4.4386104E-26   4.4386104E-26   8.5502306E-26   2.3622160E-25   2.3622160E-25
    1.3517103E-27   3.9807279E-25   3.9807279E-25   3.7614264E-23   3.7614264E-23
    8.7829100E-19   6.7642169E-16   6.7642169E-16   1.8415593E-15   1.8415593E-15
    1.0946704E-19   1.0946704E-19   1.0946704E-19   2.2959850E-13   2.2959850E-13
    1.4164061E-12   1.4164061E-12   3.1306672E-16   3.1306672E-16   3.1306672E-16
    3.1306672E-16   2.0041013E-16   2.2477693E-16   2.2477693E-16   2.2477693E-16
    1.7688901E-11   1.7688901E-11   2.0633589E-10   2.2747794E-10   8.2427276E-15
    8.2427276E-15   8.2427276E-15   8.2427276E-15   1.6604945E-16   1.6604945E-16
    1.6604945E-16   1.6604945E-16   1.6332162E-09   1.6332162E-09   9.1913820E-12
    9.1913820E-12   9.4193242E-17   9.4193242E-17   9.4193242E-17   5.3796815E-10
    5.3796815E-10   5.4929153E-10   5.4929153E-10   1.3505529E-09   1.3505529E-09
    1.7791213E-10   1.7791213E-10   5.4764622E-10   5.4764622E-10

 1.7528425676E+04   8.4779084E-02   1.4488280E+07   9.7621007E-01   8.5026669E+01   6.2364807E+02   5.0000001E-02     9 
    5.1049003E-25   5.1049003E-25   1.1150797E-26   1.1150797E-26   1.1150797E-26
    5.4662324E-26   5.4662324E-26   1.0365630E-25   2.8723554E-25   2.8723554E-25
    2.7726471E-27   5.5304111E-25   5.5304111E-25   5.0557649E-23   5.0557649E-23
    1.1079566E-18   8.2769783E-16   8.2769783E-16   2.2497724E-15   2.2497724E-15
    2.3116501E-19   2.3116501E-19   2.3116501E-19   2.6645192E-13   2.6645192E-13
    1.4715761E-12   1.4715761E-12   6.3913516E-16   6.3913516E-16   6.3913516E-16
    6.3913516E-16   4.0718056E-16   4.5512542E-16   4.5512542E-16   4.5512542E-16
    2.0037895E-11   2.0037895E-11   2.3456688E-10   2.4824063E-10   1.6452425E-14
    1.6452425E-14   1.6452425E-14   1.6452425E-14   3.5527001E-16   3.5527001E-16
    3.5527001E-16   3.5527001E-16   1.8269274E-09   1.8269274E-09   1.0301505E-11
    1.0301505E-11   1.8913688E-16   1.8913688E-16   1.8913688E-16   5.9184275E-10
    5.9184275E-10   6.0962268E-10   6.0962268E-10   1.4942585E-09   1.4942585E-09
    1.9775973E-10   1.9775973E-10   6.0792812E-10   6.0792812E-10

 1.3164778184E+04   1.9704510E-01   2.6085100E+07   9.8178451E-01   7.2275653E+01   6.1764110E+02   5.0000001E-02    10 
    4.0981904E-25   4.0981904E-25   1.4971790E-26   1.4971790E-26   1.4971790E-26
    6.8094800E-26   6.8094800E-26   1.2776267E-25   3.5721088E-25   3.5721088E-25
    5.7774256E-27   7.6990227E-25   7.6990227E-25   6.8016007E-23   6.8016007E-23
    1.3992392E-18   1.0135227E-15   1.0135227E-15   2.7607708E-15   2.7607708E-15
    4.8912227E-19   4.8912227E-19   4.8912227E-19   3.0936322E-13   3.0936322E-13
    1.5516528E-12   1.5516528E-12   1.3054407E-15   1.3054407E-15   1.3054407E-15
    1.3054407E-15   8.2766995E-16   9.2201541E-16   9.2201541E-16   9.2201541E-16
    2.2717765E-11   2.2717765E-11   2.6674938E-10   2.7231711E-10   3.2852994E-14
    3.2852994E-14   3.2852994E-14   3.2852994E-14   7.6523073E-16   7.6523073E-16
    7.6523073E-16   7.6523073E-16   2.0444117E-09   2.0444117E-09   1.1548644E-11
    1.1548644E-11   3.8058630E-16   3.8058630E-16   3.8058630E-16   6.5223470E-10
    6.5223470E-10   6.7670591E-10   6.7670591E-10   1.6537747E-09   1.6537747E-09
    2.1987416E-10   2.1987416E-10   6.7505090E-10   6.7505090E-10

 9.9133163106E+03   4.4967380E-01   4.6801851E+07   9.8747556E-01   6.2492251E+01   6.0968315E+02   5.0000001E-02    11 
    3.3748808E-25   3.3748808E-25   2.0507419E-26   2.0507419E-26   2.0507419E-26
    8.5883468E-26   8.5883468E-26   1.6064594E-25   4.5655591E-25   4.5655591E-25
    1.2210984E-26   1.0771806E-24   1.0771806E-24   9.1796089E-23   9.1796089E-23
    1.7724668E-18   1.2438950E-15   1.2438950E-15   3.4108479E-15   3.4108479E-15
    1.0334779E-18   1.0334779E-18   1.0334779E-18   3.5974575E-13   3.5974575E-13
    1.6593182E-12   1.6593182E-12   2.6574227E-15   2.6574227E-15   2.6574227E-15
    2.6574227E-15   1.6766569E-15   1.8615724E-15   1.8615724E-15   1.8615724E-15
    2.5799299E-11   2.5799299E-11   3.0374357E-10   3.0027494E-10   6.5367654E-14
    6.5367654E-14   6.5367654E-14   6.5367654E-14   1.6528442E-15   1.6528442E-15
    1.6528442E-15   1.6528442E-15   2.2909090E-09   2.2909090E-09   1.2961297E-11
    1.2961297E-11   7.6459423E-16   7.6459423E-16   7.6459423E-16   7.2033052E-10
    7.2033052E-10   7.5190628E-10   7.5190628E-10   1.8324509E-09   1.8324509E-09
    2.4471723E-10   2.4471723E-10   7.5041345E-10   7.5041345E-10

 7.5049421294E+03   9.9915203E-01   8.3333635E+07   9.9336979E-01   5.4980073E+01   5.9931713E+02   5.0000002E-02    12 
    2.8860393E-25   2.8860393E-25   2.8841630E-26   2.8841630E-26   2.8841630E-26
    1.1005507E-25   1.1005507E-25   2.0735345E-25   6.0411026E-25   6.0411026E-25
    2.6157949E-26   1.5230198E-24   1.5230198E-24   1.2483882E-22   1.2483882E-22
    2.2600753E-18   1.5348005E-15   1.5348005E-15   4.2558832E-15   4.2558832E-15
    2.1732464E-18   2.1732464E-18   2.1732464E-18   4.1988956E-13   4.1988956E-13
    1.8000604E-12   1.8000604E-12   5.3703349E-15   5.3703349E-15   5.3703349E-15
    5.3703349E-15   3.3714368E-15   3.7308136E-15   3.7308136E-15   3.7308136E-15
    2.9397530E-11   2.9397530E-11   3.4697130E-10   3.3308657E-10   1.2904822E-13
    1.2904822E-13   1.2904822E-13   1.2904822E-13   3.5614158E-15   3.5614158E-15
    3.5614158E-15   3.5614158E-15   2.5752640E-09   2.5752640E-09   1.4587412E-11
    1.4587412E-11   1.5271288E-15   1.5271288E-15   1.5271288E-15   7.9821375E-10
    7.9821375E-10   8.3755564E-10   8.3755564E-10   2.0360726E-09   2.0360726E-09
    2.7307495E-10   2.7307495E-10   8.3639978E-10   8.3639978E-10

 5.7196363975E+03   2.1553327E+00   1.4702766E+08   9.9945232E-01   4.9139777E+01   5.8621522E+02   5.0000003E-02    13 
    2.5577661E-25   2.5577661E-25   4.1483374E-26   4.1483374E-26   4.1483374E-26
    1.4282150E-25   1.4282150E-25   2.7469425E-25   8.2804850E-25   8.2804850E-25
    5.6453011E-26   2.1760494E-24   2.1760494E-24   1.7092472E-22   1.7092472E-22
    2.8989673E-18   1.9028208E-15   1.9028208E-15   5.3609886E-15   5.3609886E-15
    4.5316277E-18   4.5316277E-18   4.5316277E-18   4.9163138E-13   4.9163138E-13
    1.9754220E-12   1.9754220E-12   1.0733142E-14   1.0733142E-14   1.0733142E-14
    1.0733142E-14   6.7038407E-15   7.3939045E-15   7.3939045E-15   7.3939045E-15
    3.3588552E-11   3.3588552E-11   3.9743019E-10   3.7124922E-10   2.5184275E-13
    2.5184275E-13   2.5184275E-13   2.5184275E-13   7.6201597E-15   7.6201597E-15
    7.6201597E-15   7.6201597E-15   2.9030117E-09   2.9030117E-09   1.6456735E-11
    1.6456735E-11   3.0218032E-15   3.0218032E-15   3.0218032E-15   8.8697230E-10
    8.8697230E-10   9.3494706E-10   9.3494706E-10   2.2680456E-09   2.2680456E-09
    3.0539510E-10   3.0539510E-10   9.3437327E-10   9.3437327E-10

 4.3799429870E+03   4.5471191E+00   2.5830250E+08   1.0060271E+00   4.4429226E+01   5.7004763E+02   5.0000005E-02    14 
    2.3914250E-25   2.3914250E-25   6.2176314E-26   6.2176314E-26   6.2176314E-26
    1.9105627E-25   1.9105627E-25   3.8114274E-25   1.2006915E-24   1.2006915E-24
    1.2470856E-25   3.2007768E-24   3.2007768E-24   2.3926873E-22   2.3926873E-22
    3.7850868E-18   2.3952311E-15   2.3952311E-15   6.8821696E-15   6.8821696E-15
    9.4676113E-18   9.4676113E-18   9.4676113E-18   5.8184045E-13   5.8184045E-13
    2.2019675E-12   2.2019675E-12   2.1393890E-14   2.1393890E-14   2.1393890E-14
    2.1393890E-14   1.3289718E-14   1.4607102E-14   1.4607102E-14   1.4607102E-14
    3.8727970E-11   3.8727970E-11   4.5945891E-10   4.1783241E-10   4.8939440E-13
    4.8939440E-13   4.8939440E-13   4.8939440E-13   1.6317096E-14   1.6317096E-14
    1.6317096E-14   1.6317096E-14   3.2996225E-09   3.2996225E-09   1.8718453E-11
    1.8718453E-11   5.9695021E-15   5.9695021E-15   5.9695021E-15   9.9328555E-10
    9.9328555E-10   1.0514384E-09   1.0514384E-09   2.5458398E-09   2.5458398E-09
    3.4414985E-10   3.4414985E-10   1.0518329E-09   1.0518329E-09

 3.3651900108E+03   9.3975403E+00   4.5477557E+08   1.0132992E+00   4.0607754E+01   5.4924027E+02   5.0000011E-02    15 
    2.3813798E-25   2.3813798E-25   9.8121665E-26   9.8121665E-26   9.8121665E-26
    2.6436122E-25   2.6436122E-25   5.6015988E-25   1.8558726E-24   1.8558726E-24
    2.8459812E-25   4.9102868E-24   4.9102868E-24   3.4583609E-22   3.4583609E-22
    5.0665225E-18   3.0802746E-15   3.0802746E-15   9.0506146E-15   9.0506146E-15
    1.9898981E-17   1.9898981E-17   1.9898981E-17   6.9930891E-13   6.9930891E-13
    2.4994553E-12   2.4994553E-12   4.2637254E-14   4.2637254E-14   4.2637254E-14
    4.2637254E-14   2.6328174E-14   2.8831649E-14   2.8831649E-14   2.8831649E-14
    4.5243003E-11   4.5243003E-11   5.3828433E-10   4.7637107E-10   9.4873661E-13
    9.4873661E-13   9.4873661E-13   9.4873661E-13   3.5053618E-14   3.5053618E-14
    3.5053618E-14   3.5053618E-14   3.7935968E-09   3.7935968E-09   2.1543923E-11
    2.1543923E-11   1.1796687E-14   1.1796687E-14   1.1796687E-14   1.1245209E-09
    1.1245209E-09   1.1951576E-09   1.1951576E-09   2.8881804E-09   2.8881804E-09
    3.9209575E-10   3.9209575E-10   1.1971234E-09   1.1971234E-09

 2.5986728716E+03   1.8915129E+01   8.0237453E+08   1.0218653E+00   3.7514982E+01   5.2258394E+02   5.0000026E-02    16 
    2.6543693E-25   2.6543693E-25   1.6950565E-25   1.6950565E-25   1.6950565E-25
    3.9018567E-25   3.9018567E-25   9.0534351E-25   3.1451799E-24   3.1451799E-24
    6.8644103E-25   8.1259912E-24   8.1259912E-24   5.3100085E-22   5.3100085E-22
    7.1026526E-18   4.1232075E-15   4.1232075E-15   1.2377638E-14   1.2377638E-14
    4.2343335E-17   4.2343335E-17   4.2343335E-17   8.6565613E-13   8.6565613E-13
    2.9229034E-12   2.9229034E-12   8.5266162E-14   8.5266162E-14   8.5266162E-14
    8.5266162E-14   5.2286443E-14   5.7016569E-14   5.7016569E-14   5.7016569E-14
    5.4195076E-11   5.4195076E-11   6.4688414E-10   5.5596762E-10   1.8375880E-12
    1.8375880E-12   1.8375880E-12   1.8375880E-12   7.5536027E-14   7.5536027E-14
    7.5536027E-14   7.5536027E-14   4.4578283E-09   4.4578283E-09   2.5362157E-11
    2.5362157E-11   2.3335963E-14   2.3335963E-14   2.3335963E-14   1.2994291E-09
    1.2994291E-09   1.3866227E-09   1.3866227E-09   3.3422660E-09   3.3422660E-09
    4.5617852E-10   4.5617852E-10   1.3912409E-09   1.3912409E-09

 2.0219515955E+03   3.6863987E+01   1.4161719E+09   1.0327652E+00   3.5001398E+01   4.8946937E+02   5.0000078E-02    17 
    3.6041579E-25   3.6041579E-25   3.4200708E-25   3.4200708E-25   3.4200708E-25
    6.6246156E-25   6.6246156E-25   1.7091960E-24   6.1493388E-24   6.1493388E-24
    1.8161938E-24   1.5337903E-23   1.5337903E-23   9.0794264E-22   9.0794264E-22
    1.0813206E-17   5.9298988E-15   5.9298988E-15   1.8069475E-14   1.8069475E-14
    9.2180083E-17   9.2180083E-17   9.2180083E-17   1.1301239E-12   1.1301239E-12
    3.5945291E-12   3.5945291E-12   1.7204422E-13   1.7204422E-13   1.7204422E-13
    1.7204422E-13   1.0458598E-13   1.1344319E-13   1.1344319E-13   1.1344319E-13
    6.7916296E-11   6.7916296E-11   8.1392745E-10   6.7630123E-10   3.5632402E-12
    3.5632402E-12   3.5632402E-12   3.5632402E-12   1.6359500E-13   1.6359500E-13
    1.6359500E-13   1.6359500E-13   5.4515227E-09   5.4515227E-09   3.1098491E-11
    3.1098491E-11   4.6279815E-14   4.6279815E-14   4.6279815E-14   1.5577375E-09
    1.5577375E-09   1.6692988E-09   1.6692988E-09   4.0087132E-09   4.0087132E-09
    5.5117706E-10   5.5117706E-10   1.6788695E-09   1.6788695E-09

 1.5890822525E+03   6.9304085E+01   2.4833292E+09   1.0479068E+00   3.2885853E+01   4.5218784E+02   5.0000270E-02    18 
    6.9329411E-25   6.9329411E-25   9.1080050E-25   9.1080050E-25   9.1080050E-25
    1.5073578E-24   1.5073578E-24   4.2083348E-24   1.5471790E-23   1.5471790E-23
    5.7034081E-24   3.6415406E-23   3.6415406E-23   1.8780993E-21   1.8780993E-21
    1.9055919E-17   9.6898467E-15   9.6898467E-15   2.9499089E-14   2.9499089E-14
    2.1216224E-16   2.1216224E-16   2.1216224E-16   1.6221409E-12   1.6221409E-12
    4.8279429E-12   4.8279429E-12   3.5926573E-13   3.5926573E-13   3.5926573E-13
    3.5926573E-13   2.1584109E-13   2.3238666E-13   2.3238666E-13   2.3238666E-13
    9.2235482E-11   9.2235482E-11   1.1115230E-09   8.8536346E-10   7.0521443E-12
    7.0521443E-12   7.0521443E-12   7.0521443E-12   3.6126952E-13   3.6126952E-13
    3.6126952E-13   3.6126952E-13   7.1617877E-09   7.1617877E-09   4.1006131E-11
    4.1006131E-11   9.3694008E-14   9.3694008E-14   9.3694008E-14   1.9938484E-09
    1.9938484E-09   2.1463692E-09   2.1463692E-09   5.1272586E-09   5.1272586E-09
    7.1240002E-10   7.1240002E-10   2.1668748E-09   2.1668748E-09

 1.2589961863E+03   1.2521070E+02   4.3971407E+09   1.0707994E+00   3.1205038E+01   4.0702141E+02   5.0001218E-02    19 
    2.3972352E-24   2.3972352E-24   3.9266840E-24   3.9266840E-24   3.9266840E-24
    5.7550104E-24   5.7550104E-24   1.5945932E-23   5.8835311E-23   5.8835311E-23
    2.4540264E-23   1.2797554E-22   1.2797554E-22   5.4139123E-21   5.4139123E-21
    4.3335980E-17   1.9812352E-14   1.9812352E-14   5.8130899E-14   5.8130899E-14
    5.5312714E-16   5.5312714E-16   5.5312714E-16   2.7490423E-12   2.7490423E-12
    7.5387735E-12   7.5387735E-12   8.2421277E-13   8.2421277E-13   8.2421277E-13
    8.2421277E-13   4.8675963E-13   5.1811945E-13   5.1811945E-13   5.1811945E-13
    1.4416934E-10   1.4416934E-10   1.7522401E-09   1.3167845E-09   1.4965303E-11
    1.4965303E-11   1.4965303E-11   1.4965303E-11   8.4293493E-13   8.4293493E-13
    8.4293493E-13   8.4293493E-13   1.0670181E-08   1.0670181E-08   6.1420619E-11
    6.1420619E-11   2.0175596E-13   2.0175596E-13   2.0175596E-13   2.8631259E-09
    2.8631259E-09   3.0970204E-09   3.0970204E-09   7.3452798E-09   7.3452798E-09
    1.0363539E-09   1.0363539E-09   3.1477906E-09   3.1477906E-09

 1.0115579551E+03   2.1155454E+02   7.8350651E+09   1.1047242E+00   3.0016251E+01   3.5391576E+02   5.0007149E-02    20 
    1.7811921E-23   1.7811921E-23   3.1952785E-23   3.1952785E-23   3.1952785E-23
    4.1734944E-23   4.1734944E-23   1.0238604E-22   3.7178254E-22   3.7178254E-22
    1.6123734E-22   7.3678874E-22   7.3678874E-22   2.4012923E-20   2.4012923E-20
    1.3678438E-16   5.4154495E-14   5.4154495E-14   1.4427579E-13   1.4427579E-13
    1.6550956E-15   1.6550956E-15   1.6550956E-15   5.7754240E-12   5.7754240E-12
    1.4254138E-11   1.4254138E-11   2.0781778E-12   2.0781778E-12   2.0781778E-12
    2.0781778E-12   1.1981421E-12   1.2546403E-12   1.2546403E-12   1.2546403E-12
    2.7023154E-10   2.7023154E-10   3.3263661E-09   2.3053087E-09   3.3822197E-11
    3.3822197E-11   3.3822197E-11   3.3822197E-11   2.0951045E-12   2.0951045E-12
    2.0951045E-12   2.0951045E-12   1.8721359E-08   1.8721359E-08   1.0855196E-10
    1.0855196E-10   4.6053987E-13   4.6053987E-13   4.6053987E-13   4.7758356E-09
    4.7758356E-09   5.1866427E-09   5.1866427E-09   1.2198565E-08   1.2198565E-08
    1.7576427E-09   1.7576427E-09   5.3354538E-09   5.3354538E-09

 8.2754203535E+02   3.2391488E+02   1.3813640E+10   1.1534169E+00   2.9427389E+01   2.9978247E+02   5.0043444E-02    21 
    3.2676074E-22   3.2676074E-22   5.8449678E-22   5.8449678E-22   5.8449678E-22
    6.2328890E-22   6.2328890E-22   1.2507697E-21   4.2590510E-21   4.2590510E-21
    1.8903910E-21   7.4432749E-21   7.4432749E-21   1.7590062E-19   1.7590062E-19
    6.2919242E-16   2.0706619E-13   2.0706619E-13   4.6109453E-13   4.6109453E-13
    6.1071126E-15   6.1071126E-15   6.1071126E-15   1.5554740E-11   1.5554740E-11
    3.3653747E-11   3.3653747E-11   6.1635252E-12   6.1635252E-12   6.1635252E-12
    6.1635252E-12   3.4415485E-12   3.5250071E-12   3.5250071E-12   3.5250071E-12
    6.2483197E-10   6.2483197E-10   7.8277202E-09   4.8572765E-09   8.6716936E-11
    8.6716936E-11   8.6716936E-11   8.6716936E-11   5.8749035E-12   5.8749035E-12
    5.8749035E-12   5.8749035E-12   3.9752352E-08   3.9752352E-08   2.3254005E-10
    2.3254005E-10   1.1853028E-12   1.1853028E-12   1.1853028E-12   9.4869343E-09
    9.4869343E-09   1.0315293E-08   1.0315293E-08   2.4067030E-08   2.4067030E-08
    3.5625189E-09   3.5625189E-09   1.0832831E-08   1.0832831E-08

 6.8910112301E+02   4.2465299E+02   2.4359451E+10   1.2199185E+00   2.9956823E+01   2.4404010E+02   5.0278536E-02    22 
    1.4297334E-20   1.4297334E-20   2.4592076E-20   2.4592076E-20   2.4592076E-20
    1.9071083E-20   1.9071083E-20   2.9960084E-20   8.8075269E-20   8.8075269E-20
    4.1209811E-20   1.3338042E-19   1.3338042E-19   2.0687376E-18   2.0687376E-18
    4.1291390E-15   1.0906238E-12   1.0906238E-12   1.8207098E-12   1.8207098E-12
    2.9935057E-14   2.9935057E-14   2.9935057E-14   5.3120035E-11   5.3120035E-11
    9.8129736E-11   9.8129736E-11   2.4387146E-11   2.4387146E-11   2.4387146E-11
    2.4387146E-11   1.3089586E-11   1.3015992E-11   1.3015992E-11   1.3015992E-11
    1.7648335E-09   1.7648335E-09   2.2621246E-08   1.2198375E-08   2.8689986E-10
    2.8689986E-10   2.8689986E-10   2.8689986E-10   1.8796275E-11   1.8796275E-11
    1.8796275E-11   1.8796275E-11   1.0160647E-07   1.0160647E-07   5.9971690E-10
    5.9971690E-10   3.6981807E-12   3.6981807E-12   3.6981807E-12   2.2334082E-08
    2.2334082E-08   2.4160782E-08   2.4160782E-08   5.6098036E-08   5.6098036E-08
    8.5719289E-09   8.5719289E-09   2.6220413E-08   2.6220413E-08

 5.8553579522E+02   4.4023958E+02   4.2174791E+10   1.3038104E+00   3.2188452E+01   1.8987884E+02   5.1694127E-02    23 
    1.1175453E-18   1.1175453E-18   1.7030938E-18   1.7030938E-18   1.7030938E-18
    9.6540884E-19   9.6540884E-19   1.1508644E-18   2.8597151E-18   2.8597151E-18
    1.2723657E-18   3.7549029E-18   3.7549029E-18   3.2548412E-17   3.2548412E-17
    3.3673979E-14   6.9954139E-12   6.9954139E-12   7.9374458E-12   7.9374458E-12
    1.6056574E-13   1.6056574E-13   1.6056574E-13   2.1012429E-10   2.1012429E-10
    3.2622775E-10   3.2622775E-10   1.0921084E-10   1.0921084E-10   1.0921084E-10
    1.0921084E-10   5.6092727E-11   5.3848506E-11   5.3848506E-11   5.3848506E-11
    5.6358179E-09   5.6358179E-09   7.4221143E-08   3.4173972E-08   1.0539473E-09
    1.0539473E-09   1.0539473E-09   1.0539473E-09   5.7490514E-11   5.7490514E-11
    5.7490514E-11   5.7490514E-11   2.9249599E-07   2.9249599E-07   1.7394611E-09
    1.7394611E-09   1.1935177E-11   1.1935177E-11   1.1935177E-11   5.8756992E-08
    5.8756992E-08   6.2533234E-08   6.2533234E-08   1.4548412E-07   1.4548412E-07
    2.2969362E-08   2.2969362E-08   7.1059438E-08   7.1059438E-08

 5.0840828247E+02   3.4182742E+02   6.6406531E+10   1.4014170E+00   3.5716191E+01   1.4102502E+02   5.8633311E-02    24 
    1.0628269E-16   1.0628269E-16   1.3083309E-16   1.3083309E-16   1.3083309E-16
    5.8981303E-17   5.8981303E-17   5.2409933E-17   1.1183916E-16   1.1183916E-16
    4.0593183E-17   1.2543210E-16   1.2543210E-16   5.3667313E-16   5.3667313E-16
    2.8469330E-13   4.6209524E-11   4.6209524E-11   3.4411983E-11   3.4411983E-11
    8.2999689E-13   8.2999689E-13   8.2999689E-13   8.5092603E-10   8.5092603E-10
    1.1083827E-09   1.1083827E-09   5.0082400E-10   5.0082400E-10   5.0082400E-10
    5.0082400E-10   2.4601008E-10   2.2744602E-10   2.2744602E-10   2.2744602E-10
    1.8314140E-08   1.8314140E-08   2.4829721E-07   9.7531317E-08   3.9634151E-09
    3.9634151E-09   3.9634151E-09   3.9634151E-09   1.4361968E-10   1.4361968E-10
    1.4361968E-10   1.4361968E-10   8.6309745E-07   8.6309745E-07   5.1627763E-09
    5.1627763E-09   3.6588031E-11   3.6588031E-11   3.6588031E-11   1.5887951E-07
    1.5887951E-07   1.6406882E-07   1.6406882E-07   3.8608229E-07   3.8608229E-07
    6.2739522E-08   6.2739522E-08   1.9723978E-07   1.9723978E-07

 4.5191879579E+02   1.9821597E+02   8.3072283E+10   1.4863303E+00   3.6805828E+01   1.0079927E+02   8.2999303E-02    25 
    3.7174182E-15   3.7174182E-15   3.9267783E-15   3.9267783E-15   3.9267783E-15
    1.5422911E-15   1.5422911E-15   1.1032869E-15   1.9979033E-15   1.9979033E-15
    6.3449260E-16   2.0756340E-15   2.0756340E-15   4.7918992E-15   4.7918992E-15
    1.4624976E-12   1.9591609E-10   1.9591609E-10   1.0260230E-10   1.0260230E-10
    3.0955081E-12   3.0955081E-12   3.0955081E-12   2.4859498E-09   2.4859498E-09
    2.8024009E-09   2.8024009E-09   1.8047751E-09   1.8047751E-09   1.8047751E-09
    1.8047751E-09   8.5646712E-10   7.6878252E-10   7.6878252E-10   7.6878252E-10
    4.5089105E-08   4.5089105E-08   6.2577905E-07   2.1768262E-07   1.2318518E-08
    1.2318518E-08   1.2318518E-08   1.2318518E-08   2.1891932E-10   2.1891932E-10
    2.1891932E-10   2.1891932E-10   1.9865089E-06   1.9865089E-06   1.1930379E-08
    1.1930379E-08   9.0294243E-11   9.0294243E-11   9.0294243E-11   3.4324686E-07
    3.4324686E-07   3.4293926E-07   3.4293926E-07   8.1984733E-07   8.1984733E-07
    1.3570410E-07   1.3570410E-07   4.3309375E-07   4.3309375E-07

 4.1374202819E+02   8.2790076E+01   8.4648709E+10   1.5317364E+00   3.3382357E+01   7.2121367E+01   1.3583411E-01    26 
    2.0746075E-14   2.0746075E-14   2.1153064E-14   2.1153064E-14   2.1153064E-14
    7.9697354E-15   7.9697354E-15   5.3080397E-15   8.1292522E-15   8.1292522E-15
    2.6845524E-15   8.9399173E-15   8.9399173E-15   1.5429966E-14   1.5429966E-14
    3.2563396E-12   3.9731951E-10   3.9731951E-10   1.6606369E-10   1.6606369E-10
    6.1403317E-12   6.1403317E-12   6.1403317E-12   4.2075430E-09   4.2075430E-09
    4.3687983E-09   4.3687983E-09   3.6554663E-09   3.6554663E-09   3.6554663E-09
    3.6554663E-09   1.7042019E-09   1.5086800E-09   1.5086800E-09   1.5086800E-09
    7.0086572E-08   7.0086572E-08   9.8437520E-07   3.2216773E-07   2.3311601E-08
    2.3311601E-08   2.3311601E-08   2.3311601E-08   1.5643633E-10   1.5643633E-10
    1.5643633E-10   1.5643633E-10   2.9936293E-06   2.9936293E-06   1.8021511E-08
    1.8021511E-08   1.4470792E-10   1.4470792E-10   1.4470792E-10   5.0221693E-07
    5.0221693E-07   4.9209875E-07   4.9209875E-07   1.1882417E-06   1.1882417E-06
    1.9824305E-07   1.9824305E-07   6.3785286E-07   6.3785286E-07

 3.8613989259E+02   2.1895401E+01   8.3816383E+10   1.5487407E+00   2.6364159E+01   5.1573762E+01   2.2026169E-01    27 
    3.2013495E-14   3.2013495E-14   3.4083371E-14   3.4083371E-14   3.4083371E-14
    1.2464391E-14   1.2464391E-14   8.5088374E-15   1.1297938E-14   1.1297938E-14
    4.4086603E-15   1.3966898E-14   1.3966898E-14   2.4626876E-14   2.4626876E-14
    4.3377356E-12   5.1192468E-10   5.1192468E-10   1.9270871E-10   1.9270871E-10
    8.2244395E-12   8.2244395E-12   8.2244395E-12   5.0853092E-09   5.0853092E-09
    5.1167577E-09   5.1167577E-09   4.9739604E-09   4.9739604E-09   4.9739604E-09
    4.9739604E-09   2.3016493E-09   2.0309216E-09   2.0309216E-09   2.0309216E-09
    8.2131439E-08   8.2131439E-08   1.1584886E-06   3.7087287E-07   3.1120749E-08
    3.1120749E-08   3.1120749E-08   3.1120749E-08   7.9498197E-11   7.9498197E-11
    7.9498197E-11   7.9498197E-11   3.4692373E-06   3.4692373E-06   2.0912541E-08
    2.0912541E-08   1.7931406E-10   1.7931406E-10   1.7931406E-10   5.7638275E-07
    5.7638275E-07   5.6034356E-07   5.6034356E-07   1.3583748E-06   1.3583748E-06
    2.2724683E-07   2.2724683E-07   7.3339509E-07   7.3339509E-07

 3.6509248936E+02   3.4590544E+00   8.8095737E+10   1.5509398E+00   1.7328837E+01   3.6956708E+01   3.2715356E-01    28 
    2.1775233E-14   2.1775233E-14   2.5426664E-14   2.5426664E-14   2.5426664E-14
    9.0197812E-15   9.0197812E-15   6.4959856E-15   7.8397528E-15   7.8397528E-15
    3.7956879E-15   1.1146208E-14   1.1146208E-14   2.4985811E-14   2.4985811E-14
    4.4931619E-12   5.2827800E-10   5.2827800E-10   1.9511916E-10   1.9511916E-10
    9.1322316E-12   9.1322316E-12   9.1322316E-12   5.2105134E-09   5.2105134E-09
    5.2231201E-09   5.2231201E-09   5.5372045E-09   5.5372045E-09   5.5372045E-09
    5.5372045E-09   2.5560702E-09   2.2600846E-09   2.2600846E-09   2.2600846E-09
    8.3819825E-08   8.3819825E-08   1.1828002E-06   3.7787159E-07   3.4821172E-08
    3.4821172E-08   3.4821172E-08   3.4821172E-08   6.5385027E-11   6.5385027E-11
    6.5385027E-11   6.5385027E-11   3.5338781E-06   3.5338781E-06   2.1316829E-08
    2.1316829E-08   1.9775762E-10   1.9775762E-10   1.9775762E-10   5.8707303E-07
    5.8707303E-07   5.6972544E-07   5.6972544E-07   1.3820070E-06   1.3820070E-06
    2.3127206E-07   2.3127206E-07   7.4667604E-07   7.4667604E-07

 3.4555655934E+02   4.2974563E-01   1.0176922E+11   1.5503229E+00   1.0656714E+01   2.6003749E+01   4.4928297E-01    29 
    1.1316714E-14   1.1316714E-14   1.4918420E-14   1.4918420E-14   1.4918420E-14
    5.0046136E-15   5.0046136E-15   3.7814813E-15   4.2571966E-15   4.2571966E-15
    2.6542994E-15   7.0002150E-15   7.0002150E-15   2.2299390E-14   2.2299390E-14
    4.4427637E-12   5.2292450E-10   5.2292450E-10   1.9355848E-10   1.9355848E-10
    9.8189800E-12   9.8189800E-12   9.8189800E-12   5.1763506E-09   5.1763506E-09
    5.2023775E-09   5.2023775E-09   5.9436981E-09   5.9436981E-09   5.9436981E-09
    5.9436981E-09   2.7383989E-09   2.4307723E-09   2.4307723E-09   2.4307723E-09
    8.3364593E-08   8.3364593E-08   1.1759732E-06   3.7680761E-07   3.7827310E-08
    3.7827310E-08   3.7827310E-08   3.7827310E-08   6.9689844E-11   6.9689844E-11
    6.9689844E-11   6.9689844E-11   3.5137403E-06   3.5137403E-06   2.1207680E-08
    2.1207680E-08   2.1438188E-10   2.1438188E-10   2.1438188E-10   5.8503621E-07
    5.8503621E-07   5.6709599E-07   5.6709599E-07   1.3759878E-06   1.3759878E-06
    2.3018271E-07   2.3018271E-07   7.4307893E-07   7.4307893E-07

 3.2917186901E+02   8.6725051E-02   1.2418698E+11   1.5613647E+00   1.6081874E+01   1.9081818E+01   5.5290505E-01    30 
    2.1294820E-14   2.1294820E-14   3.0768212E-14   3.0768212E-14   3.0768212E-14
    8.9117696E-15   8.9117696E-15   6.7181027E-15   7.0904160E-15   7.0904160E-15
    5.7702505E-15   1.0397365E-14   1.0397365E-14   3.2225779E-14   3.2225779E-14
    5.3598529E-12   6.1438549E-10   6.1438549E-10   2.2339886E-10   2.2339886E-10
    1.2202388E-11   1.2202388E-11   1.2202388E-11   5.8418233E-09   5.8418233E-09
    5.8236359E-09   5.8236359E-09   7.2028710E-09   7.2028710E-09   7.2028710E-09
    7.2028710E-09   3.2974645E-09   2.9324262E-09   2.9324262E-09   2.9324262E-09
    9.2274289E-08   9.2274289E-08   1.3046834E-06   4.1409824E-07   4.5678373E-08
    4.5678373E-08   4.5678373E-08   4.5678373E-08   8.3835786E-11   8.3835786E-11
    8.3835786E-11   8.3835786E-11   3.8592312E-06   3.8592312E-06   2.3321609E-08
    2.3321609E-08   2.5688127E-10   2.5688127E-10   2.5688127E-10   6.3993840E-07
    6.3993840E-07   6.1598572E-07   6.1598572E-07   1.4995451E-06   1.4995451E-06
    2.5113421E-07   2.5113421E-07   8.1231849E-07   8.1231849E-07

 3.2467542046E+02   3.9141367E-02   1.5238923E+11   1.5513811E+00   2.1156054E+01   1.3458467E+01   6.5658595E-01    31 
    1.5614366E-14   1.5614366E-14   2.4182804E-14   2.4182804E-14   2.4182804E-14
    7.0025611E-15   7.0025611E-15   5.4642549E-15   5.6105730E-15   5.6105730E-15
    5.3328825E-15   8.0078586E-15   8.0078586E-15   2.7289110E-14   2.7289110E-14
    4.5345042E-12   5.3052313E-10   5.3052313E-10   1.9688296E-10   1.9688296E-10
    1.0611098E-11   1.0611098E-11   1.0611098E-11   5.2395611E-09   5.2395611E-09
    5.2921604E-09   5.2921604E-09   6.3593708E-09   6.3593708E-09   6.3593708E-09
    6.3593708E-09   2.9177612E-09   2.6077812E-09   2.6077812E-09   2.6077812E-09
    8.4232603E-08   8.4232603E-08   1.1882137E-06   3.8304761E-07   4.1243673E-08
    4.1243673E-08   4.1243673E-08   4.1243673E-08   7.5887172E-11   7.5887172E-11
    7.5887172E-11   7.5887172E-11   3.5438902E-06   3.5438902E-06   2.1410533E-08
    2.1410533E-08   2.3299305E-10   2.3299305E-10   2.3299305E-10   5.9203386E-07
    5.9203386E-07   5.7166467E-07   5.7166467E-07   1.3892293E-06   1.3892293E-06
    2.3219577E-07   2.3219577E-07   7.4973587E-07   7.4973587E-07

 3.2424027567E+02   3.0080318E-02   1.8262743E+11   1.5406991E+00   2.2766809E+01   1.0170922E+01   7.2683753E-01    32 
    9.2903788E-15   9.2903788E-15   1.4654081E-14   1.4654081E-14   1.4654081E-14
    4.5067150E-15   4.5067150E-15   3.6231636E-15   3.7312923E-15   3.7312923E-15
    3.6271319E-15   5.5993722E-15   5.5993722E-15   2.0931696E-14   2.0931696E-14
    3.7819290E-12   4.5288546E-10   4.5288546E-10   1.7159410E-10   1.7159410E-10
    8.8427234E-12   8.8427234E-12   8.8427234E-12   4.6563702E-09   4.6563702E-09
    4.7677914E-09   4.7677914E-09   5.4004978E-09   5.4004978E-09   5.4004978E-09
    5.4004978E-09   2.4866122E-09   2.2297367E-09   2.2297367E-09   2.2297367E-09
    7.6299190E-08   7.6299190E-08   1.0737788E-06   3.5183912E-07   3.5667635E-08
    3.5667635E-08   3.5667635E-08   3.5667635E-08   6.5822819E-11   6.5822819E-11
    6.5822819E-11   6.5822819E-11   3.2326600E-06   3.2326600E-06   1.9514577E-08
    1.9514577E-08   2.0264902E-10   2.0264902E-10   2.0264902E-10   5.4385924E-07
    5.4385924E-07   5.2720557E-07   5.2720557E-07   1.2787740E-06   1.2787740E-06
    2.1326187E-07   2.1326187E-07   6.8730146E-07   6.8730146E-07

 3.2401012740E+02   2.1417818E-02   2.4197364E+11   1.5284949E+00   2.5949213E+01   6.9528646E+00   8.0347801E-01    33 
    4.9596918E-15   4.9596918E-15   7.8026559E-15   7.8026559E-15   7.8026559E-15
    2.6382861E-15   2.6382861E-15   2.1918907E-15   2.2726328E-15   2.2726328E-15
    2.1979005E-15   3.6568146E-15   3.6568146E-15   1.5261757E-14   1.5261757E-14
    3.0663624E-12   3.7723189E-10   3.7723189E-10   1.4636637E-10   1.4636637E-10
    6.9961849E-12   6.9961849E-12   6.9961849E-12   4.0614852E-09   4.0614852E-09
    4.2303840E-09   4.2303840E-09   4.3673603E-09   4.3673603E-09   4.3673603E-09
    4.3673603E-09   2.0194471E-09   1.8174535E-09   1.8174535E-09   1.8174535E-09
    6.8039031E-08   6.8039031E-08   9.5508503E-07   3.1939348E-07   2.9443639E-08
    2.9443639E-08   2.9443639E-08   2.9443639E-08   5.4533629E-11   5.4533629E-11
    5.4533629E-11   5.4533629E-11   2.9070626E-06   2.9070626E-06   1.7527296E-08
    1.7527296E-08   1.6843839E-10   1.6843839E-10   1.6843839E-10   4.9317362E-07
    4.9317362E-07   4.7997364E-07   4.7997364E-07   1.1621547E-06   1.1621547E-06
    1.9324286E-07   1.9324286E-07   6.2144869E-07   6.2144869E-07

 3.2378457897E+02   1.4631447E-02   3.1502416E+11   1.5150780E+00   3.0561773E+01   5.0352267E+00   8.5321393E-01    34 
    2.6323250E-15   2.6323250E-15   4.1195157E-15   4.1195157E-15   4.1195157E-15
    1.5536422E-15   1.5536422E-15   1.3365686E-15   1.3956064E-15   1.3956064E-15
    1.3434577E-15   2.3976740E-15   2.3976740E-15   1.0985793E-14   1.0985793E-14
    2.4256915E-12   3.0748319E-10   3.0748319E-10   1.2248400E-10   1.2248400E-10
    5.4163084E-12   5.4163084E-12   5.4163084E-12   3.4862038E-09   3.4862038E-09
    3.6996867E-09   3.6996867E-09   3.4644257E-09   3.4644257E-09   3.4644257E-09
    3.4644257E-09   1.6095393E-09   1.4544896E-09   1.4544896E-09   1.4544896E-09
    5.9859557E-08   5.9859557E-08   8.3786332E-07   2.8631080E-07   2.3898690E-08
    2.3898690E-08   2.3898690E-08   2.3898690E-08   4.4445978E-11   4.4445978E-11
    4.4445978E-11   4.4445978E-11   2.5820695E-06   2.5820695E-06   1.5546575E-08
    1.5546575E-08   1.3778134E-10   1.3778134E-10   1.3778134E-10   4.4214890E-07
    4.4214890E-07   4.3217207E-07   4.3217207E-07   1.0443662E-06   1.0443662E-06
    1.7309283E-07   1.7309283E-07   5.5533424E-07   5.5533424E-07

 3.2352580941E+02   8.8764552E-03   4.2093905E+11   1.4996475E+00   3.8747912E+01   3.6076320E+00   8.9236009E-01    35 
    1.3369743E-15   1.3369743E-15   2.0642283E-15   2.0642283E-15   2.0642283E-15
    8.9180478E-16   8.9180478E-16   7.9749726E-16   8.3758116E-16   8.3758116E-16
    8.0176295E-16   1.5286480E-15   1.5286480E-15   7.6196643E-15   7.6196643E-15
    1.8434401E-12   2.4197075E-10   2.4197075E-10   9.9389083E-11   9.9389083E-11
    4.0092989E-12   4.0092989E-12   4.0092989E-12   2.9151051E-09   2.9151051E-09
    3.1629851E-09   3.1629851E-09   2.6381370E-09   2.6381370E-09   2.6381370E-09
    2.6381370E-09   1.2324995E-09   1.1191887E-09   1.1191887E-09   1.1191887E-09
    5.1519482E-08   5.1519482E-08   7.1870705E-07   2.5169164E-07   1.8695380E-08
    1.8695380E-08   1.8695380E-08   1.8695380E-08   3.4942181E-11   3.4942181E-11
    3.4942181E-11   3.4942181E-11   2.2477876E-06   2.2477876E-06   1.3510578E-08
    1.3510578E-08   1.0878390E-10   1.0878390E-10   1.0878390E-10   3.8918482E-07
    3.8918482E-07   3.8217667E-07   3.8217667E-07   9.2163935E-07   9.2163935E-07
    1.5214831E-07   1.5214831E-07   4.8681419E-07   4.8681419E-07

 3.2327458500E+02   4.8269266E-03   5.6998267E+11   1.4837341E+00   5.2941079E+01   2.5824346E+00   9.2164378E-01    36 
    6.9869113E-16   6.9869113E-16   1.0530080E-15   1.0530080E-15   1.0530080E-15
    5.3041741E-16   5.3041741E-16   4.9274941E-16   5.1919512E-16   5.1919512E-16
    4.9349279E-16   9.9181435E-16   9.9181435E-16   5.2761171E-15   5.2761171E-15
    1.3811798E-12   1.8803742E-10   1.8803742E-10   7.9763210E-11   7.9763210E-11
    2.9081475E-12   2.9081475E-12   2.9081475E-12   2.4149292E-09   2.4149292E-09
    2.6839796E-09   2.6839796E-09   1.9710029E-09   1.9710029E-09   1.9710029E-09
    1.9710029E-09   9.2630437E-10   8.4550295E-10   8.4550295E-10   8.4550295E-10
    4.3996679E-08   4.3996679E-08   6.1160074E-07   2.1969852E-07   1.4369072E-08
    1.4369072E-08   1.4369072E-08   1.4369072E-08   2.7003990E-11   2.7003990E-11
    2.7003990E-11   2.7003990E-11   1.9432839E-06   1.9432839E-06   1.1656776E-08
    1.1656776E-08   8.4449619E-11   8.4449619E-11   8.4449619E-11   3.4045689E-07
    3.4045689E-07   3.3577981E-07   3.3577981E-07   8.0829316E-07   8.0829316E-07
    1.3284310E-07   1.3284310E-07   4.2386089E-07   4.2386089E-07

 3.2301612610E+02   2.2243993E-03   7.7784887E+11   1.4657316E+00   7.8611737E+01   1.8507380E+00   9.4316445E-01    37 
    3.5504920E-16   3.5504920E-16   5.2039673E-16   5.2039673E-16   5.2039673E-16
    3.1316469E-16   3.1316469E-16   3.0289472E-16   3.1966753E-16   3.1966753E-16
    3.0432005E-16   6.3109532E-16   6.3109532E-16   3.5219429E-15   3.5219429E-15
    9.8907496E-13   1.4043118E-10   1.4043118E-10   6.1836358E-11   6.1836358E-11
    2.0180618E-12   2.0180618E-12   2.0180618E-12   1.9424967E-09   1.9424967E-09
    2.2193615E-09   2.2193615E-09   1.4150154E-09   1.4150154E-09   1.4150154E-09
    1.4150154E-09   6.6964449E-10   6.1493480E-10   6.1493480E-10   6.1493480E-10
    3.6655051E-08   3.6655051E-08   5.0746261E-07   1.8762963E-07   1.0659327E-08
    1.0659327E-08   1.0659327E-08   1.0659327E-08   2.0165116E-11   2.0165116E-11
    2.0165116E-11   2.0165116E-11   1.6424097E-06   1.6424097E-06   9.8291176E-09
    9.8291176E-09   6.3391791E-11   6.3391791E-11   6.3391791E-11   2.9175427E-07
    2.9175427E-07   2.8907666E-07   2.8907666E-07   6.9461592E-07   6.9461592E-07
    1.1355404E-07   1.1355404E-07   3.6117735E-07   3.6117735E-07

 3.2274722197E+02   8.0490344E-04   1.0680493E+12   1.4458628E+00   1.2615696E+02   1.3263482E+00   9.5891391E-01    38 
    1.7523477E-16   1.7523477E-16   2.4918410E-16   2.4918410E-16   2.4918410E-16
    1.8310087E-16   1.8310087E-16   1.8420321E-16   1.9480453E-16   1.9480453E-16
    1.8817575E-16   3.9390392E-16   3.9390392E-16   2.2724671E-15   2.2724671E-15
    6.7787354E-13   1.0090693E-10   1.0090693E-10   4.6360406E-11   4.6360406E-11
    1.3424974E-12   1.3424974E-12   1.3424974E-12   1.5184236E-09   1.5184236E-09
    1.7894235E-09   1.7894235E-09   9.7789545E-10   9.7789545E-10   9.7789545E-10
    9.7789545E-10   4.6649401E-10   4.3136691E-10   4.3136691E-10   4.3136691E-10
    2.9813596E-08   2.9813596E-08   4.1086675E-07   1.5698441E-07   7.6448901E-09
    7.6448901E-09   7.6448901E-09   7.6448901E-09   1.4577077E-11   1.4577077E-11
    1.4577077E-11   1.4577077E-11   1.3578517E-06   1.3578517E-06   8.1056742E-09
    8.1056742E-09   4.6095815E-11   4.6095815E-11   4.6095815E-11   2.4511841E-07
    2.4511841E-07   2.4399065E-07   2.4399065E-07   5.8528302E-07   5.8528302E-07
    9.5087958E-08   9.5087958E-08   3.0140067E-07   3.0140067E-07

 3.2247648095E+02   2.0654079E-04   1.4716748E+12   1.4267834E+00   2.1295449E+02   9.5099461E-01   9.7035748E-01    39 
    9.1737019E-17   9.1737019E-17   1.2592321E-16   1.2592321E-16   1.2592321E-16
    1.1313534E-16   1.1313534E-16   1.1710262E-16   1.2427908E-16   1.2427908E-16
    1.2318609E-16   2.5610466E-16   2.5610466E-16   1.5035973E-15   1.5035973E-15
    4.6731873E-13   7.2865621E-11   7.2865621E-11   3.4916023E-11   3.4916023E-11
    8.9620711E-13   8.9620711E-13   8.9620711E-13   1.1912804E-09   1.1912804E-09
    1.4483726E-09   1.4483726E-09   6.7731769E-10   6.7731769E-10   6.7731769E-10
    6.7731769E-10   3.2574329E-10   3.0335737E-10   3.0335737E-10   3.0335737E-10
    2.4323324E-08   2.4323324E-08   3.3376923E-07   1.3190253E-07   5.4928485E-09
    5.4928485E-09   5.4928485E-09   5.4928485E-09   1.0564292E-11   1.0564292E-11
    1.0564292E-11   1.0564292E-11   1.1258843E-06   1.1258843E-06   6.7043495E-09
    6.7043495E-09   3.3600279E-11   3.3600279E-11   3.3600279E-11   2.0666239E-07
    2.0666239E-07   2.0642118E-07   2.0642118E-07   4.9459786E-07   4.9459786E-07
    7.9834024E-08   7.9834024E-08   2.5222262E-07   2.5222262E-07

 3.2220498747E+02   3.0660376E-05   2.0328189E+12   1.4115488E+00   3.8072774E+02   6.8176944E-01   9.7865410E-01    40 
    5.9248580E-17   5.9248580E-17   7.7987468E-17   7.7987468E-17   7.7987468E-17
    8.3306065E-17   8.3306065E-17   8.7079173E-17   9.2759478E-17   9.2759478E-17
    9.5179208E-17   1.9286882E-16   1.9286882E-16   1.1166161E-15   1.1166161E-15
    3.4516526E-13   5.5879355E-11   5.5879355E-11   2.7720619E-11   2.7720619E-11
    6.3737723E-13   6.3737723E-13   6.3737723E-13   9.7719871E-10   9.7719871E-10
    1.2213478E-09   1.2213478E-09   4.9572201E-10   4.9572201E-10   4.9572201E-10
    4.9572201E-10   2.4010466E-10   2.2501552E-10   2.2501552E-10   2.2501552E-10
    2.0600512E-08   2.0600512E-08   2.8180456E-07   1.1479373E-07   4.1435958E-09
    4.1435958E-09   4.1435958E-09   4.1435958E-09   8.0385890E-12   8.0385890E-12
    8.0385890E-12   8.0385890E-12   9.6633663E-07   9.6633663E-07   5.7419299E-09
    5.7419299E-09   2.5686821E-11   2.5686821E-11   2.5686821E-11   1.8004115E-07
    1.8004115E-07   1.8004475E-07   1.8004475E-07   4.3133146E-07   4.3133146E-07
    6.9208169E-08   6.9208169E-08   2.1809224E-07   2.1809224E-07

 3.2192742894E+02   2.0567571E-06   2.8136865E+12   1.4028696E+00   9.6367212E+02   4.8833686E-01   9.8466118E-01    41 
    7.2432054E-17   7.2432054E-17   9.0911671E-17   9.0911671E-17   9.0911671E-17
    1.0886366E-16   1.0886366E-16   1.1285738E-16   1.2030380E-16   1.2030380E-16
    1.2813305E-16   2.3908932E-16   2.3908932E-16   1.2034282E-15   1.2034282E-15
    2.9020991E-13   4.7982650E-11   4.7982650E-11   2.4295287E-11   2.4295287E-11
    5.1275713E-13   5.1275713E-13   5.1275713E-13   8.7160834E-10   8.7160834E-10
    1.1118149E-09   1.1118149E-09   4.0427948E-10   4.0427948E-10   4.0427948E-10
    4.0427948E-10   1.9677971E-10   1.8527578E-10   1.8527578E-10   1.8527578E-10
    1.8719290E-08   1.8719290E-08   2.5578203E-07   1.0654520E-07   3.4410591E-09
    3.4410591E-09   3.4410591E-09   3.4410591E-09   6.7302943E-12   6.7302943E-12
    6.7302943E-12   6.7302943E-12   8.8485468E-07   8.8485468E-07   5.2496236E-09
    5.2496236E-09   2.1562049E-11   2.1562049E-11   2.1562049E-11   1.6663822E-07
    1.6663822E-07   1.6633797E-07   1.6633797E-07   3.9893798E-07   3.9893798E-07
    6.3718055E-08   6.3718055E-08   2.0051103E-07   2.0051103E-07

 3.2164003291E+02   5.7076083E-08   3.8936510E+12   1.4032416E+00   1.1731066E+04   3.5018243E-01   9.8897536E-01    42 
    6.4838702E-16   6.4838702E-16   7.7422026E-16   7.7422026E-16   7.7422026E-16
    9.6429929E-16   9.6429929E-16   9.8362103E-16   1.0419353E-15   1.0419353E-15
    1.1340466E-15   1.8704558E-15   1.8704558E-15   6.8949618E-15   6.8949618E-15
    2.9484915E-13   4.8448945E-11   4.8448945E-11   2.4532002E-11   2.4532002E-11
    4.9576429E-13   4.9576429E-13   4.9576429E-13   8.7665676E-10   8.7665676E-10
    1.1289996E-09   1.1289996E-09   3.8682324E-10   3.8682324E-10   3.8682324E-10
    3.8682324E-10   1.8859333E-10   1.7798544E-10   1.7798544E-10   1.7798544E-10
    1.8817067E-08   1.8817067E-08   2.5752510E-07   1.0832029E-07   3.2952224E-09
    3.2952224E-09   3.2952224E-09   3.2952224E-09   6.4930682E-12   6.4930682E-12
    6.4930682E-12   6.4930682E-12   8.8889314E-07   8.8889314E-07   5.2705101E-09
    5.2705101E-09   2.0791429E-11   2.0791429E-11   2.0791429E-11   1.6812532E-07
    1.6812532E-07   1.6691230E-07   1.6691230E-07   4.0134455E-07   4.0134455E-07
    6.3952128E-08   6.3952128E-08   2.0128224E-07   2.0128224E-07

 3.2133200892E+02   7.5297926E-10   5.4039296E+12   1.4161663E+00   8.7554717E+05   2.5093109E-01   9.9208699E-01    43 
    6.3392567E-14   6.3392567E-14   7.2065365E-14   7.2065365E-14   7.2065365E-14
    8.8422569E-14   8.8422569E-14   8.9096105E-14   9.3170219E-14   9.3170219E-14
    1.0048330E-13   1.5809359E-13   1.5809359E-13   5.3503105E-13   5.3503105E-13
    5.0424661E-13   6.1311351E-11   6.1311351E-11   3.0226646E-11   3.0226646E-11
    7.5064904E-13   7.5064904E-13   7.5064904E-13   1.0410491E-09   1.0410491E-09
    1.3331059E-09   1.3331059E-09   4.6295332E-10   4.6295332E-10   4.6295332E-10
    4.6295332E-10   2.2508256E-10   2.1229287E-10   2.1229287E-10   2.1229287E-10
    2.1747437E-08   2.1747437E-08   2.9917763E-07   1.2479535E-07   3.8542789E-09
    3.8542789E-09   3.8542789E-09   3.8542789E-09   7.7751047E-12   7.7751047E-12
    7.7751047E-12   7.7751047E-12   1.0146249E-06   1.0146249E-06   6.0222516E-09
    6.0222516E-09   2.4488341E-11   2.4488341E-11   2.4488341E-11   1.9105675E-07
    1.9105675E-07   1.8773906E-07   1.8773906E-07   4.5342507E-07   4.5342507E-07
    7.2316415E-08   7.2316415E-08   2.2814168E-07   2.2814168E-07

 3.2099452472E+02   7.5357879E-12   7.4915222E+12   1.4457939E+00   1.8523603E+08   1.8093024E-01   9.9428778E-01    44 
    3.6591240E-11   3.6591240E-11   3.9823304E-11   3.9823304E-11   3.9823304E-11
    4.7115509E-11   4.7115509E-11   4.7284263E-11   4.8844626E-11   4.8844626E-11
    5.1330876E-11   7.6385170E-11   7.6385170E-11   2.3767139E-10   2.3767139E-10
    6.1368497E-11   1.7465520E-10   1.7465520E-10   1.0806738E-10   1.0806738E-10
    6.7001305E-11   6.7001305E-11   6.7001305E-11   1.6135978E-09   1.6135978E-09
    2.0905239E-09   2.0905239E-09   7.9380979E-10   7.9380979E-10   7.9380979E-10
    7.9380979E-10   4.1837908E-10   4.0392448E-10   4.0392448E-10   4.0392448E-10
    3.0178377E-08   3.0178377E-08   4.1710368E-07   1.6850104E-07   5.8797188E-09
    5.8797188E-09   5.8797188E-09   5.8797188E-09   7.7971158E-11   7.7971158E-11
    7.7971158E-11   7.7971158E-11   1.3611342E-06   1.3611342E-06   8.1853074E-09
    8.1853074E-09   1.0276344E-10   1.0276344E-10   1.0276344E-10   2.5263255E-07
    2.5263255E-07   2.4397018E-07   2.4397018E-07   5.9391305E-07   5.9391305E-07
    9.5164944E-08   9.5164944E-08   3.0164204E-07   3.0164204E-07

 3.2068168918E+02   8.2852703E-14   9.7943039E+12   1.4852121E+00   5.9732021E+10   1.3896532E-01   9.9560961E-01    45 
    4.8839257E-08   4.8839257E-08   5.1645133E-08   5.1645133E-08   5.1645133E-08
    5.9039336E-08   5.9039336E-08   5.9242945E-08   6.0712137E-08   6.0712137E-08
    6.2549558E-08   8.7330968E-08   8.7330968E-08   2.4240244E-07   2.4240244E-07
    7.2557348E-08   8.2334740E-08   8.2334740E-08   7.2785402E-08   7.2785402E-08
    7.6632965E-08   7.6632965E-08   7.6632965E-08   1.0107032E-07   1.0107032E-07
    1.9557151E-07   1.9557151E-07   6.8369001E-08   6.8369001E-08   6.8369001E-08
    6.8369001E-08   7.4157434E-08   8.1318915E-08   8.1318915E-08   8.1318915E-08
    2.5072002E-07   2.5072002E-07   1.3204263E-06   4.7073980E-07   7.1105837E-08
    7.1105837E-08   7.1105837E-08   7.1105837E-08   7.7141940E-08   7.7141940E-08
    7.7141940E-08   7.7141940E-08   2.1697702E-06   2.1697702E-06   1.0142841E-07
    1.0142841E-07   7.6922249E-08   7.6922249E-08   7.6922249E-08   5.4215021E-07
    5.4215021E-07   4.3024738E-07   4.3024738E-07   1.5337241E-06   1.5337241E-06
    2.2424538E-07   2.2424538E-07   5.2088733E-07   5.2088733E-07

 3.2037494326E+02   1.3911414E-15   1.2328251E+13   1.5325835E+00   1.8201674E+13   1.1105610E-01   9.9648972E-01    46 
    8.0289009E-05   8.0289009E-05   8.3301980E-05   8.3301980E-05   8.3301980E-05
    9.2604135E-05   9.2604135E-05   9.2979235E-05   9.4767248E-05   9.4767248E-05
    9.6378083E-05   1.2645397E-04   1.2645397E-04   3.0811374E-04   3.0811374E-04
    1.0952990E-04   1.1922603E-04   1.1922603E-04   1.0975060E-04   1.0975060E-04
    1.1348318E-04   1.1348318E-04   1.1348318E-04   1.3896844E-04   1.3896844E-04
    2.4405071E-04   2.4405071E-04   1.0073238E-04   1.0073238E-04   1.0073238E-04
    1.0073238E-04   1.0839432E-04   1.1728470E-04   1.1728470E-04   1.1728470E-04
    2.5895361E-04   2.5895361E-04   7.9683716E-04   2.8070625E-04   9.0244375E-05
    9.0244375E-05   9.0244375E-05   9.0244375E-05   1.1432615E-04   1.1432615E-04
    1.1432615E-04   1.1432615E-04   2.5619963E-04   2.5619963E-04   1.2897867E-04
    1.2897867E-04   1.1386753E-04   1.1386753E-04   1.1386753E-04   2.3405310E-04
    2.3405310E-04   1.2987893E-04   1.2987893E-04   8.4234603E-04   8.4234603E-04
    1.2876601E-04   1.2876601E-04   1.3056126E-04   1.3056126E-04

 3.2005998971E+02   5.7820917E-17   1.5139849E+13   1.5883489E+00   3.0706864E+15   9.0973861E-02   9.9712352E-01    47 
    9.0990589E-02   9.0990589E-02   9.3206324E-02   9.3206324E-02   9.3206324E-02
    1.0149797E-01   1.0149797E-01   1.0196831E-01   1.0355733E-01   1.0355733E-01
    1.0443479E-01   1.2963448E-01   1.2963448E-01   2.7531847E-01   2.7531847E-01
    1.1620615E-01   1.2294809E-01   1.2294809E-01   1.1644879E-01   1.1644879E-01
    1.1880635E-01   1.1880635E-01   1.1880635E-01   1.3951150E-01   1.3951150E-01
    2.1453008E-01   2.1453008E-01   1.0712962E-01   1.0712962E-01   1.0712962E-01
    1.0712962E-01   1.1327651E-01   1.2072170E-01   1.2072170E-01   1.2072170E-01
    2.2618768E-01   2.2618768E-01   6.4176863E-01   2.4208360E-01   9.4683814E-02
    9.4683814E-02   9.4683814E-02   9.4683814E-02   1.1996686E-01   1.1996686E-01
    1.1996686E-01   1.1996686E-01   2.3279506E-01   2.3279506E-01   1.3260158E-01
    1.3260158E-01   1.1932084E-01   1.1932084E-01   1.1932084E-01   2.0729362E-01
    2.0729362E-01   1.3208348E-01   1.3208348E-01   6.9863884E-01   6.9863884E-01
    1.3153367E-01   1.3153367E-01   1.3254507E-01   1.3254507E-01

 3.1972597812E+02   8.2915686E-16   1.8281276E+13   1.6537094E+00   2.0073659E+15   7.5738336E-02   9.9760464E-01    48 
    4.8847264E-01   4.8847264E-01   4.9605450E-01   4.9605450E-01   4.9605450E-01
    5.3302390E-01   5.3302390E-01   5.3535208E-01   5.4299955E-01   5.4299955E-01
    5.4452032E-01   6.4536013E-01   6.4536013E-01   1.1939213E+00   1.1939213E+00
    5.9419679E-01   6.1670077E-01   6.1670077E-01   5.9550877E-01   5.9550877E-01
    6.0159463E-01   6.0159463E-01   6.0159463E-01   6.8362244E-01   6.8362244E-01
    9.0282175E-01   9.0282175E-01   5.5098855E-01   5.5098855E-01   5.5098855E-01
    5.5098855E-01   5.7403833E-01   6.0216359E-01   6.0216359E-01   6.0216359E-01
    9.4618991E-01   9.4618991E-01   2.4808568E+00   1.0042333E+00   4.8266302E-01
    4.8266302E-01   4.8266302E-01   4.8266302E-01   6.0992655E-01   6.0992655E-01
    6.0992655E-01   6.0992655E-01   1.0361189E+00   1.0361189E+00   6.6759048E-01
    6.6759048E-01   6.0521792E-01   6.0521792E-01   6.0521792E-01   8.8237010E-01
    8.8237010E-01   6.5742142E-01   6.5742142E-01   2.7631353E+00   2.7631353E+00
    6.5638106E-01   6.5638106E-01   6.5968864E-01   6.5968864E-01

 3.1936343443E+02   7.7990248E-14   2.1831341E+13   1.7298463E+00   2.5455163E+14   6.3700223E-02   9.9798497E-01    49 
    6.0490035E-01   6.0490035E-01   6.1070930E-01   6.1070930E-01   6.1070930E-01
    6.5123958E-01   6.5123958E-01   6.5219213E-01   6.6282414E-01   6.6282414E-01
    6.6210258E-01   7.5660151E-01   7.5660151E-01   1.2237985E+00   1.2237985E+00
    7.1040774E-01   7.2885190E-01   7.2885190E-01   7.1236182E-01   7.1236182E-01
    7.1408491E-01   7.1408491E-01   7.1408491E-01   7.9181917E-01   7.9181917E-01
    8.9490094E-01   8.9490094E-01   6.6358474E-01   6.6358474E-01   6.6358474E-01
    6.6358474E-01   6.8341443E-01   7.0507508E-01   7.0507508E-01   7.0507508E-01
    9.3174742E-01   9.3174742E-01   2.2441055E+00   9.8271628E-01   5.7945139E-01
    5.7945139E-01   5.7945139E-01   5.7945139E-01   7.2778726E-01   7.2778726E-01
    7.2778726E-01   7.2778726E-01   1.0881989E+00   1.0881989E+00   7.9689373E-01
    7.9689373E-01   7.2019502E-01   7.2019502E-01   7.2019502E-01   8.8568484E-01
    8.8568484E-01   7.7213203E-01   7.7213203E-01   2.5435829E+00   2.5435829E+00
    7.7242763E-01   7.7242763E-01   7.7459574E-01   7.7459574E-01

 3.1896391134E+02   9.5956655E-12   2.5944272E+13   1.8169542E+00   2.7839656E+13   5.3800237E-02   9.9829785E-01    50 
    7.2065012E-01   7.2065012E-01   7.2476417E-01   7.2476417E-01   7.2476417E-01
    7.6953170E-01   7.6953170E-01   7.6561414E-01   7.8186507E-01   7.8186507E-01
    7.7924962E-01   8.6657774E-01   8.6657774E-01   1.2337080E+00   1.2337080E+00
    8.2227234E-01   8.3993809E-01   8.3993809E-01   8.2628609E-01   8.2628609E-01
    8.2327824E-01   8.2327824E-01   8.2327824E-01   8.9643347E-01   8.9643347E-01
    8.8085813E-01   8.8085813E-01   7.7559899E-01   7.7559899E-01   7.7559899E-01
    7.7559899E-01   7.9195778E-01   8.0381662E-01   8.0381662E-01   8.0381662E-01
    9.1036005E-01   9.1036005E-01   1.9921363E+00   9.5496183E-01   6.8007875E-01
    6.8007875E-01   6.8007875E-01   6.8007875E-01   8.4268392E-01   8.4268392E-01
    8.4268392E-01   8.4268392E-01   1.1232352E+00   1.1232352E+00   9.2950632E-01
    9.2950632E-01   8.3254992E-01   8.3254992E-01   8.3254992E-01   8.8278381E-01
    8.8278381E-01   8.8429480E-01   8.8429480E-01   2.2860916E+00   2.2860916E+00
    8.8460342E-01   8.8460342E-01   8.8639354E-01   8.8639354E-01

 3.1852066484E+02   1.1612408E-09   3.0926456E+13   1.9138092E+00   2.8918511E+12   4.5285392E-02   9.9856704E-01    51 
    8.2613486E-01   8.2613486E-01   8.2881210E-01   8.2881210E-01   8.2881210E-01
    8.7673159E-01   8.7673159E-01   8.6717451E-01   8.8660053E-01   8.8660053E-01
    8.8442781E-01   9.6398487E-01   9.6398487E-01   1.2239539E+00   1.2239539E+00
    9.1738686E-01   9.3852805E-01   9.3852805E-01   9.2602550E-01   9.2602550E-01
    9.1872540E-01   9.1872540E-01   9.1872540E-01   9.8632578E-01   9.8632578E-01
    8.7060746E-01   8.7060746E-01   8.7774349E-01   8.7774349E-01   8.7774349E-01
    8.7774349E-01   8.9009941E-01   8.9162009E-01   8.9162009E-01   8.9162009E-01
    8.9288624E-01   8.9288624E-01   1.7557576E+00   9.3137898E-01   7.7983221E-01
    7.7983221E-01   7.7983221E-01   7.7983221E-01   9.4235836E-01   9.4235836E-01
    9.4235836E-01   9.4235836E-01   1.1395607E+00   1.1395607E+00   1.0423129E+00
    1.0423129E+00   9.3068046E-01   9.3068046E-01   9.3068046E-01   8.8185725E-01
    8.8185725E-01   9.8119509E-01   9.8119509E-01   2.0284268E+00   2.0284268E+00
    9.8072272E-01   9.8072272E-01   9.8380419E-01   9.8380419E-01

 3.1803020055E+02   1.1372716E-07   3.7221392E+13   2.0197257E+00   2.9952800E+11   3.7752409E-02   9.9880526E-01    52 
    9.0004157E-01   9.0004157E-01   9.0161592E-01   9.0161592E-01   9.0161592E-01
    9.4891572E-01   9.4891572E-01   9.3659225E-01   9.5229570E-01   9.5229570E-01
    9.5414561E-01   1.0233995E+00   1.0233995E+00   1.1828790E+00   1.1828790E+00
    9.7567955E-01   1.0004047E+00   1.0004047E+00   9.8909738E-01   9.8909738E-01
    9.7877241E-01   9.7877241E-01   9.7877241E-01   1.0380613E+00   1.0380613E+00
    8.7529386E-01   8.7529386E-01   9.4826218E-01   9.4826218E-01   9.4826218E-01
    9.4826218E-01   9.5580255E-01   9.5022398E-01   9.5022398E-01   9.5022398E-01
    8.9097530E-01   8.9097530E-01   1.5362336E+00   9.2145518E-01   8.6070122E-01
    8.6070122E-01   8.6070122E-01   8.6070122E-01   1.0038432E+00   1.0038432E+00
    1.0038432E+00   1.0038432E+00   1.1246258E+00   1.1246258E+00   1.0934773E+00
    1.0934773E+00   9.9168761E-01   9.9168761E-01   9.9168761E-01   8.9112793E-01
    8.9112793E-01   1.0385330E+00   1.0385330E+00   1.7678034E+00   1.7678034E+00
    1.0377172E+00   1.0377172E+00   1.0420405E+00   1.0420405E+00

 3.1749307048E+02   8.7501579E-06   4.5244703E+13   2.1356716E+00   3.1066871E+10   3.1165353E-02   9.9901361E-01    53 
    9.2959551E-01   9.2959551E-01   9.3041992E-01   9.3041992E-01   9.3041992E-01
    9.7195475E-01   9.7195475E-01   9.5922936E-01   9.6965805E-01   9.6965805E-01
    9.7453920E-01   1.0303797E+00   1.0303797E+00   1.1104856E+00   1.1104856E+00
    9.8577683E-01   1.0101141E+00   1.0101141E+00   1.0011394E+00   1.0011394E+00
    9.8994914E-01   9.8994914E-01   9.8994914E-01   1.0374876E+00   1.0374876E+00
    9.0242536E-01   9.0242536E-01   9.7057388E-01   9.7057388E-01   9.7057388E-01
    9.7057388E-01   9.7374720E-01   9.6589561E-01   9.6589561E-01   9.6589561E-01
    9.1246723E-01   9.1246723E-01   1.3381634E+00   9.3205401E-01   9.0385749E-01
    9.0385749E-01   9.0385749E-01   9.0385749E-01   1.0121479E+00   1.0121479E+00
    1.0121479E+00   1.0121479E+00   1.0757545E+00   1.0757545E+00   1.0727927E+00
    1.0727927E+00   1.0015945E+00   1.0015945E+00   1.0015945E+00   9.1615059E-01
    9.1615059E-01   1.0414213E+00   1.0414213E+00   1.5066690E+00   1.5066690E+00
    1.0400521E+00   1.0400521E+00   1.0446376E+00   1.0446376E+00

 3.1691262595E+02   5.4503955E-04   5.5216091E+13   2.2631780E+00   3.3174273E+09   2.5630904E-02   9.9918870E-01    54 
    9.4331666E-01   9.4331666E-01   9.4369791E-01   9.4369791E-01   9.4369791E-01
    9.7771837E-01   9.7771837E-01   9.6550065E-01   9.7152655E-01   9.7152655E-01
    9.7670090E-01   1.0202670E+00   1.0202670E+00   1.0504817E+00   1.0504817E+00
    9.8109243E-01   1.0022795E+00   1.0022795E+00   9.9429073E-01   9.9429073E-01
    9.8496935E-01   9.8496935E-01   9.8496935E-01   1.0210715E+00   1.0210715E+00
    9.3370302E-01   9.3370302E-01   9.7391572E-01   9.7391572E-01   9.7391572E-01
    9.7391572E-01   9.7439093E-01   9.6761977E-01   9.6761977E-01   9.6761977E-01
    9.3974956E-01   9.3974956E-01   1.1914901E+00   9.5019370E-01   9.2964168E-01
    9.2964168E-01   9.2964168E-01   9.2964168E-01   1.0014134E+00   1.0014134E+00
    1.0014134E+00   1.0014134E+00   1.0295675E+00   1.0295675E+00   1.0356542E+00
    1.0356542E+00   9.9349411E-01   9.9349411E-01   9.9349411E-01   9.4325122E-01
    9.4325122E-01   1.0258638E+00   1.0258638E+00   1.2991846E+00   1.2991846E+00
    1.0222889E+00   1.0222889E+00   1.0278360E+00   1.0278360E+00

 3.1629252863E+02   2.8419957E-02   6.7104760E+13   2.4030463E+00   3.7449238E+08   2.1173520E-02   9.9932974E-01    55 
    9.5896897E-01   9.5896897E-01   9.5911370E-01   9.5911370E-01   9.5911370E-01
    9.8562167E-01   9.8562167E-01   9.7464470E-01   9.7737374E-01   9.7737374E-01
    9.8114931E-01   1.0142892E+00   1.0142892E+00   1.0178477E+00   1.0178477E+00
    9.8153812E-01   9.9902766E-01   9.9902766E-01   9.9048210E-01   9.9048210E-01
    9.8500689E-01   9.8500689E-01   9.8500689E-01   1.0115098E+00   1.0115098E+00
    9.5770542E-01   9.5770542E-01   9.7906844E-01   9.7906844E-01   9.7906844E-01
    9.7906844E-01   9.7834734E-01   9.7400569E-01   9.7400569E-01   9.7400569E-01
    9.6119701E-01   9.6119701E-01   1.0965908E+00   9.6616969E-01   9.5314917E-01
    9.5314917E-01   9.5314917E-01   9.5314917E-01   9.9528489E-01   9.9528489E-01
    9.9528489E-01   9.9528489E-01   1.0028335E+00   1.0028335E+00   1.0123779E+00
    1.0123779E+00   9.8960431E-01   9.8960431E-01   9.8960431E-01   9.6402440E-01
    9.6402440E-01   1.0149634E+00   1.0149634E+00   1.1586638E+00   1.1586638E+00
    1.0086501E+00   1.0086501E+00   1.0154720E+00   1.0154720E+00

 3.1563407808E+02   1.2776397E+00   8.0499223E+13   2.5557392E+00   4.4940454E+07   1.7730307E-02   9.9943871E-01    56 
    9.7296773E-01   9.7296773E-01   9.7298926E-01   9.7298926E-01   9.7298926E-01
    9.9178882E-01   9.9178882E-01   9.8357641E-01   9.8526687E-01   9.8526687E-01
    9.8752552E-01   1.0084328E+00   1.0084328E+00   1.0050154E+00   1.0050154E+00
    9.8503006E-01   9.9826423E-01   9.9826423E-01   9.9025804E-01   9.9025804E-01
    9.8796820E-01   9.8796820E-01   9.8796820E-01   1.0062467E+00   1.0062467E+00
    9.7462237E-01   9.7462237E-01   9.8487666E-01   9.8487666E-01   9.8487666E-01
    9.8487666E-01   9.8397956E-01   9.8189876E-01   9.8189876E-01   9.8189876E-01
    9.7655473E-01   9.7655473E-01   1.0384098E+00   9.7894385E-01   9.7141099E-01
    9.7141099E-01   9.7141099E-01   9.7141099E-01   9.9376952E-01   9.9376952E-01
    9.9376952E-01   9.9376952E-01   9.9125740E-01   9.9125740E-01   1.0005948E+00
    1.0005948E+00   9.9008000E-01   9.9008000E-01   9.9008000E-01   9.7868175E-01
    9.7868175E-01   1.0077784E+00   1.0077784E+00   1.0690446E+00   1.0690446E+00
    1.0011379E+00   1.0011379E+00   1.0073504E+00   1.0073504E+00

 3.1493334593E+02   5.0089828E+01   9.4570252E+13   2.7220726E+00   5.7372670E+06   1.5184587E-02   9.9951928E-01    57 
    9.8456530E-01   9.8456530E-01   9.8451006E-01   9.8451006E-01   9.8451006E-01
    9.9299152E-01   9.9299152E-01   9.9168010E-01   9.9417250E-01   9.9417250E-01
    9.9428343E-01   9.9850417E-01   9.9850417E-01   9.9482522E-01   9.9482522E-01
    9.9123165E-01   9.9797677E-01   9.9797677E-01   9.9432873E-01   9.9432873E-01
    9.9318207E-01   9.9318207E-01   9.9318207E-01   1.0023390E+00   1.0023390E+00
    9.8864185E-01   9.8864185E-01   9.9151337E-01   9.9151337E-01   9.9151337E-01
    9.9151337E-01   9.9089699E-01   9.9004231E-01   9.9004231E-01   9.9004231E-01
    9.8961520E-01   9.8961520E-01   1.0081928E+00   9.9053436E-01   9.8497418E-01
    9.8497418E-01   9.8497418E-01   9.8497418E-01   9.9642049E-01   9.9642049E-01
    9.9642049E-01   9.9642049E-01   9.9152886E-01   9.9152886E-01   9.9553658E-01
    9.9553658E-01   9.9462065E-01   9.9462065E-01   9.9462065E-01   9.9107692E-01
    9.9107692E-01   1.0019382E+00   1.0019382E+00   1.0195813E+00   1.0195813E+00
    1.0008023E+00   1.0008023E+00   1.0032542E+00   1.0032542E+00

 3.1417760770E+02   1.7005969E+03   1.0823612E+14   2.9032028E+00   7.7465853E+05   1.3419194E-02   9.9957515E-01    58 
    9.8941545E-01   9.8941545E-01   9.8934478E-01   9.8934478E-01   9.8934478E-01
    9.9143774E-01   9.9143774E-01   9.9424948E-01   9.9661682E-01   9.9661682E-01
    9.9631116E-01   9.9349953E-01   9.9349953E-01   9.9682041E-01   9.9682041E-01
    9.9451896E-01   9.9668982E-01   9.9668982E-01   9.9617321E-01   9.9617321E-01
    9.9534971E-01   9.9534971E-01   9.9534971E-01   9.9883140E-01   9.9883140E-01
    9.9526825E-01   9.9526825E-01   9.9424423E-01   9.9424423E-01   9.9424423E-01
    9.9424423E-01   9.9349199E-01   9.9318448E-01   9.9318448E-01   9.9318448E-01
    9.9568102E-01   9.9568102E-01   9.9577591E-01   9.9638146E-01   9.9090281E-01
    9.9090281E-01   9.9090281E-01   9.9090281E-01   9.9672425E-01   9.9672425E-01
    9.9672425E-01   9.9672425E-01   9.9515889E-01   9.9515889E-01   9.9351165E-01
    9.9351165E-01   9.9505723E-01   9.9505723E-01   9.9505723E-01   9.9665642E-01
    9.9665642E-01   9.9773563E-01   9.9773563E-01   9.9631237E-01   9.9631237E-01
    1.0005388E+00   1.0005388E+00   9.9975150E-01   9.9975150E-01

 3.1333889719E+02   4.6675684E+04   1.2092292E+14   3.1005529E+00   1.1140219E+05   1.2344704E-02   9.9960916E-01    59 
    9.9140069E-01   9.9140069E-01   9.9137002E-01   9.9137002E-01   9.9137002E-01
    9.9183427E-01   9.9183427E-01   9.9457334E-01   9.9623001E-01   9.9623001E-01
    9.9613837E-01   9.9414135E-01   9.9414135E-01   9.9699845E-01   9.9699845E-01
    9.9672592E-01   9.9699809E-01   9.9699809E-01   9.9694232E-01   9.9694232E-01
    9.9649427E-01   9.9649427E-01   9.9649427E-01   9.9839751E-01   9.9839751E-01
    9.9741794E-01   9.9741794E-01   9.9550888E-01   9.9550888E-01   9.9550888E-01
    9.9550888E-01   9.9383416E-01   9.9430619E-01   9.9430619E-01   9.9430619E-01
    9.9743333E-01   9.9743333E-01   9.9400067E-01   9.9802811E-01   9.9353701E-01
    9.9353701E-01   9.9353701E-01   9.9353701E-01   9.9662196E-01   9.9662196E-01
    9.9662196E-01   9.9662196E-01   9.9815159E-01   9.9815159E-01   9.9481102E-01
    9.9481102E-01   9.9183818E-01   9.9183818E-01   9.9183818E-01   9.9823647E-01
    9.9823647E-01   9.9720919E-01   9.9720919E-01   9.8934566E-01   9.8934566E-01
    1.0001741E+00   1.0001741E+00   9.9856199E-01   9.9856199E-01

 3.1236307411E+02   8.7926346E+05   1.3320724E+14   3.3152844E+00   1.7359179E+04   1.1868641E-02   9.9962423E-01    60 
    9.9369340E-01   9.9369340E-01   9.9368636E-01   9.9368636E-01   9.9368636E-01
    9.9377514E-01   9.9377514E-01   9.9543849E-01   9.9628160E-01   9.9628160E-01
    9.9622204E-01   9.9528804E-01   9.9528804E-01   9.9643242E-01   9.9643242E-01
    9.9997344E-01   9.9926745E-01   9.9926745E-01   9.9909566E-01   9.9909566E-01
    9.9815100E-01   9.9815100E-01   9.9815100E-01   9.9930007E-01   9.9930007E-01
    9.9844802E-01   9.9844802E-01   9.9730887E-01   9.9730887E-01   9.9730887E-01
    9.9730887E-01   9.9507239E-01   9.9613671E-01   9.9613671E-01   9.9613671E-01
    9.9821831E-01   9.9821831E-01   9.9537079E-01   9.9867052E-01   9.9620374E-01
    9.9620374E-01   9.9620374E-01   9.9620374E-01   9.9768296E-01   9.9768296E-01
    9.9768296E-01   9.9768296E-01   1.0003559E+00   1.0003559E+00   9.9693483E-01
    9.9693483E-01   9.9092082E-01   9.9092082E-01   9.9092082E-01   9.9908087E-01
    9.9908087E-01   9.9836254E-01   9.9836254E-01   9.8691955E-01   9.8691955E-01
    1.0002978E+00   1.0002978E+00   9.9969455E-01   9.9969455E-01

 3.1115594392E+02   1.0152884E+07   1.4602414E+14   3.5512442E+00   2.9047577E+03   1.1625380E-02   9.9963193E-01    61 
    9.9520530E-01   9.9520530E-01   9.9520445E-01   9.9520445E-01   9.9520445E-01
    9.9523218E-01   9.9523218E-01   9.9598382E-01   9.9617226E-01   9.9617226E-01
    9.9621138E-01   9.9592783E-01   9.9592783E-01   9.9610036E-01   9.9610036E-01
    1.0019729E+00   1.0015655E+00   1.0015655E+00   1.0016000E+00   1.0016000E+00
    9.9862830E-01   9.9862830E-01   9.9862830E-01   9.9932952E-01   9.9932952E-01
    9.9888892E-01   9.9888892E-01   9.9804420E-01   9.9804420E-01   9.9804420E-01
    9.9804420E-01   9.9606627E-01   9.9710730E-01   9.9710730E-01   9.9710730E-01
    9.9850202E-01   9.9850202E-01   9.9635789E-01   9.9898778E-01   9.9749279E-01
    9.9749279E-01   9.9749279E-01   9.9749279E-01   9.9846621E-01   9.9846621E-01
    9.9846621E-01   9.9846621E-01   1.0012690E+00   1.0012690E+00   9.9799237E-01
    9.9799237E-01   9.9238973E-01   9.9238973E-01   9.9238973E-01   9.9969209E-01
    9.9969209E-01   9.9893410E-01   9.9893410E-01   9.8667008E-01   9.8667008E-01
    1.0000281E+00   1.0000281E+00   1.0012551E+00   1.0012551E+00

 3.0959858648E+02   7.6683676E+07   1.6361707E+14   3.8098543E+00   5.4072685E+02   1.0891578E-02   9.9965516E-01    62 
    9.9669160E-01   9.9669160E-01   9.9669163E-01   9.9669163E-01   9.9669163E-01
    9.9670265E-01   9.9670265E-01   9.9693932E-01   9.9697171E-01   9.9697171E-01
    9.9700097E-01   9.9694515E-01   9.9694515E-01   9.9685130E-01   9.9685130E-01
    1.0016177E+00   1.0016119E+00   1.0016119E+00   1.0017242E+00   1.0017242E+00
    9.9850306E-01   9.9850306E-01   9.9850306E-01   9.9902586E-01   9.9902586E-01
    9.9913158E-01   9.9913158E-01   9.9819174E-01   9.9819174E-01   9.9819174E-01
    9.9819174E-01   9.9698609E-01   9.9763674E-01   9.9763674E-01   9.9763674E-01
    9.9880710E-01   9.9880710E-01   9.9747351E-01   9.9908559E-01   9.9792934E-01
    9.9792934E-01   9.9792934E-01   9.9792934E-01   9.9863354E-01   9.9863354E-01
    9.9863354E-01   9.9863354E-01   1.0007618E+00   1.0007618E+00   9.9852766E-01
    9.9852766E-01   9.9500307E-01   9.9500307E-01   9.9500307E-01   1.0001258E+00
    1.0001258E+00   9.9880710E-01   9.9880710E-01   9.9304231E-01   9.9304231E-01
    9.9965567E-01   9.9965567E-01   1.0016427E+00   1.0016427E+00

 3.0765142919E+02   4.5180031E+08   1.9514252E+14   4.0931690E+00   1.1685058E+02   9.3880990E-03   9.9970276E-01    63 
    9.9809241E-01   9.9809241E-01   9.9809241E-01   9.9809241E-01   9.9809241E-01
    9.9809643E-01   9.9809643E-01   9.9814407E-01   9.9816182E-01   9.9816182E-01
    9.9817302E-01   9.9817407E-01   9.9817407E-01   9.9804959E-01   9.9804959E-01
    1.0006458E+00   1.0006911E+00   1.0006911E+00   1.0007755E+00   1.0007755E+00
    9.9894483E-01   9.9894483E-01   9.9894483E-01   9.9942648E-01   9.9942648E-01
    9.9938054E-01   9.9938054E-01   9.9880639E-01   9.9880639E-01   9.9880639E-01
    9.9880639E-01   9.9828244E-01   9.9856119E-01   9.9856119E-01   9.9856119E-01
    9.9921374E-01   9.9921374E-01   9.9876781E-01   9.9922786E-01   9.9868554E-01
    9.9868554E-01   9.9868554E-01   9.9868554E-01   9.9897825E-01   9.9897825E-01
    9.9897825E-01   9.9897825E-01   1.0000900E+00   1.0000900E+00   9.9929794E-01
    9.9929794E-01   9.9757463E-01   9.9757463E-01   9.9757463E-01   1.0000341E+00
    1.0000341E+00   9.9919036E-01   9.9919036E-01   9.9791683E-01   9.9791683E-01
    9.9963027E-01   9.9963027E-01   1.0006046E+00   1.0006046E+00

 3.0541067134E+02   2.2365933E+09   2.4810628E+14   4.4023084E+00   2.9533008E+01   7.5325289E-03   9.9976150E-01    64 
    9.9892758E-01   9.9892758E-01   9.9892752E-01   9.9892752E-01   9.9892752E-01
    9.9892825E-01   9.9892825E-01   9.9893063E-01   9.9894266E-01   9.9894266E-01
    9.9894523E-01   9.9895136E-01   9.9895136E-01   9.9885559E-01   9.9885559E-01
    1.0000992E+00   1.0001130E+00   1.0001130E+00   1.0001363E+00   1.0001363E+00
    9.9938779E-01   9.9938779E-01   9.9938779E-01   9.9983748E-01   9.9983748E-01
    9.9962893E-01   9.9962893E-01   9.9933428E-01   9.9933428E-01   9.9933428E-01
    9.9933428E-01   9.9918130E-01   9.9925742E-01   9.9925742E-01   9.9925742E-01
    9.9957456E-01   9.9957456E-01   9.9951829E-01   9.9952395E-01   9.9928503E-01
    9.9928503E-01   9.9928503E-01   9.9928503E-01   9.9936597E-01   9.9936597E-01
    9.9936597E-01   9.9936597E-01   9.9985187E-01   9.9985187E-01   9.9988795E-01
    9.9988795E-01   9.9902340E-01   9.9902340E-01   9.9902340E-01   9.9985935E-01
    9.9985935E-01   9.9970803E-01   9.9970803E-01   9.9944578E-01   9.9944578E-01
    9.9973931E-01   9.9973931E-01   9.9987756E-01   9.9987756E-01

 3.0300410221E+02   8.9686115E+09   3.2930826E+14   4.7369819E+00   8.6303506E+00   5.7771642E-03   9.9981707E-01    65 
    9.9936033E-01   9.9936033E-01   9.9936024E-01   9.9936024E-01   9.9936024E-01
    9.9935956E-01   9.9935956E-01   9.9935693E-01   9.9936361E-01   9.9936361E-01
    9.9936399E-01   9.9936747E-01   9.9936747E-01   9.9930617E-01   9.9930617E-01
    9.9994495E-01   9.9994167E-01   9.9994167E-01   9.9993773E-01   9.9993773E-01
    9.9962370E-01   9.9962370E-01   9.9962370E-01   1.0000374E+00   1.0000374E+00
    9.9981868E-01   9.9981868E-01   9.9960301E-01   9.9960301E-01   9.9960301E-01
    9.9960301E-01   9.9959649E-01   9.9958996E-01   9.9958996E-01   9.9958996E-01
    9.9981867E-01   9.9981867E-01   9.9981946E-01   9.9975694E-01   9.9958381E-01
    9.9958381E-01   9.9958381E-01   9.9958381E-01   9.9960764E-01   9.9960764E-01
    9.9960764E-01   9.9960764E-01   9.9985762E-01   9.9985762E-01   1.0001164E+00
    1.0001164E+00   9.9960279E-01   9.9960279E-01   9.9960279E-01   9.9986129E-01
    9.9986129E-01   9.9999168E-01   9.9999168E-01   9.9980435E-01   9.9980435E-01
    9.9984578E-01   9.9984578E-01   9.9972513E-01   9.9972513E-01

 3.0048515237E+02   2.6929973E+10   4.5178203E+14   5.1040378E+00   2.8238186E+00   4.2856536E-03   9.9986430E-01    66 
    9.9962443E-01   9.9962443E-01   9.9962433E-01   9.9962433E-01   9.9962433E-01
    9.9962319E-01   9.9962319E-01   9.9962232E-01   9.9962480E-01   9.9962480E-01
    9.9962559E-01   9.9962604E-01   9.9962604E-01   9.9959619E-01   9.9959619E-01
    9.9993869E-01   9.9993226E-01   9.9993226E-01   9.9992764E-01   9.9992764E-01
    9.9975460E-01   9.9975460E-01   9.9975460E-01   1.0001100E+00   1.0001100E+00
    9.9992888E-01   9.9992888E-01   9.9974438E-01   9.9974438E-01   9.9974438E-01
    9.9974438E-01   9.9977370E-01   9.9974734E-01   9.9974734E-01   9.9974734E-01
    9.9994945E-01   9.9994945E-01   9.9993667E-01   9.9988915E-01   9.9973604E-01
    9.9973604E-01   9.9973604E-01   9.9973604E-01   9.9974664E-01   9.9974664E-01
    9.9974664E-01   9.9974664E-01   9.9991849E-01   9.9991849E-01   1.0001753E+00
    1.0001753E+00   9.9980942E-01   9.9980942E-01   9.9980942E-01   9.9991969E-01
    9.9991969E-01   1.0000726E+00   1.0000726E+00   9.9991459E-01   9.9991459E-01
    9.9991948E-01   9.9991948E-01   9.9972095E-01   9.9972095E-01

 2.9849067776E+02   4.9475340E+10   5.8406229E+14   5.4151235E+00   1.2598765E+00   3.3606739E-03   9.9989358E-01    67 
    9.9975967E-01   9.9975967E-01   9.9975959E-01   9.9975959E-01   9.9975959E-01
    9.9975822E-01   9.9975822E-01   9.9975887E-01   9.9975851E-01   9.9975851E-01
    9.9976051E-01   9.9975860E-01   9.9975860E-01   9.9974954E-01   9.9974954E-01
    9.9995425E-01   9.9994973E-01   9.9994973E-01   9.9994829E-01   9.9994829E-01
    9.9982750E-01   9.9982750E-01   9.9982750E-01   1.0001255E+00   1.0001255E+00
    9.9997486E-01   9.9997486E-01   9.9982124E-01   9.9982124E-01   9.9982124E-01
    9.9982124E-01   9.9984905E-01   9.9982578E-01   9.9982578E-01   9.9982578E-01
    9.9999848E-01   9.9999848E-01   9.9997911E-01   9.9994323E-01   9.9981709E-01
    9.9981709E-01   9.9981709E-01   9.9981709E-01   9.9982333E-01   9.9982333E-01
    9.9982333E-01   9.9982333E-01   9.9995861E-01   9.9995861E-01   1.0001816E+00
    1.0001816E+00   9.9987968E-01   9.9987968E-01   9.9987968E-01   9.9995458E-01
    9.9995458E-01   1.0000823E+00   1.0000823E+00   9.9995521E-01   9.9995521E-01
    9.9995439E-01   9.9995439E-01   9.9974363E-01   9.9974363E-01

 2.9738332220E+02   6.3512114E+10   6.7333326E+14   5.5973209E+00   8.2251766E-01   2.9372483E-03   9.9990699E-01    68 
    9.9981241E-01   9.9981241E-01   9.9981236E-01   9.9981236E-01   9.9981236E-01
    9.9981081E-01   9.9981081E-01   9.9981222E-01   9.9981030E-01   9.9981030E-01
    9.9981325E-01   9.9980975E-01   9.9980975E-01   9.9981064E-01   9.9981064E-01
    9.9996360E-01   9.9996060E-01   9.9996060E-01   9.9996069E-01   9.9996069E-01
    9.9986176E-01   9.9986176E-01   9.9986176E-01   1.0001257E+00   1.0001257E+00
    9.9998999E-01   9.9998999E-01   9.9985717E-01   9.9985717E-01   9.9985717E-01
    9.9985717E-01   9.9988065E-01   9.9986112E-01   9.9986112E-01   9.9986112E-01
    1.0000126E+00   1.0000126E+00   9.9999240E-01   9.9996111E-01   9.9985465E-01
    9.9985465E-01   9.9985465E-01   9.9985465E-01   9.9985886E-01   9.9985886E-01
    9.9985886E-01   9.9985886E-01   9.9997403E-01   9.9997403E-01   1.0001785E+00
    1.0001785E+00   9.9990588E-01   9.9990588E-01   9.9990588E-01   9.9996685E-01
    9.9996685E-01   1.0000799E+00   1.0000799E+00   9.9996812E-01   9.9996812E-01
    9.9996699E-01   9.9996699E-01   9.9975987E-01   9.9975987E-01

 2.9683051233E+02   7.0612945E+10   7.2319354E+14   5.6909261E+00   6.6892491E-01   2.7450806E-03   9.9991308E-01    69 
    9.9979864E-01   9.9979864E-01   9.9979860E-01   9.9979860E-01   9.9979860E-01
    9.9979708E-01   9.9979708E-01   9.9979893E-01   9.9979546E-01   9.9979546E-01
    9.9979966E-01   9.9979408E-01   9.9979408E-01   9.9979900E-01   9.9979900E-01
    9.9995327E-01   9.9995072E-01   9.9995072E-01   9.9995125E-01   9.9995125E-01
    9.9985484E-01   9.9985484E-01   9.9985484E-01   1.0001129E+00   1.0001129E+00
    9.9998221E-01   9.9998221E-01   9.9984997E-01   9.9984997E-01   9.9984997E-01
    9.9984997E-01   9.9987660E-01   9.9985480E-01   9.9985480E-01   9.9985480E-01
    1.0000045E+00   1.0000045E+00   9.9998475E-01   9.9995437E-01   9.9984739E-01
    9.9984739E-01   9.9984739E-01   9.9984739E-01   9.9985224E-01   9.9985224E-01
    9.9985224E-01   9.9985224E-01   9.9996821E-01   9.9996821E-01   1.0001658E+00
    1.0001658E+00   9.9990497E-01   9.9990497E-01   9.9990497E-01   9.9996011E-01
    9.9996011E-01   1.0000667E+00   1.0000667E+00   9.9996216E-01   9.9996216E-01
    9.9996217E-01   9.9996217E-01   9.9975909E-01   9.9975909E-01

 2.9664691102E+02   7.3022007E+10   7.4059304E+14   5.7223030E+00   6.2297432E-01   2.6839513E-03   9.9991501E-01    70 
    9.9602716E-01   9.9602716E-01   9.9605314E-01   9.9605314E-01   9.9605314E-01
    9.9658564E-01   9.9658564E-01   9.9679779E-01   9.9689356E-01   9.9689356E-01
    9.9668670E-01   9.9700025E-01   9.9700025E-01   9.9715661E-01   9.9715661E-01
    9.9847795E-01   9.9852032E-01   9.9852032E-01   9.9910183E-01   9.9910183E-01
    9.9825437E-01   9.9825437E-01   9.9825437E-01   9.9848950E-01   9.9848950E-01
    9.9951821E-01   9.9951821E-01   9.9834417E-01   9.9834417E-01   9.9834417E-01
    9.9834417E-01   9.9854012E-01   9.9842118E-01   9.9842118E-01   9.9842118E-01
    9.9972508E-01   9.9972508E-01   9.9910742E-01   9.9962086E-01   9.9835405E-01
    9.9835405E-01   9.9835405E-01   9.9835405E-01   9.9883433E-01   9.9883433E-01
    9.9883433E-01   9.9883433E-01   9.9932557E-01   9.9932557E-01   9.9879726E-01
    9.9879726E-01   9.9887868E-01   9.9887868E-01   9.9887868E-01   9.9987682E-01
    9.9987682E-01   9.9893207E-01   9.9893207E-01   9.9918621E-01   9.9918621E-01
    9.9861291E-01   9.9861291E-01   9.9849054E-01   9.9849054E-01
