!
! Note: The effective temperature and surface gravity are defined
! at the reference radius, which (except when using the old
! velocity) is the location where Tau=2/3.
!
! Effective temperature (10^4 K) is:    1.850000E+00
!      Log surface gravity (cgs) is:    2.400000E+00
!         Core radius (10^10 cm) is:    3.171962E+02
!    Reference radius (10^10 cm) is:    3.360021E+02
!              Luminosity (Lsun) is:    2.462985E+05
!            Mass (Msun) of star is:    2.136756E+01
!       Mass loss rate (Msun/yr) is:    8.000000E-07
!         Mean atomic mass (amu) is:    1.703840E+00
!            Eddington parameter is:    2.073115E-01
!                   Atom density is:    1.000000E+08
! Ratio of inner to outer radius is:  133.47027031
!
      70          !Number of depth points
!
!    R(10^10cm)       V(km/s)         Sigma           Tau     Index
 42336.26676000  6.418957E+02 -9.874393E-01  3.484142E-05         1
 41123.88621385  6.416574E+02 -9.870065E-01  3.586876E-05         2
 38803.32652919  6.411596E+02 -9.861144E-01  3.801521E-05         3
 32603.58154941  6.394898E+02 -9.828053E-01  4.525646E-05         4
 25117.37812770  6.363510E+02 -9.773658E-01  5.878483E-05         5
 19387.67502326  6.323893E+02 -9.709476E-01  7.635720E-05         6
 14967.09337075  6.273264E+02 -9.617263E-01  9.918242E-05         7
 11575.02862836  6.206905E+02 -9.492576E-01  1.288307E-04         8
  8991.13911332  6.121547E+02 -9.352639E-01  1.673417E-04         9
  7030.72347071  6.018720E+02 -9.183124E-01  2.173646E-04        10
  5512.55380988  5.892007E+02 -8.925844E-01  2.823407E-04        11
  4333.36469918  5.727916E+02 -8.583592E-01  3.667400E-04        12
  3423.00178498  5.523692E+02 -8.240726E-01  4.763684E-04        13
  2718.42779873  5.291189E+02 -7.723492E-01  6.187677E-04        14
  2165.67689407  4.997213E+02 -6.935600E-01  8.037341E-04        15
  1738.48337685  4.637283E+02 -6.197045E-01  1.043992E-03        16
  1409.12640615  4.259538E+02 -4.976169E-01  1.356069E-03        17
  1150.67373568  3.791663E+02 -3.351312E-01  1.761435E-03        18
   953.79180137  3.303247E+02 -1.497817E-01  2.287975E-03        19
   801.26865990  2.799336E+02  1.153282E-01  2.971912E-03        20
   683.66178038  2.287326E+02  4.707614E-01  3.860296E-03        21
   593.41392429  1.803964E+02  9.300453E-01  5.014243E-03        22
   524.31250483  1.371471E+02  1.539508E+00  6.513135E-03        23
   471.53645675  1.005420E+02  2.334492E+00  8.460086E-03        24
   431.29491845  7.139702E+01  3.315205E+00  1.098903E-02        25
   400.63924502  4.972971E+01  4.410413E+00  1.427395E-02        26
   377.03332782  3.451690E+01  4.837035E+00  1.854082E-02        27
   357.21585669  2.575832E+01  5.132831E+00  2.416154E-02        28
   343.03227478  1.948321E+01  1.457902E+01  3.020957E-02        29
   341.36896430  1.194700E+01  2.579252E+02  3.122135E-02        30
   341.08366174  7.624557E+00  5.393355E+02  3.151768E-02        31
   340.82007205  5.188827E+00  4.905054E+02  3.194735E-02        32
   340.47956534  3.413979E+00  4.244399E+02  3.277527E-02        33
   340.12130760  2.242464E+00  4.129936E+02  3.409857E-02        34
   339.78445799  1.494222E+00  4.419391E+02  3.598460E-02        35
   339.47423536  9.680778E-01  4.819355E+02  3.871463E-02        36
   339.16471515  6.402737E-01  4.619344E+02  4.313404E-02        37
   338.84216892  4.206238E-01  4.476399E+02  5.058219E-02        38
   338.49645521  2.740602E-01  4.181557E+02  6.385511E-02        39
   338.18742259  1.925499E-01  3.765099E+02  8.300195E-02        40
   337.91719179  1.460034E-01  3.340516E+02  1.078342E-01        41
   337.66355107  1.158277E-01  2.962450E+02  1.400687E-01        42
   337.41371243  9.453872E-02  2.629743E+02  1.819390E-01        43
   337.15909491  7.862562E-02  2.335816E+02  2.363255E-01        44
   336.89293451  6.623382E-02  2.075771E+02  3.069695E-01        45
   336.60933647  5.628178E-02  1.850196E+02  3.987309E-01        46
   336.30295891  4.807293E-02  1.665945E+02  5.179224E-01        47
   335.96910715  4.110675E-02  1.532387E+02  6.727433E-01        48
   335.60414679  3.501515E-02  1.446683E+02  8.738443E-01        49
   335.20618206  2.961461E-02  1.386680E+02  1.135060E+00        50
   334.77539384  2.487306E-02  1.325384E+02  1.474360E+00        51
   334.31356012  2.082817E-02  1.245721E+02  1.915086E+00        52
   333.82309045  1.747811E-02  1.142910E+02  2.487556E+00        53
   333.30573953  1.478849E-02  1.013843E+02  3.231154E+00        54
   332.76122289  1.269094E-02  8.591768E+01  4.197033E+00        55
   332.18558088  1.110968E-02  6.802785E+01  5.451639E+00        56
   331.56911901  9.975929E-03  4.841551E+01  7.081280E+00        57
   330.89217363  9.231403E-03  2.971308E+01  9.198065E+00        58
   330.12000385  8.783786E-03  1.767873E+01  1.194761E+01        59
   329.19820984  8.416642E-03  1.731339E+01  1.551908E+01        60
   328.06449441  7.788310E-03  2.519203E+01  2.015815E+01        61
   326.69491984  6.824893E-03  3.300669E+01  2.618396E+01        62
   325.11876461  5.692491E-03  3.810004E+01  3.401105E+01        63
   323.38825164  4.572109E-03  4.132808E+01  4.417787E+01        64
   321.55147843  3.568413E-03  4.331487E+01  5.738382E+01        65
   319.62844757  2.732750E-03  4.368984E+01  7.480662E+01        66
   318.39646692  2.303436E-03  4.312177E+01  8.845497E+01        67
   317.67693409  2.086065E-03  4.268719E+01  9.749900E+01        68
   317.31644016  1.985397E-03  4.269702E+01  1.023621E+02        69
   317.19623150  1.952765E-03  4.277711E+01  1.040364E+02        70
   317.19623150  1.952765E-03  4.277711E+01  1.040364E+02        70
