 
  Scaling is for STEQ_VALS(NT,:). This is cgs units scaled
  by a factor of 10^10 on 4PI. The 10^9 comes from V . T
 
 SCALE=1.0D+09*BOLTZMANN_CONSTANT()/4.0D0/PI=  1.0987E-08
 T1=R(I)-R(I+1)
 GAMMA=ED/POP_ATOM
 A=1.5D0*SCALE*(POP_ATOM+ED)*V/T1 * (T(I)-T(I+1)
 B=SCALE*(POP_ATOM+ED)*V*(3.0D0+SIGMA)/R * T(I)
 C=1.5D0*SCALE*POP_ATOM*V/T1 * T(I)*(GAMMA(I)-GAMMA(I+1))
 D=SCALE*POP_ATOM*V/T1* (INT_EN(I)-INT_EN(I+1))
 
        R                  V        SIGMA            T       NU_ION            A            B            C            D
  1.9165609E+04   1.9482E+03  -9.8381E-01   9.9149E-01   4.2377E+00  -5.1881E-04   3.2681E-03  -4.3748E-06  -1.8584E-04
  1.8569176E+04   1.9472E+03  -9.8322E-01   9.9807E-01   4.2392E+00  -5.8523E-04   3.6184E-03  -6.2469E-06  -2.6359E-04
  1.7432493E+04   1.9451E+03  -9.8191E-01   1.0114E+00   4.2430E+00  -7.7228E-04   4.4350E-03  -9.2948E-06  -3.8701E-04
  1.4426345E+04   1.9378E+03  -9.7737E-01   1.0522E+00   4.2560E+00  -1.4941E-03   8.1638E-03  -1.6667E-05  -6.6701E-04
  1.0875303E+04   1.9244E+03  -9.6941E-01   1.1161E+00   4.2741E+00  -3.0748E-03   2.0307E-02  -3.9623E-05  -1.4948E-03
  8.2065351E+03   1.9067E+03  -9.5898E-01   1.1723E+00   4.2914E+00  -5.8374E-03   4.9925E-02  -8.6017E-05  -3.0896E-03
  6.2055592E+03   1.8833E+03  -9.4488E-01   1.2177E+00   4.3067E+00  -1.0769E-02   1.2084E-01  -1.9752E-04  -6.8291E-03
  4.7070531E+03   1.8526E+03  -9.2635E-01   1.2536E+00   4.3211E+00  -2.0522E-02   2.8778E-01  -5.1408E-04  -1.7264E-02
  3.5856099E+03   1.8130E+03  -9.0411E-01   1.2831E+00   4.3369E+00  -4.2509E-02   6.7390E-01  -1.5477E-03  -5.0784E-02
  2.7460605E+03   1.7640E+03  -8.7572E-01   1.3096E+00   4.3570E+00  -9.7249E-02   1.5531E+00  -5.0911E-03  -1.6367E-01
  2.1118261E+03   1.7030E+03  -8.3451E-01   1.3364E+00   4.3857E+00  -2.3885E-01   3.5560E+00  -1.6386E-02  -5.1621E-01
  1.6314024E+03   1.6253E+03  -7.7654E-01   1.3659E+00   4.4263E+00  -5.8297E-01   8.1070E+00  -4.7005E-02  -1.4489E+00
  1.2689133E+03   1.5280E+03  -7.0779E-01   1.3982E+00   4.4775E+00  -1.2592E+00   1.8217E+01  -1.4052E-01  -4.2315E+00
  9.9680722E+02   1.4152E+03  -6.2696E-01   1.4299E+00   4.5455E+00  -2.1040E+00   3.9885E+01  -5.7178E-01  -1.6836E+01
  7.9003122E+02   1.2876E+03  -4.9504E-01   1.4546E+00   4.6725E+00  -6.3337E+00   8.6436E+01  -2.1974E+00  -6.3601E+01
  6.3289513E+02   1.1337E+03  -3.2852E-01   1.4901E+00   4.9013E+00  -1.5829E+01   1.8522E+02  -6.8235E+00  -1.9280E+02
  5.1563276E+02   9.7311E+02  -1.3620E-01   1.5321E+00   5.2335E+00  -4.6153E+01   3.8209E+02  -4.4401E+00  -1.2202E+02
  4.2707746E+02   8.1132E+02   1.3188E-01   1.5928E+00   5.3389E+00  -7.5940E+01   7.6746E+02   3.3945E+01   8.9727E+02
  3.6001034E+02   6.5069E+02   4.9238E-01   1.6444E+00   4.9362E+00  -1.6422E+02   1.4537E+03  -6.8270E+00  -1.7474E+02
  3.0933918E+02   5.0244E+02   9.5668E-01   1.7053E+00   4.9783E+00  -3.8061E+02   2.6963E+03  -1.8623E+01  -4.5959E+02
  2.7099945E+02   3.7327E+02   1.5570E+00   1.7840E+00   5.0402E+00  -6.4130E+02   4.8424E+03  -1.9605E+01  -4.6248E+02
  2.4201207E+02   2.6783E+02   2.3223E+00   1.8608E+00   5.0763E+00  -8.7481E+02   8.2734E+03   2.1459E+02   4.8553E+03
  2.2008431E+02   1.8656E+02   3.2937E+00   1.9240E+00   4.8470E+00  -7.4056E+02   1.2885E+04   3.5457E+02   7.7584E+03
  2.0338481E+02   1.2663E+02   4.4748E+00   1.9592E+00   4.6080E+00  -6.2432E+01   1.5881E+04   1.3083E+02   2.8094E+03
  1.9058189E+02   8.4754E+01   5.7935E+00   1.9617E+00   4.5382E+00   2.0524E+01   1.3638E+04  -2.5148E+01  -5.4364E+02
  1.8060780E+02   5.6558E+01   6.9812E+00   1.9607E+00   4.5536E+00  -1.4289E+02   9.9603E+03  -1.5088E+02  -3.2461E+03
  1.7259803E+02   3.8646E+01   7.2418E+00   1.9690E+00   4.6744E+00   2.1377E+03   7.3530E+03   1.1341E+02   2.4285E+03
  1.6578028E+02   2.8333E+01   6.5503E+00   1.8147E+00   4.5615E+00  -1.4689E+04   5.2818E+03  -1.7723E+03  -4.1137E+04
  1.5937816E+02   2.1408E+01   1.0800E+01   3.0555E+00   6.7892E+00  -1.6612E+04   1.2742E+04  -3.9695E+02  -5.5338E+03
  1.5627344E+02   1.5729E+01   3.5345E+01   3.7695E+00   6.9542E+00  -1.2388E+04   3.9212E+04   7.5791E+00   5.6359E+01
  1.5593228E+02   9.6495E+00   3.8416E+02   3.8359E+00   6.9540E+00  -1.0459E+04   3.3619E+05   5.8698E+01   7.2583E+02
  1.5579079E+02   5.9241E+00   5.2542E+02   3.8639E+00   6.9526E+00  -9.4153E+03   4.1257E+05   3.7169E+01   4.3608E+02
  1.5560823E+02   3.7564E+00   3.8941E+02   3.9003E+00   6.9515E+00  -8.9161E+03   2.8993E+05   2.2422E+01   2.5316E+02
  1.5540146E+02   2.3814E+00   3.4716E+02   3.9420E+00   6.9506E+00  -8.6676E+03   2.5139E+05  -4.6391E-01  -9.2613E+00
  1.5517946E+02   1.5103E+00   3.2411E+02   3.9873E+00   6.9507E+00  -8.5003E+03   2.3209E+05  -1.8891E+01  -2.1265E+02
  1.5494552E+02   9.5747E-01   3.0707E+02   4.0353E+00   6.9515E+00  -8.0516E+03   2.1980E+05  -1.6746E+01  -1.9056E+02
  1.5469679E+02   6.0541E-01   2.8882E+02   4.0844E+00   6.9523E+00  -8.0996E+03   2.0807E+05  -5.8255E+00  -7.4373E+01
  1.5444331E+02   3.9054E-01   2.6842E+02   4.1350E+00   6.9526E+00  -8.1782E+03   1.9556E+05   2.4477E+00   1.7745E+01
  1.5421944E+02   2.7092E-01   2.5192E+02   4.1804E+00   6.9526E+00  -8.2680E+03   1.8578E+05   7.3576E+00   5.8932E+01
  1.5401547E+02   1.9702E-01   2.4014E+02   4.2222E+00   6.9524E+00  -8.3618E+03   1.7926E+05   1.3815E+01   1.3446E+02
  1.5382246E+02   1.4732E-01   2.3095E+02   4.2622E+00   6.9519E+00  -8.4580E+03   1.7450E+05   6.4082E+01   8.1406E+02
  1.5363565E+02   1.1221E-01   2.2268E+02   4.3014E+00   6.9493E+00  -8.5560E+03   1.7030E+05   4.9227E+01   5.5993E+02
  1.5345202E+02   8.6642E-02   2.1442E+02   4.3402E+00   6.9475E+00   4.3569E+04   1.6600E+05   6.7459E+02   6.9972E+03
  1.5326936E+02   6.7626E-02   2.0569E+02   4.1437E+00   6.9255E+00   6.3250E+03   1.5246E+05   3.5396E+02   3.6674E+03
  1.5308586E+02   5.3272E-02   1.9625E+02   4.1150E+00   6.9139E+00   1.0621E+04   1.4496E+05   4.1534E+02   4.2830E+03
  1.5289989E+02   4.2314E-02   1.8593E+02   4.0664E+00   6.9002E+00   1.7845E+04   1.3621E+05   9.0075E+02   9.3812E+03
  1.5270990E+02   3.3881E-02   1.7467E+02   3.9830E+00   6.8697E+00   2.5544E+04   1.2577E+05   2.0210E+03   2.1402E+04
  1.5251441E+02   2.7350E-02   1.6254E+02   3.8603E+00   6.7982E+00   3.1258E+04   1.1371E+05   4.5935E+03   5.0118E+04
  1.5231192E+02   2.2267E-02   1.4961E+02   3.7049E+00   6.6251E+00   3.4681E+04   1.0040E+05   1.0081E+04   1.1456E+05
  1.5210098E+02   1.8300E-02   1.3580E+02   3.5245E+00   6.2141E+00   3.1481E+04   8.5982E+04   1.5731E+04   1.8790E+05
  1.5188007E+02   1.5207E-02   1.2091E+02   3.3511E+00   5.5099E+00   2.0986E+04   7.1491E+04   1.2644E+04   1.5885E+05
  1.5164739E+02   1.2807E-02   1.0490E+02   3.2266E+00   4.8846E+00   8.0025E+03   5.8864E+04   5.1132E+03   6.6707E+04
  1.5140037E+02   1.0958E-02   8.7532E+01   3.1752E+00   4.6067E+00  -4.3026E+03   4.8342E+04  -5.0530E+02  -6.7035E+03
  1.5113467E+02   9.5630E-03   6.9037E+01   3.2051E+00   4.6366E+00  -1.4090E+04   3.9075E+04  -5.2529E+03  -6.8998E+04
  1.5084242E+02   8.5311E-03   5.2336E+01   3.3125E+00   4.9745E+00  -2.0083E+04   3.1590E+04  -9.0194E+03  -1.1464E+05
  1.5051138E+02   7.7253E-03   4.3215E+01   3.4830E+00   5.6079E+00  -2.2429E+04   2.8569E+04  -8.3793E+03  -1.0129E+05
  1.5012608E+02   6.9248E-03   4.3906E+01   3.6986E+00   6.2564E+00  -2.2737E+04   3.1747E+04  -4.6302E+03  -5.2717E+04
  1.4967567E+02   5.9951E-03   4.8592E+01   3.9471E+00   6.6490E+00  -2.2106E+04   3.8115E+04  -1.9201E+03  -2.0501E+04
  1.4915979E+02   5.0164E-03   5.1396E+01   4.2185E+00   6.8228E+00  -2.1546E+04   4.3655E+04  -7.5738E+02  -7.5964E+03
  1.4858392E+02   4.0885E-03   5.2554E+01   4.5100E+00   6.8942E+00  -2.1239E+04   4.8337E+04  -3.1839E+02  -3.0310E+03
  1.4795370E+02   3.2548E-03   5.3367E+01   4.8213E+00   6.9251E+00  -2.1350E+04   5.3156E+04  -1.5175E+02  -1.3984E+03
  1.4727653E+02   2.5372E-03   5.3653E+01   5.1544E+00   6.9403E+00  -2.1996E+04   5.7935E+04  -8.2246E+01  -7.4367E+02
  1.4656416E+02   1.9550E-03   5.2734E+01   5.5119E+00   6.9488E+00  -2.3040E+04   6.1856E+04  -4.7911E+01  -4.2686E+02
  1.4582518E+02   1.5025E-03   5.0828E+01   5.8965E+00   6.9537E+00  -2.4282E+04   6.4895E+04  -3.1087E+01  -2.8292E+02
  1.4506169E+02   1.1566E-03   4.8588E+01   6.3110E+00   6.9571E+00  -2.5604E+04   6.7628E+04  -2.5362E+01  -2.4720E+02
  1.4427134E+02   8.9130E-04   4.6504E+01   6.7588E+00   6.9601E+00  -2.7059E+04   7.0653E+04  -2.4818E+01  -2.5385E+02
  1.4344212E+02   6.8460E-04   4.4188E+01   7.2498E+00   6.9633E+00  -2.8190E+04   7.3505E+04  -2.5295E+01  -2.5524E+02
  1.4304798E+02   6.0589E-04   4.3054E+01   7.4901E+00   6.9649E+00  -2.8827E+04   7.4733E+04  -2.5133E+01  -2.4988E+02
  1.4284876E+02   5.7004E-04   4.2970E+01   7.6136E+00   6.9656E+00  -2.9014E+04   7.6146E+04  -2.6810E+01  -2.6388E+02
  1.4278210E+02   5.5844E-04   4.3090E+01   7.6551E+00   6.9659E+00  -2.9042E+04   7.6869E+04  -2.6981E+01  -2.6412E+02
