
 24-FEB-2004                           !Format date

 2.7267953231E+02     1.9566E+05       39       70

 4.4263708158E+04   2.8826824E+01   2.1372016E+06   9.6423435E-01   3.2540651E+00   6.3537175E+02   5.0000001E-02     1 
    2.1007972E+02   2.1007972E+02   2.5502741E-01   2.5502741E-01   2.5502741E-01
    3.2553628E-02   3.2553628E-02   1.7275673E-01   1.5074525E-01   1.5074525E-01
    1.5637131E+00   5.8979885E-02   5.8979885E-02   1.1897841E-02   2.9756928E-01
    2.9756928E-01   1.5214318E-04   1.5214318E-04   2.0139654E+00   1.9925054E-01
    1.9925054E-01   2.2710101E-03   2.2710101E-03   2.2710101E-03   2.1210109E+00
    2.1210109E+00   5.4062013E-03   5.4062013E-03   4.0523950E-03   4.0523950E-03
    8.8574413E+00   8.2864310E-02   8.2864310E-02   1.2925692E-03   1.2925692E-03
    3.2214003E+00   3.2214003E+00   6.2493606E-03   6.2493606E-03

 4.3852086357E+04   2.9450142E+01   2.1782096E+06   9.6459364E-01   3.2429648E+00   6.3531051E+02   5.0000001E-02     2 
    2.0779486E+02   2.0779486E+02   2.5692741E-01   2.5692741E-01   2.5692741E-01
    3.2844121E-02   3.2844121E-02   1.7411262E-01   1.5209291E-01   1.5209291E-01
    1.5690172E+00   5.9211263E-02   5.9211263E-02   1.2145234E-02   2.9930190E-01
    2.9930190E-01   1.5573936E-04   1.5573936E-04   2.0139834E+00   1.9944524E-01
    1.9944524E-01   2.3150691E-03   2.3150691E-03   2.3150691E-03   2.1284829E+00
    2.1284829E+00   5.4185793E-03   5.4185793E-03   4.0613211E-03   4.0613211E-03
    8.8429228E+00   8.3017199E-02   8.3017199E-02   1.3167358E-03   1.3167358E-03
    3.2263162E+00   3.2263162E+00   6.2599785E-03   6.2599785E-03

 4.3039830343E+04   3.0794898E+01   2.2632671E+06   9.6520669E-01   3.2130852E+00   6.3518608E+02   5.0000001E-02     3 
    2.0206104E+02   2.0206104E+02   2.5928957E-01   2.5928957E-01   2.5928957E-01
    3.3301656E-02   3.3301656E-02   1.7619980E-01   1.5441271E-01   1.5441271E-01
    1.5731402E+00   5.9494302E-02   5.9494302E-02   1.2604433E-02   3.0230373E-01
    3.0230373E-01   1.6275524E-04   1.6275524E-04   2.0070559E+00   1.9918101E-01
    1.9918101E-01   2.3970398E-03   2.3970398E-03   2.3970398E-03   2.1369009E+00
    2.1369009E+00   5.4267778E-03   5.4267778E-03   4.0684992E-03   4.0684992E-03
    8.7855708E+00   8.3079170E-02   8.3079170E-02   1.3633463E-03   1.3633463E-03
    3.2263031E+00   3.2263031E+00   6.2788480E-03   6.2788480E-03

 4.1462355161E+04   3.3820337E+01   2.4444187E+06   9.6620259E-01   3.1352662E+00   6.3493086E+02   5.0000001E-02     4 
    1.8844616E+02   1.8844616E+02   2.6063658E-01   2.6063658E-01   2.6063658E-01
    3.3948303E-02   3.3948303E-02   1.7911700E-01   1.5817423E-01   1.5817423E-01
    1.5663360E+00   5.9667515E-02   5.9667515E-02   1.3444750E-02   3.0746105E-01
    3.0746105E-01   1.7671982E-04   1.7671982E-04   1.9771824E+00   1.9719334E-01
    1.9719334E-01   2.5473121E-03   2.5473121E-03   2.5473121E-03   2.1398715E+00
    2.1398715E+00   5.4061214E-03   5.4061214E-03   4.0585294E-03   4.0585294E-03
    8.6060514E+00   8.2645753E-02   8.2645753E-02   1.4553135E-03   1.4553135E-03
    3.2037130E+00   3.2037130E+00   6.3116996E-03   6.3116996E-03

 3.8481589131E+04   4.1193282E+01   2.8532495E+06   9.6778850E-01   2.9446732E+00   6.3439482E+02   5.0000001E-02     5 
    1.5947472E+02   1.5947472E+02   2.5653033E-01   2.5653033E-01   2.5653033E-01
    3.4679015E-02   3.4679015E-02   1.8245923E-01   1.6361626E-01   1.6361626E-01
    1.5232604E+00   5.9159063E-02   5.9159063E-02   1.4992055E-02   3.1492453E-01
    3.1492453E-01   2.0576401E-04   2.0576401E-04   1.8863545E+00   1.9040928E-01
    1.9040928E-01   2.8238451E-03   2.8238451E-03   2.8238451E-03   2.1188163E+00
    2.1188163E+00   5.2962251E-03   5.2962251E-03   3.9912841E-03   3.9912841E-03
    8.1236983E+00   8.0689709E-02   8.0689709E-02   1.6459470E-03   1.6459470E-03
    3.1142281E+00   3.1142281E+00   6.3697603E-03   6.3697603E-03

 3.3148025410E+04   6.1888366E+01   3.8881319E+06   9.7060424E-01   2.5449031E+00   6.3320347E+02   5.0000001E-02     6 
    1.1057220E+02   1.1057220E+02   2.4076233E-01   2.4076233E-01   2.4076233E-01
    3.5590825E-02   3.5590825E-02   1.8636754E-01   1.7135391E-01   1.7135391E-01
    1.4093835E+00   5.7261018E-02   5.7261018E-02   1.8157523E-02   3.2583835E-01
    3.2583835E-01   2.7553719E-04   2.7553719E-04   1.6805125E+00   1.7445591E-01
    1.7445591E-01   3.3854528E-03   3.3854528E-03   3.3854528E-03   2.0460346E+00
    2.0460346E+00   5.0487400E-03   5.0487400E-03   3.8148912E-03   3.8148912E-03
    7.0814112E+00   7.5797164E-02   7.5797164E-02   2.1018876E-03   2.1018876E-03
    2.8941922E+00   2.8941922E+00   6.4876258E-03   6.4876258E-03

 2.4830792131E+04   1.3500352E+02   7.0562578E+06   9.7563389E-01   1.9087665E+00   6.3032849E+02   5.0000001E-02     7 
    5.3520059E+01   5.3520059E+01   2.0894177E-01   2.0894177E-01   2.0894177E-01
    3.6749756E-02   3.6749756E-02   1.8872557E-01   1.8176050E-01   1.8176050E-01
    1.2093156E+00   5.3554939E-02   5.3554939E-02   2.5948195E-02   3.3861693E-01
    3.3861693E-01   4.7855212E-04   4.7855212E-04   1.3421873E+00   1.4716581E-01
    1.4716581E-01   4.7565932E-03   4.7565932E-03   4.7565932E-03   1.8885346E+00
    1.8885346E+00   4.8664598E-03   4.8664598E-03   3.5321091E-03   3.5321091E-03
    5.3983847E+00   6.7669590E-02   6.7669590E-02   3.4053632E-03   3.4053632E-03
    2.5167643E+00   2.5167643E+00   6.7598966E-03   6.7598966E-03

 1.8607790377E+04   2.8826066E+02   1.2762629E+07   9.8097181E-01   1.4405214E+00   6.2640719E+02   5.0000001E-02     8 
    2.6362900E+01   2.6362900E+01   1.8374677E-01   1.8374677E-01   1.8374677E-01
    3.8242623E-02   3.8242623E-02   1.9177383E-01   1.8937318E-01   1.8937318E-01
    1.0504295E+00   5.1575016E-02   5.1575016E-02   3.7372285E-02   3.5581870E-01
    3.5581870E-01   8.3450457E-04   8.3450457E-04   1.0858097E+00   1.2801730E-01
    1.2801730E-01   6.7317686E-03   6.7317686E-03   6.7317686E-03   1.7963215E+00
    1.7963215E+00   5.2556949E-03   5.2556949E-03   3.3735780E-03   3.3735780E-03
    4.1424469E+00   6.2049474E-02   6.2049474E-02   5.6415373E-03   5.6415373E-03
    2.2227769E+00   2.2227769E+00   7.1580808E-03   7.1580808E-03

 1.3973148410E+04   6.0065226E+02   2.2972981E+07   9.8640426E-01   1.0937961E+00   6.2124082E+02   5.0000001E-02     9 
    1.3143137E+01   1.3143137E+01   1.6248282E-01   1.6248282E-01   1.6248282E-01
    4.0406168E-02   4.0406168E-02   1.9676865E-01   1.9587071E-01   1.9587071E-01
    9.2705851E-01   5.1149066E-02   5.1149066E-02   5.3839251E-02   3.8061434E-01
    3.8061434E-01   1.4713352E-03   1.4713352E-03   8.8838368E-01   1.1428404E-01
    1.1428404E-01   9.5343330E-03   9.5343330E-03   9.5343330E-03   1.7288915E+00
    1.7288915E+00   6.5029619E-03   6.5029619E-03   3.3613654E-03   3.3613654E-03
    3.1962521E+00   5.8961402E-02   5.8961402E-02   9.5190166E-03   9.5190166E-03
    1.9968069E+00   1.9968069E+00   7.7702955E-03   7.7702955E-03

 1.0513585816E+04   1.2248691E+03   4.1220496E+07   9.9188562E-01   8.3286558E-01   6.1454039E+02   5.0000001E-02    10 
    6.5897392E+00   6.5897392E+00   1.4354156E-01   1.4354156E-01   1.4354156E-01
    4.3108006E-02   4.3108006E-02   2.0321138E-01   2.0219470E-01   2.0219470E-01
    8.2508995E-01   5.2211650E-02   5.2211650E-02   7.7072848E-02   4.1459165E-01
    4.1459165E-01   2.6102185E-03   2.6102185E-03   7.3035575E-01   1.0525387E-01
    1.0525387E-01   1.3441224E-02   1.3441224E-02   1.3441224E-02   1.6886715E+00
    1.6886715E+00   9.1399210E-03   9.1399210E-03   3.5473836E-03   3.5473836E-03
    2.4673404E+00   5.8612466E-02   5.8612466E-02   1.6232694E-02   1.6232694E-02
    1.8196225E+00   1.8196225E+00   8.7578419E-03   8.7578419E-03

 7.9360352423E+03   2.4434475E+03   7.3636226E+07   9.9747625E-01   6.3483322E-01   6.0593199E+02   5.0000002E-02    11 
    3.3268430E+00   3.3268430E+00   1.2632153E-01   1.2632153E-01   1.2632153E-01
    4.6521028E-02   4.6521028E-02   2.1096300E-01   2.0728270E-01   2.0728270E-01
    7.3864115E-01   5.4893620E-02   5.4893620E-02   1.0885194E-01   4.5980511E-01
    4.5980511E-01   4.6525105E-03   4.6525105E-03   6.0304477E-01   1.0071511E-01
    1.0071511E-01   1.8742308E-02   1.8742308E-02   1.8742308E-02   1.6695692E+00
    1.6695692E+00   1.4177501E-02   1.4177501E-02   4.0504500E-03   4.0504500E-03
    1.8994848E+00   6.1757826E-02   6.1757826E-02   2.7794450E-02   2.7794450E-02
    1.6747378E+00   1.6747378E+00   1.0413252E-02   1.0413252E-02

 6.0160874247E+03   4.7688441E+03   1.3090315E+08   1.0034306E+00   4.8441528E-01   5.9471184E+02   5.0000002E-02    12 
    1.7047027E+00   1.7047027E+00   1.1103610E-01   1.1103610E-01   1.1103610E-01
    5.0589765E-02   5.0589765E-02   2.1949944E-01   2.1003706E-01   2.1003706E-01
    6.6185595E-01   5.9424133E-02   5.9424133E-02   1.5104063E-01   5.1852961E-01
    5.1852961E-01   8.2638745E-03   8.2638745E-03   5.0015750E-01   1.0102818E-01
    1.0102818E-01   2.5751803E-02   2.5751803E-02   2.5751803E-02   1.6604499E+00
    1.6604499E+00   2.3318527E-02   2.3318527E-02   5.1025708E-03   5.1025708E-03
    1.4555095E+00   6.9801445E-02   6.9801445E-02   4.7384096E-02   4.7384096E-02
    1.5448230E+00   1.5448230E+00   1.3233569E-02   1.3233569E-02

 4.5827352350E+03   9.1219041E+03   2.3173201E+08   1.0098696E+00   3.7023380E-01   5.8012178E+02   5.0000004E-02    13 
    8.8924254E-01   8.8924254E-01   9.7146297E-02   9.7146297E-02   9.7146297E-02
    5.5014920E-02   5.5014920E-02   2.2774138E-01   2.0888673E-01   2.0888673E-01
    5.9091222E-01   6.6159289E-02   6.6159289E-02   2.0422256E-01   5.9387621E-01
    5.9387621E-01   1.4493650E-02   1.4493650E-02   4.1611258E-01   1.0756460E-01
    1.0756460E-01   3.4645876E-02   3.4645876E-02   3.4645876E-02   1.6532144E+00
    1.6532144E+00   3.9317624E-02   3.9317624E-02   7.1473168E-03   7.1473168E-03
    1.1087603E+00   8.5214704E-02   8.5214704E-02   7.9888842E-02   7.9888842E-02
    1.4157634E+00   1.4157634E+00   1.8032802E-02   1.8032802E-02

 3.5094067687E+03   1.7151057E+04   4.0900263E+08   1.0168735E+00   2.8337918E-01   5.6132451E+02   5.0000007E-02    14 
    4.7241943E-01   4.7241943E-01   8.3852592E-02   8.3852592E-02   8.3852592E-02
    5.9223205E-02   5.9223205E-02   2.3434548E-01   2.0237791E-01   2.0237791E-01
    5.2346628E-01   7.5514746E-02   7.5514746E-02   2.6547397E-01   6.8886549E-01
    6.8886549E-01   2.4826552E-02   2.4826552E-02   3.4727629E-01   1.2260614E-01
    1.2260614E-01   4.5166641E-02   4.5166641E-02   4.5166641E-02   1.6349701E+00
    1.6349701E+00   6.6213777E-02   6.6213777E-02   1.0994811E-02   1.0994811E-02
    8.3853712E-01   1.1183005E-01   1.1183005E-01   1.3241053E-01   1.3241053E-01
    1.2793694E+00   1.2793694E+00   2.6119322E-02   2.6119322E-02

 2.7037438853E+03   3.1774442E+04   7.1979737E+08   1.0247990E+00   2.1658898E-01   5.3797302E+02   5.0000015E-02    15 
    2.5727047E-01   2.5727047E-01   7.0892478E-02   7.0892478E-02   7.0892478E-02
    6.3270261E-02   6.3270261E-02   2.3935428E-01   1.9211013E-01   1.9211013E-01
    4.6285118E-01   8.8145697E-02   8.8145697E-02   3.2651955E-01   8.0696335E-01
    8.0696335E-01   4.1470542E-02   4.1470542E-02   2.9130989E-01   1.5023838E-01
    1.5023838E-01   5.6283329E-02   5.6283329E-02   5.6283329E-02   1.5992130E+00
    1.5992130E+00   1.1023587E-01   1.1023587E-01   1.8111190E-02   1.8111190E-02
    6.3092659E-01   1.5588349E-01   1.5588349E-01   2.1520905E-01   2.1520905E-01
    1.1403720E+00   1.1403720E+00   3.9721206E-02   3.9721206E-02

 2.0961722035E+03   5.8167827E+04   1.2638092E+09   1.0344117E+00   1.6437434E-01   5.1020572E+02   5.0000039E-02    16 
    1.4564466E-01   1.4564466E-01   5.8685631E-02   5.8685631E-02   5.8685631E-02
    6.8895871E-02   6.8895871E-02   2.4770308E-01   1.8272923E-01   1.8272923E-01
    4.0589998E-01   1.0598398E-01   1.0598398E-01   3.7465314E-01   9.6213816E-01
    9.6213816E-01   6.8925437E-02   6.8925437E-02   2.4541763E-01   1.9849743E-01
    1.9849743E-01   6.6225055E-02   6.6225055E-02   6.6225055E-02   1.5513977E+00
    1.5513977E+00   1.8401123E-01   1.8401123E-01   3.1428777E-02   3.1428777E-02
    4.7452092E-01   2.2941300E-01   2.2941300E-01   3.4758680E-01   3.4758680E-01
    1.0092558E+00   1.0092558E+00   6.3391592E-02   6.3391592E-02

 1.6346612631E+03   1.0624636E+05   2.2319731E+09   1.0476950E+00   1.2326940E-01   4.7536282E+02   5.0000125E-02    17 
    8.9080571E-02   8.9080571E-02   4.9044185E-02   4.9044185E-02   4.9044185E-02
    7.7413451E-02   7.7413451E-02   2.6596595E-01   1.7934387E-01   1.7934387E-01
    3.6065847E-01   1.3030234E-01   1.3030234E-01   4.0025602E-01   1.1547615E+00
    1.1547615E+00   1.1361643E-01   1.1361643E-01   2.0650605E-01   2.7405686E-01
    2.7405686E-01   7.3658108E-02   7.3658108E-02   7.3658108E-02   1.4649704E+00
    1.4649704E+00   3.0471926E-01   3.0471926E-01   5.5513838E-02   5.5513838E-02
    3.5990129E-01   3.4964219E-01   3.4964219E-01   5.5673110E-01   5.5673110E-01
    8.7354757E-01   8.7354757E-01   1.0371868E-01   1.0371868E-01

 1.2868038866E+03   1.9374792E+05   3.9642792E+09   1.0673740E+00   9.1265518E-02   4.3211075E+02   5.0000528E-02    18 
    6.2737940E-02   6.2737940E-02   4.3845460E-02   4.3845460E-02   4.3845460E-02
    9.0153557E-02   9.0153557E-02   2.9964770E-01   1.9017796E-01   1.9017796E-01
    3.3580161E-01   1.5926179E-01   1.5926179E-01   4.0453264E-01   1.3452010E+00
    1.3452010E+00   1.8094690E-01   1.8094690E-01   1.7439793E-01   3.6681678E-01
    3.6681678E-01   7.8441746E-02   7.8441746E-02   7.8441746E-02   1.3058356E+00
    1.3058356E+00   4.8426929E-01   4.8426929E-01   9.3913458E-02   9.3913458E-02
    2.8283703E-01   5.3701650E-01   5.3701650E-01   8.4964586E-01   8.4964586E-01
    7.3795213E-01   7.3795213E-01   1.6389321E-01   1.6389321E-01

 1.0276493131E+03   3.4742882E+05   6.9731364E+09   1.0957320E+00   6.7219201E-02   3.8530615E+02   5.0002511E-02    19 
    5.4164273E-02   5.4164273E-02   4.4804812E-02   4.4804812E-02   4.4804812E-02
    1.1422329E-01   1.1422329E-01   3.5697068E-01   2.2664610E-01   2.2664610E-01
    3.4324160E-01   1.9391842E-01   1.9391842E-01   4.0426179E-01   1.5113646E+00
    1.5113646E+00   2.8309647E-01   2.8309647E-01   1.5374307E-01   4.5970382E-01
    4.5970382E-01   8.2651662E-02   8.2651662E-02   8.2651662E-02   1.1042538E+00
    1.1042538E+00   7.6020354E-01   7.6020354E-01   1.4964084E-01   1.4964084E-01
    2.4297580E-01   8.2813767E-01   8.2813767E-01   1.1946323E+00   1.1946323E+00
    6.3100529E-01   6.3100529E-01   2.4392729E-01   2.4392729E-01

 8.3119483571E+02   6.2302828E+05   1.2352654E+10   1.1380464E+00   4.9984009E-02   3.3247376E+02   5.0014611E-02    20 
    6.2701757E-02   6.2701757E-02   5.8223451E-02   5.8223451E-02   5.8223451E-02
    1.6644678E-01   1.6644678E-01   4.6174211E-01   3.0352926E-01   3.0352926E-01
    4.0301986E-01   2.3857185E-01   2.3857185E-01   4.3855467E-01   1.6296153E+00
    1.6296153E+00   4.4197713E-01   4.4197713E-01   1.4710928E-01   5.4293888E-01
    5.4293888E-01   9.1169052E-02   9.1169052E-02   9.1169052E-02   8.7006102E-01
    8.7006102E-01   1.2361459E+00   1.2361459E+00   2.2527940E-01   2.2527940E-01
    2.3697834E-01   1.2954921E+00   1.2954921E+00   1.5014656E+00   1.5014656E+00
    5.5593768E-01   5.5593768E-01   3.3967921E-01   3.3967921E-01

 6.8429879802E+02   1.1116600E+06   2.1938037E+10   1.1987846E+00   3.8994371E-02   2.7578838E+02   5.0096667E-02    21 
    1.0455590E-01   1.0455590E-01   1.0404724E-01   1.0404724E-01   1.0404724E-01
    2.8827444E-01   2.8827444E-01   6.7038688E-01   4.5492763E-01   4.5492763E-01
    5.5520083E-01   3.0147071E-01   3.0147071E-01   6.0305692E-01   1.6413250E+00
    1.6413250E+00   6.9652203E-01   6.9652203E-01   1.6162973E-01   6.7736789E-01
    6.7736789E-01   1.1143959E-01   1.1143959E-01   1.1143959E-01   6.5539083E-01
    6.5539083E-01   2.0952569E+00   2.0952569E+00   3.1762659E-01   3.1762659E-01
    2.6762493E-01   2.0389407E+00   2.0389407E+00   1.7092872E+00   1.7092872E+00
    5.0824592E-01   5.0824592E-01   4.5582866E-01   4.5582866E-01

 5.7474407618E+02   1.9495077E+06   3.8563895E+10   1.2765985E+00   3.2878001E-02   2.2011335E+02   5.0618382E-02    22 
    2.3109241E-01   2.3109241E-01   2.3776394E-01   2.3776394E-01   2.3776394E-01
    5.7162803E-01   5.7162803E-01   1.0793729E+00   7.3914359E-01   7.3914359E-01
    8.5885811E-01   3.9800574E-01   3.9800574E-01   1.0468511E+00   1.4479129E+00
    1.4479129E+00   1.1163848E+00   1.1163848E+00   2.1066842E-01   1.0247369E+00
    1.0247369E+00   1.5260905E-01   1.5260905E-01   1.5260905E-01   5.7451839E-01
    5.7451839E-01   3.3431824E+00   3.3431824E+00   4.2681740E-01   4.2681740E-01
    3.4057166E-01   2.9104431E+00   2.9104431E+00   1.9818067E+00   1.9818067E+00
    4.9204250E-01   4.9204250E-01   6.9819567E-01   6.9819567E-01

 4.9303113531E+02   3.2543525E+06   6.4895809E+10   1.3688812E+00   2.8985873E-02   1.6820684E+02   5.3488833E-02    23 
    5.9471324E-01   5.9471324E-01   6.2108703E-01   6.2108703E-01   6.2108703E-01
    1.2769750E+00   1.2769750E+00   1.8409247E+00   1.2589170E+00   1.2589170E+00
    1.4047914E+00   6.0240371E-01   6.0240371E-01   1.9542568E+00   1.2528559E+00
    1.2528559E+00   1.8813477E+00   1.8813477E+00   3.0273051E-01   1.4971788E+00
    1.4971788E+00   2.2874946E-01   2.2874946E-01   2.2874946E-01   6.6380191E-01
    6.6380191E-01   4.9798592E+00   4.9798592E+00   5.9472687E-01   5.9472687E-01
    4.5737116E-01   3.6313883E+00   3.6313883E+00   2.5310166E+00   2.5310166E+00
    5.3075867E-01   5.3075867E-01   1.2116652E+00   1.2116652E+00

 4.3233473424E+02   4.6626007E+06   9.3904692E+10   1.4611912E+00   2.4047063E-02   1.2280516E+02   6.5846624E-02    24 
    1.3762743E+00   1.3762743E+00   1.4467494E+00   1.4467494E+00   1.4467494E+00
    2.6480077E+00   2.6480077E+00   3.0455749E+00   2.0131820E+00   2.0131820E+00
    2.1396543E+00   9.5611299E-01   9.5611299E-01   3.3002509E+00   1.2467943E+00
    1.2467943E+00   2.9905731E+00   2.9905731E+00   4.1963380E-01   1.6984316E+00
    1.6984316E+00   3.3676908E-01   3.3676908E-01   3.3676908E-01   8.5103589E-01
    8.5103589E-01   6.7331389E+00   6.7331389E+00   8.0321451E-01   8.0321451E-01
    5.9301555E-01   4.1605998E+00   4.1605998E+00   3.1746728E+00   3.1746728E+00
    6.2252128E-01   6.2252128E-01   1.7930072E+00   1.7930072E+00

 3.8998919698E+02   5.2062665E+06   1.0544026E+11   1.5223301E+00   1.7932016E-02   8.7955643E+01   1.0063319E-01    25 
    2.1031597E+00   2.1031597E+00   2.1997440E+00   2.1997440E+00   2.1997440E+00
    3.6355554E+00   3.6355554E+00   4.2887727E+00   2.5081277E+00   2.5081277E+00
    2.6406045E+00   1.2131870E+00   1.2131870E+00   4.1114188E+00   1.2532525E+00
    1.2532525E+00   3.3636432E+00   3.3636432E+00   4.9527172E-01   1.5139293E+00
    1.5139293E+00   4.2014260E-01   4.2014260E-01   4.2014260E-01   9.6275652E-01
    9.6275652E-01   6.8290564E+00   6.8290564E+00   8.7270579E-01   8.7270579E-01
    6.8071714E-01   4.4656050E+00   4.4656050E+00   3.5927961E+00   3.5927961E+00
    6.9420171E-01   6.9420171E-01   1.9652036E+00   1.9652036E+00

 3.6043437474E+02   5.1481937E+06   1.0436857E+11   1.5494765E+00   1.3449702E-02   6.3119499E+01   1.6587114E-01    26 
    2.2612800E+00   2.2612800E+00   2.3384415E+00   2.3384415E+00   2.3384415E+00
    3.5059743E+00   3.5059743E+00   4.7104341E+00   2.5233446E+00   2.5233446E+00
    2.7126086E+00   1.2345211E+00   1.2345211E+00   3.9422680E+00   1.1715550E+00
    1.1715550E+00   2.6854233E+00   2.6854233E+00   5.1373752E-01   1.3062335E+00
    1.3062335E+00   4.5274169E-01   4.5274169E-01   4.5274169E-01   9.6067952E-01
    9.6067952E-01   5.3902633E+00   5.3902633E+00   7.7185419E-01   7.7185419E-01
    7.0388841E-01   4.2495681E+00   4.2495681E+00   3.6608136E+00   3.6608136E+00
    7.1387999E-01   7.1387999E-01   1.7424849E+00   1.7424849E+00

 3.3837205385E+02   5.2023928E+06   1.0528006E+11   1.5553439E+00   1.1082590E-02   4.5202825E+01   2.6054537E-01    27 
    1.9900461E+00   1.9900461E+00   2.0376141E+00   2.0376141E+00   2.0376141E+00
    2.8109954E+00   2.8109954E+00   4.2553998E+00   2.2584987E+00   2.2584987E+00
    2.4863164E+00   1.1054850E+00   1.1054850E+00   3.2694557E+00   1.0270385E+00
    1.0270385E+00   1.7913404E+00   1.7913404E+00   4.9539403E-01   1.1179751E+00
    1.1179751E+00   4.5094021E-01   4.5094021E-01   4.5094021E-01   8.9461677E-01
    8.9461677E-01   3.7449944E+00   3.7449944E+00   6.2092590E-01   6.2092590E-01
    6.8305722E-01   3.5680669E+00   3.5680669E+00   3.4250054E+00   3.4250054E+00
    7.0285844E-01   7.0285844E-01   1.3918737E+00   1.3918737E+00

 3.2071646692E+02   5.6718232E+06   1.1439565E+11   1.5506744E+00   1.0146082E-02   3.2115955E+01   3.7568483E-01    28 
    1.5814721E+00   1.5814721E+00   1.6108877E+00   1.6108877E+00   1.6108877E+00
    2.0945242E+00   2.0945242E+00   3.4695105E+00   1.8974941E+00   1.8974941E+00
    2.1225299E+00   9.4088603E-01   9.4088603E-01   2.5550241E+00   8.6898234E-01
    8.6898234E-01   1.1559597E+00   1.1559597E+00   4.6517788E-01   9.5355935E-01
    9.5355935E-01   4.3474164E-01   4.3474164E-01   4.3474164E-01   8.0671813E-01
    8.0671813E-01   2.5556766E+00   2.5556766E+00   5.0063915E-01   5.0063915E-01
    6.4635599E-01   2.8187329E+00   2.8187329E+00   3.0743904E+00   3.0743904E+00
    6.8158696E-01   6.8158696E-01   1.0929598E+00   1.0929598E+00

 3.0355241897E+02   6.7318719E+06   1.3561670E+11   1.5523579E+00   1.0199109E-02   2.3403911E+01   4.8542895E-01    29 
    1.3704344E+00   1.3704344E+00   1.3850672E+00   1.3850672E+00   1.3850672E+00
    1.6395947E+00   1.6395947E+00   2.8464861E+00   1.5837805E+00   1.5837805E+00
    1.7666784E+00   8.2433397E-01   8.2433397E-01   2.0218343E+00   7.4382525E-01
    7.4382525E-01   7.6818504E-01   7.6818504E-01   4.5021822E-01   8.2983033E-01
    8.2983033E-01   4.4150420E-01   4.4150420E-01   4.4150420E-01   7.2366758E-01
    7.2366758E-01   1.7685979E+00   1.7685979E+00   4.2605850E-01   4.2605850E-01
    6.2470800E-01   2.2152168E+00   2.2152168E+00   2.7851364E+00   2.7851364E+00
    6.6581234E-01   6.6581234E-01   8.8835410E-01   8.8835410E-01

 2.9176541551E+02   8.1581945E+06   1.6529443E+11   1.5701340E+00   1.2271051E-02   1.7267784E+01   5.8425282E-01    30 
    1.6905367E+00   1.6905367E+00   1.6715315E+00   1.6715315E+00   1.6715315E+00
    1.5709717E+00   1.5709717E+00   2.7362308E+00   1.4629619E+00   1.4629619E+00
    1.5641741E+00   7.9983525E-01   7.9983525E-01   1.8192302E+00   6.9785114E-01
    6.9785114E-01   5.2541001E-01   5.2541001E-01   4.7446338E-01   7.7445415E-01
    7.7445415E-01   5.3542598E-01   5.3542598E-01   5.3542598E-01   6.7530143E-01
    6.7530143E-01   1.2167793E+00   1.2167793E+00   3.8546029E-01   3.8546029E-01
    6.4923937E-01   1.7885796E+00   1.7885796E+00   2.6956519E+00   2.6956519E+00
    6.6810391E-01   6.6810391E-01   7.7219950E-01   7.7219950E-01

 2.9097390170E+02   9.9712313E+06   2.0224303E+11   1.5623181E+00   1.5642330E-02   1.2111452E+01   6.8444267E-01    31 
    1.5989092E+00   1.5989092E+00   1.5779668E+00   1.5779668E+00   1.5779668E+00
    1.4307575E+00   1.4307575E+00   2.5757451E+00   1.3882465E+00   1.3882465E+00
    1.4623183E+00   7.4480794E-01   7.4480794E-01   1.6922486E+00   6.8302401E-01
    6.8302401E-01   4.0959972E-01   4.0959972E-01   4.6021459E-01   7.4037383E-01
    7.4037383E-01   5.3587285E-01   5.3587285E-01   5.3587285E-01   6.5341946E-01
    6.5341946E-01   9.8392638E-01   9.8392638E-01   3.5449795E-01   3.5449795E-01
    6.3777605E-01   1.5386943E+00   1.5386943E+00   2.5709497E+00   2.5709497E+00
    6.6053877E-01   6.6053877E-01   6.9988370E-01   6.9988370E-01

 2.9070467488E+02   1.2459903E+07   2.5273077E+11   1.5463484E+00   2.0056455E-02   8.7462112E+00   7.5975626E-01    32 
    1.3417483E+00   1.3417483E+00   1.3299254E+00   1.3299254E+00   1.3299254E+00
    1.2437526E+00   1.2437526E+00   2.3129362E+00   1.2613878E+00   1.2613878E+00
    1.3241409E+00   6.7676555E-01   6.7676555E-01   1.5195784E+00   6.4133417E-01
    6.4133417E-01   3.4206270E-01   3.4206270E-01   4.3603868E-01   7.0239601E-01
    7.0239601E-01   5.0965702E-01   5.0965702E-01   5.0965702E-01   6.2350697E-01
    6.2350697E-01   8.5258233E-01   8.5258233E-01   3.2813766E-01   3.2813766E-01
    6.1715480E-01   1.3527945E+00   1.3527945E+00   2.4379152E+00   2.4379152E+00
    6.4349463E-01   6.4349463E-01   6.4123540E-01   6.4123540E-01

 2.9056328046E+02   1.6155781E+07   3.2868812E+11   1.5346678E+00   2.6622253E-02   6.2198170E+00   8.2211596E-01    33 
    1.1790824E+00   1.1790824E+00   1.1726075E+00   1.1726075E+00   1.1726075E+00
    1.1242304E+00   1.1242304E+00   2.1358504E+00   1.1710489E+00   1.1710489E+00
    1.2270275E+00   6.3172523E-01   6.3172523E-01   1.4061979E+00   6.0590576E-01
    6.0590576E-01   3.0741130E-01   3.0741130E-01   4.2032777E-01   6.7590749E-01
    6.7590749E-01   4.9306681E-01   4.9306681E-01   4.9306681E-01   6.0064491E-01
    6.0064491E-01   7.8130659E-01   7.8130659E-01   3.1038600E-01   3.1038600E-01
    6.0623376E-01   1.2413293E+00   1.2413293E+00   2.3488673E+00   2.3488673E+00
    6.3289199E-01   6.3289199E-01   6.0521565E-01   6.0521565E-01

 2.9038807842E+02   2.1194443E+07   4.3339344E+11   1.5190643E+00   3.6382328E-02   4.4694214E+00   8.6850645E-01    34 
    9.9715897E-01   9.9715897E-01   9.9566210E-01   9.9566210E-01   9.9566210E-01
    9.8764325E-01   9.8764325E-01   1.9193253E+00   1.0523531E+00   1.0523531E+00
    1.0996373E+00   5.7829464E-01   5.7829464E-01   1.2677102E+00   5.5205479E-01
    5.5205479E-01   2.7728217E-01   2.7728217E-01   4.0313548E-01   6.4339967E-01
    6.4339967E-01   4.7866564E-01   4.7866564E-01   4.7866564E-01   5.6888833E-01
    5.6888833E-01   7.1234237E-01   7.1234237E-01   2.8810839E-01   2.8810839E-01
    5.9575145E-01   1.1355418E+00   1.1355418E+00   2.2535822E+00   2.2535822E+00
    6.2282959E-01   6.2282959E-01   5.6810186E-01   5.6810186E-01

 2.9019902669E+02   2.8133815E+07   5.8095668E+11   1.5023734E+00   5.1565513E-02   3.2073786E+00   9.0367398E-01    35 
    8.4434868E-01   8.4434868E-01   8.4629338E-01   8.4629338E-01   8.4629338E-01
    8.6932700E-01   8.6932700E-01   1.7190183E+00   9.3587295E-01   9.3587295E-01
    9.7124575E-01   5.3086466E-01   5.3086466E-01   1.1365093E+00   4.9668831E-01
    4.9668831E-01   2.5845905E-01   2.5845905E-01   3.9057717E-01   6.1513561E-01
    6.1513561E-01   4.7721732E-01   4.7721732E-01   4.7721732E-01   5.3808671E-01
    5.3808671E-01   6.6138065E-01   6.6138065E-01   2.6808269E-01   2.6808269E-01
    5.9397944E-01   1.0600933E+00   1.0600933E+00   2.1839456E+00   2.1839456E+00
    6.2069059E-01   6.2069059E-01   5.4192652E-01   5.4192652E-01

 2.9001562160E+02   3.7549868E+07   7.8907445E+11   1.4849410E+00   7.5658367E-02   2.2961137E+00   9.3000260E-01    36 
    7.1955200E-01   7.1955200E-01   7.2387897E-01   7.2387897E-01   7.2387897E-01
    7.7139771E-01   7.7139771E-01   1.5440547E+00   8.3545814E-01   8.3545814E-01
    8.5302897E-01   4.9218260E-01   4.9218260E-01   1.0170632E+00   4.4869263E-01
    4.4869263E-01   2.4980937E-01   2.4980937E-01   3.8282098E-01   5.9456206E-01
    5.9456206E-01   4.9090869E-01   4.9090869E-01   4.9090869E-01   5.1354983E-01
    5.1354983E-01   6.2865733E-01   6.2865733E-01   2.5284848E-01   2.5284848E-01
    6.0287815E-01   1.0113337E+00   1.0113337E+00   2.1462977E+00   2.1462977E+00
    6.2747915E-01   6.2747915E-01   5.2891339E-01   5.2891339E-01

 2.8982449730E+02   4.9833551E+07   1.0785127E+12   1.4650705E+00   1.1464687E-01   1.6463829E+00   9.4926931E-01    37 
    6.0472233E-01   6.0472233E-01   6.1114979E-01   6.1114979E-01   6.1114979E-01
    6.8405040E-01   6.8405040E-01   1.3618388E+00   7.4406883E-01   7.4406883E-01
    7.4035643E-01   4.5852890E-01   4.5852890E-01   8.9796209E-01   4.1181248E-01
    4.1181248E-01   2.5232501E-01   2.5232501E-01   3.7730419E-01   5.8204021E-01
    5.8204021E-01   5.2023499E-01   5.2023499E-01   5.2023499E-01   4.9472234E-01
    4.9472234E-01   6.1322755E-01   6.1322755E-01   2.4414055E-01   2.4414055E-01
    6.2107231E-01   9.8091718E-01   9.8091718E-01   2.1226688E+00   2.1226688E+00
    6.4176192E-01   6.4176192E-01   5.3080765E-01   5.3080765E-01

 2.8962974052E+02   6.5289389E+07   1.4825182E+12   1.4441619E+00   1.7795999E-01   1.1798846E+00   9.6336218E-01    38 
    5.0615037E-01   5.0615037E-01   5.1380593E-01   5.1380593E-01   5.1380593E-01
    6.0516502E-01   6.0516502E-01   1.1515833E+00   6.6673060E-01   6.6673060E-01
    6.4606786E-01   4.2783982E-01   4.2783982E-01   7.8896428E-01   3.8766172E-01
    3.8766172E-01   2.6895190E-01   2.6895190E-01   3.7254615E-01   5.7491299E-01
    5.7491299E-01   5.5864849E-01   5.5864849E-01   5.5864849E-01   4.8169549E-01
    4.8169549E-01   6.1408817E-01   6.1408817E-01   2.4218793E-01   2.4218793E-01
    6.4232196E-01   9.5708835E-01   9.5708835E-01   2.0658498E+00   2.0658498E+00
    6.6107136E-01   6.6107136E-01   5.4586284E-01   5.4586284E-01

 2.8943453861E+02   8.3563393E+07   2.0447728E+12   1.4251434E+00   2.8005287E-01   8.4535956E-01   9.7360393E-01    39 
    4.3659873E-01   4.3659873E-01   4.4331940E-01   4.4331940E-01   4.4331940E-01
    5.2703850E-01   5.2703850E-01   9.2926265E-01   6.1631104E-01   6.1631104E-01
    5.8218597E-01   3.9907885E-01   3.9907885E-01   7.0108829E-01   3.7010269E-01
    3.7010269E-01   2.9814028E-01   2.9814028E-01   3.6796058E-01   5.6235426E-01
    5.6235426E-01   5.9289933E-01   5.9289933E-01   5.9289933E-01   4.6953336E-01
    4.6953336E-01   6.1918838E-01   6.1918838E-01   2.4267551E-01   2.4267551E-01
    6.5796326E-01   9.2593061E-01   9.2593061E-01   1.9454599E+00   1.9454599E+00
    6.7658801E-01   6.7658801E-01   5.6247449E-01   5.6247449E-01

 2.8923852192E+02   1.0374659E+08   2.8257529E+12   1.4109577E+00   4.3849669E-01   6.0539939E-01   9.8102116E-01    40 
    3.9967708E-01   3.9967708E-01   4.0396966E-01   4.0396966E-01   4.0396966E-01
    4.5848087E-01   4.5848087E-01   7.5069255E-01   5.9247984E-01   5.9247984E-01
    5.4922962E-01   3.8095090E-01   3.8095090E-01   6.3763291E-01   3.6200638E-01
    3.6200638E-01   3.3689540E-01   3.3689540E-01   3.6840754E-01   5.4539436E-01
    5.4539436E-01   6.0748303E-01   6.0748303E-01   6.0748303E-01   4.6017994E-01
    4.6017994E-01   6.2161717E-01   6.2161717E-01   2.4733293E-01   2.4733293E-01
    6.7189774E-01   8.9442750E-01   8.9442750E-01   1.8117983E+00   1.8117983E+00
    6.9060379E-01   6.9060379E-01   5.8027547E-01   5.8027547E-01

 2.8903911899E+02   1.2569228E+08   3.9058054E+12   1.4040657E+00   6.5847946E-01   4.3362496E-01   9.8636730E-01    41 
    3.9092216E-01   3.9092216E-01   3.9327187E-01   3.9327187E-01   3.9327187E-01
    4.2261154E-01   4.2261154E-01   6.5171051E-01   5.8218188E-01   5.8218188E-01
    5.3873935E-01   3.8675301E-01   3.8675301E-01   5.9922854E-01   3.7435763E-01
    3.7435763E-01   3.8887361E-01   3.8887361E-01   3.8484450E-01   5.4246772E-01
    5.4246772E-01   6.0238186E-01   6.0238186E-01   6.0238186E-01   4.6679994E-01
    4.6679994E-01   6.3095672E-01   6.3095672E-01   2.6543993E-01   2.6543993E-01
    7.0255989E-01   8.8632510E-01   8.8632510E-01   1.7403633E+00   1.7403633E+00
    7.2220846E-01   7.2220846E-01   6.1683739E-01   6.1683739E-01

 2.8883210052E+02   1.5236239E+08   5.3937348E+12   1.4067962E+00   9.0847870E-01   3.1103996E-01   9.9020129E-01    42 
    4.0727371E-01   4.0727371E-01   4.0848798E-01   4.0848798E-01   4.0848798E-01
    4.2261587E-01   4.2261587E-01   6.1034744E-01   5.7918529E-01   5.7918529E-01
    5.4396723E-01   4.1779022E-01   4.1779022E-01   5.8694790E-01   4.1007277E-01
    4.1007277E-01   4.5292548E-01   4.5292548E-01   4.1925375E-01   5.5769655E-01
    5.5769655E-01   5.9417251E-01   5.9417251E-01   5.9417251E-01   4.9203576E-01
    4.9203576E-01   6.4624432E-01   6.4624432E-01   3.0171105E-01   3.0171105E-01
    7.5071620E-01   9.0050916E-01   9.0050916E-01   1.7121088E+00   1.7121088E+00
    7.7267852E-01   7.7267852E-01   6.7481523E-01   6.7481523E-01

 2.8860798941E+02   1.9531529E+08   7.4849738E+12   1.4236048E+00   1.0769078E+00   2.2278623E-01   9.9297123E-01    43 
    4.4847861E-01   4.4847861E-01   4.4906268E-01   4.4906268E-01   4.4906268E-01
    4.5476154E-01   4.5476154E-01   6.0739920E-01   5.9011188E-01   5.9011188E-01
    5.6500103E-01   4.7303901E-01   4.7303901E-01   5.9518680E-01   4.6979439E-01
    4.6979439E-01   5.2213670E-01   5.2213670E-01   4.6898427E-01   5.8465952E-01
    5.8465952E-01   6.0012428E-01   6.0012428E-01   6.0012428E-01   5.3214809E-01
    5.3214809E-01   6.6281874E-01   6.6281874E-01   3.5902809E-01   3.5902809E-01
    8.0507159E-01   9.2258626E-01   9.2258626E-01   1.6781406E+00   1.6781406E+00
    8.3006066E-01   8.3006066E-01   7.4361847E-01   7.4361847E-01

 2.8836326073E+02   2.7501855E+08   1.0354730E+13   1.4577558E+00   1.0310298E+00   1.6121209E-01   9.9490864E-01    44 
    5.1083480E-01   5.1083480E-01   5.1108880E-01   5.1108880E-01   5.1108880E-01
    5.1264669E-01   5.1264669E-01   6.3279401E-01   6.2077154E-01   6.2077154E-01
    6.0274640E-01   5.4943988E-01   5.4943988E-01   6.2085498E-01   5.5231051E-01
    5.5231051E-01   5.8996823E-01   5.8996823E-01   5.3128381E-01   6.2115490E-01
    6.2115490E-01   6.2801149E-01   6.2801149E-01   6.2801149E-01   5.8575038E-01
    5.8575038E-01   6.8465072E-01   6.8465072E-01   4.4078274E-01   4.4078274E-01
    8.5592719E-01   9.4360455E-01   9.4360455E-01   1.6135703E+00   1.6135703E+00
    8.8349419E-01   8.8349419E-01   8.1230884E-01   8.1230884E-01

 2.8813910320E+02   3.9098623E+08   1.3483482E+13   1.5003620E+00   8.3756451E-01   1.2452631E-01   9.9606484E-01    45 
    5.7520447E-01   5.7520447E-01   5.7530375E-01   5.7530375E-01   5.7530375E-01
    5.7520065E-01   5.7520065E-01   6.6850378E-01   6.6021563E-01   6.6021563E-01
    6.4620714E-01   6.2532357E-01   6.2532357E-01   6.5617728E-01   6.3511997E-01
    6.3511997E-01   6.4934070E-01   6.4934070E-01   5.9401346E-01   6.6416296E-01
    6.6416296E-01   6.6591853E-01   6.6591853E-01   6.6591853E-01   6.4435006E-01
    6.4435006E-01   7.1288725E-01   7.1288725E-01   5.3113819E-01   5.3113819E-01
    8.9596421E-01   9.6255755E-01   9.6255755E-01   1.5396608E+00   1.5396608E+00
    9.2510065E-01   9.2510065E-01   8.6864020E-01   8.6864020E-01

 2.8791908307E+02   5.5216890E+08   1.6950572E+13   1.5506009E+00   6.0800750E-01   9.9762456E-02   9.9684610E-01    46 
    6.3976294E-01   6.3976294E-01   6.3977204E-01   6.3977204E-01   6.3977204E-01
    6.3891008E-01   6.3891008E-01   7.0891691E-01   7.0564084E-01   7.0564084E-01
    6.9424290E-01   6.9802634E-01   6.9802634E-01   6.9924154E-01   7.1367861E-01
    7.1367861E-01   7.0934539E-01   7.0934539E-01   6.5972175E-01   7.1547368E-01
    7.1547368E-01   7.1011455E-01   7.1011455E-01   7.1011455E-01   7.0886604E-01
    7.0886604E-01   7.4860731E-01   7.4860731E-01   6.2759986E-01   6.2759986E-01
    9.3167757E-01   9.8306357E-01   9.8306357E-01   1.4662512E+00   1.4662512E+00
    9.6123494E-01   9.6123494E-01   9.1811154E-01   9.1811154E-01

 2.8769325665E+02   7.6247996E+08   2.0836242E+13   1.6092824E+00   4.0177074E-01   8.1698413E-02   9.9741640E-01    47 
    7.0300635E-01   7.0300635E-01   7.0294874E-01   7.0294874E-01   7.0294874E-01
    7.0166657E-01   7.0166657E-01   7.5243490E-01   7.5519602E-01   7.5519602E-01
    7.4552841E-01   7.6497753E-01   7.6497753E-01   7.4789543E-01   7.8329051E-01
    7.8329051E-01   7.7166729E-01   7.7166729E-01   7.2765106E-01   7.7243405E-01
    7.7243405E-01   7.5847662E-01   7.5847662E-01   7.5847662E-01   7.7555289E-01
    7.7555289E-01   7.9009610E-01   7.9009610E-01   7.2246924E-01   7.2246924E-01
    9.6436304E-01   1.0045327E+00   1.0045327E+00   1.3967756E+00   1.3967756E+00
    9.9278726E-01   9.9278726E-01   9.6095565E-01   9.6095565E-01

 2.8745417426E+02   1.0157573E+09   2.5239706E+13   1.6777901E+00   2.4368700E-01   6.7813503E-02   9.9785500E-01    48 
    7.6232811E-01   7.6232811E-01   7.6220166E-01   7.6220166E-01   7.6220166E-01
    7.6054990E-01   7.6054990E-01   7.9742961E-01   8.0597303E-01   8.0597303E-01
    7.9714674E-01   8.2342248E-01   8.2342248E-01   7.9857107E-01   8.4085975E-01
    8.4085975E-01   8.3166232E-01   8.3166232E-01   7.9359395E-01   8.2915394E-01
    8.2915394E-01   8.0810124E-01   8.0810124E-01   8.0810124E-01   8.3750861E-01
    8.3750861E-01   8.3331508E-01   8.3331508E-01   8.0557593E-01   8.0557593E-01
    9.9156401E-01   1.0232035E+00   1.0232035E+00   1.3299826E+00   1.3299826E+00
    1.0171393E+00   1.0171393E+00   9.9429001E-01   9.9429001E-01

 2.8719560602E+02   1.2962291E+09   3.0294970E+13   1.7573265E+00   1.3731443E-01   5.6736636E-02   9.9820504E-01    49 
    8.1507285E-01   8.1507285E-01   8.1487171E-01   8.1487171E-01   8.1487171E-01
    8.1286221E-01   8.1286221E-01   8.4243189E-01   8.5425931E-01   8.5425931E-01
    8.4549168E-01   8.7140196E-01   8.7140196E-01   8.4746247E-01   8.8592554E-01
    8.8592554E-01   8.8245178E-01   8.8245178E-01   8.5179847E-01   8.7902545E-01
    8.7902545E-01   8.5525841E-01   8.5525841E-01   8.5525841E-01   8.8840792E-01
    8.8840792E-01   8.7376198E-01   8.7376198E-01   8.7002613E-01   8.7002613E-01
    1.0095267E+00   1.0344439E+00   1.0344439E+00   1.2626840E+00   1.2626840E+00
    1.0308822E+00   1.0308822E+00   1.0148913E+00   1.0148913E+00

 2.8691224562E+02   1.5907495E+09   3.6228467E+13   1.8481390E+00   7.3659593E-02   4.7602101E-02   9.9849380E-01    50 
    8.5954923E-01   8.5954923E-01   8.5927662E-01   8.5927662E-01   8.5927662E-01
    8.5696631E-01   8.5696631E-01   8.8659780E-01   8.9675715E-01   8.9675715E-01
    8.8781825E-01   9.0917916E-01   9.0917916E-01   8.9134443E-01   9.2046776E-01
    9.2046776E-01   9.2032902E-01   9.2032902E-01   8.9889950E-01   9.1880516E-01
    9.1880516E-01   8.9658005E-01   8.9658005E-01   8.9658005E-01   9.2655949E-01
    9.2655949E-01   9.0843428E-01   9.0843428E-01   9.1593935E-01   9.1593935E-01
    1.0184276E+00   1.0380796E+00   1.0380796E+00   1.1970104E+00   1.1970104E+00
    1.0349744E+00   1.0349744E+00   1.0240808E+00   1.0240808E+00

 2.8659987206E+02   1.9025415E+09   4.3441669E+13   1.9491227E+00   3.8971852E-02   3.9811310E-02   9.9874014E-01    51 
    8.9510363E-01   8.9510363E-01   8.9477781E-01   8.9477781E-01   8.9477781E-01
    8.9230192E-01   8.9230192E-01   9.2663831E-01   9.3073319E-01   9.3073319E-01
    9.2201727E-01   9.3751736E-01   9.3751736E-01   9.2790890E-01   9.4606696E-01
    9.4606696E-01   9.4647717E-01   9.4647717E-01   9.3439954E-01   9.4833326E-01
    9.4833326E-01   9.2948015E-01   9.2948015E-01   9.2948015E-01   9.5330441E-01
    9.5330441E-01   9.3603708E-01   9.3603708E-01   9.4706730E-01   9.4706730E-01
    1.0204086E+00   1.0356885E+00   1.0356885E+00   1.1358569E+00   1.1358569E+00
    1.0320364E+00   1.0320364E+00   1.0249464E+00   1.0249464E+00

 2.8625612495E+02   2.2489311E+09   5.2515270E+13   2.0595549E+00   2.0879915E-02   3.3021946E-02   9.9895488E-01    52 
    9.2289543E-01   9.2289543E-01   9.2251681E-01   9.2251681E-01   9.2251681E-01
    9.1993157E-01   9.1993157E-01   9.5884019E-01   9.5597479E-01   9.5597479E-01
    9.4828424E-01   9.5825410E-01   9.5825410E-01   9.5711440E-01   9.6461517E-01
    9.6461517E-01   9.6494799E-01   9.6494799E-01   9.5984299E-01   9.6920469E-01
    9.6920469E-01   9.5405594E-01   9.5405594E-01   9.5405594E-01   9.7135510E-01
    9.7135510E-01   9.5756185E-01   9.5756185E-01   9.6780018E-01   9.6780018E-01
    1.0186184E+00   1.0299827E+00   1.0299827E+00   1.0846302E+00   1.0846302E+00
    1.0257796E+00   1.0257796E+00   1.0214849E+00   1.0214849E+00

 2.8588126136E+02   2.6407388E+09   6.4014159E+13   2.1800624E+00   1.1425305E-02   2.7164419E-02   9.9914018E-01    53 
    9.4562078E-01   9.4562078E-01   9.4516405E-01   9.4516405E-01   9.4516405E-01
    9.4245270E-01   9.4245270E-01   9.8326746E-01   9.7439783E-01   9.7439783E-01
    9.6852852E-01   9.7429240E-01   9.7429240E-01   9.8065322E-01   9.7871748E-01
    9.7871748E-01   9.7975910E-01   9.7975910E-01   9.7782564E-01   9.8381994E-01
    9.8381994E-01   9.7230257E-01   9.7230257E-01   9.7230257E-01   9.8380480E-01
    9.8380480E-01   9.7531576E-01   9.7531576E-01   9.8206831E-01   9.8206831E-01
    1.0156761E+00   1.0236066E+00   1.0236066E+00   1.0474428E+00   1.0474428E+00
    1.0194073E+00   1.0194073E+00   1.0170414E+00   1.0170414E+00

 2.8547787051E+02   3.0601829E+09   7.8276538E+13   2.3117458E+00   6.3684272E-03   2.2278465E-02   9.9929478E-01    54 
    9.6397197E-01   9.6397197E-01   9.6341991E-01   9.6341991E-01   9.6341991E-01
    9.6060796E-01   9.6060796E-01   1.0015679E+00   9.8740882E-01   9.8740882E-01
    9.8367359E-01   9.8687208E-01   9.8687208E-01   9.9914571E-01   9.8952305E-01
    9.8952305E-01   9.9238414E-01   9.9238414E-01   9.9013826E-01   9.9372450E-01
    9.9372450E-01   9.8547888E-01   9.8547888E-01   9.8547888E-01   9.9239199E-01
    9.9239199E-01   9.8981367E-01   9.8981367E-01   9.9191540E-01   9.9191540E-01
    1.0129932E+00   1.0181399E+00   1.0181399E+00   1.0244897E+00   1.0244897E+00
    1.0145020E+00   1.0145020E+00   1.0133312E+00   1.0133312E+00

 2.8504921570E+02   3.4277268E+09   9.5274416E+13   2.4552427E+00   3.6028535E-03   1.8360325E-02   9.9941877E-01    55 
    9.7738888E-01   9.7738888E-01   9.7680318E-01   9.7680318E-01   9.7680318E-01
    9.7415160E-01   9.7415160E-01   1.0142594E+00   9.9564427E-01   9.9564427E-01
    9.9375362E-01   9.9570476E-01   9.9570476E-01   1.0123622E+00   9.9690100E-01
    9.9690100E-01   1.0033784E+00   1.0033784E+00   9.9779351E-01   9.9974513E-01
    9.9974513E-01   9.9405718E-01   9.9405718E-01   9.9405718E-01   9.9792956E-01
    9.9792956E-01   1.0005970E+00   1.0005970E+00   9.9824014E-01   9.9824014E-01
    1.0109347E+00   1.0139781E+00   1.0139781E+00   1.0131465E+00   1.0131465E+00
    1.0112567E+00   1.0112567E+00   1.0107165E+00   1.0107165E+00

 2.8459710932E+02   3.5304266E+09   1.1447059E+14   2.6112024E+00   2.0594297E-03   1.5336882E-02   9.9951446E-01    56 
    9.8582724E-01   9.8582724E-01   9.8541388E-01   9.8541388E-01   9.8541388E-01
    9.8352444E-01   9.8352444E-01   1.0205153E+00   9.9993771E-01   9.9993771E-01
    9.9924765E-01   1.0006727E+00   1.0006727E+00   1.0202017E+00   1.0009009E+00
    1.0009009E+00   1.0135998E+00   1.0135998E+00   1.0018746E+00   1.0028596E+00
    1.0028596E+00   9.9883818E-01   9.9883818E-01   9.9883818E-01   1.0010638E+00
    1.0010638E+00   1.0080465E+00   1.0080465E+00   1.0017460E+00   1.0017460E+00
    1.0091535E+00   1.0106792E+00   1.0106792E+00   1.0085323E+00   1.0085323E+00
    1.0089411E+00   1.0089411E+00   1.0086792E+00   1.0086792E+00

 2.8412003371E+02   3.0180256E+09   1.3482786E+14   2.7807980E+00   1.1837043E-03   1.3090386E-02   9.9958556E-01    57 
    9.9045641E-01   9.9045641E-01   9.9056350E-01   9.9056350E-01   9.9056350E-01
    9.9025907E-01   9.9025907E-01   1.0199104E+00   1.0014351E+00   1.0014351E+00
    1.0013744E+00   1.0025166E+00   1.0025166E+00   1.0224139E+00   1.0022769E+00
    1.0022769E+00   1.0232699E+00   1.0232699E+00   1.0036240E+00   1.0041698E+00
    1.0041698E+00   1.0010858E+00   1.0010858E+00   1.0010858E+00   1.0024372E+00
    1.0024372E+00   1.0135593E+00   1.0135593E+00   1.0031750E+00   1.0031750E+00
    1.0072330E+00   1.0076519E+00   1.0076519E+00   1.0062711E+00   1.0062711E+00
    1.0068030E+00   1.0068030E+00   1.0066469E+00   1.0066469E+00

 2.8361119910E+02   1.8898267E+09   1.5502862E+14   2.9654203E+00   6.8239674E-04   1.1509447E-02   9.9963560E-01    58 
    9.9244656E-01   9.9244656E-01   9.9391579E-01   9.9391579E-01   9.9391579E-01
    9.9685060E-01   9.9685060E-01   1.0185437E+00   1.0010385E+00   1.0010385E+00
    1.0016958E+00   1.0030111E+00   1.0030111E+00   1.0172688E+00   1.0022922E+00
    1.0022922E+00   1.0297779E+00   1.0297779E+00   1.0040564E+00   1.0044651E+00
    1.0044651E+00   1.0022547E+00   1.0022547E+00   1.0022547E+00   1.0026352E+00
    1.0026352E+00   1.0175495E+00   1.0175495E+00   1.0031957E+00   1.0031957E+00
    1.0056447E+00   1.0053187E+00   1.0053187E+00   1.0052882E+00   1.0052882E+00
    1.0051940E+00   1.0051940E+00   1.0050225E+00   1.0050225E+00

 2.8305496827E+02   8.5914979E+08   1.7451405E+14   3.1663712E+00   3.9673683E-04   1.0505723E-02   9.9966738E-01    59 
    9.9326512E-01   9.9326512E-01   9.9718810E-01   9.9718810E-01   9.9718810E-01
    1.0051068E+00   1.0051068E+00   1.0202196E+00   9.9930637E-01   9.9930637E-01
    1.0011042E+00   1.0031551E+00   1.0031551E+00   1.0061213E+00   1.0014439E+00
    1.0014439E+00   1.0255783E+00   1.0255783E+00   1.0035802E+00   1.0040026E+00
    1.0040026E+00   1.0030494E+00   1.0030494E+00   1.0030494E+00   1.0020572E+00
    1.0020572E+00   1.0182536E+00   1.0182536E+00   1.0022244E+00   1.0022244E+00
    1.0045175E+00   1.0038467E+00   1.0038467E+00   1.0052683E+00   1.0052683E+00
    1.0040538E+00   1.0040538E+00   1.0038192E+00   1.0038192E+00

 2.8242032539E+02   3.2115764E+08   1.9427639E+14   3.3847605E+00   2.3541746E-04   9.9755399E-03   9.9968416E-01    60 
    9.9498187E-01   9.9498187E-01   9.9774327E-01   9.9774327E-01   9.9774327E-01
    1.0024790E+00   1.0024790E+00   1.0179539E+00   9.9854277E-01   9.9854277E-01
    1.0003480E+00   1.0020259E+00   1.0020259E+00   9.9529318E-01   1.0005253E+00
    1.0005253E+00   1.0057890E+00   1.0057890E+00   1.0017474E+00   1.0019521E+00
    1.0019521E+00   1.0012598E+00   1.0012598E+00   1.0012598E+00   1.0008915E+00
    1.0008915E+00   1.0091408E+00   1.0091408E+00   1.0007966E+00   1.0007966E+00
    1.0023364E+00   1.0019178E+00   1.0019178E+00   1.0035467E+00   1.0035467E+00
    1.0021331E+00   1.0021331E+00   1.0019394E+00   1.0019394E+00

 2.8165264574E+02   1.0911244E+08   2.1507939E+14   3.6240455E+00   1.4265363E-04   9.6319673E-03   9.9969504E-01    61 
    9.9644130E-01   9.9644130E-01   9.9656878E-01   9.9656878E-01   9.9656878E-01
    9.9613301E-01   9.9613301E-01   1.0044304E+00   9.9843841E-01   9.9843841E-01
    9.9916298E-01   9.9958377E-01   9.9958377E-01   9.9161184E-01   9.9939959E-01
    9.9939959E-01   9.9279907E-01   9.9279907E-01   9.9921725E-01   9.9917852E-01
    9.9917852E-01   9.9870798E-01   9.9870798E-01   9.9870798E-01   9.9926600E-01
    9.9926600E-01   9.9760436E-01   9.9760436E-01   9.9917907E-01   9.9917907E-01
    9.9922669E-01   9.9925289E-01   9.9925289E-01   9.9973418E-01   9.9973418E-01
    9.9952276E-01   9.9952276E-01   9.9945360E-01   9.9945360E-01

 2.8067860797E+02   3.5390591E+07   2.4087381E+14   3.8845443E+00   9.0314441E-05   8.9931421E-03   9.9971526E-01    62 
    9.9731893E-01   9.9731893E-01   9.9686274E-01   9.9686274E-01   9.9686274E-01
    9.9588576E-01   9.9588576E-01   9.9551384E-01   9.9842079E-01   9.9842079E-01
    9.9854572E-01   9.9838531E-01   9.9838531E-01   9.9373334E-01   9.9871810E-01
    9.9871810E-01   9.9270738E-01   9.9270738E-01   9.9826313E-01   9.9818818E-01
    9.9818818E-01   9.9814115E-01   9.9814115E-01   9.9814115E-01   9.9853022E-01
    9.9853022E-01   9.9473248E-01   9.9473248E-01   9.9849002E-01   9.9849002E-01
    9.9801821E-01   9.9816659E-01   9.9816659E-01   9.9792214E-01   9.9792214E-01
    9.9837137E-01   9.9837137E-01   9.9837523E-01   9.9837523E-01

 2.7945610972E+02   1.0740871E+07   2.8384183E+14   4.1679352E+00   6.2188163E-05   7.8172166E-03   9.9975249E-01    63 
    9.9853128E-01   9.9853128E-01   9.9824502E-01   9.9824502E-01   9.9824502E-01
    9.9790759E-01   9.9790759E-01   9.9544419E-01   9.9907348E-01   9.9907348E-01
    9.9907181E-01   9.9889944E-01   9.9889944E-01   9.9691925E-01   9.9916259E-01
    9.9916259E-01   9.9633065E-01   9.9633065E-01   9.9885086E-01   9.9880998E-01
    9.9880998E-01   9.9890585E-01   9.9890585E-01   9.9890585E-01   9.9903235E-01
    9.9903235E-01   9.9640443E-01   9.9640443E-01   9.9902472E-01   9.9902472E-01
    9.9866242E-01   9.9877681E-01   9.9877681E-01   9.9850353E-01   9.9850353E-01
    9.9887881E-01   9.9887881E-01   9.9889454E-01   9.9889454E-01

 2.7801889713E+02   3.0303036E+06   3.5514214E+14   4.4763764E+00   4.6917867E-05   6.3478668E-03   9.9979901E-01    64 
    9.9933526E-01   9.9933526E-01   9.9919638E-01   9.9919638E-01   9.9919638E-01
    9.9918903E-01   9.9918903E-01   9.9767398E-01   9.9951599E-01   9.9951599E-01
    9.9952318E-01   9.9944362E-01   9.9944362E-01   9.9877582E-01   9.9952930E-01
    9.9952930E-01   9.9859148E-01   9.9859148E-01   9.9939995E-01   9.9938451E-01
    9.9938451E-01   9.9943172E-01   9.9943172E-01   9.9943172E-01   9.9947330E-01
    9.9947330E-01   9.9823208E-01   9.9823208E-01   9.9947329E-01   9.9947329E-01
    9.9931770E-01   9.9937366E-01   9.9937366E-01   9.9925496E-01   9.9925496E-01
    9.9941051E-01   9.9941051E-01   9.9941964E-01   9.9941964E-01

 2.7643307905E+02   8.7504307E+05   4.6638286E+14   4.8119297E+00   3.8322855E-05   4.8999970E-03   9.9984485E-01    65 
    9.9973813E-01   9.9973813E-01   9.9966349E-01   9.9966349E-01   9.9966349E-01
    9.9972448E-01   9.9972448E-01   9.9900799E-01   9.9977414E-01   9.9977414E-01
    9.9978233E-01   9.9975073E-01   9.9975073E-01   9.9954604E-01   9.9976916E-01
    9.9976916E-01   9.9952510E-01   9.9952510E-01   9.9970888E-01   9.9970210E-01
    9.9970210E-01   9.9972069E-01   9.9972069E-01   9.9972069E-01   9.9972642E-01
    9.9972642E-01   9.9922668E-01   9.9922668E-01   9.9973301E-01   9.9973301E-01
    9.9968116E-01   9.9970467E-01   9.9970467E-01   9.9966829E-01   9.9966829E-01
    9.9971675E-01   9.9971675E-01   9.9972053E-01   9.9972053E-01

 2.7471203633E+02   2.7208976E+05   6.3805499E+14   5.1873803E+00   3.3222857E-05   3.6301624E-03   9.9988505E-01    66 
    9.9988496E-01   9.9988496E-01   9.9983468E-01   9.9983468E-01   9.9983468E-01
    9.9988981E-01   9.9988981E-01   9.9956900E-01   9.9988408E-01   9.9988408E-01
    9.9989073E-01   9.9987765E-01   9.9987765E-01   9.9979815E-01   9.9987774E-01
    9.9987774E-01   9.9981490E-01   9.9981490E-01   9.9985037E-01   9.9984694E-01
    9.9984694E-01   9.9984277E-01   9.9984277E-01   9.9984277E-01   9.9985097E-01
    9.9985097E-01   9.9966098E-01   9.9966098E-01   9.9985623E-01   9.9985623E-01
    9.9984309E-01   9.9985269E-01   9.9985269E-01   9.9984291E-01   9.9984291E-01
    9.9985689E-01   9.9985689E-01   9.9985829E-01   9.9985829E-01

 2.7361021715E+02   1.3838534E+05   7.8259992E+14   5.4403986E+00   3.1086774E-05   2.9845596E-03   9.9990549E-01    67 
    9.9993653E-01   9.9993653E-01   9.9989765E-01   9.9989765E-01   9.9989765E-01
    9.9993951E-01   9.9993951E-01   9.9975756E-01   9.9992792E-01   9.9992792E-01
    9.9993224E-01   9.9992474E-01   9.9992474E-01   9.9987639E-01   9.9992187E-01
    9.9992187E-01   9.9989806E-01   9.9989806E-01   9.9990652E-01   9.9990436E-01
    9.9990436E-01   9.9989405E-01   9.9989405E-01   9.9989405E-01   9.9990447E-01
    9.9990447E-01   9.9980905E-01   9.9980905E-01   9.9990806E-01   9.9990806E-01
    9.9990452E-01   9.9990959E-01   9.9990959E-01   9.9990616E-01   9.9990616E-01
    9.9991169E-01   9.9991169E-01   9.9991240E-01   9.9991240E-01

 2.7305232212E+02   9.9933008E+04   8.6774436E+14   5.5731188E+00   3.0213402E-05   2.7030497E-03   9.9991441E-01    68 
    9.9995599E-01   9.9995599E-01   9.9992427E-01   9.9992427E-01   9.9992427E-01
    9.9995757E-01   9.9995757E-01   9.9982124E-01   9.9994601E-01   9.9994601E-01
    9.9994890E-01   9.9994321E-01   9.9994321E-01   9.9990598E-01   9.9994009E-01
    9.9994009E-01   9.9992642E-01   9.9992642E-01   9.9992891E-01   9.9992728E-01
    9.9992728E-01   9.9991800E-01   9.9991800E-01   9.9991800E-01   9.9992674E-01
    9.9992674E-01   9.9985997E-01   9.9985997E-01   9.9992951E-01   9.9992951E-01
    9.9992808E-01   9.9993167E-01   9.9993167E-01   9.9992997E-01   9.9992997E-01
    9.9993314E-01   9.9993314E-01   9.9993365E-01   9.9993365E-01

 2.7277278626E+02   8.5194644E+04   9.1354566E+14   5.6408024E+00   2.9814287E-05   2.5729293E-03   9.9991853E-01    69 
    9.9995538E-01   9.9995538E-01   9.9992131E-01   9.9992131E-01   9.9992131E-01
    9.9995741E-01   9.9995741E-01   9.9981554E-01   9.9994312E-01   9.9994312E-01
    9.9994620E-01   9.9994012E-01   9.9994012E-01   9.9990190E-01   9.9993622E-01
    9.9993622E-01   9.9992422E-01   9.9992422E-01   9.9992499E-01   9.9992328E-01
    9.9992328E-01   9.9991326E-01   9.9991326E-01   9.9991326E-01   9.9992247E-01
    9.9992247E-01   9.9985554E-01   9.9985554E-01   9.9992534E-01   9.9992534E-01
    9.9992434E-01   9.9992795E-01   9.9992795E-01   9.9992634E-01   9.9992634E-01
    9.9992939E-01   9.9992939E-01   9.9992990E-01   9.9992990E-01

 2.7267953231E+02   8.0740203E+04   9.2941799E+14   5.6634772E+00   2.9688982E-05   2.5307617E-03   9.9991986E-01    70 
    9.9983588E-01   9.9983588E-01   9.9981347E-01   9.9981347E-01   9.9981347E-01
    9.9985668E-01   9.9985668E-01   9.9968269E-01   9.9981516E-01   9.9981516E-01
    9.9985412E-01   9.9985063E-01   9.9985063E-01   9.9987523E-01   9.9983991E-01
    9.9983991E-01   9.9981812E-01   9.9981812E-01   9.9983707E-01   9.9983553E-01
    9.9983553E-01   9.9981284E-01   9.9981284E-01   9.9981284E-01   9.9983397E-01
    9.9983397E-01   9.9974100E-01   9.9974100E-01   9.9983474E-01   9.9983474E-01
    9.9984347E-01   9.9984918E-01   9.9984918E-01   9.9984553E-01   9.9984553E-01
    9.9985118E-01   9.9985118E-01   9.9985161E-01   9.9985161E-01
