!
!        Log(Tau)       T/T(grey)       T(10^4 K)      L
!
          70
     -4.681666E+00    8.916949E+00    9.550624E-01      1
     -4.677316E+00    8.878313E+00    9.554377E-01      2
     -4.668612E+00    8.800502E+00    9.560821E-01      3
     -4.651235E+00    8.645184E+00    9.571501E-01      4
     -4.616495E+00    8.338811E+00    9.588204E-01      5
     -4.546861E+00    7.750947E+00    9.613723E-01      6
     -4.412359E+00    6.724267E+00    9.653066E-01      7
     -4.278790E+00    5.838624E+00    9.690554E-01      8
     -4.145661E+00    5.071936E+00    9.728719E-01      9
     -4.012867E+00    4.409214E+00    9.770069E-01     10
     -3.881050E+00    3.840417E+00    9.816685E-01     11
     -3.750786E+00    3.354794E+00    9.869022E-01     12
     -3.622147E+00    2.940828E+00    9.927722E-01     13
     -3.494673E+00    2.587494E+00    9.995389E-01     14
     -3.367280E+00    2.285382E+00    1.007985E+00     15
     -3.239523E+00    2.028691E+00    1.018971E+00     16
     -3.111503E+00    1.814788E+00    1.034057E+00     17
     -2.984083E+00    1.641357E+00    1.054915E+00     18
     -2.855635E+00    1.504199E+00    1.085090E+00     19
     -2.726185E+00    1.403406E+00    1.128555E+00     20
     -2.596541E+00    1.333666E+00    1.185040E+00     21
     -2.465580E+00    1.302387E+00    1.267565E+00     22
     -2.333108E+00    1.298751E+00    1.371571E+00     23
     -2.201705E+00    1.303608E+00    1.477753E+00     24
     -2.083659E+00    1.294155E+00    1.551240E+00     25
     -1.978118E+00    1.264679E+00    1.585151E+00     26
     -1.881560E+00    1.224472E+00    1.592904E+00     27
     -1.790385E+00    1.180535E+00    1.586050E+00     28
     -1.700890E+00    1.136624E+00    1.572585E+00     29
     -1.601181E+00    1.092347E+00    1.559552E+00     30
     -1.489676E+00    1.049766E+00    1.558074E+00     31
     -1.454233E+00    1.028062E+00    1.548467E+00     32
     -1.447655E+00    1.018082E+00    1.537578E+00     33
     -1.443270E+00    1.009690E+00    1.527057E+00     34
     -1.436950E+00    9.996503E-01    1.514273E+00     35
     -1.427493E+00    9.879472E-01    1.499403E+00     36
     -1.413641E+00    9.742812E-01    1.482072E+00     37
     -1.394142E+00    9.587389E-01    1.462438E+00     38
     -1.367336E+00    9.422538E-01    1.442033E+00     39
     -1.330772E+00    9.266014E-01    1.423831E+00     40
     -1.281160E+00    9.136019E-01    1.411083E+00     41
     -1.215011E+00    9.045345E-01    1.406452E+00     42
     -1.127059E+00    9.005540E-01    1.413106E+00     43
     -1.009312E+00    9.035837E-01    1.436805E+00     44
     -8.836544E-01    9.115361E-01    1.473038E+00     45
     -7.578859E-01    9.215527E-01    1.517428E+00     46
     -6.317982E-01    9.327935E-01    1.569982E+00     47
     -5.053802E-01    9.450184E-01    1.631743E+00     48
     -3.786398E-01    9.581450E-01    1.704148E+00     49
     -2.516078E-01    9.717699E-01    1.788179E+00     50
     -1.243100E-01    9.848370E-01    1.883601E+00     51
      3.170292E-03    9.958942E-01    1.989086E+00     52
      1.306971E-01    1.004352E+00    2.104449E+00     53
      2.581583E-01    1.010328E+00    2.230554E+00     54
      3.855356E-01    1.014075E+00    2.368359E+00     55
      5.128689E-01    1.015766E+00    2.518479E+00     56
      6.402111E-01    1.015762E+00    2.681833E+00     57
      7.676011E-01    1.014616E+00    2.859883E+00     58
      8.951051E-01    1.012798E+00    3.054175E+00     59
      1.022792E+00    1.010577E+00    3.266033E+00     60
      1.150861E+00    1.008242E+00    3.497500E+00     61
      1.279460E+00    1.006181E+00    3.751509E+00     62
      1.407959E+00    1.004389E+00    4.028487E+00     63
      1.535833E+00    1.003101E+00    4.330028E+00     64
      1.663193E+00    1.002063E+00    4.657183E+00     65
      1.790074E+00    1.001301E+00    5.012036E+00     66
      1.919431E+00    1.000648E+00    5.405051E+00     67
      1.967976E+00    1.000562E+00    5.561868E+00     68
      1.992260E+00    1.000529E+00    5.642171E+00     69
      2.000341E+00    1.000517E+00    5.669059E+00     70
