!
! Note: The effective temperature and surface gravity are defined
! at the reference radius, which (except when using the old
! velocity) is the location where Tau=2/3.
!
! Effective temperature (10^4 K) is:    1.890000E+00
!      Log surface gravity (cgs) is:    2.500000E+00
!         Core radius (10^10 cm) is:    2.726488E+02
!    Reference radius (10^10 cm) is:    2.869347E+02
!              Luminosity (Lsun) is:    1.956609E+05
!            Mass (Msun) of star is:    1.961720E+01
!       Mass loss rate (Msun/yr) is:    8.000000E-07
!         Mean atomic mass (amu) is:    1.703840E+00
!            Eddington parameter is:    1.793840E-01
!                   Atom density is:    0.000000E+00
! Ratio of inner to outer radius is:  142.72876212
!
      70          !Number of depth points
!
!    R(10^10cm)       V(km/s)         Sigma           Tau     Index
 38914.83085987  6.344111E+02 -9.882218E-01  3.947794E-05         1
 38562.82952869  6.343429E+02 -9.880950E-01  3.983837E-05         2
 37867.94091037  6.342042E+02 -9.878641E-01  4.056950E-05         3
 36517.53143971  6.339201E+02 -9.874285E-01  4.207089E-05         4
 33961.71324246  6.333242E+02 -9.864216E-01  4.524304E-05         5
 29372.63688565  6.319970E+02 -9.837578E-01  5.232572E-05         6
 22176.87729236  6.288021E+02 -9.773467E-01  6.935471E-05         7
 16760.74751640  6.245148E+02 -9.702170E-01  9.192566E-05         8
 12698.92816045  6.190382E+02 -9.611697E-01  1.218421E-04         9
  9631.38547636  6.119702E+02 -9.483441E-01  1.614947E-04        10
  7322.39278496  6.026918E+02 -9.305814E-01  2.140518E-04        11
  5591.11696185  5.905991E+02 -9.069780E-01  2.837133E-04        12
  4293.90850074  5.750910E+02 -8.789327E-01  3.760456E-04        13
  3318.32736642  5.561468E+02 -8.442687E-01  4.984266E-04        14
  2575.85315419  5.329922E+02 -7.922086E-01  6.606356E-04        15
  2009.36462176  5.035309E+02 -7.171433E-01  8.756342E-04        16
  1580.27466089  4.669817E+02 -6.370850E-01  1.160602E-03        17
  1257.23945829  4.269721E+02 -5.218678E-01  1.538311E-03        18
  1008.96247120  3.793061E+02 -3.418360E-01  2.038942E-03        19
   822.32485882  3.253483E+02 -1.309473E-01  2.702500E-03        20
   682.44274820  2.715138E+02  1.457533E-01  3.582007E-03        21
   576.63247009  2.175990E+02  5.463071E-01  4.747743E-03        22
   496.98369257  1.666874E+02  1.090558E+00  6.294472E-03        23
   437.93868043  1.225745E+02  1.820704E+00  8.324567E-03        24
   396.51942283  8.864323E+01  2.742907E+00  1.080575E-02        25
   367.51012335  6.401393E+01  3.834472E+00  1.371702E-02        26
   346.15591413  4.614091E+01  5.068981E+00  1.717971E-02        27
   329.81852645  3.327466E+01  6.375383E+00  2.136035E-02        28
   316.67604110  2.395487E+01  7.232542E+00  2.659687E-02        29
   304.31264452  1.726030E+01  7.384780E+00  3.412458E-02        30
   293.80358025  1.285118E+01  1.818370E+01  4.350869E-02        31
   290.85596022  8.982877E+00  8.398481E+01  4.693146E-02        32
   290.56000459  6.828318E+00  5.272709E+02  4.746242E-02        33
   290.41634089  4.686705E+00  7.091269E+02  4.788237E-02        34
   290.25558845  3.464550E+00  5.457782E+02  4.855874E-02        35
   290.07477564  2.503369E+00  5.243574E+02  4.961286E-02        36
   289.88851697  1.808938E+00  5.114021E+02  5.113552E-02        37
   289.70019252  1.307864E+00  5.052159E+02  5.330582E-02        38
   289.51081411  9.465545E-01  4.987590E+02  5.640531E-02        39
   289.31766584  6.849165E-01  4.893730E+02  6.090858E-02        40
   289.11983785  4.945110E-01  4.764355E+02  6.755554E-02        41
   288.91489835  3.581260E-01  4.536553E+02  7.755853E-02        42
   288.69747750  2.591029E-01  4.236620E+02  9.316292E-02        43
   288.45692551  1.871999E-01  3.800724E+02  1.188414E-01        44
   288.21131828  1.394007E-01  3.330374E+02  1.574074E-01        45
   287.97826744  1.090564E-01  2.907115E+02  2.086343E-01        46
   287.74559130  8.793703E-02  2.547382E+02  2.765327E-01        47
   287.50461959  7.225123E-02  2.241543E+02  3.665281E-01        48
   287.24866836  6.008291E-02  1.983398E+02  4.858118E-01        49
   286.97211728  5.029896E-02  1.781380E+02  6.439154E-01        50
   286.67038627  4.213536E-02  1.643359E+02  8.534725E-01        51
   286.34038633  3.511004E-02  1.555182E+02  1.131228E+00        52
   285.98127884  2.903768E-02  1.483072E+02  1.499378E+00        53
   285.59455888  2.390346E-02  1.396606E+02  1.987338E+00        54
   285.18307964  1.971740E-02  1.279843E+02  2.634102E+00        55
   284.74920951  1.642246E-02  1.128771E+02  3.491349E+00        56
   284.29297566  1.391858E-02  9.419497E+01  4.627581E+00        57
   283.81045159  1.209204E-02  7.219130E+01  6.133590E+00        58
   283.29153777  1.084608E-02  4.777701E+01  8.129719E+00        59
   282.71554946  1.011161E-02  2.512951E+01  1.077547E+01        60
   282.04442785  9.750753E-03  1.332068E+01  1.428226E+01        61
   281.21623684  9.384259E-03  1.673749E+01  1.893031E+01        62
   280.16570199  8.563381E-03  2.775274E+01  2.509103E+01        63
   278.88200816  7.282361E-03  3.698671E+01  3.325671E+01        64
   277.41438410  5.836610E-03  4.282342E+01  4.407984E+01        65
   275.82525815  4.479956E-03  4.633363E+01  5.842527E+01        66
   274.16445516  3.350535E-03  4.761218E+01  7.753707E+01        67
   273.25689178  2.853998E-03  4.732742E+01  9.032412E+01        68
   272.80098807  2.633582E-03  4.701210E+01  9.748795E+01        69
   272.64883603  2.564073E-03  4.686887E+01  1.000000E+02        70
   272.64883603  2.564073E-03  4.686887E+01  1.000000E+02        70
