         R          I   Tau(Ross)   /\Tau   Rat(Ross)  Chi(Ross)  Chi(ross)  Chi(Flux)   Chi(es)   Tau(Flux)  Tau(es)  Rat(Flux)  Rat(es)     Kappa   V(km/s)
 30093.3208870359   1 9.651E-06 1.170E-07  0.00E+00  6.686E-09  6.686E-09  2.261E-07  6.425E-09  2.96E-04  9.59E-06  0.00E+00  0.00E+00  2.584E-01  1.462E+03
 29747.3689466777   2 9.768E-06 2.384E-07  2.04E+00  6.846E-09  6.846E-09  2.317E-07  6.576E-09  3.00E-04  9.70E-06  2.04E+00  2.04E+00  2.585E-01  1.462E+03
 29067.0417558977   3 1.001E-05 4.940E-07  2.07E+00  7.177E-09  7.177E-09  2.437E-07  6.889E-09  3.08E-04  9.93E-06  2.08E+00  2.07E+00  2.587E-01  1.462E+03
 27754.0495899428   4 1.050E-05 1.061E-06  2.15E+00  7.888E-09  7.888E-09  2.691E-07  7.559E-09  3.25E-04  1.04E-05  2.17E+00  2.14E+00  2.592E-01  1.461E+03
 25305.1838187522   5 1.156E-05 2.452E-06  2.31E+00  9.527E-09  9.527E-09  3.289E-07  9.099E-09  3.61E-04  1.14E-05  2.37E+00  2.30E+00  2.600E-01  1.460E+03
 21042.5978871389   6 1.401E-05 6.315E-06  2.58E+00  1.389E-08  1.389E-08  4.990E-07  1.318E-08  4.47E-04  1.38E-05  2.75E+00  2.55E+00  2.617E-01  1.458E+03
 14717.7822695585   7 2.033E-05 9.132E-06  1.45E+00  2.884E-08  2.884E-08  1.124E-06  2.707E-08  6.85E-04  1.97E-05  1.55E+00  1.43E+00  2.645E-01  1.451E+03
 10304.3338340244   8 2.946E-05 1.316E-05  1.44E+00  5.968E-08  5.968E-08  2.449E-06  5.560E-08  1.05E-03  2.83E-05  1.49E+00  1.43E+00  2.666E-01  1.441E+03
  7225.7218917807   9 4.262E-05 1.889E-05  1.43E+00  1.232E-07  1.232E-07  5.122E-06  1.142E-07  1.60E-03  4.05E-05  1.43E+00  1.43E+00  2.680E-01  1.427E+03
  5082.6560475177  10 6.151E-05 2.690E-05  1.42E+00  2.535E-07  2.535E-07  1.038E-05  2.339E-07  2.38E-03  5.79E-05  1.39E+00  1.42E+00  2.692E-01  1.408E+03
  3595.0422523474  11 8.841E-05 3.830E-05  1.42E+00  5.188E-07  5.188E-07  2.049E-05  4.765E-07  3.46E-03  8.27E-05  1.37E+00  1.42E+00  2.704E-01  1.382E+03
  2558.1254825735  12 1.267E-04 5.473E-05  1.43E+00  1.058E-06  1.058E-06  3.986E-05  9.667E-07  4.94E-03  1.18E-04  1.36E+00  1.42E+00  2.717E-01  1.345E+03
  1831.1425691947  13 1.814E-04 7.842E-05  1.43E+00  2.156E-06  2.156E-06  7.672E-05  1.960E-06  6.94E-03  1.68E-04  1.34E+00  1.42E+00  2.732E-01  1.295E+03
  1320.4707364718  14 2.599E-04 1.124E-04  1.43E+00  4.400E-06  4.400E-06  1.458E-04  3.974E-06  9.64E-03  2.39E-04  1.33E+00  1.42E+00  2.749E-01  1.228E+03
   961.8984361830  15 3.723E-04 1.610E-04  1.43E+00  8.991E-06  8.991E-06  2.745E-04  8.066E-06  1.32E-02  3.40E-04  1.32E+00  1.42E+00  2.768E-01  1.140E+03
   710.5183991935  16 5.333E-04 2.312E-04  1.44E+00  1.837E-05  1.837E-05  5.180E-04  1.636E-05  1.79E-02  4.84E-04  1.33E+00  1.42E+00  2.788E-01  1.030E+03
   534.0209030644  17 7.645E-04 3.318E-04  1.44E+00  3.769E-05  3.769E-05  9.835E-04  3.329E-05  2.42E-02  6.89E-04  1.30E+00  1.42E+00  2.812E-01  8.963E+02
   411.0495711615  18 1.096E-03 4.763E-04  1.44E+00  7.804E-05  7.804E-05  1.799E-03  6.819E-05  3.24E-02  9.81E-04  1.21E+00  1.42E+00  2.843E-01  7.385E+02
   326.0600355277  19 1.573E-03 6.932E-04  1.46E+00  1.629E-04  1.629E-04  3.038E-03  1.401E-04  4.23E-02  1.39E-03  1.14E+00  1.43E+00  2.889E-01  5.714E+02
   267.2848215585  20 2.266E-03 9.607E-04  1.39E+00  3.469E-04  3.469E-04  4.893E-03  2.917E-04  5.36E-02  1.98E-03  1.04E+00  1.35E+00  2.953E-01  4.083E+02
   228.7600074391  21 3.226E-03 1.150E-03  1.20E+00  7.274E-04  7.275E-04  7.502E-03  5.935E-04  6.53E-02  2.78E-03  8.57E-01  1.16E+00  3.044E-01  2.734E+02
   205.8511248696  22 4.377E-03 1.354E-03  1.18E+00  1.336E-03  1.336E-03  9.697E-03  1.062E-03  7.53E-02  3.70E-03  8.22E-01  1.15E+00  3.125E-01  1.809E+02
   191.2618828046  23 5.731E-03 1.561E-03  1.15E+00  1.830E-03  1.830E-03  9.224E-03  1.438E-03  8.35E-02  4.77E-03  7.93E-01  1.15E+00  3.162E-01  1.194E+02
   181.4882849584  24 7.292E-03 1.810E-03  1.16E+00  1.744E-03  1.744E-03  6.033E-03  1.382E-03  9.00E-02  6.00E-03  8.04E-01  1.17E+00  3.136E-01  7.884E+01
   174.5932940721  25 9.102E-03 2.195E-03  1.21E+00  1.539E-03  1.539E-03  3.783E-03  1.234E-03  9.53E-02  7.45E-03  9.04E-01  1.22E+00  3.101E-01  5.207E+01
   169.4187199018  26 1.130E-02 2.803E-03  1.28E+00  1.521E-03  1.521E-03  2.915E-03  1.226E-03  1.00E-01  9.21E-03  1.01E+00  1.28E+00  3.085E-01  3.433E+01
   165.1620537677  27 1.410E-02 1.761E-03  6.28E-01  1.716E-03  1.716E-03  2.579E-03  1.384E-03  1.05E-01  1.15E-02  4.93E-01  6.28E-01  3.082E-01  2.288E+01
   163.4305564553  28 1.586E-02 5.482E-04  3.11E-01  2.087E-03  2.087E-03  2.438E-03  1.680E-03  1.07E-01  1.29E-02  2.64E-01  3.10E-01  3.087E-01  1.528E+01
   163.0710244927  29 1.641E-02 4.721E-04  8.61E-01  2.679E-03  2.679E-03  2.993E-03  2.140E-03  1.08E-01  1.33E-02  8.58E-01  8.51E-01  3.112E-01  1.035E+01
   162.8781281029  30 1.688E-02 7.909E-04  1.68E+00  3.779E-03  3.779E-03  4.391E-03  2.971E-03  1.08E-01  1.37E-02  1.76E+00  1.65E+00  3.160E-01  6.658E+00
   162.6721331523  31 1.767E-02 1.289E-03  1.63E+00  5.417E-03  5.417E-03  6.633E-03  4.181E-03  1.09E-01  1.43E-02  1.70E+00  1.60E+00  3.218E-01  4.421E+00
   162.4548568465  32 1.896E-02 2.257E-03  1.75E+00  8.019E-03  8.019E-03  1.015E-02  6.050E-03  1.11E-01  1.53E-02  1.79E+00  1.71E+00  3.292E-01  2.922E+00
   162.2100249436  33 2.122E-02 3.779E-03  1.67E+00  1.208E-02  1.208E-02  1.555E-02  8.881E-03  1.14E-01  1.70E-02  1.70E+00  1.63E+00  3.377E-01  1.935E+00
   161.9463947363  34 2.500E-02 6.349E-03  1.68E+00  1.845E-02  1.845E-02  2.413E-02  1.318E-02  1.19E-01  1.97E-02  1.71E+00  1.63E+00  3.478E-01  1.282E+00
   161.6636004017  35 3.135E-02 1.128E-02  1.78E+00  2.857E-02  2.858E-02  3.830E-02  1.971E-02  1.27E-01  2.42E-02  1.82E+00  1.71E+00  3.601E-01  8.484E-01
   161.3461925251  36 4.262E-02 1.821E-02  1.61E+00  4.498E-02  4.498E-02  6.169E-02  2.972E-02  1.42E-01  3.18E-02  1.64E+00  1.54E+00  3.758E-01  5.596E-01
   161.0168137702  37 6.083E-02 2.582E-02  1.42E+00  6.834E-02  6.834E-02  9.442E-02  4.311E-02  1.68E-01  4.35E-02  1.42E+00  1.36E+00  3.936E-01  3.852E-01
   160.7000044895  38 8.665E-02 3.687E-02  1.43E+00  9.755E-02  9.755E-02  1.337E-01  5.886E-02  2.03E-01  5.94E-02  1.41E+00  1.37E+00  4.115E-01  2.823E-01
   160.3782182093  39 1.235E-01 5.265E-02  1.43E+00  1.347E-01  1.347E-01  1.814E-01  7.773E-02  2.53E-01  8.12E-02  1.40E+00  1.36E+00  4.303E-01  2.142E-01
   160.0423126497  40 1.762E-01 7.521E-02  1.43E+00  1.822E-01  1.822E-01  2.395E-01  1.004E-01  3.23E-01  1.11E-01  1.39E+00  1.36E+00  4.507E-01  1.663E-01
   159.6854345901  41 2.514E-01 1.075E-01  1.43E+00  2.431E-01  2.431E-01  3.103E-01  1.275E-01  4.21E-01  1.51E-01  1.39E+00  1.36E+00  4.738E-01  1.315E-01
   159.3012333507  42 3.589E-01 1.537E-01  1.43E+00  3.204E-01  3.204E-01  3.961E-01  1.591E-01  5.55E-01  2.06E-01  1.38E+00  1.35E+00  5.007E-01  1.058E-01
   158.8822494664  43 5.125E-01 2.198E-01  1.43E+00  4.170E-01  4.170E-01  4.987E-01  1.951E-01  7.42E-01  2.80E-01  1.39E+00  1.35E+00  5.328E-01  8.694E-02
   158.4170375053  44 7.324E-01 3.145E-01  1.43E+00  5.307E-01  5.307E-01  6.153E-01  2.339E-01  1.00E+00  3.80E-01  1.39E+00  1.36E+00  5.698E-01  7.345E-02
   157.8848945993  45 1.047E+00 4.504E-01  1.43E+00  6.517E-01  6.517E-01  7.327E-01  2.743E-01  1.36E+00  5.15E-01  1.38E+00  1.39E+00  6.092E-01  6.437E-02
   157.2524079657  46 1.497E+00 6.451E-01  1.43E+00  7.718E-01  7.719E-01  8.325E-01  3.193E-01  1.86E+00  7.02E-01  1.37E+00  1.43E+00  6.468E-01  5.815E-02
   156.4810410072  47 2.142E+00 9.240E-01  1.43E+00  9.028E-01  9.028E-01  9.334E-01  3.769E-01  2.54E+00  9.70E-01  1.38E+00  1.46E+00  6.731E-01  5.225E-02
   155.5432809871  48 3.066E+00 1.322E+00  1.43E+00  1.076E+00  1.076E+00  1.084E+00  4.601E-01  3.48E+00  1.36E+00  1.41E+00  1.47E+00  6.793E-01  4.478E-02
   154.4420046737  49 4.388E+00 1.891E+00  1.43E+00  1.340E+00  1.340E+00  1.339E+00  5.874E-01  4.80E+00  1.93E+00  1.42E+00  1.47E+00  6.735E-01  3.613E-02
   153.2057829246  50 6.279E+00 2.707E+00  1.43E+00  1.744E+00  1.744E+00  1.741E+00  7.831E-01  6.69E+00  2.77E+00  1.43E+00  1.48E+00  6.614E-01  2.771E-02
   151.8710177671  51 8.986E+00 3.873E+00  1.43E+00  2.355E+00  2.355E+00  2.354E+00  1.096E+00  9.39E+00  4.01E+00  1.43E+00  1.48E+00  6.400E-01  2.019E-02
   150.4895923356  52 1.286E+01 5.538E+00  1.43E+00  3.325E+00  3.325E+00  3.320E+00  1.606E+00  1.33E+01  5.85E+00  1.43E+00  1.48E+00  6.172E-01  1.405E-02
   149.1123035566  53 1.840E+01 7.928E+00  1.43E+00  4.822E+00  4.822E+00  4.815E+00  2.394E+00  1.88E+01  8.56E+00  1.43E+00  1.47E+00  6.007E-01  9.600E-03
   147.7540175134  54 2.632E+01 1.135E+01  1.43E+00  6.984E+00  6.984E+00  6.978E+00  3.546E+00  2.67E+01  1.25E+01  1.43E+00  1.47E+00  5.875E-01  6.601E-03
   146.4046281584  55 3.767E+01 1.624E+01  1.43E+00  1.001E+01  1.001E+01  1.001E+01  5.211E+00  3.81E+01  1.84E+01  1.43E+00  1.47E+00  5.730E-01  4.576E-03
   145.0522671330  56 5.391E+01 2.377E+01  1.46E+00  1.425E+01  1.425E+01  1.427E+01  7.642E+00  5.43E+01  2.70E+01  1.46E+00  1.50E+00  5.566E-01  3.179E-03
   143.6691909492  57 7.768E+01 1.251E+01  5.26E-01  2.050E+01  2.050E+01  2.051E+01  1.122E+01  7.81E+01  3.99E+01  5.25E-01  5.32E-01  5.454E-01  2.208E-03
   143.1031692128  58 9.019E+01 6.993E+00  5.59E-01  2.379E+01  2.379E+01  2.376E+01  1.306E+01  9.06E+01  4.67E+01  5.61E-01  5.60E-01  5.435E-01  1.911E-03
   142.8197067771  59 9.719E+01 2.450E+00  3.50E-01  2.557E+01  2.557E+01  2.567E+01  1.406E+01  9.76E+01  5.06E+01  3.50E-01  3.51E-01  5.429E-01  1.783E-03
   142.7250581522  60 9.964E+01 0.000E+00  0.00E+00  2.619E+01  2.619E+01  2.619E+01  1.441E+01  1.00E+02  5.19E+01  0.00E+00  0.00E+00  5.427E-01  1.742E-03


NB: Mean opacities do not include effect of clumpingNB: Optical depth scale includes effect of clumping
