
 24-FEB-2004                           !Format date

 1.4274798744E+02     2.4879E+05       56       60

 3.0968612785E+04   5.5647901E-05   1.3035221E+06   1.0532640E+00   4.0096408E+02   1.4619671E+03   5.0000000E-02     1 
    1.0055345E-36   6.6679530E-39   6.6679530E-39   6.6679530E-39   2.5317165E-36
    2.2688251E-39   2.2688251E-39   2.2688251E-39   8.8577780E-39   2.2564766E-37
    1.1734518E-23   5.9502711E-23   2.0991162E-22   4.3298228E-20   4.3298228E-20
    4.3298228E-20   1.0236516E-21   1.0236516E-21   1.0236516E-21   5.7211483E-21
    1.6550274E-18   1.6550274E-18   1.6550274E-18   8.6508767E-18   1.7700980E-17
    1.5529076E-16   1.5529076E-16   1.5529076E-16   9.5706318E-17   4.1048264E-16
    4.1048264E-16   4.1048264E-16   2.2979737E-13   2.2979737E-13   2.2979737E-13
    2.2923542E-16   6.8132882E-16   2.9430257E-16   2.9430257E-16   2.9430257E-16
    8.2672744E-15   9.2018371E-16   9.2018371E-16   9.2018371E-16   7.3752554E-16
    3.0719864E-15   1.0241742E-13   2.0174644E-13   1.3444489E-12   1.3444489E-12
    1.3444489E-12   2.6699228E-13   2.9268251E-13   2.9268251E-13   2.9268251E-13
    6.2082912E-13

 3.0621907442E+04   5.6944672E-05   1.3333174E+06   1.0561805E+00   4.0122769E+02   1.4618461E+03   5.0000000E-02     2 
    1.3969250E-36   9.1856039E-39   9.1856039E-39   9.1856039E-39   3.3883600E-36
    3.0418662E-39   3.0418662E-39   3.0418662E-39   1.1773355E-38   2.9351972E-37
    1.3540028E-23   6.8291802E-23   2.3918482E-22   4.9291644E-20   4.9291644E-20
    4.9291644E-20   1.1586032E-21   1.1586032E-21   1.1586032E-21   6.4394620E-21
    1.8415514E-18   1.8415514E-18   1.8415514E-18   9.5832158E-18   1.9565289E-17
    1.7131992E-16   1.7131992E-16   1.7131992E-16   1.0537419E-16   4.5069017E-16
    4.5069017E-16   4.5069017E-16   2.5220644E-13   2.5220644E-13   2.5220644E-13
    2.5140278E-16   7.4634998E-16   3.2160161E-16   3.2160161E-16   3.2160161E-16
    9.0255275E-15   1.0044175E-15   1.0044175E-15   1.0044175E-15   8.0341366E-16
    3.3392470E-15   1.1058857E-13   2.1708662E-13   1.4443384E-12   1.4443384E-12
    1.4443384E-12   2.8666737E-13   3.1365909E-13   3.1365909E-13   3.1365909E-13
    6.6433660E-13

 2.9939807431E+04   5.9646517E-05   1.3949979E+06   1.0620351E+00   4.0165206E+02   1.4615997E+03   5.0000000E-02     3 
    2.6867498E-36   1.7376888E-38   1.7376888E-38   1.7376888E-38   6.0518717E-36
    5.4532817E-39   5.4532817E-39   5.4532817E-39   2.0747669E-38   4.9552562E-37
    1.8004074E-23   8.9844912E-23   3.1008807E-22   6.3808131E-20   6.3808131E-20
    6.3808131E-20   1.4825964E-21   1.4825964E-21   1.4825964E-21   8.1493752E-21
    2.2778189E-18   2.2778189E-18   2.2778189E-18   1.1749102E-17   2.3881809E-17
    2.0832689E-16   2.0832689E-16   2.0832689E-16   1.2762713E-16   5.4284810E-16
    5.4284810E-16   5.4284810E-16   3.0353674E-13   3.0353674E-13   3.0353674E-13
    3.0212217E-16   8.9486371E-16   3.8372214E-16   3.8372214E-16   3.8372214E-16
    1.0748438E-14   1.1957740E-15   1.1957740E-15   1.1957740E-15   9.5263596E-16
    3.9423985E-15   1.2885117E-13   2.5119242E-13   1.6658798E-12   1.6658798E-12
    1.6658798E-12   3.3024302E-13   3.6001018E-13   3.6001018E-13   3.6001018E-13
    7.6025851E-13

 2.8622196693E+04   6.5486112E-05   1.5269254E+06   1.0738038E+00   4.0219431E+02   1.4610903E+03   5.0000000E-02     4 
    9.7761949E-36   6.1250864E-38   6.1250864E-38   6.1250864E-38   1.9040425E-35
    1.7299993E-38   1.7299993E-38   1.7299993E-38   6.3649537E-38   1.3965951E-36
    3.1629130E-23   1.5454694E-22   5.1771759E-22   1.0630716E-19   1.0630716E-19
    1.0630716E-19   2.4144021E-21   2.4144021E-21   2.4144021E-21   1.2983216E-20
    3.4680627E-18   3.4680627E-18   3.4680627E-18   1.7578255E-17   3.5420309E-17
    3.0668361E-16   3.0668361E-16   3.0668361E-16   1.8641144E-16   7.8424206E-16
    7.8424206E-16   7.8424206E-16   4.3781572E-13   4.3781572E-13   4.3781572E-13
    4.3450232E-16   1.2811581E-15   5.4409007E-16   5.4409007E-16   5.4409007E-16
    1.5183143E-14   1.6881062E-15   1.6881062E-15   1.6881062E-15   1.3342087E-15
    5.4739356E-15   1.7432804E-13   3.3523146E-13   2.2091017E-12   2.2091017E-12
    2.2091017E-12   4.3687198E-13   4.7282237E-13   4.7282237E-13   4.7282237E-13
    9.9267579E-13

 2.6159283409E+04   7.9044914E-05   1.8293537E+06   1.0972970E+00   4.0269687E+02   1.4600008E+03   5.0000000E-02     5 
    1.1774816E-34   6.9804489E-37   6.9804489E-37   6.9804489E-37   1.7422135E-34
    1.6182424E-37   1.6182424E-37   1.6182424E-37   5.5868873E-37   1.0407722E-35
    9.3986464E-23   4.4091322E-22   1.3968663E-21   2.8513327E-19   2.8513327E-19
    2.8513327E-19   6.1975704E-21   6.1975704E-21   6.1975704E-21   3.1940523E-20
    7.8136471E-18   7.8136471E-18   7.8136471E-18   3.8289663E-17   7.5858825E-17
    6.4747182E-16   6.4747182E-16   6.4747182E-16   3.8762518E-16   1.5966638E-15
    1.5966638E-15   1.5966638E-15   8.8855183E-13   8.8855183E-13   8.8855183E-13
    8.7685584E-16   2.5631996E-15   1.0683604E-15   1.0683604E-15   1.0683604E-15
    2.9595405E-14   3.2868374E-15   3.2868374E-15   3.2868374E-15   2.5581766E-15
    1.0319495E-14   3.1272581E-13   5.8568385E-13   3.8123005E-12   3.8123005E-12
    3.8123005E-12   7.5016741E-13   8.0088455E-13   8.0088455E-13   8.0088455E-13
    1.6625798E-12

 2.1856758250E+04   1.1531640E-04   2.6249221E+06   1.1426416E+00   4.0276450E+02   1.4575305E+03   5.0000000E-02     6 
    1.0392973E-32   5.7612981E-35   5.7612981E-35   5.7612981E-35   9.6572296E-33
    9.6461778E-36   9.6461778E-36   9.6461778E-36   2.9772807E-35   4.1237875E-34
    6.7846659E-22   2.9562995E-21   8.4629132E-21   1.7093086E-18   1.7093086E-18
    1.7093086E-18   3.4322184E-20   3.4322184E-20   3.4322184E-20   1.6372179E-19
    3.4104121E-17   3.4104121E-17   3.4104121E-17   1.5718740E-16   3.0196650E-16
    2.5119552E-15   2.5119552E-15   2.5119552E-15   1.4631111E-15   5.8008582E-15
    5.8008582E-15   5.8008582E-15   3.2088642E-12   3.2088642E-12   3.2088642E-12
    3.1343097E-15   9.0222300E-15   3.6339703E-15   3.6339703E-15   3.6339703E-15
    9.9323297E-14   1.1010789E-14   1.1010789E-14   1.1010789E-14   8.3344083E-15
    3.2630809E-14   9.0373827E-13   1.6133299E-12   1.0269263E-11   1.0269263E-11
    1.0269263E-11   2.0037213E-12   2.0854905E-12   2.0854905E-12   2.0854905E-12
    4.2418960E-12

 1.5428802234E+04   2.3553588E-04   5.2906518E+06   1.2167195E+00   4.0540953E+02   1.4512304E+03   5.0000000E-02     7 
    6.5304318E-30   3.8630776E-32   3.8630776E-32   3.8630776E-32   3.6142225E-30
    4.7202210E-33   4.7202210E-33   4.7202210E-33   1.2467636E-32   1.1185698E-31
    1.2523836E-20   4.8939321E-20   1.2069391E-19   2.3997805E-17   2.3997805E-17
    2.3997805E-17   4.2914709E-19   4.2914709E-19   4.2914709E-19   1.8256865E-18
    2.9915960E-16   2.9915960E-16   2.9915960E-16   1.2593215E-15   2.3116862E-15
    1.8529454E-14   1.8529454E-14   1.8529454E-14   1.0366398E-14   3.8864029E-14
    3.8864029E-14   3.8864029E-14   2.1294350E-11   2.1294350E-11   2.1294350E-11
    2.0487498E-14   5.7695295E-14   2.2080894E-14   2.2080894E-14   2.2080894E-14
    5.9139985E-13   6.5429285E-14   6.5429285E-14   6.5429285E-14   4.7535843E-14
    1.7816296E-13   4.3294139E-12   7.2017233E-12   4.4353371E-11   4.4353371E-11
    4.4353371E-11   8.5385250E-12   8.5675533E-12   8.5675533E-12   8.5675533E-12
    1.6915080E-11

 1.0903132274E+04   4.7998720E-04   1.0659796E+07   1.2694014E+00   4.0543062E+02   1.4423199E+03   5.0000000E-02     8 
    3.1366049E-28   2.4679065E-30   2.4679065E-30   2.4679065E-30   1.6014704E-28
    3.1528784E-31   3.1528784E-31   3.1528784E-31   7.6232447E-31   5.1774416E-30
    8.1147765E-20   2.9572022E-19   6.6273546E-19   1.3050768E-16   1.3050768E-16
    1.3050768E-16   2.1681023E-18   2.1681023E-18   2.1681023E-18   8.5702244E-18
    1.2017086E-15   1.2017086E-15   1.2017086E-15   4.7720532E-15   8.5082216E-15
    6.6631194E-14   6.6631194E-14   6.6631194E-14   3.6331676E-14   1.3144596E-13
    1.3144596E-13   1.3144596E-13   7.1551006E-11   7.1551006E-11   7.1551006E-11
    6.8176922E-14   1.8941335E-13   7.0128046E-14   7.0128046E-14   7.0128046E-14
    1.8533778E-12   2.0488072E-13   2.0488072E-13   2.0488072E-13   1.4499760E-13
    5.2871848E-13   1.1828324E-11   1.8805901E-11   1.1339619E-10   1.1339619E-10
    1.1339619E-10   2.1630939E-11   2.1211321E-11   2.1211321E-11   2.1211321E-11
    4.1118203E-11

 7.7165860608E+03   9.7712156E-04   2.1467903E+07   1.3074303E+00   4.0390032E+02   1.4297993E+03   5.0000000E-02     9 
    3.3529289E-27   3.9771228E-29   3.9771228E-29   3.9771228E-29   2.0406617E-27
    6.5466995E-30   6.5466995E-30   6.5466995E-30   1.5123769E-29   8.5015120E-29
    2.8504447E-19   9.9109538E-19   2.0826285E-18   4.0753938E-16   4.0753938E-16
    4.0753938E-16   6.4447922E-18   6.4447922E-18   6.4447922E-18   2.4247810E-17
    3.0588974E-15   3.0588974E-15   3.0588974E-15   1.1679074E-14   2.0418252E-14
    1.5746533E-13   1.5746533E-13   1.5746533E-13   8.4395107E-14   2.9815222E-13
    2.9815222E-13   2.9815222E-13   1.6154698E-10   1.6154698E-10   1.6154698E-10
    1.5293308E-13   4.2113952E-13   1.5245783E-13   1.5245783E-13   1.5245783E-13
    3.9925126E-12   4.4121908E-13   4.4121908E-13   4.4121908E-13   3.0680909E-13
    1.0980192E-12   2.3259672E-11   3.5874123E-11   2.1326071E-10   2.1326071E-10
    2.1326071E-10   4.0396258E-11   3.9037012E-11   3.9037012E-11   3.9037012E-11
    7.4821437E-11

 5.4751066771E+03   1.9863058E-03   4.3171524E+07   1.3381011E+00   4.0139275E+02   1.4123230E+03   5.0000000E-02    10 
    1.7411841E-26   3.2895645E-28   3.2895645E-28   3.2895645E-28   1.4268714E-26
    7.6878836E-29   7.6878836E-29   7.6878836E-29   1.7400513E-28   8.5114298E-28
    7.4584720E-19   2.5015919E-18   5.0032630E-18   9.7455397E-16   9.7455397E-16
    9.7455397E-16   1.4842655E-17   1.4842655E-17   1.4842655E-17   5.3773287E-17
    6.2526767E-15   6.2526767E-15   6.2526767E-15   2.3166409E-14   3.9893641E-14
    3.0411019E-13   3.0411019E-13   3.0411019E-13   1.6086186E-13   5.5806635E-13
    5.5806635E-13   5.5806635E-13   3.0126581E-10   3.0126581E-10   3.0126581E-10
    2.8379512E-13   7.7632124E-13   2.7621730E-13   2.7621730E-13   2.7621730E-13
    7.1821373E-12   7.9364891E-13   7.9364891E-13   7.9364891E-13   5.4449681E-13
    1.9202536E-12   3.9045015E-11   5.8836326E-11   3.4598303E-10   3.4598303E-10
    3.4598303E-10   6.5140064E-11   6.2288278E-11   6.2288278E-11   6.2288278E-11
    1.1836590E-10

 3.9036692194E+03   4.0218483E-03   8.6399625E+07   1.3671019E+00   3.9799997E+02   1.3882248E+03   5.0000000E-02    11 
    7.2427100E-26   2.1941050E-27   2.1941050E-27   2.1941050E-27   8.2715141E-26
    7.4463959E-28   7.4463959E-28   7.4463959E-28   1.6776859E-27   7.3420590E-27
    1.7808100E-18   5.7813249E-18   1.1053876E-17   2.1449098E-15   2.1449098E-15
    2.1449098E-15   3.1577228E-17   3.1577228E-17   3.1577228E-17   1.1056041E-16
    1.1936730E-14   1.1936730E-14   1.1936730E-14   4.3042708E-14   7.3105964E-14
    5.5154228E-13   5.5154228E-13   5.5154228E-13   2.8829836E-13   9.8391959E-13
    9.8391959E-13   9.8391959E-13   5.2932521E-10   5.2932521E-10   5.2932521E-10
    4.9642342E-13   1.3499598E-12   4.7282192E-13   4.7282192E-13   4.7282192E-13
    1.2214141E-11   1.3497643E-12   1.3497643E-12   1.3497643E-12   9.1482758E-13
    3.1826212E-12   6.2403504E-11   9.2077053E-11   5.3617379E-10   5.3617379E-10
    5.3617379E-10   1.0036259E-10   9.5084525E-11   9.5084525E-11   9.5084525E-11
    1.7915629E-10

 2.7987154257E+03   8.1183197E-03   1.7217237E+08   1.3985982E+00   3.9377139E+02   1.3553069E+03   5.0000000E-02    12 
    3.2831217E-25   1.5597062E-26   1.5597062E-26   1.5597062E-26   5.1491806E-25
    7.5218350E-27   7.5218350E-27   7.5218350E-27   1.7107458E-26   6.8364665E-26
    4.4013450E-18   1.3812447E-17   2.5195439E-17   4.8710090E-15   4.8710090E-15
    4.8710090E-15   6.9229661E-17   6.9229661E-17   6.9229661E-17   2.3395157E-16
    2.3373178E-14   2.3373178E-14   2.3373178E-14   8.1942168E-14   1.3717876E-13
    1.0239951E-12   1.0239951E-12   1.0239951E-12   5.2869328E-13   1.7739647E-12
    1.7739647E-12   1.7739647E-12   9.5077490E-10   9.5077490E-10   9.5077490E-10
    8.8763479E-13   2.3992739E-12   8.2664333E-13   8.2664333E-13   8.2664333E-13
    2.1207770E-11   2.3440241E-12   2.3440241E-12   2.3440241E-12   1.5687485E-12
    5.3796792E-12   1.0163444E-10   1.4671601E-10   8.4574958E-10   8.4574958E-10
    8.4574958E-10   1.5735782E-10   1.4763971E-10   1.4763971E-10   1.4763971E-10
    2.7557736E-10

 2.0174652231E+03   1.6385391E-02   3.4260194E+08   1.4350726E+00   3.8866711E+02   1.3107424E+03   5.0000000E-02    13 
    1.8697416E-24   1.3418020E-25   1.3418020E-25   1.3418020E-25   3.8903258E-24
    8.8241289E-26   8.8241289E-26   8.8241289E-26   2.0634388E-25   7.7347044E-25
    1.1951195E-17   3.6126095E-17   6.2554989E-17   1.2046830E-14   1.2046830E-14
    1.2046830E-14   1.6469964E-16   1.6469964E-16   1.6469964E-16   5.3527454E-16
    4.9059152E-14   4.9059152E-14   4.9059152E-14   1.6672957E-13   2.7468788E-13
    2.0269422E-12   2.0269422E-12   2.0269422E-12   1.0323768E-12   3.3998532E-12
    3.3998532E-12   3.3998532E-12   1.8142308E-09   1.8142308E-09   1.8142308E-09
    1.6854679E-12   4.5261321E-12   1.5312406E-12   1.5312406E-12   1.5312406E-12
    3.8982799E-11   4.3100581E-12   4.3100581E-12   4.3100581E-12   2.8445962E-12
    9.6003563E-12   1.7419452E-10   2.4544899E-10   1.3994571E-09   1.3994571E-09
    1.3994571E-09   2.5866872E-10   2.4004249E-10   2.4004249E-10   2.4004249E-10
    4.4333173E-10

 1.4639371098E+03   3.3076141E-02   6.8153660E+08   1.4772424E+00   3.8244849E+02   1.2513696E+03   5.0000000E-02    14 
    1.3391342E-23   1.3960353E-24   1.3960353E-24   1.3960353E-24   3.5632134E-23
    1.2005548E-24   1.2005548E-24   1.2005548E-24   2.9388333E-24   1.0728754E-23
    3.5702621E-17   1.0356458E-16   1.6937505E-16   3.2487530E-14   3.2487530E-14
    3.2487530E-14   4.2566802E-16   4.2566802E-16   4.2566802E-16   1.3257299E-15
    1.1047188E-13   1.1047188E-13   1.1047188E-13   3.6285931E-13   5.8739817E-13
    4.2812106E-12   4.2812106E-12   4.2812106E-12   2.1482924E-12   6.9317732E-12
    6.9317732E-12   6.9317732E-12   3.6799118E-09   3.6799118E-09   3.6799118E-09
    3.4011414E-12   9.0696844E-12   3.0073154E-12   3.0073154E-12   3.0073154E-12
    7.5906210E-11   8.3970674E-12   8.3970674E-12   8.3970674E-12   5.4581140E-12
    1.8099179E-11   3.1446876E-10   4.3146603E-10   2.4316906E-09   2.4316906E-09
    2.4316906E-09   4.4610961E-10   4.0897945E-10   4.0897945E-10   4.0897945E-10
    7.4655681E-10

 1.0714943657E+03   6.6631032E-02   1.3562673E+09   1.5209094E+00   3.7495876E+02   1.1738003E+03   5.0000000E-02    15 
    8.9948520E-23   1.3446659E-23   1.3446659E-23   1.3446659E-23   3.0782741E-22
    1.5084562E-23   1.5084562E-23   1.5084562E-23   3.9355884E-23   1.4846821E-22
    1.0414614E-16   2.9004969E-16   4.4848868E-16   8.5740440E-14   8.5740440E-14
    8.5740440E-14   1.0774083E-15   1.0774083E-15   1.0774083E-15   3.2194082E-15
    2.4421602E-13   2.4421602E-13   2.4421602E-13   7.7580499E-13   1.2344404E-12
    8.8924104E-12   8.8924104E-12   8.8924104E-12   4.3975269E-12   1.3908906E-11
    1.3908906E-11   1.3908906E-11   7.3422660E-09   7.3422660E-09   7.3422660E-09
    6.7548095E-12   1.7892944E-11   5.8167425E-12   5.8167425E-12   5.8167425E-12
    1.4556362E-10   1.6115160E-11   1.6115160E-11   1.6115160E-11   1.0320081E-11
    3.3623576E-11   5.6077566E-10   7.4942760E-10   4.1792088E-09   4.1792088E-09
    4.1792088E-09   7.6045340E-10   6.8904983E-10   6.8904983E-10   6.8904983E-10
    1.2433756E-09

 7.9331701182E+02   1.3408226E-01   2.7012269E+09   1.5652675E+00   3.6478307E+02   1.0751368E+03   5.0000000E-02    16 
    5.3831205E-22   1.1496994E-22   1.1496994E-22   1.1496994E-22   2.3831876E-21
    1.6776963E-22   1.6776963E-22   1.6776963E-22   4.7473502E-22   1.9097610E-21
    2.9109239E-16   7.7918105E-16   1.1411612E-15   2.1769486E-13   2.1769486E-13
    2.1769486E-13   2.6266637E-15   2.6266637E-15   2.6266637E-15   7.5459843E-15
    5.2257825E-13   5.2257825E-13   5.2257825E-13   1.6075916E-12   2.5159725E-12
    1.7930730E-11   1.7930730E-11   1.7930730E-11   8.7431837E-12   2.7128266E-11
    2.7128266E-11   2.7128266E-11   1.4229313E-08   1.4229313E-08   1.4229313E-08
    1.3042831E-11   3.4334372E-11   1.0950577E-11   1.0950577E-11   1.0950577E-11
    2.7173769E-10   3.0113028E-11   3.0113028E-11   3.0113028E-11   1.9011113E-11
    6.0853593E-11   9.7812920E-10   1.2738025E-09   7.0348892E-09   7.0348892E-09
    7.0348892E-09   1.2690873E-09   1.1376634E-09   1.1376634E-09   1.1376634E-09
    2.0299652E-09

 5.9609389980E+02   2.7163087E-01   5.4019583E+09   1.6128773E+00   3.4790054E+02   9.5221825E+02   5.0000000E-02    17 
    3.2452938E-21   9.9024051E-22   9.9024051E-22   9.9024051E-22   1.9019757E-20
    1.8069612E-21   1.8069612E-21   1.8069612E-21   5.9022326E-21   2.4290063E-20
    8.2481684E-16   2.1204760E-15   2.9335810E-15   5.5950883E-13   5.5950883E-13
    5.5950883E-13   6.4785600E-15   6.4785600E-15   6.4785600E-15   1.7899024E-14
    1.1288130E-12   1.1288130E-12   1.1288130E-12   3.3610473E-12   5.1725871E-12
    3.6490717E-11   3.6490717E-11   3.6490717E-11   1.7538297E-11   5.3365056E-11
    5.3365056E-11   5.3365056E-11   2.7771492E-08   2.7771492E-08   2.7771492E-08
    2.5390448E-11   6.6428196E-11   2.0778468E-11   2.0778468E-11   2.0778468E-11
    5.1110744E-10   5.6711526E-11   5.6711526E-11   5.6711526E-11   3.5290535E-11
    1.1081344E-10   1.7214845E-09   2.1824798E-09   1.1926167E-08   1.1926167E-08
    1.1926167E-08   2.1314226E-09   1.8934648E-09   1.8934648E-09   1.8934648E-09
    3.3393724E-09

 4.5726920972E+02   5.5319054E-01   1.0864448E+10   1.6651537E+00   3.2114108E+02   8.0457042E+02   5.0000000E-02    18 
    2.0439946E-20   9.7879739E-21   9.7879739E-21   9.7879739E-21   1.5539445E-19
    2.1130813E-20   2.1130813E-20   2.1130813E-20   7.1528679E-20   2.7931242E-19
    2.4182668E-15   5.9673740E-15   7.7446594E-15   1.4818639E-12   1.4818639E-12
    1.4818639E-12   1.6466876E-14   1.6466876E-14   1.6466876E-14   4.3754118E-14
    2.5001080E-12   2.5001080E-12   2.5001080E-12   7.1965968E-12   1.0884345E-11
    7.6056806E-11   7.6056806E-11   7.6056806E-11   3.6012117E-11   1.0734583E-10
    1.0734583E-10   1.0734583E-10   5.5298956E-08   5.5298956E-08   5.5298956E-08
    5.0508166E-11   1.3132786E-10   4.0256969E-11   4.0256969E-11   4.0256969E-11
    9.8097963E-10   1.0903151E-10   1.0903151E-10   1.0903151E-10   6.6846060E-11
    2.0544110E-10   3.0900618E-09   3.8132590E-09   2.0568863E-08   2.0568863E-08
    2.0568863E-08   3.6337275E-09   3.2124804E-09   3.2124804E-09   3.2124804E-09
    5.5939337E-09

 3.6037804880E+02   1.1439988E+00   2.1827385E+10   1.7411153E+00   2.7764967E+02   6.4476016E+02   5.0000000E-02    19 
    2.9924290E-19   2.0382887E-19   2.0382887E-19   2.0382887E-19   1.4131263E-18
    4.5610568E-19   4.5610568E-19   4.5610568E-19   8.2820961E-19   3.0689826E-18
    1.0290761E-14   2.4052647E-14   2.8543915E-14   5.4940496E-12   5.4940496E-12
    5.4940496E-12   5.7874699E-14   5.7874699E-14   5.7874699E-14   1.4608067E-13
    7.2938672E-12   7.2938672E-12   7.2938672E-12   2.0056757E-11   2.9626972E-11
    2.0454729E-10   2.0454729E-10   2.0454729E-10   9.4961734E-11   2.7519263E-10
    2.7519263E-10   2.7519263E-10   1.3966576E-07   1.3966576E-07   1.3966576E-07
    1.2751828E-10   3.2890665E-10   9.8094493E-11   9.8094493E-11   9.8094493E-11
    2.3594067E-09   2.6295299E-10   2.6295299E-10   2.6295299E-10   1.5802025E-10
    4.7203071E-10   6.7865776E-09   8.0943751E-09   4.2843143E-08   4.2843143E-08
    4.2843143E-08   7.4432641E-09   6.5562518E-09   6.5562518E-09   6.5562518E-09
    1.1211771E-08

 2.9279346432E+02   2.2824347E+00   4.4032555E+10   1.8403891E+00   2.2678458E+02   4.8419995E+02   5.0000093E-02    20 
    7.8706268E-18   6.2673990E-18   6.2673990E-18   6.2673990E-18   1.9900417E-17
    1.2309007E-17   1.2309007E-17   1.2309007E-17   1.2988166E-17   4.3230659E-17
    5.7141476E-14   1.2542191E-13   1.3372741E-13   2.5882073E-11   2.5882073E-11
    2.5882073E-11   2.5624937E-13   2.5624937E-13   2.5624937E-13   6.0909457E-13
    2.5887457E-11   2.5887457E-11   2.5887457E-11   6.7408177E-11   9.6825069E-11
    6.5975983E-10   6.5975983E-10   6.5975983E-10   2.9928082E-10   8.3854321E-10
    8.3854321E-10   8.3854321E-10   4.1714098E-07   4.1714098E-07   4.1714098E-07
    3.8143543E-10   9.7494840E-10   2.8139018E-10   2.8139018E-10   2.8139018E-10
    6.6608225E-09   7.4523402E-10   7.4523402E-10   7.4523402E-10   4.3739328E-10
    1.2654557E-09   1.7230192E-08   1.9734158E-08   1.0226289E-07   1.0226289E-07
    1.0226289E-07   1.7423556E-08   1.5266707E-08   1.5266707E-08   1.5266707E-08
    2.5532629E-08

 2.4610229539E+02   4.0175544E+00   8.9932127E+10   1.9836408E+00   1.7653738E+02   3.3549107E+02   5.0013213E-02    21 
    5.9791368E-16   4.1573204E-16   4.1573204E-16   4.1573204E-16   1.2040371E-15
    5.6899053E-16   5.6899053E-16   5.6899053E-16   7.5405701E-16   1.7224925E-15
    5.0317701E-13   1.0232552E-12   9.5568567E-13   1.8489799E-10   1.8489799E-10
    1.8489799E-10   1.6924764E-12   1.6924764E-12   1.6924764E-12   3.7262322E-12
    1.2893387E-10   1.2893387E-10   1.2893387E-10   3.1314948E-10   4.3408796E-10
    2.9119598E-09   2.9119598E-09   2.9119598E-09   1.2815550E-09   3.4439813E-09
    3.4439813E-09   3.4439813E-09   1.6689436E-06   1.6689436E-06   1.6689436E-06
    1.5295412E-09   3.8677037E-09   1.0702158E-09   1.0702158E-09   1.0702158E-09
    2.4808217E-08   2.7917444E-09   2.7917444E-09   2.7917444E-09   1.5904148E-09
    4.4382801E-09   5.6341100E-08   6.1209042E-08   3.0940864E-07   3.0940864E-07
    3.0940864E-07   5.1623928E-08   4.4592930E-08   4.4592930E-08   4.4592930E-08
    7.2646231E-08

 2.1683893311E+02   4.8547048E+00   1.7141282E+11   2.1066176E+00   1.4626161E+02   2.2439996E+02   5.0536045E-02    22 
    1.3801014E-14   1.0258802E-14   1.0258802E-14   1.0258802E-14   1.2291080E-14
    1.0898445E-14   1.0898445E-14   1.0898445E-14   7.3134586E-15   1.2972515E-14
    2.5829681E-12   4.9567940E-12   4.2047841E-12   8.0857408E-10   8.0857408E-10
    8.0857408E-10   6.9950082E-12   6.9950082E-12   6.9950082E-12   1.4549919E-11
    4.3035398E-10   4.3035398E-10   4.3035398E-10   9.9156222E-10   1.3378292E-09
    8.8915063E-09   8.8915063E-09   8.8915063E-09   3.8201477E-09   9.9515294E-09
    9.9515294E-09   9.9515294E-09   4.7022773E-06   4.7022773E-06   4.7022773E-06
    4.3378545E-09   1.0887001E-08   2.9174612E-09   2.9174612E-09   2.9174612E-09
    6.6521567E-08   7.5253563E-09   7.5253563E-09   7.5253563E-09   4.1926852E-09
    1.1407025E-08   1.3779873E-07   1.4375540E-07   7.1338249E-07   7.1338249E-07
    7.1338249E-07   1.1736226E-07   1.0014423E-07   1.0014423E-07   1.0014423E-07
    1.5991351E-07

 1.9890360033E+02   3.7922406E+00   2.7346756E+11   2.1886095E+00   1.2503895E+02   1.4952691E+02   5.6502792E-02    23 
    8.1636031E-14   6.2809753E-14   6.2809753E-14   6.2809753E-14   6.0500285E-14
    5.9797768E-14   5.9797768E-14   5.9797768E-14   3.4993592E-14   5.6454552E-14
    6.9509132E-12   1.2895645E-11   1.0337861E-11   1.9691457E-09   1.9691457E-09
    1.9691457E-09   1.6491051E-11   1.6491051E-11   1.6491051E-11   3.3227674E-11
    8.9225895E-10   8.9225895E-10   8.9225895E-10   1.9905911E-09   2.6417791E-09
    1.7499047E-08   1.7499047E-08   1.7499047E-08   7.4006331E-09   1.8916902E-08
    1.8916902E-08   1.8916902E-08   8.7499012E-06   8.7499012E-06   8.7499012E-06
    8.1474447E-09   2.0360522E-08   5.3505300E-09   5.3505300E-09   5.3505300E-09
    1.2071940E-07   1.3708580E-08   1.3708580E-08   1.3708580E-08   7.5358637E-09
    2.0207396E-08   2.3731777E-07   2.4145580E-07   1.1840856E-06   1.1840856E-06
    1.1840856E-06   1.9338312E-07   1.6399837E-07   1.6399837E-07   1.6399837E-07
    2.5825879E-07

 1.8719014841E+02   2.1789420E+00   3.1093849E+11   2.2184203E+00   8.9487415E+01   9.9928098E+01   8.3971617E-02    24 
    1.1763334E-13   9.4324551E-14   9.4324551E-14   9.4324551E-14   1.0275621E-13
    9.4541460E-14   9.4541460E-14   9.4541460E-14   6.1105066E-14   9.9008099E-14
    9.7740677E-12   1.7946596E-11   1.4106023E-11   2.6647888E-09   2.6647888E-09
    2.6647888E-09   2.2138536E-11   2.2138536E-11   2.2138536E-11   4.4211485E-11
    1.1481476E-09   1.1481476E-09   1.1481476E-09   2.5325156E-09   3.3414605E-09
    2.2172195E-08   2.2172195E-08   2.2172195E-08   9.3052808E-09   2.3634281E-08
    2.3634281E-08   2.3634281E-08   1.0761193E-05   1.0761193E-05   1.0761193E-05
    1.0129089E-08   2.5275770E-08   6.5975990E-09   6.5975990E-09   6.5975990E-09
    1.4822601E-07   1.6864615E-08   1.6864615E-08   1.6864615E-08   9.2279231E-09
    2.4620591E-08   2.8652143E-07   2.8883517E-07   1.4102785E-06   1.4102785E-06
    1.4102785E-06   2.2977631E-07   1.9499555E-07   1.9499555E-07   1.9499555E-07
    3.0476261E-07

 1.7911785738E+02   8.4285223E-01   2.7968643E+11   2.2212707E+00   5.9730889E+01   6.6734247E+01   1.5271797E-01    25 
    9.4349250E-14   7.6538900E-14   7.6538900E-14   7.6538900E-14   8.8190942E-14
    8.6314463E-14   8.6314463E-14   8.6314463E-14   5.7731379E-14   9.4244463E-14
    1.0070994E-11   1.8496588E-11   1.4510698E-11   2.7226672E-09   2.7226672E-09
    2.7226672E-09   2.2707609E-11   2.2707609E-11   2.2707609E-11   4.5394770E-11
    1.1761787E-09   1.1761787E-09   1.1761787E-09   2.5908959E-09   3.4162121E-09
    2.2757869E-08   2.2757869E-08   2.2757869E-08   9.5137928E-09   2.4160066E-08
    2.4160066E-08   2.4160066E-08   1.0869133E-05   1.0869133E-05   1.0869133E-05
    1.0339057E-08   2.5795543E-08   6.7294278E-09   6.7294278E-09   6.7294278E-09
    1.5101383E-07   1.7197842E-08   1.7197842E-08   1.7197842E-08   9.4059603E-09
    2.5081367E-08   2.9166670E-07   2.9353953E-07   1.4324900E-06   1.4324900E-06
    1.4324900E-06   2.3335594E-07   1.9864868E-07   1.9864868E-07   1.9864868E-07
    3.0931659E-07

 1.7332119397E+02   2.3621449E-01   2.5785010E+11   2.2188816E+00   4.6467562E+01   4.4629716E+01   2.6460622E-01    26 
    7.4558869E-14   6.0690313E-14   6.0690313E-14   6.0690313E-14   7.1515741E-14
    7.6684636E-14   7.6684636E-14   7.6684636E-14   5.2464345E-14   8.5095056E-14
    9.7824361E-12   1.8006991E-11   1.4150197E-11   2.6381339E-09   2.6381339E-09
    2.6381339E-09   2.2131132E-11   2.2131132E-11   2.2131132E-11   4.4370702E-11
    1.1534691E-09   1.1534691E-09   1.1534691E-09   2.5423706E-09   3.3533948E-09
    2.2434497E-08   2.2434497E-08   2.2434497E-08   9.3475145E-09   2.3766846E-08
    2.3766846E-08   2.3766846E-08   1.0576743E-05   1.0576743E-05   1.0576743E-05
    1.0162899E-08   2.5358209E-08   6.6193641E-09   6.6193641E-09   6.6193641E-09
    1.4846675E-07   1.6919618E-08   1.6919618E-08   1.6919618E-08   9.2569652E-09
    2.4692374E-08   2.8748916E-07   2.8928392E-07   1.4119302E-06   1.4119302E-06
    1.4119302E-06   2.3008833E-07   1.9646941E-07   1.9646941E-07   1.9646941E-07
    3.0515513E-07

 1.6894916087E+02   6.5914657E-02   2.6764718E+11   2.2242283E+00   4.3659606E+01   2.9808846E+01   4.0171943E-01    27 
    7.8099851E-14   6.4207470E-14   6.4207470E-14   6.4207470E-14   7.7141210E-14
    8.7074036E-14   8.7074036E-14   8.7074036E-14   6.1773042E-14   9.8361191E-14
    1.0378094E-11   1.9089405E-11   1.4955609E-11   2.7689207E-09   2.7689207E-09
    2.7689207E-09   2.3281259E-11   2.3281259E-11   2.3281259E-11   4.6669572E-11
    1.2062978E-09   1.2062978E-09   1.2062978E-09   2.6528602E-09   3.4953509E-09
    2.3463904E-08   2.3463904E-08   2.3463904E-08   9.7340907E-09   2.4738642E-08
    2.4738642E-08   2.4738642E-08   1.0885800E-05   1.0885800E-05   1.0885800E-05
    1.0560961E-08   2.6344208E-08   6.8689480E-09   6.8689480E-09   6.8689480E-09
    1.5385671E-07   1.7550340E-08   1.7550340E-08   1.7550340E-08   9.5940493E-09
    2.5573177E-08   2.9743291E-07   2.9860202E-07   1.4560334E-06   1.4560334E-06
    1.4560334E-06   2.3728032E-07   2.0293912E-07   2.0293912E-07   2.0293912E-07
    3.1423736E-07

 1.6537335000E+02   1.9320575E-02   3.1025163E+11   2.2355405E+00   4.8255681E+01   2.0127272E+01   5.3568143E-01    28 
    1.0118220E-13   8.5057006E-14   8.5057006E-14   8.5057006E-14   1.0594549E-13
    1.2084781E-13   1.2084781E-13   1.2084781E-13   9.0931714E-14   1.4149821E-13
    1.1774308E-11   2.1596517E-11   1.6808124E-11   3.0864887E-09   3.0864887E-09
    3.0864887E-09   2.5952151E-11   2.5952151E-11   2.5952151E-11   5.1911624E-11
    1.3247707E-09   1.3247707E-09   1.3247707E-09   2.9005574E-09   3.8133492E-09
    2.5679318E-08   2.5679318E-08   2.5679318E-08   1.0596422E-08   2.6881558E-08
    2.6881558E-08   2.6881558E-08   1.1678546E-05   1.1678546E-05   1.1678546E-05
    1.1448366E-08   2.8542145E-08   7.4237996E-09   7.4237996E-09   7.4237996E-09
    1.6594179E-07   1.8951657E-08   1.8951657E-08   1.8951657E-08   1.0342211E-08
    2.7525249E-08   3.1932872E-07   3.1930316E-07   1.5541224E-06   1.5541224E-06
    1.5541224E-06   2.5321405E-07   2.1675726E-07   2.1675726E-07   2.1675726E-07
    3.3435479E-07

 1.6329400566E+02   6.5766284E-03   3.8762664E+11   2.2260014E+00   6.5057602E+01   1.3489509E+01   6.5595860E-01    29 
    8.4153306E-14   7.3479601E-14   7.3479601E-14   7.3479601E-14   1.0579960E-13
    1.1555667E-13   1.1555667E-13   1.1555667E-13   9.8825406E-14   1.5634561E-13
    1.0583229E-11   1.9524773E-11   1.5272517E-11   2.7885955E-09   2.7885955E-09
    2.7885955E-09   2.3634694E-11   2.3634694E-11   2.3634694E-11   4.7559808E-11
    1.2250831E-09   1.2250831E-09   1.2250831E-09   2.6908765E-09   3.5435858E-09
    2.3970909E-08   2.3970909E-08   2.3970909E-08   9.8701521E-09   2.5105154E-08
    2.5105154E-08   2.5105154E-08   1.0804729E-05   1.0804729E-05   1.0804729E-05
    1.0696018E-08   2.6677538E-08   6.9540591E-09   6.9540591E-09   6.9540591E-09
    1.5549845E-07   1.7765322E-08   1.7765322E-08   1.7765322E-08   9.7085941E-09
    2.5873747E-08   3.0189522E-07   3.0238492E-07   1.4730182E-06   1.4730182E-06
    1.4730182E-06   2.4023096E-07   2.0632122E-07   2.0632122E-07   2.0632122E-07
    3.1803835E-07

 1.6282399439E+02   3.6389913E-03   5.0487942E+11   2.2130145E+00   8.9546660E+01   9.0869299E+00   7.5174095E-01    30 
    6.2207133E-14   5.6208552E-14   5.6208552E-14   5.6208552E-14   8.9152071E-14
    9.4674979E-14   9.4674979E-14   9.4674979E-14   8.7018994E-14   1.4098301E-13
    9.1471997E-12   1.6977266E-11   1.3383939E-11   2.4394886E-09   2.4394886E-09
    2.4394886E-09   2.0808405E-11   2.0808405E-11   2.0808405E-11   4.2159864E-11
    1.0997504E-09   1.0997504E-09   1.0997504E-09   2.4268950E-09   3.2034972E-09
    2.1730249E-08   2.1730249E-08   2.1730249E-08   8.9495858E-09   2.2833279E-08
    2.2833279E-08   2.2833279E-08   9.7963046E-06   9.7963046E-06   9.7963046E-06
    9.7414391E-09   2.4311223E-08   6.3559509E-09   6.3559509E-09   6.3559509E-09
    1.4229625E-07   1.6253551E-08   1.6253551E-08   1.6253551E-08   8.8999659E-09
    2.3762067E-08   2.7917035E-07   2.8051385E-07   1.3683977E-06   1.3683977E-06
    1.3683977E-06   2.2339150E-07   1.9239351E-07   1.9239351E-07   1.9239351E-07
    2.9680954E-07

 1.6259621324E+02   2.0784519E-03   6.9506689E+11   2.2061154E+00   1.2777603E+02   6.0118373E+00   8.2748738E-01    31 
    5.3215297E-14   4.9511874E-14   4.9511874E-14   4.9511874E-14   8.2552624E-14
    8.6609188E-14   8.6609188E-14   8.6609188E-14   8.2500651E-14   1.3549167E-13
    8.4684238E-12   1.5762399E-11   1.2490163E-11   2.2727565E-09   2.2727565E-09
    2.2727565E-09   1.9437135E-11   1.9437135E-11   1.9437135E-11   3.9582994E-11
    1.0379901E-09   1.0379901E-09   1.0379901E-09   2.2963202E-09   3.0348663E-09
    2.0628050E-08   2.0628050E-08   2.0628050E-08   8.4918011E-09   2.1701799E-08
    2.1701799E-08   2.1701799E-08   9.2816879E-06   9.2816879E-06   9.2816879E-06
    9.2653760E-09   2.3130534E-08   6.0568575E-09   6.0568575E-09   6.0568575E-09
    1.3568371E-07   1.5496995E-08   1.5496995E-08   1.5496995E-08   8.4946783E-09
    2.2702289E-08   2.6799325E-07   2.6974475E-07   1.3167264E-06   1.3167264E-06
    1.3167264E-06   2.1509619E-07   1.8559107E-07   1.8559107E-07   1.8559107E-07
    2.8634800E-07

 1.6237688516E+02   1.0856581E-03   9.7484272E+11   2.2011675E+00   1.8640181E+02   4.0394685E+00   8.8032155E-01    32 
    4.8191335E-14   4.5937726E-14   4.5937726E-14   4.5937726E-14   7.9884496E-14
    8.2994682E-14   8.2994682E-14   8.2994682E-14   8.1503489E-14   1.3533320E-13
    8.0169835E-12   1.4948985E-11   1.1894874E-11   2.1605145E-09   2.1605145E-09
    2.1605145E-09   1.8501613E-11   1.8501613E-11   1.8501613E-11   3.7862120E-11
    9.9569549E-10   9.9569549E-10   9.9569549E-10   2.2066485E-09   2.9188267E-09
    1.9883500E-08   1.9883500E-08   1.9883500E-08   8.1766750E-09   2.0922025E-08
    2.0922025E-08   2.0922025E-08   8.9088257E-06   8.9088257E-06   8.9088257E-06
    8.9366391E-09   2.2314919E-08   5.8500077E-09   5.8500077E-09   5.8500077E-09
    1.3109831E-07   1.4973523E-08   1.4973523E-08   1.4973523E-08   8.2139954E-09
    2.1967840E-08   2.6042990E-07   2.6245819E-07   1.2817832E-06   1.2817832E-06
    1.2817832E-06   2.0950833E-07   1.8098758E-07   1.8098758E-07   1.8098758E-07
    2.7927932E-07

 1.6213477373E+02   4.8864602E-04   1.4011368E+12   2.1929947E+00   2.7786732E+02   2.7023790E+00   9.1816578E-01    33 
    3.9734389E-14   3.8693233E-14   3.8693233E-14   3.8693233E-14   7.1492502E-14
    7.3484339E-14   7.3484339E-14   7.3484339E-14   7.5242620E-14   1.2720734E-13
    7.3133636E-12   1.3681250E-11   1.0947055E-11   1.9850109E-09   1.9850109E-09
    1.9850109E-09   1.7043556E-11   1.7043556E-11   1.7043556E-11   3.5106566E-11
    9.2916268E-10   9.2916268E-10   9.2916268E-10   2.0652924E-09   2.7357374E-09
    1.8697541E-08   1.8697541E-08   1.8697541E-08   7.6798848E-09   1.9686587E-08
    1.9686587E-08   1.9686587E-08   8.3302745E-06   8.3302745E-06   8.3302745E-06
    8.4160009E-09   2.1022873E-08   5.5217949E-09   5.5217949E-09   5.5217949E-09
    1.2382500E-07   1.4142486E-08   1.4142486E-08   1.4142486E-08   7.7679632E-09
    2.0799554E-08   2.4811484E-07   2.5056713E-07   1.2248422E-06   1.2248422E-06
    1.2248422E-06   2.0037420E-07   1.7328286E-07   1.7328286E-07   1.7328286E-07
    2.6767311E-07

 1.6187889490E+02   1.9087321E-04   2.0404447E+12   2.1796440E+00   4.1333950E+02   1.8097241E+00   9.4438636E-01    34 
    2.7817136E-14   2.7584949E-14   2.7584949E-14   2.7584949E-14   5.5986925E-14
    5.6599965E-14   5.6599965E-14   5.6599965E-14   6.1713995E-14   1.0751357E-13
    6.2781228E-12   1.1814360E-11   9.5267850E-12   1.7246626E-09   1.7246626E-09
    1.7246626E-09   1.4885981E-11   1.4885981E-11   1.4885981E-11   3.0933444E-11
    8.2894237E-10   8.2894237E-10   8.2894237E-10   1.8515629E-09   2.4584582E-09
    1.6883626E-08   1.6883626E-08   1.6883626E-08   6.9257893E-09   1.7804589E-08
    1.7804589E-08   1.7804589E-08   7.4676520E-06   7.4676520E-06   7.4676520E-06
    7.6226050E-09   1.9053081E-08   5.0201123E-09   5.0201123E-09   5.0201123E-09
    1.1270483E-07   1.2871153E-08   1.2871153E-08   1.2871153E-08   7.0844949E-09
    1.9006484E-08   2.2883919E-07   2.3185110E-07   1.1349696E-06   1.1349696E-06
    1.1349696E-06   1.8592510E-07   1.6102400E-07   1.6102400E-07   1.6102400E-07
    2.4926686E-07

 1.6160624362E+02   6.4519381E-05   3.0001968E+12   2.1650725E+00   6.0295725E+02   1.2117924E+00   9.6239125E-01    35 
    1.8179600E-14   1.8295673E-14   1.8295673E-14   1.8295673E-14   4.1828927E-14
    4.1224816E-14   4.1224816E-14   4.1224816E-14   4.8681566E-14   8.8143583E-14
    5.3046043E-12   1.0055259E-11   8.1697896E-12   1.4752743E-09   1.4752743E-09
    1.4752743E-09   1.2815229E-11   1.2815229E-11   1.2815229E-11   2.6894228E-11
    7.3076879E-10   7.3076879E-10   7.3076879E-10   1.6410181E-09   2.1845397E-09
    1.5098585E-08   1.5098585E-08   1.5098585E-08   6.1784447E-09   1.5933370E-08
    1.5933370E-08   1.5933370E-08   6.5962268E-06   6.5962268E-06   6.5962268E-06
    6.8323318E-09   1.7089694E-08   4.5184514E-09   4.5184514E-09   4.5184514E-09
    1.0155898E-07   1.1598459E-08   1.1598459E-08   1.1598459E-08   6.3987931E-09
    1.7204013E-08   2.0942510E-07   2.1281840E-07   1.0429909E-06   1.0429909E-06
    1.0429909E-06   1.7116858E-07   1.4854449E-07   1.4854449E-07   1.4854449E-07
    2.3041134E-07

 1.6130285838E+02   1.8895379E-05   4.4489274E+12   2.1591446E+00   8.6612354E+02   8.0988797E-01   9.7469663E-01    36 
    1.4833533E-14   1.5094308E-14   1.5094308E-14   1.5094308E-14   3.8578523E-14
    3.6827949E-14   3.6827949E-14   3.6827949E-14   4.6878724E-14   8.8087596E-14
    4.9633583E-12   9.4523621E-12   7.6910876E-12   1.3814523E-09   1.3814523E-09
    1.3814523E-09   1.2038188E-11   1.2038188E-11   1.2038188E-11   2.5459744E-11
    6.9425377E-10   6.9425377E-10   6.9425377E-10   1.5620367E-09   2.0811586E-09
    1.4492761E-08   1.4492761E-08   1.4492761E-08   5.8974536E-09   1.5226892E-08
    1.5226892E-08   1.5226892E-08   6.1780701E-06   6.1780701E-06   6.1780701E-06
    6.5321088E-09   1.6342887E-08   4.3274169E-09   4.3274169E-09   4.3274169E-09
    9.7256007E-08   1.1113353E-08   1.1113353E-08   1.1113353E-08   6.1369750E-09
    1.6515333E-08   2.0277369E-07   2.0599600E-07   1.0088316E-06   1.0088316E-06
    1.0088316E-06   1.6588774E-07   1.4421937E-07   1.4421937E-07   1.4421937E-07
    2.2364847E-07

 1.6095696927E+02   5.0868179E-06   6.5927458E+12   2.1746409E+00   1.6225811E+03   5.4428622E-01   9.8291968E-01    37 
    2.9269195E-14   3.0002668E-14   3.0002668E-14   3.0002668E-14   8.1440536E-14
    7.5396937E-14   7.5396937E-14   7.5396937E-14   9.9697219E-14   1.9223363E-13
    6.0046397E-12   1.1432362E-11   9.1600538E-12   1.6251342E-09   1.6251342E-09
    1.6251342E-09   1.4089381E-11   1.4089381E-11   1.4089381E-11   2.9848580E-11
    7.9563077E-10   7.9563077E-10   7.9563077E-10   1.7785995E-09   2.3614792E-09
    1.6575400E-08   1.6575400E-08   1.6575400E-08   6.6705638E-09   1.7158882E-08
    1.7158882E-08   1.7158882E-08   6.7515672E-06   6.7515672E-06   6.7515672E-06
    7.3430056E-09   1.8355893E-08   4.8433771E-09   4.8433771E-09   4.8433771E-09
    1.0852867E-07   1.2422630E-08   1.2422630E-08   1.2422630E-08   6.8429367E-09
    1.8374702E-08   2.2575795E-07   2.2767791E-07   1.1100626E-06   1.1100626E-06
    1.1100626E-06   1.8281767E-07   1.5891055E-07   1.5891055E-07   1.5891055E-07
    2.4532652E-07

 1.6061158875E+02   1.5051601E-06   9.2633682E+12   2.2123388E+00   7.7306617E+03   3.8711422E-01   9.8782014E-01    38 
    2.8577672E-13   2.9414619E-13   2.9414619E-13   2.9414619E-13   7.9525927E-13
    7.2334374E-13   7.2334374E-13   7.2334374E-13   9.4429956E-13   1.8482470E-12
    9.6623820E-12   1.9112839E-11   1.4176658E-11   2.3977856E-09   2.3977856E-09
    2.3977856E-09   2.0810778E-11   2.0810778E-11   2.0810778E-11   4.4044052E-11
    1.0991658E-09   1.0991658E-09   1.0991658E-09   2.4215965E-09   3.1883885E-09
    2.2535920E-08   2.2535920E-08   2.2535920E-08   8.9308679E-09   2.2774417E-08
    2.2774417E-08   2.2774417E-08   8.6220441E-06   8.6220441E-06   8.6220441E-06
    9.6958476E-09   2.4189031E-08   6.3289754E-09   6.3289754E-09   6.3289754E-09
    1.4097915E-07   1.6183303E-08   1.6183303E-08   1.6183303E-08   8.8626899E-09
    2.3672667E-08   2.8851269E-07   2.8696395E-07   1.3883205E-06   1.3883205E-06
    1.3883205E-06   2.2880581E-07   1.9836757E-07   1.9836757E-07   1.9836757E-07
    3.0379816E-07

 1.6027237022E+02   5.0049521E-07   1.2433144E+13   2.2676851E+00   7.6103758E+04   2.8875971E-01   9.9089981E-01    39 
    9.2939277E-12   9.5866206E-12   9.5866206E-12   9.5866206E-12   2.4632050E-11
    2.2352269E-11   2.2352269E-11   2.2352269E-11   2.7693871E-11   5.4674882E-11
    3.0551980E-11   8.8675400E-11   4.1532279E-11   4.1638725E-09   4.1638725E-09
    4.1638725E-09   4.7910671E-11   4.7910671E-11   4.7910671E-11   1.0617420E-10
    1.7599221E-09   1.7599221E-09   1.7599221E-09   3.8127680E-09   4.8967507E-09
    3.4627664E-08   3.4627664E-08   3.4627664E-08   1.3482735E-08   3.3943224E-08
    3.3943224E-08   3.3943224E-08   1.2278506E-05   1.2278506E-05   1.2278506E-05
    1.4375653E-08   3.5711482E-08   9.2529259E-09   9.2529259E-09   9.2529259E-09
    2.0385995E-07   2.3515119E-08   2.3515119E-08   2.3515119E-08   1.2792140E-08
    3.3922038E-08   4.0655952E-07   3.9688477E-07   1.9009549E-06   1.9009549E-06
    1.9009549E-06   3.1331059E-07   2.7047688E-07   2.7047688E-07   2.7047688E-07
    4.0995870E-07

 1.5992583499E+02   1.8872826E-07   1.6209324E+13   2.3413448E+00   1.0366682E+06   2.2201300E-01   9.9299554E-01    40 
    6.3206041E-10   6.5230856E-10   6.5230856E-10   6.5230856E-10   1.5305505E-09
    1.4053322E-09   1.4053322E-09   1.4053322E-09   1.6011742E-09   3.1622836E-09
    9.3755080E-10   3.3370831E-09   1.1484645E-09   9.4289728E-09   9.4289728E-09
    9.4289728E-09   9.6547984E-10   9.6547984E-10   9.6547984E-10   2.2393562E-09
    4.9903166E-09   4.9903166E-09   4.9903166E-09   1.0869997E-08   1.0377999E-08
    6.0261494E-08   6.0261494E-08   6.0261494E-08   2.3541884E-08   5.7035230E-08
    5.7035230E-08   5.7035230E-08   1.9243845E-05   1.9243845E-05   1.9243845E-05
    2.5664952E-08   6.0300277E-08   1.6749158E-08   1.6749158E-08   1.6749158E-08
    3.2661721E-07   3.9463386E-08   3.9463386E-08   3.9463386E-08   2.2370987E-08
    5.8833309E-08   6.2700240E-07   5.9848245E-07   2.8239454E-06   2.8239454E-06
    2.8239454E-06   4.6750596E-07   4.0041143E-07   4.0041143E-07   4.0041143E-07
    5.9946884E-07

 1.5956364644E+02   8.7519188E-08   2.0632289E+13   2.4349646E+00   1.6300166E+07   1.7501974E-01   9.9447384E-01    41 
    7.1708607E-08   7.3921005E-08   7.3921005E-08   7.3921005E-08   1.5317853E-07
    1.4356055E-07   1.4356055E-07   1.4356055E-07   1.4734797E-07   2.8720960E-07
    9.9561057E-08   2.8995478E-07   1.1300379E-07   1.3721184E-07   1.3721184E-07
    1.3721184E-07   9.9446403E-08   9.9446403E-08   9.9446403E-08   2.0556174E-07
    1.9831272E-07   1.9831272E-07   1.9831272E-07   3.7406622E-07   2.2041217E-07
    2.1854154E-07   2.1854154E-07   2.1854154E-07   1.4499174E-07   2.0948775E-07
    2.0948775E-07   2.0948775E-07   3.2976692E-05   3.2976692E-05   3.2976692E-05
    2.4033241E-07   3.1026559E-07   2.1898353E-07   2.1898353E-07   2.1898353E-07
    7.9327373E-07   2.5875124E-07   2.5875124E-07   2.5875124E-07   2.3267382E-07
    5.6375069E-07   1.2020955E-06   1.1783478E-06   4.6816300E-06   4.6816300E-06
    4.6816300E-06   9.9252259E-07   7.6024896E-07   7.6024896E-07   7.6024896E-07
    1.1423205E-06

 1.5917790463E+02   5.3742710E-08   2.5664950E+13   2.5482586E+00   2.5734407E+08   1.4138854E-01   9.9553323E-01    42 
    1.0714267E-05   1.1013547E-05   1.1013547E-05   1.1013547E-05   1.9731972E-05
    1.8956957E-05   1.8956957E-05   1.8956957E-05   1.7414920E-05   3.2996434E-05
    1.4451791E-05   3.2654132E-05   1.5409950E-05   1.5804067E-05   1.5804067E-05
    1.5804067E-05   1.4432898E-05   1.4432898E-05   1.4432898E-05   2.5808691E-05
    2.4785923E-05   2.4785923E-05   2.4785923E-05   3.7217792E-05   2.5714818E-05
    1.5322223E-05   1.5322223E-05   1.5322223E-05   1.4871386E-05   1.5444299E-05
    1.5444299E-05   1.5444299E-05   7.5663961E-05   7.5663961E-05   7.5663961E-05
    2.2946632E-05   2.6089741E-05   2.4902655E-05   2.4902655E-05   2.4902655E-05
    2.8477217E-05   2.5003809E-05   2.5003809E-05   2.5003809E-05   2.2891030E-05
    4.8291637E-05   2.2255449E-05   2.8059173E-05   3.0291060E-05   3.0291060E-05
    3.0291060E-05   3.0693210E-05   1.8108631E-05   1.8108631E-05   1.8108631E-05
    2.7475783E-05

 1.5875924210E+02   4.1236414E-08   3.1201663E+13   2.6789511E+00   4.1376011E+09   1.1720717E-01   9.9629568E-01    43 
    1.8798749E-03   1.9236005E-03   1.9236005E-03   1.9236005E-03   2.9567568E-03
    2.9219965E-03   2.9219965E-03   2.9219965E-03   2.4171316E-03   4.3989930E-03
    2.4827059E-03   4.3521378E-03   2.5326954E-03   2.5313563E-03   2.5313563E-03
    2.5313563E-03   2.4803266E-03   2.4803266E-03   2.4803266E-03   3.8068575E-03
    3.7590064E-03   3.7590064E-03   3.7590064E-03   4.5185788E-03   3.7829431E-03
    2.5444838E-03   2.5444838E-03   2.5444838E-03   2.5142166E-03   2.5658532E-03
    2.5658532E-03   2.5658532E-03   2.7340056E-03   2.7340056E-03   2.7340056E-03
    3.1235304E-03   3.8121720E-03   3.7682714E-03   3.7682714E-03   3.7682714E-03
    3.8894062E-03   3.7706621E-03   3.7706621E-03   3.7706621E-03   3.1178126E-03
    5.8140112E-03   3.1486727E-03   3.8668208E-03   3.5287348E-03   3.5287348E-03
    3.5287348E-03   4.1225608E-03   2.7649236E-03   2.7649236E-03   2.7649236E-03
    3.8064188E-03

 1.5829409805E+02   5.7095653E-08   3.7019506E+13   2.8275364E+00   4.5480219E+10   1.0027825E-01   9.9682982E-01    44 
    2.4616086E-01   2.5013947E-01   2.5013947E-01   2.5013947E-01   3.2774800E-01
    3.3498311E-01   3.3498311E-01   3.3498311E-01   2.5207976E-01   4.3649590E-01
    3.1789069E-01   4.4151134E-01   3.1561583E-01   3.1066561E-01   3.1066561E-01
    3.1066561E-01   3.1766690E-01   3.1766690E-01   3.1766690E-01   4.1578555E-01
    4.2480154E-01   4.2480154E-01   4.2480154E-01   4.1772762E-01   4.1329918E-01
    3.2143667E-01   3.2143667E-01   3.2143667E-01   3.1958681E-01   3.2374268E-01
    3.2374268E-01   3.2374268E-01   3.2585273E-01   3.2585273E-01   3.2585273E-01
    3.2093345E-01   4.1571707E-01   4.2538578E-01   4.2538578E-01   4.2538578E-01
    4.1819277E-01   4.2553416E-01   4.2553416E-01   4.2553416E-01   3.2025312E-01
    5.3910420E-01   3.7021724E-01   4.2044937E-01   4.0942609E-01   4.0942609E-01
    4.0942609E-01   4.3835477E-01   3.3999106E-01   3.3999106E-01   3.3999106E-01
    4.1700735E-01

 1.5775978467E+02   4.1453114E-06   4.3062083E+13   2.9955733E+00   1.0052955E+10   8.8964941E-02   9.9718695E-01    45 
    6.8029695E-01   6.8878333E-01   6.8878333E-01   6.8878333E-01   8.2522146E-01
    8.1570017E-01   8.1570017E-01   8.1570017E-01   6.1015361E-01   9.9679286E-01
    8.5439065E-01   1.0462503E+00   8.3850692E-01   8.1672696E-01   8.1672696E-01
    8.1672696E-01   8.5391609E-01   8.5391609E-01   8.5391609E-01   1.0223040E+00
    1.0109694E+00   1.0109694E+00   1.0109694E+00   9.0952967E-01   1.0155259E+00
    8.5622141E-01   8.5622141E-01   8.5622141E-01   8.5475507E-01   8.6124646E-01
    8.6124646E-01   8.6124646E-01   8.5787210E-01   8.5787210E-01   8.5787210E-01
    7.5867258E-01   1.0210396E+00   1.0111804E+00   1.0111804E+00   1.0111804E+00
    9.9637551E-01   1.0115837E+00   1.0115837E+00   1.0115837E+00   7.5679059E-01
    1.1668391E+00   9.3397058E-01   1.0279314E+00   1.0112934E+00   1.0112934E+00
    1.0112934E+00   1.0488344E+00   8.8970661E-01   8.8970661E-01   8.8970661E-01
    1.0255086E+00

 1.5712322048E+02   5.7472750E-04   5.0009873E+13   3.1817756E+00   9.2474081E+08   8.0762245E-02   9.9744597E-01    46 
    7.5095618E-01   7.5775664E-01   7.5775664E-01   7.5775664E-01   8.5129189E-01
    8.2967196E-01   8.2967196E-01   8.2967196E-01   6.3165959E-01   9.5178018E-01
    9.0689174E-01   1.0305458E+00   8.8805168E-01   8.6694910E-01   8.6694910E-01
    8.6694910E-01   9.0646605E-01   9.0646605E-01   9.0646605E-01   1.0178355E+00
    9.9229923E-01   9.9229923E-01   9.9229923E-01   8.5509431E-01   1.0110227E+00
    9.0451968E-01   9.0451968E-01   9.0451968E-01   9.0510430E-01   9.0869097E-01
    9.0869097E-01   9.0869097E-01   8.9832566E-01   8.9832566E-01   8.9832566E-01
    7.5788951E-01   1.0160637E+00   9.9227311E-01   9.9227311E-01   9.9227311E-01
    9.7591617E-01   9.9250246E-01   9.9250246E-01   9.9250246E-01   7.5599083E-01
    1.0609160E+00   9.5374319E-01   1.0197544E+00   1.0134628E+00   1.0134628E+00
    1.0134628E+00   1.0268429E+00   9.2990625E-01   9.2990625E-01   9.2990625E-01
    1.0222424E+00

 1.5634935246E+02   5.1350496E-02   5.8993299E+13   3.3861074E+00   9.1365083E+07   7.2413514E-02   9.9770967E-01    47 
    8.1036413E-01   8.1282335E-01   8.1282335E-01   8.1282335E-01   8.5015718E-01
    8.7106202E-01   8.7106202E-01   8.7106202E-01   7.1153074E-01   9.0330582E-01
    9.3124374E-01   9.7727695E-01   9.2078672E-01   9.0331003E-01   9.0331003E-01
    9.0331003E-01   9.3081754E-01   9.3081754E-01   9.3081754E-01   9.7337093E-01
    9.9606820E-01   9.9606820E-01   9.9606820E-01   8.5026967E-01   9.6870891E-01
    9.2751689E-01   9.2751689E-01   9.2751689E-01   9.2917047E-01   9.3091798E-01
    9.3091798E-01   9.3091798E-01   9.1624126E-01   9.1624126E-01   9.1624126E-01
    8.1621207E-01   9.7206667E-01   9.9699158E-01   9.9699158E-01   9.9699158E-01
    9.5789995E-01   9.9666858E-01   9.9666858E-01   9.9666858E-01   8.1512103E-01
    9.6663589E-01   9.6211265E-01   9.7652415E-01   1.0123279E+00   1.0123279E+00
    1.0123279E+00   9.8780441E-01   9.4777420E-01   9.4777420E-01   9.4777420E-01
    9.8461979E-01

 1.5541635533E+02   3.4511291E+00   7.1884483E+13   3.6158874E+00   9.4854455E+06   6.1907685E-02   9.9804161E-01    48 
    8.6316050E-01   8.6351717E-01   8.6351717E-01   8.6351717E-01   8.7387729E-01
    9.0325560E-01   9.0325560E-01   9.0325560E-01   8.3755499E-01   9.1247669E-01
    9.4581030E-01   9.4887922E-01   9.4664280E-01   9.2944806E-01   9.2944806E-01
    9.2944806E-01   9.4535405E-01   9.4535405E-01   9.4535405E-01   9.5679833E-01
    9.8717393E-01   9.8717393E-01   9.8717393E-01   9.0408222E-01   9.5366264E-01
    9.4194853E-01   9.4194853E-01   9.4194853E-01   9.4408390E-01   9.4457291E-01
    9.4457291E-01   9.4457291E-01   9.2985102E-01   9.2985102E-01   9.2985102E-01
    9.1732684E-01   9.5632390E-01   9.8839389E-01   9.8839389E-01   9.8839389E-01
    9.6342759E-01   9.8788602E-01   9.8788602E-01   9.8788602E-01   9.1721673E-01
    9.4227829E-01   9.6714076E-01   9.6078299E-01   1.0033850E+00   1.0033850E+00
    1.0033850E+00   9.7674519E-01   9.5830671E-01   9.5830671E-01   9.5830671E-01
    9.6999664E-01

 1.5433006085E+02   2.0899687E+02   9.1378788E+13   3.8812245E+00   1.0094805E+06   5.0045223E-02   9.9841656E-01    49 
    9.1697526E-01   9.1688305E-01   9.1688305E-01   9.1688305E-01   9.1881781E-01
    9.3078330E-01   9.3078330E-01   9.3078330E-01   9.1441503E-01   9.4269941E-01
    9.6541396E-01   9.5581381E-01   9.6983224E-01   9.5810033E-01   9.5810033E-01
    9.5810033E-01   9.6500808E-01   9.6500808E-01   9.6500808E-01   9.6725817E-01
    9.7852395E-01   9.7852395E-01   9.7852395E-01   9.4589573E-01   9.6488576E-01
    9.6198391E-01   9.6198391E-01   9.6198391E-01   9.6439217E-01   9.6386134E-01
    9.6386134E-01   9.6386134E-01   9.5319699E-01   9.5319699E-01   9.5319699E-01
    9.6250380E-01   9.6717604E-01   9.7939100E-01   9.7939100E-01   9.7939100E-01
    9.7644102E-01   9.7900902E-01   9.7900902E-01   9.7900902E-01   9.6269802E-01
    9.5484724E-01   9.7923400E-01   9.7048796E-01   9.9974424E-01   9.9974424E-01
    9.9974424E-01   9.8363744E-01   9.7509415E-01   9.7509415E-01   9.7509415E-01
    9.7728494E-01

 1.5311704148E+02   1.1609508E+04   1.2117410E+14   4.1868367E+00   1.1167674E+05   3.8535516E-02   9.9878049E-01    50 
    9.5394751E-01   9.5391402E-01   9.5391402E-01   9.5391402E-01   9.5414120E-01
    9.5554645E-01   9.5554645E-01   9.5554645E-01   9.5384159E-01   9.6184110E-01
    9.7961107E-01   9.7521694E-01   9.8394617E-01   9.7899529E-01   9.7899529E-01
    9.7899529E-01   9.7949414E-01   9.7949414E-01   9.7949414E-01   9.7971263E-01
    9.8025913E-01   9.8025913E-01   9.8025913E-01   9.6801836E-01   9.7808140E-01
    9.7651544E-01   9.7651544E-01   9.7651544E-01   9.7942973E-01   9.7816685E-01
    9.7816685E-01   9.7816685E-01   9.7232961E-01   9.7232961E-01   9.7232961E-01
    9.7923120E-01   9.7976322E-01   9.8084916E-01   9.8084916E-01   9.8084916E-01
    9.8423741E-01   9.8058704E-01   9.8058704E-01   9.8058704E-01   9.7946505E-01
    9.7111670E-01   9.8817183E-01   9.8176041E-01   9.9871439E-01   9.9871439E-01
    9.9871439E-01   9.8847210E-01   9.8777888E-01   9.8777888E-01   9.8777888E-01
    9.8512880E-01

 1.5181337991E+02   5.2265673E+05   1.6843697E+14   4.5352976E+00   1.3549899E+04   2.8252157E-02   9.9910577E-01    51 
    9.7292093E-01   9.7291542E-01   9.7291542E-01   9.7291542E-01   9.7293838E-01
    9.7301494E-01   9.7301494E-01   9.7301494E-01   9.7288844E-01   9.7373420E-01
    9.8767128E-01   9.9201283E-01   9.9162783E-01   9.8976901E-01   9.8976901E-01
    9.8976901E-01   9.8803411E-01   9.8803411E-01   9.8803411E-01   9.8749559E-01
    9.8690680E-01   9.8690680E-01   9.8690680E-01   9.8070655E-01   9.8625546E-01
    9.8308985E-01   9.8308985E-01   9.8308985E-01   9.8757997E-01   9.8533226E-01
    9.8533226E-01   9.8533226E-01   9.8218464E-01   9.8218464E-01   9.8218464E-01
    9.8726163E-01   9.8754878E-01   9.8729614E-01   9.8729614E-01   9.8729614E-01
    9.8895546E-01   9.8714348E-01   9.8714348E-01   9.8714348E-01   9.8748079E-01
    9.8318604E-01   9.9243874E-01   9.8861232E-01   9.9659262E-01   9.9659262E-01
    9.9659262E-01   9.9025680E-01   9.9330641E-01   9.9330641E-01   9.9330641E-01
    9.8993635E-01

 1.5046774870E+02   1.5264809E+07   2.4457261E+14   4.9283986E+00   1.8943599E+03   1.9820156E-02   9.9937257E-01    52 
    9.8455330E-01   9.8455361E-01   9.8455361E-01   9.8455361E-01   9.8455506E-01
    9.8455637E-01   9.8455637E-01   9.8455637E-01   9.8454583E-01   9.8459815E-01
    9.9314372E-01   1.0012760E+00   9.9572284E-01   9.9494456E-01   9.9494456E-01
    9.9494456E-01   9.9395982E-01   9.9395982E-01   9.9395982E-01   9.9283463E-01
    9.9223204E-01   9.9223204E-01   9.9223204E-01   9.9051102E-01   9.9139823E-01
    9.8786532E-01   9.8786532E-01   9.8786532E-01   9.9267238E-01   9.8966386E-01
    9.8966386E-01   9.8966386E-01   9.8818688E-01   9.8818688E-01   9.8818688E-01
    9.9247638E-01   9.9270313E-01   9.9230845E-01   9.9230845E-01   9.9230845E-01
    9.9343155E-01   9.9227295E-01   9.9227295E-01   9.9227295E-01   9.9269185E-01
    9.9172987E-01   9.9485970E-01   9.9329767E-01   9.9435208E-01   9.9435208E-01
    9.9435208E-01   9.9373694E-01   9.9363672E-01   9.9363672E-01   9.9363672E-01
    9.9309783E-01

 1.4912620670E+02   2.5066516E+08   3.6101464E+14   5.3691682E+00   3.0445996E+02   1.3673756E-02   9.9956710E-01    53 
    9.9199016E-01   9.9199052E-01   9.9199052E-01   9.9199052E-01   9.9199039E-01
    9.9198931E-01   9.9198931E-01   9.9198931E-01   9.9198941E-01   9.9198922E-01
    9.9635891E-01   9.9918632E-01   9.9753232E-01   9.9714990E-01   9.9714990E-01
    9.9714990E-01   9.9706969E-01   9.9706969E-01   9.9706969E-01   9.9616738E-01
    9.9565757E-01   9.9565757E-01   9.9565757E-01   9.9554973E-01   9.9523237E-01
    9.9393584E-01   9.9393584E-01   9.9393584E-01   9.9582903E-01   9.9417737E-01
    9.9417737E-01   9.9417737E-01   9.9406697E-01   9.9406697E-01   9.9406697E-01
    9.9566444E-01   9.9589460E-01   9.9547936E-01   9.9547936E-01   9.9547936E-01
    9.9628851E-01   9.9554063E-01   9.9554063E-01   9.9554063E-01   9.9589484E-01
    9.9573318E-01   9.9639264E-01   9.9614952E-01   9.9527354E-01   9.9527354E-01
    9.9527354E-01   9.9598306E-01   9.9538430E-01   9.9538430E-01   9.9538430E-01
    9.9536235E-01

 1.4780298698E+02   2.5101684E+09   5.2950831E+14   5.8605276E+00   5.5810317E+01   9.4914943E-03   9.9969948E-01    54 
    9.9619290E-01   9.9619299E-01   9.9619299E-01   9.9619299E-01   9.9619290E-01
    9.9619243E-01   9.9619243E-01   9.9619243E-01   9.9619315E-01   9.9619066E-01
    9.9817983E-01   9.9865996E-01   9.9836609E-01   9.9841598E-01   9.9841598E-01
    9.9841598E-01   9.9842805E-01   9.9842805E-01   9.9842805E-01   9.9804697E-01
    9.9780381E-01   9.9780381E-01   9.9780381E-01   9.9806030E-01   9.9777692E-01
    9.9745602E-01   9.9745602E-01   9.9745602E-01   9.9772967E-01   9.9734688E-01
    9.9734688E-01   9.9734688E-01   9.9745078E-01   9.9745078E-01   9.9745078E-01
    9.9777007E-01   9.9795820E-01   9.9767511E-01   9.9767511E-01   9.9767511E-01
    9.9796837E-01   9.9773001E-01   9.9773001E-01   9.9773001E-01   9.9787928E-01
    9.9784406E-01   9.9797825E-01   9.9786224E-01   9.9763223E-01   9.9763223E-01
    9.9763223E-01   9.9780158E-01   9.9765604E-01   9.9765604E-01   9.9765604E-01
    9.9759733E-01

 1.4648835974E+02   1.7658852E+10   7.7040619E+14   6.4052277E+00   1.1747779E+01   6.6419459E-03   9.9978969E-01    55 
    9.9825328E-01   9.9825326E-01   9.9825326E-01   9.9825326E-01   9.9825325E-01
    9.9825309E-01   9.9825309E-01   9.9825309E-01   9.9825357E-01   9.9825238E-01
    9.9915879E-01   9.9918712E-01   9.9913104E-01   9.9921442E-01   9.9921442E-01
    9.9921442E-01   9.9922858E-01   9.9922858E-01   9.9922858E-01   9.9905793E-01
    9.9899785E-01   9.9899785E-01   9.9899785E-01   9.9923219E-01   9.9906566E-01
    9.9893989E-01   9.9893989E-01   9.9893989E-01   9.9893984E-01   9.9889973E-01
    9.9889973E-01   9.9889973E-01   9.9893576E-01   9.9893576E-01   9.9893576E-01
    9.9900223E-01   9.9910634E-01   9.9893671E-01   9.9893671E-01   9.9893671E-01
    9.9902753E-01   9.9897612E-01   9.9897612E-01   9.9897612E-01   9.9902949E-01
    9.9904072E-01   9.9910188E-01   9.9895603E-01   9.9899340E-01   9.9899340E-01
    9.9899340E-01   9.9897713E-01   9.9898530E-01   9.9898530E-01   9.9898530E-01
    9.9897466E-01

 1.4517167758E+02   8.6991765E+10   1.1182225E+15   7.0064680E+00   2.8588106E+00   4.6600324E-03   9.9985244E-01    56 
    9.9918914E-01   9.9918909E-01   9.9918909E-01   9.9918909E-01   9.9918911E-01
    9.9918905E-01   9.9918905E-01   9.9918905E-01   9.9918935E-01   9.9918894E-01
    9.9961269E-01   9.9956533E-01   9.9955781E-01   9.9962524E-01   9.9962524E-01
    9.9962524E-01   9.9963542E-01   9.9963542E-01   9.9963542E-01   9.9954281E-01
    9.9955602E-01   9.9955602E-01   9.9955602E-01   9.9966084E-01   9.9960695E-01
    9.9954622E-01   9.9954622E-01   9.9954622E-01   9.9954448E-01   9.9953867E-01
    9.9953867E-01   9.9953867E-01   9.9955471E-01   9.9955471E-01   9.9955471E-01
    9.9957936E-01   9.9961487E-01   9.9953349E-01   9.9953349E-01   9.9953349E-01
    9.9954278E-01   9.9955961E-01   9.9955961E-01   9.9955961E-01   9.9959301E-01
    9.9958593E-01   9.9965491E-01   9.9953274E-01   9.9960452E-01   9.9960452E-01
    9.9960452E-01   9.9954566E-01   9.9959679E-01   9.9959679E-01   9.9959679E-01
    9.9955749E-01

 1.4383488414E+02   2.7514918E+11   1.6229048E+15   7.6773713E+00   7.8579120E-01   3.2712666E-03   9.9989642E-01    57 
    9.9960570E-01   9.9960564E-01   9.9960564E-01   9.9960564E-01   9.9960569E-01
    9.9960566E-01   9.9960566E-01   9.9960566E-01   9.9960588E-01   9.9960577E-01
    9.9980155E-01   9.9975733E-01   9.9975801E-01   9.9980460E-01   9.9980460E-01
    9.9980460E-01   9.9981023E-01   9.9981023E-01   9.9981023E-01   9.9975625E-01
    9.9978516E-01   9.9978516E-01   9.9978516E-01   9.9981867E-01   9.9981061E-01
    9.9978547E-01   9.9978547E-01   9.9978547E-01   9.9978625E-01   9.9978347E-01
    9.9978347E-01   9.9978347E-01   9.9979580E-01   9.9979580E-01   9.9979580E-01
    9.9980548E-01   9.9981345E-01   9.9977981E-01   9.9977981E-01   9.9977981E-01
    9.9976940E-01   9.9979360E-01   9.9979360E-01   9.9979360E-01   9.9981262E-01
    9.9980225E-01   9.9986509E-01   9.9977703E-01   9.9983822E-01   9.9983822E-01
    9.9983822E-01   9.9978154E-01   9.9983262E-01   9.9983262E-01   9.9983262E-01
    9.9978650E-01

 1.4318321344E+02   4.0811714E+11   1.9342056E+15   8.0293404E+00   4.3691465E-01   2.7699433E-03   9.9991229E-01    58 
    9.9972983E-01   9.9972979E-01   9.9972979E-01   9.9972979E-01   9.9972984E-01
    9.9972982E-01   9.9972982E-01   9.9972982E-01   9.9973002E-01   9.9972993E-01
    9.9987353E-01   9.9983563E-01   9.9983689E-01   9.9987488E-01   9.9987488E-01
    9.9987488E-01   9.9987893E-01   9.9987893E-01   9.9987893E-01   9.9983639E-01
    9.9986539E-01   9.9986539E-01   9.9986539E-01   9.9988534E-01   9.9988322E-01
    9.9986825E-01   9.9986825E-01   9.9986825E-01   9.9986809E-01   9.9986646E-01
    9.9986646E-01   9.9986646E-01   9.9987718E-01   9.9987718E-01   9.9987718E-01
    9.9988148E-01   9.9988527E-01   9.9986334E-01   9.9986334E-01   9.9986334E-01
    9.9985218E-01   9.9987259E-01   9.9987259E-01   9.9987259E-01   9.9988527E-01
    9.9987751E-01   9.9993266E-01   9.9985995E-01   9.9991158E-01   9.9991158E-01
    9.9991158E-01   9.9986236E-01   9.9990663E-01   9.9990663E-01   9.9990663E-01
    9.9986549E-01

 1.4285690744E+02   4.8083301E+11   2.1066623E+15   8.2116581E+00   3.2886088E-01   2.5548660E-03   9.9991910E-01    59 
    9.9972017E-01   9.9972012E-01   9.9972012E-01   9.9972012E-01   9.9972018E-01
    9.9972015E-01   9.9972015E-01   9.9972015E-01   9.9972037E-01   9.9972029E-01
    9.9987221E-01   9.9983581E-01   9.9983750E-01   9.9987245E-01   9.9987245E-01
    9.9987245E-01   9.9987515E-01   9.9987515E-01   9.9987515E-01   9.9983771E-01
    9.9986867E-01   9.9986867E-01   9.9986867E-01   9.9988726E-01   9.9988598E-01
    9.9987211E-01   9.9987211E-01   9.9987211E-01   9.9987150E-01   9.9987032E-01
    9.9987032E-01   9.9987032E-01   9.9988144E-01   9.9988144E-01   9.9988144E-01
    9.9988563E-01   9.9988863E-01   9.9986837E-01   9.9986837E-01   9.9986837E-01
    9.9985709E-01   9.9987602E-01   9.9987602E-01   9.9987602E-01   9.9988849E-01
    9.9988152E-01   9.9993215E-01   9.9986522E-01   9.9991357E-01   9.9991357E-01
    9.9991357E-01   9.9986769E-01   9.9990898E-01   9.9990898E-01   9.9990898E-01
    9.9987062E-01

 1.4274798744E+02   5.0651695E+11   2.1668088E+15   8.2753700E+00   2.9762661E-01   2.4877539E-03   9.9992122E-01    60 
    9.9705805E-01   9.9711079E-01   9.9711079E-01   9.9711079E-01   9.9716467E-01
    9.9708532E-01   9.9708532E-01   9.9708532E-01   9.9711589E-01   9.9706629E-01
    9.9838890E-01   9.9790811E-01   9.9927697E-01   9.9917204E-01   9.9917204E-01
    9.9917204E-01   9.9871117E-01   9.9871117E-01   9.9871117E-01   9.9799511E-01
    9.9775499E-01   9.9775499E-01   9.9775499E-01   9.9762669E-01   9.9839126E-01
    9.9917702E-01   9.9917702E-01   9.9917702E-01   9.9922036E-01   9.9924024E-01
    9.9924024E-01   9.9924024E-01   9.9933192E-01   9.9933192E-01   9.9933192E-01
    9.9773466E-01   9.9850676E-01   9.9791350E-01   9.9791350E-01   9.9791350E-01
    9.9823727E-01   9.9795467E-01   9.9795467E-01   9.9795467E-01   9.9782739E-01
    9.9779746E-01   9.9911741E-01   9.9880957E-01   9.9875079E-01   9.9875079E-01
    9.9875079E-01   9.9913500E-01   9.9963367E-01   9.9963367E-01   9.9963367E-01
    9.9880908E-01
