
 24-FEB-2004                           !Format date

 1.8573894432E+02     1.5683E+05       30       70

 3.2987680988E+04   3.2198730E+03   1.4740347E+06   9.3166930E-01   8.0877753E+01   9.7238710E+02   5.0000000E-02     1 
    4.3472803E-13   9.2322364E-06   1.3811100E-04   2.9607382E-03   1.3604314E-02
    3.4666565E-02   5.6108869E-02   8.1843313E-02   1.1006480E-01   1.4254703E-01
    1.5526114E-01   1.7751604E-01   1.9821171E-01   2.1748751E-01   2.3184307E-01
    2.4556348E-01   2.5501350E-01   2.1160504E-01   2.6932924E-01   3.1580564E-01
    3.3485077E-01   3.5716307E-01   3.7198120E-01   3.6890328E-01   3.8181975E-01
    4.1032280E-01   4.1875313E-01   4.4631187E-01   4.8200559E-01   5.2286439E-01

 3.2676732838E+04   3.2839160E+03   1.5024003E+06   9.3256215E-01   8.0826511E+01   9.7227498E+02   5.0000000E-02     2 
    4.5548353E-13   9.4615814E-06   1.3854621E-04   2.9711315E-03   1.3630889E-02
    3.4557251E-02   5.6153289E-02   8.1858532E-02   1.1003255E-01   1.4254308E-01
    1.5526325E-01   1.7753147E-01   1.9823132E-01   2.1752360E-01   2.3188276E-01
    2.4559337E-01   2.5500598E-01   2.1155769E-01   2.6925390E-01   3.1570422E-01
    3.3475641E-01   3.5711669E-01   3.7194379E-01   3.6890870E-01   3.8183301E-01
    4.1027216E-01   4.1884399E-01   4.4638225E-01   4.8196805E-01   5.2254227E-01

 3.2063295674E+04   3.4179434E+03   1.5608176E+06   9.3433536E-01   8.0675981E+01   9.7204716E+02   5.0000000E-02     3 
    4.9905522E-13   9.9353703E-06   1.4071757E-04   2.9990176E-03   1.3718611E-02
    3.4713546E-02   5.6365230E-02   8.2078831E-02   1.1024185E-01   1.4275123E-01
    1.5543959E-01   1.7769744E-01   1.9838832E-01   2.1769740E-01   2.3204459E-01
    2.4570792E-01   2.5500919E-01   2.1146551E-01   2.6905061E-01   3.1536692E-01
    3.3437477E-01   3.5676063E-01   3.7155558E-01   3.6859882E-01   3.8155643E-01
    4.0988973E-01   4.1877196E-01   4.4635177E-01   4.8186118E-01   5.2196202E-01

 3.0872342142E+04   3.7054764E+03   1.6844066E+06   9.3783115E-01   8.0306101E+01   9.7157942E+02   5.0000000E-02     4 
    5.9553593E-13   1.0952286E-05   1.4514263E-04   3.0562242E-03   1.3900799E-02
    3.5069562E-02   5.6827379E-02   8.2595865E-02   1.1079733E-01   1.4333876E-01
    1.5597450E-01   1.7822281E-01   1.9893385E-01   2.1830129E-01   2.3262576E-01
    2.4619577E-01   2.5526034E-01   2.1150181E-01   2.6892569E-01   3.1502315E-01
    3.3394226E-01   3.5631510E-01   3.7098437E-01   3.6809234E-01   3.8099840E-01
    4.0913723E-01   4.1883392E-01   4.4674279E-01   4.8218620E-01   5.2130116E-01

 2.8624068987E+04   4.3574693E+03   1.9614687E+06   9.4459799E-01   7.9518458E+01   9.7059643E+02   5.0000000E-02     5 
    8.2923116E-13   1.3244460E-05   1.5409632E-04   3.1707571E-03   1.4265956E-02
    3.5820804E-02   5.7748711E-02   8.3642692E-02   1.1192348E-01   1.4455530E-01
    1.5714100E-01   1.7944717E-01   2.0019941E-01   2.1958483E-01   2.3382750E-01
    2.4722502E-01   2.5590138E-01   2.1173630E-01   2.6893518E-01   3.1471374E-01
    3.3352920E-01   3.5599843E-01   3.7069294E-01   3.6835283E-01   3.8169985E-01
    4.0992378E-01   4.2125817E-01   4.4956941E-01   4.8450960E-01   5.2148619E-01

 2.4610261774E+04   6.0116453E+03   2.6596594E+06   9.5691184E-01   7.8150654E+01   9.6841745E+02   5.0000000E-02     6 
    1.4486503E-12   1.8823187E-05   1.7155582E-04   3.3853346E-03   1.4933870E-02
    3.7027256E-02   5.9464496E-02   8.5617629E-02   1.1401128E-01   1.4696691E-01
    1.5939830E-01   1.8170468E-01   2.0249378E-01   2.2195362E-01   2.3607967E-01
    2.4927098E-01   2.5730442E-01   2.1243845E-01   2.6924012E-01   3.1446161E-01
    3.3327131E-01   3.5606236E-01   3.7085539E-01   3.6966576E-01   3.8372463E-01
    4.1193949E-01   4.2622909E-01   4.5497774E-01   4.8851738E-01   5.2132790E-01

 1.8370681904E+04   1.1073138E+04   4.7996141E+06   9.7796285E-01   7.6553729E+01   9.6316620E+02   5.0000000E-02     7 
    3.3630824E-12   3.4006386E-05   2.0404234E-04   3.7642540E-03   1.6093476E-02
    3.9006580E-02   6.2164121E-02   8.8828608E-02   1.1748406E-01   1.5083224E-01
    1.6305385E-01   1.8531074E-01   2.0603573E-01   2.2564560E-01   2.3963001E-01
    2.5264460E-01   2.5972884E-01   2.1402661E-01   2.6978162E-01   3.1357270E-01
    3.3215372E-01   3.5486510E-01   3.6925614E-01   3.7016769E-01   3.8478992E-01
    4.1188601E-01   4.2986141E-01   4.5747172E-01   4.8681138E-01   5.1223351E-01

 1.3717488994E+04   2.0305429E+04   8.6733824E+06   9.9337636E-01   7.5436362E+01   9.5598832E+02   5.0000000E-02     8 
    5.1132958E-12   5.3162903E-05   2.3068216E-04   4.0635150E-03   1.6930913E-02
    4.0442638E-02   6.4178933E-02   9.1243277E-02   1.2017112E-01   1.5381637E-01
    1.6579525E-01   1.8801064E-01   2.0866158E-01   2.2841229E-01   2.4234357E-01
    2.5532810E-01   2.6170085E-01   2.1633609E-01   2.7063428E-01   3.1292274E-01
    3.3177314E-01   3.5414580E-01   3.6858967E-01   3.7238582E-01   3.8740867E-01
    4.1244182E-01   4.3117156E-01   4.5541694E-01   4.7932494E-01   4.9833201E-01

 1.0264898842E+04   3.6948458E+04   1.5646010E+07   1.0047017E+00   7.4788671E+01   9.4646768E+02   5.0000000E-02     9 
    5.8525438E-12   7.5674615E-05   2.5179831E-04   4.2774824E-03   1.7555514E-02
    4.1465483E-02   6.5677176E-02   9.3050186E-02   1.2216221E-01   1.5618057E-01
    1.6789390E-01   1.9008565E-01   2.1065676E-01   2.3054279E-01   2.4450434E-01
    2.5748795E-01   2.6321400E-01   2.1993467E-01   2.7208040E-01   3.1280091E-01
    3.3255045E-01   3.5454406E-01   3.6968289E-01   3.7667094E-01   3.9150745E-01
    4.1307503E-01   4.2974226E-01   4.4904139E-01   4.6711943E-01   4.8076458E-01

 7.6987722623E+03   6.6834247E+04   2.8189134E+07   1.0133801E+00   7.4504449E+01   9.3394464E+02   5.0000000E-02    10 
    5.6155616E-12   1.0160661E-04   2.6877026E-04   4.4465959E-03   1.8041258E-02
    4.2222597E-02   6.6854157E-02   9.4483788E-02   1.2375647E-01   1.5823889E-01
    1.6964651E-01   1.9185003E-01   2.1238985E-01   2.3241641E-01   2.4647203E-01
    2.5941595E-01   2.6446182E-01   2.2559627E-01   2.7465638E-01   3.1372974E-01
    3.3489303E-01   3.5660886E-01   3.7263338E-01   3.8218541E-01   3.9598836E-01
    4.1320458E-01   4.2633970E-01   4.4040511E-01   4.5316048E-01   4.6255947E-01

 5.7938835631E+03   1.2004052E+05   5.0644928E+07   1.0201377E+00   7.4545288E+01   9.1790126E+02   5.0000000E-02    11 
    4.7729332E-12   1.3043433E-04   2.8372096E-04   4.5860719E-03   1.8432266E-02
    4.2810463E-02   6.7833466E-02   9.5709652E-02   1.2513906E-01   1.6023441E-01
    1.7126473E-01   1.9352540E-01   2.1412332E-01   2.3432310E-01   2.4857363E-01
    2.6143869E-01   2.6591641E-01   2.3412545E-01   2.7927374E-01   3.1658671E-01
    3.3921704E-01   3.6060753E-01   3.7701305E-01   3.8785249E-01   3.9996688E-01
    4.1292445E-01   4.2248456E-01   4.3210175E-01   4.4063290E-01   4.4688740E-01

 4.3753575009E+03   2.1425859E+05   9.0850370E+07   1.0255064E+00   7.4946987E+01   8.9730589E+02   5.0000000E-02    12 
    3.7281448E-12   1.6119624E-04   2.9832530E-04   4.7099313E-03   1.8769498E-02
    4.3305128E-02   6.8723504E-02   9.6860530E-02   1.2649502E-01   1.6241124E-01
    1.7300498E-01   1.9538519E-01   2.1615981E-01   2.3662288E-01   2.5126115E-01
    2.6412709E-01   2.6870862E-01   2.4636026E-01   2.8729466E-01   3.2261204E-01
    3.4611179E-01   3.6680650E-01   3.8276950E-01   3.9367136E-01   4.0386665E-01
    4.1330440E-01   4.1999579E-01   4.2635039E-01   4.3186941E-01   4.3593090E-01

 3.3159778032E+03   3.8022594E+05   1.6303787E+08   1.0298952E+00   7.5824112E+01   8.7056107E+02   5.0000000E-02    13 
    2.7500233E-12   1.9336292E-04   3.1536181E-04   4.8349672E-03   1.9097882E-02
    4.3795352E-02   6.9639456E-02   9.8097126E-02   1.2802627E-01   1.6507662E-01
    1.7519466E-01   1.9782548E-01   2.1897117E-01   2.3989001E-01   2.5528528E-01
    2.6863326E-01   2.7481600E-01   2.6324679E-01   3.0032848E-01   3.3333127E-01
    3.5670919E-01   3.7618791E-01   3.9102990E-01   4.0121499E-01   4.0960738E-01
    4.1641912E-01   4.2107317E-01   4.2524843E-01   4.2877499E-01   4.3137648E-01

 2.5251965099E+03   6.6949332E+05   2.9273438E+08   1.0338153E+00   7.7361943E+01   8.3609008E+02   5.0000000E-02    14 
    1.9829972E-12   2.2725864E-04   3.4014882E-04   4.9890236E-03   1.9487511E-02
    4.4423500E-02   7.0762620E-02   9.9668020E-02   1.3005289E-01   1.6868946E-01
    1.7836591E-01   2.0148093E-01   2.2336551E-01   2.4516536E-01   2.6210683E-01
    2.7716101E-01   2.8697569E-01   2.8611808E-01   3.2016282E-01   3.5069038E-01
    3.7309054E-01   3.9099815E-01   4.0440170E-01   4.1355703E-01   4.2044622E-01
    4.2542147E-01   4.2872319E-01   4.3152549E-01   4.3380297E-01   4.3546834E-01

 1.9355785278E+03   1.1657224E+06   5.2565281E+08   1.0381526E+00   7.9836349E+01   7.9248186E+02   5.0000000E-02    15 
    1.4802517E-12   2.6593734E-04   3.8343868E-04   5.2214579E-03   2.0061243E-02
    4.5426279E-02   7.2415953E-02   1.0197737E-01   1.3311224E-01   1.7398598E-01
    1.8343167E-01   2.0747317E-01   2.3078995E-01   2.5442410E-01   2.7444495E-01
    2.9318108E-01   3.0844977E-01   3.1712496E-01   3.4906843E-01   3.7727578E-01
    3.9828799E-01   4.1457237E-01   4.2654820E-01   4.3467367E-01   4.4040359E-01
    4.4414775E-01   4.4658134E-01   4.4854322E-01   4.5006203E-01   4.5114217E-01

 1.4970973484E+03   1.9960165E+06   9.4035455E+08   1.0451144E+00   8.3480475E+01   7.4045270E+02   5.0000000E-02    16 
    1.3105741E-12   3.2108274E-04   4.6841070E-04   5.6358282E-03   2.1079681E-02
    4.7268255E-02   7.5210587E-02   1.0576695E-01   1.3814710E-01   1.8219286E-01
    1.9197279E-01   2.1785921E-01   2.4394007E-01   2.7124432E-01   2.9659794E-01
    3.2108575E-01   3.4273372E-01   3.5916246E-01   3.8976192E-01   4.1599601E-01
    4.3557555E-01   4.5039224E-01   4.6112322E-01   4.6836068E-01   4.7324199E-01
    4.7619271E-01   4.7808099E-01   4.7953602E-01   4.8060396E-01   4.8132709E-01

 1.1686501911E+03   3.3604872E+06   1.6789458E+09   1.0583420E+00   8.8617810E+01   6.8053342E+02   5.0000000E-02    17 
    1.6897997E-12   4.2285165E-04   6.4317712E-04   6.4333009E-03   2.3011410E-02
    5.0704339E-02   8.0134365E-02   1.1224263E-01   1.4661476E-01   1.9509156E-01
    2.0659397E-01   2.3618604E-01   2.6743112E-01   3.0108580E-01   3.3400297E-01
    3.6544389E-01   3.9322325E-01   4.1539988E-01   4.4493035E-01   4.6938558E-01
    4.8753536E-01   5.0101456E-01   5.1065561E-01   5.1713010E-01   5.2137565E-01
    5.2381423E-01   5.2535257E-01   5.2649394E-01   5.2729034E-01   5.2779630E-01

 9.2107091731E+02   5.5754682E+06   3.0285265E+09   1.0820390E+00   9.6465259E+01   6.0727326E+02   5.0000002E-02    18 
    3.8944664E-12   6.4469306E-04   1.0071670E-03   7.9840905E-03   2.6601680E-02
    5.6806077E-02   8.8570649E-02   1.2318194E-01   1.6055427E-01   2.1492750E-01
    2.3142551E-01   2.6804981E-01   3.0800262E-01   3.5061099E-01   3.9208301E-01
    4.3006105E-01   4.6248679E-01   4.8816342E-01   5.1621090E-01   5.3864989E-01
    5.5514879E-01   5.6721434E-01   5.7575762E-01   5.8147794E-01   5.8516775E-01
    5.8723087E-01   5.8851186E-01   5.8943252E-01   5.9004682E-01   5.9041037E-01

 7.3772134941E+02   8.9673577E+06   5.4537875E+09   1.1194694E+00   1.0816612E+02   5.2559154E+02   5.0000023E-02    19 
    1.7961857E-11   1.1678172E-03   1.7658100E-03   1.0840777E-02   3.2830002E-02
    6.6859368E-02   1.0216595E-01   1.4079305E-01   1.8304151E-01   2.4416315E-01
    2.7086562E-01   3.1843905E-01   3.7002795E-01   4.2198827E-01   4.7031894E-01
    5.1228337E-01   5.4662157E-01   5.7318154E-01   5.9883436E-01   6.1874238E-01
    6.3323693E-01   6.4370710E-01   6.5106538E-01   6.5598556E-01   6.5913524E-01
    6.6088443E-01   6.6195227E-01   6.6270018E-01   6.6318127E-01   6.6344690E-01

 6.0164719429E+02   1.3790487E+07   9.7126196E+09   1.1693256E+00   1.2546775E+02   4.4363518E+02   5.0000359E-02    20 
    1.3839253E-10   2.3842425E-03   3.3643588E-03   1.5583341E-02   4.2600389E-02
    8.0961955E-02   1.2240683E-01   1.6773511E-01   2.1711803E-01   2.8557594E-01
    3.2809575E-01   3.8905870E-01   4.5169422E-01   5.1008347E-01   5.6130684E-01
    6.0346124E-01   6.3660356E-01   6.6162225E-01   6.8392836E-01   7.0081549E-01
    7.1300548E-01   7.2172813E-01   7.2782812E-01   7.3190858E-01   7.3451717E-01
    7.3597611E-01   7.3685249E-01   7.3745417E-01   7.3783050E-01   7.3802598E-01

 4.9946903513E+02   2.0117923E+07   1.7372474E+10   1.2384782E+00   1.5412527E+02   3.5976522E+02   5.0005883E-02    21 
    2.1134817E-09   5.7279130E-03   7.1367730E-03   2.4264546E-02   5.8474877E-02
    1.0195679E-01   1.5262652E-01   2.0875833E-01   2.6599851E-01   3.4517985E-01
    4.0764234E-01   4.8089458E-01   5.4958532E-01   6.0887256E-01   6.5810132E-01
    6.9663183E-01   7.2592551E-01   7.4756085E-01   7.6582435E-01   7.7937099E-01
    7.8907594E-01   7.9597331E-01   8.0078431E-01   8.0401007E-01   8.0607929E-01
    8.0725667E-01   8.0795315E-01   8.0842378E-01   8.0871163E-01   8.0885317E-01

 4.2312962130E+02   2.7146400E+07   3.0990764E+10   1.3410971E+00   2.0416620E+02   2.8050595E+02   5.0082601E-02    22 
    8.7521640E-08   1.7407175E-02   1.6720846E-02   4.3215034E-02   8.7397866E-02
    1.4275563E-01   1.9673987E-01   2.6270216E-01   3.3347747E-01   4.2635495E-01
    5.0612048E-01   5.8502641E-01   6.5245575E-01   7.0669849E-01   7.4967285E-01
    7.8186208E-01   8.0574827E-01   8.2304438E-01   8.3712721E-01   8.4741514E-01
    8.5473428E-01   8.5991669E-01   8.6353006E-01   8.6596439E-01   8.6753865E-01
    8.6845854E-01   8.6899471E-01   8.6935245E-01   8.6956721E-01   8.6966752E-01

 3.6601352324E+02   3.1798524E+07   5.4401858E+10   1.4699245E+00   3.0658160E+02   2.1023506E+02   5.0859527E-02    23 
    5.3258452E-06   5.6317112E-02   3.5145655E-02   8.4216075E-02   1.3960260E-01
    2.0799283E-01   2.5492099E-01   3.2773435E-01   4.1793659E-01   5.2086375E-01
    6.0882624E-01   6.8468872E-01   7.4492062E-01   7.9045870E-01   8.2524705E-01
    8.5039501E-01   8.6870123E-01   8.8172879E-01   8.9207297E-01   8.9954719E-01
    9.0484209E-01   9.0858424E-01   9.1119457E-01   9.1296506E-01   9.1412285E-01
    9.1482036E-01   9.1522160E-01   9.1548657E-01   9.1564293E-01   9.1571203E-01

 3.2341707824E+02   2.8963831E+07   8.7456639E+10   1.5900151E+00   5.4204457E+02   1.5223717E+02   5.5941073E-02    24 
    1.6907638E-04   1.4488735E-01   6.3923380E-02   1.5407836E-01   2.1594012E-01
    2.7149166E-01   3.2637751E-01   3.9816447E-01   5.0347045E-01   6.0721994E-01
    6.9240602E-01   7.5989970E-01   8.1138679E-01   8.4856332E-01   8.7622638E-01
    8.9563877E-01   9.0954902E-01   9.1936037E-01   9.2701407E-01   9.3248741E-01
    9.3635705E-01   9.3909504E-01   9.4100780E-01   9.4231466E-01   9.4317841E-01
    9.4371271E-01   9.4401717E-01   9.4421671E-01   9.4433261E-01   9.4438083E-01

 2.9249218617E+02   1.8257673E+07   1.1112284E+11   1.6678180E+00   1.0939461E+03   1.0858293E+02   7.5458023E-02    25 
    1.8399955E-03   2.5288676E-01   8.8859826E-02   2.1999822E-01   2.8863993E-01
    3.0764929E-01   3.9732391E-01   4.5460442E-01   5.7177650E-01   6.6472131E-01
    7.3788263E-01   7.9770881E-01   8.4331756E-01   8.7567893E-01   8.9958055E-01
    9.1599682E-01   9.2763048E-01   9.3584361E-01   9.4222462E-01   9.4675264E-01
    9.4994674E-01   9.5221083E-01   9.5379759E-01   9.5488752E-01   9.5561234E-01
    9.5606745E-01   9.5632565E-01   9.5649429E-01   9.5659138E-01   9.5663033E-01

 2.6990475353E+02   7.0909519E+06   1.1312478E+11   1.7050618E+00   2.8698580E+03   7.7249816E+01   1.2234658E-01    26 
    1.1207568E-02   3.2250733E-01   1.0019338E-01   2.5354134E-01   3.3522222E-01
    3.1765276E-01   4.3585661E-01   4.7986200E-01   6.0805118E-01   6.9197941E-01
    7.5225320E-01   8.0859225E-01   8.5157741E-01   8.8225683E-01   9.0504576E-01
    9.2057192E-01   9.3155942E-01   9.3936304E-01   9.4546257E-01   9.4977615E-01
    9.5281033E-01   9.5496104E-01   9.5647344E-01   9.5751490E-01   9.5820872E-01
    9.5864643E-01   9.5889459E-01   9.5905663E-01   9.5914989E-01   9.5918729E-01

 2.5276060377E+02   1.4609137E+06   1.0982592E+11   1.7155554E+00   1.3529524E+04   5.5043107E+01   2.0166767E-01    27 
    6.8892474E-02   3.4386434E-01   1.1171720E-01   2.6491603E-01   3.6735122E-01
    3.2822003E-01   4.4624820E-01   4.9229542E-01   6.2606230E-01   7.0713768E-01
    7.5849452E-01   8.1352675E-01   8.5474329E-01   8.8441008E-01   9.0653367E-01
    9.2163718E-01   9.3238369E-01   9.4005474E-01   9.4608360E-01   9.5034029E-01
    9.5332890E-01   9.5544358E-01   9.5693351E-01   9.5796068E-01   9.5864527E-01
    9.5907770E-01   9.5932298E-01   9.5948324E-01   9.5957558E-01   9.5961284E-01

 2.3740291730E+02   1.0458502E+05   1.1448075E+11   1.7066134E+00   1.9702897E+05   3.8010400E+01   3.1758805E-01    28 
    7.8744864E-01   4.4598811E-01   1.7127305E-01   3.5512123E-01   5.0337934E-01
    4.1484218E-01   5.1872959E-01   5.6599137E-01   7.0759645E-01   7.7526360E-01
    8.0774235E-01   8.5371489E-01   8.8586739E-01   9.0880213E-01   9.2607520E-01
    9.3771287E-01   9.4608103E-01   9.5213099E-01   9.5695759E-01   9.6033240E-01
    9.6268365E-01   9.6434022E-01   9.6551076E-01   9.6632033E-01   9.6686029E-01
    9.6720241E-01   9.6739711E-01   9.6752463E-01   9.6759808E-01   9.6762749E-01

 2.2494963400E+02   1.4639467E+04   1.2969496E+11   1.6954107E+00   1.5947064E+06   2.8107508E+01   4.2224232E-01    29 
    4.3621789E+00   1.3180521E+00   6.0515405E-01   1.0867093E+00   1.4827511E+00
    1.0587014E+00   1.1060244E+00   1.1009219E+00   1.2860007E+00   1.2424170E+00
    1.1496776E+00   1.1273543E+00   1.0978605E+00   1.0745575E+00   1.0590670E+00
    1.0468254E+00   1.0385926E+00   1.0333094E+00   1.0298203E+00   1.0271319E+00
    1.0251066E+00   1.0236377E+00   1.0226248E+00   1.0219423E+00   1.0214877E+00
    1.0212052E+00   1.0210505E+00   1.0209530E+00   1.0208982E+00   1.0208771E+00

 2.1450206284E+02   1.6052071E+04   1.5316869E+11   1.6956104E+00   1.7176260E+06   2.1511507E+01   5.1378067E-01    30 
    3.9965542E+00   1.3985924E+00   7.6379234E-01   1.2742300E+00   1.7198012E+00
    1.2965532E+00   1.2425619E+00   1.2710026E+00   1.4247782E+00   1.3531367E+00
    1.2385554E+00   1.1970278E+00   1.1512046E+00   1.1162724E+00   1.0917637E+00
    1.0736830E+00   1.0615427E+00   1.0534650E+00   1.0478177E+00   1.0435913E+00
    1.0404792E+00   1.0382334E+00   1.0366675E+00   1.0356020E+00   1.0348901E+00
    1.0344431E+00   1.0341960E+00   1.0340389E+00   1.0339507E+00   1.0339180E+00

 2.0512073294E+02   2.6513030E+04   1.8747039E+11   1.7168278E+00   1.2728074E+06   1.6520739E+01   5.9772355E-01    31 
    3.9062097E+00   1.2440188E+00   7.8279329E-01   1.1913606E+00   1.5788986E+00
    1.2927207E+00   1.1585244E+00   1.2369472E+00   1.3375564E+00   1.2799348E+00
    1.1938004E+00   1.1594408E+00   1.1217201E+00   1.0934530E+00   1.0728831E+00
    1.0583348E+00   1.0487681E+00   1.0423162E+00   1.0377355E+00   1.0343214E+00
    1.0318188E+00   1.0300094E+00   1.0287379E+00   1.0278678E+00   1.0272842E+00
    1.0269143E+00   1.0267101E+00   1.0265804E+00   1.0265082E+00   1.0264826E+00

 2.0252011755E+02   2.9982882E+04   2.2783537E+11   1.7127813E+00   1.3677948E+06   1.2218116E+01   6.8219093E-01    32 
    3.1553418E+00   1.0958841E+00   7.6536203E-01   1.1157326E+00   1.4969001E+00
    1.2763732E+00   1.1084441E+00   1.2092781E+00   1.2785800E+00   1.2293137E+00
    1.1606641E+00   1.1307325E+00   1.0989861E+00   1.0756883E+00   1.0583536E+00
    1.0464783E+00   1.0388086E+00   1.0335926E+00   1.0298589E+00   1.0270870E+00
    1.0250621E+00   1.0235975E+00   1.0225621E+00   1.0218502E+00   1.0213712E+00
    1.0210654E+00   1.0208967E+00   1.0207897E+00   1.0207306E+00   1.0207109E+00

 2.0221645546E+02   2.9223796E+04   2.8482095E+11   1.6935236E+00   1.7542009E+06   8.8226869E+00   7.5794926E-01    33 
    2.0926743E+00   9.5967423E-01   7.2565143E-01   1.0559154E+00   1.4451157E+00
    1.2527752E+00   1.0788662E+00   1.1836944E+00   1.2357083E+00   1.1915654E+00
    1.1337893E+00   1.1070420E+00   1.0801424E+00   1.0607962E+00   1.0463680E+00
    1.0366780E+00   1.0304879E+00   1.0262689E+00   1.0232481E+00   1.0210142E+00
    1.0193864E+00   1.0182092E+00   1.0173740E+00   1.0167973E+00   1.0164078E+00
    1.0161570E+00   1.0160187E+00   1.0159312E+00   1.0158834E+00   1.0158687E+00

 2.0209193434E+02   2.8712403E+04   3.7551223E+11   1.6758289E+00   2.3536855E+06   6.1664397E+00   8.2349097E-01    34 
    1.4140934E+00   8.5157264E-01   6.8732375E-01   1.0071474E+00   1.3973193E+00
    1.2257821E+00   1.0560545E+00   1.1558494E+00   1.1940321E+00   1.1549989E+00
    1.1071826E+00   1.0840536E+00   1.0620918E+00   1.0466023E+00   1.0351291E+00
    1.0275317E+00   1.0227123E+00   1.0194278E+00   1.0170820E+00   1.0153540E+00
    1.0140968E+00   1.0131875E+00   1.0125399E+00   1.0120905E+00   1.0117850E+00
    1.0115858E+00   1.0114760E+00   1.0114067E+00   1.0113695E+00   1.0113594E+00

 2.0195000547E+02   2.7632739E+04   4.9877937E+11   1.6552385E+00   3.2479377E+06   4.3977472E+00   8.7046431E-01    35 
    9.0243665E-01   7.4113359E-01   6.4512133E-01   9.5784671E-01   1.3460186E+00
    1.1960469E+00   1.0348026E+00   1.1275006E+00   1.1553295E+00   1.1221900E+00
    1.0836819E+00   1.0644885E+00   1.0470540E+00   1.0349511E+00   1.0260382E+00
    1.0202023E+00   1.0165215E+00   1.0140127E+00   1.0122237E+00   1.0109089E+00
    1.0099528E+00   1.0092604E+00   1.0087652E+00   1.0084194E+00   1.0081824E+00
    1.0080258E+00   1.0079394E+00   1.0078851E+00   1.0078564E+00   1.0078498E+00

 2.0179182593E+02   2.6423739E+04   6.7244416E+11   1.6359361E+00   4.5780618E+06   3.1400315E+00   9.0559255E-01    36 
    5.9101615E-01   6.4776763E-01   6.0626018E-01   9.1450298E-01   1.2973223E+00
    1.1663864E+00   1.0169774E+00   1.1002032E+00   1.1207451E+00   1.0937361E+00
    1.0635677E+00   1.0482518E+00   1.0348022E+00   1.0255794E+00   1.0188282E+00
    1.0144420E+00   1.0116859E+00   1.0098070E+00   1.0084688E+00   1.0074865E+00
    1.0067717E+00   1.0062530E+00   1.0058801E+00   1.0056179E+00   1.0054365E+00
    1.0053147E+00   1.0052475E+00   1.0052053E+00   1.0051834E+00   1.0051794E+00

 2.0162088351E+02   2.5123600E+04   9.1699435E+11   1.6188071E+00   6.5637625E+06   2.2418491E+00   9.3159581E-01    37 
    4.0654537E-01   5.7182087E-01   5.7231179E-01   8.7730283E-01   1.2525677E+00
    1.1384197E+00   1.0028656E+00   1.0754905E+00   1.0910737E+00   1.0700032E+00
    1.0470576E+00   1.0352806E+00   1.0251797E+00   1.0183144E+00   1.0133140E+00
    1.0100824E+00   1.0080563E+00   1.0066746E+00   1.0056908E+00   1.0049687E+00
    1.0044423E+00   1.0040592E+00   1.0037823E+00   1.0035860E+00   1.0034489E+00
    1.0033552E+00   1.0033035E+00   1.0032710E+00   1.0032545E+00   1.0032523E+00

 2.0143888251E+02   2.3901554E+04   1.2617943E+12   1.6053342E+00   9.4887080E+06   1.5991356E+00   9.5068669E-01    38 
    3.0402379E-01   5.1439442E-01   5.4497475E-01   8.4698544E-01   1.2126633E+00
    1.1133388E+00   9.9297008E-01   1.0545470E+00   1.0667366E+00   1.0509886E+00
    1.0340324E+00   1.0252737E+00   1.0178696E+00   1.0128662E+00   1.0092351E+00
    1.0068962E+00   1.0054318E+00   1.0044324E+00   1.0037202E+00   1.0031970E+00
    1.0028147E+00   1.0025355E+00   1.0023324E+00   1.0021874E+00   1.0020849E+00
    1.0020137E+00   1.0019744E+00   1.0019497E+00   1.0019374E+00   1.0019364E+00

 2.0124730554E+02   2.3118280E+04   1.7472673E+12   1.5962858E+00   1.3574735E+07   1.1401209E+00   9.6457361E-01    39 
    2.4919367E-01   4.7347313E-01   5.2423963E-01   8.2293047E-01   1.1767728E+00
    1.0910888E+00   9.8710828E-01   1.0377697E+00   1.0475613E+00   1.0362781E+00
    1.0240921E+00   1.0177742E+00   1.0124670E+00   1.0088916E+00   1.0063021E+00
    1.0046377E+00   1.0035963E+00   1.0028847E+00   1.0023767E+00   1.0020029E+00
    1.0017290E+00   1.0015281E+00   1.0013812E+00   1.0012755E+00   1.0012000E+00
    1.0011468E+00   1.0011173E+00   1.0010988E+00   1.0010897E+00   1.0010894E+00

 2.0104699922E+02   2.3581145E+04   2.4294921E+12   1.5926389E+00   1.8487201E+07   8.1294136E-01   9.7460252E-01    40 
    2.2217125E-01   4.4784365E-01   5.1005041E-01   8.0441960E-01   1.1436250E+00
    1.0712049E+00   9.8463385E-01   1.0250462E+00   1.0330108E+00   1.0252540E+00
    1.0167240E+00   1.0122902E+00   1.0085641E+00   1.0060565E+00   1.0042421E+00
    1.0030772E+00   1.0023484E+00   1.0018498E+00   1.0014927E+00   1.0012294E+00
    1.0010360E+00   1.0008936E+00   1.0007889E+00   1.0007131E+00   1.0006585E+00
    1.0006195E+00   1.0005978E+00   1.0005842E+00   1.0005776E+00   1.0005776E+00

 2.0083702313E+02   2.7029643E+04   3.3861554E+12   1.5970106E+00   2.2457199E+07   5.8005299E-01   9.8180809E-01    41 
    2.1672415E-01   4.4090926E-01   5.0427620E-01   7.9226129E-01   1.1130323E+00
    1.0537462E+00   9.8484202E-01   1.0160460E+00   1.0224408E+00   1.0172781E+00
    1.0114266E+00   1.0083780E+00   1.0058079E+00   1.0040783E+00   1.0028268E+00
    1.0020236E+00   1.0015210E+00   1.0011767E+00   1.0009292E+00   1.0007463E+00
    1.0006117E+00   1.0005122E+00   1.0004389E+00   1.0003855E+00   1.0003467E+00
    1.0003187E+00   1.0003032E+00   1.0002934E+00   1.0002886E+00   1.0002888E+00

 2.0061446745E+02   3.7148823E+04   4.7289067E+12   1.6122591E+00   2.2802255E+07   4.1401488E-01   9.8697958E-01    42 
    2.3232234E-01   4.5702009E-01   5.0871020E-01   7.8695394E-01   1.0844475E+00
    1.0385082E+00   9.8667054E-01   1.0100384E+00   1.0150062E+00   1.0116387E+00
    1.0076877E+00   1.0056282E+00   1.0038876E+00   1.0027148E+00   1.0018654E+00
    1.0013201E+00   1.0009789E+00   1.0007450E+00   1.0005760E+00   1.0004511E+00
    1.0003589E+00   1.0002907E+00   1.0002403E+00   1.0002034E+00   1.0001766E+00
    1.0001570E+00   1.0001461E+00   1.0001393E+00   1.0001360E+00   1.0001361E+00

 2.0037529390E+02   6.3862798E+04   6.6226215E+12   1.6405066E+00   1.8571620E+07   2.9520858E-01   9.9069757E-01    43 
    2.7221896E-01   4.9999200E-01   5.2392884E-01   7.8767488E-01   1.0566549E+00
    1.0249216E+00   9.8897308E-01   1.0060907E+00   1.0098063E+00   1.0076567E+00
    1.0050556E+00   1.0037010E+00   1.0025511E+00   1.0017744E+00   1.0012109E+00
    1.0008489E+00   1.0006224E+00   1.0004672E+00   1.0003545E+00   1.0002711E+00
    1.0002096E+00   1.0001640E+00   1.0001303E+00   1.0001056E+00   1.0000876E+00
    1.0000744E+00   1.0000670E+00   1.0000624E+00   1.0000602E+00   1.0000604E+00

 2.0011409391E+02   1.4095713E+05   9.2931721E+12   1.6835584E+00   1.1812543E+07   2.1038456E-01   9.9336113E-01    44 
    3.4329657E-01   5.7400427E-01   5.4969921E-01   7.9266421E-01   1.0289153E+00
    1.0125797E+00   9.9091558E-01   1.0033476E+00   1.0060904E+00   1.0048176E+00
    1.0031924E+00   1.0023449E+00   1.0016163E+00   1.0011218E+00   1.0007619E+00
    1.0005303E+00   1.0003854E+00   1.0002863E+00   1.0002139E+00   1.0001604E+00
    1.0001208E+00   1.0000915E+00   1.0000699E+00   1.0000540E+00   1.0000425E+00
    1.0000340E+00   1.0000293E+00   1.0000264E+00   1.0000250E+00   1.0000252E+00

 1.9986577285E+02   3.4985172E+05   1.2461600E+13   1.7346987E+00   6.3876153E+06   1.5705440E-01   9.9503961E-01    45 
    4.3753340E-01   6.6709463E-01   5.8059933E-01   7.9915607E-01   1.0055805E+00
    1.0029330E+00   9.9192843E-01   1.0014453E+00   1.0036654E+00   1.0030004E+00
    1.0020096E+00   1.0014911E+00   1.0010317E+00   1.0007167E+00   1.0004858E+00
    1.0003366E+00   1.0002434E+00   1.0001797E+00   1.0001330E+00   1.0000983E+00
    1.0000727E+00   1.0000538E+00   1.0000397E+00   1.0000295E+00   1.0000221E+00
    1.0000167E+00   1.0000138E+00   1.0000119E+00   1.0000111E+00   1.0000112E+00

 1.9962664840E+02   9.3638200E+05   1.6115564E+13   1.7920749E+00   3.0893275E+06   1.2163224E-01   9.9615611E-01    46 
    5.5113670E-01   7.7251453E-01   6.1511864E-01   8.0609460E-01   9.8696722E-01
    9.9547006E-01   9.9226156E-01   9.9998217E-01   1.0019718E+00   1.0017625E+00
    1.0012105E+00   1.0009193E+00   1.0006428E+00   1.0004490E+00   1.0003046E+00
    1.0002106E+00   1.0001519E+00   1.0001119E+00   1.0000823E+00   1.0000603E+00
    1.0000440E+00   1.0000319E+00   1.0000230E+00   1.0000166E+00   1.0000119E+00
    1.0000086E+00   1.0000068E+00   1.0000057E+00   1.0000052E+00   1.0000053E+00

 1.9938697727E+02   2.7025867E+06   2.0404038E+13   1.8563164E+00   1.3563976E+06   9.6247243E-02   9.9695705E-01    47 
    6.8216416E-01   8.8460759E-01   6.5518550E-01   8.1424809E-01   9.7299521E-01
    9.8975192E-01   9.9226908E-01   9.9882338E-01   1.0007222E+00   1.0008672E+00
    1.0006366E+00   1.0005117E+00   1.0003670E+00   1.0002601E+00   1.0001773E+00
    1.0001227E+00   1.0000886E+00   1.0000655E+00   1.0000481E+00   1.0000350E+00
    1.0000253E+00   1.0000181E+00   1.0000128E+00   1.0000090E+00   1.0000063E+00
    1.0000043E+00   1.0000033E+00   1.0000027E+00   1.0000024E+00   1.0000025E+00

 1.9914081837E+02   8.4497723E+06   2.5520950E+13   1.9282338E+00   5.4299971E+05   7.7111951E-02   9.9756126E-01    48 
    8.2211230E-01   9.9232890E-01   7.0609768E-01   8.2637326E-01   9.6417133E-01
    9.8583550E-01   9.9232367E-01   9.9798666E-01   9.9982135E-01   1.0002234E+00
    1.0002242E+00   1.0002195E+00   1.0001696E+00   1.0001253E+00   1.0000868E+00
    1.0000605E+00   1.0000441E+00   1.0000330E+00   1.0000244E+00   1.0000178E+00
    1.0000128E+00   1.0000090E+00   1.0000063E+00   1.0000043E+00   1.0000029E+00
    1.0000020E+00   1.0000015E+00   1.0000012E+00   1.0000011E+00   1.0000012E+00

 1.9888402779E+02   2.9122548E+07   3.1686319E+13   2.0091059E+00   1.9570538E+05   6.2251722E-02   9.9803074E-01    49 
    9.4855207E-01   1.0760390E+00   7.7771932E-01   8.4768473E-01   9.6139028E-01
    9.8416875E-01   9.9280119E-01   9.9756193E-01   9.9926098E-01   9.9980481E-01
    9.9995196E-01   1.0000240E+00   1.0000367E+00   1.0000343E+00   1.0000256E+00
    1.0000186E+00   1.0000143E+00   1.0000114E+00   1.0000087E+00   1.0000065E+00
    1.0000047E+00   1.0000033E+00   1.0000023E+00   1.0000015E+00   1.0000010E+00
    1.0000007E+00   1.0000005E+00   1.0000004E+00   1.0000004E+00   1.0000005E+00

 1.9861348316E+02   1.1358603E+08   3.9141444E+13   2.1006518E+00   6.2003043E+04   5.0521608E-02   9.9840150E-01    50 
    1.0233888E+00   1.1065180E+00   8.7796393E-01   8.8462262E-01   9.6589449E-01
    9.8544445E-01   9.9404545E-01   9.9766617E-01   9.9906926E-01   9.9961451E-01
    9.9981747E-01   9.9992037E-01   9.9996376E-01   9.9998327E-01   9.9999110E-01
    9.9999496E-01   9.9999748E-01   9.9999916E-01   9.9999992E-01   1.0000002E+00
    1.0000003E+00   1.0000002E+00   1.0000002E+00   1.0000001E+00   1.0000001E+00
    1.0000001E+00   1.0000001E+00   1.0000001E+00   1.0000001E+00   1.0000002E+00

 1.9832683446E+02   5.0187620E+08   4.8114042E+13   2.2045507E+00   1.7252523E+04   4.1211760E-02   9.9869586E-01    51 
    1.0271152E+00   1.0753943E+00   9.7619900E-01   9.3595001E-01   9.7717655E-01
    9.8960797E-01   9.9605368E-01   9.9828711E-01   9.9922387E-01   9.9963609E-01
    9.9981024E-01   9.9990051E-01   9.9994521E-01   9.9996839E-01   9.9998053E-01
    9.9998756E-01   9.9999204E-01   9.9999504E-01   9.9999688E-01   9.9999803E-01
    9.9999874E-01   9.9999919E-01   9.9999948E-01   9.9999968E-01   9.9999982E-01
    9.9999992E-01   9.9999997E-01   1.0000000E+00   1.0000000E+00   1.0000000E+00

 1.9802240261E+02   2.3593911E+09   5.8753917E+13   2.3218847E+00   4.4811897E+03   3.3848121E-02   9.9892875E-01    52 
    1.0042862E+00   1.0320093E+00   1.0129055E+00   9.8183165E-01   9.8969236E-01
    9.9459670E-01   9.9807477E-01   9.9906283E-01   9.9952802E-01   9.9976168E-01
    9.9986914E-01   9.9992659E-01   9.9995742E-01   9.9997430E-01   9.9998382E-01
    9.9998956E-01   9.9999318E-01   9.9999560E-01   9.9999715E-01   9.9999816E-01
    9.9999881E-01   9.9999924E-01   9.9999952E-01   9.9999971E-01   9.9999983E-01
    9.9999992E-01   9.9999997E-01   1.0000000E+00   1.0000000E+00   1.0000000E+00

 1.9769900880E+02   1.1089809E+10   7.1062598E+13   2.4530670E+00   1.1523441E+03   2.8076470E-02   9.9911133E-01    53 
    9.9293123E-01   1.0098629E+00   1.0099543E+00   9.9850325E-01   9.9755686E-01
    9.9827236E-01   9.9939916E-01   9.9963150E-01   9.9978026E-01   9.9987783E-01
    9.9992862E-01   9.9995742E-01   9.9997424E-01   9.9998395E-01   9.9998975E-01
    9.9999335E-01   9.9999562E-01   9.9999714E-01   9.9999813E-01   9.9999879E-01
    9.9999922E-01   9.9999951E-01   9.9999970E-01   9.9999982E-01   9.9999990E-01
    9.9999996E-01   9.9999999E-01   1.0000000E+00   1.0000000E+00   1.0000000E+00

 1.9735526213E+02   5.0932072E+10   8.4745308E+13   2.5981163E+00   2.9835838E+02   2.3633605E-02   9.9925190E-01    54 
    9.8903528E-01   9.9926783E-01   1.0049426E+00   1.0005090E+00   1.0000778E+00
    9.9984698E-01   9.9993384E-01   9.9991403E-01   9.9992810E-01   9.9995269E-01
    9.9996946E-01   9.9998009E-01   9.9998722E-01   9.9999169E-01   9.9999457E-01
    9.9999644E-01   9.9999763E-01   9.9999844E-01   9.9999897E-01   9.9999934E-01
    9.9999958E-01   9.9999974E-01   9.9999984E-01   9.9999991E-01   9.9999995E-01
    9.9999998E-01   1.0000000E+00   1.0000000E+00   1.0000000E+00   1.0000000E+00

 1.9698826511E+02   2.2444005E+11   9.9183473E+13   2.7571917E+00   7.8374624E+01   2.0301291E-02   9.9935734E-01    55 
    9.8645414E-01   9.9210392E-01   1.0018486E+00   1.0004344E+00   1.0003685E+00
    1.0001345E+00   1.0000517E+00   1.0000088E+00   9.9999452E-01   9.9999261E-01
    9.9999363E-01   9.9999490E-01   9.9999627E-01   9.9999736E-01   9.9999818E-01
    9.9999876E-01   9.9999916E-01   9.9999943E-01   9.9999962E-01   9.9999975E-01
    9.9999984E-01   9.9999991E-01   9.9999995E-01   9.9999998E-01   9.9999999E-01
    1.0000000E+00   1.0000000E+00   1.0000000E+00   1.0000000E+00   1.0000000E+00

 1.9659158823E+02   9.1753627E+11   1.1363428E+14   2.9304422E+00   2.1114071E+01   1.7895544E-02   9.9943348E-01    56 
    9.8444011E-01   9.8797735E-01   1.0008877E+00   1.0006036E+00   1.0003704E+00
    1.0001572E+00   1.0000677E+00   1.0000293E+00   1.0000131E+00   1.0000060E+00
    1.0000029E+00   1.0000013E+00   1.0000006E+00   1.0000002E+00   1.0000001E+00
    1.0000000E+00   9.9999999E-01   9.9999998E-01   9.9999998E-01   9.9999999E-01
    9.9999999E-01   1.0000000E+00   1.0000000E+00   1.0000000E+00   1.0000000E+00
    1.0000000E+00   1.0000000E+00   1.0000001E+00   1.0000001E+00   1.0000001E+00

 1.9615199800E+02   3.2572897E+12   1.2791071E+14   3.1189525E+00   5.8882033E+00   1.6255672E-02   9.9948538E-01    57 
    9.8509906E-01   9.8813302E-01   1.0014432E+00   1.0009125E+00   1.0004006E+00
    1.0001645E+00   1.0000722E+00   1.0000339E+00   1.0000171E+00   1.0000092E+00
    1.0000052E+00   1.0000030E+00   1.0000018E+00   1.0000011E+00   1.0000007E+00
    1.0000004E+00   1.0000003E+00   1.0000002E+00   1.0000001E+00   1.0000001E+00
    1.0000001E+00   1.0000001E+00   1.0000001E+00   1.0000001E+00   1.0000001E+00
    1.0000001E+00   1.0000001E+00   1.0000001E+00   1.0000001E+00   1.0000001E+00

 1.9564571450E+02   8.8670400E+12   1.4301003E+14   3.3239048E+00   1.7226000E+00   1.5185914E-02   9.9951923E-01    58 
    9.8827303E-01   9.9108832E-01   1.0019418E+00   1.0009605E+00   1.0003694E+00
    1.0001465E+00   1.0000635E+00   1.0000300E+00   1.0000153E+00   1.0000083E+00
    1.0000047E+00   1.0000028E+00   1.0000017E+00   1.0000011E+00   1.0000007E+00
    1.0000004E+00   1.0000003E+00   1.0000002E+00   1.0000001E+00   1.0000001E+00
    1.0000001E+00   1.0000001E+00   1.0000001E+00   1.0000001E+00   1.0000001E+00
    1.0000001E+00   1.0000002E+00   1.0000002E+00   1.0000002E+00   1.0000002E+00

 1.9503661778E+02   1.6892132E+13   1.6045807E+14   3.5480831E+00   5.2931439E-01   1.4279798E-02   9.9954791E-01    59 
    9.9137701E-01   9.9397392E-01   1.0017604E+00   1.0007590E+00   1.0002746E+00
    1.0001064E+00   1.0000455E+00   1.0000214E+00   1.0000109E+00   1.0000059E+00
    1.0000034E+00   1.0000020E+00   1.0000012E+00   1.0000008E+00   1.0000005E+00
    1.0000003E+00   1.0000002E+00   1.0000001E+00   1.0000001E+00   1.0000001E+00
    1.0000000E+00   1.0000000E+00   1.0000000E+00   1.0000001E+00   1.0000001E+00
    1.0000001E+00   1.0000001E+00   1.0000001E+00   1.0000001E+00   1.0000001E+00

 1.9428459200E+02   2.4428068E+13   1.8388862E+14   3.7929310E+00   1.7449035E-01   1.2956987E-02   9.9958978E-01    60 
    9.9424000E-01   9.9604295E-01   1.0012028E+00   1.0004752E+00   1.0001657E+00
    1.0000629E+00   1.0000265E+00   1.0000124E+00   1.0000063E+00   1.0000034E+00
    1.0000019E+00   1.0000011E+00   1.0000007E+00   1.0000004E+00   1.0000003E+00
    1.0000002E+00   1.0000001E+00   1.0000001E+00   1.0000000E+00   1.0000000E+00
    1.0000000E+00   1.0000000E+00   1.0000000E+00   1.0000000E+00   9.9999999E-01
    9.9999999E-01   9.9999999E-01   9.9999999E-01   9.9999999E-01   9.9999999E-01

 1.9337400964E+02   3.1901011E+13   2.2038651E+14   4.0613609E+00   6.2990873E-02   1.1065315E-02   9.9964966E-01    61 
    9.9683261E-01   9.9783285E-01   1.0006816E+00   1.0002505E+00   1.0000849E+00
    1.0000316E+00   1.0000131E+00   1.0000061E+00   1.0000031E+00   1.0000017E+00
    1.0000009E+00   1.0000006E+00   1.0000003E+00   1.0000002E+00   1.0000001E+00
    1.0000001E+00   1.0000001E+00   1.0000000E+00   1.0000000E+00   1.0000000E+00
    1.0000000E+00   9.9999999E-01   9.9999998E-01   9.9999998E-01   9.9999998E-01
    9.9999997E-01   9.9999997E-01   9.9999997E-01   9.9999997E-01   9.9999997E-01

 1.9232784713E+02   4.1365029E+13   2.7701882E+14   4.3571353E+00   2.4863173E-02   8.9470836E-03   9.9971672E-01    62 
    9.9831038E-01   9.9906683E-01   1.0003573E+00   1.0001219E+00   1.0000403E+00
    1.0000148E+00   1.0000061E+00   1.0000028E+00   1.0000014E+00   1.0000008E+00
    1.0000004E+00   1.0000003E+00   1.0000002E+00   1.0000001E+00   1.0000001E+00
    1.0000000E+00   1.0000000E+00   1.0000000E+00   1.0000000E+00   1.0000000E+00
    9.9999999E-01   9.9999999E-01   9.9999998E-01   9.9999998E-01   9.9999998E-01
    9.9999998E-01   9.9999998E-01   9.9999998E-01   9.9999998E-01   9.9999998E-01

 1.9118256097E+02   5.4827888E+13   3.6291363E+14   4.6812358E+00   1.0759970E-02   6.9261395E-03   9.9978070E-01    63 
    9.9899204E-01   9.9970257E-01   1.0001748E+00   1.0000550E+00   1.0000178E+00
    1.0000065E+00   1.0000027E+00   1.0000012E+00   1.0000006E+00   1.0000003E+00
    1.0000002E+00   1.0000001E+00   1.0000001E+00   1.0000000E+00   1.0000000E+00
    1.0000000E+00   1.0000000E+00   1.0000000E+00   1.0000000E+00   1.0000000E+00
    9.9999999E-01   9.9999999E-01   9.9999999E-01   9.9999999E-01   9.9999998E-01
    9.9999998E-01   9.9999998E-01   9.9999998E-01   9.9999998E-01   9.9999998E-01

 1.8997547776E+02   7.4545999E+13   4.9114408E+14   5.0346641E+00   5.0966389E-03   5.1878357E-03   9.9983573E-01    64 
    9.9939423E-01   9.9994485E-01   1.0000805E+00   1.0000234E+00   1.0000074E+00
    1.0000027E+00   1.0000011E+00   1.0000005E+00   1.0000003E+00   1.0000001E+00
    1.0000001E+00   1.0000000E+00   1.0000000E+00   1.0000000E+00   1.0000000E+00
    1.0000000E+00   1.0000000E+00   1.0000000E+00   1.0000000E+00   9.9999999E-01
    9.9999999E-01   9.9999999E-01   9.9999999E-01   9.9999999E-01   9.9999998E-01
    9.9999998E-01   9.9999998E-01   9.9999998E-01   9.9999998E-01   9.9999998E-01

 1.8874094623E+02   1.0266835E+14   6.7509155E+14   5.4191126E+00   2.6083245E-03   3.8255562E-03   9.9987887E-01    65 
    9.9967552E-01   1.0000083E+00   1.0000350E+00   1.0000095E+00   1.0000029E+00
    1.0000010E+00   1.0000004E+00   1.0000002E+00   1.0000001E+00   1.0000001E+00
    1.0000000E+00   1.0000000E+00   1.0000000E+00   1.0000000E+00   1.0000000E+00
    1.0000000E+00   1.0000000E+00   9.9999999E-01   9.9999999E-01   9.9999999E-01
    9.9999998E-01   9.9999998E-01   9.9999998E-01   9.9999998E-01   9.9999998E-01
    9.9999998E-01   9.9999998E-01   9.9999998E-01   9.9999998E-01   9.9999998E-01

 1.8747041105E+02   1.4234665E+14   9.3513638E+14   5.8466293E+00   1.4076854E-03   2.7999935E-03   9.9991134E-01    66 
    9.9984494E-01   1.0000129E+00   1.0000149E+00   1.0000039E+00   1.0000012E+00
    1.0000004E+00   1.0000002E+00   1.0000001E+00   1.0000000E+00   1.0000000E+00
    1.0000000E+00   1.0000000E+00   1.0000000E+00   1.0000000E+00   1.0000000E+00
    1.0000000E+00   9.9999999E-01   9.9999999E-01   9.9999998E-01   9.9999998E-01
    9.9999998E-01   9.9999997E-01   9.9999997E-01   9.9999997E-01   9.9999997E-01
    9.9999997E-01   9.9999997E-01   9.9999997E-01   9.9999997E-01   9.9999997E-01

 1.8655126331E+02   1.7948183E+14   1.1786943E+15   6.1784004E+00   9.4014090E-04   2.2436133E-03   9.9992895E-01    67 
    9.9990855E-01   1.0000112E+00   1.0000080E+00   1.0000020E+00   1.0000006E+00
    1.0000002E+00   1.0000001E+00   1.0000000E+00   1.0000000E+00   1.0000000E+00
    1.0000000E+00   1.0000000E+00   1.0000000E+00   1.0000000E+00   1.0000000E+00
    9.9999999E-01   9.9999999E-01   9.9999998E-01   9.9999998E-01   9.9999997E-01
    9.9999997E-01   9.9999997E-01   9.9999997E-01   9.9999997E-01   9.9999997E-01
    9.9999997E-01   9.9999997E-01   9.9999997E-01   9.9999997E-01   9.9999997E-01

 1.8606453034E+02   2.0257103E+14   1.3301762E+15   6.3617975E+00   7.7115695E-04   1.9986205E-03   9.9993671E-01    68 
    9.9992779E-01   1.0000105E+00   1.0000057E+00   1.0000014E+00   1.0000004E+00
    1.0000001E+00   1.0000001E+00   1.0000000E+00   1.0000000E+00   1.0000000E+00
    1.0000000E+00   1.0000000E+00   1.0000000E+00   1.0000000E+00   1.0000000E+00
    9.9999999E-01   9.9999999E-01   9.9999998E-01   9.9999998E-01   9.9999997E-01
    9.9999997E-01   9.9999997E-01   9.9999997E-01   9.9999997E-01   9.9999997E-01
    9.9999997E-01   9.9999997E-01   9.9999997E-01   9.9999997E-01   9.9999997E-01

 1.8582037038E+02   2.1513961E+14   1.4126466E+15   6.4557036E+00   7.0126404E-04   1.8869337E-03   9.9994025E-01    69 
    9.9991939E-01   1.0000121E+00   1.0000059E+00   1.0000014E+00   1.0000004E+00
    1.0000001E+00   1.0000001E+00   1.0000000E+00   1.0000000E+00   1.0000000E+00
    1.0000000E+00   1.0000000E+00   1.0000000E+00   1.0000000E+00   1.0000000E+00
    9.9999999E-01   9.9999999E-01   9.9999998E-01   9.9999998E-01   9.9999997E-01
    9.9999997E-01   9.9999997E-01   9.9999997E-01   9.9999997E-01   9.9999997E-01
    9.9999997E-01   9.9999997E-01   9.9999997E-01   9.9999997E-01   9.9999997E-01

 1.8573894432E+02   2.1951122E+14   1.4413328E+15   6.4873349E+00   6.7927332E-04   1.8510154E-03   9.9994139E-01    70 
    9.9890932E-01   9.9979299E-01   9.9993568E-01   9.9998172E-01   9.9999454E-01
    9.9999810E-01   9.9999924E-01   9.9999966E-01   9.9999983E-01   9.9999991E-01
    9.9999995E-01   9.9999997E-01   9.9999998E-01   9.9999999E-01   9.9999999E-01
    9.9999999E-01   9.9999999E-01   9.9999998E-01   9.9999998E-01   9.9999997E-01
    9.9999997E-01   9.9999997E-01   9.9999997E-01   9.9999997E-01   9.9999997E-01
    9.9999997E-01   9.9999997E-01   9.9999997E-01   9.9999997E-01   9.9999997E-01
