    1   3.1556E+04   4.2017E-06   1.3604E+03   8.7142E-01   1.9154E+04   1.0029E+00   1.3315E-10   1.0424E+00   2.0980E-01
    2   3.1234E+04   4.2449E-06   1.3602E+03   8.7142E-01   1.9552E+04   1.0028E+00   1.3592E-10   1.0424E+00   2.0980E-01
    3   3.0601E+04   4.3328E-06   1.3599E+03   8.7142E-01   2.0375E+04   1.0029E+00   1.4164E-10   1.0424E+00   2.0980E-01
    4   2.9374E+04   4.5139E-06   1.3592E+03   8.7142E-01   2.2125E+04   1.0028E+00   1.5379E-10   1.0424E+00   2.0980E-01
    5   2.7069E+04   4.8992E-06   1.3577E+03   8.7142E-01   2.6082E+04   9.9993E-01   1.8079E-10   1.0424E+00   2.0980E-01
    6   2.2989E+04   5.7716E-06   1.3542E+03   8.7142E-01   3.6253E+04   9.8700E-01   2.4803E-10   1.0424E+00   2.0980E-01
    7   1.6760E+04   7.9280E-06   1.3458E+03   8.7142E-01   6.8634E+04   9.7247E-01   4.6266E-10   1.0424E+00   2.0980E-01
    8   1.2231E+04   1.0890E-05   1.3342E+03   8.7142E-01   1.3000E+05   9.7713E-01   8.8052E-10   1.0424E+00   2.0980E-01
    9   8.9455E+03   1.4959E-05   1.3185E+03   8.7142E-01   2.4591E+05   9.8268E-01   1.6751E-09   1.0424E+00   2.0980E-01
   10   6.5592E+03   2.0548E-05   1.2973E+03   8.7558E-01   4.6486E+05   9.9028E-01   3.1938E-09   1.0433E+00   2.0980E-01
   11   4.8285E+03   2.8226E-05   1.2691E+03   9.0677E-01   8.7696E+05   9.9949E-01   6.1076E-09   1.0478E+00   2.0980E-01
   12   3.5738E+03   3.8772E-05   1.2320E+03   9.4343E-01   1.6490E+06   1.0074E+00   1.1644E-08   1.0541E+00   2.0980E-01
   13   2.6626E+03   5.3259E-05   1.1845E+03   9.7651E-01   3.0899E+06   1.0039E+00   2.1860E-08   1.0597E+00   2.0980E-01
   14   1.9979E+03   7.3158E-05   1.1248E+03   1.0045E+00   5.7788E+06   9.8831E-01   4.0423E-08   1.0643E+00   2.0980E-01
   15   1.5111E+03   1.0049E-04   1.0499E+03   1.0285E+00   1.0823E+07   9.7965E-01   7.5318E-08   1.0682E+00   2.0980E-01
   16   1.1545E+03   1.3804E-04   9.5746E+02   1.0491E+00   2.0330E+07   9.8253E-01   1.4232E-07   1.0714E+00   2.0980E-01
   17   8.9416E+02   1.8962E-04   8.4604E+02   1.0662E+00   3.8359E+07   9.9553E-01   2.7279E-07   1.0742E+00   2.0980E-01
   18   7.0560E+02   2.6046E-04   7.2739E+02   1.0796E+00   7.1648E+07   1.0022E+00   5.1422E-07   1.0769E+00   2.0980E-01
   19   5.6738E+02   3.5778E-04   6.0113E+02   1.0897E+00   1.3408E+08   9.8584E-01   9.4876E-07   1.0794E+00   2.0980E-01
   20   4.6635E+02   4.9146E-04   4.7478E+02   1.0962E+00   2.5129E+08   9.9234E-01   1.7935E-06   1.0816E+00   2.0980E-01
   21   3.9240E+02   6.7509E-04   3.5754E+02   1.0992E+00   4.7129E+08   1.0030E+00   3.4067E-06   1.0838E+00   2.0980E-01
   22   3.3816E+02   9.2811E-04   2.5676E+02   1.1056E+00   8.8376E+08   1.0028E+00   6.4038E-06   1.0866E+00   2.0980E-01
   23   2.9970E+02   1.2621E-03   1.7907E+02   1.1334E+00   1.6132E+09   9.9835E-01   1.1708E-05   1.0932E+00   2.0980E-01
   24   2.7320E+02   1.6747E-03   1.2435E+02   1.1993E+00   2.7955E+09   1.0039E+00   2.0649E-05   1.1065E+00   2.0980E-01
   25   2.5401E+02   2.1894E-03   8.6359E+01   1.2756E+00   4.6566E+09   1.0013E+00   3.4774E-05   1.1215E+00   2.0980E-01
   26   2.3939E+02   2.8447E-03   5.9800E+01   1.3636E+00   7.5711E+09   9.9998E-01   5.7354E-05   1.1392E+00   2.0980E-01
   27   2.2789E+02   3.6879E-03   4.1423E+01   1.4563E+00   1.2061E+10   1.0027E+00   9.3226E-05   1.1592E+00   2.0980E-01
   28   2.1714E+02   4.9801E-03   2.7783E+01   1.5571E+00   1.9807E+10   1.0063E+00   1.5635E-04   1.1796E+00   2.0980E-01
   29   2.0746E+02   6.8641E-03   1.9578E+01   1.6839E+00   3.0792E+10   9.9746E-01   2.4345E-04   1.1919E+00   2.0980E-01
   30   1.9965E+02   9.1922E-03   1.4760E+01   1.7501E+00   4.4104E+10   9.9954E-01   3.5152E-04   1.1991E+00   2.0980E-01
   31   1.9569E+02   1.0727E-02   1.0714E+01   1.7572E+00   6.3235E+10   9.9866E-01   5.0610E-04   1.2051E+00   2.0980E-01
   32   1.9539E+02   1.0909E-02   7.6630E+00   1.7366E+00   8.8690E+10   1.0030E+00   7.1765E-04   1.2132E+00   2.0980E-01
   33   1.9524E+02   1.1039E-02   5.1261E+00   1.6858E+00   1.3278E+11   1.0005E+00   1.0976E-03   1.2425E+00   2.4096E-01
   34   1.9510E+02   1.1229E-02   3.5833E+00   1.6667E+00   1.9023E+11   1.0004E+00   1.5914E-03   1.2575E+00   2.8155E-01
   35   1.9494E+02   1.1544E-02   2.4841E+00   1.6482E+00   2.7486E+11   1.0003E+00   2.3329E-03   1.2760E+00   3.2306E-01
   36   1.9477E+02   1.2039E-02   1.7248E+00   1.6295E+00   3.9658E+11   1.0002E+00   3.4231E-03   1.2978E+00   3.6099E-01
   37   1.9458E+02   1.2807E-02   1.1992E+00   1.6114E+00   5.7148E+11   1.0000E+00   5.0303E-03   1.3236E+00   3.9303E-01
   38   1.9439E+02   1.3997E-02   8.3234E-01   1.5965E+00   8.2498E+11   9.9985E-01   7.4359E-03   1.3556E+00   4.1820E-01
   39   1.9419E+02   1.5840E-02   5.7720E-01   1.5872E+00   1.1921E+12   9.9965E-01   1.1063E-02   1.3960E+00   4.3633E-01
   40   1.9398E+02   1.8686E-02   4.0037E-01   1.5846E+00   1.7223E+12   9.9942E-01   1.6572E-02   1.4477E+00   4.4988E-01
   41   1.9376E+02   2.3090E-02   2.7815E-01   1.5890E+00   2.4846E+12   9.9917E-01   2.4988E-02   1.5136E+00   4.6123E-01
   42   1.9354E+02   3.0105E-02   1.9288E-01   1.6039E+00   3.5913E+12   9.9899E-01   3.8123E-02   1.5979E+00   4.7272E-01
   43   1.9330E+02   4.1220E-02   1.3460E-01   1.6306E+00   5.1590E+12   9.9893E-01   5.8291E-02   1.7009E+00   4.8533E-01
   44   1.9309E+02   5.6632E-02   9.8262E-02   1.6646E+00   7.0825E+12   9.9900E-01   8.5049E-02   1.8076E+00   4.9875E-01
   45   1.9288E+02   7.7792E-02   7.4082E-02   1.7048E+00   9.4145E+12   9.9916E-01   1.1977E-01   1.9146E+00   5.1272E-01
   46   1.9267E+02   1.0686E-01   5.7089E-02   1.7510E+00   1.2243E+13   9.9937E-01   1.6434E-01   2.0198E+00   5.2677E-01
   47   1.9247E+02   1.4678E-01   4.4679E-02   1.8037E+00   1.5677E+13   9.9961E-01   2.2096E-01   2.1203E+00   5.4043E-01
   48   1.9225E+02   2.0163E-01   3.5347E-02   1.8638E+00   1.9861E+13   9.9986E-01   2.9226E-01   2.2132E+00   5.5289E-01
   49   1.9203E+02   2.7696E-01   2.8168E-02   1.9325E+00   2.4981E+13   1.0001E+00   3.8164E-01   2.2971E+00   5.6347E-01
   50   1.9179E+02   3.8044E-01   2.2554E-02   2.0117E+00   3.1276E+13   1.0003E+00   4.9357E-01   2.3724E+00   5.7248E-01
   51   1.9154E+02   5.2259E-01   1.8125E-02   2.1034E+00   3.9021E+13   1.0005E+00   6.3413E-01   2.4426E+00   5.8092E-01
   52   1.9127E+02   7.1785E-01   1.4624E-02   2.2097E+00   4.8500E+13   1.0006E+00   8.1201E-01   2.5162E+00   5.9044E-01
   53   1.9098E+02   9.8606E-01   1.1870E-02   2.3320E+00   5.9932E+13   1.0007E+00   1.0396E+00   2.6065E+00   6.0273E-01
   54   1.9067E+02   1.3545E+00   9.7293E-03   2.4707E+00   7.3359E+13   1.0010E+00   1.3326E+00   2.7289E+00   6.2099E-01
   55   1.9033E+02   1.8606E+00   8.0997E-03   2.6260E+00   8.8426E+13   1.0019E+00   1.7062E+00   2.8961E+00   6.4811E-01
   56   1.8998E+02   2.5557E+00   6.8980E-03   2.7978E+00   1.0422E+14   1.0051E+00   2.1674E+00   3.1112E+00   6.8649E-01
   57   1.8958E+02   3.5107E+00   6.0608E-03   2.9862E+00   1.1911E+14   1.0169E+00   2.6968E+00   3.3480E+00   7.3360E-01
   58   1.8914E+02   4.8224E+00   5.5425E-03   3.1926E+00   1.3086E+14   1.0510E+00   3.2252E+00   3.5264E+00   7.8389E-01
   59   1.8862E+02   6.6242E+00   5.2648E-03   3.4193E+00   1.3852E+14   1.1142E+00   3.6478E+00   3.5541E+00   8.2348E-01
   60   1.8797E+02   9.0992E+00   4.9877E-03   3.6688E+00   1.4723E+14   1.1762E+00   3.9155E+00   3.3999E+00   8.1875E-01
   61   1.8714E+02   1.2499E+01   4.4512E-03   3.9441E+00   1.6644E+14   1.2105E+00   4.2613E+00   3.1804E+00   7.8329E-01
   62   1.8613E+02   1.7169E+01   3.6723E-03   4.2497E+00   2.0395E+14   1.2241E+00   4.9849E+00   3.0026E+00   7.4736E-01
   63   1.8498E+02   2.3584E+01   2.8432E-03   4.5881E+00   2.6671E+14   1.2290E+00   6.2070E+00   2.8474E+00   7.1106E-01
   64   1.8374E+02   3.2396E+01   2.1008E-03   4.9617E+00   3.6585E+14   1.2310E+00   8.1048E+00   2.7062E+00   6.7635E-01
   65   1.8246E+02   4.4500E+01   1.5131E-03   5.3723E+00   5.1510E+14   1.2319E+00   1.0945E+01   2.5937E+00   6.4795E-01
   66   1.8115E+02   6.1377E+01   1.0805E-03   5.8281E+00   7.3180E+14   1.2323E+00   1.5022E+01   2.5049E+00   6.2703E-01
   67   1.8007E+02   7.9855E+01   8.2350E-04   6.2340E+00   9.7166E+14   1.2325E+00   1.9426E+01   2.4393E+00   6.1220E-01
   68   1.7952E+02   9.1395E+01   7.1749E-04   6.4545E+00   1.1221E+15   1.2326E+00   2.2122E+01   2.4051E+00   6.0381E-01
   69   1.7924E+02   9.7776E+01   6.6991E-04   6.5680E+00   1.2056E+15   1.2326E+00   2.3598E+01   2.3880E+00   6.0067E-01
   70   1.7915E+02   1.0000E+02   6.5476E-04   6.6059E+00   1.2347E+15   1.2327E+00   2.4129E+01   2.3840E+00   5.9984E-01
