     R        I    Tau(Ross)   /\Tau   Rat(Ross)  Chi(Ross)  Chi(ross)  Chi(Flux)   Chi(es)   Tau(Flux)  Tau(es)  Rat(Flux)  Rat(es)     Kappa   V(km/s)
 39822.3724180000   1 0.000E+00 4.908E-07  0.00E+00  1.183E-09  1.183E-09  1.139E-09  1.132E-09  0.00E+00  0.00E+00  0.00E+00  0.00E+00  2.464E-01  1.929E+03
 39411.6910780000   2 4.908E-07 9.982E-07  2.03E+00  1.208E-09  1.208E-09  1.163E-09  1.156E-09  4.73E-07  4.70E-07  2.03E+00  2.03E+00  2.464E-01  1.929E+03
 38602.5064380000   3 1.489E-06 2.059E-06  2.06E+00  1.260E-09  1.260E-09  1.212E-09  1.205E-09  1.43E-06  1.42E-06  2.06E+00  2.06E+00  2.466E-01  1.928E+03
 37035.8753200000   4 3.548E-06 4.386E-06  2.13E+00  1.371E-09  1.371E-09  1.318E-09  1.310E-09  3.42E-06  3.39E-06  2.13E+00  2.13E+00  2.468E-01  1.927E+03
 34094.2195580000   5 7.934E-06 9.995E-06  2.28E+00  1.622E-09  1.622E-09  1.557E-09  1.547E-09  7.64E-06  7.58E-06  2.30E+00  2.27E+00  2.473E-01  1.926E+03
 28891.2051290000   6 1.793E-05 2.501E-05  2.50E+00  2.275E-09  2.275E-09  2.173E-09  2.159E-09  1.73E-05  1.71E-05  2.58E+00  2.48E+00  2.486E-01  1.922E+03
 20969.3776010000   7 4.294E-05 3.503E-05  1.40E+00  4.397E-09  4.397E-09  4.152E-09  4.120E-09  4.24E-05  4.07E-05  1.38E+00  1.38E+00  2.517E-01  1.912E+03
 15234.3213480000   8 7.797E-05 4.896E-05  1.40E+00  8.510E-09  8.510E-09  7.938E-09  7.863E-09  7.71E-05  7.32E-05  1.38E+00  1.38E+00  2.554E-01  1.898E+03
 11088.8400690000   9 1.269E-04 6.830E-05  1.40E+00  1.643E-08  1.643E-08  1.518E-08  1.499E-08  1.25E-04  1.18E-04  1.39E+00  1.38E+00  2.587E-01  1.880E+03
  8088.3598038000  10 1.952E-04 9.480E-05  1.39E+00  3.162E-08  3.162E-08  2.908E-08  2.856E-08  1.91E-04  1.80E-04  1.39E+00  1.38E+00  2.614E-01  1.855E+03
  5919.2722194000  11 2.900E-04 1.307E-04  1.38E+00  6.059E-08  6.059E-08  5.586E-08  5.432E-08  2.84E-04  2.65E-04  1.39E+00  1.37E+00  2.633E-01  1.821E+03
  4353.6281992000  12 4.208E-04 1.796E-04  1.37E+00  1.155E-07  1.155E-07  1.078E-07  1.030E-07  4.12E-04  3.82E-04  1.40E+00  1.37E+00  2.648E-01  1.777E+03
  3222.1766462000  13 6.004E-04 2.466E-04  1.37E+00  2.190E-07  2.190E-07  2.101E-07  1.943E-07  5.91E-04  5.42E-04  1.43E+00  1.37E+00  2.661E-01  1.718E+03
  2401.6178313000  14 8.469E-04 3.399E-04  1.38E+00  4.137E-07  4.137E-07  4.180E-07  3.655E-07  8.49E-04  7.60E-04  1.49E+00  1.37E+00  2.673E-01  1.644E+03
  1802.9906478000  15 1.187E-03 4.697E-04  1.38E+00  7.819E-07  7.819E-07  8.631E-07  6.877E-07  1.23E-03  1.06E-03  1.57E+00  1.38E+00  2.685E-01  1.551E+03
  1365.5977443000  16 1.657E-03 6.498E-04  1.38E+00  1.480E-06  1.480E-06  1.886E-06  1.296E-06  1.83E-03  1.47E-03  1.69E+00  1.38E+00  2.696E-01  1.434E+03
  1046.1628983000  17 2.306E-03 8.935E-04  1.38E+00  2.806E-06  2.806E-06  4.486E-06  2.455E-06  2.85E-03  2.04E-03  1.85E+00  1.38E+00  2.699E-01  1.290E+03
   814.3441389200  18 3.200E-03 1.219E-03  1.36E+00  5.311E-06  5.311E-06  1.176E-05  4.650E-06  4.73E-03  2.82E-03  1.99E+00  1.36E+00  2.696E-01  1.124E+03
   646.4403867000  19 4.418E-03 1.674E-03  1.37E+00  9.962E-06  9.961E-06  3.292E-05  8.727E-06  8.48E-03  3.89E-03  2.16E+00  1.37E+00  2.695E-01  9.504E+02
   523.6845332200  20 6.093E-03 2.299E-03  1.37E+00  1.876E-05  1.876E-05  9.901E-05  1.644E-05  1.66E-02  5.36E-03  2.27E+00  1.37E+00  2.692E-01  7.684E+02
   434.2210600800  21 8.391E-03 3.161E-03  1.38E+00  3.535E-05  3.535E-05  3.123E-04  3.100E-05  3.50E-02  7.37E-03  2.38E+00  1.38E+00  2.690E-01  5.926E+02
   368.9280017900  22 1.155E-02 4.324E-03  1.37E+00  6.659E-05  6.658E-05  1.031E-03  5.841E-05  7.88E-02  1.01E-02  2.36E+00  1.37E+00  2.688E-01  4.354E+02
   321.4266438800  23 1.588E-02 5.531E-03  1.28E+00  1.247E-04  1.246E-04  3.334E-03  1.093E-04  1.83E-01  1.39E-02  2.10E+00  1.28E+00  2.687E-01  3.062E+02
   288.3941186500  24 2.141E-02 6.385E-03  1.15E+00  2.212E-04  2.212E-04  9.872E-03  1.937E-04  4.01E-01  1.88E-02  1.67E+00  1.15E+00  2.688E-01  2.110E+02
   265.3857800500  25 2.779E-02 6.133E-03  9.61E-01  3.344E-04  3.344E-04  2.177E-02  2.934E-04  7.65E-01  2.44E-02  1.15E+00  9.67E-01  2.683E-01  1.457E+02
   248.4404352900  26 3.393E-02 4.797E-03  7.82E-01  3.780E-04  3.779E-04  2.770E-02  3.345E-04  1.18E+00  2.98E-02  8.09E-01  7.89E-01  2.659E-01  1.008E+02
   235.3298524700  27 3.872E-02 3.550E-03  7.40E-01  3.490E-04  3.490E-04  2.400E-02  3.126E-04  1.52E+00  3.40E-02  7.08E-01  7.49E-01  2.627E-01  6.960E+01
   224.7549537500  28 4.227E-02 3.407E-03  9.60E-01  3.262E-04  3.262E-04  2.136E-02  2.948E-04  1.76E+00  3.72E-02  9.66E-01  9.65E-01  2.603E-01  4.813E+01
   214.4763582400  29 4.568E-02 3.377E-03  9.91E-01  3.421E-04  3.421E-04  2.371E-02  3.107E-04  1.99E+00  4.03E-02  1.10E+00  9.96E-01  2.590E-01  3.280E+01
   205.2235712300  30 4.906E-02 2.760E-03  8.17E-01  3.946E-04  3.946E-04  3.130E-02  3.592E-04  2.25E+00  4.34E-02  9.41E-01  8.18E-01  2.585E-01  2.379E+01
   198.6363210200  31 5.182E-02 4.252E-04  1.54E-01  4.554E-04  4.554E-04  4.138E-02  4.151E-04  2.49E+00  4.59E-02  1.97E-01  1.54E-01  2.581E-01  1.906E+01
   197.7865418200  32 5.224E-02 1.285E-04  3.02E-01  5.862E-04  5.862E-04  6.968E-02  5.324E-04  2.54E+00  4.63E-02  3.86E-01  3.01E-01  2.590E-01  1.212E+01
   197.5918935900  33 5.237E-02 1.532E-04  1.19E+00  7.620E-04  7.619E-04  1.173E-01  6.878E-04  2.55E+00  4.64E-02  1.56E+00  1.18E+00  2.606E-01  8.365E+00
   197.4192050200  34 5.252E-02 2.483E-04  1.62E+00  1.027E-03  1.027E-03  2.114E-01  9.195E-04  2.58E+00  4.66E-02  2.19E+00  1.61E+00  2.628E-01  5.782E+00
   197.2151320900  35 5.277E-02 4.137E-04  1.67E+00  1.421E-03  1.421E-03  3.984E-01  1.258E-03  2.64E+00  4.68E-02  2.30E+00  1.65E+00  2.656E-01  4.004E+00
   196.9721634800  36 5.319E-02 6.719E-04  1.62E+00  2.009E-03  2.009E-03  7.775E-01  1.756E-03  2.79E+00  4.71E-02  2.26E+00  1.60E+00  2.690E-01  2.766E+00
   196.6951852900  37 5.386E-02 1.071E-03  1.59E+00  2.883E-03  2.883E-03  1.551E+00  2.483E-03  3.11E+00  4.77E-02  2.23E+00  1.57E+00  2.732E-01  1.909E+00
   196.3888999400  38 5.493E-02 1.692E-03  1.58E+00  4.178E-03  4.177E-03  3.135E+00  3.536E-03  3.83E+00  4.86E-02  2.25E+00  1.55E+00  2.779E-01  1.320E+00
   196.0564519600  39 5.662E-02 2.688E-03  1.59E+00  6.104E-03  6.103E-03  6.589E+00  5.069E-03  5.44E+00  5.01E-02  3.71E+00  1.56E+00  2.832E-01  9.122E-01
   195.6965363900  40 5.931E-02 4.385E-03  1.63E+00  8.983E-03  8.982E-03  2.675E+01  7.300E-03  1.14E+01  5.23E-02  8.57E-01  1.59E+00  2.894E-01  6.301E-01
   195.2993291800  41 6.369E-02 6.767E-03  1.54E+00  1.332E-02  1.332E-02 -8.609E-01  1.055E-02  1.66E+01  5.58E-02 -3.41E-02  1.50E+00  2.968E-01  4.349E-01
   194.8823099200  42 7.046E-02 9.188E-03  1.36E+00  1.944E-02  1.944E-02  1.929E-02  1.497E-02  1.64E+01  6.11E-02 -6.04E-02  1.32E+00  3.054E-01  3.066E-01
   194.4850888600  43 7.965E-02 1.259E-02  1.37E+00  2.717E-02  2.717E-02  3.410E-02  2.034E-02  1.64E+01  6.80E-02  1.51E+00  1.33E+00  3.143E-01  2.261E-01
   194.0912192300  44 9.224E-02 1.729E-02  1.37E+00  3.723E-02  3.722E-02  4.703E-02  2.704E-02  1.64E+01  7.73E-02  1.38E+00  1.33E+00  3.238E-01  1.704E-01
   193.6942677200  45 1.095E-01 2.377E-02  1.37E+00  5.050E-02  5.050E-02  6.386E-02  3.556E-02  1.65E+01  8.97E-02  1.37E+00  1.33E+00  3.341E-01  1.300E-01
   193.2906147600  46 1.333E-01 3.270E-02  1.38E+00  6.805E-02  6.804E-02  8.574E-02  4.638E-02  1.65E+01  1.06E-01  1.37E+00  1.33E+00  3.451E-01  9.997E-02
   192.8772345000  47 1.660E-01 4.499E-02  1.38E+00  9.111E-02  9.110E-02  1.139E-01  6.006E-02  1.65E+01  1.28E-01  1.36E+00  1.33E+00  3.568E-01  7.747E-02
   192.4512410400  48 2.110E-01 6.188E-02  1.38E+00  1.213E-01  1.213E-01  1.500E-01  7.726E-02  1.66E+01  1.57E-01  1.36E+00  1.33E+00  3.693E-01  6.046E-02
   192.0095000600  49 2.729E-01 8.502E-02  1.37E+00  1.603E-01  1.602E-01  1.953E-01  9.859E-02  1.67E+01  1.96E-01  1.35E+00  1.33E+00  3.823E-01  4.758E-02
   191.5481062200  50 3.579E-01 1.165E-01  1.37E+00  2.098E-01  2.098E-01  2.515E-01  1.246E-01  1.68E+01  2.47E-01  1.35E+00  1.32E+00  3.961E-01  3.783E-02
   191.0622904500  51 4.744E-01 1.592E-01  1.37E+00  2.715E-01  2.715E-01  3.194E-01  1.555E-01  1.69E+01  3.15E-01  1.34E+00  1.32E+00  4.108E-01  3.046E-02
   190.5459181300  52 6.336E-01 2.163E-01  1.36E+00  3.462E-01  3.462E-01  3.992E-01  1.910E-01  1.71E+01  4.05E-01  1.33E+00  1.31E+00  4.267E-01  2.494E-02
   189.9901472500  53 8.498E-01 2.922E-01  1.35E+00  4.325E-01  4.324E-01  4.883E-01  2.298E-01  1.73E+01  5.21E-01  1.32E+00  1.30E+00  4.438E-01  2.088E-02
   189.3810858000  54 1.142E+00 3.936E-01  1.35E+00  5.259E-01  5.258E-01  5.806E-01  2.696E-01  1.77E+01  6.74E-01  1.32E+00  1.30E+00  4.622E-01  1.800E-02
   188.6945059300  55 1.536E+00 5.350E-01  1.36E+00  6.177E-01  6.176E-01  6.676E-01  3.080E-01  1.81E+01  8.72E-01  1.33E+00  1.33E+00  4.832E-01  1.613E-02
   187.8853408800  56 2.071E+00 7.408E-01  1.38E+00  7.002E-01  7.001E-01  7.424E-01  3.442E-01  1.87E+01  1.14E+00  1.36E+00  1.38E+00  5.103E-01  1.516E-02
   186.8808590800  57 2.811E+00 1.027E+00  1.39E+00  7.701E-01  7.699E-01  7.969E-01  3.830E-01  1.94E+01  1.50E+00  1.36E+00  1.43E+00  5.363E-01  1.465E-02
   185.6003497600  58 3.839E+00 1.403E+00  1.37E+00  8.341E-01  8.339E-01  8.413E-01  4.351E-01  2.05E+01  2.02E+00  1.35E+00  1.44E+00  5.359E-01  1.370E-02
   184.0216869100  59 5.241E+00 1.908E+00  1.36E+00  9.515E-01  9.512E-01  9.506E-01  5.247E-01  2.19E+01  2.78E+00  1.36E+00  1.43E+00  5.182E-01  1.181E-02
   182.2100711700  60 7.149E+00 2.619E+00  1.37E+00  1.171E+00  1.171E+00  1.168E+00  6.734E-01  2.38E+01  3.86E+00  1.37E+00  1.42E+00  5.012E-01  9.464E-03
   180.2539567500  61 9.769E+00 3.635E+00  1.39E+00  1.533E+00  1.532E+00  1.529E+00  9.097E-01  2.65E+01  5.39E+00  1.39E+00  1.43E+00  4.870E-01  7.180E-03
   178.2377387800  62 1.340E+01 5.062E+00  1.39E+00  2.116E+00  2.115E+00  2.112E+00  1.287E+00  3.01E+01  7.57E+00  1.39E+00  1.42E+00  4.759E-01  5.198E-03
   176.2382155600  63 1.847E+01 7.024E+00  1.39E+00  3.008E+00  3.007E+00  3.004E+00  1.864E+00  3.52E+01  1.07E+01  1.39E+00  1.41E+00  4.674E-01  3.673E-03
   174.2892530300  64 2.549E+01 9.741E+00  1.39E+00  4.278E+00  4.276E+00  4.274E+00  2.694E+00  4.23E+01  1.51E+01  1.39E+00  1.41E+00  4.599E-01  2.598E-03
   172.3826648300  65 3.523E+01 1.377E+01  1.41E+00  6.045E+00  6.043E+00  6.041E+00  3.858E+00  5.22E+01  2.13E+01  1.42E+00  1.43E+00  4.540E-01  1.856E-03
   170.4788190700  66 4.901E+01 1.598E+01  1.16E+00  8.582E+00  8.579E+00  8.580E+00  5.512E+00  6.61E+01  3.01E+01  1.16E+00  1.16E+00  4.512E-01  1.328E-03
   168.8829916000  67 6.498E+01 1.036E+01  6.48E-01  1.160E+01  1.160E+01  1.160E+01  7.441E+00  8.22E+01  4.03E+01  6.44E-01  6.46E-01  4.520E-01  1.003E-03
   168.0588613100  68 7.534E+01 5.813E+00  5.61E-01  1.359E+01  1.359E+01  1.358E+01  8.684E+00  9.26E+01  4.70E+01  5.60E-01  5.59E-01  4.537E-01  8.675E-04
   167.6478819900  69 8.116E+01 2.040E+00  3.51E-01  1.471E+01  1.471E+01  1.472E+01  9.374E+00  9.84E+01  5.07E+01  3.51E-01  3.50E-01  4.548E-01  8.076E-04
   167.5110505600  70 8.320E+01 0.000E+00  0.00E+00  1.510E+01  1.510E+01  1.510E+01  9.615E+00  1.00E+02  5.20E+01  0.00E+00  0.00E+00  4.552E-01  7.886E-04
