 Output format date:         27-JAN-1992         
 Completion of Model:        28-Aug-2020 05:24:11
 ND:                            70
 HYD/He abundance:            1.00000E+00
    1.0641135E+06   1.0837252E+06   1.1240602E+06   1.2092053E+06   1.3992484E+06   1.8731333E+06   3.2963318E+06   5.8126216E+06
    1.0240293E+07   1.8022374E+07   3.1652795E+07   5.5460870E+07   9.7266447E+07   1.7063691E+08   2.9913119E+08   5.2220812E+08
    9.1141593E+08   1.6007274E+09   2.8175545E+09   4.8971140E+09   8.5942785E+09   1.4778188E+10   2.3946639E+10   3.3468179E+10
    3.8047906E+10   3.8895457E+10   4.0565168E+10   4.5141971E+10   5.4363207E+10   6.6764666E+10   8.5032174E+10   1.0140854E+11
    1.3338246E+11   1.7730262E+11   2.3524284E+11   3.1801318E+11   4.3306631E+11   5.9276085E+11   8.1495951E+11   1.1225792E+12
    1.5540600E+12   2.1430931E+12   2.9572137E+12   4.0923726E+12   5.6565242E+12   7.6987343E+12   1.0338897E+13   1.3729255E+13
    1.7770540E+13   2.2033322E+13   2.5953959E+13   2.9661448E+13   3.3992570E+13   3.9597123E+13   4.6979157E+13   5.6280439E+13
    6.7093169E+13   7.8491492E+13   8.9099378E+13   9.7243278E+13   1.0170161E+14   1.0415898E+14   1.1079238E+14   1.2725061E+14
    1.5707962E+14   2.0497794E+14   2.7847473E+14   3.1876928E+14   3.4112273E+14   3.4891143E+14
 Number of HI levels:           30
 HI Oscillator date:         12-OCT-1995
    1.8779840E+00   1.8866489E-08   2.7806352E-08   7.1391629E-08   4.0808034E-08   1.7296019E-07   6.3606941E-08   1.1990379E-07
    1.2160116E-07   7.7871104E-08   1.0153946E-07   6.5387084E-08   5.8993190E-08   6.9244426E-08   7.6062093E-08   1.4814351E-07
    1.8789989E-07   2.2013351E-07   2.4219944E-07   2.5816788E-07   2.6992286E-07   2.8280226E-07   2.9863703E-07   3.1846503E-07
    3.4114725E-07   3.6655879E-07   3.9373380E-07   4.2248651E-07   4.5250091E-07   4.8360835E-07   1.9126832E+00   1.9602950E-08
    2.8844826E-08   7.4048229E-08   4.2329545E-08   1.7939165E-07   6.5973617E-08   1.2435541E-07   1.2611536E-07   8.0771056E-08
    1.0530863E-07   6.7831200E-08   6.1213716E-08   7.1844822E-08   7.9048788E-08   1.5356933E-07   1.9476305E-07   2.2812276E-07
    2.5099332E-07   2.6759161E-07   2.7989257E-07   2.9336787E-07   3.0989344E-07   3.3052615E-07   3.5410121E-07   3.8048743E-07
    4.0869763E-07   4.3854041E-07   4.6969215E-07   5.0197986E-07   1.9847444E+00   2.1169230E-08   3.1051263E-08   7.9692312E-08
    4.5562432E-08   1.9305521E-07   7.1002480E-08   1.3381224E-07   1.3570530E-07   8.6933720E-08   1.1331618E-07   7.3030453E-08
    6.5937895E-08   7.7377176E-08   8.5421625E-08   1.6508828E-07   2.0932865E-07   2.4507318E-07   2.6965358E-07   2.8759731E-07
    3.0107242E-07   3.1582859E-07   3.3383483E-07   3.5618696E-07   3.8166663E-07   4.1012941E-07   4.4054397E-07   4.7270717E-07
    5.0627960E-07   5.4107926E-07   2.1385352E+00   2.4696133E-08   3.6004486E-08   9.2359208E-08   5.2820078E-08   2.2371652E-07
    8.2289990E-08   1.5502997E-07   1.5722189E-07   1.0076951E-07   1.3128518E-07   8.4714949E-08   7.6568294E-08   8.9826290E-08
    9.9841496E-08   1.9089575E-07   2.4193471E-07   2.8299427E-07   3.1141520E-07   3.3241425E-07   3.4858820E-07   3.6628333E-07
    3.8766749E-07   4.1391846E-07   4.4370369E-07   4.7684973E-07   5.1223119E-07   5.4961962E-07   5.8864172E-07   6.2909618E-07
    2.4856937E+00   3.3651795E-08   4.8466568E-08   1.2419417E-07   7.1073118E-08   3.0075295E-07   1.1066211E-07   2.0831718E-07
    2.1125971E-07   1.3556487E-07   1.7642837E-07   1.1415574E-07   1.0343578E-07   1.2129094E-07   1.3667556E-07   2.5551236E-07
    3.2342063E-07   3.7765800E-07   4.1575820E-07   4.4462119E-07   4.6789035E-07   4.9328239E-07   5.2341867E-07   5.5965959E-07
    6.0041354E-07   6.4543875E-07   6.9339657E-07   7.4400003E-07   7.9679831E-07   8.5154569E-07   3.3604280E+00   6.2757505E-08
    8.7929603E-08   2.2465388E-07   1.2877682E-07   5.4370456E-07   2.0022415E-07   3.7618969E-07   3.8149269E-07   2.4554446E-07
    3.1872986E-07   2.0763136E-07   1.8926400E-07   2.2187454E-07   2.5691141E-07   4.5783348E-07   5.7739575E-07   6.7214816E-07
    7.4107323E-07   7.9598133E-07   8.4354812E-07   8.9508786E-07   9.5440300E-07   1.0233110E-06   1.0995620E-06   1.1827317E-06
    1.2709383E-06   1.3637419E-06   1.4604909E-06   1.5608235E-06   6.0325242E+00   2.1291601E-07   2.7945889E-07   7.0776259E-07
    4.0725925E-07   1.7115028E-06   6.3107324E-07   1.1805201E-06   1.1968901E-06   7.7655005E-07   9.9907729E-07   6.6250386E-07
    6.1385682E-07   7.2181381E-07   8.7434733E-07   1.4146052E-06   1.7642845E-06   2.0445889E-06   2.2650184E-06   2.4561456E-06
    2.6360858E-06   2.8279819E-06   3.0396366E-06   3.2743603E-06   3.5279247E-06   3.7993326E-06   4.0850572E-06   4.3841900E-06
    4.6954560E-06   5.0181263E-06   1.0790722E+01   7.2647156E-07   8.8478605E-07   2.2219988E-06   1.2861252E-06   5.3693131E-06
    1.9834526E-06   3.6899676E-06   3.7398007E-06   2.4543849E-06   3.1132641E-06   2.1252914E-06   2.0138140E-06   2.3826818E-06
    2.9595273E-06   4.3691086E-06   5.3676057E-06   6.1996030E-06   6.9052556E-06   7.5552202E-06   8.1922622E-06   8.8626666E-06
    9.5827439E-06   1.0359193E-05   1.1184747E-05   1.2057582E-05   1.2971375E-05   1.3924443E-05   1.4914440E-05   1.5940011E-05
    1.9183043E+01   2.4940170E-06   2.7798520E-06   6.9179410E-06   4.0304384E-06   1.6698687E-05   6.1869956E-06   1.1420717E-05
    1.1565464E-05   7.7179272E-06   9.5867489E-06   6.8351687E-06   6.6687203E-06   7.9235972E-06   9.8658905E-06   1.3475212E-05
    1.6274136E-05   1.8725783E-05   2.0937972E-05   2.3059755E-05   2.5183490E-05   2.7400545E-05   2.9745620E-05   3.2233409E-05
    3.4852596E-05   3.7600636E-05   4.0466870E-05   4.3448596E-05   4.6541816E-05   4.9744240E-05   3.3964545E+01   8.6487742E-06
    8.6989057E-06   2.1373567E-05   1.2558070E-05   5.1580348E-05   1.9184453E-05   3.5011073E-05   3.5395819E-05   2.4215583E-05
    2.9216193E-05   2.2126579E-05   2.2318164E-05   2.6453507E-05   3.2486452E-05   4.1724268E-05   4.9518586E-05   5.6693205E-05
    6.3485370E-05   7.0186955E-05   7.6984693E-05   8.4056550E-05   9.1475835E-05   9.9275592E-05   1.0744049E-04   1.1596861E-04
    1.2484311E-04   1.3406035E-04   1.4361404E-04   1.5350068E-04   5.9913905E+01   3.0451075E-05   2.7198609E-05   6.5491348E-05
    3.8940624E-05   1.5812384E-04   5.9069204E-05   1.0608324E-04   1.0694164E-04   7.5799086E-05   8.8223428E-05   7.1949015E-05
    7.4949270E-05   8.8060678E-05   1.0591580E-04   1.2990637E-04   1.5169168E-04   1.7264150E-04   1.9321228E-04   2.1393898E-04
    2.3517430E-04   2.5725720E-04   2.8033832E-04   3.0449105E-04   3.2969878E-04   3.5596435E-04   3.8326278E-04   4.1159066E-04
    4.4093889E-04   4.7130279E-04   1.0531927E+02   1.1004148E-04   8.5322023E-05   1.9918266E-04   1.2046346E-04   4.8071166E-04
    1.8061312E-04   3.1707532E-04   3.1817511E-04   2.3656551E-04   2.6527625E-04   2.3406742E-04   2.5033285E-04   2.9080678E-04
    3.4265337E-04   4.0666096E-04   4.6836140E-04   5.2983874E-04   5.9186987E-04   6.5536642E-04   7.2094396E-04   7.8922954E-04
    8.6052039E-04   9.3497283E-04   1.0125769E-03   1.0933496E-03   1.1772562E-03   1.2642964E-03   1.3544579E-03   1.4477349E-03
    1.8524520E+02   4.0857763E-04   2.6989879E-04   6.0146816E-04   3.7375711E-04   1.4541502E-03   5.5148816E-04   9.3618521E-04
    9.3411012E-04   7.3863883E-04   8.0325376E-04   7.6196571E-04   8.3046139E-04   9.5464217E-04   1.1062064E-03   1.2837038E-03
    1.4626326E-03   1.6457228E-03   1.8341096E-03   2.0292120E-03   2.2320050E-03   2.4436014E-03   2.6645580E-03   2.8951906E-03
    3.1355110E-03   3.3855679E-03   3.6453122E-03   3.9147512E-03   4.1938664E-03   4.4826496E-03   3.2587699E+02   1.5413367E-03
    8.5524770E-04   1.7832051E-03   1.1587498E-03   4.3555082E-03   1.6771109E-03   2.7116445E-03   2.6913650E-03   2.2890393E-03
    2.4467670E-03   2.4593528E-03   2.7138956E-03   3.0950119E-03   3.5440851E-03   4.0537143E-03   4.5832180E-03   5.1350007E-03
    5.7102877E-03   6.3110127E-03   6.9384645E-03   7.5944855E-03   8.2800412E-03   8.9957217E-03   9.7415761E-03   1.0517704E-02
    1.1324024E-02   1.2160547E-02   1.3027231E-02   1.3924048E-02   5.7266530E+02   5.8352631E-03   2.7013515E-03   5.1399888E-03
    3.5717336E-03   1.2794994E-02   5.0590845E-03   7.6360370E-03   7.5672002E-03   6.9597816E-03   7.4301687E-03   7.7938927E-03
    8.6744338E-03   9.8456756E-03   1.1191727E-02   1.2691133E-02   1.4277450E-02   1.5949146E-02   1.7706432E-02   1.9551300E-02
    2.1484774E-02   2.3509560E-02   2.5627125E-02   2.7838451E-02   3.0143599E-02   3.2542706E-02   3.5035584E-02   3.7622188E-02
    4.0302365E-02   4.3075978E-02   1.0008055E+03   2.2176357E-02   8.4916818E-03   1.4256911E-02   1.0870934E-02   3.6488403E-02
    1.5044661E-02   2.0795982E-02   2.0726635E-02   2.0523612E-02   2.2167794E-02   2.3991443E-02   2.6896463E-02   3.0479740E-02
    3.4521753E-02   3.8970669E-02   4.3720458E-02   4.8755626E-02   5.4072405E-02   5.9671364E-02   6.5551236E-02   7.1715241E-02
    7.8165087E-02   8.4902106E-02   9.1926167E-02   9.9237266E-02   1.0683482E-01   1.1471842E-01   1.2288745E-01   1.3134120E-01
    1.7474743E+03   8.6243415E-02   2.6861441E-02   3.8049494E-02   3.2809001E-02   1.0068449E-01   4.4481397E-02   5.5642108E-02
    5.6289442E-02   5.9324375E-02   6.5282952E-02   7.2369290E-02   8.1715395E-02   9.2681111E-02   1.0486790E-01   1.1816357E-01
    1.3240592E-01   1.4754076E-01   1.6355396E-01   1.8044158E-01   1.9819468E-01   2.1681541E-01   2.3630443E-01   2.5666270E-01
    2.7788902E-01   2.9998236E-01   3.2294056E-01   3.4676154E-01   3.7144245E-01   3.9697999E-01   3.0847011E+03   3.3839828E-01
    8.3585058E-02   9.5882018E-02   9.8082672E-02   2.6495324E-01   1.3170881E-01   1.5044222E-01   1.5564373E-01   1.7170856E-01
    1.9265955E-01   2.1755148E-01   2.4731059E-01   2.8109011E-01   3.1819779E-01   3.5841157E-01   4.0149998E-01   4.4731203E-01
    4.9581002E-01   5.4698033E-01   6.0079440E-01   6.5724793E-01   7.1633597E-01   7.7805562E-01   8.4240068E-01   9.0936485E-01
    9.7893888E-01   1.0511123E+00   1.1258715E+00   1.2031999E+00   5.4847066E+03   1.2715698E+00   2.4067384E-01   2.2605026E-01
    2.8375388E-01   6.4582284E-01   3.8275646E-01   4.1561820E-01   4.4138539E-01   4.9943265E-01   5.6874111E-01   6.5013902E-01
    7.4284196E-01   8.4602474E-01   9.5850840E-01   1.0798670E+00   1.2097953E+00   1.3479207E+00   1.4941393E+00   1.6484208E+00
    1.8106898E+00   1.9809170E+00   2.1590748E+00   2.3451401E+00   2.5390828E+00   2.7408689E+00   2.9504539E+00   3.1677838E+00
    3.3927892E+00   3.6253838E+00   9.5003637E+03   4.4413200E+00   6.5661479E-01   5.2264367E-01   7.7389724E-01   1.4401608E+00
    1.0535088E+00   1.1349539E+00   1.2388017E+00   1.4191773E+00   1.6306992E+00   1.8767643E+00   2.1511732E+00   2.4535617E+00
    2.7818177E+00   3.1350589E+00   3.5128905E+00   3.9145031E+00   4.3395728E+00   4.7880318E+00   5.2596918E+00   5.7544370E+00
    6.2721492E+00   6.8127129E+00   7.3759864E+00   7.9617992E+00   8.5699333E+00   9.2001147E+00   9.8519931E+00   1.0525124E+01
    1.6618954E+04   1.4530087E+01   1.7349468E+00   1.3102544E+00   2.0618131E+00   3.1471558E+00   2.8631897E+00   3.1432185E+00
    3.5251863E+00   4.0734232E+00   4.7082230E+00   5.4412570E+00   6.2513895E+00   7.1392232E+00   8.1005355E+00   9.1332779E+00
    1.0236831E+01   1.1409580E+01   1.2650518E+01   1.3959419E+01   1.5335781E+01   1.6779169E+01   1.8289084E+01   1.9864973E+01
    2.1506148E+01   2.3211740E+01   2.4980630E+01   2.6811386E+01   2.8702159E+01   3.0650572E+01   2.7979537E+04   4.1290194E+01
    4.7497020E+00   3.5462525E+00   5.3454549E+00   7.2007415E+00   7.4993588E+00   8.3299918E+00   9.5368808E+00   1.1095208E+01
    1.2883510E+01   1.4932042E+01   1.7188112E+01   1.9652545E+01   2.2316456E+01   2.5174981E+01   2.8226796E+01   3.1468758E+01
    3.4898247E+01   3.8514272E+01   4.2315326E+01   4.6299783E+01   5.0465585E+01   5.4810233E+01   5.9330517E+01   6.4022270E+01
    6.8880050E+01   7.3896745E+01   7.9063059E+01   8.4366838E+01   4.1724495E+04   9.5618417E+01   1.3515210E+01   9.4371519E+00
    1.2812854E+01   1.6543520E+01   1.7831824E+01   1.9672194E+01   2.2790988E+01   2.6598498E+01   3.0992822E+01   3.5983814E+01
    4.1477822E+01   4.7469758E+01   5.3940866E+01   6.0880106E+01   6.8283951E+01   7.6146125E+01   8.4460575E+01   9.3223768E+01
    1.0243089E+02   1.1207626E+02   1.2215235E+02   1.3264949E+02   1.4355492E+02   1.5485179E+02   1.6651771E+02   1.7852293E+02
    1.9082791E+02   2.0338008E+02   4.8178364E+04   1.5469573E+02   2.9865835E+01   1.9632867E+01   2.3213462E+01   2.9155814E+01
    3.1523515E+01   3.4720692E+01   4.0484321E+01   4.7357561E+01   5.5333738E+01   6.4334491E+01   7.4239943E+01   8.5032480E+01
    9.6681433E+01   1.0916755E+02   1.2248389E+02   1.3661996E+02   1.5156475E+02   1.6731019E+02   1.8384505E+02   2.0115569E+02
    2.1922361E+02   2.3802436E+02   2.5752524E+02   2.7768238E+02   2.9843680E+02   3.1970911E+02   3.4139237E+02   3.6334253E+02
    4.2236562E+04   1.6397440E+02   4.0563193E+01   2.6208466E+01   2.7698874E+01   3.3765551E+01   3.6869541E+01   4.1086671E+01
    4.8174186E+01   5.6556369E+01   6.6252705E+01   7.7142475E+01   8.9112210E+01   1.0213992E+02   1.1619336E+02   1.3125053E+02
    1.4730382E+02   1.6434141E+02   1.8235030E+02   2.0131992E+02   2.2123530E+02   2.4207809E+02   2.6382313E+02   2.8643679E+02
    3.0987379E+02   3.3407302E+02   3.5895187E+02   3.8439855E+02   4.1026164E+02   4.3633619E+02   3.5336857E+04   1.4432785E+02
    4.1628535E+01   2.7140432E+01   2.6929545E+01   3.1802323E+01   3.5388274E+01   4.0241188E+01   4.7505590E+01   5.6034032E+01
    6.5823284E+01   7.6764239E+01   8.8765435E+01   1.0180956E+02   1.1587049E+02   1.3092852E+02   1.4697779E+02   1.6400776E+02
    1.8200635E+02   2.0096308E+02   2.2086290E+02   2.4168737E+02   2.6341096E+02   2.8599940E+02   3.0940639E+02   3.3356934E+02
    3.5840352E+02   3.8379414E+02   4.0958554E+02   4.3556679E+02   3.4076049E+04   1.3395463E+02   4.2945232E+01   2.8614761E+01
    2.7710330E+01   3.1771406E+01   3.6082732E+01   4.1932372E+01   4.9854435E+01   5.9090273E+01   6.9601607E+01   8.1294335E+01
    9.4092258E+01   1.0798216E+02   1.2294273E+02   1.3895628E+02   1.5601808E+02   1.7411825E+02   1.9324492E+02   2.1338677E+02
    2.3452759E+02   2.5664722E+02   2.7971754E+02   3.0370061E+02   3.2854500E+02   3.5418094E+02   3.8051384E+02   4.0741525E+02
    4.3471067E+02   4.6216326E+02   3.9109663E+04   1.4038676E+02   4.9459057E+01   3.4008352E+01   3.2843727E+01   3.7022361E+01
    4.2808713E+01   5.0595563E+01   6.0502822E+01   7.1979010E+01   8.4956169E+01   9.9339693E+01   1.1505902E+02   1.3210023E+02
    1.5044297E+02   1.7006913E+02   1.9097331E+02   2.1314423E+02   2.3656765E+02   2.6122859E+02   2.8710560E+02   3.1417134E+02
    3.4238755E+02   3.7170220E+02   4.0204441E+02   4.3331757E+02   4.6539002E+02   4.9808219E+02   5.3114911E+02   5.6425712E+02
    5.3874498E+04   1.6590420E+02   6.4527719E+01   4.6405322E+01   4.5279534E+01   5.1074409E+01   6.0008369E+01   7.1812393E+01
    8.6286141E+01   1.0294754E+02   1.2169484E+02   1.4241767E+02   1.6504265E+02   1.8954905E+02   2.1591337E+02   2.4411366E+02
    2.7414077E+02   3.0597820E+02   3.3960415E+02   3.7499335E+02   4.1210968E+02   4.5090556E+02   4.9131435E+02   5.3324459E+02
    5.7657070E+02   6.2112014E+02   6.6665585E+02   7.1285208E+02   7.5926141E+02   8.0527131E+02   8.3412864E+04   2.0425815E+02
    8.4906929E+01   6.3573231E+01   6.3479705E+01   7.2842343E+01   8.6969191E+01   1.0513235E+02   1.2688826E+02   1.5178833E+02
    1.7968774E+02   2.1045807E+02   2.4402024E+02   2.8034639E+02   3.1940823E+02   3.6117844E+02   4.0564039E+02   4.5276756E+02
    5.0252390E+02   5.5486413E+02   6.0972373E+02   6.6701505E+02   7.2661525E+02   7.8835412E+02   8.5199583E+02   9.1721350E+02
    9.8355403E+02   1.0503897E+03   1.1168527E+03   1.1817511E+03   1.4839663E+05   3.1813879E+02   1.3139284E+02   9.8814670E+01
    9.9983756E+01   1.1566060E+02   1.3994031E+02   1.7064148E+02   2.0674711E+02   2.4785050E+02   2.9373277E+02   3.4423252E+02
    3.9925466E+02   4.5876633E+02   5.2272950E+02   5.9110477E+02   6.6385966E+02   7.4094391E+02   8.2228744E+02   9.0779623E+02
    9.9733646E+02   1.0907222E+03   1.1876912E+03   1.2878763E+03   1.3907635E+03   1.4956326E+03   1.6014755E+03   1.7068840E+03
    1.8099021E+03   1.9078436E+03   2.1786509E+05   4.4813631E+02   1.8487510E+02   1.3917154E+02   1.4154685E+02   1.6452547E+02
    1.9995720E+02   2.4445221E+02   2.9653713E+02   3.5570964E+02   4.2167688E+02   4.9423486E+02   5.7326468E+02   6.5872099E+02
    7.5055094E+02   8.4869733E+02   9.5310529E+02   1.0636917E+03   1.1803392E+03   1.3028865E+03   1.4311030E+03   1.5646649E+03
    1.7031134E+03   1.8458006E+03   1.9918127E+03   2.1398599E+03   2.2881243E+03   2.4340561E+03   2.5741108E+03   2.7034432E+03
    3.8478532E+05   7.6649188E+02   3.1721031E+02   2.3876594E+02   2.4373403E+02   2.8489000E+02   3.4759036E+02   4.2580619E+02
    5.1706283E+02   6.2054137E+02   7.3577339E+02   8.6244765E+02   1.0003835E+03   1.1494966E+03   1.3096907E+03   1.4808550E+03
    1.6628647E+03   1.8555347E+03   2.0585994E+03   2.2716848E+03   2.4942522E+03   2.7255340E+03   2.9644315E+03   3.2093751E+03
    3.4581223E+03   3.7074741E+03   3.9528865E+03   4.1879686E+03   4.4038903E+03   4.5888040E+03   7.0095195E+05   1.3227461E+03
    5.5853353E+02   4.2184511E+02   4.3294581E+02   5.0925647E+02   6.2321908E+02   7.6442560E+02   9.2875470E+02   1.1148126E+03
    1.3218337E+03   1.5493214E+03   1.7969865E+03   2.0646568E+03   2.3521401E+03   2.6592021E+03   2.9855464E+03   3.3307372E+03
    3.6941416E+03   4.0748502E+03   4.4715415E+03   4.8823054E+03   5.3043749E+03   5.7337452E+03   6.1646265E+03   6.5886865E+03
    6.9940562E+03   7.3641497E+03   7.6765210E+03   7.9022981E+03   1.2931255E+06   2.2140945E+03   9.7386168E+02   7.4730476E+02
    7.7432156E+02   9.1580255E+02   1.1227660E+03   1.3778181E+03   1.6741204E+03   2.0092722E+03   2.3819899E+03   2.7914486E+03
    3.2371638E+03   3.7187723E+03   4.2358695E+03   4.7879378E+03   5.3742705E+03   5.9938296E+03   6.6450889E+03   7.3258216E+03
    8.0327541E+03   8.7610889E+03   9.5037862E+03   1.0250530E+04   1.0986267E+04   1.1689262E+04   1.2328748E+04   1.2862654E+04
    1.3236532E+04   1.3385851E+04   2.4860714E+06   3.8058163E+03   1.7378044E+03   1.3631221E+03   1.4332384E+03   1.7061730E+03
    2.0959855E+03   2.5734697E+03   3.1271433E+03   3.7528208E+03   4.4482690E+03   5.2120559E+03   6.0432931E+03   6.9411960E+03
    7.9048466E+03   8.9330064E+03   1.0023900E+04   1.1174894E+04   1.2382064E+04   1.3639593E+04   1.4938811E+04   1.6266820E+04
    1.7604430E+04   1.8923221E+04   2.0181543E+04   2.1319657E+04   2.2255009E+04   2.2880296E+04   2.3069218E+04   2.2696230E+04
    4.8518951E+06   6.6391311E+03   3.1138516E+03   2.5032519E+03   2.6848168E+03   3.2201320E+03   3.9649494E+03   4.8711478E+03
    5.9197417E+03   7.1035328E+03   8.4186309E+03   9.8624987E+03   1.1433402E+04   1.3129607E+04   1.4948931E+04   1.6888288E+04
    1.8943106E+04   2.1106503E+04   2.3368076E+04   2.5712141E+04   2.8114973E+04   3.0540729E+04   3.2935465E+04   3.5218869E+04
    3.7274032E+04   3.8937498E+04   3.9995621E+04   4.0198623E+04   3.9306533E+04   3.7171988E+04   9.5447551E+06   1.1737034E+04
    5.5856856E+03   4.6210571E+03   5.0642238E+03   6.1203992E+03   7.5535407E+03   9.2856379E+03   1.1285696E+04   1.3541440E+04
    1.6046078E+04   1.8794989E+04   2.1784609E+04   2.5010955E+04   2.8468655E+04   3.2149800E+04   3.6042383E+04   4.0128025E+04
    4.4378509E+04   4.8750545E+04   5.3177614E+04   5.7557901E+04   6.1737212E+04   6.5487396E+04   6.8485042E+04   7.0304120E+04
    7.0448809E+04   6.8458634E+04   6.4092447E+04   5.7523145E+04   1.8912201E+07   2.0947720E+04   1.0041714E+04   8.5801551E+03
    9.5928838E+03   1.1674272E+04   1.4438770E+04   1.7760304E+04   2.1588351E+04   2.5901919E+04   3.0688994E+04   3.5940849E+04
    4.1649781E+04   4.7806288E+04   5.4396771E+04   6.1400548E+04   6.8785554E+04   7.6501829E+04   8.4471348E+04   9.2572276E+04
    1.0061473E+05   1.0830582E+05   1.1520421E+05   1.2067407E+05   1.2386848E+05   1.2380241E+05   1.1958823E+05   1.1083982E+05
    9.8067668E+04   8.2730580E+04   3.7543212E+07   3.7442180E+04   1.8047579E+04   1.5931279E+04   1.8118701E+04   2.2180365E+04
    2.7485228E+04   3.3828282E+04   4.1126669E+04   4.9344156E+04   5.8459064E+04   6.8454265E+04   7.9312437E+04   9.1010324E+04
    1.0351302E+05   1.1676598E+05   1.3068295E+05   1.4512699E+05   1.5988041E+05   1.7459773E+05   1.8873543E+05   2.0145783E+05
    2.1153726E+05   2.1731254E+05   2.1683922E+05   2.0839813E+05   1.9136658E+05   1.6701611E+05   1.3847742E+05   1.0961133E+05
    7.4261653E+07   6.7247313E+04   3.2596969E+04   2.9676082E+04   3.4241116E+04   4.2128707E+04   5.2298334E+04   6.4411484E+04
    7.8329803E+04   9.3989422E+04   1.1134990E+05   1.3037591E+05   1.5102687E+05   1.7324428E+05   1.9693692E+05   2.2195873E+05
    2.4807398E+05   2.7490116E+05   3.0182293E+05   3.2784789E+05   3.5141745E+05   3.7019003E+05   3.8093237E+05   3.7981048E+05
    3.6346128E+05   3.3085482E+05   2.8491625E+05   2.3219765E+05   1.8024961E+05   1.3468050E+05   1.3976189E+08   1.1959867E+05
    5.8241367E+04   5.4460049E+04   6.3580506E+04   7.8565393E+04   9.7700872E+04   1.2042578E+05   1.4650758E+05   1.7583275E+05
    2.0832411E+05   2.4390656E+05   2.8248372E+05   3.2390883E+05   3.6794556E+05   4.1420684E+05   4.6205505E+05   5.1043839E+05
    5.5763075E+05   6.0085250E+05   6.3581625E+05   6.5643941E+05   6.5532680E+05   6.2588063E+05   5.6614646E+05   4.8215724E+05
    3.8700078E+05   2.9510400E+05   2.1640056E+05   1.5455471E+05   2.5416473E+08   2.1457814E+05   1.0461569E+05   9.9928858E+04
    1.1772781E+05   1.4598363E+05   1.8181734E+05   2.2427879E+05   2.7296797E+05   3.2767779E+05   3.8825475E+05   4.5453196E+05
    5.2627524E+05   6.0311153E+05   6.8442334E+05   7.6917631E+05   8.5563100E+05   9.4086961E+05   1.0200721E+06   1.0855836E+06
    1.1261842E+06   1.1277509E+06   1.0772070E+06   9.7031900E+05   8.1876489E+05   6.4815015E+05   4.8595664E+05   3.4993226E+05
    2.4544990E+05   1.6966528E+05   4.4532008E+08   3.8550018E+05   1.8851658E+05   1.8362101E+05   2.1810056E+05   2.7135790E+05
    3.3851059E+05   4.1793137E+05   5.0892101E+05   6.1109262E+05   7.2412777E+05   8.4763997E+05   9.8104507E+05   1.1233762E+06
    1.2729901E+06   1.4270708E+06   1.5807883E+06   1.7259514E+06   1.8491370E+06   1.9299393E+06   1.9415766E+06   1.8579641E+06
    1.6693086E+06   1.3973198E+06   1.0916672E+06   8.0489642E+05   5.6906104E+05   3.9187454E+05   2.6616283E+05   1.7988718E+05
    6.8364599E+08   6.6888761E+05   3.3219283E+05   3.3129043E+05   3.9753909E+05   4.9695587E+05   6.2150430E+05   7.6847168E+05
    9.3665794E+05   1.1253401E+06   1.3338416E+06   1.5612454E+06   1.8060731E+06   2.0657890E+06   2.3359661E+06   2.6088389E+06
    2.8708758E+06   3.0991633E+06   3.2574733E+06   3.2960166E+06   3.1634441E+06   2.8373052E+06   2.3565686E+06   1.8161893E+06
    1.3156711E+06   9.1228736E+05   6.1612509E+05   4.1078814E+05   2.7288515E+05   1.8166739E+05   8.9287871E+08   1.0922833E+06
    5.5882304E+05   5.7209698E+05   6.9450386E+05   8.7314590E+05   1.0954727E+06   1.3571809E+06   1.6562872E+06   1.9914633E+06
    2.3612785E+06   2.7635959E+06   3.1947809E+06   3.6483963E+06   4.1129063E+06   4.5676660E+06   4.9764993E+06   5.2796371E+06
    5.3901433E+06   5.2109163E+06   4.6890438E+06   3.8835024E+06   2.9645083E+06   2.1158633E+06   1.4412811E+06   9.5538699E+05
    6.2543465E+05   4.0833006E+05   2.6746771E+05   1.7638533E+05   1.0611525E+09   1.7059811E+06   9.0865670E+05   9.5477707E+05
    1.1724783E+06   1.4826506E+06   1.8663765E+06   2.3170383E+06   2.8314152E+06   3.4070620E+06   4.0409668E+06   4.7282545E+06
    5.4602716E+06   6.2212350E+06   6.9821908E+06   7.6906662E+06   8.2558154E+06   8.5365197E+06   8.3585893E+06   7.6000856E+06
    6.3248108E+06   4.8143776E+06   3.4019892E+06   2.2832989E+06   1.4878524E+06   9.5694607E+05   6.1406763E+05   3.9567219E+05
    2.5692564E+05   1.6844084E+05   1.1633977E+09   2.5545273E+06   1.4307539E+06   1.5431931E+06   1.9170779E+06   2.4386810E+06
    3.0804666E+06   3.8325487E+06   4.6897570E+06   5.6475792E+06   6.6997354E+06   7.8353865E+06   9.0345810E+06   1.0259941E+07
    1.1441604E+07   1.2452939E+07   1.3083170E+07   1.3042038E+07   1.2071399E+07   1.0182623E+07   7.7919315E+06   5.4842030E+06
    3.6399594E+06   2.3358500E+06   1.4769844E+06   9.3152596E+05   5.9021860E+05   3.7716426E+05   2.4356148E+05   1.5908340E+05
    1.1634101E+09   3.5777540E+06   2.1225001E+06   2.3491633E+06   2.9519466E+06   3.7776850E+06   4.7886797E+06   5.9709530E+06
    7.3165299E+06   8.8173990E+06   1.0461227E+07   1.2225640E+07   1.4068186E+07   1.5907517E+07   1.7589985E+07   1.8841791E+07
    1.9239923E+07   1.8310283E+07   1.5868624E+07   1.2383024E+07   8.7845051E+06   5.8119625E+06   3.6898701E+06   2.2989383E+06
    1.4263315E+06   8.8877095E+05   5.5876749E+05   3.5525272E+05   2.2863113E+05   1.4898355E+05   1.0441639E+09   4.5538358E+06
    2.8723360E+06   3.2597092E+06   4.1423326E+06   5.3326462E+06   6.7835920E+06   8.4770677E+06   1.0401719E+07   1.2544597E+07
    1.4884189E+07   1.7379991E+07   1.9953274E+07   2.2450674E+07   2.4582273E+07   2.5848479E+07   2.5556239E+07   2.3143189E+07
    1.8813019E+07   1.3727908E+07   9.1931733E+06   5.8298084E+06   3.5979041E+06   2.2016234E+06   1.3505923E+06   8.3557840E+05
    5.2291157E+05   3.3144920E+05   2.1287570E+05   1.3852096E+05   8.4366606E+08   5.2151602E+06   3.4995173E+06   4.0676451E+06
    5.2252243E+06   6.7657120E+06   8.6362186E+06   1.0815592E+07   1.3289265E+07   1.6038809E+07   1.9031877E+07   2.2205917E+07
    2.5437149E+07   2.8481958E+07   3.0882728E+07   3.1883897E+07   3.0562067E+07   2.6465176E+07   2.0410158E+07   1.4171149E+07
    9.1284647E+06   5.6366156E+06   3.4199980E+06   2.0707445E+06   1.2619752E+06   7.7751484E+05   4.8526985E+05   3.0704319E+05
    1.9696289E+05   1.2805901E+05   6.4916903E+08   5.6251420E+06   4.0126540E+06   4.7715543E+06   6.1931611E+06   8.0636739E+06
    1.0327160E+07   1.2960294E+07   1.5945457E+07   1.9258317E+07   2.2854349E+07   2.6645631E+07   3.0455715E+07   3.3935136E+07
    3.6434885E+07   3.6935635E+07   3.4364293E+07   2.8575621E+07   2.1089093E+07   1.4092992E+07   8.8280158E+06   5.3522375E+06
    3.2106823E+06   1.9304585E+06   1.1713904E+06   7.1972748E+05   4.4840450E+05   2.8338194E+05   1.8163815E+05   1.1802916E+05
    5.1157906E+08   6.1150611E+06   4.6318521E+06   5.6285847E+06   7.3778293E+06   9.6571645E+06   1.2407030E+07   1.5601333E+07
    1.9218273E+07   2.3225185E+07   2.7560055E+07   3.2098021E+07   3.6585183E+07   4.0516985E+07   4.2974251E+07   4.2610460E+07
    3.8291772E+07   3.0464512E+07   2.1506776E+07   1.3865466E+07   8.4726238E+06   5.0567026E+06   3.0044083E+06   1.7958833E+06
    1.0857823E+06   6.6559266E+05   4.1405535E+05   2.6141153E+05   1.6744084E+05   1.0875152E+05   4.2192414E+08   6.8703590E+06
    5.5217015E+06   6.8516798E+06   9.0668313E+06   1.1928860E+07   1.5372259E+07   1.9366504E+07   2.3883022E+07   2.8875488E+07
    3.4252858E+07   3.9828154E+07   4.5216241E+07   4.9652600E+07   5.1789979E+07   4.9857478E+07   4.2883421E+07   3.2399877E+07
    2.1808514E+07   1.3565242E+07   8.0962446E+06   4.7625938E+06   2.8050597E+06   1.6678464E+06   1.0050540E+06   6.1481216E+05
    3.8193904E+05   2.4091177E+05   1.5421186E+05   1.0011459E+05   3.6294168E+08   7.9947654E+06   6.8127614E+06   8.6277665E+06
    1.1523828E+07   1.5237591E+07   1.9694442E+07   2.4856773E+07   3.0684660E+07   3.7108325E+07   4.3986036E+07   5.1020722E+07
    5.7593367E+07   6.2486166E+07   6.3670741E+07   5.8916737E+07   4.7979481E+07   3.4183523E+07   2.1901481E+07   1.3161463E+07
    7.6871571E+06   4.4636198E+06   2.6086601E+06   1.5437809E+06   9.2756345E+05   5.6634133E+05   3.5139030E+05   2.2145633E+05
    1.4167550E+05   9.1938160E+04   3.1974508E+08   9.4744536E+06   8.5494315E+06   1.1044136E+07   1.4886121E+07   1.9780213E+07
    2.5639791E+07   3.2416748E+07   4.0052883E+07   4.8439361E+07   5.7348250E+07   6.6292199E+07   7.4247566E+07   7.9243052E+07
    7.8277383E+07   6.8922404E+07   5.2715491E+07   3.5350959E+07   2.1625757E+07   1.2609246E+07   7.2316776E+06   4.1542934E+06
    2.4124336E+06   1.4221187E+06   8.5238421E+05   5.1962017E+05   3.2206454E+05   2.0282972E+05   1.2969488E+05   8.4133965E+04
    2.8111099E+08   1.1125198E+07   1.0609763E+07   1.3971155E+07   1.8998339E+07   2.5364837E+07   3.2970841E+07   4.1754330E+07
    5.1630291E+07   6.2430455E+07   7.3792672E+07   8.4928791E+07   9.4180011E+07   9.8466905E+07   9.3677752E+07   7.7989509E+07
    5.5962980E+07   3.5511126E+07   2.0900013E+07   1.1898861E+07   6.7295341E+06   3.8344616E+06   2.2159518E+06   1.3024315E+06
    7.7918860E+05   4.7442201E+05   2.9381126E+05   1.8493338E+05   1.1820553E+05   7.6659621E+04   2.4086597E+08   1.2614983E+07
    1.2684832E+07   1.7014393E+07   2.3334136E+07   3.1296749E+07   4.0790970E+07   5.1738745E+07   6.4020625E+07   7.7389147E+07
    9.1299176E+07   1.0454740E+08   1.1461352E+08   1.1705333E+08   1.0689298E+08   8.4124565E+07   5.6978907E+07   3.4555052E+07
    1.9746611E+07   1.1047771E+07   6.1858222E+06   3.5042073E+06   2.0180922E+06   1.1836142E+06   7.0714736E+05   4.3017723E+05
    2.6625189E+05   1.6751834E+05   1.0704371E+05   6.9406868E+04   1.9768316E+08   1.3557933E+07   1.4339587E+07   1.9576253E+07
    2.7067188E+07   3.6463583E+07   4.7647683E+07   6.0526049E+07   7.4941864E+07   9.0558403E+07   1.0661948E+08   1.2143862E+08
    1.3152152E+08   1.3107993E+08   1.1494090E+08   8.5928663E+07   5.5476726E+07   3.2498368E+07   1.8178683E+07   1.0046257E+07
    5.5858521E+06   3.1515342E+06   1.8105972E+06   1.0603303E+06   6.3288703E+05   3.8476132E+05   2.3804202E+05   1.4972620E+05
    9.5655350E+04   6.2013912E+04   1.5440417E+08   1.3703070E+07   1.5207842E+07   2.1114015E+07   2.9421358E+07   3.9801659E+07
    5.2137398E+07   6.6323099E+07   8.2167532E+07   9.9247976E+07   1.1659946E+08   1.3205444E+08   1.4119302E+08   1.3721259E+08
    1.1562484E+08   8.2507016E+07   5.1179495E+07   2.9179869E+07   1.6062301E+07   8.7964711E+06   4.8659160E+06   2.7371879E+06
    1.5697454E+06   9.1826374E+05   5.4770204E+05   3.3281809E+05   2.0584148E+05   1.2944459E+05   8.2685785E+04   5.3600108E+04
    1.1576091E+08   1.3124548E+07   1.5248164E+07   2.1511377E+07   3.0197408E+07   4.1014461E+07   5.3850553E+07   6.8591509E+07
    8.5015719E+07   1.0262042E+08   1.2024000E+08   1.3524430E+08   1.4239681E+08   1.3438495E+08   1.0841062E+08   7.3796792E+07
    4.4091641E+07   2.4541594E+07   1.3323592E+07   7.2405631E+06   3.9878478E+06   2.2375854E+06   1.2812738E+06   7.4880195E+05
    4.4635259E+05   2.7112223E+05   1.6763815E+05   1.0540056E+05   6.7318403E+04   4.3634453E+04   8.5426296E+07   1.2240492E+07
    1.4856235E+07   2.1280731E+07   3.0084903E+07   4.1016836E+07   5.3971659E+07   6.8827790E+07   8.5334828E+07   1.0291123E+08
    1.2018919E+08   1.3407844E+08   1.3862950E+08   1.2653643E+08   9.7444947E+07   6.3333670E+07   3.6568240E+07   1.9933521E+07
    1.0695870E+07   5.7750561E+06   3.1691100E+06   1.7744073E+06   1.0147415E+06   5.9255572E+05   3.5303147E+05   2.1436324E+05
    1.3251246E+05   8.3302378E+04   5.3198617E+04   3.4479643E+04   6.7448426E+07   1.2061855E+07   1.5256878E+07   2.2172140E+07
    3.1554526E+07   4.3174509E+07   5.6927001E+07   7.2673719E+07   9.0114820E+07   1.0853873E+08   1.2624950E+08   1.3942773E+08
    1.4105515E+08   1.2391734E+08   9.0821718E+07   5.6417127E+07   3.1573943E+07   1.6899771E+07   8.9774764E+06   4.8205965E+06
    2.6371253E+06   1.4738558E+06   8.4192831E+05   4.9129832E+05   2.9257192E+05   1.7759833E+05   1.0976325E+05   6.8991757E+04
    4.4055325E+04   2.8551696E+04   6.1674855E+07   1.3583422E+07   1.7860912E+07   2.6310413E+07   3.7678536E+07   5.1725457E+07
    6.8326787E+07   8.7294606E+07   1.0819999E+08   1.2999962E+08   1.5017155E+08   1.6311240E+08   1.5938353E+08   1.3224042E+08
    9.0628045E+07   5.3250524E+07   2.8758437E+07   1.5087925E+07   7.9288171E+06   4.2323839E+06   2.3075891E+06   1.2871308E+06
    7.3436956E+05   4.2820239E+05   2.5486883E+05   1.5465921E+05   9.5563808E+04   6.0057076E+04   3.8345714E+04   2.4849416E+04
    6.5557405E+07   1.7556437E+07   2.3939544E+07   3.5715329E+07   5.1446749E+07   7.0843394E+07   9.3726998E+07   1.1978525E+08
    1.4826681E+08   1.7728989E+08   2.0225046E+08   2.1331219E+08   1.9662870E+08   1.4960121E+08   9.3803213E+07   5.1643528E+07
    2.6839922E+07   1.3793002E+07   7.1688084E+06   3.8036271E+06   2.0666688E+06   1.1503752E+06   6.5550392E+05   3.8190233E+05
    2.2718713E+05   1.3781074E+05   8.5131597E+04   5.3491498E+04   3.4149414E+04   2.2128101E+04   7.8654867E+07   2.5333829E+07
    3.5748112E+07   5.3974478E+07   7.8175939E+07   1.0795286E+08   1.4300064E+08   1.8270233E+08   2.2549388E+08   2.6733187E+08
    2.9832471E+08   2.9924604E+08   2.5184014E+08   1.7063084E+08   9.6828536E+07   5.0026041E+07   2.5114212E+07   1.2675155E+07
    6.5250515E+06   3.4438096E+06   1.8654491E+06   1.0364493E+06   5.8989980E+05   3.4342101E+05   2.0419228E+05   1.2381965E+05
    7.6470519E+04   4.8041396E+04   3.0666405E+04   1.9869513E+04   1.0301187E+08   3.9577827E+07   5.7702771E+07   8.8122996E+07
    1.2830165E+08   1.7762600E+08   2.3549192E+08   3.0050549E+08   3.6894657E+08   4.3091961E+08   4.6298010E+08   4.2811396E+08
    3.1708562E+08   1.8823741E+08   9.7288520E+07   4.7701762E+07   2.3313760E+07   1.1605886E+07   5.9310377E+06   3.1174973E+06
    1.6846258E+06   9.3459850E+05   5.3142961E+05   3.0919026E+05   1.8376296E+05   1.1139993E+05   6.8786597E+04   4.3208121E+04
    2.7578471E+04   1.7867525E+04   1.1713960E+08   4.8345534E+07   7.1426671E+07   1.0958815E+08   1.5988857E+08   2.2157667E+08
    2.9382192E+08   3.7461373E+08   4.5847304E+08   5.3070289E+08   5.5751130E+08   4.9277763E+08   3.4309054E+08   1.9295372E+08
    9.6455517E+07   4.6482674E+07   2.2523159E+07   1.1163060E+07   5.6912501E+06   2.9874444E+06   1.6130570E+06   8.9444913E+05
    5.0843782E+05   2.9575126E+05   1.7575079E+05   1.0653250E+05   6.5776668E+04   4.1315501E+04   2.6369596E+04   1.7083922E+04
    1.2506805E+08   5.3461582E+07   7.9500252E+07   1.2225227E+08   1.7854834E+08   2.4755373E+08   3.2829134E+08   4.1834234E+08
    5.1104830E+08   5.8849727E+08   6.1031273E+08   5.2621545E+08   3.5494645E+08   1.9456945E+08   9.5818261E+07   4.5827792E+07
    2.2122999E+07   1.0943761E+07   5.5736747E+06   2.9239993E+06   1.5782417E+06   8.7495088E+05   4.9728369E+05   2.8923594E+05
    1.7186819E+05   1.0417454E+05   6.4318856E+04   4.0398980E+04   2.5784249E+04   1.6704525E+04   1.2785635E+08   5.5287981E+07
    8.2392087E+07   1.2679363E+08   1.8524315E+08   2.5687563E+08   3.4065915E+08   4.3402074E+08   5.2985414E+08   6.0902884E+08
    6.2873917E+08   5.3746304E+08   3.5870932E+08   1.9500822E+08   9.5580746E+07   4.5606097E+07   2.1990288E+07   1.0871601E+07
    5.5351271E+06   2.9032378E+06   1.5668608E+06   8.6858105E+05   4.9364120E+05   2.8710884E+05   1.7060083E+05   1.0340493E+05
    6.3843088E+04   4.0099883E+04   2.5593236E+04   1.6580722E+04
    1.0641116E+06   1.0837233E+06   1.1240582E+06   1.2092032E+06   1.3992459E+06   1.8731299E+06   3.2963257E+06   5.8126109E+06
    1.0240274E+07   1.8022340E+07   3.1652736E+07   5.5460764E+07   9.7266262E+07   1.7063658E+08   2.9913061E+08   5.2220712E+08
    9.1141418E+08   1.6007243E+09   2.8175490E+09   4.8971044E+09   8.5942615E+09   1.4778159E+10   2.3946595E+10   3.3468126E+10
    3.8047859E+10   3.8895417E+10   4.0565129E+10   4.5141926E+10   5.4363144E+10   6.6764569E+10   8.5032004E+10   1.0140829E+11
    1.3338202E+11   1.7730182E+11   2.3524138E+11   3.1801039E+11   4.3306089E+11   5.9275028E+11   8.1493876E+11   1.1225384E+12
    1.5539801E+12   2.1429438E+12   2.9569435E+12   4.0919005E+12   5.6557967E+12   7.6977725E+12   1.0337731E+13   1.3727936E+13
    1.7769156E+13   2.2031989E+13   2.5952769E+13   2.9660404E+13   3.3991607E+13   3.9596172E+13   4.6978158E+13   5.6279345E+13
    6.7091956E+13   7.8490165E+13   8.9097975E+13   9.7241862E+13   1.0170025E+14   1.0415770E+14   1.1079112E+14   1.2724919E+14
    1.5707785E+14   2.0497552E+14   2.7847121E+14   3.1876512E+14   3.4111821E+14   3.4890677E+14
