
 24-FEB-2004                           !Format date

 1.5627345878E+02     2.5000E+05       30       70

 2.6427077325E+04   1.2575431E+06   1.3869336E+06   1.0705152E+00   4.4033896E-08   1.4614614E+03   5.0000000E-02     1 
    3.3636487E+01   3.7546110E-01   9.0704818E-01   1.1982845E+00   1.5006507E+00
    1.6237884E+00   1.3765573E+00   6.8653269E-01   1.1057393E+00   6.8721303E-01
    7.0853865E-01   6.2911701E-01   6.9978730E-01   7.0800933E-01   6.7865523E-01
    6.8335559E-01   7.0221881E-01   6.9946041E-01   6.9979664E-01   7.0831716E-01
    7.1328690E-01   7.2159925E-01   7.2833284E-01   7.3475651E-01   7.3927172E-01
    7.4295973E-01   7.4536984E-01   7.4714011E-01   7.4821267E-01   7.4867673E-01

 2.6174625604E+04   1.2820608E+06   1.4139798E+06   1.0733483E+00   4.3955980E-08   1.4612984E+03   5.0000000E-02     2 
    3.4377466E+01   3.7988230E-01   9.1286678E-01   1.2036285E+00   1.5059647E+00
    1.6287194E+00   1.3802376E+00   6.8807586E-01   1.1083597E+00   6.8872529E-01
    7.0989904E-01   6.3033947E-01   7.0098743E-01   7.0916339E-01   6.7984647E-01
    6.8452031E-01   7.0326638E-01   7.0059123E-01   7.0099138E-01   7.0947835E-01
    7.1446297E-01   7.2272413E-01   7.2941432E-01   7.3578257E-01   7.4025934E-01
    7.4391121E-01   7.4629800E-01   7.4804936E-01   7.4911019E-01   7.4956953E-01

 2.5676661853E+04   1.3325729E+06   1.4696994E+06   1.0790279E+00   4.3800822E-08   1.4609670E+03   5.0000000E-02     3 
    3.5892043E+01   3.8883933E-01   9.2456317E-01   1.2143432E+00   1.5166065E+00
    1.6385894E+00   1.3876005E+00   6.9116060E-01   1.1136056E+00   6.9175672E-01
    7.1261937E-01   6.3278878E-01   7.0338666E-01   7.1146984E-01   6.8223286E-01
    6.8685327E-01   7.0536484E-01   7.0285679E-01   7.0338407E-01   7.1180412E-01
    7.1681601E-01   7.2497472E-01   7.3157791E-01   7.3783617E-01   7.4223657E-01
    7.4581700E-01   7.4815768E-01   7.4987176E-01   7.5090949E-01   7.5135953E-01

 2.4710342280E+04   1.4395039E+06   1.5876528E+06   1.0904292E+00   4.3493610E-08   1.4602867E+03   5.0000000E-02     4 
    3.9054401E+01   4.0718950E-01   9.4817317E-01   1.2358631E+00   1.5379304E+00
    1.6583477E+00   1.4023263E+00   6.9732159E-01   1.1241086E+00   6.9784170E-01
    7.1805479E-01   6.3770167E-01   7.0817743E-01   7.1607280E-01   6.8701731E-01
    6.9152953E-01   7.0957313E-01   7.0739991E-01   7.0817725E-01   7.1646434E-01
    7.2152077E-01   7.2947489E-01   7.3590400E-01   7.4194613E-01   7.4619629E-01
    7.4963747E-01   7.5188826E-01   7.5353013E-01   7.5452323E-01   7.5495523E-01

 2.2887442775E+04   1.6795825E+06   1.8524885E+06   1.1132799E+00   4.2895380E-08   1.4588566E+03   5.0000000E-02     5 
    4.5831599E+01   4.4544505E-01   9.9600215E-01   1.2790351E+00   1.5805041E+00
    1.6977219E+00   1.4316168E+00   7.0954614E-01   1.1450530E+00   7.1005314E-01
    7.2884727E-01   6.4754452E-01   7.1767695E-01   7.2519062E-01   6.9659190E-01
    7.0088500E-01   7.1799941E-01   7.1649597E-01   7.1775594E-01   7.2578018E-01
    7.3088932E-01   7.3843672E-01   7.4451886E-01   7.5014425E-01   7.5410424E-01
    7.5728092E-01   7.5936098E-01   7.6086731E-01   7.6177694E-01   7.6217504E-01

 1.9635993877E+04   2.2868583E+06   2.5224286E+06   1.1582244E+00   4.1788597E-08   1.4556718E+03   5.0000000E-02     6 
    6.0311883E+01   5.2630616E-01   1.0919357E+00   1.3640457E+00   1.6634848E+00
    1.7741668E+00   1.4882373E+00   7.3307149E-01   1.1858725E+00   7.3430744E-01
    7.4967780E-01   6.6699353E-01   7.3596168E-01   7.4271420E-01   7.1544248E-01
    7.1930887E-01   7.3462251E-01   7.3443167E-01   7.3657549E-01   7.4408620E-01
    7.4918091E-01   7.5593685E-01   7.6134354E-01   7.6620118E-01   7.6962565E-01
    7.7232783E-01   7.7410178E-01   7.7536992E-01   7.7613384E-01   7.7647224E-01

 1.4596729889E+04   4.1604970E+06   4.5894789E+06   1.2354904E+00   4.0154588E-08   1.4479452E+03   5.0000000E-02     7 
    8.2264560E+01   6.8113617E-01   1.2622409E+00   1.5102764E+00   1.8032086E+00
    1.9017896E+00   1.5815890E+00   7.7146924E-01   1.2554198E+00   7.7844608E-01
    7.8429331E-01   7.0176402E-01   7.6618108E-01   7.7170779E-01   7.4869804E-01
    7.5199756E-01   7.6427073E-01   7.6633150E-01   7.6981696E-01   7.7640134E-01
    7.8118521E-01   7.8657530E-01   7.9082562E-01   7.9446645E-01   7.9704209E-01
    7.9902226E-01   8.0033103E-01   8.0124778E-01   8.0179878E-01   8.0204876E-01

 1.0857028639E+04   7.5756095E+06   8.3573560E+06   1.2944403E+00   3.9178936E-08   1.4373713E+03   5.0000000E-02     8 
    8.4551025E+01   8.0823199E-01   1.3963998E+00   1.6203682E+00   1.9057278E+00
    1.9944506E+00   1.6473452E+00   7.9692373E-01   1.3091356E+00   8.1770066E-01
    8.0974879E-01   7.3175434E-01   7.8830475E-01   7.9333865E-01   7.7649511E-01
    7.7991424E-01   7.9001350E-01   7.9373473E-01   7.9804394E-01   8.0382445E-01
    8.0815048E-01   8.1246713E-01   8.1582247E-01   8.1858604E-01   8.2055011E-01
    8.2202959E-01   8.2301583E-01   8.2369570E-01   8.2410434E-01   8.2429423E-01

 8.0927006857E+03   1.3769597E+07   1.5191369E+07   1.3371562E+00   3.8711531E-08   1.4233126E+03   5.0000000E-02     9 
    7.1202333E+01   9.0118104E-01   1.4966121E+00   1.6993942E+00   1.9753797E+00
    2.0578422E+00   1.6919493E+00   8.1338712E-01   1.3492940E+00   8.5543232E-01
    8.2803690E-01   7.5896337E-01   8.0495389E-01   8.1048285E-01   8.0064679E-01
    8.0495213E-01   8.1375785E-01   8.1852276E-01   8.2320922E-01   8.2830840E-01
    8.3216188E-01   8.3567540E-01   8.3837093E-01   8.4052115E-01   8.4205608E-01
    8.4319382E-01   8.4395867E-01   8.4447932E-01   8.4479258E-01   8.4494131E-01

 6.0455626761E+03   2.4999285E+07   2.7581674E+07   1.3689522E+00   3.8624099E-08   1.4047772E+03   5.0000000E-02    10 
    5.3276160E+01   9.6599601E-01   1.5734199E+00   1.7593788E+00   2.0211270E+00
    2.1005418E+00   1.7234272E+00   8.2693533E-01   1.3790650E+00   8.9671120E-01
    8.4332724E-01   7.8627221E-01   8.2086470E-01   8.2759829E-01   8.2430807E-01
    8.2984642E-01   8.3792148E-01   8.4319345E-01   8.4790371E-01   8.5238978E-01
    8.5577616E-01   8.5866737E-01   8.6085914E-01   8.6256351E-01   8.6378366E-01
    8.6467659E-01   8.6528079E-01   8.6568802E-01   8.6593325E-01   8.6605165E-01

 4.5331960382E+03   4.5229493E+07   4.9903138E+07   1.3956158E+00   3.8809915E-08   1.3809495E+03   5.0000000E-02    11 
    3.7911246E+01   1.0141323E+00   1.6395048E+00   1.8122462E+00   2.0532279E+00
    2.1315410E+00   1.7489637E+00   8.4347463E-01   1.4015002E+00   9.4577131E-01
    8.6149774E-01   8.1680463E-01   8.4113286E-01   8.4888513E-01   8.5043751E-01
    8.5682851E-01   8.6422271E-01   8.6945221E-01   8.7384129E-01   8.7768486E-01
    8.8056806E-01   8.8291944E-01   8.8468340E-01   8.8602888E-01   8.8699298E-01
    8.8769162E-01   8.8816626E-01   8.8848374E-01   8.8867494E-01   8.8876828E-01

 3.4128270899E+03   8.1621844E+07   9.0058247E+07   1.4217528E+00   3.9230356E-08   1.3501236E+03   5.0000000E-02    12 
    2.6818068E+01   1.0559449E+00   1.7064255E+00   1.8688498E+00   2.0804226E+00
    2.1593302E+00   1.7785221E+00   8.7084972E-01   1.4184736E+00   1.0051063E+00
    8.8889111E-01   8.5370434E-01   8.6926353E-01   8.7667584E-01   8.8058801E-01
    8.8680922E-01   8.9311256E-01   8.9771126E-01   9.0142003E-01   9.0451099E-01
    9.0681462E-01   9.0863864E-01   9.0999614E-01   9.1101790E-01   9.1174996E-01
    9.1227681E-01   9.1263551E-01   9.1287416E-01   9.1301778E-01   9.1308830E-01

 2.5799674316E+03   1.4719730E+08   1.6241521E+08   1.4498974E+00   3.9917917E-08   1.3100269E+03   5.0000000E-02    13 
    1.9251854E+01   1.0964607E+00   1.7800953E+00   1.9380220E+00   2.1075026E+00
    2.1880710E+00   1.8206639E+00   9.1589654E-01   1.4284815E+00   1.0723677E+00
    9.2961322E-01   8.9856439E-01   9.0573194E-01   9.1061329E-01   9.1424191E-01
    9.1904679E-01   9.2367258E-01   9.2711060E-01   9.2982866E-01   9.3204775E-01
    9.3369821E-01   9.3498588E-01   9.3594048E-01   9.3665403E-01   9.3716538E-01
    9.3753207E-01   9.3778208E-01   9.3794791E-01   9.3804760E-01   9.3809659E-01

 1.9601837460E+03   2.6549979E+08   2.9295400E+08   1.4804214E+00   4.0971918E-08   1.2582031E+03   5.0000000E-02    14 
    1.4048686E+01   1.1361855E+00   1.8582651E+00   2.0259746E+00   2.1378527E+00
    2.2193573E+00   1.8848760E+00   9.8750957E-01   1.4276519E+00   1.1371014E+00
    9.8080549E-01   9.4850244E-01   9.4702207E-01   9.4739214E-01   9.4869338E-01
    9.5114366E-01   9.5368037E-01   9.5564187E-01   9.5720499E-01   9.5850468E-01
    9.5948086E-01   9.6024551E-01   9.6081437E-01   9.6124037E-01   9.6154644E-01
    9.6176620E-01   9.6191631E-01   9.6201588E-01   9.6207567E-01   9.6210490E-01

 1.4990321122E+03   4.7906098E+08   5.2860561E+08   1.5115268E+00   4.2580310E-08   1.1923282E+03   5.0000000E-02    15 
    1.0273267E+01   1.1717989E+00   1.9291236E+00   2.1246390E+00   2.1740642E+00
    2.2497532E+00   1.9643751E+00   1.0879706E+00   1.4107376E+00   1.1827344E+00
    1.0308637E+00   9.9498614E-01   9.8571499E-01   9.8108820E-01   9.7929708E-01
    9.7920391E-01   9.7969971E-01   9.8021480E-01   9.8068805E-01   9.8115646E-01
    9.8153005E-01   9.8184060E-01   9.8207803E-01   9.8226044E-01   9.8239305E-01
    9.8248962E-01   9.8255596E-01   9.8260032E-01   9.8262696E-01   9.8263980E-01

 1.1566966282E+03   8.6198750E+08   9.5113842E+08   1.5415261E+00   4.4931506E-08   1.1129319E+03   5.0000000E-02    16 
    7.4559910E+00   1.1943623E+00   1.9819490E+00   2.1978776E+00   2.2290421E+00
    2.2636345E+00   2.0044763E+00   1.1991558E+00   1.3757744E+00   1.1971060E+00
    1.0660488E+00   1.0281307E+00   1.0137962E+00   1.0055878E+00   1.0013256E+00
    9.9930275E-01   9.9830158E-01   9.9774461E-01   9.9741948E-01   9.9728483E-01
    9.9722219E-01   9.9720739E-01   9.9720828E-01   9.9721778E-01   9.9722729E-01
    9.9723667E-01   9.9724369E-01   9.9724909E-01   9.9725248E-01   9.9725399E-01

 9.0121828919E+02   1.5469743E+09   1.7069618E+09   1.5721545E+00   4.8238883E-08   1.0215636E+03   5.0000000E-02    17 
    5.4348485E+00   1.2018301E+00   2.0376223E+00   2.2024252E+00   2.3445277E+00
    2.2337785E+00   1.9286038E+00   1.2881443E+00   1.3290919E+00   1.1858218E+00
    1.0825421E+00   1.0452407E+00   1.0289479E+00   1.0192432E+00   1.0137137E+00
    1.0106518E+00   1.0088447E+00   1.0077001E+00   1.0069319E+00   1.0064566E+00
    1.0061450E+00   1.0059436E+00   1.0058084E+00   1.0057181E+00   1.0056564E+00
    1.0056153E+00   1.0055879E+00   1.0055707E+00   1.0055608E+00   1.0055562E+00

 7.0914393231E+02   2.8068266E+09   3.0970380E+09   1.5997180E+00   5.3703662E-08   9.0933548E+02   5.0000000E-02    18 
    3.8730792E+00   1.2185580E+00   2.1155007E+00   2.1116223E+00   2.4815853E+00
    2.1551719E+00   1.7062617E+00   1.3139774E+00   1.2664709E+00   1.1575228E+00
    1.0832377E+00   1.0485774E+00   1.0329520E+00   1.0235675E+00   1.0179572E+00
    1.0146606E+00   1.0126381E+00   1.0113275E+00   1.0104245E+00   1.0098311E+00
    1.0094283E+00   1.0091549E+00   1.0089657E+00   1.0088349E+00   1.0087440E+00
    1.0086817E+00   1.0086399E+00   1.0086133E+00   1.0085981E+00   1.0085916E+00

 5.6735749036E+02   5.0938693E+09   5.6203530E+09   1.6291021E+00   6.2182660E-08   7.8279332E+02   5.0000000E-02    19 
    2.8183681E+00   1.2695624E+00   2.1355801E+00   2.0444091E+00   2.4279765E+00
    2.1337125E+00   1.5663149E+00   1.3132113E+00   1.2018295E+00   1.1295013E+00
    1.0757793E+00   1.0452485E+00   1.0312461E+00   1.0228562E+00   1.0177610E+00
    1.0146443E+00   1.0126886E+00   1.0114166E+00   1.0105352E+00   1.0099423E+00
    1.0095329E+00   1.0092488E+00   1.0090493E+00   1.0089094E+00   1.0088111E+00
    1.0087432E+00   1.0086973E+00   1.0086682E+00   1.0086519E+00   1.0086458E+00

 4.6270801113E+02   9.1493042E+09   1.0094592E+10   1.6686020E+00   7.4121769E-08   6.5524902E+02   5.0000000E-02    20 
    2.1948367E+00   1.3022754E+00   2.0881402E+00   2.0275341E+00   2.1415159E+00
    2.0737179E+00   1.5535013E+00   1.3242395E+00   1.1702953E+00   1.1107603E+00
    1.0675567E+00   1.0415307E+00   1.0285266E+00   1.0209612E+00   1.0163187E+00
    1.0134294E+00   1.0115780E+00   1.0103633E+00   1.0095196E+00   1.0089468E+00
    1.0085482E+00   1.0082681E+00   1.0080692E+00   1.0079279E+00   1.0078277E+00
    1.0077577E+00   1.0077102E+00   1.0076802E+00   1.0076640E+00   1.0076592E+00

 3.8461428824E+02   1.6506609E+10   1.8211273E+10   1.7166324E+00   9.3502857E-08   5.2565351E+02   5.0000023E-02    21 
    1.8178780E+00   1.1909177E+00   1.9479102E+00   1.9871922E+00   1.7875855E+00
    1.8550762E+00   1.4802862E+00   1.3028921E+00   1.1506431E+00   1.0892847E+00
    1.0538801E+00   1.0337335E+00   1.0227759E+00   1.0165787E+00   1.0127475E+00
    1.0103399E+00   1.0087839E+00   1.0077538E+00   1.0070334E+00   1.0065407E+00
    1.0061962E+00   1.0059523E+00   1.0057778E+00   1.0056526E+00   1.0055630E+00
    1.0054999E+00   1.0054569E+00   1.0054298E+00   1.0054158E+00   1.0054132E+00

 3.2657731045E+02   2.9862130E+10   3.2945012E+10   1.7968193E+00   1.2222572E-07   4.0299864E+02   5.0001392E-02    22 
    1.7873918E+00   1.3889648E+00   1.8698805E+00   1.8983709E+00   1.6054413E+00
    1.6574682E+00   1.3760906E+00   1.2230665E+00   1.1147611E+00   1.0678294E+00
    1.0403884E+00   1.0254230E+00   1.0168906E+00   1.0120010E+00   1.0090203E+00
    1.0071289E+00   1.0059003E+00   1.0050836E+00   1.0045086E+00   1.0041121E+00
    1.0038331E+00   1.0036340E+00   1.0034906E+00   1.0033868E+00   1.0033118E+00
    1.0032585E+00   1.0032220E+00   1.0031991E+00   1.0031879E+00   1.0031873E+00

 2.8341453781E+02   5.4093230E+10   5.9675654E+10   1.9020595E+00   1.6719869E-07   2.9510769E+02   5.0050769E-02    23 
    1.9774816E+00   1.9331316E+00   1.8387550E+00   1.7329824E+00   1.4665352E+00
    1.4462179E+00   1.2386533E+00   1.1384288E+00   1.0741194E+00   1.0440095E+00
    1.0266404E+00   1.0166121E+00   1.0108115E+00   1.0074533E+00   1.0054359E+00
    1.0041486E+00   1.0033077E+00   1.0027470E+00   1.0023509E+00   1.0020761E+00
    1.0018814E+00   1.0017415E+00   1.0016400E+00   1.0015659E+00   1.0015120E+00
    1.0014733E+00   1.0014467E+00   1.0014300E+00   1.0014221E+00   1.0014226E+00

 2.5266373392E+02   9.3983779E+10   1.0367533E+11   1.9905257E+00   2.3750218E-07   2.1032415E+02   5.0856978E-02    24 
    2.1053966E+00   2.1815209E+00   1.7129809E+00   1.5206827E+00   1.4087303E+00
    1.2962637E+00   1.1483913E+00   1.0849753E+00   1.0466216E+00   1.0272124E+00
    1.0163972E+00   1.0101535E+00   1.0064832E+00   1.0043680E+00   1.0030916E+00
    1.0022797E+00   1.0017467E+00   1.0013901E+00   1.0011377E+00   1.0009619E+00
    1.0008368E+00   1.0007464E+00   1.0006805E+00   1.0006321E+00   1.0005967E+00
    1.0005711E+00   1.0005533E+00   1.0005422E+00   1.0005370E+00   1.0005378E+00

 2.3129810252E+02   1.4214502E+11   1.5679802E+11   2.0490869E+00   3.1398559E-07   1.4913206E+02   5.6588946E-02    25 
    2.0863192E+00   2.0887277E+00   1.5748092E+00   1.4065620E+00   1.3392884E+00
    1.2090818E+00   1.1083156E+00   1.0588392E+00   1.0329295E+00   1.0188608E+00
    1.0112716E+00   1.0069074E+00   1.0043972E+00   1.0029227E+00   1.0020260E+00
    1.0014606E+00   1.0010882E+00   1.0008386E+00   1.0006615E+00   1.0005380E+00
    1.0004500E+00   1.0003863E+00   1.0003397E+00   1.0003054E+00   1.0002801E+00
    1.0002618E+00   1.0002491E+00   1.0002410E+00   1.0002373E+00   1.0002381E+00

 2.1577782113E+02   1.6704340E+11   1.8429142E+11   2.0749033E+00   3.3806898E-07   1.0549812E+02   7.8215121E-02    26 
    1.8576192E+00   2.0189286E+00   1.5603067E+00   1.3946377E+00   1.2884847E+00
    1.1707477E+00   1.0916498E+00   1.0488181E+00   1.0278401E+00   1.0157524E+00
    1.0093798E+00   1.0057099E+00   1.0036663E+00   1.0024324E+00   1.0016738E+00
    1.0011986E+00   1.0008847E+00   1.0006739E+00   1.0005243E+00   1.0004199E+00
    1.0003455E+00   1.0002916E+00   1.0002521E+00   1.0002230E+00   1.0002016E+00
    1.0001861E+00   1.0001752E+00   1.0001684E+00   1.0001652E+00   1.0001659E+00

 2.0407095484E+02   1.6026912E+11   1.7686604E+11   2.0821614E+00   3.0904261E-07   7.4749499E+01   1.2863462E-01    27 
    1.6165134E+00   2.0215066E+00   1.5700505E+00   1.3769763E+00   1.2427448E+00
    1.1454126E+00   1.0800576E+00   1.0432452E+00   1.0255128E+00   1.0143069E+00
    1.0085091E+00   1.0051731E+00   1.0033524E+00   1.0022337E+00   1.0015395E+00
    1.0011061E+00   1.0008191E+00   1.0006261E+00   1.0004890E+00   1.0003933E+00
    1.0003251E+00   1.0002756E+00   1.0002394E+00   1.0002127E+00   1.0001930E+00
    1.0001788E+00   1.0001688E+00   1.0001625E+00   1.0001596E+00   1.0001602E+00

 1.9485912931E+02   1.5022216E+11   1.6578398E+11   2.0887876E+00   2.8013301E-07   5.3048276E+01   2.1209557E-01    28 
    1.4617117E+00   2.0507724E+00   1.5688866E+00   1.3273205E+00   1.1887777E+00
    1.1137032E+00   1.0636696E+00   1.0353256E+00   1.0219346E+00   1.0121331E+00
    1.0071950E+00   1.0043768E+00   1.0028528E+00   1.0019087E+00   1.0013193E+00
    1.0009521E+00   1.0007086E+00   1.0005445E+00   1.0004279E+00   1.0003464E+00
    1.0002883E+00   1.0002462E+00   1.0002154E+00   1.0001926E+00   1.0001759E+00
    1.0001637E+00   1.0001552E+00   1.0001499E+00   1.0001474E+00   1.0001479E+00

 1.8669642135E+02   1.5226524E+11   1.6796167E+11   2.1031230E+00   2.7287837E-07   3.6834501E+01   3.2828486E-01    29 
    1.3523351E+00   2.0688414E+00   1.5672519E+00   1.2788549E+00   1.1403656E+00
    1.0812423E+00   1.0452672E+00   1.0257042E+00   1.0168956E+00   1.0091564E+00
    1.0053950E+00   1.0032824E+00   1.0021417E+00   1.0014343E+00   1.0009915E+00
    1.0007158E+00   1.0005329E+00   1.0004094E+00   1.0003216E+00   1.0002602E+00
    1.0002164E+00   1.0001846E+00   1.0001613E+00   1.0001441E+00   1.0001314E+00
    1.0001222E+00   1.0001158E+00   1.0001117E+00   1.0001099E+00   1.0001102E+00

 1.7873313267E+02   1.7145189E+11   1.8901708E+11   2.1275249E+00   2.9121094E-07   2.6343731E+01   4.4478354E-01    30 
    1.2513695E+00   2.0110933E+00   1.5528099E+00   1.2346659E+00   1.1035870E+00
    1.0554238E+00   1.0300142E+00   1.0171916E+00   1.0117873E+00   1.0062499E+00
    1.0036506E+00   1.0022182E+00   1.0014423E+00   1.0009633E+00   1.0006633E+00
    1.0004765E+00   1.0003526E+00   1.0002689E+00   1.0002092E+00   1.0001675E+00
    1.0001377E+00   1.0001160E+00   1.0001001E+00   1.0000884E+00   1.0000797E+00
    1.0000735E+00   1.0000691E+00   1.0000663E+00   1.0000650E+00   1.0000653E+00

 1.7210497802E+02   2.0285735E+11   2.2356587E+11   2.1544983E+00   3.2742285E-07   1.9656999E+01   5.4335484E-01    31 
    1.1892701E+00   1.8520767E+00   1.4556806E+00   1.1551880E+00   1.0549449E+00
    1.0259563E+00   1.0136275E+00   1.0080455E+00   1.0060691E+00   1.0030988E+00
    1.0017821E+00   1.0010772E+00   1.0006970E+00   1.0004630E+00   1.0003166E+00
    1.0002261E+00   1.0001660E+00   1.0001254E+00   1.0000964E+00   1.0000760E+00
    1.0000615E+00   1.0000509E+00   1.0000431E+00   1.0000374E+00   1.0000331E+00
    1.0000300E+00   1.0000279E+00   1.0000265E+00   1.0000259E+00   1.0000260E+00

 1.7146414275E+02   2.4267166E+11   2.6738311E+11   2.1365871E+00   3.9436337E-07   1.3878115E+01   6.4815992E-01    32 
    1.1352016E+00   1.7948753E+00   1.3914659E+00   1.1043634E+00   1.0249568E+00
    1.0084815E+00   1.0041659E+00   1.0028331E+00   1.0028418E+00   1.0013327E+00
    1.0007384E+00   1.0004378E+00   1.0002808E+00   1.0001845E+00   1.0001244E+00
    1.0000882E+00   1.0000643E+00   1.0000481E+00   1.0000366E+00   1.0000284E+00
    1.0000226E+00   1.0000184E+00   1.0000153E+00   1.0000129E+00   1.0000112E+00
    1.0000100E+00   1.0000091E+00   1.0000085E+00   1.0000083E+00   1.0000083E+00

 1.7125765742E+02   3.0046139E+11   3.3103274E+11   2.1188773E+00   4.8897037E-07   9.9516677E+00   7.3180230E-01    33 
    1.0698974E+00   1.7539138E+00   1.3592423E+00   1.0821334E+00   1.0131000E+00
    1.0019381E+00   1.0006563E+00   1.0008329E+00   1.0014632E+00   1.0006063E+00
    1.0003157E+00   1.0001806E+00   1.0001137E+00   1.0000732E+00   1.0000482E+00
    1.0000339E+00   1.0000245E+00   1.0000182E+00   1.0000136E+00   1.0000104E+00
    1.0000081E+00   1.0000065E+00   1.0000052E+00   1.0000043E+00   1.0000036E+00
    1.0000031E+00   1.0000028E+00   1.0000025E+00   1.0000024E+00   1.0000025E+00

 1.7113117011E+02   3.8915260E+11   4.2873001E+11   2.1062209E+00   6.2692486E-07   7.0241494E+00   8.0168975E-01    34 
    1.0177584E+00   1.7264401E+00   1.3409256E+00   1.0706107E+00   1.0083692E+00
    9.9977907E-01   9.9953657E-01   1.0001142E+00   1.0008131E+00   1.0002913E+00
    1.0001386E+00   1.0000747E+00   1.0000455E+00   1.0000282E+00   1.0000177E+00
    1.0000123E+00   1.0000088E+00   1.0000065E+00   1.0000048E+00   1.0000036E+00
    1.0000027E+00   1.0000021E+00   1.0000017E+00   1.0000013E+00   1.0000010E+00
    1.0000008E+00   1.0000007E+00   1.0000006E+00   1.0000006E+00   1.0000006E+00

 1.7098647451E+02   5.1476367E+11   5.6709768E+11   2.0943028E+00   8.1155078E-07   4.9909796E+00   8.5439947E-01    35 
    9.5554420E-01   1.7032875E+00   1.3328274E+00   1.0666515E+00   1.0085275E+00
    1.0002169E+00   9.9970640E-01   1.0000627E+00   1.0005521E+00   1.0001879E+00
    1.0000857E+00   1.0000447E+00   1.0000263E+00   1.0000157E+00   1.0000095E+00
    1.0000065E+00   1.0000046E+00   1.0000033E+00   1.0000024E+00   1.0000017E+00
    1.0000013E+00   1.0000009E+00   1.0000007E+00   1.0000005E+00   1.0000004E+00
    1.0000002E+00   1.0000002E+00   1.0000001E+00   1.0000001E+00   1.0000000E+00

 1.7083352398E+02   6.9481976E+11   7.6544072E+11   2.0855002E+00   1.0537051E-06   3.5390098E+00   8.9428912E-01    36 
    8.8976503E-01   1.6844031E+00   1.3388305E+00   1.0721742E+00   1.0133314E+00
    1.0026882E+00   1.0008043E+00   1.0004854E+00   1.0005827E+00   1.0002376E+00
    1.0001208E+00   1.0000679E+00   1.0000411E+00   1.0000257E+00   1.0000164E+00
    1.0000111E+00   1.0000077E+00   1.0000055E+00   1.0000039E+00   1.0000028E+00
    1.0000020E+00   1.0000014E+00   1.0000010E+00   1.0000007E+00   1.0000004E+00
    1.0000003E+00   1.0000001E+00   1.0000000E+00   9.9999998E-01   9.9999995E-01

 1.7068679216E+02   9.5005968E+11   1.0466038E+12   2.0775126E+00   1.3624318E-06   2.5099913E+00   9.2375115E-01    37 
    8.1749988E-01   1.6579237E+00   1.3475309E+00   1.0814570E+00   1.0192466E+00
    1.0054877E+00   1.0020335E+00   1.0009952E+00   1.0007077E+00   1.0003296E+00
    1.0001787E+00   1.0001043E+00   1.0000643E+00   1.0000409E+00   1.0000267E+00
    1.0000181E+00   1.0000125E+00   1.0000088E+00   1.0000062E+00   1.0000043E+00
    1.0000030E+00   1.0000021E+00   1.0000015E+00   1.0000010E+00   1.0000006E+00
    1.0000003E+00   1.0000001E+00   1.0000000E+00   9.9999990E-01   9.9999985E-01

 1.7053184897E+02   1.3066948E+12   1.4394592E+12   2.0668377E+00   1.7470149E-06   1.7870296E+00   9.4506320E-01    38 
    7.3241248E-01   1.6039992E+00   1.3406087E+00   1.0885522E+00   1.0238509E+00
    1.0076753E+00   1.0029926E+00   1.0013989E+00   1.0008193E+00   1.0004069E+00
    1.0002265E+00   1.0001340E+00   1.0000830E+00   1.0000531E+00   1.0000349E+00
    1.0000235E+00   1.0000162E+00   1.0000113E+00   1.0000078E+00   1.0000054E+00
    1.0000037E+00   1.0000025E+00   1.0000017E+00   1.0000011E+00   1.0000006E+00
    1.0000003E+00   1.0000001E+00   9.9999991E-01   9.9999979E-01   9.9999974E-01

 1.7036046144E+02   1.8147626E+12   1.9991249E+12   2.0523277E+00   2.2357260E-06   1.2683668E+00   9.6067228E-01    39 
    6.4288852E-01   1.5091364E+00   1.3039654E+00   1.0852106E+00   1.0246472E+00
    1.0083884E+00   1.0033467E+00   1.0015428E+00   1.0008324E+00   1.0004260E+00
    1.0002398E+00   1.0001425E+00   1.0000883E+00   1.0000565E+00   1.0000370E+00
    1.0000248E+00   1.0000169E+00   1.0000117E+00   1.0000080E+00   1.0000054E+00
    1.0000037E+00   1.0000025E+00   1.0000016E+00   1.0000010E+00   1.0000006E+00
    1.0000002E+00   1.0000000E+00   9.9999987E-01   9.9999977E-01   9.9999973E-01

 1.7017746656E+02   2.5295916E+12   2.7865477E+12   2.0382094E+00   2.8423334E-06   9.0138389E-01   9.7188073E-01    40 
    5.6447918E-01   1.4019167E+00   1.2473830E+00   1.0708161E+00   1.0214575E+00
    1.0075625E+00   1.0030718E+00   1.0014137E+00   1.0007346E+00   1.0003821E+00
    1.0002162E+00   1.0001285E+00   1.0000795E+00   1.0000507E+00   1.0000331E+00
    1.0000220E+00   1.0000149E+00   1.0000101E+00   1.0000068E+00   1.0000046E+00
    1.0000030E+00   1.0000020E+00   1.0000012E+00   1.0000007E+00   1.0000004E+00
    1.0000001E+00   9.9999997E-01   9.9999986E-01   9.9999980E-01   9.9999978E-01

 1.6997545110E+02   3.5431519E+12   3.9030380E+12   2.0309092E+00   3.5785803E-06   6.3974706E-01   9.7995582E-01    41 
    5.0316657E-01   1.3098333E+00   1.1878735E+00   1.0531498E+00   1.0165497E+00
    1.0059756E+00   1.0024660E+00   1.0011395E+00   1.0005815E+00   1.0003058E+00
    1.0001736E+00   1.0001032E+00   1.0000637E+00   1.0000404E+00   1.0000262E+00
    1.0000173E+00   1.0000115E+00   1.0000077E+00   1.0000051E+00   1.0000033E+00
    1.0000021E+00   1.0000013E+00   1.0000008E+00   1.0000005E+00   1.0000002E+00
    1.0000001E+00   9.9999999E-01   9.9999993E-01   9.9999990E-01   9.9999989E-01

 1.6974881075E+02   4.9749294E+12   5.4802219E+12   2.0373047E+00   4.4310846E-06   4.5417151E-01   9.8572622E-01    42 
    4.6266502E-01   1.2413819E+00   1.1375718E+00   1.0380714E+00   1.0119044E+00
    1.0043478E+00   1.0018114E+00   1.0008408E+00   1.0004256E+00   1.0002256E+00
    1.0001285E+00   1.0000763E+00   1.0000469E+00   1.0000296E+00   1.0000191E+00
    1.0000124E+00   1.0000081E+00   1.0000053E+00   1.0000034E+00   1.0000022E+00
    1.0000014E+00   1.0000008E+00   1.0000005E+00   1.0000003E+00   1.0000001E+00
    1.0000000E+00   9.9999997E-01   9.9999994E-01   9.9999993E-01   9.9999992E-01

 1.6949588811E+02   6.9603576E+12   7.6673025E+12   2.0614948E+00   5.3568371E-06   3.2425333E-01   9.8978727E-01    43 
    4.4150833E-01   1.1954844E+00   1.0998693E+00   1.0267952E+00   1.0082887E+00
    1.0030206E+00   1.0012594E+00   1.0005851E+00   1.0002950E+00   1.0001571E+00
    1.0000896E+00   1.0000532E+00   1.0000326E+00   1.0000204E+00   1.0000130E+00
    1.0000084E+00   1.0000054E+00   1.0000034E+00   1.0000022E+00   1.0000013E+00
    1.0000008E+00   1.0000005E+00   1.0000003E+00   1.0000001E+00   1.0000001E+00
    1.0000000E+00   9.9999999E-01   9.9999997E-01   9.9999997E-01   9.9999997E-01

 1.6925308238E+02   9.2895181E+12   1.0233070E+13   2.0988402E+00   6.1891204E-06   2.4302505E-01   9.9233529E-01    44 
    4.3664179E-01   1.1680365E+00   1.0754061E+00   1.0195348E+00   1.0059403E+00
    1.0021437E+00   1.0008891E+00   1.0004119E+00   1.0002071E+00   1.0001104E+00
    1.0000630E+00   1.0000373E+00   1.0000228E+00   1.0000142E+00   1.0000089E+00
    1.0000056E+00   1.0000036E+00   1.0000022E+00   1.0000014E+00   1.0000008E+00
    1.0000005E+00   1.0000003E+00   1.0000002E+00   1.0000001E+00   1.0000000E+00
    1.0000000E+00   9.9999999E-01   9.9999998E-01   9.9999998E-01   9.9999998E-01

 1.6901534742E+02   1.2006835E+13   1.3226505E+13   2.1470137E+00   6.9321134E-06   1.8822743E-01   9.9405812E-01    45 
    4.4311060E-01   1.1491995E+00   1.0583251E+00   1.0145448E+00   1.0043327E+00
    1.0015440E+00   1.0006359E+00   1.0002933E+00   1.0001470E+00   1.0000783E+00
    1.0000446E+00   1.0000263E+00   1.0000160E+00   1.0000099E+00   1.0000061E+00
    1.0000038E+00   1.0000024E+00   1.0000015E+00   1.0000009E+00   1.0000005E+00
    1.0000003E+00   1.0000002E+00   1.0000001E+00   1.0000000E+00   1.0000000E+00
    1.0000000E+00   1.0000000E+00   9.9999999E-01   9.9999999E-01   9.9999999E-01

 1.6877584557E+02   1.5224025E+13   1.6770775E+13   2.2060779E+00   7.6026008E-06   1.4868588E-01   9.9530326E-01    46 
    4.5953627E-01   1.1340210E+00   1.0454717E+00   1.0108819E+00   1.0031694E+00
    1.0011151E+00   1.0004561E+00   1.0002095E+00   1.0001046E+00   1.0000557E+00
    1.0000316E+00   1.0000186E+00   1.0000112E+00   1.0000069E+00   1.0000042E+00
    1.0000026E+00   1.0000016E+00   1.0000009E+00   1.0000006E+00   1.0000003E+00
    1.0000002E+00   1.0000001E+00   1.0000001E+00   1.0000000E+00   1.0000000E+00
    1.0000000E+00   1.0000000E+00   1.0000000E+00   1.0000000E+00   1.0000000E+00

 1.6853052130E+02   1.9033234E+13   2.0967662E+13   2.2768617E+00   8.1975127E-06   1.1916368E-01   9.9623397E-01    47 
    4.8621567E-01   1.1203683E+00   1.0354131E+00   1.0081108E+00   1.0023093E+00
    1.0008032E+00   1.0003267E+00   1.0001494E+00   1.0000743E+00   1.0000395E+00
    1.0000223E+00   1.0000131E+00   1.0000078E+00   1.0000047E+00   1.0000029E+00
    1.0000017E+00   1.0000010E+00   1.0000006E+00   1.0000004E+00   1.0000002E+00
    1.0000001E+00   1.0000001E+00   1.0000000E+00   1.0000000E+00   1.0000000E+00
    1.0000000E+00   1.0000000E+00   1.0000000E+00   1.0000000E+00   1.0000000E+00

 1.6827620073E+02   2.3494021E+13   2.5883613E+13   2.3605395E+00   8.7011682E-06   9.6761506E-02   9.9694082E-01    48 
    5.2407999E-01   1.1074668E+00   1.0274345E+00   1.0060046E+00   1.0016740E+00
    1.0005768E+00   1.0002334E+00   1.0001064E+00   1.0000527E+00   1.0000279E+00
    1.0000157E+00   1.0000091E+00   1.0000054E+00   1.0000033E+00   1.0000019E+00
    1.0000012E+00   1.0000007E+00   1.0000004E+00   1.0000002E+00   1.0000001E+00
    1.0000001E+00   1.0000000E+00   1.0000000E+00   1.0000000E+00   1.0000000E+00
    1.0000000E+00   1.0000000E+00   1.0000000E+00   1.0000000E+00   1.0000000E+00

 1.6800996848E+02   2.8639011E+13   3.1557226E+13   2.4582457E+00   9.0970025E-06   7.9586776E-02   9.9748309E-01    49 
    5.7375463E-01   1.0951660E+00   1.0211173E+00   1.0044199E+00   1.0012103E+00
    1.0004139E+00   1.0001667E+00   1.0000757E+00   1.0000372E+00   1.0000197E+00
    1.0000110E+00   1.0000064E+00   1.0000038E+00   1.0000022E+00   1.0000013E+00
    1.0000008E+00   1.0000004E+00   1.0000003E+00   1.0000001E+00   1.0000001E+00
    1.0000000E+00   1.0000000E+00   1.0000000E+00   1.0000000E+00   1.0000000E+00
    1.0000000E+00   1.0000000E+00   1.0000000E+00   1.0000000E+00   1.0000000E+00

 1.6772876353E+02   3.4421208E+13   3.7945333E+13   2.5706563E+00   9.3655622E-06   6.6411998E-02   9.9789928E-01    50 
    6.3457331E-01   1.0835957E+00   1.0161982E+00   1.0032539E+00   1.0008785E+00
    1.0002985E+00   1.0001197E+00   1.0000540E+00   1.0000263E+00   1.0000139E+00
    1.0000078E+00   1.0000045E+00   1.0000026E+00   1.0000015E+00   1.0000009E+00
    1.0000005E+00   1.0000003E+00   1.0000002E+00   1.0000001E+00   1.0000001E+00
    1.0000000E+00   1.0000000E+00   1.0000000E+00   1.0000000E+00   1.0000000E+00
    1.0000000E+00   1.0000000E+00   1.0000000E+00   1.0000000E+00   1.0000000E+00

 1.6742875533E+02   4.0723989E+13   4.4946960E+13   2.6970067E+00   9.5009416E-06   5.6316863E-02   9.9821831E-01    51 
    7.0212485E-01   1.0724413E+00   1.0123759E+00   1.0024014E+00   1.0006413E+00
    1.0002168E+00   1.0000865E+00   1.0000387E+00   1.0000185E+00   1.0000098E+00
    1.0000054E+00   1.0000031E+00   1.0000018E+00   1.0000010E+00   1.0000006E+00
    1.0000003E+00   1.0000002E+00   1.0000001E+00   1.0000001E+00   1.0000000E+00
    1.0000000E+00   1.0000000E+00   1.0000000E+00   1.0000000E+00   1.0000000E+00
    1.0000000E+00   1.0000000E+00   1.0000000E+00   1.0000000E+00   1.0000000E+00

 1.6710448894E+02   4.7373234E+13   5.2450814E+13   2.8353114E+00   9.5147305E-06   4.8588481E-02   9.9846261E-01    52 
    7.6805697E-01   1.0611184E+00   1.0093398E+00   1.0017639E+00   1.0004674E+00
    1.0001574E+00   1.0000625E+00   1.0000277E+00   1.0000130E+00   1.0000069E+00
    1.0000038E+00   1.0000022E+00   1.0000012E+00   1.0000007E+00   1.0000004E+00
    1.0000002E+00   1.0000001E+00   1.0000001E+00   1.0000000E+00   1.0000000E+00
    1.0000000E+00   1.0000000E+00   1.0000000E+00   1.0000000E+00   1.0000000E+00
    1.0000000E+00   1.0000000E+00   1.0000000E+00   1.0000000E+00   1.0000000E+00

 1.6674746433E+02   5.4259046E+13   6.0533398E+13   2.9853518E+00   9.4356797E-06   4.2596075E-02   9.9865208E-01    53 
    8.2701444E-01   1.0498340E+00   1.0069061E+00   1.0012783E+00   1.0003369E+00
    1.0001131E+00   1.0000448E+00   1.0000198E+00   1.0000092E+00   1.0000049E+00
    1.0000027E+00   1.0000015E+00   1.0000009E+00   1.0000005E+00   1.0000003E+00
    1.0000002E+00   1.0000001E+00   1.0000001E+00   1.0000001E+00   1.0000000E+00
    1.0000000E+00   1.0000000E+00   1.0000000E+00   1.0000000E+00   1.0000000E+00
    1.0000000E+00   1.0000000E+00   1.0000000E+00   1.0000000E+00   1.0000000E+00

 1.6634578706E+02   6.1667886E+13   6.9823161E+13   3.1481248E+00   9.3279911E-06   3.7653870E-02   9.9880838E-01    54 
    8.7660913E-01   1.0387981E+00   1.0049245E+00   1.0008978E+00   1.0002357E+00
    1.0000790E+00   1.0000313E+00   1.0000138E+00   1.0000064E+00   1.0000034E+00
    1.0000019E+00   1.0000010E+00   1.0000006E+00   1.0000003E+00   1.0000002E+00
    1.0000001E+00   1.0000001E+00   1.0000001E+00   1.0000001E+00   1.0000001E+00
    1.0000001E+00   1.0000001E+00   1.0000001E+00   1.0000001E+00   1.0000001E+00
    1.0000001E+00   1.0000001E+00   1.0000001E+00   1.0000001E+00   1.0000001E+00

 1.6588759427E+02   7.0651832E+13   8.1606212E+13   3.3238143E+00   9.2822648E-06   3.3042862E-02   9.9895422E-01    55 
    9.1380710E-01   1.0277527E+00   1.0032472E+00   1.0005844E+00   1.0001529E+00
    1.0000512E+00   1.0000203E+00   1.0000090E+00   1.0000042E+00   1.0000022E+00
    1.0000012E+00   1.0000007E+00   1.0000004E+00   1.0000002E+00   1.0000002E+00
    1.0000001E+00   1.0000001E+00   1.0000002E+00   1.0000002E+00   1.0000002E+00
    1.0000002E+00   1.0000002E+00   1.0000002E+00   1.0000002E+00   1.0000002E+00
    1.0000002E+00   1.0000002E+00   1.0000002E+00   1.0000002E+00   1.0000002E+00

 1.6536495279E+02   8.2883423E+13   9.7459955E+13   3.5152999E+00   9.3520400E-06   2.8340636E-02   9.9910297E-01    56 
    9.3996768E-01   1.0176695E+00   1.0019179E+00   1.0003411E+00   1.0000890E+00
    1.0000298E+00   1.0000118E+00   1.0000052E+00   1.0000024E+00   1.0000013E+00
    1.0000007E+00   1.0000004E+00   1.0000002E+00   1.0000001E+00   1.0000001E+00
    1.0000002E+00   1.0000002E+00   1.0000002E+00   1.0000002E+00   1.0000002E+00
    1.0000003E+00   1.0000003E+00   1.0000003E+00   1.0000003E+00   1.0000003E+00
    1.0000003E+00   1.0000003E+00   1.0000003E+00   1.0000003E+00   1.0000003E+00

 1.6477619183E+02   1.0033634E+14   1.1934418E+14   3.7285455E+00   9.5493717E-06   2.3574983E-02   9.9925375E-01    57 
    9.5995949E-01   1.0099950E+00   1.0010171E+00   1.0001788E+00   1.0000465E+00
    1.0000156E+00   1.0000061E+00   1.0000027E+00   1.0000012E+00   1.0000006E+00
    1.0000003E+00   1.0000002E+00   1.0000001E+00   1.0000001E+00   1.0000001E+00
    1.0000002E+00   1.0000002E+00   1.0000002E+00   1.0000003E+00   1.0000003E+00
    1.0000003E+00   1.0000003E+00   1.0000003E+00   1.0000003E+00   1.0000003E+00
    1.0000003E+00   1.0000003E+00   1.0000003E+00   1.0000003E+00   1.0000003E+00

 1.6412582194E+02   1.2491021E+14   1.4946171E+14   3.9682997E+00   9.8546383E-06   1.9084683E-02   9.9939584E-01    58 
    9.7594429E-01   1.0051187E+00   1.0004956E+00   1.0000862E+00   1.0000224E+00
    1.0000075E+00   1.0000029E+00   1.0000013E+00   1.0000006E+00   1.0000003E+00
    1.0000002E+00   1.0000001E+00   1.0000001E+00   1.0000001E+00   1.0000001E+00
    1.0000001E+00   1.0000001E+00   1.0000001E+00   1.0000001E+00   1.0000001E+00
    1.0000001E+00   1.0000001E+00   1.0000001E+00   1.0000001E+00   1.0000001E+00
    1.0000001E+00   1.0000001E+00   1.0000001E+00   1.0000001E+00   1.0000001E+00

 1.6342036654E+02   1.5913653E+14   1.9094441E+14   4.2370475E+00   1.0258996E-05   1.5107743E-02   9.9952171E-01    59 
    9.8757229E-01   1.0024268E+00   1.0002268E+00   1.0000391E+00   1.0000102E+00
    1.0000034E+00   1.0000013E+00   1.0000006E+00   1.0000003E+00   1.0000001E+00
    1.0000001E+00   1.0000000E+00   1.0000000E+00   1.0000000E+00   1.0000001E+00
    1.0000001E+00   1.0000001E+00   1.0000001E+00   1.0000001E+00   1.0000001E+00
    1.0000001E+00   1.0000001E+00   1.0000001E+00   1.0000001E+00   1.0000001E+00
    1.0000001E+00   1.0000001E+00   1.0000001E+00   1.0000001E+00   1.0000001E+00

 1.6266566411E+02   2.0776392E+14   2.4960506E+14   4.5364673E+00   1.0797113E-05   1.1678109E-02   9.9963027E-01    60 
    9.9471216E-01   1.0010735E+00   1.0000977E+00   1.0000168E+00   1.0000044E+00
    1.0000015E+00   1.0000006E+00   1.0000003E+00   1.0000001E+00   1.0000001E+00
    1.0000000E+00   1.0000000E+00   1.0000000E+00   1.0000000E+00   1.0000000E+00
    1.0000000E+00   1.0000000E+00   1.0000000E+00   1.0000000E+00   1.0000000E+00
    1.0000000E+00   1.0000000E+00   1.0000000E+00   1.0000000E+00   1.0000000E+00
    1.0000000E+00   1.0000000E+00   1.0000000E+00   1.0000000E+00   1.0000000E+00

 1.6187187810E+02   2.7816876E+14   3.3439476E+14   4.8674641E+00   1.1507099E-05   8.8073140E-03   9.9972114E-01    61 
    9.9825377E-01   1.0004420E+00   1.0000393E+00   1.0000068E+00   1.0000018E+00
    1.0000006E+00   1.0000002E+00   1.0000001E+00   1.0000000E+00   1.0000000E+00
    1.0000000E+00   1.0000000E+00   1.0000000E+00   1.0000000E+00   1.0000000E+00
    1.0000000E+00   1.0000000E+00   1.0000000E+00   1.0000000E+00   1.0000000E+00
    1.0000000E+00   1.0000000E+00   1.0000000E+00   1.0000000E+00   1.0000000E+00
    1.0000000E+00   1.0000000E+00   1.0000000E+00   1.0000000E+00   1.0000000E+00

 1.6105461067E+02   3.7879144E+14   4.5551847E+14   5.2309711E+00   1.2366266E-05   6.5330581E-03   9.9979314E-01    62 
    9.9962380E-01   1.0001727E+00   1.0000150E+00   1.0000026E+00   1.0000007E+00
    1.0000002E+00   1.0000001E+00   1.0000000E+00   1.0000000E+00   1.0000000E+00
    1.0000000E+00   1.0000000E+00   1.0000000E+00   1.0000000E+00   1.0000000E+00
    1.0000000E+00   1.0000000E+00   1.0000000E+00   1.0000000E+00   1.0000000E+00
    1.0000000E+00   1.0000000E+00   1.0000000E+00   1.0000000E+00   1.0000000E+00
    1.0000000E+00   1.0000000E+00   1.0000000E+00   1.0000000E+00   1.0000000E+00

 1.6022618445E+02   5.1779504E+14   6.2281326E+14   5.6285023E+00   1.3299497E-05   4.8285227E-03   9.9984711E-01    63 
    1.0000176E+00   1.0000662E+00   1.0000057E+00   1.0000010E+00   1.0000003E+00
    1.0000001E+00   1.0000000E+00   1.0000000E+00   1.0000000E+00   1.0000000E+00
    1.0000000E+00   1.0000000E+00   1.0000000E+00   1.0000000E+00   1.0000000E+00
    1.0000000E+00   1.0000000E+00   1.0000000E+00   1.0000000E+00   1.0000000E+00
    1.0000000E+00   1.0000000E+00   1.0000000E+00   1.0000000E+00   1.0000000E+00
    1.0000000E+00   1.0000000E+00   1.0000000E+00   1.0000000E+00   1.0000000E+00

 1.5938990067E+02   7.0600682E+14   8.4930697E+14   6.0617602E+00   1.4263649E-05   3.5784178E-03   9.9988669E-01    64 
    1.0000901E+00   1.0000252E+00   1.0000021E+00   1.0000004E+00   1.0000001E+00
    1.0000000E+00   1.0000000E+00   1.0000000E+00   1.0000000E+00   1.0000000E+00
    1.0000000E+00   1.0000000E+00   1.0000000E+00   1.0000000E+00   1.0000000E+00
    1.0000000E+00   1.0000000E+00   1.0000000E+00   1.0000000E+00   1.0000000E+00
    1.0000000E+00   1.0000000E+00   1.0000000E+00   1.0000000E+00   1.0000000E+00
    1.0000000E+00   1.0000000E+00   1.0000000E+00   1.0000000E+00   1.0000000E+00

 1.5854329685E+02   9.5938349E+14   1.1542236E+15   6.5329238E+00   1.5252068E-05   2.6614634E-03   9.9991572E-01    65 
    1.0000825E+00   1.0000097E+00   1.0000008E+00   1.0000001E+00   1.0000000E+00
    1.0000000E+00   1.0000000E+00   1.0000000E+00   1.0000000E+00   1.0000000E+00
    1.0000000E+00   1.0000000E+00   1.0000000E+00   1.0000000E+00   1.0000000E+00
    1.0000000E+00   1.0000000E+00   1.0000000E+00   1.0000000E+00   1.0000000E+00
    1.0000000E+00   1.0000000E+00   1.0000000E+00   1.0000000E+00   1.0000000E+00
    1.0000000E+00   1.0000000E+00   1.0000000E+00   1.0000000E+00   1.0000000E+00

 1.5768222557E+02   1.3020549E+15   1.5666518E+15   7.0443843E+00   1.6285378E-05   1.9824577E-03   9.9993722E-01    66 
    1.0000575E+00   1.0000037E+00   1.0000003E+00   1.0000001E+00   1.0000000E+00
    1.0000000E+00   1.0000000E+00   1.0000000E+00   1.0000000E+00   1.0000000E+00
    1.0000000E+00   1.0000000E+00   1.0000000E+00   1.0000000E+00   1.0000000E+00
    1.0000000E+00   1.0000000E+00   1.0000000E+00   1.0000000E+00   1.0000000E+00
    1.0000000E+00   1.0000000E+00   1.0000000E+00   1.0000000E+00   1.0000000E+00
    1.0000000E+00   1.0000000E+00   1.0000000E+00   1.0000000E+00   1.0000000E+00

 1.5678311050E+02   1.7784200E+15   2.1400862E+15   7.6137403E+00   1.7392675E-05   1.4681089E-03   9.9995351E-01    67 
    1.0000337E+00   1.0000016E+00   1.0000001E+00   1.0000000E+00   1.0000000E+00
    1.0000000E+00   1.0000000E+00   1.0000000E+00   1.0000000E+00   1.0000000E+00
    1.0000000E+00   1.0000000E+00   1.0000000E+00   1.0000000E+00   1.0000000E+00
    1.0000000E+00   1.0000000E+00   1.0000000E+00   1.0000000E+00   1.0000000E+00
    1.0000000E+00   1.0000000E+00   1.0000000E+00   1.0000000E+00   1.0000000E+00
    1.0000000E+00   1.0000000E+00   1.0000000E+00   1.0000000E+00   1.0000000E+00

 1.5647783829E+02   1.9721292E+15   2.3732851E+15   7.8163978E+00   1.7762254E-05   1.3290706E-03   9.9995791E-01    68 
    1.0000289E+00   1.0000011E+00   1.0000001E+00   1.0000000E+00   1.0000000E+00
    1.0000000E+00   1.0000000E+00   1.0000000E+00   1.0000000E+00   1.0000000E+00
    1.0000000E+00   1.0000000E+00   1.0000000E+00   1.0000000E+00   1.0000000E+00
    1.0000000E+00   1.0000000E+00   1.0000000E+00   1.0000000E+00   1.0000000E+00
    1.0000000E+00   1.0000000E+00   1.0000000E+00   1.0000000E+00   1.0000000E+00
    1.0000000E+00   1.0000000E+00   1.0000000E+00   1.0000000E+00   1.0000000E+00

 1.5632461547E+02   2.0753869E+15   2.4975945E+15   7.9198364E+00   1.7942381E-05   1.2654189E-03   9.9995993E-01    69 
    1.0000318E+00   1.0000012E+00   1.0000001E+00   1.0000000E+00   1.0000000E+00
    1.0000000E+00   1.0000000E+00   1.0000000E+00   1.0000000E+00   1.0000000E+00
    1.0000000E+00   1.0000000E+00   1.0000000E+00   1.0000000E+00   1.0000000E+00
    1.0000000E+00   1.0000000E+00   1.0000000E+00   1.0000000E+00   1.0000000E+00
    1.0000000E+00   1.0000000E+00   1.0000000E+00   1.0000000E+00   1.0000000E+00
    1.0000000E+00   1.0000000E+00   1.0000000E+00   1.0000000E+00   1.0000000E+00

 1.5627345878E+02   2.1111567E+15   2.5406572E+15   7.9551238E+00   1.8001905E-05   1.2447923E-03   9.9996058E-01    70 
    1.0001987E+00   1.0000194E+00   1.0000017E+00   1.0000003E+00   1.0000001E+00
    1.0000000E+00   1.0000000E+00   1.0000000E+00   1.0000000E+00   1.0000000E+00
    1.0000000E+00   1.0000000E+00   1.0000000E+00   1.0000000E+00   1.0000000E+00
    1.0000000E+00   1.0000000E+00   1.0000000E+00   1.0000000E+00   1.0000000E+00
    1.0000000E+00   1.0000000E+00   1.0000000E+00   1.0000000E+00   1.0000000E+00
    1.0000000E+00   1.0000000E+00   1.0000000E+00   1.0000000E+00   1.0000000E+00
