
 24-FEB-2004                           !Format date

 1.5232057105E+02     2.8000E+05       49       60

 3.1237719203E+04   1.4149514E-01   8.9782014E+05   1.0741935E+00   9.4650849E+00   1.4619901E+03   5.0000000E-02     1 
    3.3421803E-30   1.0495563E-32   1.0495563E-32   4.2464460E-21   7.4812881E-20
    7.4812881E-20   6.6518528E-20   6.6518528E-20   1.1883046E-12   3.9272530E-12
    3.9272530E-12   2.7363615E-12   2.7363615E-12   5.8158672E-12   5.8158672E-12
    9.4421228E-09   1.4375605E-08   1.4375605E-08   1.0689533E-08   1.0689533E-08
    2.3624778E-08   1.0689067E-06   1.2706584E-06   8.7208141E-07   2.2378010E-06
    1.8763187E-05   2.9942021E-06   1.2418801E-05   3.5433748E-05   1.1696841E-04
    1.3068458E-04   6.9609418E-05   2.1424937E-04   4.1286574E-04   3.7385060E-04
    2.2802719E-04   7.3571848E-04   1.0187662E-03   8.9396119E-04   5.3380153E-04
    1.7571593E-03   1.9963143E-03   1.6419523E-03   1.0004529E-03   3.2716659E-03
    3.3472335E-03   2.7117533E-03   1.6263373E-03   4.8948542E-03

 3.0878650589E+04   1.4514150E-01   9.1890693E+05   1.0773308E+00   9.4550466E+00   1.4618595E+03   5.0000000E-02     2 
    4.4579277E-30   1.3883957E-32   1.3883957E-32   4.8500960E-21   8.4763586E-20
    8.4763586E-20   7.5119819E-20   7.5119819E-20   1.2800100E-12   4.2155763E-12
    4.2155763E-12   2.9334286E-12   2.9334286E-12   6.2337920E-12   6.2337920E-12
    9.9063252E-09   1.5056211E-08   1.5056211E-08   1.1187051E-08   1.1187051E-08
    2.4720602E-08   1.1057926E-06   1.3131747E-06   9.0083099E-07   2.3111076E-06
    1.9248572E-05   3.0696923E-06   1.2727939E-05   3.6305857E-05   1.1934759E-04
    1.3328619E-04   7.0977142E-05   2.1839368E-04   4.1971468E-04   3.7993769E-04
    2.3169648E-04   7.4729331E-04   1.0329440E-03   9.0620656E-04   5.4103746E-04
    1.7802688E-03   2.0201922E-03   1.6612923E-03   1.0121270E-03   3.3083753E-03
    3.3822658E-03   2.7398247E-03   1.6429952E-03   4.9426256E-03

 3.0172368446E+04   1.5272951E-01   9.6261200E+05   1.0836356E+00   9.4348628E+00   1.4615929E+03   5.0000000E-02     3 
    7.9117052E-30   2.4242012E-32   2.4242012E-32   6.3206019E-21   1.0871558E-19
    1.0871558E-19   9.5713479E-20   9.5713479E-20   1.4843703E-12   4.8547070E-12
    4.8547070E-12   3.3693941E-12   3.3693941E-12   7.1581419E-12   7.1581419E-12
    1.0900487E-08   1.6510008E-08   1.6510008E-08   1.2248526E-08   1.2248526E-08
    2.7058005E-08   1.1831418E-06   1.4021956E-06   9.6098188E-07   2.4644287E-06
    2.0253784E-05   3.2259101E-06   1.3367214E-05   3.8108457E-05   1.2423557E-04
    1.3862785E-04   7.3784164E-05   2.2689448E-04   4.3371006E-04   3.9237057E-04
    2.3918877E-04   7.7091175E-04   1.0618048E-03   9.3112678E-04   5.5575903E-04
    1.8272487E-03   2.0686670E-03   1.7005433E-03   1.0358147E-03   3.3827970E-03
    3.4532375E-03   2.7966816E-03   1.6767298E-03   5.0392742E-03

 2.8809868952E+04   1.6912043E-01   1.0562274E+06   1.0963521E+00   9.3940002E+00   1.4610429E+03   5.0000000E-02     4 
    2.4646522E-29   7.3175822E-32   7.3175822E-32   1.0684185E-20   1.7806196E-19
    1.7806196E-19   1.5472002E-19   1.5472002E-19   1.9910515E-12   6.4225679E-12
    6.4225679E-12   4.4345975E-12   4.4345975E-12   9.4155774E-12   9.4155774E-12
    1.3176689E-08   1.9821184E-08   1.9821184E-08   1.4660447E-08   1.4660447E-08
    3.2366446E-08   1.3529330E-06   1.5970166E-06   1.0924238E-06   2.7992298E-06
    2.2406062E-05   3.5597611E-06   1.4731984E-05   4.1953073E-05   1.3453609E-04
    1.4987039E-04   7.9687096E-05   2.4475098E-04   4.6288813E-04   4.1826841E-04
    2.5478532E-04   8.2001016E-04   1.1215176E-03   9.8265816E-04   5.8618435E-04
    1.9241908E-03   2.1684213E-03   1.7812670E-03   1.0845119E-03   3.5355247E-03
    3.5986852E-03   2.9131670E-03   1.7458128E-03   5.2368020E-03

 2.6270031180E+04   2.0739559E-01   1.2713921E+06   1.1219431E+00   9.3117699E+00   1.4598789E+03   5.0000000E-02     5 
    2.2329575E-28   6.2698178E-31   6.2698178E-31   2.9651367E-20   4.6468185E-19
    4.6468185E-19   3.9363687E-19   3.9363687E-19   3.5250015E-12   1.1069083E-11
    1.1069083E-11   7.5663564E-12   7.5663564E-12   1.6046361E-11   1.6046361E-11
    1.9057322E-08   2.8288842E-08   2.8288842E-08   2.0798306E-08   2.0798306E-08
    4.5861546E-08   1.7564957E-06   2.0572892E-06   1.4020477E-06   3.5867534E-06
    2.7276250E-05   4.3121336E-06   1.7802375E-05   5.0585765E-05   1.5712512E-04
    1.7446235E-04   9.2578837E-05   2.8366101E-04   5.2554079E-04   4.7378272E-04
    2.8817507E-04   9.2483026E-04   1.2478298E-03   1.0915417E-03   6.5040301E-04
    2.1281648E-03   2.3772148E-03   1.9500323E-03   1.1862350E-03   3.8534349E-03
    3.9006635E-03   3.1548611E-03   1.8890279E-03   5.6446528E-03

 2.1835129808E+04   3.1224174E-01   1.8437906E+06   1.1721973E+00   9.1491254E+00   1.4572109E+03   5.0000000E-02     6 
    1.2404221E-26   3.2470461E-29   3.2470461E-29   1.9358919E-19   2.7093654E-18
    2.7093654E-18   2.1901243E-18   2.1901243E-18   1.0079133E-11   3.0127121E-11
    3.0127121E-11   2.0210166E-11   2.0210166E-11   4.2767533E-11   4.2767533E-11
    3.7585301E-08   5.4447218E-08   5.4447218E-08   3.9583798E-08   3.9583798E-08
    8.7080495E-08   2.8411134E-06   3.2802853E-06   2.2200660E-06   5.6613562E-06
    3.9199886E-05   6.1413516E-06   2.5236817E-05   7.1408767E-05   2.0924711E-04
    2.3094821E-04   1.2209208E-04   3.7234071E-04   6.6447603E-04   5.9647229E-04
    3.6179828E-04   1.1546770E-03   1.5201289E-03   1.3257550E-03   7.8825832E-04
    2.5633529E-03   2.8185007E-03   2.3059516E-03   1.4003844E-03   4.5181217E-03
    4.5292683E-03   3.6574507E-03   2.1862808E-03   6.4843604E-03

 1.5267981625E+04   6.7511237E-01   3.7891974E+06   1.2552032E+00   8.9412603E+00   1.4503582E+03   5.0000000E-02     7 
    3.9683320E-24   1.1131752E-26   1.1131752E-26   3.1010250E-18   3.6786267E-17
    3.6786267E-17   2.7684354E-17   2.7684354E-17   4.7715258E-11   1.3260144E-10
    1.3260144E-10   8.6466825E-11   8.6466825E-11   1.8236289E-10   1.8236289E-10
    1.0282086E-07   1.4368289E-07   1.4368289E-07   1.0269044E-07   1.0269044E-07
    2.2506464E-07   5.7997546E-06   6.5555671E-06   4.3908353E-06   1.1137869E-05
    6.7205386E-05   1.0384844E-05   4.2385502E-05   1.1912777E-04   3.2057334E-04
    3.5072427E-04   1.8433473E-04   5.5789348E-04   9.4304240E-04   8.4098738E-04
    5.0804558E-04   1.6067750E-03   2.0417774E-03   1.7732082E-03   1.0504744E-03
    3.3825482E-03   3.6376856E-03   2.9641672E-03   1.7952804E-03   5.7299445E-03
    5.6682666E-03   4.5659887E-03   2.7223833E-03   7.9763261E-03

 1.0694441023E+04   1.4310051E+00   7.7758548E+06   1.3139135E+00   8.8111759E+00   1.4406226E+03   5.0000000E-02     8 
    1.1644306E-22   4.4285725E-25   4.4285725E-25   1.7897320E-17   1.9156023E-16
    1.9156023E-16   1.3752931E-16   1.3752931E-16   1.2760487E-10   3.3869167E-10
    3.3869167E-10   2.1684761E-10   2.1684761E-10   4.5631325E-10   4.5631325E-10
    1.9452651E-07   2.6576017E-07   2.6576017E-07   1.8782109E-07   1.8782109E-07
    4.1060257E-07   9.1216754E-06   1.0172981E-05   6.7690995E-06   1.7105044E-05
    9.4677394E-05   1.4503237E-05   5.8925989E-05   1.6486984E-04   4.2068561E-04
    4.5782958E-04   2.3968335E-04   7.2151053E-04   1.1795885E-03   1.0474234E-03
    6.3103458E-04   1.9833314E-03   2.4660133E-03   2.1359656E-03   1.2622029E-03
    4.0367651E-03   4.2838211E-03   3.4823263E-03   2.1051233E-03   6.6708396E-03
    6.5464964E-03   5.2654881E-03   3.1344122E-03   9.1042205E-03

 7.5032380641E+03   3.0074554E+00   1.5950072E+07   1.3545992E+00   8.6958555E+00   1.4268363E+03   5.0000000E-02     9 
    7.8710496E-22   4.7287552E-24   4.7287552E-24   5.5231529E-17   5.5309988E-16
    5.5309988E-16   3.8539776E-16   3.8539776E-16   2.4027727E-10   6.1929927E-10
    6.1929927E-10   3.9182726E-10   3.9182726E-10   8.2321193E-10   8.2321193E-10
    2.9328765E-07   3.9492685E-07   3.9492685E-07   2.7707911E-07   2.7707911E-07
    6.0474120E-07   1.2214319E-05   1.3505279E-05   8.9483527E-06   2.2554909E-05
    1.1813293E-04   1.7996423E-05   7.2892103E-05   2.0336358E-04   5.0159646E-04
    5.4414020E-04   2.8411320E-04   8.5211543E-04   1.3638548E-03   1.2077201E-03
    7.2607882E-04   2.2733511E-03   2.7879236E-03   2.4098231E-03   1.4220095E-03
    4.5262707E-03   4.7630206E-03   3.8660253E-03   2.3350430E-03   7.3625217E-03
    7.1885433E-03   5.7771217E-03   3.4352593E-03   9.9207561E-03

 5.2807452628E+03   6.2757112E+00   3.2645649E+07   1.3855891E+00   8.5929511E+00   1.4074495E+03   5.0000000E-02    10 
    2.5652061E-21   2.6181521E-23   2.6181521E-23   1.2473818E-16   1.1891027E-15
    1.1891027E-15   8.1183085E-16   8.1183085E-16   3.7974995E-10   9.5843560E-10
    9.5843560E-10   6.0128572E-10   6.0128572E-10   1.2615706E-09   1.2615706E-09
    3.9478425E-07   5.2604185E-07   5.2604185E-07   3.6717140E-07   3.6717140E-07
    8.0050345E-07   1.5091355E-05   1.6583373E-05   1.0953199E-05   2.7563815E-05
    1.3873255E-04   2.1054736E-05   8.5056951E-05   2.3686635E-04   5.7019102E-04
    6.1686650E-04   3.2146477E-04   9.6179605E-04   1.5154112E-03   1.3393669E-03
    8.0396318E-04   2.5107608E-03   3.0490180E-03   2.6310526E-03   1.5511425E-03
    4.9197586E-03   5.1455840E-03   4.1712561E-03   2.5189602E-03   7.9093841E-03
    7.6965791E-03   6.1825717E-03   3.6729871E-03   1.0565078E-02

 3.7370396197E+03   1.3016960E+01   6.6459557E+07   1.4140676E+00   8.4878812E+00   1.3805362E+03   5.0000000E-02    11 
    6.6894453E-21   1.1847283E-22   1.1847283E-22   2.5571201E-16   2.3311493E-15
    2.3311493E-15   1.5651390E-15   1.5651390E-15   5.6843806E-10   1.4086222E-09
    1.4086222E-09   8.7724888E-10   8.7724888E-10   1.8380694E-09   1.8380694E-09
    5.1308234E-07   6.7729543E-07   6.7729543E-07   4.7067971E-07   4.7067971E-07
    1.0253362E-06   1.8189360E-05   1.9879343E-05   1.3092508E-05   3.2907076E-05
    1.5996400E-04   2.4202893E-05   9.7498243E-05   2.7107462E-04   6.3885468E-04
    6.8903225E-04   3.5849060E-04   1.0703825E-03   1.6632514E-03   1.4674672E-03
    8.7995226E-04   2.7407860E-03   3.3001965E-03   2.8446544E-03   1.6753892E-03
    5.2973672E-03   5.5116177E-03   4.4625643E-03   2.6939211E-03   8.4271577E-03
    8.1797018E-03   6.5680666E-03   3.8986780E-03   1.1173126E-02

 2.6599859225E+03   2.7061850E+01   1.3479393E+08   1.4452448E+00   8.3390195E+00   1.3435181E+03   5.0000000E-02    12 
    1.8942464E-20   5.7657313E-22   5.7657313E-22   5.4363526E-16   4.7217011E-15
    4.7217011E-15   3.1189007E-15   3.1189007E-15   8.6848995E-10   2.1114704E-09
    2.1114704E-09   1.3045959E-09   1.3045959E-09   2.7296224E-09   2.7296224E-09
    6.7592553E-07   8.8341902E-07   8.8341902E-07   6.1115084E-07   6.1115084E-07
    1.3302166E-06   2.2141535E-05   2.4060354E-05   1.5797171E-05   3.9654003E-05
    1.8588369E-04   2.8047326E-05   1.1261167E-04   3.1234477E-04   7.1993497E-04
    7.7415964E-04   4.0213195E-04   1.1976302E-03   1.8350597E-03   1.6159873E-03
    9.6819933E-04   3.0055414E-03   3.5873180E-03   3.0893314E-03   1.8175722E-03
    5.7268405E-03   5.9278333E-03   4.7943529E-03   2.8917046E-03   9.0120895E-03
    8.7247422E-03   7.0015419E-03   4.1528010E-03   1.1851483E-02

 1.9045993426E+03   5.6658728E+01   2.7317929E+08   1.4821566E+00   8.1390226E+00   1.2930936E+03   5.0000000E-02    13 
    6.7092987E-20   3.4399964E-21   3.4399964E-21   1.2758873E-15   1.0476259E-14
    1.0476259E-14   6.8003657E-15   6.8003657E-15   1.4027379E-09   3.3382242E-09
    3.3382242E-09   2.0429912E-09   2.0429912E-09   4.2686744E-09   4.2686744E-09
    9.2357094E-07   1.1934293E-06   1.1934293E-06   8.2146373E-07   8.2146373E-07
    1.7857430E-06   2.7675361E-05   2.9876998E-05   1.9545446E-05   4.8975733E-05
    2.2028658E-04   3.3154903E-05   1.3264406E-04   3.6661589E-04   8.2399158E-04
    8.8374645E-04   4.5823278E-04   1.3602402E-03   2.0524068E-03   1.8036004E-03
    1.0793010E-03   3.3375979E-03   3.9447754E-03   3.3922713E-03   1.9942922E-03
    6.2570408E-03   6.4396403E-03   5.2028404E-03   3.1352605E-03   9.7284682E-03
    9.3879685E-03   7.5281272E-03   4.4625037E-03   1.2674987E-02

 1.3737915460E+03   1.1979727E+02   5.5405741E+08   1.5249811E+00   7.8777359E+00   1.2254657E+03   5.0000000E-02    14 
    2.8752774E-19   2.4570583E-20   2.4570583E-20   3.2657360E-15   2.5156435E-14
    2.5156435E-14   1.6039267E-14   1.6039267E-14   2.3784209E-09   5.5306426E-09
    5.5306426E-09   3.3466230E-09   3.3466230E-09   6.9833113E-09   6.9833113E-09
    1.3034000E-06   1.6629690E-06   1.6629690E-06   1.1382384E-06   1.1382384E-06
    2.4697617E-06   3.5417491E-05   3.7958179E-05   2.4720618E-05   6.1795171E-05
    2.6559693E-04   3.9859216E-05   1.5888564E-04   4.3750484E-04   9.5649502E-04
    1.0232984E-03   5.2946802E-04   1.5660053E-03   2.3231143E-03   2.0369885E-03
    1.2171169E-03   3.7482233E-03   4.3833834E-03   3.7625419E-03   2.2108317E-03
    6.9009451E-03   7.0589854E-03   5.6954584E-03   3.4308371E-03   1.0588739E-02
    1.0184148E-02   8.1597973E-03   4.8353160E-03   1.3659074E-02

 1.0008145587E+03   2.5601418E+02   1.1254472E+09   1.5678623E+00   7.5445774E+00   1.1367782E+03   5.0000000E-02    15 
    1.0838565E-18   1.5994837E-19   1.5994837E-19   7.9706185E-15   5.7589592E-14
    5.7589592E-14   3.6195358E-14   3.6195358E-14   3.9243353E-09   8.9319689E-09
    8.9319689E-09   5.3430330E-09   5.3430330E-09   1.1136483E-08   1.1136483E-08
    1.8088565E-06   2.2796296E-06   2.2796296E-06   1.5514377E-06   1.5514377E-06
    3.3592409E-06   4.4780700E-05   4.7673725E-05   3.0901168E-05   7.7055268E-05
    3.1735329E-04   4.7477235E-05   1.8857900E-04   5.1773075E-04   1.1028655E-03
    1.1765999E-03   6.0768589E-04   1.7911016E-03   2.6142565E-03   2.2874556E-03
    1.3656832E-03   4.1860985E-03   4.8483544E-03   4.1550721E-03   2.4415297E-03
    7.5770612E-03   7.7081805E-03   6.2112008E-03   3.7420903E-03   1.1483250E-02
    1.1013448E-02   8.8159092E-03   5.2253607E-03   1.4677581E-02

 7.3894718994E+02   5.5843148E+02   2.2933768E+09   1.6097055E+00   7.0801535E+00   1.0233277E+03   5.0000000E-02    16 
    3.4136040E-18   9.0281540E-19   9.0281540E-19   1.8222695E-14   1.2355231E-13
    1.2355231E-13   7.7021518E-14   7.7021518E-14   6.2400632E-09   1.3924832E-08
    1.3924832E-08   8.2416981E-09   8.2416981E-09   1.7162353E-08   1.7162353E-08
    2.4516527E-06   3.0547207E-06   3.0547207E-06   2.0675655E-06   2.0675655E-06
    4.4679295E-06   5.5637991E-05   5.8878485E-05   3.8025587E-05   9.4586454E-05
    3.7463074E-04   5.5864803E-05   2.2115512E-04   6.0559891E-04   1.2595348E-03
    1.3396547E-03   6.9126126E-04   2.0293738E-03   2.9190931E-03   2.5491122E-03
    1.5218692E-03   4.6399818E-03   5.3275355E-03   4.5593698E-03   2.6825523E-03
    8.2699649E-03   8.3711298E-03   6.7385662E-03   4.0635007E-03   1.2392030E-02
    1.1853327E-02   9.4774488E-03   5.6265271E-03   1.5714496E-02

 5.5575785691E+02   1.2517851E+03   4.7003524E+09   1.6550958E+00   6.4704451E+00   8.8272802E+02   5.0000000E-02    17 
    1.0985592E-17   4.9931650E-18   4.9931650E-18   4.2573776E-14   2.7018213E-13
    2.7018213E-13   1.6798900E-13   1.6798900E-13   1.0059809E-08   2.1982551E-08
    2.1982551E-08   1.2881196E-08   1.2881196E-08   2.6801519E-08   2.6801519E-08
    3.3508501E-06   4.1289162E-06   4.1289162E-06   2.7798678E-06   2.7798678E-06
    5.9960324E-06   6.9565862E-05   7.3156076E-05   4.7123058E-05   1.1689661E-04
    4.4468884E-04   6.6117482E-05   2.6091460E-04   7.1197713E-04   1.4444603E-03
    1.5323869E-03   7.9040938E-04   2.3093567E-03   3.2730422E-03   2.8528502E-03
    1.7044834E-03   5.1635285E-03   5.8755186E-03   5.0217312E-03   2.9650799E-03
    9.0575302E-03   9.1223042E-03   7.3342704E-03   4.4349781E-03   1.3418657E-02
    1.2798892E-02   1.0219431E-02   6.0891097E-03   1.6888362E-02

 4.2869377863E+02   2.8912612E+03   9.6347922E+09   1.7108756E+00   5.7136236E+00   7.2379738E+02   5.0000000E-02    18 
    4.6562767E-17   3.2382985E-17   3.2382985E-17   1.1340232E-13   6.6757304E-13
    6.6757304E-13   4.1524247E-13   4.1524247E-13   1.7499955E-08   3.7276091E-08
    3.7276091E-08   2.1614863E-08   2.1614863E-08   4.4917214E-08   4.4917214E-08
    4.8098522E-06   5.8543560E-06   5.8543560E-06   3.9184116E-06   3.9184116E-06
    8.4326261E-06   9.0177485E-05   9.4126896E-05   6.0443435E-05   1.4944547E-04
    5.4241313E-04   8.0412868E-05   3.1644110E-04   8.5906327E-04   1.6934726E-03
    1.7915073E-03   9.2435317E-04   2.6843063E-03   3.7391940E-03   3.2523569E-03
    1.9485209E-03   5.8481592E-03   6.5873067E-03   5.6215841E-03   3.3434997E-03
    1.0068917E-02   1.0085616E-02   8.0969201E-03   4.9234299E-03   1.4728344E-02
    1.3999317E-02   1.1159368E-02   6.6954136E-03   1.8386131E-02

 3.4082332487E+02   6.7658964E+03   1.9756457E+10   1.7925876E+00   4.9512071E+00   5.5852556E+02   5.0000008E-02    19 
    4.3466872E-16   3.6804426E-16   3.6804426E-16   4.2737921E-13   2.2833485E-12
    2.2833485E-12   1.4107514E-12   1.4107514E-12   3.7096133E-08   7.6217435E-08
    7.6217435E-08   4.3566086E-08   4.3566086E-08   9.0331042E-08   9.0331042E-08
    7.8549356E-06   9.4034802E-06   9.4034802E-06   6.2397688E-06   6.2397688E-06
    1.3381139E-05   1.2834601E-04   1.3263359E-04   8.4730356E-05   2.0842810E-04
    7.1058619E-04   1.0486368E-04   4.1131089E-04   1.1083500E-03   2.1031155E-03
    2.2153833E-03   1.1441857E-03   3.2913821E-03   4.4826540E-03   3.8882669E-03
    2.3414010E-03   6.9231804E-03   7.6976624E-03   6.5561959E-03   3.9514851E-03
    1.1621635E-02   1.1561669E-02   9.2661595E-03   5.6885581E-03   1.6714082E-02
    1.5808516E-02   1.2572758E-02   7.6415097E-03   2.0642881E-02

 2.8013666490E+02   1.5218501E+04   4.1050100E+10   1.9092681E+00   4.4054921E+00   3.9796286E+02   5.0001647E-02    20 
    9.8113253E-15   9.3682181E-15   9.3682181E-15   2.3644697E-12   1.1122483E-11
    1.1122483E-11   6.8031170E-12   6.8031170E-12   9.7342203E-08   1.9093122E-07
    1.9093122E-07   1.0697717E-07   1.0697717E-07   2.2115255E-07   2.2115255E-07
    1.4768384E-05   1.7293953E-05   1.7293953E-05   1.1340741E-05   1.1340741E-05
    2.4202783E-05   2.0210336E-04   2.0635693E-04   1.3089665E-04   3.1957001E-04
    1.0067791E-03   1.4775341E-04   5.7663547E-04   1.5376118E-03   2.7816695E-03
    2.9160754E-03   1.5079397E-03   4.2780745E-03   5.6669573E-03   4.8998248E-03
    2.9771071E-03   8.6003964E-03   9.4154518E-03   8.0017290E-03   4.9396927E-03
    1.3973776E-02   1.3790381E-02   1.1027532E-02   6.8856098E-03   1.9674276E-02
    1.8480453E-02   1.4649522E-02   9.1156210E-03   2.3964254E-02

 2.4053545390E+02   3.0684549E+04   8.3581755E+10   2.0450355E+00   4.0815094E+00   2.6445254E+02   5.0141053E-02    21 
    2.5593404E-13   2.7170139E-13   2.7170139E-13   1.3769428E-11   5.6234690E-11
    5.6234690E-11   3.4466982E-11   3.4466982E-11   2.6123333E-07   4.8946391E-07
    4.8946391E-07   2.6823365E-07   2.6823365E-07   5.5275977E-07   5.5275977E-07
    2.8249244E-05   3.2333652E-05   3.2333652E-05   2.0932831E-05   2.0932831E-05
    4.4422964E-05   3.2227994E-04   3.2530622E-04   2.0472027E-04   4.9551745E-04
    1.4413617E-03   2.1066085E-04   8.1712700E-04   2.1523594E-03   3.7142490E-03
    3.8751924E-03   2.0091998E-03   5.6027579E-03   7.2231943E-03   6.2274181E-03
    3.8432764E-03   1.0748957E-02   1.1596629E-02   9.8400960E-03   6.3242513E-03
    1.6884209E-02   1.6532359E-02   1.3188553E-02   8.4723681E-03   2.3283113E-02
    2.1649539E-02   1.7107351E-02   1.1071092E-02   2.7965607E-02

 2.1714190311E+02   4.8251447E+04   1.4735758E+11   2.1457274E+00   4.0743477E+00   1.7483749E+02   5.2796995E-02    22 
    2.1062026E-12   2.0813191E-12   2.0813191E-12   4.4117205E-11   1.6455522E-10
    1.6455522E-10   1.0035395E-10   1.0035395E-10   5.0236120E-07   9.1429234E-07
    9.1429234E-07   4.9322393E-07   4.9322393E-07   1.0141514E-06   1.0141514E-06
    4.3468111E-05   4.9048526E-05   4.9048526E-05   3.1460318E-05   3.1460318E-05
    6.6463863E-05   4.3986359E-04   4.4089003E-04   2.7597229E-04   6.6318497E-04
    1.8309799E-03   2.6747257E-04   1.0324507E-03   2.6932022E-03   4.5078381E-03
    4.6884984E-03   2.4437557E-03   6.7058505E-03   8.5005600E-03   7.3211463E-03
    4.6154393E-03   1.2467565E-02   1.3329673E-02   1.1314252E-02   7.6515691E-03
    1.9138135E-02   1.8625287E-02   1.4844478E-02   9.8913673E-03   2.6077521E-02
    2.3929975E-02   1.8912241E-02   1.2841328E-02   3.1056326E-02

 2.0236762231E+02   6.8791502E+04   1.9329137E+11   2.1879529E+00   3.7752880E+00   1.1598712E+02   6.9890154E-02    23 
    4.2498865E-12   4.1870129E-12   4.1870129E-12   6.9981437E-11   2.5122807E-10
    2.5122807E-10   1.5439713E-10   1.5439713E-10   6.4977507E-07   1.1700147E-06
    1.1700147E-06   6.2705553E-07   6.2705553E-07   1.2879408E-06   1.2879408E-06
    5.1510265E-05   5.7840961E-05   5.7840961E-05   3.6971535E-05   3.6971535E-05
    7.7917198E-05   4.9731690E-04   4.9744967E-04   3.1097990E-04   7.4426204E-04
    2.0122719E-03   2.9494932E-04   1.1351564E-03   2.9440046E-03   4.8640517E-03
    5.0575389E-03   2.6518636E-03   7.2041455E-03   9.0715141E-03   7.8170181E-03
    5.0086925E-03   1.3228804E-02   1.4093110E-02   1.1981554E-02   8.3784915E-03
    2.0128777E-02   1.9523721E-02   1.5581078E-02   1.0641435E-02   2.7335528E-02
    2.4868960E-02   1.9711691E-02   1.3790924E-02   3.2511499E-02

 1.9241280331E+02   9.0394643E+04   1.8307899E+11   2.1949556E+00   3.1712457E+00   7.6857479E+01   1.2329893E-01    24 
    4.4612050E-12   4.8713058E-12   4.8713058E-12   7.6758806E-11   2.6965846E-10
    2.6965846E-10   1.7148511E-10   1.7148511E-10   6.7749673E-07   1.2182890E-06
    1.2182890E-06   6.5250341E-07   6.5250341E-07   1.3396592E-06   1.3396592E-06
    5.2928661E-05   5.9404055E-05   5.9404055E-05   3.7996619E-05   3.7996619E-05
    8.0002946E-05   5.0704182E-04   5.0718739E-04   3.1765128E-04   7.5893641E-04
    2.0433984E-03   3.0072148E-04   1.1562941E-03   2.9896608E-03   4.9191834E-03
    5.1205005E-03   2.6943663E-03   7.2990475E-03   9.1762632E-03   7.9121045E-03
    5.0756473E-03   1.3388023E-02   1.4251984E-02   1.2125113E-02   8.4497276E-03
    2.0371013E-02   1.9763031E-02   1.5797685E-02   1.0774580E-02   2.7652991E-02
    2.5222860E-02   2.0016600E-02   1.3944121E-02   3.2993486E-02

 1.8536904155E+02   8.5382699E+04   1.6398275E+11   2.1923494E+00   2.9268556E+00   5.0967183E+01   2.2373930E-01    25 
    4.3010145E-12   5.6600483E-12   5.6600483E-12   7.6874398E-11   2.6130764E-10
    2.6130764E-10   1.7331127E-10   1.7331127E-10   6.6705944E-07   1.1999427E-06
    1.1999427E-06   6.4380144E-07   6.4380144E-07   1.3215586E-06   1.3215586E-06
    5.2370015E-05   5.8790597E-05   5.8790597E-05   3.7682612E-05   3.7682612E-05
    7.9305842E-05   5.0299055E-04   5.0331339E-04   3.1610083E-04   7.5445494E-04
    2.0318071E-03   2.9939824E-04   1.1540173E-03   2.9771694E-03   4.8909729E-03
    5.0969342E-03   2.6908140E-03   7.2801684E-03   9.1501910E-03   7.8940606E-03
    5.0589712E-03   1.3375960E-02   1.4238489E-02   1.2119834E-02   8.3703495E-03
    2.0394303E-02   1.9802669E-02   1.5855056E-02   1.0756755E-02   2.7701761E-02
    2.5372921E-02   2.0152572E-02   1.3905820E-02   3.3184208E-02

 1.8008954656E+02   4.8208899E+04   1.6363282E+11   2.1961303E+00   3.1909861E+00   3.3604857E+01   3.5991562E-01    26 
    5.1279525E-12   8.2277171E-12   8.2277171E-12   8.2053513E-11   2.6552741E-10
    2.6552741E-10   1.7728657E-10   1.7728657E-10   6.8215545E-07   1.2240349E-06
    1.2240349E-06   6.5805016E-07   6.5805016E-07   1.3504880E-06   1.3504880E-06
    5.3144430E-05   5.9589065E-05   5.9589065E-05   3.8266003E-05   3.8266003E-05
    8.0480285E-05   5.0823486E-04   5.0837988E-04   3.2007351E-04   7.6282067E-04
    2.0487088E-03   3.0087881E-04   1.1673274E-03   3.0036161E-03   4.9200164E-03
    5.1300374E-03   2.7199933E-03   7.3362848E-03   9.2103433E-03   7.9499442E-03
    5.1155851E-03   1.3472055E-02   1.4332161E-02   1.2209022E-02   8.4600286E-03
    2.0544884E-02   1.9944246E-02   1.5991910E-02   1.0885650E-02   2.7916203E-02
    2.5579117E-02   2.0337553E-02   1.4063606E-02   3.3532618E-02

 1.7578275846E+02   1.4916477E+04   1.8535046E+11   2.2077173E+00   3.9108879E+00   2.2320021E+01   5.0144850E-01    27 
    7.2975632E-12   1.3951625E-11   1.3951625E-11   9.3416783E-11   2.9036773E-10
    2.9036773E-10   1.8932882E-10   1.8932882E-10   7.3055620E-07   1.3054224E-06
    1.3054224E-06   7.0209657E-07   7.0209657E-07   1.4403211E-06   1.4403211E-06
    5.5611727E-05   6.2237696E-05   6.2237696E-05   3.9995410E-05   3.9995410E-05
    8.4030152E-05   5.2511839E-04   5.2498283E-04   3.3108326E-04   7.8735158E-04
    2.1010823E-03   3.0774038E-04   1.2006907E-03   3.0788663E-03   5.0191338E-03
    5.2354313E-03   2.7913888E-03   7.4867068E-03   9.3784568E-03   8.1014371E-03
    5.2658228E-03   1.3705866E-02   1.4562201E-02   1.2422284E-02   8.7606486E-03
    2.0863063E-02   2.0222456E-02   1.6241736E-02   1.1203887E-02   2.8349291E-02
    2.5877218E-02   2.0612548E-02   1.4474571E-02   3.4108383E-02

 1.7332286654E+02   2.6728703E+03   2.2673787E+11   2.1996394E+00   5.2264625E+00   1.5028094E+01   6.2566478E-01    28 
    6.5517710E-12   1.3546657E-11   1.3546657E-11   8.5235421E-11   2.6574184E-10
    2.6574184E-10   1.6965807E-10   1.6965807E-10   6.9735013E-07   1.2493989E-06
    1.2493989E-06   6.7285213E-07   6.7285213E-07   1.3803533E-06   1.3803533E-06
    5.3956669E-05   6.0494509E-05   6.0494509E-05   3.8914495E-05   3.8914495E-05
    8.1730316E-05   5.1378499E-04   5.1454162E-04   3.2502990E-04   7.7204644E-04
    2.0653447E-03   3.0328665E-04   1.1854438E-03   3.0340658E-03   4.9504727E-03
    5.1699234E-03   2.7739620E-03   7.4008298E-03   9.2779638E-03   8.0284552E-03
    5.2959754E-03   1.3572996E-02   1.4422722E-02   1.2333938E-02   8.9517832E-03
    2.0690963E-02   2.0016189E-02   1.6112040E-02   1.1348125E-02   2.8208606E-02
    2.5557824E-02   2.0427831E-02   1.4706940E-02   3.4034849E-02

 1.7283375201E+02   9.1301331E+02   2.9481340E+11   2.1837885E+00   7.0256834E+00   9.9248880E+00   7.3241118E-01    29 
    4.6066763E-12   9.8345712E-12   9.8345712E-12   7.1980871E-11   2.2730692E-10
    2.2730692E-10   1.4429169E-10   1.4429169E-10   6.3554380E-07   1.1451161E-06
    1.1451161E-06   6.1713518E-07   6.1713518E-07   1.2663888E-06   1.2663888E-06
    5.0789998E-05   5.7141258E-05   5.7141258E-05   3.6757222E-05   3.6757222E-05
    7.7211701E-05   4.9195685E-04   4.9397887E-04   3.1206789E-04   7.4108334E-04
    1.9955571E-03   2.9442588E-04   1.1490104E-03   2.9405553E-03   4.8201535E-03
    5.0380012E-03   2.7178428E-03   7.2150323E-03   9.0670264E-03   7.8613584E-03
    5.2829606E-03   1.3273496E-02   1.4118461E-02   1.2113335E-02   9.1398157E-03
    2.0275002E-02   1.9558831E-02   1.5783496E-02   1.1425875E-02   2.7769243E-02
    2.4867766E-02   1.9983609E-02   1.4879007E-02   3.3550397E-02

 1.7261677148E+02   3.9809993E+02   4.0741813E+11   2.1766380E+00   9.9140327E+00   6.4610316E+00   8.1593267E-01    30 
    3.9461951E-12   8.5244351E-12   8.5244351E-12   6.6671213E-11   2.1223057E-10
    2.1223057E-10   1.3400254E-10   1.3400254E-10   6.0999301E-07   1.1030617E-06
    1.1030617E-06   5.9347128E-07   5.9347128E-07   1.2179906E-06   1.2179906E-06
    4.9472322E-05   5.5812552E-05   5.5812552E-05   3.5834064E-05   3.5834064E-05
    7.5257380E-05   4.8292182E-04   4.8607318E-04   3.0662425E-04   7.2749649E-04
    1.9640115E-03   2.9165930E-04   1.1334336E-03   2.8987670E-03   4.7680318E-03
    4.9838764E-03   2.7079638E-03   7.1271545E-03   8.9704825E-03   7.7964926E-03
    5.3821319E-03   1.3109656E-02   1.3953424E-02   1.2036394E-02   9.5735335E-03
    2.0017015E-02   1.9219184E-02   1.5586838E-02   1.1719813E-02   2.7526881E-02
    2.4243755E-02   1.9687006E-02   1.5321068E-02   3.3235218E-02

 1.7241268543E+02   1.5039579E+02   5.7504737E+11   2.1753299E+00   1.4380774E+01   4.2849427E+00   8.7355518E-01    31 
    3.9272161E-12   8.4725579E-12   8.4725579E-12   6.5710784E-11   2.1009484E-10
    2.1009484E-10   1.3184963E-10   1.3184963E-10   6.0672219E-07   1.0993687E-06
    1.0993687E-06   5.8940055E-07   5.8940055E-07   1.2096948E-06   1.2096948E-06
    4.9331236E-05   5.5784496E-05   5.5784496E-05   3.5696077E-05   3.5696077E-05
    7.4924151E-05   4.8217839E-04   4.8646817E-04   3.0613667E-04   7.2507244E-04
    1.9568112E-03   2.9311698E-04   1.1317206E-03   2.8905094E-03   4.7681201E-03
    4.9797814E-03   2.7334352E-03   7.1016542E-03   8.9478425E-03   7.8019721E-03
    5.5804668E-03   1.3028589E-02   1.3878270E-02   1.2076167E-02   1.0211075E-02
    1.9856192E-02   1.8944282E-02   1.5509499E-02   1.2204214E-02   2.7404083E-02
    2.3673441E-02   1.9556299E-02   1.5984398E-02   3.3016905E-02

 1.7218425728E+02   4.2243497E+01   8.3174507E+11   2.1763199E+00   2.1386575E+01   2.8377381E+00   9.1425746E-01    32 
    4.1382350E-12   8.8761885E-12   8.8761885E-12   6.6347225E-11   2.1299582E-10
    2.1299582E-10   1.3283908E-10   1.3283908E-10   6.1244290E-07   1.1112771E-06
    1.1112771E-06   5.9274623E-07   5.9274623E-07   1.2165555E-06   1.2165555E-06
    4.9670467E-05   5.6306120E-05   5.6306120E-05   3.5863477E-05   3.5863477E-05
    7.5199680E-05   4.8486370E-04   4.9046899E-04   3.0770850E-04   7.2676033E-04
    1.9579064E-03   2.9683752E-04   1.1354417E-03   2.8943587E-03   4.7913413E-03
    4.9934712E-03   2.7833303E-03   7.0947599E-03   8.9502068E-03   7.8421701E-03
    5.8763164E-03   1.2960458E-02   1.3833270E-02   1.2206902E-02   1.1038866E-02
    1.9705189E-02   1.8660271E-02   1.5531691E-02   1.2876695E-02   2.7287435E-02
    2.3115244E-02   1.9586265E-02   1.6852792E-02   3.2763618E-02

 1.7193454456E+02   8.8806579E+00   1.2218656E+12   2.1721187E+00   3.2032408E+01   1.8794657E+00   9.4230957E-01    33 
    3.8032781E-12   8.2217601E-12   8.2217601E-12   6.3476701E-11   2.0537482E-10
    2.0537482E-10   1.2743918E-10   1.2743918E-10   5.9983174E-07   1.0915546E-06
    1.0915546E-06   5.7889529E-07   5.7889529E-07   1.1881609E-06   1.1881609E-06
    4.9032966E-05   5.5779080E-05   5.5779080E-05   3.5342473E-05   3.5342473E-05
    7.4010289E-05   4.8070958E-04   4.8792900E-04   3.0518545E-04   7.1804500E-04
    1.9341785E-03   2.9827400E-04   1.1268231E-03   2.8659997E-03   4.7746258E-03
    4.9578502E-03   2.8278326E-03   7.0185050E-03   8.8783815E-03   7.8400564E-03
    6.2220058E-03   1.2772855E-02   1.3707741E-02   1.2349780E-02   1.1928522E-02
    1.9403108E-02   1.8262137E-02   1.5589551E-02   1.3645886E-02   2.6960998E-02
    2.2520526E-02   1.9709916E-02   1.7797499E-02   3.2234877E-02

 1.7167110234E+02   1.6065289E+00   1.8137816E+12   2.1607474E+00   4.7679085E+01   1.2447200E+00   9.6139037E-01    34 
    2.8734819E-12   6.3762598E-12   6.3762598E-12   5.6469890E-11   1.8457197E-10
    1.8457197E-10   1.1406168E-10   1.1406168E-10   5.6304864E-07   1.0297633E-06
    1.0297633E-06   5.4280230E-07   5.4280230E-07   1.1141131E-06   1.1141131E-06
    4.7081014E-05   5.3814586E-05   5.3814586E-05   3.3906368E-05   3.3906368E-05
    7.0887285E-05   4.6724285E-04   4.7620864E-04   2.9713317E-04   6.9549235E-04
    1.8763677E-03   2.9636495E-04   1.1015847E-03   2.7947616E-03   4.7015457E-03
    4.8544134E-03   2.8629701E-03   6.8517370E-03   8.7114736E-03   7.7872978E-03
    6.5979922E-03   1.2439583E-02   1.3511263E-02   1.2506510E-02   1.2776152E-02
    1.8928927E-02   1.7810646E-02   1.5714997E-02   1.4464722E-02   2.6367842E-02
    2.1996106E-02   1.9939551E-02   1.8742805E-02   3.1363726E-02

 1.7139144881E+02   2.8842678E-01   2.7136984E+12   2.1472139E+00   6.8882192E+01   8.2359233E-01   9.7427432E-01    35 
    1.9734522E-12   4.5230574E-12   4.5230574E-12   4.9320759E-11   1.6233628E-10
    1.6233628E-10   9.9878623E-11   9.9878623E-11   5.2183424E-07   9.5975033E-07
    9.5975033E-07   5.0237977E-07   5.0237977E-07   1.0310170E-06   1.0310170E-06
    4.4845222E-05   5.1525126E-05   5.1525126E-05   3.2262709E-05   3.2262709E-05
    6.7301291E-05   4.5164984E-04   4.6214790E-04   2.8801801E-04   6.6925930E-04
    1.8045442E-03   2.9464104E-04   1.0722311E-03   2.7117207E-03   4.6142228E-03
    4.7265490E-03   2.9194432E-03   6.6558188E-03   8.5282343E-03   7.7612734E-03
    7.0324641E-03   1.2063441E-02   1.3389223E-02   1.2770777E-02   1.3567792E-02
    1.8424736E-02   1.7524469E-02   1.6034424E-02   1.5368009E-02   2.5649722E-02
    2.1752060E-02   2.0366673E-02   1.9711125E-02   3.0305173E-02

 1.7108176790E+02   5.2864635E-02   4.0848620E+12   2.1421088E+00   9.2639135E+01   5.4427804E-01   9.8291994E-01    36 
    1.5488163E-12   3.5928860E-12   3.5928860E-12   4.7506051E-11   1.5561965E-10
    1.5561965E-10   9.5215997E-11   9.5215997E-11   5.0980415E-07   9.4038487E-07
    9.4038487E-07   4.8791115E-07   4.8791115E-07   1.0008300E-06   1.0008300E-06
    4.4237013E-05   5.1017491E-05   5.1017491E-05   3.1722296E-05   3.1722296E-05
    6.5954634E-05   4.4786760E-04   4.5939167E-04   2.8657394E-04   6.5886658E-04
    1.7586026E-03   3.0046562E-04   1.0635651E-03   2.6782159E-03   4.5986849E-03
    4.6651693E-03   3.0594063E-03   6.5529830E-03   8.4873173E-03   7.9066904E-03
    7.6090884E-03   1.1842475E-02   1.3574106E-02   1.3306455E-02   1.4416656E-02
    1.8148793E-02   1.7690641E-02   1.6731304E-02   1.6482210E-02   2.5103364E-02
    2.2014202E-02   2.1138672E-02   2.0832258E-02   2.9394274E-02

 1.7075169066E+02   1.0823272E-02   5.9814021E+12   2.1563640E+00   1.2382494E+02   3.7109991E-01   9.8832089E-01    37 
    2.0274995E-12   4.5388781E-12   4.5388781E-12   5.7905009E-11   1.8202022E-10
    1.8202022E-10   1.1182374E-10   1.1182374E-10   5.6134919E-07   1.0322476E-06
    1.0322476E-06   5.2986559E-07   5.2986559E-07   1.0857927E-06   1.0857927E-06
    4.7215629E-05   5.4460594E-05   5.4460594E-05   3.3625049E-05   3.3625049E-05
    6.9588472E-05   4.7012301E-04   4.8195149E-04   3.0183879E-04   6.8425001E-04
    1.7796505E-03   3.2145116E-04   1.1010981E-03   2.7573178E-03   4.7425469E-03
    4.7685707E-03   3.3395295E-03   6.6716200E-03   8.7530889E-03   8.3534267E-03
    8.3910465E-03   1.1985865E-02   1.4241811E-02   1.4225023E-02   1.5452283E-02
    1.8362471E-02   1.8482980E-02   1.7893182E-02   1.7879091E-02   2.5074539E-02
    2.2886591E-02   2.2326865E-02   2.2199124E-02   2.9052660E-02

 1.7043227726E+02   2.6185487E-03   8.2300114E+12   2.1886216E+00   3.3144329E+02   2.6985709E-01   9.9149284E-01    38 
    8.7665205E-12   1.8159352E-11   1.8159352E-11   1.0837787E-10   2.6089937E-10
    2.6089937E-10   1.8294796E-10   1.8294796E-10   6.8712371E-07   1.2527693E-06
    1.2527693E-06   6.3601608E-07   6.3601608E-07   1.3014716E-06   1.3014716E-06
    5.4023343E-05   6.2101441E-05   6.2101441E-05   3.8115492E-05   3.8115492E-05
    7.8458324E-05   5.1873983E-04   5.3007791E-04   3.3421312E-04   7.4574016E-04
    1.8670069E-03   3.5756716E-04   1.1844143E-03   2.9476681E-03   5.0407646E-03
    5.0401228E-03   3.7449670E-03   7.0101083E-03   9.3168508E-03   9.0653598E-03
    9.3289351E-03   1.2490332E-02   1.5294417E-02   1.5426148E-02   1.6659575E-02
    1.9042011E-02   1.9732254E-02   1.9358133E-02   1.9451036E-02   2.5596455E-02
    2.4177205E-02   2.3786400E-02   2.3733196E-02   2.9355779E-02

 1.7010971903E+02   6.7931222E-04   1.0914948E+13   2.2365143E+00   2.8736220E+03   2.0382943E-01   9.9356728E-01    39 
    1.7988324E-10   3.3395269E-10   3.3395269E-10   8.2743328E-10   6.4381842E-10
    6.4381842E-10   1.0188157E-09   1.0188157E-09   9.1492638E-07   1.6466486E-06
    1.6466486E-06   8.2681449E-07   8.2681449E-07   1.6895001E-06   1.6895001E-06
    6.5311722E-05   7.4621012E-05   7.4621012E-05   4.5575005E-05   4.5575005E-05
    9.3233311E-05   5.9544476E-04   6.0528708E-04   3.8527367E-04   8.4452604E-04
    2.0146988E-03   4.1072351E-04   1.3139167E-03   3.2473444E-03   5.4918113E-03
    5.4774255E-03   4.2899675E-03   7.5565607E-03   1.0169048E-02   1.0042251E-02
    1.0468337E-02   1.3324955E-02   1.6698453E-02   1.6921021E-02   1.8116295E-02
    2.0135767E-02   2.1370996E-02   2.1128282E-02   2.1267688E-02   2.6609238E-02
    2.5835750E-02   2.5541264E-02   2.5517298E-02   3.0214333E-02

 1.6977406484E+02   1.7720237E-04   1.4156004E+13   2.3008633E+00   4.4542176E+04   1.5756784E-01   9.9502343E-01    40 
    9.2837765E-09   1.5029996E-08   1.5029996E-08   3.0438905E-08   1.3414186E-08
    1.3414186E-08   3.4098654E-08   3.4098654E-08   1.3391510E-06   2.3524499E-06
    2.3524499E-06   1.1789944E-06   1.1789944E-06   2.4305412E-06   2.4305412E-06
    8.3135576E-05   9.4185828E-05   9.4185828E-05   5.7302024E-05   5.7302024E-05
    1.1639360E-04   7.0913846E-04   7.1598274E-04   4.6136359E-04   9.9126989E-04
    2.2318474E-03   4.8671160E-04   1.5007810E-03   3.6796700E-03   6.1290206E-03
    6.1135644E-03   5.0153642E-03   8.3454349E-03   1.1355422E-02   1.1336468E-02
    1.1886838E-02   1.4528578E-02   1.8504204E-02   1.8784153E-02   1.9925011E-02
    2.1684363E-02   2.3443173E-02   2.3282882E-02   2.3438112E-02   2.8151197E-02
    2.7922154E-02   2.7684243E-02   2.7667609E-02   3.1647430E-02

 1.6941834792E+02   4.4286927E-05   1.8053524E+13   2.3841535E+00   1.0241393E+06   1.2396771E-01   9.9608246E-01    41 
    9.9021295E-07   1.3661068E-06   1.3661068E-06   2.4991310E-06   1.3383869E-06
    1.3383869E-06   2.7597004E-06   2.7597004E-06   4.2583534E-06   5.5976592E-06
    5.5976592E-06   3.8798955E-06   3.8798955E-06   9.2170347E-06   9.2170347E-06
    1.1338638E-04   1.2705727E-04   1.2705727E-04   7.7740503E-05   7.7740503E-05
    1.5687349E-04   8.7825485E-04   8.7970506E-04   5.7610913E-04   1.2102097E-03
    2.5418425E-03   5.9669378E-04   1.7676856E-03   4.2928094E-03   7.0149549E-03
    7.0115247E-03   5.9858647E-03   9.4491830E-03   1.2961476E-02   1.3037400E-02
    1.3688771E-02   1.6190092E-02   2.0812500E-02   2.1130037E-02   2.2215121E-02
    2.3788715E-02   2.6052183E-02   2.5943399E-02   2.6098224E-02   3.0326002E-02
    3.0554373E-02   3.0348687E-02   3.0327870E-02   3.3751196E-02

 1.6903652185E+02   1.0551841E-05   2.2670862E+13   2.4881955E+00   3.3152454E+07   9.9152876E-02   9.9686534E-01    42 
    1.9936479E-04   2.3159121E-04   2.3159121E-04   3.7723154E-04   2.6299540E-04
    2.6299540E-04   4.1034440E-04   4.1034440E-04   3.8265610E-04   3.4689480E-04
    3.4689480E-04   3.6214874E-04   3.6214874E-04   7.5973335E-04   7.5973335E-04
    5.0253091E-04   5.4008791E-04   5.4008791E-04   4.5097532E-04   4.5097532E-04
    8.1758635E-04   1.4909122E-03   1.4883018E-03   1.1115105E-03   2.1256636E-03
    3.3215221E-03   1.0382523E-03   2.5003338E-03   5.7217681E-03   8.5962476E-03
    8.6265718E-03   7.6959469E-03   1.1482041E-02   1.5491843E-02   1.5666905E-02
    1.6438611E-02   1.8901825E-02   2.4166536E-02   2.4519500E-02   2.5573597E-02
    2.7030599E-02   2.9741701E-02   2.9668231E-02   2.9820136E-02   3.3711060E-02
    3.4291681E-02   3.4104575E-02   3.4076547E-02   3.7101888E-02

 1.6862195498E+02   2.8689385E-06   2.7983945E+13   2.6118121E+00   1.1808456E+09   8.0833084E-02   9.9744373E-01    43 
    5.3582929E-02   5.3171057E-02   5.3171057E-02   7.7563739E-02   6.9408583E-02
    6.9408583E-02   8.2843309E-02   8.2843309E-02   8.7397534E-02   7.9242197E-02
    7.9242197E-02   8.1523203E-02   8.1523203E-02   1.3495458E-01   1.3495458E-01
    7.9171000E-02   8.2673729E-02   8.2673729E-02   7.8741424E-02   7.8741424E-02
    1.1349740E-01   8.5280747E-02   8.6056758E-02   8.3568357E-02   1.1325311E-01
    8.5789328E-02   7.4112079E-02   8.4716748E-02   1.1661692E-01   9.5782879E-02
    9.6554425E-02   9.9613993E-02   1.1645070E-01   1.0731188E-01   1.0893878E-01
    1.1303047E-01   1.1952372E-01   1.1947304E-01   1.2068608E-01   1.2337942E-01
    1.2587396E-01   1.2471673E-01   1.2501163E-01   1.2571515E-01   1.3200958E-01
    1.2940803E-01   1.2940684E-01   1.2963175E-01   1.3522062E-01

 1.6816457817E+02   2.2956236E-05   3.3790334E+13   2.7541122E+00   1.6299031E+09   6.7678294E-02   9.9785927E-01    44 
    6.2409609E-01   5.7318882E-01   5.7318882E-01   7.6679769E-01   7.9739292E-01
    7.9739292E-01   8.0443003E-01   8.0443003E-01   9.1068541E-01   8.4902918E-01
    8.4902918E-01   8.4979648E-01   8.4979648E-01   1.1681058E+00   1.1681058E+00
    8.3268999E-01   8.6422847E-01   8.6422847E-01   8.2890527E-01   8.2890527E-01
    1.0295102E+00   8.7664036E-01   8.8139283E-01   8.5530383E-01   1.0000173E+00
    8.7593078E-01   8.2029053E-01   8.5824241E-01   1.0087283E+00   8.9527297E-01
    8.9731467E-01   9.1025052E-01   9.7214496E-01   9.1134424E-01   9.1623368E-01
    9.2736857E-01   9.4687017E-01   9.2895498E-01   9.3180478E-01   9.3731411E-01
    9.4211994E-01   9.2725810E-01   9.2811579E-01   9.2995707E-01   9.4165487E-01
    9.2946037E-01   9.2978692E-01   9.3031128E-01   9.4281138E-01

 1.6764612339E+02   2.0049110E-03   3.9841177E+13   2.9165734E+00   2.0148141E+08   5.8731538E-02   9.9814199E-01    45 
    7.0101763E-01   6.6647002E-01   6.6647002E-01   8.3971516E-01   8.7882996E-01
    8.7882996E-01   8.6834905E-01   8.6834905E-01   9.6534856E-01   9.1846803E-01
    9.1846803E-01   9.2075689E-01   9.2075689E-01   1.1356508E+00   1.1356508E+00
    9.0612399E-01   9.2771032E-01   9.2771032E-01   9.1469888E-01   9.1469888E-01
    1.0481465E+00   9.4577888E-01   9.4153889E-01   9.2646002E-01   1.0084368E+00
    9.4328530E-01   8.9813317E-01   9.2907490E-01   1.0227233E+00   9.5127800E-01
    9.5265043E-01   9.6240437E-01   9.9569750E-01   9.6102525E-01   9.6338659E-01
    9.6877371E-01   9.7880564E-01   9.7185288E-01   9.7310711E-01   9.7584032E-01
    9.7806283E-01   9.7089886E-01   9.7120784E-01   9.7208154E-01   9.7752870E-01
    9.7237029E-01   9.7251224E-01   9.7266044E-01   9.7814861E-01

 1.6703557252E+02   1.5273803E-01   4.6440023E+13   3.0994714E+00   2.3119824E+07   5.2711717E-02   9.9833226E-01    46 
    7.4110558E-01   7.3182529E-01   7.3182529E-01   8.8743587E-01   9.0092365E-01
    9.0092365E-01   9.0744837E-01   9.0744837E-01   9.6632215E-01   9.3716395E-01
    9.3716395E-01   9.4035629E-01   9.4035629E-01   1.0878114E+00   1.0878114E+00
    9.3289641E-01   9.4606327E-01   9.4606327E-01   9.5305155E-01   9.5305155E-01
    1.0424837E+00   9.7173437E-01   9.5627287E-01   9.5087332E-01   1.0015115E+00
    9.6073292E-01   9.2062970E-01   9.5140036E-01   1.0187736E+00   9.6391986E-01
    9.6600058E-01   9.7737519E-01   9.9630539E-01   9.7374491E-01   9.7514322E-01
    9.7886570E-01   9.8455405E-01   9.8114013E-01   9.8193395E-01   9.8406675E-01
    9.8537577E-01   9.8079676E-01   9.8101572E-01   9.8163766E-01   9.8495067E-01
    9.8208770E-01   9.8227046E-01   9.8244610E-01   9.8522909E-01

 1.6629421788E+02   8.3086794E+00   5.4743287E+13   3.3013413E+00   2.8625691E+06   4.7435069E-02   9.9849908E-01    47 
    7.9067296E-01   7.8925961E-01   7.8925961E-01   9.2110319E-01   9.2119952E-01
    9.2119952E-01   9.3453795E-01   9.3453795E-01   9.6640848E-01   9.5159749E-01
    9.5159749E-01   9.5040259E-01   9.5040259E-01   1.0527627E+00   1.0527627E+00
    9.5144858E-01   9.6189826E-01   9.6189826E-01   9.7409212E-01   9.7409212E-01
    1.0329860E+00   9.8755045E-01   9.6608000E-01   9.6304702E-01   9.9730584E-01
    9.7326997E-01   9.4086736E-01   9.6373162E-01   1.0172312E+00   9.7457489E-01
    9.7730119E-01   9.8838913E-01   9.9819354E-01   9.8313674E-01   9.8387113E-01
    9.8626638E-01   9.8971410E-01   9.8793128E-01   9.8838912E-01   9.8990537E-01
    9.9076867E-01   9.8743347E-01   9.8758821E-01   9.8803312E-01   9.9033119E-01
    9.8837199E-01   9.8855060E-01   9.8872740E-01   9.9040413E-01

 1.6539104840E+02   3.6535692E+02   6.6361133E+13   3.5267766E+00   3.8180327E+05   4.1067680E-02   9.9870041E-01    48 
    8.4888730E-01   8.4867274E-01   8.4867274E-01   9.4688575E-01   9.4414061E-01
    9.4414061E-01   9.4998503E-01   9.4998503E-01   9.7429404E-01   9.6765664E-01
    9.6765664E-01   9.6361115E-01   9.6361115E-01   1.0261409E+00   1.0261409E+00
    9.6840123E-01   9.7707192E-01   9.7707192E-01   9.8363151E-01   9.8363151E-01
    1.0183767E+00   9.9173368E-01   9.7424868E-01   9.7147053E-01   9.9094017E-01
    9.8432734E-01   9.6239200E-01   9.7455736E-01   1.0109632E+00   9.8516402E-01
    9.8754514E-01   9.9592761E-01   9.9791445E-01   9.9029692E-01   9.9052257E-01
    9.9141751E-01   9.9300831E-01   9.9283476E-01   9.9290505E-01   9.9366053E-01
    9.9405032E-01   9.9232751E-01   9.9241348E-01   9.9265970E-01   9.9372780E-01
    9.9282377E-01   9.9292104E-01   9.9302220E-01   9.9372012E-01

 1.6432155430E+02   1.5220493E+04   8.3979992E+13   3.7867826E+00   5.2135633E+04   3.3492460E-02   9.9894000E-01    49 
    9.0737491E-01   9.0734660E-01   9.0734660E-01   9.7120215E-01   9.6610961E-01
    9.6610961E-01   9.5907938E-01   9.5907938E-01   9.8447167E-01   9.8674620E-01
    9.8674620E-01   9.7785824E-01   9.7785824E-01   1.0017557E+00   1.0017557E+00
    9.8515408E-01   9.9326610E-01   9.9326610E-01   9.9014026E-01   9.9014026E-01
    9.9996425E-01   9.9540473E-01   9.8485050E-01   9.8116875E-01   9.8448665E-01
    9.9649498E-01   9.8575737E-01   9.8708300E-01   1.0012240E+00   9.9406056E-01
    9.9497358E-01   9.9926918E-01   9.9559380E-01   9.9504491E-01   9.9465084E-01
    9.9399477E-01   9.9403307E-01   9.9552154E-01   9.9525307E-01   9.9522651E-01
    9.9512706E-01   9.9543482E-01   9.9541464E-01   9.9542761E-01   9.9508291E-01
    9.9553781E-01   9.9552459E-01   9.9549793E-01   9.9510884E-01

 1.6311006951E+02   5.8593403E+05   1.1097876E+14   4.0882490E+00   7.2570623E+03   2.5913453E-02   9.9917976E-01    50 
    9.4981534E-01   9.4981202E-01   9.4981202E-01   9.8206317E-01   9.8005565E-01
    9.8005565E-01   9.7323667E-01   9.7323667E-01   9.8980238E-01   1.0002981E+00
    1.0002981E+00   9.8669289E-01   9.8669289E-01   9.8866601E-01   9.8866601E-01
    9.9492881E-01   1.0037223E+00   1.0037223E+00   9.9407755E-01   9.9407755E-01
    9.8747105E-01   9.9785675E-01   9.9258263E-01   9.8880645E-01   9.8372275E-01
    1.0042510E+00   1.0013494E+00   9.9619557E-01   9.9528327E-01   9.9853809E-01
    9.9835803E-01   9.9954127E-01   9.9473501E-01   9.9704752E-01   9.9645429E-01
    9.9548160E-01   9.9501114E-01   9.9689832E-01   9.9658937E-01   9.9629177E-01
    9.9603416E-01   9.9729476E-01   9.9723294E-01   9.9714000E-01   9.9623919E-01
    9.9726942E-01   9.9720572E-01   9.9712392E-01   9.9630880E-01

 1.6179239157E+02   1.6601018E+07   1.5332728E+14   4.4336444E+00   1.0821546E+03   1.9114353E-02   9.9939490E-01    51 
    9.7269160E-01   9.7269122E-01   9.7269122E-01   9.8889927E-01   9.8863476E-01
    9.8863476E-01   9.8723900E-01   9.8723900E-01   9.9257676E-01   9.9714971E-01
    9.9714971E-01   9.9062884E-01   9.9062884E-01   9.9058532E-01   9.9058532E-01
    9.9602734E-01   9.9965864E-01   9.9965864E-01   9.9323027E-01   9.9323027E-01
    9.8450802E-01   9.9709760E-01   9.9506413E-01   9.9252168E-01   9.8731368E-01
    1.0020084E+00   1.0012229E+00   9.9823322E-01   9.9345347E-01   9.9814720E-01
    9.9781780E-01   9.9778800E-01   9.9493040E-01   9.9709280E-01   9.9673830E-01
    9.9619646E-01   9.9584800E-01   9.9727073E-01   9.9712340E-01   9.9687499E-01
    9.9668509E-01   9.9782977E-01   9.9779303E-01   9.9769504E-01   9.9695840E-01
    9.9785261E-01   9.9779763E-01   9.9772226E-01   9.9703851E-01

 1.6041443882E+02   2.7042631E+08   2.2228449E+14   4.8246986E+00   1.8287842E+02   1.3425737E-02   9.9957495E-01    52 
    9.8510548E-01   9.8510553E-01   9.8510553E-01   9.9411240E-01   9.9385962E-01
    9.9385962E-01   9.9336813E-01   9.9336813E-01   9.9463430E-01   9.9472945E-01
    9.9472945E-01   9.9468234E-01   9.9468234E-01   9.9427429E-01   9.9427429E-01
    9.9472898E-01   9.9349514E-01   9.9349514E-01   9.9218883E-01   9.9218883E-01
    9.9070938E-01   9.9602522E-01   9.9577068E-01   9.9473150E-01   9.9259052E-01
    9.9835586E-01   9.9799503E-01   9.9740712E-01   9.9459018E-01   9.9702271E-01
    9.9680059E-01   9.9662573E-01   9.9586840E-01   9.9706670E-01   9.9694135E-01
    9.9676035E-01   9.9661097E-01   9.9732308E-01   9.9728657E-01   9.9715902E-01
    9.9708062E-01   9.9763287E-01   9.9761800E-01   9.9755722E-01   9.9723948E-01
    9.9772491E-01   9.9769275E-01   9.9765052E-01   9.9729629E-01

 1.5902927383E+02   2.6552736E+09   3.3055256E+14   5.2641845E+00   3.5270887E+01   9.1902391E-03   9.9970902E-01    53 
    9.9263181E-01   9.9263189E-01   9.9263189E-01   9.9630998E-01   9.9625904E-01
    9.9625904E-01   9.9609440E-01   9.9609440E-01   9.9670803E-01   9.9685451E-01
    9.9685451E-01   9.9694237E-01   9.9694237E-01   9.9664723E-01   9.9664723E-01
    9.9654737E-01   9.9628579E-01   9.9628579E-01   9.9610796E-01   9.9610796E-01
    9.9616466E-01   9.9722075E-01   9.9750153E-01   9.9734399E-01   9.9674933E-01
    9.9803776E-01   9.9795382E-01   9.9797971E-01   9.9713611E-01   9.9774366E-01
    9.9765191E-01   9.9757541E-01   9.9752663E-01   9.9786515E-01   9.9782702E-01
    9.9778113E-01   9.9774655E-01   9.9792819E-01   9.9792450E-01   9.9788440E-01
    9.9786668E-01   9.9799598E-01   9.9798779E-01   9.9796861E-01   9.9790761E-01
    9.9804205E-01   9.9803076E-01   9.9801632E-01   9.9792743E-01

 1.5766135386E+02   1.8085529E+10   4.9014933E+14   5.7557886E+00   7.6480033E+00   6.3071073E-03   9.9980030E-01    54 
    9.9684449E-01   9.9684454E-01   9.9684454E-01   9.9795178E-01   9.9796402E-01
    9.9796402E-01   9.9794529E-01   9.9794529E-01   9.9843177E-01   9.9849112E-01
    9.9849112E-01   9.9848104E-01   9.9848104E-01   9.9836668E-01   9.9836668E-01
    9.9846472E-01   9.9857551E-01   9.9857551E-01   9.9858336E-01   9.9858336E-01
    9.9860122E-01   9.9881196E-01   9.9899577E-01   9.9897255E-01   9.9882740E-01
    9.9901920E-01   9.9901942E-01   9.9904442E-01   9.9885445E-01   9.9896014E-01
    9.9893328E-01   9.9891508E-01   9.9891800E-01   9.9896678E-01   9.9895719E-01
    9.9894762E-01   9.9894389E-01   9.9896741E-01   9.9896849E-01   9.9896322E-01
    9.9896207E-01   9.9898163E-01   9.9897904E-01   9.9897603E-01   9.9897137E-01
    9.9899305E-01   9.9899038E-01   9.9898760E-01   9.9897608E-01

 1.5630362096E+02   8.2516982E+10   7.2034550E+14   6.3027253E+00   1.8695239E+00   4.3671027E-03   9.9986172E-01    55 
    9.9869650E-01   9.9869653E-01   9.9869653E-01   9.9903013E-01   9.9904365E-01
    9.9904365E-01   9.9904727E-01   9.9904727E-01   9.9935736E-01   9.9937885E-01
    9.9937885E-01   9.9936833E-01   9.9936833E-01   9.9932842E-01   9.9932842E-01
    9.9947911E-01   9.9952611E-01   9.9952611E-01   9.9953075E-01   9.9953075E-01
    9.9952940E-01   9.9960483E-01   9.9965391E-01   9.9963912E-01   9.9961456E-01
    9.9963926E-01   9.9963737E-01   9.9964114E-01   9.9961601E-01   9.9964077E-01
    9.9963606E-01   9.9963276E-01   9.9963369E-01   9.9964336E-01   9.9964187E-01
    9.9964063E-01   9.9964058E-01   9.9964518E-01   9.9964593E-01   9.9964568E-01
    9.9964581E-01   9.9965005E-01   9.9964955E-01   9.9964911E-01   9.9964898E-01
    9.9965252E-01   9.9965209E-01   9.9965163E-01   9.9965035E-01

 1.5494369557E+02   2.3012745E+11   1.0551144E+15   6.9083443E+00   5.1974142E-01   3.0345617E-03   9.9990391E-01    56 
    9.9942908E-01   9.9942911E-01   9.9942911E-01   9.9956429E-01   9.9957138E-01
    9.9957138E-01   9.9957415E-01   9.9957415E-01   9.9973937E-01   9.9974627E-01
    9.9974627E-01   9.9974048E-01   9.9974048E-01   9.9972909E-01   9.9972909E-01
    9.9981931E-01   9.9983172E-01   9.9983172E-01   9.9983198E-01   9.9983198E-01
    9.9983019E-01   9.9985148E-01   9.9986132E-01   9.9985833E-01   9.9985771E-01
    9.9986786E-01   9.9986665E-01   9.9986675E-01   9.9986599E-01   9.9987731E-01
    9.9987610E-01   9.9987508E-01   9.9987503E-01   9.9987918E-01   9.9987910E-01
    9.9987902E-01   9.9987908E-01   9.9988117E-01   9.9988143E-01   9.9988141E-01
    9.9988144E-01   9.9988303E-01   9.9988293E-01   9.9988281E-01   9.9988276E-01
    9.9988373E-01   9.9988365E-01   9.9988354E-01   9.9988328E-01

 1.5356973715E+02   4.4085250E+11   1.5436546E+15   7.5816482E+00   1.6254985E-01   2.1117824E-03   9.9993313E-01    57 
    9.9972717E-01   9.9972721E-01   9.9972721E-01   9.9978600E-01   9.9978958E-01
    9.9978958E-01   9.9979156E-01   9.9979156E-01   9.9988026E-01   9.9988242E-01
    9.9988242E-01   9.9987982E-01   9.9987982E-01   9.9987718E-01   9.9987718E-01
    9.9992262E-01   9.9992683E-01   9.9992683E-01   9.9992713E-01   9.9992713E-01
    9.9992647E-01   9.9993348E-01   9.9993606E-01   9.9993626E-01   9.9993797E-01
    9.9994375E-01   9.9994395E-01   9.9994397E-01   9.9994486E-01   9.9995084E-01
    9.9995028E-01   9.9994982E-01   9.9994968E-01   9.9995183E-01   9.9995189E-01
    9.9995190E-01   9.9995192E-01   9.9995301E-01   9.9995310E-01   9.9995308E-01
    9.9995308E-01   9.9995379E-01   9.9995376E-01   9.9995372E-01   9.9995369E-01
    9.9995408E-01   9.9995405E-01   9.9995401E-01   9.9995392E-01

 1.5282095026E+02   5.7464876E+11   1.8866917E+15   7.9778073E+00   9.0246103E-02   1.7449039E-03   9.9994475E-01    58 
    9.9982116E-01   9.9982120E-01   9.9982120E-01   9.9986300E-01   9.9986554E-01
    9.9986554E-01   9.9986695E-01   9.9986695E-01   9.9992626E-01   9.9992680E-01
    9.9992680E-01   9.9992524E-01   9.9992524E-01   9.9992426E-01   9.9992426E-01
    9.9995348E-01   9.9995577E-01   9.9995577E-01   9.9995607E-01   9.9995607E-01
    9.9995575E-01   9.9995960E-01   9.9996090E-01   9.9996120E-01   9.9996261E-01
    9.9996624E-01   9.9996672E-01   9.9996677E-01   9.9996745E-01   9.9997143E-01
    9.9997097E-01   9.9997069E-01   9.9997057E-01   9.9997195E-01   9.9997200E-01
    9.9997199E-01   9.9997201E-01   9.9997270E-01   9.9997274E-01   9.9997272E-01
    9.9997272E-01   9.9997316E-01   9.9997314E-01   9.9997312E-01   9.9997310E-01
    9.9997333E-01   9.9997331E-01   9.9997329E-01   9.9997324E-01

 1.5244581960E+02   6.4679514E+11   2.0800477E+15   8.1841252E+00   6.7934044E-02   1.5905396E-03   9.9994963E-01    59 
    9.9981172E-01   9.9981176E-01   9.9981176E-01   9.9986501E-01   9.9986770E-01
    9.9986770E-01   9.9986898E-01   9.9986898E-01   9.9993102E-01   9.9993174E-01
    9.9993174E-01   9.9993033E-01   9.9993033E-01   9.9992887E-01   9.9992887E-01
    9.9995681E-01   9.9995898E-01   9.9995898E-01   9.9995932E-01   9.9995932E-01
    9.9995907E-01   9.9996292E-01   9.9996414E-01   9.9996450E-01   9.9996578E-01
    9.9996904E-01   9.9996958E-01   9.9996966E-01   9.9997034E-01   9.9997393E-01
    9.9997356E-01   9.9997334E-01   9.9997323E-01   9.9997454E-01   9.9997459E-01
    9.9997458E-01   9.9997459E-01   9.9997524E-01   9.9997528E-01   9.9997526E-01
    9.9997526E-01   9.9997566E-01   9.9997565E-01   9.9997563E-01   9.9997561E-01
    9.9997583E-01   9.9997581E-01   9.9997579E-01   9.9997574E-01

 1.5232057105E+02   6.7180735E+11   2.1474134E+15   8.2566961E+00   6.1478181E-02   1.5431900E-03   9.9995113E-01    60 
    9.9786659E-01   9.9790642E-01   9.9790642E-01   9.9895637E-01   9.9989411E-01
    9.9989411E-01   9.9896176E-01   9.9896176E-01   1.0000166E+00   1.0004532E+00
    1.0004532E+00   9.9985524E-01   9.9985524E-01   9.9876246E-01   9.9876246E-01
    1.0002318E+00   1.0003161E+00   1.0003161E+00   9.9993492E-01   9.9993492E-01
    9.9930953E-01   1.0001208E+00   1.0001109E+00   9.9991737E-01   9.9965987E-01
    1.0008440E+00   1.0009244E+00   1.0005981E+00   9.9986167E-01   1.0000171E+00
    9.9999220E-01   9.9995352E-01   9.9990476E-01   9.9992948E-01   9.9992574E-01
    9.9991284E-01   9.9990569E-01   9.9991530E-01   9.9991421E-01   9.9990845E-01
    9.9990610E-01   9.9991483E-01   9.9991445E-01   9.9991277E-01   9.9990643E-01
    9.9991399E-01   9.9991358E-01   9.9991257E-01   9.9990670E-01
