 
  Scaling is for STEQ_VALS(NT,:). This is cgs units scaled
  by a factor of 10^10 on 4PI. The 10^9 comes from V . T
 
 SCALE=1.0D+09*BOLTZMANN_CONSTANT()/4.0D0/PI=  1.0987E-08
 T1=R(I)-R(I+1)
 GAMMA=ED/POP_ATOM
 A=1.5D0*SCALE*(POP_ATOM+ED)*V/T1 * (T(I)-T(I+1)
 B=SCALE*(POP_ATOM+ED)*V*(3.0D0+SIGMA)/R * T(I)
 C=1.5D0*SCALE*POP_ATOM*V/T1 * T(I)*(GAMMA(I)-GAMMA(I+1))
 D=SCALE*POP_ATOM*V/T1* (INT_EN(I)-INT_EN(I+1))
 
        R                  V        SIGMA            T       NU_ION            A            B            C            D
  4.4955446E+04   1.4729E+03  -9.9241E-01   1.0339E+00   3.5508E+00  -8.8533E-05   5.4435E-04  -1.0606E-07  -4.3229E-06
  4.4497552E+04   1.4728E+03  -9.9232E-01   1.0362E+00   3.5509E+00  -9.2753E-05   5.6260E-04  -1.0142E-07  -4.1250E-06
  4.3595029E+04   1.4726E+03  -9.9215E-01   1.0408E+00   3.5510E+00  -1.0198E-04   6.0100E-04  -1.2767E-07  -5.1686E-06
  4.1847281E+04   1.4721E+03  -9.9184E-01   1.0503E+00   3.5513E+00  -1.2195E-04   6.8579E-04  -9.1720E-08  -3.6817E-06
  3.8561396E+04   1.4711E+03  -9.9106E-01   1.0699E+00   3.5517E+00  -1.7150E-04   8.9321E-04  -1.3811E-07  -5.4413E-06
  3.2730580E+04   1.4688E+03  -9.8891E-01   1.1115E+00   3.5525E+00  -3.1916E-04   1.5191E-03  -2.6874E-07  -1.0192E-05
  2.3830962E+04   1.4630E+03  -9.8404E-01   1.1967E+00   3.5542E+00  -7.8373E-04   4.2478E-03  -8.3516E-07  -2.9415E-05
  1.7379442E+04   1.4551E+03  -9.7812E-01   1.2770E+00   3.5561E+00  -1.6695E-03   1.1722E-02  -2.0440E-06  -6.7466E-05
  1.2692334E+04   1.4444E+03  -9.7005E-01   1.3431E+00   3.5577E+00  -3.1945E-03   3.1781E-02  -4.2941E-06  -1.3478E-04
  9.2836299E+03   1.4300E+03  -9.5905E-01   1.3922E+00   3.5590E+00  -6.0690E-03   8.4642E-02  -8.3078E-06  -2.5161E-04
  6.8120623E+03   1.4107E+03  -9.4390E-01   1.4283E+00   3.5600E+00  -1.2703E-02   2.2145E-01  -1.6037E-05  -4.7357E-04
  5.0188432E+03   1.3849E+03  -9.2299E-01   1.4579E+00   3.5607E+00  -3.0803E-02   5.7095E-01  -3.3045E-05  -9.5637E-04
  3.7130881E+03   1.3506E+03  -8.9395E-01   1.4862E+00   3.5612E+00  -8.3409E-02   1.4575E+00  -7.4464E-05  -2.1145E-03
  2.7597953E+03   1.3053E+03  -8.5321E-01   1.5169E+00   3.5617E+00  -2.2334E-01   3.6929E+00  -1.6844E-04  -4.6854E-03
  2.0630123E+03   1.2458E+03  -7.9547E-01   1.5500E+00   3.5621E+00  -5.0401E-01   9.2772E+00  -2.9713E-04  -8.0784E-03
  1.5539196E+03   1.1687E+03  -7.1411E-01   1.5806E+00   3.5624E+00  -8.8109E-01   2.2954E+01  -1.5346E-04  -4.0293E-03
  1.1828288E+03   1.0717E+03  -6.1318E-01   1.6027E+00   3.5625E+00  -2.7826E+00   5.5102E+01  -1.9420E-04  -4.7155E-03
  9.1331402E+02   9.5982E+02  -4.6010E-01   1.6320E+00   3.5625E+00  -1.0963E+01   1.2970E+02  -2.2352E-03  -5.6235E-02
  7.1608966E+02   8.2595E+02  -2.1990E-01   1.6824E+00   3.5627E+00  -3.5065E+01   3.0365E+02  -1.7492E-02  -4.3232E-01
  5.7391954E+02   6.7538E+02   1.2188E-01   1.7539E+00   3.5633E+00  -7.1681E+01   6.9049E+02  -2.9087E-02  -6.8138E-01
  4.7211244E+02   5.2193E+02   6.3882E-01   1.8212E+00   3.5637E+00  -2.5032E+02   1.5013E+03  -1.9997E-01  -4.5803E+00
  3.9908900E+02   3.7368E+02   1.4572E+00   1.9351E+00   3.5650E+00  -5.1048E+02   3.2347E+03  -3.4400E-01  -7.4407E+00
  3.5266927E+02   2.5890E+02   2.6367E+00   2.0406E+00   3.5659E+00  -6.9885E+02   6.2309E+03  -1.8382E-01  -3.7992E+00
  3.2428585E+02   1.7970E+02   4.1917E+00   2.1099E+00   3.5662E+00  -2.9019E+02   1.0126E+04  -4.1638E+00  -8.2906E+01
  3.0560960E+02   1.2490E+02   6.1880E+00   2.1266E+00   3.5691E+00   1.6343E+02   1.2599E+04  -1.6346E+01  -3.2278E+02
  2.9262749E+02   8.6731E+01   8.7721E+00   2.1194E+00   3.5780E+00  -1.9924E+01   1.1558E+04  -1.3993E+01  -2.7722E+02
  2.8328077E+02   5.9957E+01   1.2039E+01   2.1203E+00   3.5860E+00  -3.0726E+02   9.3612E+03   5.1112E+00   1.0169E+02
  2.7640372E+02   4.1510E+01   1.5871E+01   2.1372E+00   3.5825E+00  -4.1103E+02   7.9068E+03   1.6427E+01   3.2342E+02
  2.7109632E+02   2.8672E+01   1.9846E+01   2.1641E+00   3.5693E+00  -2.5527E+02   7.1238E+03   1.4946E+01   2.9020E+02
  2.6690497E+02   2.0139E+01   4.0535E+01   2.1823E+00   3.5563E+00   7.9697E+02   1.1119E+04   2.2134E+01   4.2519E+02
  2.6517879E+02   1.3949E+01   1.3536E+02   2.1530E+00   3.5465E+00   1.9470E+03   2.9421E+04   3.0762E+01   5.9679E+02
  2.6472847E+02   9.9213E+00   3.1239E+02   2.1307E+00   3.5422E+00   1.9355E+03   5.8892E+04   3.4865E+01   6.8077E+02
  2.6448474E+02   6.6891E+00   4.2536E+02   2.1171E+00   3.5392E+00   1.3484E+03   7.2052E+04   2.1343E+01   4.1805E+02
  2.6424145E+02   4.6675E+00   3.8833E+02   2.1067E+00   3.5372E+00   4.2416E+02   6.1645E+04   1.2746E+01   2.4995E+02
  2.6397079E+02   3.2374E+00   3.5796E+02   2.1028E+00   3.5357E+00  -2.5885E+02   5.4425E+04   7.8427E+00   1.5329E+02
  2.6368605E+02   2.2479E+00   3.4098E+02   2.1054E+00   3.5348E+00  -3.3073E+02   5.0495E+04   5.0480E+00   9.7803E+01
  2.6339164E+02   1.5600E+00   3.3066E+02   2.1089E+00   3.5341E+00   2.5323E+01   4.8168E+04   3.3732E+00   6.4507E+01
  2.6309026E+02   1.0828E+00   3.2230E+02   2.1087E+00   3.5337E+00   5.0584E+02   4.6411E+04   2.3010E+00   4.3253E+01
  2.6278064E+02   7.5126E-01   3.1251E+02   2.1028E+00   3.5334E+00   8.8757E+02   4.4577E+04   1.5591E+00   2.8622E+01
  2.6245927E+02   5.2141E-01   2.9841E+02   2.0920E+00   3.5332E+00   9.0733E+02   4.2215E+04   1.0059E+00   1.7804E+01
  2.6211596E+02   3.6136E-01   2.7732E+02   2.0802E+00   3.5330E+00   4.2733E+02   3.8994E+04   5.8527E-01   9.6824E+00
  2.6176506E+02   2.5631E-01   2.5041E+02   2.0745E+00   3.5329E+00  -3.9554E+02   3.5179E+04   2.4928E-01   3.3022E+00
  2.6142423E+02   1.9001E-01   2.2273E+02   2.0796E+00   3.5329E+00  -1.3021E+03   3.1470E+04  -5.0799E-02  -2.3238E+00
  2.6108257E+02   1.4538E-01   1.9786E+02   2.0966E+00   3.5329E+00  -2.1447E+03   2.8302E+04  -3.8614E-01  -8.5591E+00
  2.6073117E+02   1.1366E-01   1.7629E+02   2.1252E+00   3.5330E+00  -2.8941E+03   2.5686E+04  -8.7395E-01  -1.7595E+01
  2.6036344E+02   9.0232E-02   1.5758E+02   2.1656E+00   3.5331E+00  -3.5899E+03   2.3524E+04  -1.7790E+00  -3.4284E+01
  2.5997406E+02   7.2446E-02   1.4093E+02   2.2185E+00   3.5335E+00  -4.2724E+03   2.1685E+04  -3.8016E+00  -7.1128E+01
  2.5955836E+02   5.8724E-02   1.2543E+02   2.2855E+00   3.5342E+00  -4.9555E+03   2.0023E+04  -8.8829E+00  -1.6161E+02
  2.5911168E+02   4.8062E-02   1.1028E+02   2.3689E+00   3.5359E+00  -5.6053E+03   1.8395E+04  -2.2621E+01  -3.9857E+02
  2.5862874E+02   3.9779E-02   9.4986E+01   2.4705E+00   3.5404E+00  -6.0999E+03   1.6685E+04  -6.1474E+01  -1.0426E+03
  2.5810267E+02   3.3381E-02   7.9650E+01   2.5905E+00   3.5532E+00  -6.2771E+03   1.4852E+04  -1.6448E+02  -2.6678E+03
  2.5752347E+02   2.8443E-02   6.5330E+01   2.7259E+00   3.5892E+00  -6.1699E+03   1.3024E+04  -3.9766E+02  -6.1377E+03
  2.5687623E+02   2.4568E-02   5.3962E+01   2.8737E+00   3.6814E+00  -5.9584E+03   1.1571E+04  -7.6665E+02  -1.1230E+04
  2.5614209E+02   2.1317E-02   4.7643E+01   3.0343E+00   3.8717E+00  -5.7427E+03   1.1034E+04  -1.0269E+03  -1.4248E+04
  2.5530559E+02   1.8293E-02   4.6025E+01   3.2084E+00   4.1453E+00  -5.6872E+03   1.1522E+04  -9.2156E+02  -1.2094E+04
  2.5435905E+02   1.5367E-02   4.6617E+01   3.4003E+00   4.4065E+00  -5.8427E+03   1.2617E+04  -5.8668E+02  -7.2671E+03
  2.5330125E+02   1.2577E-02   4.7731E+01   3.6169E+00   4.5805E+00  -6.1182E+03   1.3982E+04  -2.9481E+02  -3.4367E+03
  2.5213820E+02   1.0042E-02   4.8598E+01   3.8627E+00   4.6703E+00  -6.4616E+03   1.5448E+04  -1.3153E+02  -1.4418E+03
  2.5087972E+02   7.8346E-03   4.9797E+01   4.1401E+00   4.7107E+00  -6.8697E+03   1.7222E+04  -5.7577E+01  -5.9956E+02
  2.4953857E+02   5.9467E-03   5.2200E+01   4.4509E+00   4.7284E+00  -7.4092E+03   1.9682E+04  -2.8468E+01  -2.9303E+02
  2.4813966E+02   4.3773E-03   5.5096E+01   4.7965E+00   4.7373E+00  -8.1582E+03   2.2709E+04  -1.7602E+01  -1.8530E+02
  2.4671734E+02   3.1612E-03   5.6553E+01   5.1790E+00   4.7430E+00  -9.0856E+03   2.5576E+04  -1.1323E+01  -1.1922E+02
  2.4529277E+02   2.2784E-03   5.6040E+01   5.6008E+00   4.7466E+00  -1.0085E+04   2.7903E+04  -7.2938E+00  -7.8340E+01
  2.4386727E+02   1.6513E-03   5.4611E+01   6.0638E+00   4.7490E+00  -1.1092E+04   3.0000E+04  -6.8435E+00  -7.9271E+01
  2.4243243E+02   1.2025E-03   5.3193E+01   6.5705E+00   4.7513E+00  -1.2122E+04   3.2274E+04  -9.0000E+00  -1.0606E+02
  2.4095954E+02   8.7306E-04   5.1582E+01   7.1322E+00   4.7546E+00  -1.3150E+04   3.4658E+04  -1.0638E+01  -1.1910E+02
  2.3978619E+02   6.8051E-04   4.9358E+01   7.6117E+00   4.7574E+00  -1.3909E+04   3.6006E+04  -1.0109E+01  -1.0667E+02
  2.3920225E+02   6.0322E-04   4.7843E+01   7.8616E+00   4.7587E+00  -1.4288E+04   3.6378E+04  -9.2344E+00  -9.4425E+01
  2.3890930E+02   5.6849E-04   4.6899E+01   7.9898E+00   4.7592E+00  -1.4766E+04   3.6419E+04  -9.2060E+00  -9.2542E+01
  2.3881148E+02   5.5749E-04   4.6515E+01   8.0339E+00   4.7594E+00  -1.4778E+04   3.6383E+04  -9.2644E+00  -9.2617E+01
