 Output format date:         27-JAN-1992         
 Completion of Model:        31-Jul-2020 19:46:42
 ND:                            60
 HYD/He abundance:            1.00000E+00
    8.3727516E+05   8.5724614E+05   8.9865173E+05   9.8746536E+05   1.1920318E+06   1.7365805E+06   3.6023208E+06   7.4714469E+06
    1.5491625E+07   3.2022457E+07   6.5851716E+07   1.3502751E+08   2.7663884E+08   5.6652936E+08   1.1602194E+09   2.3867622E+09
    4.9181249E+09   1.0097994E+10   2.0841778E+10   4.2766408E+10   8.1010025E+10   1.2417989E+11   1.3192105E+11   1.1855584E+11
    1.1535662E+11   1.3243719E+11   1.6297249E+11   2.1388191E+11   2.8018265E+11   3.9694731E+11   5.7225012E+11   8.4109377E+11
    1.2479560E+12   1.8697892E+12   2.8120878E+12   4.2539264E+12   6.4534021E+12   9.6501414E+12   1.3495451E+13   1.8070132E+13
    2.3522120E+13   2.9950429E+13   3.7290504E+13   4.5234089E+13   5.3140190E+13   6.0286089E+13   6.7380898E+13   7.7768582E+13
    9.5559022E+13   1.2452945E+14   1.7067523E+14   2.4443963E+14   3.5752283E+14   5.2311892E+14   7.6093967E+14   1.1045729E+15
    1.5127821E+15   1.7058717E+15   1.8097560E+15   1.8453823E+15
 Number of HI levels:           30
 HI Oscillator date:         12-OCT-1995
    1.8383252E-02   2.0430403E-08   1.1496343E-08   1.6191550E-08   1.8692573E-08   2.4455021E-08   2.8447273E-08   2.3098971E-08
    2.4740113E-08   2.5010547E-08   2.9726065E-08   3.1564125E-08   4.1428575E-08   4.7879900E-08   5.2559849E-08   5.9896460E-08
    6.9012251E-08   7.6233835E-08   8.4291480E-08   9.4174680E-08   1.0414940E-07   1.1549442E-07   1.2729741E-07   1.3979628E-07
    1.5254542E-07   1.6574311E-07   1.7919329E-07   1.9302732E-07   2.0718032E-07   2.2163747E-07   1.8785152E-02   2.1371835E-08
    1.2027325E-08   1.6936305E-08   1.9554013E-08   2.5583205E-08   2.9759759E-08   2.4152806E-08   2.5876199E-08   2.6149979E-08
    3.1080107E-08   3.3002140E-08   4.3309115E-08   5.0050870E-08   5.4950199E-08   6.2618466E-08   7.2132229E-08   7.9695269E-08
    8.8131914E-08   9.8458592E-08   1.0889254E-07   1.2074109E-07   1.3306809E-07   1.4611574E-07   1.5942788E-07   1.7320729E-07
    1.8725383E-07   2.0170205E-07   2.1648594E-07   2.3159066E-07   1.9616262E-02   2.3389160E-08   1.3164849E-08   1.8531217E-08
    2.1399154E-08   2.7999942E-08   3.2571366E-08   2.6408325E-08   2.8309276E-08   2.8588714E-08   3.3978193E-08   3.6080178E-08
    4.7333062E-08   5.4695944E-08   6.0066123E-08   6.8443862E-08   7.8807165E-08   8.7103008E-08   9.6352436E-08   1.0762760E-07
    1.1904433E-07   1.3196881E-07   1.4541545E-07   1.5963525E-07   1.7415029E-07   1.8917265E-07   2.0449381E-07   2.2025493E-07
    2.3638770E-07   2.5287720E-07   2.1389400E-02   2.8009236E-08   1.5770547E-08   2.2181980E-08   2.5624339E-08   3.3535184E-08
    3.9011265E-08   3.1565157E-08   3.3879251E-08   3.4164550E-08   4.0604395E-08   4.3118948E-08   5.6528614E-08   6.5309392E-08
    7.1762335E-08   8.1760438E-08   9.4055962E-08   1.0403626E-07   1.1515116E-07   1.2859169E-07   1.4225472E-07   1.5763092E-07
    1.7362866E-07   1.9051760E-07   2.0777341E-07   2.2562816E-07   2.4385554E-07   2.6261091E-07   2.8182120E-07   3.0147134E-07
    2.5433700E-02   4.0161475E-08   2.2628578E-08   3.1775620E-08   3.6737234E-08   4.8100392E-08   5.5958436E-08   4.5084193E-08
    4.8523684E-08   4.8785132E-08   5.7980408E-08   6.1584431E-08   8.0616199E-08   9.3103712E-08   1.0243170E-07   1.1666999E-07
    1.3398156E-07   1.4842609E-07   1.6446910E-07   1.8357157E-07   2.0311948E-07   2.2488288E-07   2.4752586E-07   2.7136017E-07
    2.9575596E-07   3.2099137E-07   3.4680015E-07   3.7337050E-07   4.0061887E-07   4.2853021E-07   3.6036079E-02   8.2683116E-08
    4.6667536E-08   6.5274711E-08   7.5633103E-08   9.9143024E-08   1.1536903E-07   9.2050754E-08   9.9791194E-08   9.9652089E-08
    1.1845359E-07   1.2592822E-07   1.6425042E-07   1.8956703E-07   2.0919370E-07   2.3813678E-07   2.7259243E-07   3.0289359E-07
    3.3632064E-07   3.7502489E-07   4.1499929E-07   4.5872416E-07   5.0421412E-07   5.5188986E-07   6.0084760E-07   6.5148879E-07
    7.0344562E-07   7.5699464E-07   8.1202698E-07   8.6852929E-07   7.2031595E-02   3.3897145E-07   1.9269520E-07   2.6655838E-07
    3.1107555E-07   4.0936552E-07   4.7696449E-07   3.7092249E-07   4.1166972E-07   4.0414513E-07   4.8093848E-07   5.1335392E-07
    6.6282766E-07   7.6459183E-07   8.5039630E-07   9.6737313E-07   1.1020904E-06   1.2308194E-06   1.3707516E-06   1.5261313E-06
    1.6879624E-06   1.8610153E-06   2.0410825E-06   2.2289594E-06   2.4228411E-06   2.6235654E-06   2.8304440E-06   3.0440685E-06
    3.2642595E-06   3.4910223E-06   1.4696795E-01   1.4093540E-06   8.1062738E-07   1.1045129E-06   1.3029425E-06   1.7253976E-06
    2.0157272E-06   1.5137744E-06   1.7400314E-06   1.6732806E-06   1.9945952E-06   2.1470009E-06   2.7302746E-06   3.1535555E-06
    3.5422927E-06   4.0320004E-06   4.5819996E-06   5.1355248E-06   5.7296301E-06   6.3720060E-06   7.0427688E-06   7.7513189E-06
    8.4888499E-06   9.2570240E-06   1.0052271E-05   1.0876427E-05   1.1728222E-05   1.2608968E-05   1.3518398E-05   1.4456610E-05
    3.0412734E-01   5.9001542E-06   3.4510857E-06   4.6073865E-06   5.5230097E-06   7.3636465E-06   8.6138723E-06   6.2089318E-06
    7.4916484E-06   7.0300877E-06   8.3900111E-06   9.1547802E-06   1.1420074E-05   1.3235950E-05   1.5022289E-05   1.7130712E-05
    1.9449582E-05   2.1844309E-05   2.4390455E-05   2.7101213E-05   2.9933492E-05   3.2906771E-05   3.6003038E-05   3.9226297E-05
    4.2569736E-05   4.6037664E-05   4.9627911E-05   5.3343548E-05   5.7184333E-05   6.1150741E-05   6.3361029E-01   2.4529394E-05
    1.4693243E-05   1.9049354E-05   2.3428667E-05   3.1403658E-05   3.6635209E-05   2.5202072E-05   3.2406338E-05   2.9680804E-05
    3.5399849E-05   3.9327185E-05   4.8136422E-05   5.6011878E-05   6.4100484E-05   7.3219256E-05   8.3081178E-05   9.3374961E-05
    1.0425380E-04   1.1574150E-04   1.2774833E-04   1.4031765E-04   1.5341451E-04   1.6704996E-04   1.8121221E-04   1.9591217E-04
    2.1114696E-04   2.2692419E-04   2.4324442E-04   2.6010953E-04   1.3228596E+00   9.9739078E-05   6.1866546E-05   7.7078705E-05
    9.8433394E-05   1.3214011E-04   1.5265208E-04   1.0020290E-04   1.3875949E-04   1.2548141E-04   1.4897572E-04   1.6867945E-04
    2.0328524E-04   2.3697633E-04   2.7234323E-04   3.1111127E-04   3.5258504E-04   3.9607524E-04   4.4190413E-04   4.9012362E-04
    5.4055810E-04   5.9331105E-04   6.4832086E-04   7.0562041E-04   7.6519333E-04   8.2706864E-04   8.9124536E-04   9.5774313E-04
    1.0265661E-03   1.0977205E-03   2.7740659E+00   3.9248447E-04   2.5580292E-04   3.0441927E-04   4.0859369E-04   5.4499771E-04
    6.1726712E-04   3.9395229E-04   5.8198631E-04   5.3445509E-04   6.2856171E-04   7.2221099E-04   8.5934778E-04   1.0000515E-03
    1.1493415E-03   1.3106310E-03   1.4823083E-03   1.6629094E-03   1.8531375E-03   2.0531319E-03   2.2625698E-03   2.4817024E-03
    2.7104327E-03   2.9488533E-03   3.1969505E-03   3.4547988E-03   3.7224075E-03   3.9998244E-03   4.2870632E-03   4.5841399E-03
    5.8595283E+00   1.4778152E-03   1.0264889E-03   1.1763219E-03   1.6604152E-03   2.1761053E-03   2.4017385E-03   1.5625678E-03
    2.3606512E-03   2.2857606E-03   2.6541642E-03   3.0709317E-03   3.6119297E-03   4.1842432E-03   4.7958670E-03   5.4530931E-03
    6.1522107E-03   6.8901072E-03   7.6681942E-03   8.4868458E-03   9.3454478E-03   1.0244554E-02   1.1184000E-02   1.2164000E-02
    1.3184545E-02   1.4245798E-02   1.5347778E-02   1.6490578E-02   1.7674211E-02   1.8898688E-02   1.2494493E+01   5.2620186E-03
    3.9865663E-03   4.5378165E-03   6.4784792E-03   8.3054819E-03   8.9640421E-03   6.4247747E-03   9.2772167E-03   9.6663969E-03
    1.1074006E-02   1.2825543E-02   1.4935897E-02   1.7212449E-02   1.9660924E-02   2.2290899E-02   2.5093147E-02   2.8060272E-02
    3.1193992E-02   3.4495134E-02   3.7962180E-02   4.1596042E-02   4.5396237E-02   4.9363060E-02   5.3496362E-02   5.7796328E-02
    6.2262843E-02   6.6895904E-02   7.1695312E-02   7.6660818E-02   2.7121637E+01   1.8203502E-02   1.5857605E-02   1.8491567E-02
    2.4704504E-02   3.1359921E-02   3.3708319E-02   2.7786775E-02   3.6874798E-02   4.0642028E-02   4.5939982E-02   5.3047826E-02
    6.1308518E-02   7.0337584E-02   8.0110308E-02   9.0623114E-02   1.0184831E-01   1.1376493E-01   1.2636862E-01   1.3966038E-01
    1.5363453E-01   1.6829103E-01   1.8362750E-01   1.9964329E-01   2.1633692E-01   2.3370750E-01   2.5175344E-01   2.7047313E-01
    2.8986427E-01   3.0992407E-01   6.0667983E+01   6.9641366E-02   6.7078754E-02   7.9588599E-02   1.0382117E-01   1.2849046E-01
    1.3811145E-01   1.2666539E-01   1.5193980E-01   1.7085192E-01   1.9281633E-01   2.2186286E-01   2.5532650E-01   2.9209995E-01
    3.3207775E-01   3.7515193E-01   4.2120790E-01   4.7017483E-01   5.2201186E-01   5.7671700E-01   6.3426515E-01   6.9464570E-01
    7.5784545E-01   8.2385510E-01   8.9266356E-01   9.6426005E-01   1.0386309E+00   1.1157602E+00   1.1956278E+00   1.2782089E+00
    1.3986951E+02   2.6336051E-01   2.6942153E-01   3.0000488E-01   4.4545984E-01   4.9624197E-01   4.9289532E-01   5.2247529E-01
    5.9539155E-01   6.8244179E-01   7.8316825E-01   9.0257609E-01   1.0395701E+00   1.1898065E+00   1.3528289E+00   1.5283200E+00
    1.7159187E+00   1.9153748E+00   2.1265120E+00   2.3493074E+00   2.5836714E+00   2.8295452E+00   3.0868639E+00   3.3555648E+00
    3.6355734E+00   3.9268038E+00   4.2291485E+00   4.5424740E+00   4.8666113E+00   5.2013469E+00   3.2350108E+02   1.0230740E+00
    1.0471532E+00   1.1677361E+00   1.5389933E+00   1.9317726E+00   1.9317540E+00   2.1139126E+00   2.3423125E+00   2.7057735E+00
    3.1239345E+00   3.6051989E+00   4.1520198E+00   4.7531664E+00   5.4052585E+00   6.1067770E+00   6.8565051E+00   7.6536585E+00
    8.4974804E+00   9.3877730E+00   1.0324115E+01   1.1306151E+01   1.2333495E+01   1.3405704E+01   1.4522231E+01   1.5682395E+01
    1.6885320E+01   1.8129887E+01   1.9414651E+01   2.0737754E+01   7.8818940E+02   3.4101240E+00   3.7039605E+00   4.3980423E+00
    5.0517652E+00   6.7398194E+00   7.1660018E+00   8.1667890E+00   9.1325954E+00   1.0562465E+01   1.2270096E+01   1.4233601E+01
    1.6425415E+01   1.8830096E+01   2.1433047E+01   2.4229055E+01   2.7214401E+01   3.0386318E+01   3.3742053E+01   3.7280529E+01
    4.0999714E+01   4.4897427E+01   4.8971013E+01   5.3217133E+01   5.7631448E+01   6.2208286E+01   6.6940168E+01   7.1817238E+01
    7.6826471E+01   8.1950645E+01   1.9357117E+03   1.6915122E+01   1.3197954E+01   1.4934737E+01   1.6788416E+01   2.1740155E+01
    2.4414751E+01   2.8401003E+01   3.3142884E+01   3.9063695E+01   4.5879184E+01   5.3522601E+01   6.1961183E+01   7.1164058E+01
    8.1104552E+01   9.1762050E+01   1.0312623E+02   1.1518829E+02   1.2793796E+02   1.4136778E+02   1.5546618E+02   1.7021850E+02
    1.8560537E+02   2.0160077E+02   2.1816952E+02   2.3526395E+02   2.5281935E+02   2.7074774E+02   2.8892946E+02   3.0720183E+02
    4.7637738E+03   5.6611210E+01   3.7293461E+01   4.1536616E+01   5.1678393E+01   6.3311702E+01   7.3704812E+01   8.8573319E+01
    1.0609139E+02   1.2654438E+02   1.4972067E+02   1.7544844E+02   2.0364918E+02   2.3427942E+02   2.6727839E+02   3.0260182E+02
    3.4021826E+02   3.8009725E+02   4.2219829E+02   4.6647663E+02   5.1286653E+02   5.6127805E+02   6.1158643E+02   6.6361799E+02
    7.1713052E+02   7.7178571E+02   8.2711096E+02   8.8244691E+02   9.3687767E+02   9.8914275E+02   8.6705055E+03   1.0971531E+02
    7.3029969E+01   8.4804852E+01   1.0816717E+02   1.3238669E+02   1.5979011E+02   1.9439788E+02   2.3552961E+02   2.8245458E+02
    3.3528164E+02   3.9368055E+02   4.5754722E+02   5.2675309E+02   6.0121214E+02   6.8084876E+02   7.6558186E+02   8.5532558E+02
    9.4995857E+02   1.0493256E+03   1.1531995E+03   1.2612597E+03   1.3730512E+03   1.4879266E+03   1.6049642E+03   1.7228518E+03
    1.8397269E+03   1.9529662E+03   2.0589269E+03   2.1526730E+03   7.8368129E+03   1.2193508E+02   8.1480211E+01   9.4480303E+01
    1.1712336E+02   1.4477343E+02   1.7707491E+02   2.1634128E+02   2.6297858E+02   3.1572391E+02   3.7505077E+02   4.4057192E+02
    5.1221565E+02   5.8978835E+02   6.7321955E+02   7.6243811E+02   8.5734977E+02   9.5785522E+02   1.0638129E+03   1.1750372E+03
    1.2912574E+03   1.4120890E+03   1.5369846E+03   1.6651629E+03   1.7955081E+03   1.9264278E+03   2.0556579E+03   2.1800084E+03
    2.2950585E+03   2.3948487E+03   5.4014574E+03   1.0279546E+02   6.6615929E+01   7.4365343E+01   9.0847271E+01   1.1411984E+02
    1.4135034E+02   1.7384050E+02   2.1209558E+02   2.5487161E+02   3.0295299E+02   3.5601353E+02   4.1400558E+02   4.7677126E+02
    5.4426396E+02   6.1643678E+02   6.9322000E+02   7.7454169E+02   8.6029969E+02   9.5036000E+02   1.0445277E+03   1.1425269E+03
    1.2439666E+03   1.3482913E+03   1.4547116E+03   1.5621052E+03   1.6688814E+03   1.7727999E+03   1.8707469E+03   1.9584893E+03
    4.4470590E+03   9.9951882E+01   6.2604325E+01   6.6834030E+01   8.1381397E+01   1.0353397E+02   1.2998575E+02   1.6126998E+02
    1.9774661E+02   2.3812631E+02   2.8340817E+02   3.3330477E+02   3.8776867E+02   4.4668196E+02   5.1000798E+02   5.7770938E+02
    6.4972762E+02   7.2599899E+02   8.0643281E+02   8.9090736E+02   9.7924636E+02   1.0711998E+03   1.1664132E+03   1.2643837E+03
    1.3643967E+03   1.4654380E+03   1.5660708E+03   1.6642721E+03   1.7572287E+03   1.8411090E+03   4.7984334E+03   1.2784483E+02
    8.0487046E+01   8.2660268E+01   1.0069413E+02   1.2907788E+02   1.6388201E+02   2.0491274E+02   2.5235559E+02   3.0476059E+02
    3.6329817E+02   4.2767850E+02   4.9783896E+02   5.7368081E+02   6.5516144E+02   7.4223403E+02   8.3482593E+02   9.3284754E+02
    1.0361697E+03   1.1446121E+03   1.2579137E+03   1.3757012E+03   1.4974411E+03   1.6223710E+03   1.7494013E+03   1.8769757E+03
    2.0028812E+03   2.1239989E+03   2.2360063E+03   2.3330773E+03   6.1698736E+03   1.7768181E+02   1.1425251E+02   1.1609217E+02
    1.4387198E+02   1.8673803E+02   2.3981283E+02   3.0195643E+02   3.7318783E+02   4.5193952E+02   5.3953211E+02   6.3568390E+02
    7.4031904E+02   8.5335265E+02   9.7472584E+02   1.1043644E+03   1.2421532E+03   1.3879336E+03   1.5414739E+03   1.7024398E+03
    1.8703452E+03   2.0444873E+03   2.2238515E+03   2.4069729E+03   2.5917378E+03   2.7751059E+03   2.9527378E+03   3.1185333E+03
    3.2641377E+03   3.3785753E+03   1.0334262E+04   2.9844620E+02   1.9008657E+02   1.9350931E+02   2.4430764E+02   3.2041606E+02
    4.1454175E+02   5.2404040E+02   6.4877042E+02   7.8702028E+02   9.4028849E+02   1.1083014E+03   1.2909667E+03   1.4881896E+03
    1.6998611E+03   1.9258247E+03   2.1658356E+03   2.4195351E+03   2.6863914E+03   2.9656211E+03   3.2560746E+03   3.5560686E+03
    3.8631403E+03   4.1736883E+03   4.4824622E+03   4.7818649E+03   5.0610745E+03   5.3050898E+03   5.4940222E+03   5.6032889E+03
    1.7839726E+04   5.1317013E+02   3.2537324E+02   3.3168101E+02   4.2091533E+02   5.5328897E+02   7.1635026E+02   9.0574297E+02
    1.1211918E+03   1.3604895E+03   1.6255588E+03   1.9160356E+03   2.2317650E+03   2.5725723E+03   2.9382216E+03   3.3283598E+03
    3.7424379E+03   4.1796348E+03   4.6387217E+03   5.1178674E+03   5.6143546E+03   6.1241519E+03   6.6412843E+03   7.1569174E+03
    7.6580832E+03   8.1260376E+03   8.5344365E+03   8.8479385E+03   9.0225448E+03   9.0097443E+03   3.5796926E+04   1.0340078E+03
    6.5455489E+02   6.6835830E+02   8.5168803E+02   1.1202850E+03   1.4496853E+03   1.8321113E+03   2.2669332E+03   2.7509995E+03
    3.2868921E+03   3.8740164E+03   4.5120209E+03   5.2004586E+03   5.9386666E+03   6.7256278E+03   7.5597590E+03   8.4386520E+03
    9.3586541E+03   1.0314240E+04   1.1297068E+04   1.2294548E+04   1.3287737E+04   1.4248362E+04   1.5134980E+04   1.5888813E+04
    1.6431009E+04   1.6664998E+04   1.6489365E+04   1.5825351E+04   7.3001641E+04   2.1578690E+03   1.3724142E+03   1.4022495E+03
    1.7884692E+03   2.3480004E+03   3.0331278E+03   3.8297058E+03   4.7358313E+03   5.7467184E+03   6.8655176E+03   8.0910730E+03
    9.4224520E+03   1.0858364E+04   1.2396818E+04   1.4034709E+04   1.5767174E+04   1.7586695E+04   1.9481681E+04   2.1434278E+04
    2.3417015E+04   2.5387745E+04   2.7282427E+04   2.9005781E+04   3.0421516E+04   3.1347378E+04   3.1565700E+04   3.0863807E+04
    2.9110532E+04   2.6345533E+04   1.5096425E+05   4.6682245E+03   3.0145216E+03   3.0771734E+03   3.9089478E+03   5.1108364E+03
    6.5865585E+03   8.3071727E+03   1.0266351E+04   1.2455960E+04   1.4878973E+04   1.7532673E+04   2.0414297E+04   2.3519796E+04
    2.6842791E+04   3.0373172E+04   3.4094922E+04   3.7982812E+04   4.1997155E+04   4.6075548E+04   5.0120215E+04   5.3979645E+04
    5.7424879E+04   6.0125942E+04   6.1645079E+04   6.1479140E+04   5.9188587E+04   5.4610583E+04   4.8053542E+04   4.0298343E+04
    3.1001869E+05   1.0207272E+04   6.7508060E+03   6.9187753E+03   8.7308939E+03   1.1365032E+04   1.4613302E+04   1.8411621E+04
    2.2740885E+04   2.7585642E+04   3.2946032E+04   3.8814833E+04   4.5183410E+04   5.2038540E+04   5.9358979E+04   6.7110451E+04
    7.5237680E+04   8.3651709E+04   9.2209419E+04   1.0068141E+05   1.0870457E+05   1.1572081E+05   1.2091959E+05   1.2323715E+05
    1.2150999E+05   1.1487421E+05   1.0333364E+05   8.8112524E+04   7.1356944E+04   5.5277758E+04   6.4218922E+05   2.2213904E+04
    1.5115335E+04   1.5804836E+04   1.9913251E+04   2.5861601E+04   3.3206030E+04   4.1806647E+04   5.1613913E+04   6.2596326E+04
    7.4743717E+04   8.8035314E+04   1.0244294E+05   1.1792160E+05   1.3439733E+05   1.5174821E+05   1.6977312E+05   1.8814045E+05
    2.0630543E+05   2.2338561E+05   2.3799902E+05   2.4812181E+05   2.5113294E+05   2.4434071E+05   2.2619105E+05   1.9770778E+05
    1.6287842E+05   1.2714082E+05   9.5032750E+04   6.8870104E+04   1.3446715E+06   4.7568402E+04   3.3236062E+04   3.5877530E+04
    4.5562535E+04   5.9233019E+04   7.6042139E+04   9.5713323E+04   1.1813727E+05   1.4324864E+05   1.7100686E+05   2.0134932E+05
    2.3418169E+05   2.6934727E+05   3.0658172E+05   3.4543805E+05   3.8515985E+05   4.2447142E+05   4.6125284E+05   4.9211237E+05
    5.1202693E+05   5.1456927E+05   4.9359114E+05   4.4672130E+05   3.7876281E+05   3.0114519E+05   2.2658778E+05   1.6359402E+05
    1.1496019E+05   7.9564821E+04   2.8053465E+06   1.0203648E+05   7.2690935E+04   8.1253995E+04   1.0436608E+05   1.3606582E+05
    1.7480393E+05   2.2005901E+05   2.7160644E+05   3.2930411E+05   3.9302171E+05   4.6256035E+05   5.3759451E+05   6.1756368E+05
    7.0149495E+05   7.8769639E+05   8.7323261E+05   9.5308701E+05   1.0190302E+06   1.0586900E+06   1.0563800E+06   9.9821806E+05
    8.8190863E+05   7.2413263E+05   5.5508942E+05   4.0260658E+05   2.8101482E+05   1.9171436E+05   1.2936266E+05   8.7037639E+04
    5.6382353E+06   2.1693504E+05   1.5765283E+05   1.8199439E+05   2.3621590E+05   3.0900295E+05   3.9747524E+05   5.0064432E+05
    6.1804655E+05   7.4934249E+05   8.9412868E+05   1.0517491E+06   1.2210640E+06   1.4000428E+06   1.5850513E+06   1.7695925E+06
    1.9422127E+06   2.0835630E+06   2.1639263E+06   2.1456758E+06   1.9978723E+06   1.7225022E+06   1.3691352E+06   1.0120104E+06
    7.0813983E+05   4.7842333E+05   3.1725344E+05   2.0890789E+05   1.3762356E+05   9.1108218E+04   1.0373267E+07   4.3844008E+05
    3.2701311E+05   3.8825759E+05   5.0873712E+05   6.6791218E+05   8.6057757E+05   1.0848871E+06   1.3398800E+06   1.6247035E+06
    1.9381466E+06   2.2781033E+06   2.6407470E+06   3.0190330E+06   3.3999745E+06   3.7598976E+06   4.0573615E+06   4.2265399E+06
    4.1822430E+06   3.8559322E+06   3.2608827E+06   2.5216025E+06   1.8055339E+06   1.2236990E+06   8.0271742E+05   5.1854479E+05
    3.3369421E+05   2.1541779E+05   1.4005696E+05   9.1903326E+04   1.6235904E+07   7.6513376E+05   5.8933673E+05   7.1592342E+05
    9.4581722E+05   1.2461258E+06   1.6084801E+06   2.0297881E+06   2.5082415E+06   3.0419221E+06   3.6277733E+06   4.2602128E+06
    4.9287542E+06   5.6135524E+06   6.2772425E+06   6.8515733E+06   7.2217899E+06   7.2273306E+06   6.7203203E+06   5.6966356E+06
    4.3786887E+06   3.0925635E+06   2.0574463E+06   1.3222846E+06   8.3686611E+05   5.2811533E+05   3.3474815E+05   2.1397428E+05
    1.3821001E+05   9.0290123E+04   2.2863606E+07   1.2065287E+06   9.6572488E+05   1.1977586E+06   1.5948015E+06   2.1087553E+06
    2.7272579E+06   3.4455120E+06   4.2603158E+06   5.1677015E+06   6.1608057E+06   7.2266153E+06   8.3399927E+06   9.4522574E+06
    1.0470726E+07   1.1229240E+07   1.1470325E+07   1.0906399E+07   9.4305102E+06   7.3349031E+06   5.1853597E+06   3.4206293E+06
    2.1669762E+06   1.3481466E+06   8.3565361E+05   5.2041315E+05   3.2707325E+05   2.0790902E+05   1.3379384E+05   8.7182906E+04
    2.9924471E+07   1.7691505E+06   1.4804704E+06   1.8734920E+06   2.5142543E+06   3.3371743E+06   4.3251333E+06   5.4710617E+06
    6.7694991E+06   8.2127111E+06   9.7864718E+06   1.1462950E+07   1.3187033E+07   1.4850059E+07   1.6245383E+07   1.7018719E+07
    1.6692550E+07   1.4920698E+07   1.1928312E+07   8.5589092E+06   5.6529451E+06   3.5497355E+06   2.1767334E+06   1.3266345E+06
    8.1180364E+05   5.0147003E+05   3.1352430E+05   1.9861086E+05   1.2751305E+05   8.2956465E+04   3.6905402E+07   2.4436247E+06
    2.1489796E+06   2.7743086E+06   3.7532557E+06   5.0017239E+06   6.4972759E+06   8.2298820E+06   1.0190502E+07   1.2364818E+07
    1.4725203E+07   1.7216098E+07   1.9725034E+07   2.2027746E+07   2.3704757E+07   2.4091102E+07   2.2475091E+07   1.8738517E+07
    1.3858550E+07   9.2739955E+06   5.8138657E+06   3.5262553E+06   2.1157894E+06   1.2723268E+06   7.7213077E+05   4.7446563E+05
    2.9563336E+05   1.8685390E+05   1.1977965E+05   7.7841310E+04   4.2904788E+07   3.1889746E+06   2.9580657E+06   3.8949692E+06
    5.3125034E+06   7.1091472E+06   9.2569852E+06   1.1742272E+07   1.4550556E+07   1.7656788E+07   2.1010724E+07   2.4508829E+07
    2.7937590E+07   3.0870045E+07   3.2535310E+07   3.1851586E+07   2.8047913E+07   2.1758625E+07   1.4992354E+07   9.4852591E+06
    5.7231942E+06   3.3889739E+06   2.0039702E+06   1.1944326E+06   7.2088300E+05   4.4142827E+05   2.7442042E+05   1.7318047E+05
    1.1089736E+05   7.2015460E+04   4.6723221E+07   3.9332404E+06   3.8556543E+06   5.1751943E+06   7.1158567E+06   9.5622924E+06
    1.2481503E+07   1.5855307E+07   1.9661608E+07   2.3859254E+07   2.8363070E+07   3.2993671E+07   3.7375845E+07   4.0764567E+07
    4.1889087E+07   3.9259684E+07   3.2494863E+07   2.3529664E+07   1.5269693E+07   9.2546965E+06   5.4334372E+06   3.1646681E+06
    1.8529241E+06   1.0978000E+06   6.6009433E+05   4.0324024E+05   2.5028596E+05   1.5778158E+05   1.0096203E+05   6.5529364E+04
    4.7297324E+07   4.5806474E+06   4.7467235E+06   6.4894817E+06   8.9933625E+06   1.2135099E+07   1.5877642E+07   2.0197829E+07
    2.5063550E+07   3.0411482E+07   3.6107041E+07   4.1861192E+07   4.7063775E+07   5.0525261E+07   5.0378078E+07   4.4956142E+07
    3.4921734E+07   2.3744608E+07   1.4670177E+07   8.6066309E+06   4.9540176E+06   2.8519242E+06   1.6582632E+06   9.7833457E+05
    5.8671049E+05   3.5780148E+05   2.2183176E+05   1.3973626E+05   8.9367173E+04   5.7981661E+04   4.4621337E+07   5.0663758E+06
    5.5456979E+06   7.7165866E+06   1.0775867E+07   1.4598928E+07   1.9145968E+07   2.4388306E+07   3.0281127E+07   3.6731756E+07
    4.3538359E+07   5.0259637E+07   5.5960629E+07   5.8878690E+07   5.6567217E+07   4.7713167E+07   3.4704376E+07   2.2260862E+07
    1.3194858E+07   7.5437109E+06   4.2767196E+06   2.4402987E+06   1.4114816E+06   8.3007072E+05   4.9678995E+05   3.0256575E+05
    1.8742149E+05   1.1798944E+05   7.5427386E+04   4.8922826E+04   4.0703298E+07   5.5158847E+06   6.3701845E+06   9.0136545E+06
    1.2679685E+07   1.7244794E+07   2.2666399E+07   2.8908518E+07   3.5908503E+07   4.3531357E+07   5.1475981E+07   5.9073206E+07
    6.4911886E+07   6.6480042E+07   6.0913911E+07   4.8104379E+07   3.2671317E+07   1.9847609E+07   1.1352381E+07   6.3543824E+06
    3.5588474E+06   2.0163948E+06   1.1614056E+06   6.8124388E+05   4.0705007E+05   2.4764404E+05   1.5328977E+05   9.6454023E+04
    6.1638806E+04   3.9969456E+04   3.8644246E+07   6.3281004E+06   7.6934120E+06   1.1060388E+07   1.5668460E+07   2.1388932E+07
    2.8172894E+07   3.5971146E+07   4.4689374E+07   5.4116646E+07   6.3771023E+07   7.2567105E+07   7.8258010E+07   7.7216688E+07
    6.6552576E+07   4.8701820E+07   3.0844848E+07   1.7827943E+07   9.8916665E+06   5.4412015E+06   3.0174541E+06   1.6998958E+06
    9.7576241E+05   5.7113830E+05   3.4079693E+05   2.0715022E+05   1.2814630E+05   8.0599071E+04   5.1491407E+04   3.3382314E+04
    4.0351444E+07   8.0520127E+06   1.0272345E+07   1.4995401E+07   2.1389040E+07   2.9304190E+07   3.8676491E+07   4.9427525E+07
    6.1393249E+07   7.4192972E+07   8.6934198E+07   9.7592912E+07   1.0217064E+08   9.5307301E+07   7.5570162E+07   5.0520543E+07
    2.9768652E+07   1.6425889E+07   8.8735619E+06   4.8090254E+06   2.6445807E+06   1.4825785E+06   8.4851404E+05   4.9574018E+05
    2.9545343E+05   1.7944548E+05   1.1094732E+05   6.9755129E+04   4.4551707E+04   2.8877692E+04   4.6379658E+07   1.1357916E+07
    1.5154464E+07   2.2452100E+07   3.2241059E+07   4.4328667E+07   5.8616125E+07   7.4956157E+07   9.3015472E+07   1.1199008E+08
    1.2994599E+08   1.4254115E+08   1.4206973E+08   1.2166404E+08   8.6433691E+07   5.2274892E+07   2.8746979E+07   1.5233910E+07
    8.0488320E+06   4.3091769E+06   2.3534311E+06   1.3140280E+06   7.5018996E+05   4.3760740E+05   2.6053926E+05   1.5813077E+05
    9.7722422E+04   6.1419885E+04   3.9218821E+04   2.5416686E+04   5.8342428E+07   1.7592978E+07   2.4479356E+07   3.6788392E+07
    5.3172990E+07   7.3355743E+07   9.7157733E+07   1.2425445E+08   1.5385804E+08   1.8398856E+08   2.0979450E+08   2.2092979E+08
    2.0298911E+08   1.5371247E+08   9.5941541E+07   5.2653861E+07   2.7315631E+07   1.4024037E+07   7.2852159E+06   3.8643461E+06
    2.0993487E+06   1.1684696E+06   6.6578402E+05   3.8788213E+05   2.3074167E+05   1.3996631E+05   8.6463202E+04   5.4328360E+04
    3.4683834E+04   2.2474518E+04   8.0143074E+07   2.9673885E+07   4.2946387E+07   6.5424705E+07   9.5151283E+07   1.3167834E+08
    1.7462053E+08   2.2314619E+08   2.7510167E+08   3.2485292E+08   3.5868852E+08   3.5134960E+08   2.8412746E+08   1.8407992E+08
    1.0098645E+08   5.1157967E+07   2.5420806E+07   1.2762596E+07   6.5517825E+06   3.4525753E+06   1.8685171E+06   1.0375890E+06
    5.9034711E+05   3.4360607E+05   2.0427295E+05   1.2385673E+05   7.6488535E+04   4.8050659E+04   3.0671445E+04   1.9872409E+04
    1.1581630E+08   5.2199888E+07   7.8381002E+07   1.2094440E+08   1.7692064E+08   2.4551883E+08   3.2580224E+08   4.1544851E+08
    5.0807700E+08   5.8652389E+08   6.1173135E+08   5.3304736E+08   3.6431032E+08   2.0178953E+08   9.9969925E+07   4.7957089E+07
    2.3185281E+07   1.1478045E+07   5.8482513E+06   3.0688031E+06   1.6566547E+06   9.1851397E+05   5.2207882E+05   3.0367232E+05
    1.8045290E+05   1.0938091E+05   6.7534737E+04   4.2419578E+04   2.7074229E+04   1.7540435E+04   1.6973092E+08   9.2024762E+07
    1.4300318E+08   2.2331080E+08   3.2841903E+08   4.5683385E+08   6.0614947E+08   7.6973527E+08   9.2841077E+08   1.0308139E+09
    9.7951829E+08   7.2626633E+08   4.1606459E+08   2.0349358E+08   9.4283745E+07   4.3772858E+07   2.0824619E+07   1.0224230E+07
    5.1858657E+06   2.7141227E+06   1.4628736E+06   8.1027123E+05   4.6025936E+05   2.6760097E+05   1.5897260E+05   9.6341894E+04
    5.9476084E+04   3.7354325E+04   2.3839788E+04   1.5444259E+04   2.4973215E+08   1.6074449E+08   2.5785797E+08   4.0714327E+08
    6.0170003E+08   8.3851082E+08   1.1112485E+09   1.4009604E+09   1.6507471E+09   1.7180734E+09   1.4224333E+09   8.7524286E+08
    4.3121249E+08   1.9384453E+08   8.6263770E+07   3.9295818E+07   1.8520189E+07   9.0480855E+06   4.5766762E+06   2.3914100E+06
    1.2876549E+06   7.1277016E+05   4.0471011E+05   2.3524020E+05   1.3972279E+05   8.4665545E+04   5.2263387E+04   3.2822477E+04
    2.0946726E+04   1.3569682E+04   3.7176610E+08   2.8040816E+08   4.6321274E+08   7.3887235E+08   1.0967083E+09   1.5301322E+09
    2.0220863E+09   2.5178344E+09   2.8516341E+09   2.6763738E+09   1.8485908E+09   9.4915602E+08   4.1853182E+08   1.7845568E+08
    7.7541799E+07   3.4928467E+07   1.6369131E+07   7.9728901E+06   4.0258297E+06   2.1014005E+06   1.1307728E+06   6.2567381E+05
    3.5516273E+05   2.0640446E+05   1.2258137E+05   7.4272907E+04   4.5845741E+04   2.8791094E+04   1.8373571E+04   1.1902585E+04
    5.2519663E+08   4.4890184E+08   7.5890907E+08   1.2202541E+09   1.8171462E+09   2.5360990E+09   3.3369763E+09   4.0847051E+09
    4.3840565E+09   3.6278913E+09   2.1102748E+09   9.5354490E+08   3.9447338E+08   1.6356969E+08   7.0196487E+07   3.1432945E+07
    1.4686077E+07   7.1411306E+06   3.6023352E+06   1.8792417E+06   1.0108593E+06   5.5919419E+05   3.1737821E+05   1.8442787E+05
    1.0952276E+05   6.6357869E+04   4.0959021E+04   2.5721818E+04   1.6414699E+04   1.0633556E+04   5.9988315E+08   5.3701600E+08
    9.1567682E+08   1.4766656E+09   2.2015268E+09   3.0723289E+09   4.0332299E+09   4.8934929E+09   5.1106498E+09   3.9917460E+09
    2.1747037E+09   9.4345300E+08   3.8317833E+08   1.5764955E+08   6.7420108E+07   3.0138741E+07   1.4068965E+07   6.8376965E+06
    3.4482781E+06   1.7985617E+06   9.6735642E+05   5.3509238E+05   3.0368562E+05   1.7646617E+05   1.0479281E+05   6.3491355E+04
    3.9189410E+04   2.4610423E+04   1.5705417E+04   1.0174072E+04   6.4031286E+08   5.8632903E+08   1.0039560E+09   1.6213601E+09
    2.4185886E+09   3.3749741E+09   4.4247899E+09   5.3420926E+09   5.4957230E+09   4.1645983E+09   2.1983227E+09   9.3636539E+08
    3.7725528E+08   1.5468761E+08   6.6052988E+07   2.9505748E+07   1.3768120E+07   6.6900276E+06   3.3733788E+06   1.7593600E+06
    9.4622651E+05   5.2338859E+05   2.9703756E+05   1.7260098E+05   1.0249671E+05   6.2099906E+04   3.8330442E+04   2.4070965E+04
    1.5361145E+04   9.9510488E+03   6.5412118E+08   6.0341925E+08   1.0346504E+09   1.6717351E+09   2.4941944E+09   3.4803680E+09
    4.5609073E+09   5.4969445E+09   5.6255804E+09   4.2196283E+09   2.2045589E+09   9.3358194E+08   3.7518918E+08   1.5367779E+08
    6.5590611E+07   2.9292405E+07   1.3666897E+07   6.6403882E+06   3.3482145E+06   1.7461934E+06   9.3913110E+05   5.1945898E+05
    2.9480562E+05   1.7130341E+05   1.0172592E+05   6.1632817E+04   3.8042104E+04   2.3889883E+04   1.5245583E+04   9.8761867E+03
    8.3727514E+05   8.5724612E+05   8.9865171E+05   9.8746534E+05   1.1920318E+06   1.7365804E+06   3.6023208E+06   7.4714468E+06
    1.5491624E+07   3.2022456E+07   6.5851715E+07   1.3502751E+08   2.7663883E+08   5.6652935E+08   1.1602194E+09   2.3867621E+09
    4.9181247E+09   1.0097993E+10   2.0841776E+10   4.2766403E+10   8.1010009E+10   1.2417986E+11   1.3192101E+11   1.1855581E+11
    1.1535660E+11   1.3243716E+11   1.6297244E+11   2.1388183E+11   2.8018252E+11   3.9694705E+11   5.7224960E+11   8.4109272E+11
    1.2479539E+12   1.8697850E+12   2.8120793E+12   4.2539093E+12   6.4533688E+12   9.6500795E+12   1.3495350E+13   1.8069980E+13
    2.3521905E+13   2.9950138E+13   3.7290129E+13   4.5233627E+13   5.3139650E+13   6.0285490E+13   6.7380246E+13   7.7767840E+13
    9.5558099E+13   1.2452821E+14   1.7067341E+14   2.4443681E+14   3.5751829E+14   5.2311166E+14   7.6092819E+14   1.1045548E+15
    1.5127556E+15   1.7058410E+15   1.8097231E+15   1.8453487E+15
