!
!        Log(Tau)       T/T(grey)       T(10^4 K)      L
!
          60
     -4.805424E+00    7.372137E+00    1.097844E+00      1
     -4.800278E+00    7.349355E+00    1.100713E+00      2
     -4.789981E+00    7.303874E+00    1.106461E+00      3
     -4.769410E+00    7.213481E+00    1.117976E+00      4
     -4.728320E+00    7.033320E+00    1.140859E+00      5
     -4.646240E+00    6.668724E+00    1.184723E+00      6
     -4.487647E+00    5.926303E+00    1.254752E+00      7
     -4.329477E+00    5.167145E+00    1.302779E+00      8
     -4.171968E+00    4.453195E+00    1.335885E+00      9
     -4.015473E+00    3.822409E+00    1.362147E+00     10
     -3.860335E+00    3.287354E+00    1.388131E+00     11
     -3.706073E+00    2.842389E+00    1.418361E+00     12
     -3.552074E+00    2.475948E+00    1.455783E+00     13
     -3.398022E+00    2.177894E+00    1.503374E+00     14
     -3.243794E+00    1.938057E+00    1.563148E+00     15
     -3.089274E+00    1.735659E+00    1.625659E+00     16
     -2.934377E+00    1.550252E+00    1.672607E+00     17
     -2.779976E+00    1.409861E+00    1.732860E+00     18
     -2.626043E+00    1.309883E+00    1.810582E+00     19
     -2.470769E+00    1.250017E+00    1.916885E+00     20
     -2.322428E+00    1.229663E+00    2.051548E+00     21
     -2.195671E+00    1.219761E+00    2.161698E+00     22
     -2.083262E+00    1.196526E+00    2.219169E+00     23
     -1.981575E+00    1.161697E+00    2.233207E+00     24
     -1.887799E+00    1.129017E+00    2.235506E+00     25
     -1.796872E+00    1.104260E+00    2.244261E+00     26
     -1.701053E+00    1.080063E+00    2.255529E+00     27
     -1.638055E+00    1.053159E+00    2.240781E+00     28
     -1.627361E+00    1.039338E+00    2.218311E+00     29
     -1.620369E+00    1.032449E+00    2.206998E+00     30
     -1.609024E+00    1.028845E+00    2.203362E+00     31
     -1.590286E+00    1.027354E+00    2.205401E+00     32
     -1.558402E+00    1.023104E+00    2.203473E+00     33
     -1.508995E+00    1.013709E+00    2.192789E+00     34
     -1.437574E+00    1.000939E+00    2.177793E+00     35
     -1.336920E+00    9.886204E-01    2.168556E+00     36
     -1.199766E+00    9.814338E-01    2.178700E+00     37
     -1.048665E+00    9.808254E-01    2.211092E+00     38
     -8.974003E-01    9.844284E-01    2.260780E+00     39
     -7.454442E-01    9.910468E-01    2.328055E+00     40
     -5.929353E-01    1.000127E+00    2.414901E+00     41
     -4.400187E-01    1.010452E+00    2.522043E+00     42
     -2.867980E-01    1.019820E+00    2.647705E+00     43
     -1.333603E-01    1.026901E+00    2.791755E+00     44
      2.021446E-02    1.031249E+00    2.955767E+00     45
      1.740433E-01    1.031857E+00    3.139129E+00     46
      3.281314E-01    1.028072E+00    3.340867E+00     47
      4.822099E-01    1.021700E+00    3.566526E+00     48
      6.358376E-01    1.015668E+00    3.826010E+00     49
      7.891549E-01    1.010883E+00    4.124654E+00     50
      9.423244E-01    1.007304E+00    4.465050E+00     51
      1.095320E+00    1.004667E+00    4.848761E+00     52
      1.248400E+00    1.002760E+00    5.278550E+00     53
      1.401744E+00    1.001468E+00    5.757938E+00     54
      1.555282E+00    1.000599E+00    6.289775E+00     55
      1.708847E+00    1.000029E+00    6.877234E+00     56
      1.863552E+00    9.996766E-01    7.529705E+00     57
      1.944515E+00    9.996781E-01    7.898067E+00     58
      1.985003E+00    9.996988E-01    8.089387E+00     59
      1.998498E+00    1.000017E+00    8.156413E+00     60
