     R        I    Tau(Ross)   /\Tau   Rat(Ross)  Chi(Ross)  Chi(ross)  Chi(Flux)   Chi(es)   Tau(Flux)  Tau(es)  Rat(Flux)  Rat(es)     Kappa   V(km/s)
 37608.2460670000   1 0.000E+00 1.912E-06  0.00E+00  4.257E-09  4.257E-09  1.234E-07  3.964E-09  0.00E+00  0.00E+00  0.00E+00  0.00E+00  2.672E-01  1.521E+03
 37164.5863320000   2 1.912E-06 3.899E-06  2.04E+00  4.363E-09  4.363E-09  1.264E-07  4.059E-09  5.54E-05  1.78E-06  2.04E+00  2.04E+00  2.674E-01  1.520E+03
 36292.5612250000   3 5.811E-06 8.093E-06  2.08E+00  4.583E-09  4.583E-09  1.325E-07  4.258E-09  1.68E-04  5.40E-06  2.07E+00  2.07E+00  2.678E-01  1.520E+03
 34611.1919930000   4 1.390E-05 1.747E-05  2.16E+00  5.055E-09  5.055E-09  1.458E-07  4.683E-09  4.02E-04  1.29E-05  2.15E+00  2.15E+00  2.686E-01  1.519E+03
 31479.3073120000   5 3.137E-05 4.067E-05  2.33E+00  6.153E-09  6.153E-09  1.770E-07  5.667E-09  9.05E-04  2.90E-05  2.33E+00  2.31E+00  2.702E-01  1.518E+03
 26047.5995030000   6 7.204E-05 1.064E-04  2.62E+00  9.112E-09  9.112E-09  2.623E-07  8.294E-09  2.08E-03  6.63E-05  2.61E+00  2.57E+00  2.734E-01  1.515E+03
 18040.6772250000   7 1.785E-04 1.564E-04  1.47E+00  1.948E-08  1.948E-08  5.565E-07  1.738E-08  5.13E-03  1.62E-04  1.46E+00  1.45E+00  2.789E-01  1.507E+03
 12515.5787540000   8 3.349E-04 2.285E-04  1.46E+00  4.134E-08  4.134E-08  1.169E-06  3.639E-08  9.57E-03  3.01E-04  1.45E+00  1.44E+00  2.828E-01  1.496E+03
  8700.7340399000   9 5.634E-04 3.315E-04  1.45E+00  8.727E-08  8.727E-08  2.448E-06  7.611E-08  1.60E-02  5.01E-04  1.44E+00  1.44E+00  2.855E-01  1.480E+03
  6071.7334813000  10 8.949E-04 4.775E-04  1.44E+00  1.833E-07  1.833E-07  5.120E-06  1.587E-07  2.53E-02  7.89E-04  1.45E+00  1.43E+00  2.876E-01  1.458E+03
  4263.1787285000  11 1.372E-03 6.878E-04  1.44E+00  3.825E-07  3.825E-07  1.083E-05  3.290E-07  3.87E-02  1.20E-03  1.47E+00  1.43E+00  2.895E-01  1.427E+03
  3012.5756516000  12 2.060E-03 9.945E-04  1.45E+00  7.955E-07  7.955E-07  2.292E-05  6.793E-07  5.85E-02  1.79E-03  1.41E+00  1.44E+00  2.916E-01  1.384E+03
  2143.0021878000  13 3.055E-03 1.441E-03  1.45E+00  1.654E-06  1.654E-06  4.495E-05  1.402E-06  8.64E-02  2.64E-03  1.34E+00  1.44E+00  2.937E-01  1.325E+03
  1537.3700383000  14 4.495E-03 2.087E-03  1.45E+00  3.442E-06  3.442E-06  8.571E-05  2.899E-06  1.24E-01  3.85E-03  1.31E+00  1.44E+00  2.956E-01  1.245E+03
  1115.7669292000  15 6.582E-03 3.020E-03  1.45E+00  7.164E-06  7.164E-06  1.608E-04  6.008E-06  1.73E-01  5.61E-03  1.31E+00  1.44E+00  2.970E-01  1.141E+03
   822.7789460500  16 9.602E-03 4.341E-03  1.44E+00  1.494E-05  1.494E-05  3.034E-04  1.251E-05  2.37E-01  8.14E-03  1.32E+00  1.44E+00  2.975E-01  1.008E+03
   620.4911272700  17 1.394E-02 6.214E-03  1.43E+00  3.109E-05  3.109E-05  5.800E-04  2.605E-05  3.23E-01  1.18E-02  1.24E+00  1.43E+00  2.972E-01  8.506E+02
   481.2844398600  18 2.016E-02 8.862E-03  1.43E+00  6.477E-05  6.477E-05  9.818E-04  5.441E-05  4.28E-01  1.70E-02  1.11E+00  1.43E+00  2.965E-01  6.771E+02
   385.9840389400  19 2.902E-02 1.263E-02  1.42E+00  1.355E-04  1.355E-04  1.539E-03  1.144E-04  5.45E-01  2.44E-02  1.03E+00  1.43E+00  2.952E-01  5.010E+02
   321.4886089800  20 4.165E-02 1.562E-02  1.24E+00  2.874E-04  2.874E-04  2.268E-03  2.437E-04  6.66E-01  3.51E-02  8.32E-01  1.24E+00  2.940E-01  3.389E+02
   282.7470858800  21 5.727E-02 1.701E-02  1.09E+00  5.593E-04  5.593E-04  2.897E-03  4.763E-04  7.66E-01  4.84E-02  6.97E-01  1.09E+00  2.928E-01  2.217E+02
   259.3263444700  22 7.428E-02 1.422E-02  8.36E-01  8.897E-04  8.896E-04  3.034E-03  7.621E-04  8.36E-01  6.29E-02  6.11E-01  8.49E-01  2.913E-01  1.446E+02
   244.1613890900  23 8.850E-02 9.460E-03  6.65E-01  9.621E-04  9.619E-04  2.447E-03  8.376E-04  8.79E-01  7.52E-02  5.08E-01  6.74E-01  2.869E-01  9.458E+01
   233.7368723700  24 9.796E-02 6.074E-03  6.42E-01  8.366E-04  8.365E-04  1.735E-03  7.419E-04  9.00E-01  8.35E-02  5.41E-01  6.53E-01  2.820E-01  6.184E+01
   226.1637639900  25 1.040E-01 4.921E-03  8.10E-01  7.792E-04  7.791E-04  1.427E-03  6.974E-04  9.12E-01  8.89E-02  7.51E-01  8.14E-01  2.793E-01  4.045E+01
   220.0050277900  26 1.090E-01 3.309E-03  6.72E-01  8.387E-04  8.386E-04  1.440E-03  7.519E-04  9.21E-01  9.33E-02  6.14E-01  6.73E-01  2.781E-01  2.653E+01
   216.3254795800  27 1.123E-01 5.326E-04  1.61E-01  1.003E-03  1.002E-03  1.531E-03  8.983E-04  9.26E-01  9.63E-02  1.45E-01  1.61E-01  2.777E-01  1.745E+01
   215.8390010800  28 1.128E-01 3.159E-04  5.93E-01  1.268E-03  1.268E-03  1.770E-03  1.132E-03  9.27E-01  9.68E-02  5.40E-01  5.89E-01  2.787E-01  1.163E+01
   215.6256357700  29 1.131E-01 4.666E-04  1.48E+00  1.750E-03  1.750E-03  2.265E-03  1.549E-03  9.28E-01  9.70E-02  1.38E+00  1.46E+00  2.809E-01  7.481E+00
   215.4030585900  30 1.136E-01 7.097E-04  1.52E+00  2.491E-03  2.491E-03  3.056E-03  2.180E-03  9.28E-01  9.75E-02  1.46E+00  1.50E+00  2.840E-01  4.913E+00
   215.1693131800  31 1.143E-01 1.065E-03  1.50E+00  3.666E-03  3.666E-03  4.380E-03  3.160E-03  9.29E-01  9.81E-02  1.47E+00  1.47E+00  2.882E-01  3.220E+00
   214.9344802900  32 1.154E-01 1.760E-03  1.65E+00  5.526E-03  5.525E-03  6.525E-03  4.672E-03  9.30E-01  9.90E-02  1.64E+00  1.62E+00  2.938E-01  2.107E+00
   214.6791479900  33 1.171E-01 2.850E-03  1.62E+00  8.454E-03  8.453E-03  9.910E-03  6.988E-03  9.32E-01  1.00E-01  1.61E+00  1.58E+00  3.004E-01  1.380E+00
   214.4104992300  34 1.200E-01 4.602E-03  1.61E+00  1.309E-02  1.309E-02  1.525E-02  1.053E-02  9.36E-01  1.03E-01  1.62E+00  1.57E+00  3.085E-01  9.038E-01
   214.1321412100  35 1.246E-01 7.851E-03  1.71E+00  2.049E-02  2.049E-02  2.413E-02  1.598E-02  9.41E-01  1.06E-01  1.74E+00  1.65E+00  3.184E-01  5.915E-01
   213.8313717800  36 1.324E-01 1.275E-02  1.62E+00  3.246E-02  3.246E-02  3.916E-02  2.436E-02  9.50E-01  1.12E-01  1.66E+00  1.56E+00  3.309E-01  3.866E-01
   213.5182793000  37 1.452E-01 1.831E-02  1.44E+00  4.987E-02  4.986E-02  6.158E-02  3.588E-02  9.66E-01  1.22E-01  1.46E+00  1.38E+00  3.451E-01  2.622E-01
   213.2146483700  38 1.635E-01 2.610E-02  1.43E+00  7.152E-02  7.151E-02  8.965E-02  4.946E-02  9.89E-01  1.35E-01  1.44E+00  1.37E+00  3.591E-01  1.903E-01
   212.9058497400  39 1.896E-01 3.723E-02  1.43E+00  9.834E-02  9.833E-02  1.239E-01  6.548E-02  1.02E+00  1.52E-01  1.43E+00  1.37E+00  3.729E-01  1.440E-01
   212.5813726900  40 2.268E-01 5.317E-02  1.43E+00  1.321E-01  1.321E-01  1.660E-01  8.472E-02  1.07E+00  1.77E-01  1.42E+00  1.37E+00  3.873E-01  1.115E-01
   212.2338343100  41 2.800E-01 7.588E-02  1.43E+00  1.750E-01  1.750E-01  2.174E-01  1.080E-01  1.13E+00  2.10E-01  1.41E+00  1.37E+00  4.025E-01  8.770E-02
   211.8573085800  42 3.559E-01 1.081E-01  1.42E+00  2.294E-01  2.294E-01  2.797E-01  1.361E-01  1.23E+00  2.56E-01  1.39E+00  1.37E+00  4.190E-01  6.986E-02
   211.4461603800  43 4.640E-01 1.534E-01  1.42E+00  2.977E-01  2.977E-01  3.545E-01  1.694E-01  1.36E+00  3.19E-01  1.38E+00  1.36E+00  4.373E-01  5.637E-02
   210.9925753600  44 6.173E-01 2.170E-01  1.41E+00  3.791E-01  3.790E-01  4.392E-01  2.072E-01  1.54E+00  4.04E-01  1.38E+00  1.36E+00  4.571E-01  4.646E-02
   210.4814802100  45 8.343E-01 3.091E-01  1.42E+00  4.693E-01  4.692E-01  5.297E-01  2.474E-01  1.79E+00  5.20E-01  1.39E+00  1.38E+00  4.795E-01  3.956E-02
   209.8846962100  46 1.143E+00 4.487E-01  1.45E+00  5.655E-01  5.653E-01  6.228E-01  2.907E-01  2.13E+00  6.81E-01  1.41E+00  1.43E+00  5.073E-01  3.492E-02
   209.1626738400  47 1.592E+00 6.555E-01  1.46E+00  6.766E-01  6.764E-01  7.196E-01  3.446E-01  2.62E+00  9.10E-01  1.41E+00  1.47E+00  5.384E-01  3.119E-02
   208.2802965400  48 2.248E+00 9.454E-01  1.44E+00  8.099E-01  8.097E-01  8.306E-01  4.190E-01  3.30E+00  1.25E+00  1.40E+00  1.48E+00  5.539E-01  2.703E-02
   207.2260058300  49 3.193E+00 1.346E+00  1.42E+00  9.887E-01  9.884E-01  9.948E-01  5.293E-01  4.26E+00  1.74E+00  1.41E+00  1.48E+00  5.484E-01  2.214E-02
   206.0179995300  50 4.539E+00 1.918E+00  1.43E+00  1.252E+00  1.252E+00  1.252E+00  6.945E-01  5.61E+00  2.48E+00  1.42E+00  1.48E+00  5.344E-01  1.724E-02
   204.6863080600  51 6.457E+00 2.771E+00  1.44E+00  1.654E+00  1.654E+00  1.651E+00  9.494E-01  7.52E+00  3.56E+00  1.44E+00  1.49E+00  5.185E-01  1.282E-02
   203.2709846900  52 9.228E+00 4.032E+00  1.46E+00  2.309E+00  2.309E+00  2.304E+00  1.367E+00  1.03E+01  5.18E+00  1.46E+00  1.50E+00  5.035E-01  9.040E-03
   201.8296048800  53 1.326E+01 5.859E+00  1.45E+00  3.361E+00  3.360E+00  3.356E+00  2.038E+00  1.43E+01  7.60E+00  1.45E+00  1.49E+00  4.916E-01  6.152E-03
   200.3980303100  54 1.912E+01 8.531E+00  1.46E+00  4.927E+00  4.925E+00  4.923E+00  3.049E+00  2.02E+01  1.12E+01  1.46E+00  1.48E+00  4.820E-01  4.173E-03
   198.9744869800  55 2.765E+01 1.255E+01  1.47E+00  7.205E+00  7.201E+00  7.198E+00  4.520E+00  2.87E+01  1.65E+01  1.47E+00  1.48E+00  4.755E-01  2.856E-03
   197.5458085300  56 4.020E+01 1.879E+01  1.50E+00  1.059E+01  1.058E+01  1.059E+01  6.673E+00  4.12E+01  2.44E+01  1.50E+00  1.49E+00  4.735E-01  1.963E-03
   196.0993293600  57 5.899E+01 1.401E+01  7.45E-01  1.573E+01  1.572E+01  1.573E+01  9.842E+00  6.00E+01  3.62E+01  7.44E-01  7.39E-01  4.768E-01  1.351E-03
   195.3015780300  58 7.300E+01 8.242E+00  5.88E-01  1.951E+01  1.950E+01  1.947E+01  1.211E+01  7.40E+01  4.49E+01  5.90E-01  5.84E-01  4.809E-01  1.107E-03
   194.9013812300  59 8.124E+01 2.952E+00  3.58E-01  2.171E+01  2.170E+01  2.175E+01  1.340E+01  8.23E+01  5.00E+01  3.58E-01  3.57E-01  4.835E-01  1.004E-03
   194.7677241200  60 8.419E+01 0.000E+00  0.00E+00  2.247E+01  2.246E+01  2.246E+01  1.385E+01  8.52E+01  5.19E+01  0.00E+00  0.00E+00  4.843E-01  9.732E-04
