
 24-FEB-2004                           !Format date

 2.3858278978E+02     6.1000E+05       69       60

 3.6835773342E+04   1.8579565E+05   9.3812285E+05   1.0789774E+00   2.3128700E-06   1.8501658E+03   5.0000000E-02     1 
    8.7348392E-02   1.7295249E+04   7.1799128E+03   1.3096765E+00   2.4986304E-01
    4.5255962E-01   6.4015506E-01   2.4225655E+00   1.0004629E-01   8.3007982E-02
    8.6249053E-01   3.6009324E-01   6.2464817E-01   2.7752650E+00   1.8069766E-01
    1.5896597E-01   2.4769816E-01   1.9328422E-01   1.6908293E+00   3.1725394E-01
    4.9995435E-01   3.1307852E+00   2.2239475E-01   2.0429345E-01   3.5648984E-01
    2.7218402E-01   3.5504657E+00   2.9522235E-01   4.3323866E-01   3.2983712E+00
    2.4315464E-01   2.2710471E-01   4.4224706E-01   3.2524052E-01   3.0887590E+00
    2.9122830E-01   4.4555978E-01   3.4062383E+00   2.4870089E-01   2.5247555E-01
    5.1489946E-01   3.5214408E-01   4.5395000E-01   2.1029082E-01   6.2598775E-01
    2.3335763E-01   6.4927369E-01   5.4457458E-01   6.8195188E-01   6.0499057E-01
    8.6251037E-01   6.1940164E-01   7.7236437E-01   6.8970957E-01   8.8122288E-01
    6.7509698E-01   8.6408360E-01   6.3019537E-01   8.0914092E-01   6.0673946E-01
    7.9500711E-01   5.9689227E-01   8.0194984E-01   5.8314669E-01   8.0058558E-01
    5.7331602E-01   7.9918277E-01   5.6603409E-01   7.9864561E-01

 3.6406840479E+04   1.9022376E+05   9.6050013E+05   1.0821576E+00   2.3090169E-06   1.8498989E+03   5.0000000E-02     2 
    9.2461707E-02   1.7188672E+04   7.1308226E+03   1.3276020E+00   2.5323455E-01
    4.5631462E-01   6.4550153E-01   2.4400345E+00   1.0069416E-01   8.3555547E-02
    8.6858499E-01   3.6215448E-01   6.2838316E-01   2.7891892E+00   1.8150140E-01
    1.5969902E-01   2.4872039E-01   1.9410997E-01   1.7005413E+00   3.1874579E-01
    5.0237153E-01   3.1432997E+00   2.2317579E-01   2.0503705E-01   3.5760915E-01
    2.7307953E-01   3.5680508E+00   2.9647039E-01   4.3508250E-01   3.3097072E+00
    2.4388457E-01   2.2781174E-01   4.4340142E-01   3.2614265E-01   3.1014889E+00
    2.9239298E-01   4.4727822E-01   3.4167464E+00   2.4937327E-01   2.5317466E-01
    5.1609351E-01   3.5302946E-01   4.5586021E-01   2.1096814E-01   6.2747857E-01
    2.3402442E-01   6.5069719E-01   5.4603576E-01   6.8336999E-01   6.0652093E-01
    8.6428255E-01   6.2096191E-01   7.7396134E-01   6.9141782E-01   8.8284485E-01
    6.7675348E-01   8.6561164E-01   6.3175308E-01   8.1065119E-01   6.0820624E-01
    7.9647186E-01   5.9826989E-01   8.0329766E-01   5.8448800E-01   8.0191905E-01
    5.7464186E-01   8.0051109E-01   5.6739890E-01   7.9997436E-01

 3.5563359131E+04   1.9940557E+05   1.0069063E+06   1.0885342E+00   2.3013669E-06   1.8493539E+03   5.0000000E-02     3 
    1.0349903E-01   1.6973582E+04   7.0317676E+03   1.3639832E+00   2.6008660E-01
    4.6387939E-01   6.5629201E-01   2.4751695E+00   1.0199564E-01   8.4656077E-02
    8.8082985E-01   3.6629465E-01   6.3590069E-01   2.8171202E+00   1.8311187E-01
    1.6116908E-01   2.5076698E-01   1.9576451E-01   1.7201147E+00   3.2173998E-01
    5.0722684E-01   3.1683748E+00   2.2473932E-01   2.0652655E-01   3.5984760E-01
    2.7487231E-01   3.6035006E+00   2.9897544E-01   4.3878245E-01   3.3324078E+00
    2.4534535E-01   2.2922731E-01   4.4570898E-01   3.2794850E-01   3.1271128E+00
    2.9473258E-01   4.5072539E-01   3.4377783E+00   2.5071927E-01   2.5457367E-01
    5.1848022E-01   3.5480284E-01   4.5963768E-01   2.1234200E-01   6.3046040E-01
    2.3534536E-01   6.5354422E-01   5.4896373E-01   6.8620688E-01   6.0958255E-01
    8.6782477E-01   6.2408438E-01   7.7715970E-01   6.9483768E-01   8.8608369E-01
    6.8007148E-01   8.6866311E-01   6.3487697E-01   8.1367518E-01   6.1115107E-01
    7.9940513E-01   6.0103279E-01   8.0599461E-01   5.8718006E-01   8.0458732E-01
    5.7730574E-01   8.0316980E-01   5.7014152E-01   8.0263410E-01

 3.3937314543E+04   2.1908654E+05   1.1063971E+06   1.1013593E+00   2.2862786E-06   1.8482300E+03   5.0000000E-02     4 
    1.2922722E-01   1.6541740E+04   6.8326846E+03   1.4389347E+00   2.7423318E-01
    4.7923716E-01   6.7826920E-01   2.5462668E+00   1.0462293E-01   8.6880645E-02
    9.0558463E-01   3.7465051E-01   6.5113052E-01   2.8733431E+00   1.8634652E-01
    1.6412768E-01   2.5487087E-01   1.9908994E-01   1.7598233E+00   3.2777384E-01
    5.1702953E-01   3.2187359E+00   2.2787400E-01   2.0951794E-01   3.6432635E-01
    2.7847046E-01   3.6754531E+00   3.0402443E-01   4.4624270E-01   3.3779470E+00
    2.4827226E-01   2.3206841E-01   4.5032201E-01   3.3157353E-01   3.1789079E+00
    2.9945575E-01   4.5766622E-01   3.4799281E+00   2.5341781E-01   2.5737798E-01
    5.2325079E-01   3.5836820E-01   4.6731262E-01   2.1516037E-01   6.3642810E-01
    2.3802110E-01   6.5924156E-01   5.5484472E-01   6.9188645E-01   6.1571637E-01
    8.7490432E-01   6.3034677E-01   7.8357750E-01   7.0169410E-01   8.9254457E-01
    6.8672800E-01   8.7475124E-01   6.4115912E-01   8.1973964E-01   6.1708290E-01
    8.0528888E-01   6.0659126E-01   8.1139763E-01   5.9260432E-01   8.0993249E-01
    5.8268527E-01   8.0849847E-01   5.7568109E-01   8.0796528E-01

 3.0909789786E+04   2.6439841E+05   1.3355151E+06   1.1271441E+00   2.2570833E-06   1.8458527E+03   5.0000000E-02     5 
    1.9792563E-01   1.5657766E+04   6.4266031E+03   1.5968353E+00   3.0414072E-01
    5.1067763E-01   7.2356040E-01   2.6908799E+00   1.0994234E-01   9.1392644E-02
    9.5578527E-01   3.9156254E-01   6.8219605E-01   2.9865405E+00   1.9283148E-01
    1.7007762E-01   2.6307086E-01   2.0575433E-01   1.8410040E+00   3.3995172E-01
    5.3688377E-01   3.3196845E+00   2.3413666E-01   2.1550829E-01   3.7323729E-01
    2.8565635E-01   3.8229247E+00   3.1422107E-01   4.6131569E-01   3.4690157E+00
    2.5411411E-01   2.3775221E-01   4.5948483E-01   3.3880831E-01   3.2840341E+00
    3.0903134E-01   4.7164957E-01   3.5640390E+00   2.5881300E-01   2.6297443E-01
    5.3272404E-01   3.6549207E-01   4.8302726E-01   2.2087264E-01   6.4830913E-01
    2.4348239E-01   6.7058269E-01   5.6663420E-01   7.0320385E-01   6.2794201E-01
    8.8895365E-01   6.4286741E-01   7.9643245E-01   7.1538461E-01   9.0531016E-01
    7.0004470E-01   8.8678661E-01   6.5381066E-01   8.3186838E-01   6.2905301E-01
    8.1706330E-01   6.1778788E-01   8.2218273E-01   6.0356971E-01   8.2060031E-01
    5.9361200E-01   8.1914335E-01   5.8693781E-01   8.1861711E-01

 2.5631913480E+04   3.8550619E+05   1.9480439E+06   1.1777535E+00   2.2044463E-06   1.8403783E+03   5.0000000E-02     6 
    4.2009463E-01   1.3733343E+04   5.5642894E+03   1.9348731E+00   3.6879292E-01
    5.7447137E-01   8.1719173E-01   2.9806559E+00   1.2051930E-01   1.0040345E-01
    1.0551618E+00   4.2516951E-01   7.4524323E-01   3.2091650E+00   2.0549123E-01
    1.8178479E-01   2.7896449E-01   2.1876915E-01   2.0072097E+00   3.6403935E-01
    5.7652427E-01   3.5165311E+00   2.4628790E-01   2.2719901E-01   3.9037374E-01
    2.9961028E-01   4.1278914E+00   3.3444766E-01   4.9125238E-01   3.6457261E+00
    2.6543960E-01   2.4883750E-01   4.7705125E-01   3.5285347E-01   3.4957070E+00
    3.2824041E-01   4.9922662E-01   3.7263968E+00   2.6933823E-01   2.7382712E-01
    5.5087853E-01   3.7937472E-01   5.1540025E-01   2.3253506E-01   6.7119328E-01
    2.5462591E-01   6.9242490E-01   5.8956259E-01   7.2506447E-01   6.5133180E-01
    9.1576312E-01   6.6704928E-01   8.2160163E-01   7.4181486E-01   9.2937924E-01
    7.2596356E-01   9.0953292E-01   6.7885892E-01   8.5549357E-01   6.5288620E-01
    8.4005079E-01   6.4004423E-01   8.4312739E-01   6.2556542E-01   8.4130907E-01
    6.1575211E-01   8.3984366E-01   6.0977534E-01   8.3933861E-01

 1.7851656488E+04   8.0050229E+05   4.0474867E+06   1.2612298E+00   2.1374876E-06   1.8262852E+03   5.0000000E-02     7 
    1.0798593E+00   9.5876614E+03   3.8115453E+03   2.5738994E+00   4.9381318E-01
    6.8523601E-01   9.9031733E-01   3.4729582E+00   1.3838312E-01   1.1580106E-01
    1.2132078E+00   4.8175829E-01   8.5884926E-01   3.5771998E+00   2.2626362E-01
    2.0143663E-01   3.0460315E-01   2.4022959E-01   2.3180742E+00   4.0445769E-01
    6.4503742E-01   3.8370080E+00   2.6608338E-01   2.4655942E-01   4.1769309E-01
    3.2250753E-01   4.7210987E+00   3.6891719E-01   5.4248271E-01   3.9301992E+00
    2.8399183E-01   2.6735734E-01   5.0492671E-01   3.7599902E-01   3.8746095E+00
    3.6244990E-01   5.4538667E-01   3.9833261E+00   2.8712382E-01   2.9165418E-01
    5.7968411E-01   4.0254902E-01   5.7771724E-01   2.5486267E-01   7.0785133E-01
    2.7568377E-01   7.2743863E-01   6.2649964E-01   7.6054156E-01   6.8708905E-01
    9.5713981E-01   7.0539655E-01   8.6422646E-01   7.8352067E-01   9.6491189E-01
    7.6813941E-01   9.4370493E-01   7.2199934E-01   8.9450785E-01   6.9488006E-01
    8.7847876E-01   6.7961600E-01   8.7788274E-01   6.6564216E-01   8.7565002E-01
    6.5691507E-01   8.7425861E-01   6.5234956E-01   8.7380782E-01

 1.2468466483E+04   1.6584436E+06   8.3888306E+06   1.3193378E+00   2.1096650E-06   1.8063986E+03   5.0000000E-02     8 
    1.4901935E+00   5.8856819E+03   2.3204032E+03   3.0765989E+00   5.9519564E-01
    7.6582477E-01   1.1368722E+00   3.8215068E+00   1.5137710E-01   1.2721176E-01
    1.2995008E+00   5.2209156E-01   9.5390634E-01   3.8326137E+00   2.4098640E-01
    2.1601279E-01   3.2204790E-01   2.5556904E-01   2.5988026E+00   4.3366068E-01
    6.9867072E-01   4.0544027E+00   2.8016945E-01   2.6085846E-01   4.3609306E-01
    3.3895852E-01   5.2996758E+00   3.9537916E-01   5.8241718E-01   4.1178805E+00
    2.9765867E-01   2.8178314E-01   5.2364127E-01   3.9290226E-01   4.2045565E+00
    3.9253680E-01   5.7908563E-01   4.1426559E+00   3.0175165E-01   3.0489887E-01
    5.9903326E-01   4.1991657E-01   6.4285975E-01   2.7599779E-01   7.3276715E-01
    2.9551527E-01   7.5133354E-01   6.5076017E-01   7.8588379E-01   7.0828372E-01
    9.8146946E-01   7.3060766E-01   8.9740201E-01   8.0928475E-01   9.8300404E-01
    7.9669571E-01   9.6287558E-01   7.5541912E-01   9.2226990E-01   7.2939328E-01
    9.0713113E-01   7.1402170E-01   9.0411134E-01   7.0193619E-01   9.0166784E-01
    6.9490482E-01   9.0040311E-01   6.9162073E-01   9.0000612E-01

 8.7326802706E+03   3.4334184E+06   1.7371888E+07   1.3591587E+00   2.1077508E-06   1.7783579E+03   5.0000000E-02     9 
    1.4166340E+00   3.3451557E+03   1.3236781E+03   3.4451108E+00   6.7395631E-01
    8.2228663E-01   1.2668248E+00   4.0573723E+00   1.6121595E-01   1.3597673E-01
    1.3387544E+00   5.5059541E-01   1.0388018E+00   4.0057426E+00   2.5199069E-01
    2.2755624E-01   3.3387728E-01   2.6714923E-01   2.8667694E+00   4.5550972E-01
    7.4346000E-01   4.1956557E+00   2.9103156E-01   2.7256638E-01   4.4849516E-01
    3.5168371E-01   5.9220448E+00   4.1837146E-01   6.1790827E-01   4.2307273E+00
    3.0922946E-01   2.9544965E-01   5.3627345E-01   4.0649240E-01   4.5006528E+00
    4.2574879E-01   6.0548734E-01   4.2175874E+00   3.1701618E-01   3.1641560E-01
    6.1213645E-01   4.3454767E-01   7.1432024E-01   2.9993742E-01   7.4978744E-01
    3.1838979E-01   7.6807530E-01   6.6768107E-01   8.0552390E-01   7.1908815E-01
    9.9181881E-01   7.4590193E-01   9.2430704E-01   8.2068953E-01   9.8839116E-01
    8.1370247E-01   9.7171683E-01   7.8188289E-01   9.4161823E-01   7.6057894E-01
    9.2908372E-01   7.4770255E-01   9.2534656E-01   7.3862202E-01   9.2309035E-01
    7.3365386E-01   9.2203488E-01   7.3150794E-01   9.2170845E-01

 6.1449300400E+03   7.0887006E+06   3.5873727E+07   1.3908824E+00   2.1233576E-06   1.7392665E+03   5.0000000E-02    10 
    1.1548127E+00   1.8500438E+03   7.4307138E+02   3.7474225E+00   7.4243197E-01
    8.6768392E-01   1.4062102E+00   4.2366068E+00   1.7074280E-01   1.4431699E-01
    1.3498748E+00   5.7453655E-01   1.1310885E+00   4.1402090E+00   2.6258060E-01
    2.3904089E-01   3.4332089E-01   2.7806319E-01   3.1715258E+00   4.7621598E-01
    7.9090334E-01   4.2955935E+00   3.0212351E-01   2.8540828E-01   4.5834041E-01
    3.6405736E-01   6.7136526E+00   4.4560726E-01   6.6154065E-01   4.2941045E+00
    3.2276104E-01   3.1378598E-01   5.4630364E-01   4.2029795E-01   4.8036590E+00
    4.7460023E-01   6.3345922E-01   4.2178512E+00   3.3883265E-01   3.3067230E-01
    6.2268610E-01   4.5022976E-01   8.0690203E-01   3.3245809E-01   7.6363871E-01
    3.5055965E-01   7.8261882E-01   6.8243979E-01   8.2456635E-01   7.2468146E-01
    9.9257532E-01   7.5486918E-01   9.4661535E-01   8.2230051E-01   9.8856151E-01
    8.2435170E-01   9.7653786E-01   8.0559942E-01   9.5655174E-01   7.9227797E-01
    9.4760137E-01   7.8410221E-01   9.4445221E-01   7.7853959E-01   9.4273617E-01
    7.7558504E-01   9.4197340E-01   7.7436658E-01   9.4174073E-01

 4.3544668536E+03   1.4563268E+07   7.3714074E+07   1.4227903E+00   2.1517537E-06   1.6856606E+03   5.0000000E-02    11 
    9.3343152E-01   1.0303416E+03   4.2608854E+02   4.0534125E+00   8.1733653E-01
    9.1361938E-01   1.5762067E+00   4.4036101E+00   1.8311311E-01   1.5436134E-01
    1.3715637E+00   6.0055020E-01   1.2436074E+00   4.2688962E+00   2.7624087E-01
    2.5319679E-01   3.5290472E-01   2.9108135E-01   3.5447693E+00   5.0248956E-01
    8.5409176E-01   4.3758420E+00   3.1732786E-01   3.0416843E-01   4.6824885E-01
    3.7904432E-01   7.7509909E+00   4.8741022E-01   7.3186704E-01   4.3162835E+00
    3.4341272E-01   3.4513416E-01   5.5639816E-01   4.3753606E-01   5.1254769E+00
    5.5668404E-01   6.7550836E-01   4.1301182E+00   3.7538107E-01   3.5444563E-01
    6.3358668E-01   4.7053124E-01   9.3718321E-01   3.7998563E-01   7.7820486E-01
    3.9900463E-01   7.9923462E-01   6.9992673E-01   8.4652319E-01   7.3123820E-01
    9.8831235E-01   7.6185833E-01   9.6387785E-01   8.2021793E-01   9.8917856E-01
    8.3264890E-01   9.8176389E-01   8.2775004E-01   9.6984473E-01   8.2329582E-01
    9.6428819E-01   8.2037201E-01   9.6219136E-01   8.1816154E-01   9.6109460E-01
    8.1696102E-01   9.6062036E-01   8.1646994E-01   9.6047835E-01

 3.1095889533E+03   2.9834528E+07   1.5104167E+08   1.4601664E+00   2.1935308E-06   1.6132538E+03   5.0000000E-02    12 
    8.0669563E-01   5.8703127E+02   2.5417777E+02   4.4084711E+00   9.0725151E-01
    9.6804530E-01   1.7827689E+00   4.5803018E+00   2.0220611E-01   1.6820603E-01
    1.4610907E+00   6.3431083E-01   1.3763048E+00   4.4075493E+00   2.9713989E-01
    2.7256024E-01   3.6435548E-01   3.0899216E-01   3.9994109E+00   5.4221019E-01
    9.4973866E-01   4.4370737E+00   3.4167526E-01   3.3641208E-01   4.7999150E-01
    3.9966650E-01   8.9558392E+00   5.5833728E-01   8.5834567E-01   4.2792476E+00
    3.7855311E-01   4.0367481E-01   5.6850330E-01   4.6189548E-01   5.4267121E+00
    6.9298429E-01   7.5253350E-01   3.9144494E+00   4.3728069E-01   4.0018532E-01
    6.4733586E-01   5.0009396E-01   1.1266667E+00   4.5103240E-01   7.9615809E-01
    4.7220967E-01   8.2120739E-01   7.2678730E-01   8.7235233E-01   7.4704320E-01
    9.8356910E-01   7.7253208E-01   9.7593161E-01   8.2051276E-01   9.9153309E-01
    8.3985289E-01   9.8797796E-01   8.4552438E-01   9.8165758E-01   8.4809203E-01
    9.7864685E-01   8.4935741E-01   9.7748749E-01   8.4969086E-01   9.7688550E-01
    8.4978249E-01   9.7662814E-01   8.4980519E-01   9.7655251E-01

 2.2402367845E+03   6.1106703E+07   3.0943267E+08   1.5076055E+00   2.2544798E-06   1.5172910E+03   5.0000000E-02    13 
    7.8523098E-01   3.4547489E+02   1.5840894E+02   4.8465499E+00   1.0247846E+00
    1.0390583E+00   1.9997031E+00   4.7793865E+00   2.3426214E-01   1.8871680E-01
    1.6946937E+00   6.8306767E-01   1.5043988E+00   4.5567480E+00   3.3179893E-01
    3.0035150E-01   3.7963870E-01   3.3581989E-01   4.5017739E+00   6.0729139E-01
    1.1000168E+00   4.4602173E+00   3.8317254E-01   3.9466276E-01   4.9555932E-01
    4.3019259E-01   9.8847524E+00   6.7907170E-01   1.0834219E+00   4.1431156E+00
    4.3959769E-01   5.1178829E-01   5.8500030E-01   4.9907729E-01   5.6064519E+00
    8.9621090E-01   9.0248065E-01   3.5346430E+00   5.3491747E-01   4.9212490E-01
    6.6768312E-01   5.4698161E-01   1.4064084E+00   5.5587976E-01   8.1988852E-01
    5.7927554E-01   8.5092478E-01   7.7228688E-01   9.0128614E-01   7.8093850E-01
    9.8222592E-01   7.9550934E-01   9.8436651E-01   8.2922025E-01   9.9474817E-01
    8.4818955E-01   9.9377805E-01   8.5800939E-01   9.9086915E-01   8.6383178E-01
    9.8945569E-01   8.6717992E-01   9.8891930E-01   8.6884326E-01   9.8863352E-01
    8.6963025E-01   9.8850986E-01   8.6993256E-01   9.8847362E-01

 1.6323303679E+03   1.2528994E+08   6.3462209E+08   1.5684877E+00   2.3470087E-06   1.3935197E+03   5.0000000E-02    14 
    8.8170709E-01   2.1074175E+02   1.0215026E+02   5.3724133E+00   1.1846033E+00
    1.1339991E+00   2.1563679E+00   4.9931322E+00   2.8923609E-01   2.2019581E-01
    2.1488770E+00   7.5609893E-01   1.5768517E+00   4.6759446E+00   3.9015291E-01
    3.4201084E-01   4.0154301E-01   3.7728444E-01   4.9292357E+00   7.1426291E-01
    1.3149178E+00   4.3972141E+00   4.5361695E-01   4.9254949E-01   5.1778079E-01
    4.7655670E-01   9.7568693E+00   8.6879323E-01   1.4280390E+00   3.8503696E+00
    5.4080477E-01   6.8859172E-01   6.0978942E-01   5.5817931E-01   5.4470279E+00
    1.1421988E+00   1.1801295E+00   3.0090695E+00   6.6890486E-01   6.6995866E-01
    7.0032995E-01   6.2492362E-01   1.8130999E+00   7.0142322E-01   8.5092902E-01
    7.2205411E-01   8.8737734E-01   8.4261749E-01   9.3100044E-01   8.3969496E-01
    9.8516987E-01   8.4024196E-01   9.9080575E-01   8.5616824E-01   9.9784817E-01
    8.6763362E-01   9.9810133E-01   8.7513501E-01   9.9695575E-01   8.8019739E-01
    9.9637521E-01   8.8338670E-01   9.9616411E-01   8.8515294E-01   9.9604312E-01
    8.8604615E-01   9.9598739E-01   8.8640352E-01   9.9597020E-01

 1.2071375348E+03   2.5775070E+08   1.3058727E+09   1.6252178E+00   2.5157118E-06   1.2383647E+03   5.0000000E-02    15 
    9.1400564E-01   1.2650081E+02   6.2904677E+01   5.7186923E+00   1.2485737E+00
    1.2304830E+00   2.1870319E+00   5.0943812E+00   3.7459587E-01   2.6207183E-01
    2.5130918E+00   8.4992063E-01   1.5962201E+00   4.6037996E+00   4.7945985E-01
    4.0090185E-01   4.3014867E-01   4.3451408E-01   4.9520985E+00   8.6997462E-01
    1.6014777E+00   4.1272541E+00   5.6128054E-01   6.4310043E-01   5.4707304E-01
    5.4062168E-01   9.0926964E+00   1.1081044E+00   1.7988061E+00   3.3363478E+00
    6.8390027E-01   9.0803742E-01   6.4523525E-01   6.4603941E-01   4.6567460E+00
    1.3423304E+00   1.6160552E+00   2.4141182E+00   8.1442910E-01   9.7025865E-01
    7.4673412E-01   7.4720902E-01   2.3343728E+00   8.7556598E-01   8.8320142E-01
    8.7704871E-01   9.1995594E-01   9.2283550E-01   9.5311754E-01   9.1223367E-01
    9.8603423E-01   9.0297993E-01   9.9172659E-01   9.0431612E-01   9.9650905E-01
    9.0658464E-01   9.9726450E-01   9.0896485E-01   9.9701231E-01   9.1110419E-01
    9.9688228E-01   9.1270599E-01   9.9685994E-01   9.1371614E-01   9.9684239E-01
    9.1427623E-01   9.9683391E-01   9.1451426E-01   9.9683207E-01

 9.1097610873E+02   5.3175502E+08   2.6941685E+09   1.6568864E+00   2.8068449E-06   1.0539691E+03   5.0000000E-02    16 
    7.1150918E-01   7.1442607E+01   3.5578890E+01   5.5799028E+00   1.1117115E+00
    1.2984899E+00   2.2728999E+00   4.9262306E+00   4.8968706E-01   3.1379677E-01
    2.1059259E+00   9.5277614E-01   1.7488677E+00   4.2648435E+00   6.0189616E-01
    4.7819545E-01   4.6898310E-01   5.1881778E-01   4.7151860E+00   1.0702799E+00
    2.2367178E+00   3.5882001E+00   7.0659661E-01   9.3558898E-01   5.8793897E-01
    6.4069482E-01   9.8925824E+00   1.3166327E+00   2.6939992E+00   2.6666267E+00
    8.3647887E-01   1.4137293E+00   6.9624773E-01   8.0293942E-01   5.4820922E+00
    1.4032283E+00   2.2552157E+00   1.8748663E+00   9.2953614E-01   1.4175545E+00
    8.0399392E-01   9.4461567E-01   2.8600506E+00   1.0733651E+00   9.1176496E-01
    1.0330261E+00   9.4250400E-01   1.0114649E+00   9.6547458E-01   9.8934710E-01
    9.8416220E-01   9.7623200E-01   9.8868052E-01   9.7082125E-01   9.9202420E-01
    9.6772214E-01   9.9298609E-01   9.6626472E-01   9.9321048E-01   9.6579600E-01
    9.9335115E-01   9.6574949E-01   9.9345795E-01   9.6582608E-01   9.9351730E-01
    9.6590823E-01   9.9354860E-01   9.6595356E-01   9.9356182E-01

 7.0557735269E+02   1.0925686E+09   5.5356102E+09   1.7017689E+00   3.1539638E-06   8.5509549E+02   5.0000000E-02    17 
    6.3759475E-01   4.1980684E+01   2.2849010E+01   5.3424766E+00   1.3515159E+00
    1.3871815E+00   2.3877144E+00   4.5981918E+00   6.4615250E-01   4.2456923E-01
    1.9323145E+00   1.0872889E+00   1.8819233E+00   3.8526474E+00   7.6233584E-01
    6.2396849E-01   5.3810571E-01   6.8112390E-01   5.0566146E+00   1.2919081E+00
    2.9052916E+00   2.9655527E+00   8.8725775E-01   1.3201803E+00   6.6008082E-01
    8.3421133E-01   8.5337321E+00   1.4403949E+00   4.7030124E+00   2.0922639E+00
    9.7714087E-01   2.5784641E+00   7.7616367E-01   1.1364104E+00   8.2390040E+00
    1.3574736E+00   2.8913331E+00   1.5155057E+00   1.0071087E+00   1.9035759E+00
    8.7409760E-01   1.2468724E+00   3.1393117E+00   1.2978877E+00   9.4667160E-01
    1.1964012E+00   9.6737906E-01   1.1244623E+00   9.8078489E-01   1.0823316E+00
    9.9033572E-01   1.0599401E+00   9.9278435E-01   1.0488105E+00   9.9462050E-01
    1.0422791E+00   9.9521683E-01   1.0383972E+00   9.9540309E-01   1.0361645E+00
    9.9551709E-01   1.0349064E+00   9.9559635E-01   1.0342267E+00   9.9564146E-01
    1.0338877E+00   9.9566539E-01   1.0337533E+00   9.9567540E-01

 5.6281747279E+02   2.2391327E+09   1.1348124E+10   1.7609415E+00   3.5734769E-06   6.5559197E+02   5.0000000E-02    18 
    6.5108554E-01   2.5778715E+01   1.6006072E+01   5.0016603E+00   1.6324322E+00
    1.4771229E+00   2.2659218E+00   4.1027865E+00   8.3142098E-01   5.7998936E-01
    2.5902794E+00   1.2312232E+00   1.9412541E+00   3.3461810E+00   9.3801540E-01
    8.3415923E-01   6.4048850E-01   8.6875722E-01   3.8544873E+00   1.4431677E+00
    3.6255249E+00   2.3760928E+00   1.0443537E+00   1.8608245E+00   7.6265561E-01
    1.0841295E+00   8.1066049E+00   1.4511189E+00   4.9449227E+00   1.6928961E+00
    1.0807409E+00   2.9674991E+00   8.7282916E-01   1.5023615E+00   6.8317919E+00
    1.2765174E+00   3.6347975E+00   1.3049766E+00   1.0471306E+00   2.5211591E+00
    9.4160633E-01   1.5994522E+00   3.8919421E+00   1.5121568E+00   9.8069285E-01
    1.3332796E+00   9.8950210E-01   1.2184964E+00   9.9469177E-01   1.1588054E+00
    9.9823873E-01   1.1264569E+00   9.9893049E-01   1.1085109E+00   9.9947467E-01
    1.0981924E+00   9.9957792E-01   1.0921255E+00   9.9956401E-01   1.0885243E+00
    9.9955856E-01   1.0863924E+00   9.9956040E-01   1.0851748E+00   9.9956063E-01
    1.0845369E+00   9.9956098E-01   1.0842765E+00   9.9956105E-01

 4.6353455446E+02   4.5959179E+09   2.3304277E+10   1.8372826E+00   4.0514005E-06   4.7068418E+02   5.0000146E-02    19 
    7.5010262E-01   1.6734400E+01   1.1740241E+01   4.6124569E+00   1.8810537E+00
    1.5592830E+00   2.2879940E+00   3.5947271E+00   1.0167504E+00   7.6365070E-01
    2.7168922E+00   1.3492192E+00   2.0028147E+00   2.8281380E+00   1.0952421E+00
    1.0873747E+00   7.6627136E-01   1.0767264E+00   4.0248799E+00   1.5004831E+00
    4.8767639E+00   1.9245908E+00   1.1571406E+00   2.7504475E+00   8.8023743E-01
    1.2888902E+00   8.9526681E+00   1.3840311E+00   2.3219299E+00   1.4403297E+00
    1.1249996E+00   1.7821396E+00   9.6109992E-01   1.5741520E+00   2.0735064E+00
    1.1997176E+00   4.5128363E+00   1.1908998E+00   1.0673342E+00   3.2193163E+00
    9.9382857E-01   1.8664043E+00   5.0353206E+00   1.6428925E+00   1.0054261E+00
    1.4091543E+00   1.0047135E+00   1.2703262E+00   1.0043778E+00   1.1983276E+00
    1.0043252E+00   1.1594434E+00   1.0037261E+00   1.1375819E+00   1.0034363E+00
    1.1248847E+00   1.0031625E+00   1.1173317E+00   1.0029663E+00   1.1128081E+00
    1.0028484E+00   1.1101250E+00   1.0027799E+00   1.1085940E+00   1.0027403E+00
    1.1077927E+00   1.0027193E+00   1.1074689E+00   1.0027107E+00

 3.9443290578E+02   9.4894145E+09   4.8170083E+10   1.9652611E+00   5.1903685E-06   3.1438066E+02   5.0026705E-02    20 
    1.4121835E+00   1.2230798E+01   8.2167507E+00   4.4334361E+00   2.5596132E+00
    1.6830875E+00   1.8899212E+00   3.2346156E+00   1.2117676E+00   9.8175768E-01
    2.8015015E+00   1.4710145E+00   1.6865927E+00   2.4089117E+00   1.2387372E+00
    1.2251545E+00   9.1053185E-01   1.0929594E+00   2.6940646E+00   1.4985245E+00
    2.7340745E+00   1.6456189E+00   1.2227877E+00   1.8988257E+00   9.9621047E-01
    1.2154411E+00   3.5833437E+00   1.3084544E+00   2.1463190E+00   1.3005137E+00
    1.1421879E+00   1.7173782E+00   1.0294791E+00   1.3890273E+00   2.1972281E+00
    1.1488750E+00   1.9599460E+00   1.1322558E+00   1.0730800E+00   1.6761222E+00
    1.0277513E+00   1.4087770E+00   1.9893976E+00   1.3633381E+00   1.0209157E+00
    1.2526993E+00   1.0137736E+00   1.1714066E+00   1.0100249E+00   1.1255293E+00
    1.0079651E+00   1.1008399E+00   1.0065652E+00   1.0867855E+00   1.0057720E+00
    1.0785944E+00   1.0052613E+00   1.0737014E+00   1.0049399E+00   1.0707510E+00
    1.0047449E+00   1.0689768E+00   1.0046285E+00   1.0679531E+00   1.0045611E+00
    1.0674157E+00   1.0045255E+00   1.0672026E+00   1.0045114E+00

 3.5071116781E+02   1.7896784E+10   9.0896262E+10   2.0701855E+00   6.3287897E-06   2.0688874E+02   5.0960954E-02    21 
    2.0554686E+00   9.2918054E+00   7.0265783E+00   4.1550794E+00   2.8689514E+00
    1.7487491E+00   1.9608285E+00   2.8737346E+00   1.3491646E+00   1.2203755E+00
    2.9493790E+00   1.5113669E+00   1.7453981E+00   2.0792923E+00   1.3194159E+00
    1.4405963E+00   1.0226361E+00   1.2486914E+00   2.5448934E+00   1.4452988E+00
    2.5979891E+00   1.4680045E+00   1.2269468E+00   1.9607356E+00   1.0653522E+00
    1.3059423E+00   3.0368957E+00   1.2348117E+00   1.8761766E+00   1.2131818E+00
    1.1294657E+00   1.5970009E+00   1.0578829E+00   1.3716619E+00   1.8612842E+00
    1.1074159E+00   1.7060566E+00   1.0931191E+00   1.0623150E+00   1.5161272E+00
    1.0370444E+00   1.3300371E+00   1.7141009E+00   1.2612767E+00   1.0233569E+00
    1.1807538E+00   1.0145889E+00   1.1230991E+00   1.0101132E+00   1.0897655E+00
    1.0076811E+00   1.0715276E+00   1.0062156E+00   1.0610940E+00   1.0053742E+00
    1.0550816E+00   1.0048607E+00   1.0514836E+00   1.0045459E+00   1.0493009E+00
    1.0043550E+00   1.0479896E+00   1.0042407E+00   1.0472355E+00   1.0041744E+00
    1.0468408E+00   1.0041397E+00   1.0466898E+00   1.0041263E+00

 3.2213446733E+02   2.7270738E+10   1.3865577E+11   2.1247350E+00   6.9305931E-06   1.3639472E+02   6.0074135E-02    22 
    2.1811893E+00   7.0562045E+00   5.9524613E+00   3.7663950E+00   3.0732922E+00
    1.7269913E+00   1.9267351E+00   2.5332854E+00   1.4095306E+00   1.3957743E+00
    3.1024833E+00   1.4898766E+00   1.7227581E+00   1.8426273E+00   1.3273855E+00
    1.5089242E+00   1.0841887E+00   1.2810478E+00   2.1181963E+00   1.3649603E+00
    1.8200114E+00   1.3564027E+00   1.2035856E+00   1.5639365E+00   1.0879285E+00
    1.2739823E+00   1.8884952E+00   1.1814846E+00   1.6445093E+00   1.1605715E+00
    1.1091228E+00   1.4684547E+00   1.0614743E+00   1.3105447E+00   1.6494384E+00
    1.0805510E+00   1.6017452E+00   1.0691080E+00   1.0499324E+00   1.4415378E+00
    1.0352895E+00   1.2769519E+00   1.6128268E+00   1.2115932E+00   1.0210363E+00
    1.1421934E+00   1.0128170E+00   1.0952883E+00   1.0086787E+00   1.0689821E+00
    1.0064614E+00   1.0545646E+00   1.0051698E+00   1.0463433E+00   1.0044272E+00
    1.0415719E+00   1.0039821E+00   1.0387277E+00   1.0037117E+00   1.0369980E+00
    1.0035476E+00   1.0359556E+00   1.0034491E+00   1.0353601E+00   1.0033921E+00
    1.0350512E+00   1.0033623E+00   1.0349381E+00   1.0033514E+00

 3.0217329799E+02   2.8890913E+10   1.4749430E+11   2.1342015E+00   6.0177241E-06   8.9926918E+01   9.7413075E-02    23 
    1.8989928E+00   5.4505237E+00   5.2123789E+00   3.3544449E+00   3.0875429E+00
    1.6393142E+00   1.8824530E+00   2.2525880E+00   1.3702278E+00   1.4433164E+00
    3.3002992E+00   1.4259294E+00   1.7194447E+00   1.6874839E+00   1.2696524E+00
    1.5013690E+00   1.0814221E+00   1.2427079E+00   1.8905587E+00   1.3076466E+00
    1.3517533E+00   1.2950909E+00   1.1685276E+00   1.2866425E+00   1.0738785E+00
    1.2029958E+00   1.2652773E+00   1.1536630E+00   1.4621500E+00   1.1348213E+00
    1.0919600E+00   1.3452538E+00   1.0524566E+00   1.2287408E+00   1.4771131E+00
    1.0686441E+00   1.4089257E+00   1.0584989E+00   1.0423434E+00   1.3103781E+00
    1.0304022E+00   1.2088728E+00   1.4120018E+00   1.1729090E+00   1.0183206E+00
    1.1190199E+00   1.0111896E+00   1.0797740E+00   1.0075707E+00   1.0580840E+00
    1.0056289E+00   1.0460762E+00   1.0045010E+00   1.0392037E+00   1.0038513E+00
    1.0351576E+00   1.0034634E+00   1.0327516E+00   1.0032281E+00   1.0312843E+00
    1.0030851E+00   1.0303940E+00   1.0029991E+00   1.0298877E+00   1.0029493E+00
    1.0296266E+00   1.0029233E+00   1.0295318E+00   1.0029138E+00

 2.8751388111E+02   2.5887477E+10   1.3263743E+11   2.1313823E+00   4.7939474E-06   5.9333874E+01   1.8145521E-01    24 
    1.6474283E+00   4.4202239E+00   4.4485825E+00   3.0302968E+00   2.9730095E+00
    1.5355525E+00   1.7926350E+00   2.0343326E+00   1.2903814E+00   1.3758436E+00
    3.0554467E+00   1.3477772E+00   1.6575232E+00   1.5689463E+00   1.1815514E+00
    1.4267790E+00   1.0476376E+00   1.1774095E+00   1.7921897E+00   1.2573997E+00
    1.2672536E+00   1.2463979E+00   1.1245515E+00   1.2167612E+00   1.0433507E+00
    1.1439859E+00   1.1557449E+00   1.1311932E+00   1.2966831E+00   1.1139551E+00
    1.0718410E+00   1.2280729E+00   1.0358564E+00   1.1577712E+00   1.2957096E+00
    1.0595904E+00   1.2481185E+00   1.0502390E+00   1.0344563E+00   1.1997010E+00
    1.0225665E+00   1.1500083E+00   1.2451594E+00   1.1388870E+00   1.0143520E+00
    1.1010348E+00   1.0089374E+00   1.0686577E+00   1.0061196E+00   1.0506529E+00
    1.0045930E+00   1.0404426E+00   1.0036938E+00   1.0345531E+00   1.0031742E+00
    1.0310688E+00   1.0028629E+00   1.0289998E+00   1.0026738E+00   1.0277323E+00
    1.0025585E+00   1.0269557E+00   1.0024890E+00   1.0265161E+00   1.0024487E+00
    1.0262903E+00   1.0024275E+00   1.0262074E+00   1.0024197E+00

 2.7609678435E+02   2.5164201E+10   1.2845442E+11   2.1411772E+00   4.2004780E-06   3.8970977E+01   3.0915580E-01    25 
    1.5939203E+00   3.7530658E+00   3.7691821E+00   2.8011180E+00   2.8449153E+00
    1.4501503E+00   1.6853704E+00   1.8666934E+00   1.2332464E+00   1.2986467E+00
    2.5940970E+00   1.2782622E+00   1.5540561E+00   1.4659815E+00   1.1061553E+00
    1.3267944E+00   1.0232215E+00   1.1203504E+00   1.6952099E+00   1.2075209E+00
    1.2505495E+00   1.1969003E+00   1.0835137E+00   1.1810452E+00   1.0185031E+00
    1.0961187E+00   1.1552336E+00   1.1053796E+00   1.1897927E+00   1.0899547E+00
    1.0504158E+00   1.1468296E+00   1.0201847E+00   1.1055648E+00   1.1745938E+00
    1.0479486E+00   1.1598248E+00   1.0397710E+00   1.0251953E+00   1.1320606E+00
    1.0142388E+00   1.1035742E+00   1.1551323E+00   1.1006503E+00   1.0096536E+00
    1.0776019E+00   1.0061529E+00   1.0537088E+00   1.0042708E+00   1.0401761E+00
    1.0032419E+00   1.0322065E+00   1.0026228E+00   1.0275766E+00   1.0022641E+00
    1.0248523E+00   1.0020482E+00   1.0232365E+00   1.0019165E+00   1.0222397E+00
    1.0018360E+00   1.0216210E+00   1.0017872E+00   1.0212723E+00   1.0017587E+00
    1.0210944E+00   1.0017437E+00   1.0210291E+00   1.0017381E+00

 2.6559133531E+02   2.8476972E+10   1.4417530E+11   2.1672629E+00   4.1660764E-06   2.5108084E+01   4.6138349E-01    26 
    1.6816700E+00   3.1852232E+00   3.2190397E+00   2.5814840E+00   2.6908899E+00
    1.3791948E+00   1.5896054E+00   1.7182870E+00   1.2105756E+00   1.2581847E+00
    2.2283817E+00   1.2189614E+00   1.4629357E+00   1.3679093E+00   1.0564778E+00
    1.2518175E+00   1.0200016E+00   1.0913384E+00   1.5821579E+00   1.1586609E+00
    1.2365219E+00   1.1467934E+00   1.0528499E+00   1.1556216E+00   1.0071202E+00
    1.0685819E+00   1.1679866E+00   1.0778670E+00   1.1362192E+00   1.0649417E+00
    1.0325523E+00   1.1024143E+00   1.0108774E+00   1.0735879E+00   1.1165540E+00
    1.0349544E+00   1.1076932E+00   1.0284791E+00   1.0167877E+00   1.0887399E+00
    1.0084358E+00   1.0699238E+00   1.1022308E+00   1.0665713E+00   1.0059512E+00
    1.0534325E+00   1.0038620E+00   1.0374763E+00   1.0027055E+00   1.0283630E+00
    1.0020707E+00   1.0227388E+00   1.0016819E+00   1.0194647E+00   1.0014564E+00
    1.0175571E+00   1.0013201E+00   1.0164270E+00   1.0012367E+00   1.0157235E+00
    1.0011853E+00   1.0152802E+00   1.0011540E+00   1.0150314E+00   1.0011356E+00
    1.0149057E+00   1.0011259E+00   1.0148605E+00   1.0011223E+00

 2.5586337735E+02   3.5571903E+10   1.7944322E+11   2.1948035E+00   4.5557743E-06   1.7031572E+01   5.8847600E-01    27 
    1.7736139E+00   2.6162195E+00   2.7327102E+00   2.3020793E+00   2.4912508E+00
    1.2957369E+00   1.4976335E+00   1.5624771E+00   1.1877006E+00   1.2367260E+00
    2.0071237E+00   1.1568096E+00   1.3867897E+00   1.2674915E+00   1.0173152E+00
    1.1998288E+00   1.0194835E+00   1.0755586E+00   1.4458280E+00   1.1082078E+00
    1.1997488E+00   1.0965531E+00   1.0269086E+00   1.1270446E+00   9.9966558E-01
    1.0531691E+00   1.1490821E+00   1.0498071E+00   1.1013933E+00   1.0402580E+00
    1.0168970E+00   1.0746324E+00   1.0037265E+00   1.0535695E+00   1.0835055E+00
    1.0215345E+00   1.0737045E+00   1.0170569E+00   1.0088233E+00   1.0602940E+00
    1.0035225E+00   1.0474378E+00   1.0685041E+00   1.0426948E+00   1.0026667E+00
    1.0351799E+00   1.0017868E+00   1.0246493E+00   1.0012772E+00   1.0187224E+00
    1.0009945E+00   1.0149537E+00   1.0008149E+00   1.0127652E+00   1.0007103E+00
    1.0115008E+00   1.0006465E+00   1.0107513E+00   1.0006071E+00   1.0102819E+00
    1.0005825E+00   1.0099830E+00   1.0005673E+00   1.0098154E+00   1.0005583E+00
    1.0097313E+00   1.0005536E+00   1.0097023E+00   1.0005518E+00

 2.5154824797E+02   4.5707280E+10   2.3016311E+11   2.1919000E+00   5.6200538E-06   1.1635592E+01   6.9458642E-01    28 
    1.6724232E+00   2.2598598E+00   2.3652158E+00   2.0893653E+00   2.3079115E+00
    1.2222642E+00   1.4014058E+00   1.4503757E+00   1.1462195E+00   1.1950337E+00
    1.7996422E+00   1.1036417E+00   1.3009614E+00   1.1924063E+00   9.8559666E-01
    1.1360707E+00   1.0040054E+00   1.0448543E+00   1.2921600E+00   1.0670348E+00
    1.1397788E+00   1.0570777E+00   1.0052585E+00   1.0834409E+00   9.8841660E-01
    1.0299058E+00   1.1018608E+00   1.0267220E+00   1.0650923E+00   1.0202894E+00
    1.0036004E+00   1.0458684E+00   9.9566148E-01   1.0319086E+00   1.0514461E+00
    1.0102173E+00   1.0471255E+00   1.0074512E+00   1.0017505E+00   1.0374409E+00
    9.9850642E-01   1.0283083E+00   1.0433497E+00   1.0248484E+00   9.9953510E-01
    1.0213335E+00   9.9983293E-01   1.0148641E+00   9.9995445E-01   1.0112828E+00
    1.0000113E+00   1.0089759E+00   1.0000290E+00   1.0076324E+00   1.0000381E+00
    1.0068656E+00   1.0000424E+00   1.0064097E+00   1.0000442E+00   1.0061231E+00
    1.0000448E+00   1.0059394E+00   1.0000449E+00   1.0058365E+00   1.0000448E+00
    1.0057851E+00   1.0000447E+00   1.0057683E+00   1.0000446E+00

 2.5129912785E+02   6.1078546E+10   3.0704545E+11   2.1785883E+00   7.5510368E-06   7.7409828E+00   7.8394143E-01    29 
    1.5414492E+00   2.2018758E+00   2.2721049E+00   2.0517071E+00   2.2746922E+00
    1.2036382E+00   1.3700743E+00   1.4247327E+00   1.1324706E+00   1.1882836E+00
    1.6996160E+00   1.0868460E+00   1.2628178E+00   1.1648782E+00   9.8023852E-01
    1.1153182E+00   9.9941299E-01   1.0413978E+00   1.2376602E+00   1.0503248E+00
    1.1117566E+00   1.0410816E+00   1.0001372E+00   1.0659951E+00   9.8697005E-01
    1.0236562E+00   1.0827900E+00   1.0174372E+00   1.0481074E+00   1.0127197E+00
    1.0001449E+00   1.0335824E+00   9.9449062E-01   1.0236921E+00   1.0377190E+00
    1.0059802E+00   1.0345963E+00   1.0041012E+00   9.9990817E-01   1.0270980E+00
    9.9765961E-01   1.0201530E+00   1.0318480E+00   1.0169409E+00   9.9894912E-01
    1.0146270E+00   9.9944866E-01   1.0101513E+00   9.9968571E-01   1.0076629E+00
    9.9980558E-01   1.0060550E+00   9.9986224E-01   1.0051171E+00   9.9989394E-01
    1.0045853E+00   9.9991194E-01   1.0042687E+00   9.9992228E-01   1.0040691E+00
    9.9992823E-01   1.0039407E+00   9.9993161E-01   1.0038689E+00   9.9993343E-01
    1.0038334E+00   9.9993432E-01   1.0038226E+00   9.9993457E-01

 2.5116667917E+02   8.6222492E+10   4.3288749E+11   2.1681664E+00   1.0673942E-05   5.0516302E+00   8.5277487E-01    30 
    1.4407476E+00   2.1540716E+00   2.2034262E+00   2.0238477E+00   2.2640530E+00
    1.1903261E+00   1.3483977E+00   1.4020389E+00   1.1291215E+00   1.1959313E+00
    1.6153676E+00   1.0732315E+00   1.2292723E+00   1.1383511E+00   9.8025936E-01
    1.0998466E+00   1.0010481E+00   1.0432353E+00   1.1864631E+00   1.0366300E+00
    1.0872135E+00   1.0286892E+00   9.9825680E-01   1.0523558E+00   9.8882787E-01
    1.0209508E+00   1.0660538E+00   1.0110080E+00   1.0353871E+00   1.0077646E+00
    9.9885196E-01   1.0249091E+00   9.9513022E-01   1.0181975E+00   1.0279256E+00
    1.0034114E+00   1.0246505E+00   1.0022027E+00   9.9928915E-01   1.0192401E+00
    9.9783860E-01   1.0143629E+00   1.0226848E+00   1.0114287E+00   9.9897294E-01
    1.0096773E+00   9.9944367E-01   1.0066528E+00   9.9967224E-01   1.0049707E+00
    9.9978852E-01   1.0038855E+00   9.9984613E-01   1.0032518E+00   9.9987849E-01
    1.0028935E+00   9.9989715E-01   1.0026796E+00   9.9990808E-01   1.0025442E+00
    9.9991450E-01   1.0024570E+00   9.9991823E-01   1.0024081E+00   9.9992030E-01
    1.0023843E+00   9.9992131E-01   1.0023779E+00   9.9992159E-01

 2.5101537248E+02   1.2422348E+11   6.2310728E+11   2.1603799E+00   1.5333528E-05   3.3278674E+00   9.0025225E-01    31 
    1.3637490E+00   2.0914845E+00   2.1336651E+00   1.9911709E+00   2.2597357E+00
    1.1799282E+00   1.3281742E+00   1.3773756E+00   1.1363484E+00   1.2098309E+00
    1.5240390E+00   1.0618831E+00   1.1926892E+00   1.1135856E+00   9.8448527E-01
    1.0801078E+00   1.0083285E+00   1.0419327E+00   1.1303255E+00   1.0266562E+00
    1.0646128E+00   1.0203790E+00   9.9889779E-01   1.0395256E+00   9.9291538E-01
    1.0177410E+00   1.0500386E+00   1.0072401E+00   1.0255991E+00   1.0050839E+00
    9.9902517E-01   1.0181002E+00   9.9678169E-01   1.0134785E+00   1.0205192E+00
    1.0021462E+00   1.0165140E+00   1.0013743E+00   9.9941744E-01   1.0128913E+00
    9.9854446E-01   1.0097745E+00   1.0150905E+00   1.0073638E+00   9.9929819E-01
    1.0060560E+00   9.9962026E-01   1.0041051E+00   9.9977838E-01   1.0030259E+00
    9.9985851E-01   1.0023307E+00   9.9989845E-01   1.0019242E+00   9.9992083E-01
    1.0016942E+00   9.9993380E-01   1.0015563E+00   9.9994142E-01   1.0014687E+00
    9.9994591E-01   1.0014119E+00   9.9994854E-01   1.0013800E+00   9.9995000E-01
    1.0013647E+00   9.9995070E-01   1.0013614E+00   9.9995087E-01

 2.5085336270E+02   1.8258037E+11   9.1526562E+11   2.1559485E+00   2.2251355E-05   2.1882434E+00   9.3317250E-01    32 
    1.3069140E+00   2.0037664E+00   2.0611662E+00   1.9473830E+00   2.2261093E+00
    1.1741102E+00   1.3076266E+00   1.3519128E+00   1.1597783E+00   1.2264576E+00
    1.4432948E+00   1.0543950E+00   1.1579745E+00   1.0935660E+00   9.9394244E-01
    1.0638136E+00   1.0223477E+00   1.0420749E+00   1.0914237E+00   1.0210905E+00
    1.0469957E+00   1.0163989E+00   1.0021610E+00   1.0296304E+00   9.9916715E-01
    1.0157534E+00   1.0372182E+00   1.0058140E+00   1.0186255E+00   1.0043461E+00
    1.0004193E+00   1.0133102E+00   9.9927135E-01   1.0101779E+00   1.0152833E+00
    1.0018924E+00   1.0106179E+00   1.0013650E+00   1.0000977E+00   1.0083653E+00
    9.9963385E-01   1.0066016E+00   1.0095742E+00   1.0046559E+00   9.9982246E-01
    1.0036558E+00   9.9990732E-01   1.0024181E+00   9.9995153E-01   1.0017464E+00
    9.9997358E-01   1.0013171E+00   9.9998359E-01   1.0010662E+00   9.9998908E-01
    1.0009234E+00   9.9999221E-01   1.0008373E+00   9.9999397E-01   1.0007824E+00
    9.9999495E-01   1.0007466E+00   9.9999548E-01   1.0007264E+00   9.9999575E-01
    1.0007169E+00   9.9999587E-01   1.0007154E+00   9.9999589E-01

 2.5068530073E+02   2.7112843E+11   1.3586098E+12   2.1490909E+00   3.2071442E-05   1.4416545E+00   9.5542716E-01    33 
    1.2101097E+00   1.8676369E+00   1.9640053E+00   1.8709426E+00   2.1339080E+00
    1.1704820E+00   1.2797464E+00   1.3241949E+00   1.1954792E+00   1.2381992E+00
    1.3686557E+00   1.0497858E+00   1.1248741E+00   1.0788786E+00   1.0070278E+00
    1.0519404E+00   1.0391390E+00   1.0433844E+00   1.0684948E+00   1.0186695E+00
    1.0334080E+00   1.0152721E+00   1.0065367E+00   1.0218751E+00   1.0058687E+00
    1.0143645E+00   1.0269737E+00   1.0056252E+00   1.0130145E+00   1.0045520E+00
    1.0021429E+00   1.0095037E+00   1.0017758E+00   1.0076857E+00   1.0108625E+00
    1.0020587E+00   1.0066579E+00   1.0016585E+00   1.0008702E+00   1.0053150E+00
    1.0006907E+00   1.0044161E+00   1.0059353E+00   1.0028740E+00   1.0003209E+00
    1.0021205E+00   1.0001725E+00   1.0013540E+00   1.0001059E+00   1.0009502E+00
    1.0000720E+00   1.0006960E+00   1.0000530E+00   1.0005481E+00   1.0000422E+00
    1.0004630E+00   1.0000358E+00   1.0004114E+00   1.0000319E+00   1.0003784E+00
    1.0000294E+00   1.0003568E+00   1.0000278E+00   1.0003445E+00   1.0000269E+00
    1.0003388E+00   1.0000264E+00   1.0003383E+00   1.0000264E+00

 2.5050986800E+02   4.0609570E+11   2.0344025E+12   2.1362056E+00   4.5201250E-05   9.4917223E-01   9.7041339E-01    34 
    1.0407162E+00   1.6807390E+00   1.8283378E+00   1.7496148E+00   1.9720054E+00
    1.1687732E+00   1.2427440E+00   1.2944754E+00   1.2305922E+00   1.2373035E+00
    1.2997189E+00   1.0480137E+00   1.0943270E+00   1.0682968E+00   1.0216439E+00
    1.0431013E+00   1.0508671E+00   1.0438566E+00   1.0538456E+00   1.0176507E+00
    1.0228535E+00   1.0151327E+00   1.0102539E+00   1.0156548E+00   1.0109152E+00
    1.0128481E+00   1.0187363E+00   1.0057101E+00   1.0086535E+00   1.0048544E+00
    1.0034714E+00   1.0065231E+00   1.0035723E+00   1.0057094E+00   1.0073244E+00
    1.0022251E+00   1.0041066E+00   1.0018963E+00   1.0014299E+00   1.0033274E+00
    1.0014281E+00   1.0029269E+00   1.0036434E+00   1.0017375E+00   1.0006583E+00
    1.0011839E+00   1.0003442E+00   1.0007257E+00   1.0001999E+00   1.0004898E+00
    1.0001272E+00   1.0003452E+00   1.0000882E+00   1.0002617E+00   1.0000661E+00
    1.0002131E+00   1.0000531E+00   1.0001834E+00   1.0000452E+00   1.0001645E+00
    1.0000403E+00   1.0001521E+00   1.0000372E+00   1.0001450E+00   1.0000354E+00
    1.0001416E+00   1.0000346E+00   1.0001416E+00   1.0000345E+00

 2.5032469525E+02   6.1124916E+11   3.0616769E+12   2.1205740E+00   6.0977881E-05   6.2517176E-01   9.8040775E-01    35 
    8.3438121E-01   1.4804354E+00   1.6629167E+00   1.5996561E+00   1.7654219E+00
    1.1701340E+00   1.2016695E+00   1.2616569E+00   1.2413455E+00   1.2175084E+00
    1.2370554E+00   1.0488759E+00   1.0691511E+00   1.0590398E+00   1.0343740E+00
    1.0364937E+00   1.0496572E+00   1.0408064E+00   1.0431978E+00   1.0164288E+00
    1.0153140E+00   1.0144048E+00   1.0118751E+00   1.0111409E+00   1.0127409E+00
    1.0110938E+00   1.0127298E+00   1.0054747E+00   1.0056561E+00   1.0047582E+00
    1.0040088E+00   1.0044512E+00   1.0042733E+00   1.0042485E+00   1.0048671E+00
    1.0021780E+00   1.0025328E+00   1.0019030E+00   1.0016382E+00   1.0020976E+00
    1.0017142E+00   1.0019705E+00   1.0022495E+00   1.0010624E+00   1.0007823E+00
    1.0006584E+00   1.0004011E+00   1.0003876E+00   1.0002259E+00   1.0002496E+00
    1.0001380E+00   1.0001681E+00   1.0000912E+00   1.0001214E+00   1.0000649E+00
    1.0000939E+00   1.0000494E+00   1.0000771E+00   1.0000400E+00   1.0000664E+00
    1.0000341E+00   1.0000595E+00   1.0000305E+00   1.0000554E+00   1.0000284E+00
    1.0000536E+00   1.0000274E+00   1.0000536E+00   1.0000273E+00

 2.5012453913E+02   9.2400526E+11   4.6278582E+12   2.1117243E+00   7.7795196E-05   4.1145935E-01   9.8705940E-01    36 
    6.5914422E-01   1.3114802E+00   1.4965046E+00   1.4486792E+00   1.5677767E+00
    1.1710016E+00   1.1637100E+00   1.2216448E+00   1.2142473E+00   1.1794996E+00
    1.1804703E+00   1.0496314E+00   1.0508221E+00   1.0492589E+00   1.0396342E+00
    1.0311418E+00   1.0404773E+00   1.0335544E+00   1.0342025E+00   1.0145184E+00
    1.0106442E+00   1.0128055E+00   1.0115449E+00   1.0083566E+00   1.0120109E+00
    1.0092096E+00   1.0090257E+00   1.0048874E+00   1.0038297E+00   1.0042883E+00
    1.0038985E+00   1.0031693E+00   1.0041294E+00   1.0032328E+00   1.0033553E+00
    1.0019483E+00   1.0016357E+00   1.0017221E+00   1.0015752E+00   1.0013949E+00
    1.0016594E+00   1.0013893E+00   1.0014625E+00   1.0006887E+00   1.0007524E+00
    1.0003879E+00   1.0003803E+00   1.0002202E+00   1.0002092E+00   1.0001352E+00
    1.0001237E+00   1.0000869E+00   1.0000783E+00   1.0000594E+00   1.0000529E+00
    1.0000432E+00   1.0000379E+00   1.0000333E+00   1.0000289E+00   1.0000271E+00
    1.0000232E+00   1.0000230E+00   1.0000197E+00   1.0000207E+00   1.0000177E+00
    1.0000196E+00   1.0000167E+00   1.0000196E+00   1.0000167E+00

 2.4990556401E+02   1.3985117E+12   7.0042425E+12   2.1207946E+00   9.4050297E-05   2.7112683E-01   9.9145300E-01    37 
    5.5859221E-01   1.1930647E+00   1.3559284E+00   1.3200808E+00   1.4111704E+00
    1.1622593E+00   1.1323181E+00   1.1771020E+00   1.1694535E+00   1.1357810E+00
    1.1332101E+00   1.0465941E+00   1.0386103E+00   1.0386063E+00   1.0352023E+00
    1.0263478E+00   1.0305470E+00   1.0258742E+00   1.0269236E+00   1.0119008E+00
    1.0080357E+00   1.0104847E+00   1.0098386E+00   1.0067836E+00   1.0098958E+00
    1.0074717E+00   1.0069872E+00   1.0040354E+00   1.0028107E+00   1.0035571E+00
    1.0033574E+00   1.0024365E+00   1.0034830E+00   1.0025520E+00   1.0025039E+00
    1.0016084E+00   1.0011570E+00   1.0014292E+00   1.0013483E+00   1.0010184E+00
    1.0014077E+00   1.0010495E+00   1.0010450E+00   1.0004924E+00   1.0006370E+00
    1.0002584E+00   1.0003190E+00   1.0001425E+00   1.0001727E+00   1.0000842E+00
    1.0000997E+00   1.0000520E+00   1.0000610E+00   1.0000338E+00   1.0000393E+00
    1.0000231E+00   1.0000266E+00   1.0000166E+00   1.0000189E+00   1.0000125E+00
    1.0000141E+00   1.0000099E+00   1.0000112E+00   1.0000084E+00   1.0000095E+00
    1.0000076E+00   1.0000086E+00   1.0000077E+00   1.0000087E+00

 2.4965832526E+02   2.1247667E+12   1.0641943E+13   2.1558064E+00   1.0666785E-04   1.7827739E-01   9.9437129E-01    38 
    5.2780193E-01   1.1203666E+00   1.2476354E+00   1.2272919E+00   1.2894587E+00
    1.1329823E+00   1.1043828E+00   1.1309231E+00   1.1226798E+00   1.0980525E+00
    1.0964345E+00   1.0388673E+00   1.0290539E+00   1.0278715E+00   1.0260357E+00
    1.0205490E+00   1.0214363E+00   1.0189793E+00   1.0202336E+00   1.0087883E+00
    1.0061606E+00   1.0076807E+00   1.0072969E+00   1.0054564E+00   1.0071782E+00
    1.0057303E+00   1.0054763E+00   1.0029947E+00   1.0021074E+00   1.0026406E+00
    1.0025353E+00   1.0018859E+00   1.0025706E+00   1.0019679E+00   1.0018998E+00
    1.0011966E+00   1.0008479E+00   1.0010647E+00   1.0010203E+00   1.0007646E+00
    1.0010478E+00   1.0007951E+00   1.0007720E+00   1.0003633E+00   1.0004754E+00
    1.0001838E+00   1.0002371E+00   1.0000995E+00   1.0001272E+00   1.0000572E+00
    1.0000722E+00   1.0000344E+00   1.0000431E+00   1.0000215E+00   1.0000268E+00
    1.0000139E+00   1.0000172E+00   1.0000093E+00   1.0000115E+00   1.0000065E+00
    1.0000079E+00   1.0000047E+00   1.0000057E+00   1.0000036E+00   1.0000045E+00
    1.0000031E+00   1.0000039E+00   1.0000032E+00   1.0000039E+00

 2.4942037359E+02   3.0389931E+12   1.5222621E+13   2.2115097E+00   1.0848418E-04   1.2466014E-01   9.9606062E-01    39 
    5.3854987E-01   1.0867058E+00   1.1802662E+00   1.1739475E+00   1.2104373E+00
    1.0996746E+00   1.0795009E+00   1.0942552E+00   1.0870895E+00   1.0701099E+00
    1.0693079E+00   1.0302245E+00   1.0213718E+00   1.0197020E+00   1.0182846E+00
    1.0149741E+00   1.0148191E+00   1.0134963E+00   1.0145964E+00   1.0062419E+00
    1.0045743E+00   1.0053888E+00   1.0051082E+00   1.0041305E+00   1.0049782E+00
    1.0041584E+00   1.0041129E+00   1.0021191E+00   1.0015490E+00   1.0018611E+00
    1.0017945E+00   1.0014049E+00   1.0017941E+00   1.0014457E+00   1.0014030E+00
    1.0008484E+00   1.0006164E+00   1.0007541E+00   1.0007272E+00   1.0005625E+00
    1.0007362E+00   1.0005824E+00   1.0005634E+00   1.0002637E+00   1.0003356E+00
    1.0001313E+00   1.0001673E+00   1.0000704E+00   1.0000893E+00   1.0000399E+00
    1.0000503E+00   1.0000235E+00   1.0000295E+00   1.0000143E+00   1.0000179E+00
    1.0000089E+00   1.0000111E+00   1.0000057E+00   1.0000071E+00   1.0000037E+00
    1.0000046E+00   1.0000025E+00   1.0000031E+00   1.0000018E+00   1.0000022E+00
    1.0000014E+00   1.0000018E+00   1.0000014E+00   1.0000018E+00

 2.4918889372E+02   4.1420242E+12   2.0754076E+13   2.2847542E+00   1.0000805E-04   9.1514386E-02   9.9710646E-01    40 
    5.6943381E-01   1.0727873E+00   1.1388420E+00   1.1418098E+00   1.1593282E+00
    1.0731168E+00   1.0582615E+00   1.0677623E+00   1.0620732E+00   1.0491939E+00
    1.0487366E+00   1.0225107E+00   1.0153421E+00   1.0137892E+00   1.0126620E+00
    1.0104643E+00   1.0102217E+00   1.0093456E+00   1.0101954E+00   1.0043698E+00
    1.0032676E+00   1.0037252E+00   1.0035096E+00   1.0029605E+00   1.0034057E+00
    1.0028957E+00   1.0029488E+00   1.0014703E+00   1.0011022E+00   1.0012828E+00
    1.0012349E+00   1.0010032E+00   1.0012264E+00   1.0010172E+00   1.0009990E+00
    1.0005885E+00   1.0004365E+00   1.0005216E+00   1.0005037E+00   1.0004004E+00
    1.0005051E+00   1.0004108E+00   1.0003996E+00   1.0001856E+00   1.0002312E+00
    1.0000916E+00   1.0001154E+00   1.0000488E+00   1.0000615E+00   1.0000274E+00
    1.0000344E+00   1.0000159E+00   1.0000200E+00   1.0000095E+00   1.0000119E+00
    1.0000058E+00   1.0000072E+00   1.0000035E+00   1.0000044E+00   1.0000022E+00
    1.0000027E+00   1.0000014E+00   1.0000017E+00   1.0000009E+00   1.0000011E+00
    1.0000007E+00   1.0000009E+00   1.0000007E+00   1.0000009E+00

 2.4895492485E+02   5.4731705E+12   2.7447180E+13   2.3767077E+00   8.5049217E-05   6.9290316E-02   9.9780834E-01    41 
    6.1512075E-01   1.0680635E+00   1.1117944E+00   1.1203732E+00   1.1242554E+00
    1.0535589E+00   1.0415202E+00   1.0487765E+00   1.0444012E+00   1.0339288E+00
    1.0336078E+00   1.0162453E+00   1.0108077E+00   1.0095353E+00   1.0086793E+00
    1.0071120E+00   1.0070219E+00   1.0063297E+00   1.0069428E+00   1.0030194E+00
    1.0022610E+00   1.0025443E+00   1.0023837E+00   1.0020375E+00   1.0023090E+00
    1.0019570E+00   1.0020377E+00   1.0010075E+00   1.0007611E+00   1.0008725E+00
    1.0008368E+00   1.0006914E+00   1.0008284E+00   1.0006924E+00   1.0006888E+00
    1.0004024E+00   1.0003010E+00   1.0003552E+00   1.0003426E+00   1.0002765E+00
    1.0003415E+00   1.0002807E+00   1.0002756E+00   1.0001268E+00   1.0001567E+00
    1.0000621E+00   1.0000782E+00   1.0000330E+00   1.0000416E+00   1.0000184E+00
    1.0000232E+00   1.0000106E+00   1.0000133E+00   1.0000062E+00   1.0000078E+00
    1.0000037E+00   1.0000046E+00   1.0000022E+00   1.0000028E+00   1.0000013E+00
    1.0000016E+00   1.0000008E+00   1.0000010E+00   1.0000005E+00   1.0000006E+00
    1.0000003E+00   1.0000004E+00   1.0000003E+00   1.0000004E+00

 2.4871253455E+02   7.0392082E+12   3.5391587E+13   2.4892898E+00   6.7602773E-05   5.3839274E-02   9.9829662E-01    42 
    6.7422324E-01   1.0673684E+00   1.0930778E+00   1.1048071E+00   1.0990156E+00
    1.0394217E+00   1.0293173E+00   1.0351860E+00   1.0318629E+00   1.0233065E+00
    1.0230593E+00   1.0115734E+00   1.0075612E+00   1.0065642E+00   1.0059371E+00
    1.0047843E+00   1.0048281E+00   1.0042503E+00   1.0046779E+00   1.0020741E+00
    1.0015407E+00   1.0017298E+00   1.0016147E+00   1.0013754E+00   1.0015641E+00
    1.0013067E+00   1.0013826E+00   1.0006886E+00   1.0005180E+00   1.0005920E+00
    1.0005655E+00   1.0004680E+00   1.0005589E+00   1.0004644E+00   1.0004673E+00
    1.0002743E+00   1.0002048E+00   1.0002409E+00   1.0002318E+00   1.0001878E+00
    1.0002303E+00   1.0001888E+00   1.0001873E+00   1.0000853E+00   1.0001057E+00
    1.0000414E+00   1.0000527E+00   1.0000219E+00   1.0000280E+00   1.0000122E+00
    1.0000155E+00   1.0000069E+00   1.0000089E+00   1.0000040E+00   1.0000051E+00
    1.0000023E+00   1.0000030E+00   1.0000013E+00   1.0000017E+00   1.0000008E+00
    1.0000010E+00   1.0000004E+00   1.0000005E+00   1.0000002E+00   1.0000003E+00
    1.0000001E+00   1.0000002E+00   1.0000001E+00   1.0000002E+00

 2.4845657486E+02   8.7901868E+12   4.4566436E+13   2.6235605E+00   5.0944887E-05   4.2889545E-02   9.9864280E-01    43 
    7.4067881E-01   1.0673261E+00   1.0790106E+00   1.0920481E+00   1.0798537E+00
    1.0292012E+00   1.0207685E+00   1.0254370E+00   1.0229387E+00   1.0160884E+00
    1.0158959E+00   1.0082659E+00   1.0053039E+00   1.0045421E+00   1.0040913E+00
    1.0032305E+00   1.0033449E+00   1.0028652E+00   1.0031603E+00   1.0014308E+00
    1.0010491E+00   1.0011826E+00   1.0011019E+00   1.0009266E+00   1.0010686E+00
    1.0008752E+00   1.0009357E+00   1.0004737E+00   1.0003525E+00   1.0004046E+00
    1.0003853E+00   1.0003162E+00   1.0003804E+00   1.0003117E+00   1.0003166E+00
    1.0001884E+00   1.0001392E+00   1.0001646E+00   1.0001578E+00   1.0001272E+00
    1.0001566E+00   1.0001269E+00   1.0001270E+00   1.0000572E+00   1.0000718E+00
    1.0000275E+00   1.0000358E+00   1.0000146E+00   1.0000189E+00   1.0000080E+00
    1.0000104E+00   1.0000045E+00   1.0000059E+00   1.0000026E+00   1.0000034E+00
    1.0000015E+00   1.0000019E+00   1.0000008E+00   1.0000011E+00   1.0000004E+00
    1.0000006E+00   1.0000002E+00   1.0000003E+00   1.0000001E+00   1.0000001E+00
    1.0000000E+00   1.0000000E+00   9.9999999E-01   1.0000000E+00

 2.4818132930E+02   1.0513548E+13   5.4798030E+13   2.7782115E+00   3.7182241E-05   3.5109794E-02   9.9888884E-01    44 
    8.0180921E-01   1.0647257E+00   1.0664327E+00   1.0793449E+00   1.0637405E+00
    1.0215903E+00   1.0146976E+00   1.0182959E+00   1.0164519E+00   1.0110837E+00
    1.0109327E+00   1.0059211E+00   1.0037224E+00   1.0031602E+00   1.0028405E+00
    1.0021900E+00   1.0023301E+00   1.0019380E+00   1.0021413E+00   1.0009931E+00
    1.0007154E+00   1.0008146E+00   1.0007585E+00   1.0006253E+00   1.0007365E+00
    1.0005886E+00   1.0006336E+00   1.0003283E+00   1.0002401E+00   1.0002787E+00
    1.0002648E+00   1.0002137E+00   1.0002613E+00   1.0002097E+00   1.0002146E+00
    1.0001304E+00   1.0000946E+00   1.0001134E+00   1.0001084E+00   1.0000860E+00
    1.0001074E+00   1.0000853E+00   1.0000860E+00   1.0000384E+00   1.0000492E+00
    1.0000182E+00   1.0000244E+00   1.0000096E+00   1.0000129E+00   1.0000053E+00
    1.0000071E+00   1.0000029E+00   1.0000040E+00   1.0000017E+00   1.0000022E+00
    1.0000009E+00   1.0000012E+00   1.0000005E+00   1.0000006E+00   1.0000002E+00
    1.0000003E+00   1.0000000E+00   1.0000001E+00   9.9999991E-01   9.9999994E-01
    9.9999983E-01   9.9999986E-01   9.9999980E-01   9.9999983E-01

 2.4787815862E+02   1.1563281E+13   6.5799491E+13   2.9515304E+00   2.6902790E-05   2.9710120E-02   9.9905965E-01    45 
    8.4266687E-01   1.0579484E+00   1.0532575E+00   1.0653032E+00   1.0484340E+00
    1.0156525E+00   1.0098416E+00   1.0128837E+00   1.0115659E+00   1.0070335E+00
    1.0068739E+00   1.0041952E+00   1.0025185E+00   1.0021818E+00   1.0019599E+00
    1.0014227E+00   1.0016074E+00   1.0012502E+00   1.0013876E+00   1.0006864E+00
    1.0004690E+00   1.0005593E+00   1.0005203E+00   1.0004050E+00   1.0005052E+00
    1.0003789E+00   1.0004117E+00   1.0002266E+00   1.0001570E+00   1.0001914E+00
    1.0001814E+00   1.0001384E+00   1.0001789E+00   1.0001350E+00   1.0001394E+00
    1.0000900E+00   1.0000613E+00   1.0000779E+00   1.0000743E+00   1.0000554E+00
    1.0000735E+00   1.0000548E+00   1.0000554E+00   1.0000244E+00   1.0000336E+00
    1.0000113E+00   1.0000167E+00   1.0000059E+00   1.0000087E+00   1.0000032E+00
    1.0000048E+00   1.0000018E+00   1.0000026E+00   1.0000010E+00   1.0000014E+00
    1.0000005E+00   1.0000007E+00   1.0000002E+00   1.0000003E+00   9.9999994E-01
    1.0000000E+00   9.9999975E-01   9.9999979E-01   9.9999960E-01   9.9999962E-01
    9.9999949E-01   9.9999951E-01   9.9999944E-01   9.9999945E-01

 2.4753186175E+02   1.0668938E+13   7.7720842E+13   3.1452084E+00   1.9798950E-05   2.6075944E-02   9.9917462E-01    46 
    8.5697292E-01   1.0484281E+00   1.0394098E+00   1.0507351E+00   1.0331717E+00
    1.0109452E+00   1.0052619E+00   1.0087221E+00   1.0078240E+00   1.0029606E+00
    1.0026957E+00   1.0028961E+00   1.0014747E+00   1.0014678E+00   1.0013195E+00
    1.0007558E+00   1.0010762E+00   1.0006428E+00   1.0007282E+00   1.0004650E+00
    1.0002557E+00   1.0003764E+00   1.0003496E+00   1.0002154E+00   1.0003388E+00
    1.0001969E+00   1.0002205E+00   1.0001535E+00   1.0000848E+00   1.0001289E+00
    1.0001219E+00   1.0000732E+00   1.0001200E+00   1.0000704E+00   1.0000742E+00
    1.0000610E+00   1.0000320E+00   1.0000525E+00   1.0000500E+00   1.0000286E+00
    1.0000493E+00   1.0000281E+00   1.0000285E+00   1.0000120E+00   1.0000225E+00
    1.0000050E+00   1.0000111E+00   1.0000026E+00   1.0000058E+00   1.0000014E+00
    1.0000031E+00   1.0000007E+00   1.0000017E+00   1.0000004E+00   1.0000009E+00
    1.0000001E+00   1.0000004E+00   9.9999985E-01   1.0000000E+00   9.9999960E-01
    9.9999968E-01   9.9999935E-01   9.9999939E-01   9.9999915E-01   9.9999917E-01
    9.9999901E-01   9.9999903E-01   9.9999893E-01   9.9999895E-01

 2.4711950295E+02   7.4112967E+12   9.1655833E+13   3.3591201E+00   1.5416021E-05   2.3343848E-02   9.9926107E-01    47 
    8.5722274E-01   1.0360007E+00   1.0246551E+00   1.0351977E+00   1.0177976E+00
    1.0070012E+00   1.0010455E+00   1.0053626E+00   1.0048096E+00   9.9913347E-01
    9.9872586E-01   1.0018506E+00   1.0005360E+00   1.0009093E+00   1.0008198E+00
    1.0001580E+00   1.0006597E+00   1.0000952E+00   1.0001343E+00   1.0002924E+00
    1.0000630E+00   1.0002352E+00   1.0002178E+00   1.0000452E+00   1.0002100E+00
    1.0000334E+00   1.0000484E+00   1.0000966E+00   1.0000191E+00   1.0000807E+00
    1.0000762E+00   1.0000142E+00   1.0000747E+00   1.0000121E+00   1.0000151E+00
    1.0000384E+00   1.0000049E+00   1.0000329E+00   1.0000313E+00   1.0000039E+00
    1.0000307E+00   1.0000039E+00   1.0000035E+00   1.0000007E+00   1.0000140E+00
    9.9999923E-01   1.0000069E+00   9.9999957E-01   1.0000036E+00   9.9999972E-01
    1.0000019E+00   9.9999983E-01   1.0000010E+00   9.9999985E-01   1.0000005E+00
    9.9999980E-01   1.0000001E+00   9.9999967E-01   9.9999985E-01   9.9999948E-01
    9.9999957E-01   9.9999929E-01   9.9999934E-01   9.9999914E-01   9.9999917E-01
    9.9999904E-01   9.9999906E-01   9.9999898E-01   9.9999900E-01

 2.4661506428E+02   3.9796897E+12   1.0982949E+14   3.5950315E+00   1.3046584E-05   2.0403288E-02   9.9935412E-01    48 
    8.7757081E-01   1.0224775E+00   1.0121991E+00   1.0204084E+00   1.0062989E+00
    1.0039323E+00   9.9897464E-01   1.0028651E+00   1.0025743E+00   9.9765565E-01
    9.9726415E-01   1.0010440E+00   9.9998772E-01   1.0004965E+00   1.0004517E+00
    9.9984207E-01   1.0003555E+00   9.9981781E-01   9.9982288E-01   1.0001625E+00
    9.9995644E-01   1.0001302E+00   1.0001205E+00   9.9995350E-01   1.0001153E+00
    9.9994857E-01   9.9995463E-01   1.0000537E+00   9.9998281E-01   1.0000448E+00
    1.0000423E+00   9.9998234E-01   1.0000412E+00   9.9998137E-01   9.9998270E-01
    1.0000214E+00   9.9998951E-01   1.0000183E+00   1.0000174E+00   9.9999041E-01
    1.0000170E+00   9.9999114E-01   9.9998945E-01   9.9999506E-01   1.0000078E+00
    9.9999664E-01   1.0000038E+00   9.9999824E-01   1.0000020E+00   9.9999902E-01
    1.0000010E+00   9.9999947E-01   1.0000005E+00   9.9999969E-01   1.0000002E+00
    9.9999977E-01   1.0000001E+00   9.9999975E-01   9.9999990E-01   9.9999969E-01
    9.9999977E-01   9.9999962E-01   9.9999966E-01   9.9999957E-01   9.9999960E-01
    9.9999954E-01   9.9999956E-01   9.9999952E-01   9.9999954E-01

 2.4600386762E+02   1.9295689E+12   1.3698092E+14   3.8618771E+00   1.1915191E-05   1.6798744E-02   9.9946819E-01    49 
    9.1868697E-01   1.0117866E+00   1.0048665E+00   1.0097913E+00   1.0009012E+00
    1.0019562E+00   9.9898342E-01   1.0013530E+00   1.0012255E+00   9.9831464E-01
    9.9808253E-01   1.0005116E+00   9.9987384E-01   1.0002402E+00   1.0002231E+00
    9.9982643E-01   1.0001714E+00   9.9982251E-01   9.9981472E-01   1.0000794E+00
    9.9994841E-01   1.0000636E+00   1.0000592E+00   9.9994953E-01   1.0000564E+00
    9.9994825E-01   9.9995002E-01   1.0000262E+00   9.9998118E-01   1.0000219E+00
    1.0000208E+00   9.9998164E-01   1.0000202E+00   9.9998118E-01   9.9998201E-01
    1.0000104E+00   9.9998835E-01   1.0000089E+00   1.0000085E+00   9.9998992E-01
    1.0000083E+00   9.9999130E-01   9.9998844E-01   9.9999561E-01   1.0000038E+00
    9.9999736E-01   1.0000018E+00   9.9999865E-01   1.0000009E+00   9.9999927E-01
    1.0000005E+00   9.9999962E-01   1.0000002E+00   9.9999979E-01   1.0000001E+00
    9.9999987E-01   1.0000000E+00   9.9999989E-01   9.9999998E-01   9.9999989E-01
    9.9999993E-01   9.9999989E-01   9.9999991E-01   9.9999988E-01   9.9999989E-01
    9.9999987E-01   9.9999988E-01   9.9999987E-01   9.9999988E-01

 2.4529332571E+02   9.4402799E+11   1.7906938E+14   4.1681700E+00   1.1506964E-05   1.3037475E-02   9.9958724E-01    50 
    9.5557959E-01   1.0053575E+00   1.0014920E+00   1.0040522E+00   9.9919948E-01
    1.0008686E+00   9.9948218E-01   1.0005839E+00   1.0005381E+00   9.9922028E-01
    9.9912920E-01   1.0002190E+00   9.9992149E-01   1.0001044E+00   1.0000997E+00
    9.9990571E-01   1.0000755E+00   9.9990785E-01   9.9990160E-01   1.0000343E+00
    9.9997472E-01   1.0000276E+00   1.0000259E+00   9.9997478E-01   1.0000248E+00
    9.9997358E-01   9.9997606E-01   1.0000113E+00   9.9999171E-01   1.0000094E+00
    1.0000090E+00   9.9999139E-01   1.0000088E+00   9.9999066E-01   9.9999226E-01
    1.0000045E+00   9.9999309E-01   1.0000038E+00   1.0000036E+00   9.9999431E-01
    1.0000036E+00   9.9999555E-01   9.9999300E-01   9.9999786E-01   1.0000016E+00
    9.9999876E-01   1.0000008E+00   9.9999939E-01   1.0000004E+00   9.9999967E-01
    1.0000002E+00   9.9999984E-01   1.0000001E+00   9.9999991E-01   1.0000000E+00
    9.9999995E-01   1.0000000E+00   9.9999997E-01   1.0000000E+00   9.9999998E-01
    9.9999999E-01   9.9999998E-01   9.9999999E-01   9.9999998E-01   9.9999999E-01
    9.9999998E-01   9.9999998E-01   9.9999998E-01   9.9999998E-01

 2.4450153066E+02   4.9623170E+11   2.4483187E+14   4.5179711E+00   1.1622690E-05   9.6281692E-03   9.9969516E-01    51 
    9.7950252E-01   1.0021453E+00   1.0001277E+00   1.0014948E+00   9.9891441E-01
    1.0003358E+00   9.9977605E-01   1.0002271E+00   1.0002143E+00   9.9968783E-01
    9.9966539E-01   1.0000814E+00   9.9996729E-01   1.0000397E+00   1.0000386E+00
    9.9996350E-01   1.0000294E+00   9.9996505E-01   9.9996411E-01   1.0000129E+00
    9.9999244E-01   1.0000104E+00   1.0000098E+00   9.9999165E-01   1.0000095E+00
    9.9999030E-01   9.9999311E-01   1.0000042E+00   9.9999716E-01   1.0000035E+00
    1.0000034E+00   9.9999692E-01   1.0000033E+00   9.9999661E-01   9.9999731E-01
    1.0000017E+00   9.9999739E-01   1.0000014E+00   1.0000014E+00   9.9999786E-01
    1.0000013E+00   9.9999836E-01   9.9999734E-01   9.9999921E-01   1.0000006E+00
    9.9999954E-01   1.0000003E+00   9.9999978E-01   1.0000001E+00   9.9999989E-01
    1.0000001E+00   9.9999994E-01   1.0000000E+00   9.9999997E-01   1.0000000E+00
    9.9999999E-01   1.0000000E+00   1.0000000E+00   1.0000000E+00   1.0000000E+00
    1.0000000E+00   1.0000000E+00   1.0000000E+00   1.0000000E+00   1.0000000E+00
    1.0000000E+00   1.0000000E+00   1.0000000E+00   1.0000000E+00

 2.4365116502E+02   2.9193691E+11   3.4961835E+14   4.9141499E+00   1.2200162E-05   6.7977681E-03   9.9978476E-01    52 
    9.9154006E-01   1.0007693E+00   9.9968108E-01   1.0005020E+00   9.9906531E-01
    1.0001117E+00   9.9987174E-01   1.0000767E+00   1.0000738E+00   9.9984177E-01
    9.9983873E-01   1.0000259E+00   9.9997540E-01   1.0000128E+00   1.0000124E+00
    9.9997613E-01   1.0000096E+00   9.9997840E-01   9.9997647E-01   1.0000042E+00
    9.9999226E-01   1.0000033E+00   1.0000031E+00   9.9999276E-01   1.0000031E+00
    9.9999330E-01   9.9999267E-01   1.0000014E+00   9.9999683E-01   1.0000011E+00
    1.0000011E+00   9.9999719E-01   1.0000011E+00   9.9999743E-01   9.9999698E-01
    1.0000005E+00   9.9999860E-01   1.0000004E+00   1.0000004E+00   9.9999876E-01
    1.0000004E+00   9.9999888E-01   9.9999867E-01   9.9999945E-01   1.0000002E+00
    9.9999972E-01   1.0000001E+00   9.9999986E-01   1.0000000E+00   9.9999993E-01
    1.0000000E+00   9.9999997E-01   1.0000000E+00   9.9999999E-01   1.0000000E+00
    1.0000000E+00   1.0000000E+00   1.0000000E+00   1.0000000E+00   1.0000000E+00
    1.0000000E+00   1.0000000E+00   1.0000000E+00   1.0000000E+00   1.0000000E+00
    1.0000000E+00   1.0000000E+00   1.0000000E+00   1.0000000E+00

 2.4277080731E+02   1.8973898E+11   5.1111332E+14   5.3583442E+00   1.3091764E-05   4.6861023E-03   9.9985162E-01    53 
    9.9684205E-01   1.0002593E+00   9.9970694E-01   1.0001600E+00   9.9941836E-01
    1.0000332E+00   9.9991665E-01   1.0000226E+00   1.0000219E+00   9.9990412E-01
    9.9990265E-01   1.0000073E+00   9.9998056E-01   1.0000035E+00   1.0000034E+00
    9.9998199E-01   1.0000027E+00   9.9998420E-01   9.9998151E-01   1.0000012E+00
    9.9999271E-01   1.0000009E+00   1.0000009E+00   9.9999369E-01   1.0000008E+00
    9.9999484E-01   9.9999299E-01   1.0000004E+00   9.9999732E-01   1.0000003E+00
    1.0000003E+00   9.9999774E-01   1.0000003E+00   9.9999801E-01   9.9999749E-01
    1.0000001E+00   9.9999904E-01   1.0000001E+00   1.0000001E+00   9.9999914E-01
    1.0000001E+00   9.9999918E-01   9.9999912E-01   9.9999962E-01   1.0000001E+00
    9.9999982E-01   1.0000000E+00   9.9999992E-01   1.0000000E+00   9.9999996E-01
    1.0000000E+00   9.9999999E-01   1.0000000E+00   1.0000000E+00   1.0000000E+00
    1.0000000E+00   1.0000000E+00   1.0000000E+00   1.0000000E+00   1.0000000E+00
    1.0000000E+00   1.0000000E+00   1.0000000E+00   1.0000000E+00   1.0000000E+00
    1.0000000E+00   1.0000000E+00   1.0000000E+00   1.0000000E+00

 2.4187743576E+02   1.3185299E+11   7.4864935E+14   5.8535220E+00   1.4128042E-05   3.2237077E-03   9.9989792E-01    54 
    9.9898581E-01   1.0000857E+00   9.9983509E-01   1.0000502E+00   9.9971498E-01
    1.0000091E+00   9.9994740E-01   1.0000059E+00   1.0000058E+00   9.9994080E-01
    9.9993846E-01   1.0000019E+00   9.9998853E-01   1.0000009E+00   1.0000008E+00
    9.9998968E-01   1.0000006E+00   9.9999088E-01   9.9998924E-01   1.0000003E+00
    9.9999613E-01   1.0000002E+00   1.0000002E+00   9.9999664E-01   1.0000002E+00
    9.9999714E-01   9.9999633E-01   1.0000001E+00   9.9999866E-01   1.0000001E+00
    1.0000001E+00   9.9999885E-01   1.0000001E+00   9.9999895E-01   9.9999876E-01
    1.0000000E+00   9.9999951E-01   1.0000000E+00   1.0000000E+00   9.9999956E-01
    1.0000000E+00   9.9999958E-01   9.9999955E-01   9.9999981E-01   1.0000000E+00
    9.9999992E-01   1.0000000E+00   9.9999996E-01   1.0000000E+00   9.9999999E-01
    1.0000000E+00   1.0000000E+00   1.0000000E+00   1.0000000E+00   1.0000000E+00
    1.0000000E+00   1.0000000E+00   1.0000000E+00   1.0000000E+00   1.0000000E+00
    1.0000000E+00   1.0000000E+00   1.0000000E+00   1.0000000E+00   1.0000000E+00
    1.0000000E+00   1.0000000E+00   1.0000000E+00   1.0000000E+00

 2.4097167593E+02   9.6909901E+10   1.0898045E+15   6.4026703E+00   1.5231653E-05   2.2314984E-03   9.9992934E-01    55 
    9.9975012E-01   1.0000284E+00   9.9992457E-01   1.0000156E+00   9.9987804E-01
    1.0000024E+00   9.9997605E-01   1.0000015E+00   1.0000014E+00   9.9997320E-01
    9.9997187E-01   1.0000005E+00   9.9999533E-01   1.0000002E+00   1.0000002E+00
    9.9999592E-01   1.0000001E+00   9.9999634E-01   9.9999576E-01   1.0000001E+00
    9.9999855E-01   1.0000001E+00   1.0000001E+00   9.9999873E-01   1.0000001E+00
    9.9999888E-01   9.9999864E-01   1.0000000E+00   9.9999951E-01   1.0000000E+00
    1.0000000E+00   9.9999957E-01   1.0000000E+00   9.9999960E-01   9.9999955E-01
    1.0000000E+00   9.9999982E-01   1.0000000E+00   1.0000000E+00   9.9999984E-01
    1.0000000E+00   9.9999984E-01   9.9999983E-01   9.9999993E-01   1.0000000E+00
    9.9999997E-01   1.0000000E+00   9.9999999E-01   1.0000000E+00   1.0000000E+00
    1.0000000E+00   1.0000000E+00   1.0000000E+00   1.0000000E+00   1.0000000E+00
    1.0000000E+00   1.0000000E+00   1.0000000E+00   1.0000000E+00   1.0000000E+00
    1.0000000E+00   1.0000000E+00   1.0000000E+00   1.0000000E+00   1.0000000E+00
    1.0000000E+00   1.0000000E+00   1.0000000E+00   1.0000000E+00

 2.4004579295E+02   7.5847168E+10   1.5820891E+15   7.0103069E+00   1.6421229E-05   1.5491813E-03   9.9995094E-01    56 
    9.9996297E-01   1.0000099E+00   9.9996861E-01   1.0000050E+00   9.9995093E-01
    1.0000007E+00   9.9999162E-01   1.0000004E+00   1.0000004E+00   9.9999065E-01
    9.9999021E-01   1.0000001E+00   9.9999846E-01   1.0000001E+00   1.0000000E+00
    9.9999868E-01   1.0000000E+00   9.9999881E-01   9.9999863E-01   1.0000000E+00
    9.9999955E-01   1.0000000E+00   1.0000000E+00   9.9999960E-01   1.0000000E+00
    9.9999964E-01   9.9999958E-01   1.0000000E+00   9.9999985E-01   1.0000000E+00
    1.0000000E+00   9.9999987E-01   1.0000000E+00   9.9999987E-01   9.9999986E-01
    1.0000000E+00   9.9999994E-01   1.0000000E+00   1.0000000E+00   9.9999995E-01
    1.0000000E+00   9.9999995E-01   9.9999995E-01   9.9999998E-01   1.0000000E+00
    9.9999999E-01   1.0000000E+00   1.0000000E+00   1.0000000E+00   1.0000000E+00
    1.0000000E+00   1.0000000E+00   1.0000000E+00   1.0000000E+00   1.0000000E+00
    1.0000000E+00   1.0000000E+00   1.0000000E+00   1.0000000E+00   1.0000000E+00
    1.0000000E+00   1.0000000E+00   1.0000000E+00   1.0000000E+00   1.0000000E+00
    1.0000000E+00   1.0000000E+00   1.0000000E+00   1.0000000E+00

 2.3920831665E+02   6.4263234E+10   2.1949491E+15   7.6004179E+00   1.7539799E-05   1.1245739E-03   9.9996439E-01    57 
    9.9999976E-01   1.0000044E+00   9.9998652E-01   1.0000020E+00   9.9997914E-01
    1.0000003E+00   9.9999687E-01   1.0000001E+00   1.0000001E+00   9.9999651E-01
    9.9999635E-01   1.0000000E+00   9.9999944E-01   1.0000000E+00   1.0000000E+00
    9.9999953E-01   1.0000000E+00   9.9999957E-01   9.9999951E-01   1.0000000E+00
    9.9999984E-01   1.0000000E+00   1.0000000E+00   9.9999986E-01   1.0000000E+00
    9.9999987E-01   9.9999985E-01   1.0000000E+00   9.9999995E-01   1.0000000E+00
    1.0000000E+00   9.9999995E-01   1.0000000E+00   9.9999996E-01   9.9999995E-01
    1.0000000E+00   9.9999998E-01   1.0000000E+00   1.0000000E+00   9.9999998E-01
    1.0000000E+00   9.9999998E-01   9.9999998E-01   9.9999999E-01   1.0000000E+00
    1.0000000E+00   1.0000000E+00   1.0000000E+00   1.0000000E+00   1.0000000E+00
    1.0000000E+00   1.0000000E+00   1.0000000E+00   1.0000000E+00   1.0000000E+00
    1.0000000E+00   1.0000000E+00   1.0000000E+00   1.0000000E+00   1.0000000E+00
    1.0000000E+00   1.0000000E+00   1.0000000E+00   1.0000000E+00   1.0000000E+00
    1.0000000E+00   1.0000000E+00   1.0000000E+00   1.0000000E+00

 2.3883399282E+02   6.0386578E+10   2.5301725E+15   7.8779309E+00   1.8032309E-05   9.7868087E-04   9.9996901E-01    58 
    1.0000083E+00   1.0000030E+00   9.9999209E-01   1.0000013E+00   9.9998767E-01
    1.0000002E+00   9.9999823E-01   1.0000001E+00   1.0000001E+00   9.9999802E-01
    9.9999793E-01   1.0000000E+00   9.9999969E-01   1.0000000E+00   1.0000000E+00
    9.9999973E-01   1.0000000E+00   9.9999976E-01   9.9999973E-01   1.0000000E+00
    9.9999991E-01   1.0000000E+00   1.0000000E+00   9.9999992E-01   1.0000000E+00
    9.9999993E-01   9.9999992E-01   1.0000000E+00   9.9999997E-01   1.0000000E+00
    1.0000000E+00   9.9999997E-01   1.0000000E+00   9.9999998E-01   9.9999997E-01
    1.0000000E+00   9.9999999E-01   1.0000000E+00   1.0000000E+00   9.9999999E-01
    1.0000000E+00   9.9999999E-01   9.9999999E-01   1.0000000E+00   1.0000000E+00
    1.0000000E+00   1.0000000E+00   1.0000000E+00   1.0000000E+00   1.0000000E+00
    1.0000000E+00   1.0000000E+00   1.0000000E+00   1.0000000E+00   1.0000000E+00
    1.0000000E+00   1.0000000E+00   1.0000000E+00   1.0000000E+00   1.0000000E+00
    1.0000000E+00   1.0000000E+00   1.0000000E+00   1.0000000E+00   1.0000000E+00
    1.0000000E+00   1.0000000E+00   1.0000000E+00   1.0000000E+00

 2.3864572294E+02   5.8571108E+10   2.7123943E+15   8.0206709E+00   1.8267172E-05   9.1439076E-04   9.9997104E-01    59 
    1.0000115E+00   1.0000030E+00   9.9999241E-01   1.0000013E+00   9.9998814E-01
    1.0000002E+00   9.9999834E-01   1.0000001E+00   1.0000001E+00   9.9999813E-01
    9.9999805E-01   1.0000000E+00   9.9999971E-01   1.0000000E+00   1.0000000E+00
    9.9999975E-01   1.0000000E+00   9.9999978E-01   9.9999974E-01   1.0000000E+00
    9.9999992E-01   1.0000000E+00   1.0000000E+00   9.9999993E-01   1.0000000E+00
    9.9999993E-01   9.9999992E-01   1.0000000E+00   9.9999997E-01   1.0000000E+00
    1.0000000E+00   9.9999998E-01   1.0000000E+00   9.9999998E-01   9.9999998E-01
    1.0000000E+00   9.9999999E-01   1.0000000E+00   1.0000000E+00   9.9999999E-01
    1.0000000E+00   9.9999999E-01   9.9999999E-01   1.0000000E+00   1.0000000E+00
    1.0000000E+00   1.0000000E+00   1.0000000E+00   1.0000000E+00   1.0000000E+00
    1.0000000E+00   1.0000000E+00   1.0000000E+00   1.0000000E+00   1.0000000E+00
    1.0000000E+00   1.0000000E+00   1.0000000E+00   1.0000000E+00   1.0000000E+00
    1.0000000E+00   1.0000000E+00   1.0000000E+00   1.0000000E+00   1.0000000E+00
    1.0000000E+00   1.0000000E+00   1.0000000E+00   1.0000000E+00

 2.3858278978E+02   5.7927644E+10   2.7756439E+15   8.0698412E+00   1.8341238E-05   8.9403145E-04   9.9997169E-01    60 
    1.0005079E+00   1.0000794E+00   1.0000396E+00   1.0000581E+00   1.0000235E+00
    1.0000081E+00   1.0000033E+00   1.0000058E+00   1.0000054E+00   1.0000018E+00
    1.0000017E+00   1.0000017E+00   1.0000007E+00   1.0000008E+00   1.0000007E+00
    1.0000002E+00   1.0000006E+00   1.0000002E+00   1.0000002E+00   1.0000002E+00
    1.0000001E+00   1.0000002E+00   1.0000002E+00   1.0000000E+00   1.0000002E+00
    1.0000001E+00   1.0000000E+00   1.0000001E+00   1.0000000E+00   1.0000001E+00
    1.0000001E+00   1.0000000E+00   1.0000001E+00   1.0000000E+00   1.0000000E+00
    1.0000000E+00   1.0000000E+00   1.0000000E+00   1.0000000E+00   1.0000000E+00
    1.0000000E+00   1.0000000E+00   1.0000000E+00   1.0000000E+00   1.0000000E+00
    1.0000000E+00   1.0000000E+00   1.0000000E+00   1.0000000E+00   1.0000000E+00
    1.0000000E+00   1.0000000E+00   1.0000000E+00   1.0000000E+00   1.0000000E+00
    1.0000000E+00   1.0000000E+00   1.0000000E+00   1.0000000E+00   1.0000000E+00
    1.0000000E+00   1.0000000E+00   1.0000000E+00   1.0000000E+00   1.0000000E+00
    1.0000000E+00   1.0000000E+00   1.0000000E+00   1.0000000E+00
