 Output format date:         27-JAN-1992         
 Completion of Model:        26-Aug-2020 00:13:41
 ND:                            60
 HE/He abundance:             2.50000E-01
    1.8709628E+05   1.9155850E+05   2.0081207E+05   2.2065026E+05   2.6633378E+05   3.8845994E+05   8.0703013E+05   1.6725370E+06
    3.4633877E+06   7.1518002E+06   1.4695193E+07   3.0109722E+07   6.1682032E+07   1.2649873E+08   2.6028750E+08   5.3699906E+08
    1.1033455E+09   2.2617606E+09   4.6443004E+09   9.5980146E+09   1.8109724E+10   2.7620143E+10   2.9360691E+10   2.6387341E+10
    2.5570782E+10   2.8739683E+10   3.5791975E+10   4.5922764E+10   6.1280701E+10   8.6416250E+10   1.2440978E+11   1.8276288E+11
    2.7131193E+11   4.0628793E+11   6.1146545E+11   9.2427792E+11   1.3989073E+12   2.1254381E+12   3.0402421E+12   4.1447385E+12
    5.4805518E+12   7.0636840E+12   8.8822461E+12   1.0871807E+13   1.2876951E+13   1.4710985E+13   1.6486177E+13   1.8937674E+13
    2.3112970E+13   2.9950201E+13   4.0814167E+13   5.8207046E+13   8.5044289E+13   1.2453269E+14   1.8125396E+14   2.6309722E+14
    3.6497264E+14   4.2069320E+14   4.5098162E+14   4.6149466E+14
 Number of HeI levels:          69
 HeI Oscillator date:        4-OCT-1992 
    4.2957181E-01   1.4092252E-04   8.2824931E-06   9.3484949E-09   4.5243071E-10   1.6317783E-10   6.1924647E-11   1.9211885E-09
    1.2309692E-10   3.4028853E-11   2.0921217E-10   5.0635285E-11   2.6876046E-11   1.0357254E-09   1.0903608E-10   3.1965868E-11
    2.0904522E-10   5.4374044E-11   2.0274700E-10   2.9708017E-11   1.4960460E-11   8.2787418E-10   9.6503041E-11   2.9549476E-11
    4.9472932E-10   1.2591036E-10   3.0709027E-10   2.2365758E-11   1.0682881E-11   7.2442418E-10   8.8211599E-11   2.7460447E-11
    8.6606620E-10   2.1230949E-10   2.2366496E-10   1.9484339E-11   9.7910269E-12   6.6932251E-10   8.0990397E-11   2.7404880E-11
    1.3411288E-09   3.0573637E-10   2.9529018E-11   2.7237593E-10   2.4324029E-09   3.6461732E-10   3.0434373E-09   1.0150378E-09
    3.8132901E-09   1.3302415E-09   5.6894132E-09   1.5898034E-09   5.9472275E-09   2.0466036E-09   7.8446669E-09   2.2957438E-09
    8.8152426E-09   2.4365777E-09   9.3853500E-09   2.6481637E-09   1.0409619E-08   2.9218780E-09   1.1776998E-08   3.1828480E-09
    1.3108926E-08   3.4704374E-09   1.4513010E-08   3.4128445E-09   1.4446056E-08   4.3907725E-01   1.4397954E-04   8.4777250E-06
    9.7773580E-09   4.7347551E-10   1.7070015E-10   6.4824160E-11   2.0094203E-09   1.2868332E-10   3.5577471E-11   2.1884419E-10
    5.2980754E-11   2.8135180E-11   1.0833294E-09   1.1399315E-10   3.3424583E-11   2.1847975E-10   5.6836251E-11   2.1224192E-10
    3.1089660E-11   1.5660238E-11   8.6592238E-10   1.0089403E-10   3.0897946E-11   5.1704907E-10   1.3161053E-10   3.2152741E-10
    2.3409442E-11   1.1182492E-11   7.5770825E-10   9.2226968E-11   2.8713634E-11   9.0513663E-10   2.2192348E-10   2.3410849E-10
    2.0396377E-11   1.0248324E-11   7.0005829E-10   8.4678734E-11   2.8654786E-11   1.4016675E-09   3.1959959E-10   3.0920217E-11
    2.8498579E-10   2.5428836E-09   3.8141309E-10   3.1815197E-09   1.0617173E-09   3.9862538E-09   1.3913072E-09   5.9477710E-09
    1.6628613E-09   6.2177261E-09   2.1406577E-09   8.1999708E-09   2.4012764E-09   9.2141652E-09   2.5487022E-09   9.8113103E-09
    2.7699389E-09   1.0882057E-08   3.0559647E-09   1.2309742E-08   3.3289382E-09   1.3701935E-08   3.6298222E-09   1.5169690E-08
    3.5699769E-09   1.5099906E-08   4.5874601E-01   1.5030080E-04   8.8818944E-06   1.0695827E-08   5.1860535E-10   1.8681537E-10
    7.1043679E-11   2.1983922E-09   1.4063927E-10   3.8892523E-11   2.3947392E-10   5.8007132E-11   3.0836012E-11   1.1852919E-09
    1.2460332E-10   3.6547734E-11   2.3866403E-10   6.2105257E-11   2.3261194E-10   3.4051355E-11   1.7160917E-11   9.4741672E-10
    1.1029306E-10   3.3784996E-11   5.6479897E-10   1.4380853E-10   3.5250951E-10   2.5647240E-11   1.2253836E-11   8.2899664E-10
    1.0082225E-10   3.1396671E-11   9.8872219E-10   2.4249744E-10   2.5650773E-10   2.2352439E-11   1.1228848E-11   7.6588544E-10
    9.2574415E-11   3.1330648E-11   1.5311868E-09   3.4927037E-10   3.3900685E-11   3.1203201E-10   2.7793441E-09   4.1736758E-10
    3.4770369E-09   1.1617084E-09   4.3564207E-09   1.5220884E-09   6.5007078E-09   1.8193384E-09   6.7967562E-09   2.3421098E-09
    8.9602452E-09   2.6273244E-09   1.0067735E-08   2.7889016E-09   1.0722991E-08   3.0308173E-09   1.1893218E-08   3.3431647E-09
    1.3449712E-08   3.6418640E-09   1.4970864E-08   3.9712571E-09   1.6574894E-08   3.9066422E-09   1.6499084E-08   5.0071913E-01
    1.6376946E-04   9.7451607E-06   1.2796200E-08   6.2207484E-10   2.2369251E-10   8.5312399E-11   2.6305929E-09   1.6794238E-10
    4.6466691E-11   2.8666573E-10   6.9516979E-11   3.7032237E-11   1.4185200E-09   1.4883822E-10   4.3685967E-11   2.8472253E-10
    7.4135931E-11   2.7935468E-10   4.0837157E-11   2.0602363E-11   1.1338223E-09   1.3176403E-10   4.0383334E-11   6.7375453E-10
    1.7165980E-10   4.2364983E-10   3.0777103E-11   1.4710505E-11   9.9204904E-10   1.2045850E-10   3.7528779E-11   1.1794472E-09
    2.8947682E-10   3.0787574E-10   2.6839020E-11   1.3476690E-11   9.1643106E-10   1.1061456E-10   3.7445487E-11   1.8267491E-09
    4.1703946E-10   4.0745396E-11   3.7406703E-10   3.3193859E-09   4.9968114E-10   4.1518660E-09   1.3904693E-09   5.2017089E-09
    1.8211756E-09   7.7634175E-09   2.1772600E-09   8.1195876E-09   2.8029004E-09   1.0695744E-08   3.1444132E-09   1.2016021E-08
    3.3385156E-09   1.2805153E-08   3.6277565E-09   1.4202591E-08   4.0001096E-09   1.6052059E-08   4.3577348E-09   1.7867593E-08
    4.7525087E-09   1.9782872E-08   4.6772384E-09   1.9693436E-08   5.9656277E-01   1.9443558E-04   1.1719468E-05   1.8309450E-08
    8.9501552E-10   3.2061840E-10   1.2300947E-10   3.7653557E-09   2.3941827E-10   6.6312173E-11   4.1058763E-10   9.9809385E-11
    5.3402327E-11   2.0310226E-09   2.1230718E-10   6.2402707E-11   4.0511428E-10   1.0561646E-10   4.0290049E-10   5.8716658E-11
    2.9686272E-11   1.6233353E-09   1.8800716E-10   5.7682999E-11   9.5852744E-10   2.4453542E-10   6.1196648E-10   4.4307781E-11
    2.1193960E-11   1.4201856E-09   1.7190319E-10   5.3606788E-11   1.6779375E-09   4.1241768E-10   4.4347621E-10   3.8687599E-11
    1.9405852E-11   1.3116371E-09   1.5789120E-10   5.3473535E-11   2.5993825E-09   5.9446260E-10   5.8864246E-11   5.3753807E-10
    4.7333727E-09   7.1629550E-10   5.9183175E-09   1.9914709E-09   7.4143601E-09   2.6062678E-09   1.1068783E-08   3.1172277E-09
    1.1585568E-08   4.0129346E-09   1.5234954E-08   4.5025586E-09   1.7110944E-08   4.7831276E-09   1.8257270E-08   5.1967388E-09
    2.0249794E-08   5.7256881E-09   2.2860089E-08   6.2386296E-09   2.5445718E-08   6.8061638E-09   2.8176101E-08   6.7042304E-09
    2.8051682E-08   8.4953512E-01   2.7499367E-04   1.6948617E-05   3.7632125E-08   1.8616949E-09   6.6116509E-10   2.5696033E-10
    7.7440642E-09   4.8873506E-10   1.3566360E-10   8.4459007E-10   2.0651626E-10   1.1155797E-10   4.1797420E-09   4.3384331E-10
    1.2790024E-10   8.2380458E-10   2.1534719E-10   8.4256534E-10   1.2183654E-10   6.1877415E-11   3.3403496E-09   3.8440718E-10
    1.1820442E-10   1.9487389E-09   4.9854936E-10   1.2845881E-09   9.2181494E-11   4.4158596E-11   2.9214947E-09   3.5161184E-10
    1.0986398E-10   3.4112887E-09   8.4105898E-10   9.2443350E-10   8.0733304E-11   4.0379976E-11   2.6966884E-09   3.2317754E-10
    1.0951516E-10   5.2868757E-09   1.2136412E-09   1.2354305E-10   1.1163016E-09   9.6663374E-09   1.4805062E-09   1.2078182E-08
    4.1010701E-09   1.5130914E-08   5.3561352E-09   2.2591946E-08   6.4135698E-09   2.3698696E-08   8.2562213E-09   3.1031303E-08
    9.2688272E-09   3.4837713E-08   9.8625166E-09   3.7286037E-08   1.0714455E-08   4.1357986E-08   1.1787014E-08   4.6580943E-08
    1.2851024E-08   5.1849171E-08   1.4034325E-08   5.7425572E-08   1.3847877E-08   5.7183640E-08   1.7104786E+00   5.4768279E-04
    3.4885532E-05   1.5388040E-07   7.7905096E-09   2.7180421E-09   1.0874468E-09   3.1688781E-08   1.9794041E-09   5.5191687E-10
    3.4282713E-09   8.5387146E-10   4.7156932E-10   1.7127689E-08   1.7593455E-09   5.2198255E-10   3.3130839E-09   8.7096855E-10
    3.5851250E-09   5.0626745E-10   2.5959040E-10   1.3681734E-08   1.5604362E-09   4.8197969E-10   7.8347498E-09   2.0164438E-09
    5.5213774E-09   3.8521444E-10   1.8500449E-10   1.1956247E-08   1.4288917E-09   4.4836298E-10   1.3714709E-08   3.4042669E-09
    3.8923901E-09   3.4028279E-10   1.6853603E-10   1.1017358E-08   1.3171981E-09   4.4597064E-10   2.1270578E-08   4.9236294E-09
    5.2949366E-10   4.6977205E-09   3.9142112E-08   6.1726295E-09   4.8862606E-08   1.6816797E-08   6.1244440E-08   2.1836658E-08
    9.1257753E-08   2.6242653E-08   9.6454660E-08   3.3772606E-08   1.2477369E-07   3.8009520E-08   1.4009087E-07   4.0676238E-08
    1.5118524E-07   4.4243100E-08   1.6779855E-07   4.8577191E-08   1.8824635E-07   5.3091477E-08   2.0952498E-07   5.8148127E-08
    2.3216015E-07   5.7549115E-08   2.3125730E-07   3.4975651E+00   1.1122738E-03   7.2563573E-05   6.3738845E-07   3.2875582E-08
    1.1302220E-08   4.6829145E-09   1.3126185E-07   8.1729937E-09   2.2885767E-09   1.3868241E-08   3.5672785E-09   2.0256413E-09
    7.1069442E-08   7.2653661E-09   2.1703504E-09   1.3581984E-08   3.5927661E-09   1.5587773E-08   2.1248928E-09   1.1024198E-09
    5.6721207E-08   6.4502015E-09   2.0018719E-09   3.2112973E-08   8.3200575E-09   2.4335098E-08   1.6290529E-09   7.8445553E-10
    4.9495054E-08   5.9192495E-09   1.8677073E-09   5.6215032E-08   1.4059884E-08   1.6695354E-08   1.4610131E-09   7.0982979E-10
    4.5461037E-08   5.4935466E-09   1.8501893E-09   8.7229589E-08   2.0382366E-08   2.3383177E-09   2.0242164E-08   1.6122730E-07
    2.6375122E-08   2.0117248E-07   6.9720514E-08   2.5259177E-07   8.9931758E-08   3.7385558E-07   1.0866942E-07   4.0043445E-07
    1.3954368E-07   5.0849345E-07   1.5777372E-07   5.7204952E-07   1.7038810E-07   6.2406606E-07   1.8598316E-07   6.9391005E-07
    2.0443872E-07   7.7659560E-07   2.2431280E-07   8.6441891E-07   2.4649040E-07   9.5814871E-07   2.4453392E-07   9.5463602E-07
    7.2343001E+00   2.2922934E-03   1.5321005E-04   2.6655369E-06   1.3993795E-07   4.7417732E-08   2.0495734E-08   5.4860798E-07
    3.4323174E-08   9.6464165E-09   5.6357773E-08   1.5035045E-08   8.8341001E-09   2.9773361E-07   3.0473477E-08   9.1709521E-09
    5.6482306E-08   1.5064595E-08   6.8983148E-08   9.0073528E-09   4.7389689E-09   2.3722507E-07   2.7089210E-08   8.4568256E-09
    1.3352689E-07   3.4901305E-08   1.0994978E-07   6.9919957E-09   3.3777219E-09   2.0643194E-07   2.4968716E-08   7.9514343E-09
    2.3376297E-07   5.9063679E-08   7.2566934E-08   6.4467125E-09   3.0205164E-09   1.8838940E-07   2.3494989E-08   7.8164497E-09
    3.6287257E-07   8.5866155E-08   1.0577523E-08   8.9702254E-08   6.7271656E-07   1.1600971E-07   8.3957649E-07   2.9227151E-07
    1.0578330E-06   3.7327596E-07   1.5445482E-06   4.5378267E-07   1.6869558E-06   5.7901144E-07   2.0919840E-06   6.5952518E-07
    2.3627987E-06   7.2196585E-07   2.6083812E-06   7.9407542E-07   2.9100038E-06   8.7670629E-07   3.2549995E-06   9.6673866E-07
    3.6245350E-06   1.0659687E-06   4.0190354E-06   1.0595216E-06   4.0050282E-06   1.5046573E+01   4.7582876E-03   3.2785655E-04
    1.1127784E-05   5.9456936E-07   1.9870620E-07   9.0706138E-08   2.2877508E-06   1.4536444E-07   4.0941033E-08   2.2729810E-07
    6.3376278E-08   3.8916741E-08   1.2458554E-06   1.2862909E-07   3.9024647E-08   2.3527326E-07   6.3517566E-08   3.0917767E-07
    3.8321061E-08   2.0531260E-08   9.8944972E-07   1.1459685E-07   3.6085570E-08   5.5607771E-07   1.4722976E-07   5.0797224E-07
    3.0422282E-08   1.4778974E-08   8.5645393E-07   1.0654586E-07   3.4525215E-08   9.7356819E-07   2.4967105E-07   3.1665847E-07
    2.9423253E-08   1.2941621E-08   7.7166411E-07   1.0286513E-07   3.3461008E-08   1.5120492E-06   3.6442625E-07   4.8945274E-08
    4.0780343E-07   2.8101090E-06   5.2434330E-07   3.5117641E-06   1.2270725E-06   4.4478768E-06   1.5459064E-06   6.3521501E-06
    1.8878952E-06   7.1023324E-06   2.3855967E-06   8.6038219E-06   2.7480857E-06   9.7662554E-06   3.0600022E-06   1.0900146E-05
    3.4031775E-06   1.2211076E-05   3.7830214E-06   1.3669964E-05   4.1932560E-06   1.5232883E-05   4.6377022E-06   1.6897923E-05
    4.6162421E-06   1.6842036E-05   3.1325184E+01   9.8899887E-03   7.1214581E-04   4.5892660E-05   2.5075903E-06   8.2436220E-07
    4.0210808E-07   9.4199301E-06   6.1833596E-07   1.7368910E-07   9.1625463E-07   2.6532356E-07   1.7162777E-07   5.1558975E-06
    5.4342166E-07   1.6599668E-07   9.7120232E-07   2.6702052E-07   1.3878703E-06   1.6309847E-07   8.9496266E-08   4.0698521E-06
    4.8613861E-07   1.5532626E-07   2.2945213E-06   6.1913280E-07   2.3687957E-06   1.3471767E-07   6.6220191E-08   3.4873080E-06
    4.5929174E-07   1.5385382E-07   4.0173288E-06   1.0530384E-06   1.3689417E-06   1.4002354E-07   5.6006932E-08   3.0668274E-06
    4.6258098E-07   1.4558740E-07   6.2450656E-06   1.5459595E-06   2.3075783E-07   1.8942801E-06   1.1638371E-05   2.4274892E-06
    1.4587300E-05   5.1220446E-06   1.8584500E-05   6.3514319E-06   2.5753025E-05   7.7607391E-06   2.9455888E-05   9.6946459E-06
    3.5075078E-05   1.1311130E-05   4.0010352E-05   1.2814475E-05   4.5042767E-05   1.4415225E-05   5.0651651E-05   1.6135585E-05
    5.6774927E-05   1.7966305E-05   6.3315071E-05   1.9918595E-05   7.0263601E-05   1.9847046E-05   7.0042961E-05   6.5417581E+01
    2.0594895E-02   1.5787357E-03   1.8684076E-04   1.0474828E-05   3.3916961E-06   1.7734682E-06   3.8275276E-05   2.6710892E-06
    7.4040356E-07   3.8193340E-06   1.1082442E-06   7.5239795E-07   2.1102104E-05   2.3184917E-06   7.0876378E-07   3.9772367E-06
    1.1242985E-06   6.2116464E-06   7.0149552E-07   3.9700384E-07   1.6468653E-05   2.0894924E-06   6.8576875E-07   9.3892097E-06
    2.6059838E-06   1.0926485E-05   6.1765707E-07   3.1098704E-07   1.3847046E-05   2.0280756E-06   7.2083828E-07   1.6442682E-05
    4.4530958E-06   5.8061626E-06   6.9933365E-07   2.5039754E-07   1.1666622E-05   2.1630717E-06   6.5982847E-07   2.5612841E-05
    6.5956618E-06   1.1136102E-06   9.0379922E-06   4.7861333E-05   1.1558619E-05   6.0303869E-05   2.1413080E-05   7.7105436E-05
    2.6136872E-05   1.0323668E-04   3.1710517E-05   1.2017868E-04   3.9090629E-05   1.4171499E-04   4.5997311E-05   1.6232961E-04
    5.2782988E-05   1.8384386E-04   5.9888172E-05   2.0732197E-04   6.7383239E-05   2.3264508E-04   7.5268659E-05   2.5960805E-04
    8.3586769E-05   2.8819089E-04   8.3345192E-05   2.8732805E-04   1.3770425E+02   4.3027157E-02   3.5630878E-03   7.5036839E-04
    4.3497857E-05   1.3895483E-05   7.6313031E-06   1.5354777E-04   1.1916986E-05   3.1989856E-06   1.7065423E-05   4.6560578E-06
    3.2150070E-06   8.5357628E-05   1.0136419E-05   3.0579928E-06   1.6225630E-05   4.7842688E-06   2.7379425E-05   3.0944343E-06
    1.8127714E-06   6.5291309E-05   9.2452007E-06   3.1741464E-06   3.8246488E-05   1.1067188E-05   4.7584855E-05   2.9732626E-06
    1.5544803E-06   5.3104240E-05   9.3307337E-06   3.6207669E-06   6.7035115E-05   1.9063065E-05   2.3766409E-05   3.5899905E-06
    1.1923758E-06   4.1836589E-05   1.0509709E-05   3.2228429E-06   1.0492864E-04   2.8653328E-05   5.5214755E-06   4.4314665E-05
    1.9608423E-04   5.6473301E-05   2.4886878E-04   9.0695129E-05   3.1753328E-04   1.0897193E-04   4.1117855E-04   1.3029178E-04
    4.8367074E-04   1.5768628E-04   5.6749027E-04   1.8547237E-04   6.5192400E-04   2.1390161E-04   7.4107060E-04   2.4364688E-04
    8.3723869E-04   2.7483370E-04   9.4024898E-04   3.0750278E-04   1.0496976E-03   3.4179461E-04   1.1655552E-03   3.4094714E-04
    1.1622185E-03   2.9390617E+02   9.0197662E-02   8.0860421E-03   2.9578827E-03   1.8016598E-04   5.6830455E-05   3.1024872E-05
    6.0635116E-04   5.5726332E-05   1.4137086E-05   8.1988796E-05   1.9825700E-05   1.2993858E-05   3.3808851E-04   4.6045167E-05
    1.3452076E-05   6.6300178E-05   2.0764888E-05   1.1583437E-04   1.4159330E-05   8.4401866E-06   2.5084613E-04   4.2670625E-05
    1.5444307E-05   1.5579964E-04   4.7798423E-05   1.8313524E-04   1.4886452E-05   8.0236575E-06   1.9331901E-04   4.4975835E-05
    1.9087606E-05   2.7378438E-04   8.3537439E-05   9.0476807E-05   1.7967247E-05   6.1254742E-06   1.3994443E-04   5.1647475E-05
    1.7242228E-05   4.3252372E-04   1.2865091E-04   2.7974442E-05   2.2017844E-04   8.0132600E-04   2.7754579E-04   1.0232800E-03
    3.9053212E-04   1.2944862E-03   4.6275027E-04   1.6287616E-03   5.4379650E-04   1.9237198E-03   6.4361290E-04   2.2503566E-03
    7.5025362E-04   2.5892120E-03   8.6297546E-04   2.9493107E-03   9.8221809E-04   3.3355851E-03   1.1078634E-03   3.7478959E-03
    1.2398412E-03   4.1854982E-03   1.3784223E-03   4.6483737E-03   1.3752293E-03   4.6356564E-03   6.4800489E+02   1.9212551E-01
    1.8036673E-02   1.1507797E-02   6.9862799E-04   2.3583343E-04   1.2096719E-04   2.3836421E-03   2.7855831E-04   6.4941320E-05
    3.7020850E-04   8.7178489E-05   5.1560136E-05   1.3059797E-03   2.2216554E-04   6.1910669E-05   2.7886033E-04   9.3896652E-05
    4.5697184E-04   6.8125882E-05   4.0647651E-05   9.3141433E-04   2.0894575E-04   7.9801526E-05   6.5145672E-04   2.1459135E-04
    6.7546548E-04   7.5385238E-05   4.0150975E-05   6.6562741E-04   2.2605434E-04   1.0004047E-04   1.1514149E-03   3.8428321E-04
    3.0744129E-04   8.4086513E-05   3.3415442E-05   4.4733230E-04   2.5057932E-04   9.9504045E-05   1.8377346E-03   6.1296771E-04
    1.4352587E-04   1.0970414E-03   3.3198247E-03   1.3471888E-03   4.2392892E-03   1.7105995E-03   5.3001939E-03   2.0118415E-03
    6.5238041E-03   2.3397746E-03   7.7091969E-03   2.7227416E-03   9.0009562E-03   3.1406881E-03   1.0364493E-02   3.5918258E-03
    1.1819251E-02   4.0749509E-03   1.3375791E-02   4.5883886E-03   1.5034351E-02   5.1310838E-03   1.6793668E-02   5.7029611E-03
    1.8653788E-02   5.6894537E-03   1.8604729E-02   1.4912094E+03   4.2039082E-01   3.9956654E-02   4.4188570E-02   2.4565000E-03
    1.0031241E-03   5.0813081E-04   9.3274164E-03   1.4749028E-03   3.1495127E-04   1.2567589E-03   3.9865520E-04   2.3068838E-04
    4.9428114E-03   1.1398930E-03   3.0182302E-04   1.2426500E-03   4.5823114E-04   1.7784943E-03   3.4365215E-04   2.3290269E-04
    3.3228287E-03   1.0795935E-03   4.7648876E-04   2.8734973E-03   1.0437783E-03   3.0162957E-03   3.6825972E-04   2.4730024E-04
    2.1882386E-03   1.1373578E-03   6.4070894E-04   5.1109484E-03   1.9647131E-03   1.4888774E-03   3.6196305E-04   1.9205668E-04
    1.4309614E-03   1.1780812E-03   5.9883933E-04   8.1505668E-03   3.1920442E-03   7.2436529E-04   5.5447963E-03   1.4130003E-02
    6.5461272E-03   1.7917508E-02   7.7380642E-03   2.2158666E-02   9.0081103E-03   2.6882704E-02   1.0446062E-02   3.1737800E-02
    1.2072902E-02   3.7009731E-02   1.3849011E-02   4.2631685E-02   1.5774964E-02   4.8644619E-02   1.7847868E-02   5.5071259E-02
    2.0062039E-02   6.1912926E-02   2.2413326E-02   6.9167816E-02   2.4899536E-02   7.6836179E-02   2.4836294E-02   7.6638448E-02
    3.4412506E+03   9.1740699E-01   9.6709229E-02   1.6048123E-01   1.1381020E-02   4.1987696E-03   2.0992765E-03   3.4294286E-02
    7.6754163E-03   1.6806178E-03   4.5490013E-03   1.8115396E-03   9.8993274E-04   1.7817245E-02   5.7640191E-03   1.5723460E-03
    5.6925015E-03   2.4018164E-03   7.6154935E-03   1.6633448E-03   1.2139388E-03   1.1023441E-02   5.4429530E-03   2.6995841E-03
    1.2953166E-02   5.4567417E-03   1.0447791E-02   1.6213649E-03   1.7381633E-03   6.9137511E-03   5.3509525E-03   4.7063922E-03
    2.2946973E-02   1.1199173E-02   9.0122632E-03   1.4122254E-03   9.9331324E-04   4.6667026E-03   5.1501799E-03   3.2447279E-03
    3.5754749E-02   1.7001002E-02   3.2082248E-03   2.7085451E-02   5.9267902E-02   3.0652695E-02   7.4354929E-02   3.4801745E-02
    9.1064926E-02   3.9884963E-02   1.0948448E-01   4.5918590E-02   1.2902783E-01   5.2818825E-02   1.5026934E-01   6.0417068E-02
    1.7306712E-01   6.8677409E-02   1.9750160E-01   7.7582678E-02   2.2361762E-01   8.7114973E-02   2.5141795E-01   9.7261562E-02
    2.8089869E-01   1.0801298E-01   3.1205938E-01   1.0772500E-01   3.1127098E-01   7.9844215E+03   2.0158069E+00   2.4687873E-01
    5.5190037E-01   5.0791027E-02   1.7097372E-02   7.6535852E-03   1.1779037E-01   3.8075586E-02   8.8512250E-03   2.3516712E-02
    8.0034345E-03   3.9913070E-03   6.0534268E-02   2.7761327E-02   8.2278816E-03   2.6522057E-02   1.1991470E-02   2.2725607E-02
    7.3125032E-03   5.9671523E-03   3.4804338E-02   2.5254251E-02   1.4999305E-02   5.8994924E-02   2.7954121E-02   3.9125312E-02
    6.4574574E-03   7.2285951E-03   2.2131132E-02   2.3418260E-02   2.1432735E-02   1.0210891E-01   5.8585145E-02   2.9571352E-02
    5.2639148E-03   4.9512442E-03   1.5935329E-02   2.1237575E-02   1.7043819E-02   1.5275776E-01   8.6493583E-02   1.5774891E-02
    1.2534399E-01   2.4387144E-01   1.3582030E-01   3.0239973E-01   1.5005462E-01   3.6748101E-01   1.7000552E-01   4.3934753E-01
    1.9435853E-01   5.1706550E-01   2.2240864E-01   6.0159569E-01   2.5367801E-01   6.9269540E-01   2.8789781E-01   7.9049239E-01
    3.2490684E-01   8.9505603E-01   3.6460123E-01   1.0063793E+00   4.0691869E-01   1.1244453E+00   4.5181540E-01   1.2492439E+00
    4.5058288E-01   1.2461354E+00   1.8555976E+04   4.5420889E+00   6.4239462E-01   1.8228344E+00   2.1107709E-01   6.7821810E-02
    2.9201628E-02   3.9089558E-01   1.7668336E-01   4.4222045E-02   9.3630437E-02   3.3757121E-02   1.5884136E-02   1.9753802E-01
    1.2524891E-01   4.1443343E-02   1.2260917E-01   5.7428026E-02   9.1707846E-02   2.9567806E-02   3.1248802E-02   1.0980348E-01
    1.0903161E-01   8.6387017E-02   2.6532103E-01   1.2949896E-01   1.6837903E-01   2.4081649E-02   1.3279718E-02   7.3687770E-02
    9.5421198E-02   5.0383602E-02   4.4011508E-01   2.4028300E-01   3.5133650E-02   1.9405162E-02   2.4121427E-02   5.7072153E-02
    8.4968440E-02   8.5424832E-02   6.3285038E-01   3.9616307E-01   8.0111369E-02   5.3548255E-01   9.8312240E-01   5.6514752E-01
    1.2088343E+00   6.1642373E-01   1.4621181E+00   6.9318191E-01   1.7428790E+00   7.8916919E-01   2.0495431E+00   9.0072076E-01
    2.3835187E+00   1.0257393E+00   2.7442363E+00   1.1629847E+00   3.1318394E+00   1.3117366E+00   3.5463607E+00   1.4715331E+00
    3.9877230E+00   1.6420693E+00   4.4558310E+00   1.8231163E+00   4.9505847E+00   1.8180959E+00   4.9383532E+00   4.9020578E+04
    1.0526243E+01   1.4730596E+00   5.8233529E+00   9.6464581E-01   2.6152188E-01   8.6887747E-02   1.2715400E+00   7.6331258E-01
    2.0609037E-01   3.5016766E-01   1.3630009E-01   4.9699437E-02   6.2604068E-01   5.2768929E-01   1.7394263E-01   5.4273412E-01
    2.1715720E-01   2.2871975E-01   1.1107102E-01   6.6002739E-02   3.5396540E-01   4.3463940E-01   2.2497898E-01   1.1327761E+00
    4.6068644E-01   2.5426803E-01   8.6331143E-02   4.6590614E-02   2.5263024E-01   3.6797307E-01   1.8441701E-01   1.7906348E+00
    8.0533932E-01   1.4142035E-01   7.0801740E-02   3.9937007E-02   2.0690872E-01   3.2581293E-01   1.6963138E-01   2.4960907E+00
    1.1404947E+00   1.2072258E-01   1.6993579E+00   3.8176179E+00   1.9248274E+00   4.6731227E+00   2.1806339E+00   5.6406407E+00
    2.5001144E+00   6.7169142E+00   2.8793508E+00   7.8982995E+00   3.3086193E+00   9.1859439E+00   3.7833301E+00   1.0578310E+01
    4.3004323E+00   1.2075078E+01   4.8581042E+00   1.3675883E+01   5.4551110E+00   1.5380203E+01   6.0906757E+00   1.7187428E+01
    6.7641379E+00   1.9096823E+01   6.7461050E+00   1.9049445E+01   1.1252105E+05   2.2822765E+01   3.6818160E+00   1.6118979E+01
    3.2176788E+00   8.4578001E-01   2.8229728E-01   3.5467776E+00   2.6735806E+00   8.0593054E-01   1.1602051E+00   4.4746314E-01
    1.6473228E-01   1.7325520E+00   1.8035841E+00   6.5632090E-01   1.9560530E+00   7.9614628E-01   6.9342349E-01   3.4619126E-01
    2.0291799E-01   1.0221430E+00   1.4123559E+00   7.5234364E-01   3.9231364E+00   1.6030340E+00   6.9793398E-01   2.6484519E-01
    1.3247940E-01   7.6681795E-01   1.1842844E+00   5.5814340E-01   5.9887438E+00   2.5883553E+00   3.8992209E-01   2.2262114E-01
    1.1344560E-01   6.5199242E-01   1.0529279E+00   5.0089416E-01   8.2220765E+00   3.5150104E+00   3.3956859E-01   5.1422015E+00
    1.2516620E+01   5.9421139E+00   1.5317680E+01   6.8539886E+00   1.8493392E+01   7.9412870E+00   2.2029375E+01   9.1993652E+00
    2.5915932E+01   1.0607565E+01   3.0151634E+01   1.2156091E+01   3.4732417E+01   1.3836355E+01   3.9656123E+01   1.5643622E+01
    4.4920625E+01   1.7574790E+01   5.0523364E+01   1.9627423E+01   5.6461098E+01   2.1799045E+01   6.2729554E+01   2.1738614E+01
    6.2563849E+01   1.8737311E+05   3.6175093E+01   6.5850851E+00   3.1003297E+01   7.3406451E+00   1.8176457E+00   6.0539647E-01
    6.8322618E+00   6.1095897E+00   2.0161887E+00   2.6699699E+00   9.7207314E-01   3.5872976E-01   3.3890787E+00   4.0068346E+00
    1.5180726E+00   4.5795177E+00   1.8036758E+00   1.2746243E+00   7.2444010E-01   3.1515674E-01   2.0943463E+00   3.0729904E+00
    1.3310125E+00   8.8860683E+00   3.4685763E+00   9.6268850E-01   5.6308614E-01   2.5811006E-01   1.6307696E+00   2.5856459E+00
    1.1410593E+00   1.3360297E+01   5.4984100E+00   7.6827940E-01   4.8348011E-01   2.3711064E-01   1.4197032E+00   2.3170765E+00
    1.0604017E+00   1.8275994E+01   7.5140215E+00   7.1140985E-01   1.1008725E+01   2.7831885E+01   1.2818609E+01   3.4099929E+01
    1.4913220E+01   4.1201885E+01   1.7385650E+01   4.9106488E+01   2.0211479E+01   5.7794375E+01   2.3355335E+01   6.7259188E+01
    2.6798103E+01   7.7492914E+01   3.0525588E+01   8.8489669E+01   3.4528208E+01   1.0024329E+02   3.8799500E+01   1.1274612E+02
    4.3333934E+01   1.2598784E+02   4.8124760E+01   1.3995416E+02   4.7980698E+01   1.3954893E+02   1.7205735E+05   3.0921888E+01
    6.3933391E+00   3.0640519E+01   8.1884930E+00   1.9227401E+00   6.5946797E-01   6.7749345E+00   6.6243505E+00   2.3253642E+00
    3.1679425E+00   1.0389798E+00   3.9992221E-01   3.4670820E+00   4.2815316E+00   1.6874186E+00   5.1029470E+00   1.9546686E+00
    1.2709324E+00   7.7576648E-01   2.6166726E-01   2.2355144E+00   3.3354599E+00   1.2242031E+00   9.8061274E+00   3.6617195E+00
    7.2109328E-01   6.1488117E-01   2.5665474E-01   1.7833932E+00   2.8471076E+00   1.1691216E+00   1.4815587E+01   5.7657213E+00
    7.6949625E-01   5.3487646E-01   2.3331742E-01   1.5724403E+00   2.5733756E+00   1.0783367E+00   2.0348831E+01   7.9577817E+00
    6.9675798E-01   1.1924123E+01   3.1057600E+01   1.4052960E+01   3.8096390E+01   1.6452728E+01   4.6057657E+01   1.9258705E+01
    5.4911835E+01   2.2438443E+01   6.4639947E+01   2.5961533E+01   7.5235067E+01   2.9809065E+01   8.6689131E+01   3.3969649E+01
    9.8995651E+01   3.8433460E+01   1.1214763E+02   4.3193782E+01   1.2613620E+02   4.8245025E+01   1.4094929E+02   5.3579569E+01
    1.5656996E+02   5.3417458E+01   1.5610913E+02   1.2266401E+05   2.0316166E+01   4.4180887E+00   2.2406439E+01   6.3814618E+00
    1.4560868E+00   5.0764788E-01   4.9456043E+00   5.0422212E+00   1.7916436E+00   2.3705427E+00   7.9344697E-01   3.1146754E-01
    2.6042801E+00   3.2189431E+00   1.2955028E+00   3.9937692E+00   1.4961587E+00   9.7333135E-01   6.0254105E-01   1.9814170E-01
    1.7377569E+00   2.5926668E+00   9.3508587E-01   7.6952566E+00   2.8124969E+00   5.3200699E-01   4.8692285E-01   1.8382113E-01
    1.4138017E+00   2.2569716E+00   8.6194226E-01   1.1776405E+01   4.3874744E+00   5.4512795E-01   4.2828559E-01   1.6691128E-01
    1.2599137E+00   2.0623946E+00   7.9725643E-01   1.6307654E+01   6.1133547E+00   4.9617918E-01   9.3495287E+00   2.4981530E+01
    1.1165143E+01   3.0693663E+01   1.3148233E+01   3.7136384E+01   1.5441282E+01   4.4293040E+01   1.8020235E+01   5.2151259E+01
    2.0868606E+01   6.0706924E+01   2.3974022E+01   6.9954569E+01   2.7329088E+01   7.9889697E+01   3.0926645E+01   9.0507340E+01
    3.4761899E+01   1.0180114E+02   3.8831234E+01   1.1376242E+02   4.3129134E+01   1.2637895E+02   4.3003189E+01   1.2601910E+02
    1.0436868E+05   1.5937339E+01   3.4653992E+00   1.9190629E+01   5.6615851E+00   1.2796861E+00   4.4437774E-01   4.2262038E+00
    4.4885466E+00   1.5751652E+00   1.8746743E+00   7.0183440E-01   2.7240865E-01   2.2701066E+00   2.8115473E+00   1.1239686E+00
    3.6392442E+00   1.3282312E+00   8.5896473E-01   5.4017157E-01   1.8254901E-01   1.5580269E+00   2.3323945E+00   8.4744780E-01
    7.0138426E+00   2.5161109E+00   4.9651095E-01   4.4439763E-01   1.5754107E-01   1.2921133E+00   2.0660336E+00   7.5185378E-01
    1.0833598E+01   3.9134230E+00   4.6159473E-01   3.9572852E-01   1.4491024E-01   1.1653963E+00   1.9096563E+00   7.0288412E-01
    1.5112257E+01   5.4811209E+00   4.3006645E-01   8.4434136E+00   2.3236054E+01   1.0212440E+01   2.8605952E+01   1.2116912E+01
    3.4645229E+01   1.4288917E+01   4.1344651E+01   1.6710794E+01   4.8695555E+01   1.9375763E+01   5.6695428E+01   2.2275713E+01
    6.5340162E+01   2.5404718E+01   7.4626169E+01   2.8757069E+01   8.4549248E+01   3.2328919E+01   9.5103851E+01   3.6117522E+01
    1.0628225E+02   4.0118109E+01   1.1807350E+02   4.0003098E+01   1.1774187E+02   1.1699008E+05   1.6354065E+01   3.5970322E+00
    2.1543981E+01   6.5340540E+00   1.4996335E+00   5.1711506E-01   4.8024171E+00   5.4415562E+00   1.8847599E+00   1.9890349E+00
    8.2938103E-01   3.1794678E-01   2.6269226E+00   3.3307482E+00   1.3153592E+00   4.4998401E+00   1.6048481E+00   9.9442202E-01
    6.4389317E-01   2.2429107E-01   1.8551623E+00   2.8167916E+00   1.0305824E+00   8.6197988E+00   3.0486122E+00   6.2391640E-01
    5.3901897E-01   1.8716558E-01   1.5706765E+00   2.5268563E+00   8.9923240E-01   1.3356284E+01   4.7282830E+00   5.4594695E-01
    4.8650191E-01   1.7229433E-01   1.4351367E+00   2.3580640E+00   8.4161809E-01   1.8707453E+01   6.6160377E+00   5.1092412E-01
    1.0191080E+01   2.8835564E+01   1.2438432E+01   3.5559381E+01   1.4867133E+01   4.3106593E+01   1.7606888E+01   5.1470195E+01
    2.0638986E+01   6.0642169E+01   2.3963321E+01   7.0620060E+01   2.7573166E+01   8.1399559E+01   3.1462337E+01   9.2976413E+01
    3.5624986E+01   1.0534524E+02   4.0056877E+01   1.1849862E+02   4.4754679E+01   1.3242596E+02   4.9712291E+01   1.4711199E+02
    4.9566859E+01   1.4668762E+02   1.5956717E+05   1.9845903E+01   4.5357139E+00   2.8604037E+01   9.0218523E+00   2.1224925E+00
    7.3495751E-01   6.5915851E+00   8.0620309E+00   2.7976453E+00   2.7056539E+00   1.1927533E+00   4.5697944E-01   3.6914081E+00
    4.8649265E+00   1.9123292E+00   6.8221055E+00   2.3991123E+00   1.3784604E+00   9.3563460E-01   3.3070643E-01   2.6959892E+00
    4.1759374E+00   1.5277141E+00   1.3004869E+01   4.5669672E+00   9.3300221E-01   7.9863968E-01   2.7604092E-01   2.3345184E+00
    3.7867371E+00   1.3338499E+00   2.0180096E+01   7.0607317E+00   8.0617053E-01   7.3106517E-01   2.5428220E-01   2.1609277E+00
    3.5624839E+00   1.2480441E+00   2.8346971E+01   9.8624880E+00   7.5418167E-01   1.5177152E+01   4.3783546E+01   1.8625470E+01
    5.4073930E+01   2.2379421E+01   6.5606853E+01   2.6587874E+01   7.8375564E+01   3.1225577E+01   9.2371768E+01   3.6296046E+01
    1.0759204E+02   4.1791981E+01   1.2403055E+02   4.7705622E+01   1.4168050E+02   5.4029550E+01   1.6053249E+02   6.0757403E+01
    1.8057296E+02   6.7882969E+01   2.0178203E+02   7.5395529E+01   2.2413070E+02   7.5160505E+01   2.2343807E+02   2.5278952E+05
    2.8403889E+01   6.5010014E+00   4.2980641E+01   1.3834761E+01   3.3106423E+00   1.1370433E+00   1.0115486E+01   1.2862194E+01
    4.4689855E+00   4.0104212E+00   1.8804782E+00   7.0839870E-01   5.7383644E+00   7.7880409E+00   2.9919678E+00   1.1101515E+01
    3.8510593E+00   2.0356374E+00   1.4883332E+00   5.1903593E-01   4.2935330E+00   6.7532822E+00   2.4261698E+00   2.1242523E+01
    7.3780590E+00   1.4779931E+00   1.2902409E+00   4.4094871E-01   3.7822173E+00   6.1732419E+00   2.1443139E+00   3.3066158E+01
    1.1423309E+01   1.2922500E+00   1.1941506E+00   4.0960666E-01   3.5355279E+00   5.8429344E+00   2.0169752E+00   4.6586917E+01
    1.5992456E+01   1.2163623E+00   2.4638040E+01   7.2088472E+01   3.0349958E+01   8.9133138E+01   3.6607446E+01   1.0820891E+02
    4.3589153E+01   1.2930995E+02   5.1264038E+01   1.5242839E+02   5.9635933E+01   1.7755942E+02   6.8696868E+01   2.0469399E+02
    7.8435944E+01   2.3381951E+02   8.8842465E+01   2.6491723E+02   9.9905085E+01   2.9795903E+02   1.1161031E+02   3.3290296E+02
    1.2393636E+02   3.6968699E+02   1.2350910E+02   3.6841865E+02   4.5386336E+05   5.0562236E+01   1.1380372E+01   7.6825090E+01
    2.4799765E+01   5.9007539E+00   2.0106571E+00   1.7967949E+01   2.2974156E+01   8.0336635E+00   6.8470137E+00   3.3422780E+00
    1.2407278E+00   1.0113900E+01   1.3973185E+01   5.2988870E+00   1.9935382E+01   6.9242779E+00   3.5173192E+00   2.6408786E+00
    9.1250380E-01   7.6210857E+00   1.2108788E+01   4.3020464E+00   3.8227263E+01   1.3216057E+01   2.6175161E+00   2.3033074E+00
    7.8163107E-01   6.7622926E+00   1.1081162E+01   3.8170355E+00   5.9489753E+01   2.0412186E+01   2.2972412E+00   2.1413988E+00
    7.2875857E-01   6.3451777E+00   1.0501714E+01   3.5956523E+00   8.3815408E+01   2.8568373E+01   2.1660864E+00   4.4012765E+01
    1.2970226E+02   5.4271217E+01   1.6037803E+02   6.5580328E+01   1.9470266E+02   7.8164463E+01   2.3266490E+02   9.1983400E+01
    2.7425159E+02   1.0704004E+02   3.1945140E+02   1.2332191E+02   3.6824463E+02   1.4081011E+02   4.2060204E+02   1.5948411E+02
    4.7647917E+02   1.7931889E+02   5.3580843E+02   2.0028116E+02   5.9848801E+02   2.2231888E+02   6.6436607E+02   2.2143395E+02
    6.6172882E+02   9.0563489E+05   1.0037452E+02   2.2349670E+01   1.5332845E+02   4.9909860E+01   1.1753950E+01   3.9837654E+00
    3.5588574E+01   4.6096149E+01   1.6270867E+01   1.3095385E+01   6.6328589E+00   2.4267676E+00   1.9857312E+01   2.8072388E+01
    1.0497659E+01   4.0115133E+01   1.3935219E+01   6.7738043E+00   5.2331234E+00   1.7914659E+00   1.5117016E+01   2.4261470E+01
    8.5254289E+00   7.6881725E+01   2.6459754E+01   5.1731435E+00   4.5929543E+00   1.5494134E+00   1.3502731E+01   2.2206085E+01
    7.5947739E+00   1.1944543E+02   4.0738059E+01   4.5659903E+00   4.2850077E+00   1.4478969E+00   1.2704695E+01   2.1053669E+01
    7.1577868E+00   1.6816595E+02   5.6983593E+01   4.3066252E+00   8.7797324E+01   2.6014830E+02   1.0830722E+02   3.2162839E+02
    1.3105072E+02   3.9042587E+02   1.5631008E+02   4.6651219E+02   1.8402612E+02   5.4985696E+02   2.1419598E+02   6.4042728E+02
    2.4679396E+02   7.3816984E+02   2.8177993E+02   8.4300317E+02   3.1910418E+02   9.5480147E+02   3.5869895E+02   1.0733716E+03
    4.0046714E+02   1.1984197E+03   4.4425902E+02   1.3295023E+03   4.4209085E+02   1.3230225E+03   1.8741910E+06   2.0508178E+02
    4.5471674E+01   3.1674057E+02   1.0454299E+02   2.4381133E+01   8.2080903E+00   7.3120898E+01   9.7010413E+01   3.4420058E+01
    2.5835365E+01   1.3709796E+01   4.9179893E+00   4.0571333E+01   5.8881034E+01   2.1530548E+01   8.4388331E+01   2.9066870E+01
    1.3477359E+01   1.0819132E+01   3.6616995E+00   3.1298710E+01   5.0671858E+01   1.7577609E+01   1.6113325E+02   5.5053984E+01
    1.0635282E+01   9.5485080E+00   3.2024960E+00   2.8099790E+01   4.6342404E+01   1.5741685E+01   2.4964372E+02   8.4608464E+01
    9.4585419E+00   8.9283541E+00   2.9966181E+00   2.6482332E+01   4.3926861E+01   1.4839240E+01   3.5106830E+02   1.1833885E+02
    8.9175528E+00   1.8239924E+02   5.4281649E+02   2.2508549E+02   6.7093683E+02   2.7261968E+02   8.1433483E+02   3.2533742E+02
    9.7293020E+02   3.8314349E+02   1.1466412E+03   4.4601437E+02   1.3353677E+03   5.1388737E+02   1.5389528E+03   5.8666353E+02
    1.7571528E+03   6.6420559E+02   1.9895870E+03   7.4631192E+02   2.2356640E+03   8.3268026E+02   2.4944734E+03   9.2284307E+02
    2.7646198E+03   9.1701942E+02   2.7471830E+03   3.9965810E+06   4.2773820E+02   9.5544227E+01   6.7352889E+02   2.2385753E+02
    5.2647241E+01   1.7532447E+01   1.5569258E+02   2.1477315E+02   7.5689812E+01   5.3071985E+01   2.9512516E+01   1.0350701E+01
    8.6364386E+01   1.2885698E+02   4.5965699E+01   1.8546375E+02   6.3014078E+01   2.8208000E+01   2.3318413E+01   7.8034100E+00
    6.7556858E+01   1.1015816E+02   3.7725879E+01   3.5135344E+02   1.1906192E+02   2.2763853E+01   2.0658215E+01   6.8910826E+00
    6.0833314E+01   1.0053967E+02   3.3943476E+01   5.4219704E+02   1.8270492E+02   2.0386497E+01   1.9336508E+01   6.4537913E+00
    5.7366598E+01   9.5220398E+01   3.2001550E+01   7.6132377E+02   2.5554345E+02   1.9212457E+01   3.9402618E+02   1.1763915E+03
    4.8635746E+02   1.4536230E+03   5.8945228E+02   1.7640056E+03   7.0367860E+02   2.1072998E+03   8.2885808E+02   2.4832626E+03
    9.6489657E+02   2.8915752E+03   1.1116155E+03   3.3317439E+03   1.2687324E+03   3.8029899E+03   1.4358234E+03   4.3040809E+03
    1.6122361E+03   4.8330780E+03   1.7969607E+03   5.3869460E+03   1.9884144E+03   5.9609454E+03   1.9711780E+03   5.9092821E+03
    8.5497063E+06   8.9027434E+02   2.0302086E+02   1.4421554E+03   4.7803342E+02   1.1661907E+02   3.8112743E+01   3.3868339E+02
    4.9160936E+02   1.6968687E+02   1.1175518E+02   6.5191145E+01   2.2304900E+01   1.8900020E+02   2.8957904E+02   1.0081804E+02
    4.1813094E+02   1.3994625E+02   6.1252777E+01   5.1578767E+01   1.7075953E+01   1.4960587E+02   2.4527819E+02   8.3005317E+01
    7.8414630E+02   2.6358968E+02   4.9966937E+01   4.5779065E+01   1.5188943E+01   1.3485351E+02   2.2320840E+02   7.4945788E+01
    1.2046738E+03   4.0392686E+02   4.4985397E+01   4.2856691E+01   1.4245178E+01   1.2715686E+02   2.1116149E+02   7.0697592E+01
    1.6887973E+03   5.6502804E+02   4.2419268E+01   8.7146874E+02   2.6077506E+03   1.0758426E+03   3.2212541E+03   1.3043941E+03
    3.9083048E+03   1.5574313E+03   4.6681946E+03   1.8345715E+03   5.5001783E+03   2.1354877E+03   6.4032242E+03   2.4596228E+03
    7.3757177E+03   2.8060872E+03   8.4150681E+03   3.1734782E+03   9.5171130E+03   3.5595667E+03   1.0675188E+04   3.9608075E+03
    1.1878649E+04   4.3715341E+03   1.3110507E+04   4.3164089E+03   1.2945189E+04   1.8028200E+07   1.8415737E+03   4.3329697E+02
    3.0883927E+03   1.0108110E+03   2.6515016E+02   8.4216895E+01   7.5315497E+02   1.1509240E+03   3.8564501E+02   2.4135613E+02
    1.4776556E+02   4.9254869E+01   4.2475524E+02   6.6671841E+02   2.2687701E+02   9.5962693E+02   3.1774134E+02   1.3710054E+02
    1.1684762E+02   3.8322558E+01   3.3915079E+02   5.5814008E+02   1.8704134E+02   1.7867062E+03   5.9670725E+02   1.1237356E+02
    1.0375472E+02   3.4270995E+01   3.0566944E+02   5.0644591E+02   1.6932073E+02   2.7346032E+03   9.1347536E+02   1.0157653E+02
    9.7102428E+01   3.2187362E+01   2.8810699E+02   4.7858692E+02   1.5982635E+02   3.8282513E+03   1.2779934E+03   9.5868114E+01
    1.9713594E+03   5.9077067E+03   2.4337516E+03   7.2951304E+03   2.9512439E+03   8.8490800E+03   3.5237734E+03   1.0567490E+04
    4.1504074E+03   1.2448023E+04   4.8300328E+03   1.4487264E+04   5.5608007E+03   1.6679734E+04   6.3396978E+03   1.9016465E+04
    7.1618127E+03   2.1482770E+04   8.0191267E+03   2.4054618E+04   8.8985471E+03   2.6692718E+04   9.7786976E+03   2.9332952E+04
    9.5890825E+03   2.8764169E+04   3.6529370E+07   3.7867520E+03   9.1707245E+02   6.5616770E+03   2.1007139E+03   6.1255394E+02
    1.8775807E+02   1.6919088E+03   2.6751892E+03   8.7440388E+02   5.2930275E+02   3.4005938E+02   1.1061834E+02   9.6779944E+02
    1.5513069E+03   5.1809268E+02   2.2028135E+03   7.2807889E+02   3.1188583E+02   2.6795687E+02   8.7325261E+01   7.7794731E+02
    1.2831675E+03   4.2741221E+02   4.1084652E+03   1.3672605E+03   2.5640956E+02   2.3797405E+02   7.8382450E+01   7.0109715E+02
    1.1623012E+03   3.8758610E+02   6.2769713E+03   2.0922718E+03   2.3242486E+02   2.2265374E+02   7.3688545E+01   6.6060497E+02
    1.0975564E+03   3.6600864E+02   8.7801074E+03   2.9274510E+03   2.1950488E+02   4.5157339E+03   1.3543410E+04   5.5745659E+03
    1.6719398E+04   6.7598334E+03   2.0276221E+04   8.0702028E+03   2.4207907E+04   9.5030636E+03   2.8506999E+04   1.1054606E+04
    3.3161944E+04   1.2718450E+04   3.8153650E+04   1.4483918E+04   4.3450140E+04   1.6333126E+04   4.8997794E+04   1.8236085E+04
    5.4706670E+04   2.0142599E+04   6.0426161E+04   2.1969422E+04   6.5906538E+04   2.1283005E+04   6.3847340E+04   7.0201863E+07
    7.7981053E+03   1.9149974E+03   1.3777502E+04   4.3227462E+03   1.4155619E+03   4.1968162E+02   3.7805573E+03   6.0377881E+03
    1.9545480E+03   1.1653748E+03   7.8425640E+02   2.5051198E+02   2.2091886E+03   3.5921102E+03   1.1874297E+03   5.0304968E+03
    1.6656735E+03   7.1232397E+02   6.1583109E+02   2.0013009E+02   1.7882264E+03   2.9531447E+03   9.8127902E+02   9.4516809E+03
    3.1418379E+03   5.8814289E+02   5.4738417E+02   1.8006254E+02   1.6127210E+03   2.6745253E+03   8.9081849E+02   1.4443195E+04
    4.8100989E+03   5.3407534E+02   5.1218683E+02   1.6939269E+02   1.5196391E+03   2.5250553E+03   8.4150751E+02   2.0199808E+04
    6.7314529E+03   5.0463015E+02   1.0383937E+04   3.1153795E+04   1.2818062E+04   3.8453896E+04   1.5542283E+04   4.6626338E+04
    1.8551421E+04   5.5653623E+04   2.1837318E+04   6.5511390E+04   2.5386756E+04   7.6159765E+04   2.9177072E+04   8.7530752E+04
    3.3169289E+04   9.9507424E+04   3.7296263E+04   1.1188836E+05   4.1442437E+04   1.2432690E+05   4.5410858E+04   1.3623217E+05
    4.8875668E+04   1.4662658E+05   4.6327399E+04   1.3898180E+05   1.2780461E+08   1.5966341E+04   3.9124931E+03   2.8332248E+04
    8.7861061E+03   3.1838117E+03   9.2581165E+02   8.2602375E+03   1.3188312E+04   4.2685375E+03   2.5372904E+03   1.7756856E+03
    5.6234093E+02   4.9668824E+03   8.1246722E+03   2.6847007E+03   1.1317710E+04   3.7554599E+03   1.6066740E+03   1.3960197E+03
    4.5371362E+02   4.0554147E+03   6.7015499E+03   2.2270924E+03   2.1439995E+04   7.1295080E+03   1.3342324E+03   1.2435841E+03
    4.0903053E+02   3.6645947E+03   6.0786044E+03   2.0242459E+03   3.2822773E+04   1.0930772E+04   1.2134642E+03   1.1645157E+03
    3.8509161E+02   3.4553806E+03   5.7419537E+03   1.9132949E+03   4.5933066E+04   1.5305544E+04   1.1473087E+03   2.3616458E+04
    7.0859616E+04   2.9155140E+04   8.7470716E+04   3.5350319E+04   1.0605416E+05   4.2185230E+04   1.2655765E+05   4.9633070E+04
    1.4890055E+05   5.7647755E+04   1.7294421E+05   6.6147957E+04   1.9844457E+05   7.4989622E+04   2.2496939E+05   8.3917524E+04
    2.5175299E+05   9.2483406E+04   2.7745058E+05   9.9923758E+04   2.9977160E+05   1.0502842E+05   3.1508557E+05   9.5791622E+04
    2.8737515E+05   2.1860767E+08   3.2369686E+04   7.8273408E+03   5.7448999E+04   1.7549248E+04   6.8753142E+03   2.0039087E+03
    1.7625865E+04   2.8135721E+04   9.1707555E+03   5.4561954E+03   3.9350635E+03   1.2447905E+03   1.0985385E+04   1.8000949E+04
    5.9674449E+03   2.5075979E+04   8.3385440E+03   3.5683270E+03   3.1175665E+03   1.0148142E+03   9.0637375E+03   1.4983567E+04
    4.9853975E+03   4.7928177E+04   1.5953084E+04   2.9862482E+03   2.7876910E+03   9.1739360E+02   8.2180861E+03   1.3633936E+04
    4.5414896E+03   7.3613045E+04   2.4522929E+04   2.7223602E+03   2.6147191E+03   8.6484680E+02   7.7601334E+03   1.2896388E+04
    4.2975671E+03   1.0316225E+05   3.4378732E+04   2.5770142E+03   5.3080743E+04   1.5926007E+05   6.5551134E+04   1.9666387E+05
    7.9485626E+04   2.3846348E+05   9.4831121E+04   2.8449762E+05   1.1149727E+05   3.3449472E+05   1.2932164E+05   3.8796698E+05
    1.4800822E+05   4.4402615E+05   1.6701626E+05   5.0104987E+05   1.8536467E+05   5.5609483E+05   2.0132594E+05   6.0397846E+05
    2.1207966E+05   6.3623952E+05   2.1370284E+05   6.4110899E+05   1.8260047E+05   5.4780179E+05   3.1470553E+08   5.7953988E+04
    1.3816174E+04   1.0301861E+05   3.0989960E+04   1.2811402E+04   3.7707953E+03   3.2869911E+04   5.2555959E+04   1.7241199E+04
    1.0266992E+04   7.5812671E+03   2.4028628E+03   2.1205024E+04   3.4774203E+04   1.1552235E+04   4.8494856E+04   1.6143865E+04
    6.9079401E+03   6.0724137E+03   1.9795903E+03   1.7672275E+04   2.9223314E+04   9.7316309E+03   9.3476677E+04   3.1133458E+04
    5.8292672E+03   5.4533766E+03   1.7957395E+03   1.6084923E+04   2.6689164E+04   8.8925242E+03   1.4409700E+05   4.8015621E+04
    5.3305944E+03   5.1256044E+03   1.6958524E+03   1.5216607E+04   2.5290303E+04   8.4284628E+03   2.0230186E+05   6.7423582E+04
    5.0541247E+03   1.0419828E+05   3.1261730E+05   1.2874192E+05   3.8623964E+05   1.5613166E+05   4.6840387E+05   1.8622486E+05
    5.5868039E+05   2.1876541E+05   6.5630018E+05   2.5327666E+05   7.5983272E+05   2.8886431E+05   8.6659485E+05   3.2385450E+05
    9.7156485E+05   3.5518525E+05   1.0655567E+06   3.7761746E+05   1.1328531E+06   3.8343927E+05   1.1503183E+06   3.6447254E+05
    1.0934180E+06   2.8690483E+05   8.6071479E+05   3.8936725E+08   9.3437879E+04   2.2066119E+04   1.6682470E+05   4.9629485E+04
    2.1438589E+04   6.3605451E+03   5.5268764E+04   8.8577368E+04   2.9161479E+04   1.7374655E+04   1.3094548E+04   4.1624767E+03
    3.6758532E+04   6.0325848E+04   2.0062487E+04   8.4213439E+04   2.8046773E+04   1.1999282E+04   1.0615144E+04   3.4647326E+03
    3.0928370E+04   5.1159609E+04   1.7043874E+04   1.6365003E+05   5.4522258E+04   1.0209915E+04   9.5761952E+03   3.1551432E+03
    2.8262314E+04   4.6902091E+04   1.5629725E+04   2.5322757E+05   8.4391545E+04   9.3694392E+03   9.0213971E+03   2.9857172E+03
    2.6791555E+04   4.4532278E+04   1.4842133E+04   3.5622051E+05   1.1872897E+05   8.9002235E+03   1.8368947E+05   5.5109354E+05
    2.2709369E+05   6.8129725E+05   2.7545578E+05   8.2637783E+05   3.2843936E+05   9.8532494E+05   3.8541455E+05   1.1562483E+06
    4.4517437E+05   1.3355263E+06   5.0539690E+05   1.5161929E+06   5.6167136E+05   1.6850156E+06   6.0602392E+05   1.8180727E+06
    6.2571344E+05   1.8771410E+06   6.0525152E+05   1.8157550E+06   5.3581399E+05   1.6074422E+06   3.8624230E+05   1.1587271E+06
    4.2731745E+08   1.3951853E+05   3.2817635E+04   2.5108597E+05   7.4192257E+04   3.3417488E+04   9.9783218E+03   8.6679637E+04
    1.3926205E+05   4.5945730E+04   2.7385251E+04   2.1021255E+04   6.7038569E+03   5.9257273E+04   9.7329003E+04   3.2388728E+04
    1.3597583E+05   4.5294073E+04   1.9375635E+04   1.7250586E+04   5.6367723E+03   5.0325426E+04   8.3273024E+04   2.7748093E+04
    2.6638529E+05   8.8763883E+04   1.6623358E+04   1.5636199E+04   5.1546331E+03   4.6178316E+04   7.6647569E+04   2.5544398E+04
    4.1382807E+05   1.3792393E+05   1.5313464E+04   1.4767406E+04   4.8889371E+03   4.3873232E+04   7.2932637E+04   2.4308599E+04
    5.8340023E+05   1.9445490E+05   1.4577182E+04   3.0122272E+05   9.0369516E+05   3.7265173E+05   1.1179732E+06   4.5209107E+05
    1.3562850E+06   5.3881247E+05   1.6164451E+06   6.3140456E+05   1.8942189E+06   7.2709078E+05   2.1812759E+06   8.2042101E+05
    2.4612654E+06   9.0101228E+05   2.7030384E+06   9.5078293E+05   2.8523497E+06   9.4420044E+05   2.8326019E+06   8.5960665E+05
    2.5788203E+06   7.0270573E+05   2.1081174E+06   4.6506589E+05   1.3951978E+06   4.2104083E+08   1.9416059E+05   4.5727922E+04
    3.5361806E+05   1.0416479E+05   4.8946349E+04   1.4705793E+04   1.2783035E+05   2.0587677E+05   6.8043119E+04   4.0570452E+04
    3.1671392E+04   1.0132129E+04   8.9652786E+04   1.4737797E+05   4.9064100E+04   2.0601359E+05   6.8631645E+04   2.9356743E+04
    2.6304363E+04   8.6045377E+03   7.6843402E+04   1.2719831E+05   4.2389313E+04   4.0691410E+05   1.3560313E+05   2.5396571E+04
    2.3961282E+04   7.9035173E+03   7.0816791E+04   1.1756547E+05   3.9183089E+04   6.3475361E+05   2.1156453E+05   2.3490588E+04
    2.2691204E+04   7.5146507E+03   6.7443713E+04   1.1212784E+05   3.7373314E+04   8.9693277E+05   2.9896517E+05   2.2412258E+04
    4.6374763E+05   1.3912713E+06   5.7413739E+05   1.7224317E+06   6.9663476E+05   2.0899169E+06   8.2977856E+05   2.4893440E+06
    9.7065216E+05   2.9119621E+06   1.1133820E+06   3.3401497E+06   1.2462810E+06   3.7388454E+06   1.3473593E+06   4.0420794E+06
    1.3809204E+06   4.1427620E+06   1.3059656E+06   3.9178972E+06   1.1088923E+06   3.3266771E+06   8.3619735E+05   2.5085922E+06
    5.1344573E+05   1.5403373E+06   3.7388285E+08   2.5182516E+05   5.9670697E+04   4.6591227E+05   1.3725478E+05   6.7363051E+04
    2.0368121E+04   1.7721809E+05   2.8609369E+05   9.4708225E+04   5.6489808E+04   4.4803223E+04   1.4375263E+04   1.2733131E+05
    2.0949409E+05   6.9763956E+04   2.9295485E+05   9.7604840E+04   4.1749391E+04   3.7646823E+04   1.2328204E+04   1.1013636E+05
    1.8237683E+05   6.0781641E+04   5.8345049E+05   1.9444584E+05   3.6418698E+04   3.4469196E+04   1.1376028E+04   1.0195207E+05
    1.6928880E+05   5.6423537E+04   9.1402422E+05   3.0465376E+05   3.3827817E+04   3.2735032E+04   1.0844510E+04   9.7341388E+04
    1.6185365E+05   5.3948201E+04   1.2947057E+06   4.3155575E+05   3.2352815E+04   6.7038559E+05   2.0111860E+06   8.3059493E+05
    2.4918053E+06   1.0079181E+06   3.0237676E+06   1.1996420E+06   3.5989346E+06   1.4002082E+06   4.2006304E+06   1.5981993E+06
    4.7946017E+06   1.7707790E+06   5.3123394E+06   1.8762926E+06   5.6288791E+06   1.8543006E+06   5.5629025E+06   1.6561571E+06
    4.9684717E+06   1.3067287E+06   3.9201863E+06   9.1473730E+05   2.7442120E+06   5.2861089E+05   1.5858327E+06   2.9815776E+08
    3.0147549E+05   7.2176354E+04   5.6842561E+05   1.6794401E+05   8.6180615E+04   2.6225888E+04   2.2843924E+05   3.6961960E+05
    1.2253420E+05   7.3113164E+04   5.8866896E+04   1.8938967E+04   1.6793009E+05   2.7651777E+05   9.2103398E+04   3.8677967E+05
    1.2887601E+05   5.5127120E+04   5.0020929E+04   1.6397863E+04   1.4654968E+05   2.4276634E+05   8.0911354E+04   7.7666425E+05
    2.5884973E+05   4.8483569E+04   4.6034208E+04   1.5201603E+04   1.3626711E+05   2.2631522E+05   7.5431815E+04   1.2219326E+06
    4.0728977E+05   4.5225870E+04   4.3844419E+04   1.4529753E+04   1.3043803E+05   2.1691187E+05   7.2300605E+04   1.7351385E+06
    5.7836669E+05   4.3359908E+04   8.9975921E+05   2.6993068E+06   1.1156179E+06   3.3468745E+06   1.3538351E+06   4.0615184E+06
    1.6098084E+06   4.8294338E+06   1.8738907E+06   5.6216777E+06   2.1259574E+06   6.3778759E+06   2.3259482E+06   6.9778470E+06
    2.4045254E+06   7.2135775E+06   2.2765691E+06   6.8297079E+06   1.9107101E+06   5.7321307E+06   1.4041765E+06   4.2125298E+06
    9.2251608E+05   2.7675483E+06   5.0891357E+05   1.5267407E+06   2.0676395E+08   3.2140709E+05   7.7992714E+04   6.1909205E+05
    1.8379913E+05   9.8704105E+04   3.0217205E+04   2.6362584E+05   4.2746765E+05   1.4182720E+05   8.4650920E+04   6.9168528E+04
    2.2308283E+04   1.9801648E+05   3.2631602E+05   1.0870324E+05   4.5651708E+05   1.5211796E+05   6.5072736E+04   5.9405452E+04
    1.9494193E+04   1.7429295E+05   2.8883133E+05   9.6266020E+04   9.2405479E+05   3.0797928E+05   5.7688706E+04   5.4945832E+04
    1.8154537E+04   1.6277461E+05   2.7039510E+05   9.0124738E+04   1.4599437E+06   4.8662649E+05   5.4037450E+04   5.2480978E+04
    1.7397573E+04   1.5620482E+05   2.5979268E+05   8.6593966E+04   2.0781645E+06   6.9270850E+05   5.1933213E+04   1.0791841E+06
    3.2375819E+06   1.3390217E+06   4.0170869E+06   1.6248277E+06   4.8744969E+06   1.9297286E+06   5.7891946E+06   2.2390222E+06
    6.7170723E+06   2.5217181E+06   7.5651580E+06   2.7170966E+06   8.1512919E+06   2.7278755E+06   8.1836277E+06   2.4610087E+06
    7.3830266E+06   1.9378570E+06   5.8135711E+06   1.3347061E+06   4.0041184E+06   8.3263484E+05   2.4979046E+06   4.4361320E+05
    1.3308396E+06   1.1486837E+08   2.8115651E+05   6.9262218E+04   5.5415098E+05   1.6538559E+05   9.3028847E+04   2.8622176E+04
    2.5034251E+05   4.0675080E+05   1.3490828E+05   8.0538022E+04   6.6811549E+04   2.1595130E+04   1.9190872E+05   3.1649001E+05
    1.0542777E+05   4.4282847E+05   1.4754548E+05   6.3121186E+04   5.7970561E+04   1.9041525E+04   1.7032090E+05   2.8235080E+05
    9.4104308E+04   9.0333699E+05   3.0106952E+05   5.6397451E+04   5.3881829E+04   1.7812440E+04   1.5974571E+05   2.6541720E+05
    8.8465241E+04   1.4330783E+06   4.7766901E+05   5.3044654E+04   5.1607842E+04   1.7113512E+04   1.5367596E+05   2.5561743E+05
    8.5202164E+04   2.0447753E+06   6.8157724E+05   5.1099778E+04   1.0633075E+06   3.1899561E+06   1.3201294E+06   3.9604128E+06
    1.6015136E+06   4.8045562E+06   1.8990421E+06   5.6971363E+06   2.1943756E+06   6.5831330E+06   2.4486639E+06   7.3459957E+06
    2.5880496E+06   7.7641510E+06   2.5069614E+06   7.5208854E+06   2.1402787E+06   6.4208366E+06   1.5779116E+06   4.7337349E+06
    1.0237927E+06   3.0713782E+06   6.1163148E+05   1.8348945E+06   3.1710214E+05   9.5130643E+05   4.7858547E+07   1.8435243E+05
    4.6162673E+04   3.7214853E+05   1.1172125E+05   6.5823382E+04   2.0342165E+04   1.7843951E+05   2.9047721E+05   9.6264709E+04
    5.7477657E+04   4.8394044E+04   1.5673069E+04   1.3944662E+05   2.3013696E+05   7.6655118E+04   3.2203813E+05   1.0728541E+05
    4.5900925E+04   4.2401372E+04   1.3940062E+04   1.2474590E+05   2.0687032E+05   6.8944881E+04   6.6185925E+05   2.2058074E+05
    4.1322166E+04   3.9597094E+04   1.3096742E+04   1.1748255E+05   1.9523501E+05   6.5072343E+04   1.0541489E+06   3.5136096E+05
    3.9019601E+04   3.8027305E+04   1.2613850E+04   1.1328548E+05   1.8845521E+05   6.2815415E+04   1.5075276E+06   5.0249566E+05
    3.7674266E+04   7.8492871E+05   2.3548174E+06   9.7495288E+05   2.9248812E+06   1.1821031E+06   3.5463236E+06   1.3985458E+06
    4.1956467E+06   1.6069218E+06   4.8207712E+06   1.7705616E+06   5.3116881E+06   1.8233539E+06   5.4700634E+06   1.6865751E+06
    5.0597262E+06   1.3488477E+06   4.0465436E+06   9.2764550E+05   2.7829366E+06   5.6891525E+05   1.7067458E+06   3.2737589E+05
    9.8212770E+05   1.6596244E+05   4.9788733E+05   1.6306670E+07   9.4907056E+04   2.4219987E+04   1.9637729E+05   5.9473797E+04
    3.6555416E+04   1.1360101E+04   9.9804334E+04   1.6275670E+05   5.3978704E+04   3.2239522E+04   2.7476294E+04   8.9169332E+03
    7.9408338E+04   1.3114185E+05   4.3683866E+04   1.8352659E+05   6.1142607E+04   2.6161324E+04   2.4297240E+04   7.9953383E+03
    7.1575734E+04   1.1873601E+05   3.9572067E+04   3.7988857E+05   1.2660838E+05   2.3719176E+04   2.2793042E+04   7.5425605E+03
    6.7673988E+04   1.1248301E+05   3.7491030E+04   6.0734364E+05   2.0243574E+05   2.2481759E+04   2.1945116E+04   7.2813800E+03
    6.5402369E+04   1.0881117E+05   3.6268720E+04   8.7042726E+05   2.9013490E+05   2.1753050E+04   4.5372356E+05   1.3611880E+06
    5.6369169E+05   1.6910872E+06   6.8276196E+05   2.0482935E+06   8.0511317E+05   2.4153444E+06   9.1766061E+05   2.7529848E+06
    9.9319824E+05   2.9795964E+06   9.8691993E+05   2.9607607E+06   8.6020624E+05   2.5806191E+06   6.3789270E+05   1.9136782E+06
    4.0868711E+05   1.2260614E+06   2.3808034E+05   7.1424103E+05   1.3271568E+05   3.9814704E+05   6.6060592E+04   1.9818178E+05
    5.3577566E+06   4.5862437E+04   1.1952318E+04   9.7355157E+04   2.9802974E+04   1.9006418E+04   5.9449131E+03   5.2250923E+04
    8.5349100E+04   2.8363385E+04   1.6948023E+04   1.4588508E+04   4.7448286E+03   4.2280635E+04   6.9871746E+04   2.3279636E+04
    9.7788433E+04   3.2584754E+04   1.3943558E+04   1.3015477E+04   4.2869730E+03   3.8389990E+04   6.3705328E+04   2.1232782E+04
    2.0382414E+05   6.7934012E+04   1.2727633E+04   1.2263538E+04   4.0602407E+03   3.6436419E+04   6.0573001E+04   2.0189677E+04
    3.2706182E+05   1.0901634E+05   1.2107335E+04   1.1836210E+04   3.9283331E+03   3.5288549E+04   5.8715985E+04   1.9571279E+04
    4.6969629E+05   1.5656276E+05   1.1738586E+04   2.4507215E+05   7.3522244E+05   3.0442183E+05   9.1326958E+05   3.6803193E+05
    1.1040983E+06   4.3168399E+05   1.2950535E+06   4.8581487E+05   1.4574455E+06   5.1134840E+05   1.5340457E+06   4.8176105E+05
    1.4452834E+06   3.8739923E+05   1.1621978E+06   2.6270787E+05   7.8812366E+05   1.5646498E+05   4.6939494E+05   8.6906661E+04
    2.6071999E+05   4.7123298E+04   1.4136990E+05   2.3095868E+04   6.9287604E+04   1.8469440E+06   2.3395430E+04   6.2239876E+03
    5.0968472E+04   1.5753377E+04   1.0391318E+04   3.2699416E+03   2.8758747E+04   4.7048823E+04   1.5660440E+04   9.3616084E+03
    8.1380423E+03   2.6524064E+03   2.3648856E+04   3.9106199E+04   1.3031984E+04   5.4733371E+04   1.8241389E+04   7.8066763E+03
    7.3230541E+03   2.4142775E+03   2.1626631E+04   3.5899193E+04   1.1965786E+04   1.1486038E+05   3.8284823E+04   7.1731853E+03
    6.9297338E+03   2.2954425E+03   2.0602876E+04   3.4256795E+04   1.1418449E+04   1.8496968E+05   6.1655435E+04   6.8476610E+03
    6.7038818E+03   2.2255214E+03   1.9993878E+04   3.3270327E+04   1.1089816E+04   2.6614565E+05   8.8714502E+04   6.6516398E+03
    1.3896045E+05   4.1688290E+05   1.7247230E+05   5.1741795E+05   2.0779305E+05   6.2337978E+05   2.4152430E+05   7.2457328E+05
    2.6601251E+05   7.9803775E+05   2.6739134E+05   8.0217412E+05   2.3224057E+05   6.9672175E+05   1.6779676E+05   5.0339031E+05
    1.0293395E+05   3.0880185E+05   5.7127686E+04   1.7138306E+05   3.0430955E+04   9.1292864E+04   1.6123333E+04   4.8370000E+04
    7.8024428E+03   2.3407328E+04   7.0967481E+05   1.3401565E+04   3.6336618E+03   2.9944895E+04   9.3272935E+03   6.3531883E+03
    2.0095994E+03   1.7695751E+04   2.8992472E+04   9.6580222E+03   5.7754481E+03   5.0723087E+03   1.6563403E+03   1.4777205E+04
    2.4450779E+04   8.1491358E+03   3.4222708E+04   1.1406829E+04   4.8822811E+03   4.6020624E+03   1.5185430E+03   1.3607249E+04
    2.2594322E+04   7.5313042E+03   7.2291967E+04   2.4096855E+04   4.5151260E+03   4.3729531E+03   1.4491804E+03   1.3009526E+04
    2.1634705E+04   7.2113565E+03   1.1681741E+05   3.8938873E+04   4.3248056E+03   4.2394894E+03   1.4076969E+03   1.2647553E+04
    2.1047251E+04   7.0156107E+03   1.6836772E+05   5.6122403E+04   4.2080032E+03   8.7925692E+04   2.6377744E+05   1.0891699E+05
    3.2675123E+05   1.3040186E+05   3.9120571E+05   1.4914651E+05   4.4743960E+05   1.5817858E+05   4.7453578E+05   1.4732729E+05
    4.4198189E+05   1.1371908E+05   3.4115725E+05   7.2289912E+04   2.1686974E+05   4.0176228E+04   1.2052868E+05   2.0992053E+04
    6.2976160E+04   1.0818358E+04   3.2455074E+04   5.6312412E+03   1.6893724E+04   2.6987664E+03   8.0962993E+03   3.1975096E+05
    8.9795255E+03   2.4774525E+03   2.0553206E+04   6.4430628E+03   4.5254213E+03   1.4379066E+03   1.2681291E+04   2.0805711E+04
    6.9329358E+03   4.1470518E+03   3.6797220E+03   1.2036513E+03   1.0745728E+04   1.7790541E+04   5.9296226E+03   2.4901289E+04
    8.3001664E+03   3.5529534E+03   3.3647923E+03   1.1111738E+03   9.9602709E+03   1.6543456E+04   5.5144283E+03   5.2932409E+04
    1.7643961E+04   3.3061825E+03   3.2097486E+03   1.0641305E+03   9.5544829E+03   1.5891308E+04   5.2969686E+03   8.5806200E+04
    2.8601961E+04   3.1767995E+03   3.1174638E+03   1.0352725E+03   9.3018819E+03   1.5480107E+04   5.1599440E+03   1.2383343E+05
    4.1277745E+04   3.0949837E+03   6.4627639E+04   1.9388306E+05   7.9735813E+04   2.3920753E+05   9.4360363E+04   2.8308114E+05
    1.0476658E+05   3.1429977E+05   1.0387694E+05   3.1163083E+05   8.5700876E+04   2.5710263E+05   5.6757393E+04   1.7027218E+05
    3.1648299E+04   9.4944896E+04   1.6183088E+04   4.8549265E+04   8.0805349E+03   2.4241605E+04   4.0669559E+03   1.2200868E+04
    2.0905670E+03   6.2717011E+03   9.9498343E+02   2.9849503E+03   1.6576895E+05   6.8220303E+03   1.9127894E+03   1.5971406E+04
    5.0351996E+03   3.6404201E+03   1.1614284E+03   1.0259344E+04   1.6854095E+04   5.6168556E+03   3.3606727E+03   3.0114073E+03
    9.8659636E+02   8.8137070E+03   1.4599911E+04   4.8662750E+03   2.0435794E+04   6.8118027E+03   2.9161319E+03   2.7739403E+03
    9.1673613E+02   8.2199779E+03   1.3656597E+04   4.5521666E+03   4.3696051E+04   1.4565260E+04   2.7294144E+03   2.6555580E+03
    8.8070641E+02   7.9087047E+03   1.3155576E+04   4.3850922E+03   7.1034753E+04   2.3678195E+04   2.6299761E+03   2.5827411E+03
    8.5772086E+02   7.7065266E+03   1.2824909E+04   4.2748956E+03   1.0259303E+05   3.4197642E+04   2.5641102E+03   5.3439249E+04
    1.6031782E+05   6.5442505E+04   1.9632755E+05   7.5835373E+04   2.2750614E+05   7.9848407E+04   2.3954523E+05   7.0873825E+04
    2.1262148E+05   4.9609666E+04   1.4882900E+05   2.8022953E+04   8.4068859E+04   1.4044593E+04   4.2133778E+04   6.7770759E+03
    2.0331228E+04   3.2859759E+03   9.8579277E+03   1.6291717E+03   4.8875150E+03   8.3075854E+02   2.4922756E+03   3.9360896E+02
    1.1808269E+03   9.4387171E+04   5.5720696E+03   1.5857548E+03   1.3322333E+04   4.2213443E+03   3.1360532E+03   1.0042773E+03
    8.8848510E+03   1.4613882E+04   4.8705690E+03   2.9148431E+03   2.6361173E+03   8.6490787E+02   7.7313454E+03   1.2813531E+04
    4.2709218E+03   1.7935669E+04   5.9784955E+03   2.5596306E+03   2.4448301E+03   8.0852395E+02   7.2517617E+03   1.2050952E+04
    4.0169697E+03   3.8558923E+04   1.2852933E+04   2.4086458E+03   2.3479172E+03   7.7889574E+02   6.9952045E+03   1.1637056E+04
    3.8789390E+03   6.2835569E+04   2.0945165E+04   2.3264500E+03   2.2853082E+03   7.5885619E+02   6.8176884E+03   1.1344746E+04
    3.7815146E+03   9.0752096E+04   3.0250683E+04   2.2681299E+03   4.7090703E+04   1.4127214E+05   5.6928434E+04   1.7078532E+05
    6.3615934E+04   1.9084781E+05   6.1357088E+04   1.8407127E+05   4.6580051E+04   1.3974015E+05   2.7296388E+04   8.1889164E+04
    1.3541652E+04   4.0624955E+04   6.3192694E+03   1.8957808E+04   2.9438692E+03   8.8316075E+03   1.4028775E+03   4.2086326E+03
    6.8937097E+02   2.0681129E+03   3.4982743E+02   1.0494823E+03   1.6528453E+02   4.9585358E+02   5.8157381E+04   4.8052409E+03
    1.3863659E+03   1.1714955E+04   3.7288255E+03   2.8412480E+03   9.1302869E+02   8.0892205E+03   1.3320278E+04   4.4396269E+03
    2.6575281E+03   2.4240543E+03   7.9640311E+02   7.1230338E+03   1.1810920E+04   3.9367813E+03   1.6532525E+04   5.5108188E+03
    2.3596017E+03   2.2622544E+03   7.4860351E+02   6.7160459E+03   1.1163110E+04   3.7210321E+03   3.5718414E+04   1.1906122E+04
    2.2313005E+03   2.1784693E+03   7.2282061E+02   6.4920182E+03   1.0800472E+04   3.6000877E+03   5.8318435E+04   1.9439469E+04
    2.1592233E+03   2.1203398E+03   7.0385237E+02   6.3223543E+03   1.0518517E+04   3.5061033E+03   8.4142009E+04   2.8047330E+04
    2.1028484E+03   4.3367553E+04   1.3010267E+05   5.1298177E+04   1.5389454E+05   5.3958098E+04   1.6187430E+05   4.5627211E+04
    1.3688163E+05   2.8795168E+04   8.6385504E+04   1.4443933E+04   4.3331799E+04   6.5531538E+03   1.9659461E+04   2.9286884E+03
    8.7860652E+03   1.3367742E+03   4.0103227E+03   6.3065122E+02   1.8919537E+03   3.0826979E+02   9.2480937E+02   1.5597504E+02
    4.6792513E+02   7.3567183E+01   2.2070155E+02   3.9203802E+04   4.4214684E+03   1.2917800E+03   1.0974991E+04   3.5075540E+03
    2.7361708E+03   8.8206763E+02   7.8254272E+03   1.2899360E+04   4.2994438E+03   2.5741401E+03   2.3666158E+03   7.7849241E+02
    6.9664945E+03   1.1556350E+04   3.8519544E+03   1.6176415E+04   5.3921298E+03   2.3089615E+03   2.2212364E+03   7.3542346E+02
    6.5992641E+03   1.0971016E+04   3.6570040E+03   3.5104004E+04   1.1701329E+04   2.1929925E+03   2.1435857E+03   7.1129699E+02
    6.3885533E+03   1.0628235E+04   3.5426769E+03   5.7388380E+04   1.9129456E+04   2.1247814E+03   2.0839633E+03   6.9134043E+02
    6.2078049E+03   1.0324353E+04   3.4413700E+03   8.2587585E+04   2.7529192E+04   2.0638597E+03   4.2077878E+04   1.2623364E+05
    4.7971037E+04   1.4391311E+05   4.5775465E+04   1.3732640E+05   3.2458644E+04   9.7375933E+04   1.7050298E+04   5.1150895E+04
    7.6130018E+03   2.2839005E+04   3.2644927E+03   9.7934780E+03   1.4220631E+03   4.2661893E+03   6.4133136E+02   1.9239941E+03
    3.0074196E+02   9.0222587E+02   1.4653094E+02   4.3959282E+02   7.4003632E+01   2.2201090E+02   3.4866200E+01   1.0459860E+02
    2.9762163E+04   4.3302870E+03   1.2781829E+03   1.0907970E+04   3.4976394E+03   2.7814594E+03   8.9899841E+02   7.9844682E+03
    1.3172760E+04   4.3906205E+03   2.6291657E+03   2.4328542E+03   8.0108160E+02   7.1716932E+03   1.1900895E+04   3.9668131E+03
    1.6658892E+04   5.5529597E+03   2.3779789E+03   2.2937915E+03   7.5975000E+02   6.8186625E+03   1.1337246E+04   3.7790815E+03
    3.6276000E+04   1.2091997E+04   2.2662613E+03   2.2165763E+03   7.3546554E+02   6.6052036E+03   1.0987841E+04   3.6625402E+03
    5.9329915E+04   1.9776636E+04   2.1966311E+03   2.1497373E+03   7.1247784E+02   6.3942891E+03   1.0629036E+04   3.5429079E+03
    8.5022978E+04   2.8340990E+04   2.1245059E+03   4.2600485E+04   1.2780145E+05   4.6071140E+04   1.3821342E+05   3.8770253E+04
    1.1631076E+05   2.3017767E+04   6.9053301E+04   1.0542327E+04   3.1626980E+04   4.3888505E+03   1.3166551E+04   1.8247692E+03
    5.4743076E+03   7.8405035E+02   2.3521511E+03   3.5129077E+02   1.0538723E+03   1.6417985E+02   4.9253955E+02   7.9846346E+01
    2.3953904E+02   4.0282444E+01   1.2084733E+02   1.8966551E+01   5.6899653E+01   2.6765484E+04   4.3323182E+03   1.2842793E+03
    1.0980480E+04   3.5257345E+03   2.8264821E+03   9.1454202E+02   8.1262886E+03   1.3411521E+04   4.4702191E+03   2.6770162E+03
    2.4838149E+03   8.1820111E+02   7.3262499E+03   1.2159123E+04   4.0528921E+03   1.7020440E+04   5.6734770E+03   2.4296515E+03
    2.3461925E+03   7.7722590E+02   6.9759284E+03   1.1599282E+04   3.8664271E+03   3.7114504E+04   1.2371499E+04   2.3186641E+03
    2.2681179E+03   7.5250719E+02   6.7578923E+03   1.1241192E+04   3.7469867E+03   6.0697763E+04   2.0232586E+04   2.2472478E+03
    2.1962180E+03   7.2745860E+02   6.5266868E+03   1.0845747E+04   3.6151299E+03   8.6755327E+04   2.8918439E+04   2.1676608E+03
    4.3032347E+04   1.2909704E+05   4.5107612E+04   1.3532284E+05   3.5499449E+04   1.0649835E+05   1.9498992E+04   5.8496976E+04
    8.5007084E+03   2.5502125E+04   3.4600242E+03   1.0380073E+04   1.4248562E+03   4.2745686E+03   6.0960427E+02   1.8288128E+03
    2.7256633E+02   8.1769899E+02   1.2724960E+02   3.8174879E+02   6.1848762E+01   1.8554629E+02   3.1191748E+01   9.3575245E+01
    1.4683184E+01   4.4049553E+01   2.5399818E+04   4.3305190E+03   1.2864286E+03   1.1008902E+04   3.5372158E+03   2.8468534E+03
    9.2161999E+02   8.1910372E+03   1.3520732E+04   4.5066259E+03   2.6989099E+03   2.5074163E+03   8.2614202E+02   7.3979880E+03
    1.2279043E+04   4.0928662E+03   1.7188343E+04   5.7294447E+03   2.4536501E+03   2.3706072E+03   7.8537006E+02   7.0492209E+03
    1.1721401E+04   3.9071336E+03   3.7505281E+04   1.2501758E+04   2.3430857E+03   2.2920743E+03   7.6041620E+02   6.8286949E+03
    1.1358572E+04   3.7861110E+03   6.1331475E+04   2.0443823E+04   2.2706941E+03   2.2173570E+03   7.3421707E+02   6.5861473E+03
    1.0942623E+04   3.6474137E+03   8.7529587E+04   2.9176526E+04   2.1869308E+03   4.3168195E+04   1.2950459E+05   4.4465020E+04
    1.3339506E+05   3.3778262E+04   1.0133479E+05   1.7875078E+04   5.3625235E+04   7.6247553E+03   2.2874266E+04   3.0738936E+03
    9.2216808E+03   1.2607396E+03   3.7822189E+03   5.3841327E+02   1.6152398E+03   2.4052318E+02   7.2156953E+02   1.1223800E+02
    3.3671400E+02   5.4538368E+01   1.6361510E+02   2.7500786E+01   8.2502358E+01   1.2944517E+01   3.8833550E+01   2.4938148E+04
    4.3249350E+03   1.2856344E+03   1.1005590E+04   3.5368674E+03   2.8502599E+03   9.2288391E+02   8.2029027E+03   1.3541104E+04
    4.5134103E+03   2.7030036E+03   2.5123225E+03   8.2781386E+02   7.4131715E+03   1.2304532E+04   4.1013621E+03   1.7224033E+04
    5.7413406E+03   2.4587549E+03   2.3759548E+03   7.8716030E+02   7.0653542E+03   1.1748310E+04   3.9161030E+03   3.7591391E+04
    1.2530460E+04   2.3484680E+03   2.2973536E+03   7.6215337E+02   6.8442143E+03   1.1384245E+04   3.7946678E+03   6.1470065E+04
    2.0490019E+04   2.2758194E+03   2.2217321E+03   7.3557950E+02   6.5979523E+03   1.0961552E+04   3.6537205E+03   8.7680769E+04
    2.9226919E+04   2.1906812E+03   4.3155096E+04   1.2946529E+05   4.4179034E+04   1.3253710E+05   3.3158447E+04   9.9475340E+04
    1.7334634E+04   5.2003901E+04   7.3434591E+03   2.2030377E+04   2.9516675E+03   8.8550024E+03   1.2090901E+03   3.6272702E+03
    5.1606463E+02   1.5481939E+03   2.3047596E+02   6.9142787E+02   1.0753395E+02   3.2260185E+02   5.2248349E+01   1.5674505E+02
    2.6344800E+01   7.9034400E+01   1.2400042E+01   3.7200125E+01
    1.8579565E+05   1.9022376E+05   1.9940557E+05   2.1908654E+05   2.6439841E+05   3.8550619E+05   8.0050229E+05   1.6584436E+06
    3.4334184E+06   7.0887006E+06   1.4563268E+07   2.9834528E+07   6.1106703E+07   1.2528994E+08   2.5775070E+08   5.3175502E+08
    1.0925686E+09   2.2391327E+09   4.5959179E+09   9.4894145E+09   1.7896784E+10   2.7270738E+10   2.8890913E+10   2.5887477E+10
    2.5164201E+10   2.8476972E+10   3.5571903E+10   4.5707280E+10   6.1078546E+10   8.6222492E+10   1.2422348E+11   1.8258037E+11
    2.7112843E+11   4.0609570E+11   6.1124916E+11   9.2400526E+11   1.3985117E+12   2.1247667E+12   3.0389931E+12   4.1420242E+12
    5.4731705E+12   7.0392082E+12   8.7901868E+12   1.0513548E+13   1.1563281E+13   1.0668938E+13   7.4112967E+12   3.9796897E+12
    1.9295689E+12   9.4402799E+11   4.9623170E+11   2.9193691E+11   1.8973898E+11   1.3185299E+11   9.6909901E+10   7.5847168E+10
    6.4263234E+10   6.0386578E+10   5.8571108E+10   5.7927644E+10
 Number of He2 levels:          30
 He2 Oscillator date:        12-OCT-1995
    1.8579565E+05   3.8414971E-10   1.3571637E-12   1.7928152E-12   2.7112199E-12   4.4473467E-12   5.6297521E-12   7.7250973E-12
    1.0419722E-11   1.4146575E-11   1.6575594E-11   2.0661590E-11   2.5284570E-11   3.0509629E-11   3.6017551E-11   4.2319616E-11
    4.8833790E-11   4.4857107E-11   6.2164658E-11   7.9099890E-11   9.0451404E-11   1.0291280E-10   1.1467007E-10   1.2155446E-10
    1.3386672E-10   1.5291421E-10   1.6319138E-10   1.8177320E-10   2.0451952E-10   2.3251469E-10   1.9022376E+05   4.0733276E-10
    1.3690097E-12   1.8768060E-12   2.8257735E-12   4.6226262E-12   5.8819041E-12   8.0603678E-12   1.0883125E-11   1.4782653E-11
    1.7324524E-11   2.1599792E-11   2.6438638E-11   3.1906930E-11   3.7666525E-11   4.4253902E-11   5.1059375E-11   4.6901051E-11
    6.5002761E-11   8.2720458E-11   9.4610715E-11   1.0767308E-10   1.1998122E-10   1.2720029E-10   1.4009198E-10   1.5999654E-10
    1.7080812E-10   1.9024883E-10   2.1404291E-10   2.4326053E-10   1.9940557E+05   4.5876086E-10   1.5060240E-12   2.0650473E-12
    3.1078115E-12   5.0830032E-12   6.4604681E-12   8.8464140E-12   1.1941769E-11   1.6213739E-11   1.8997186E-11   2.3675323E-11
    2.8972034E-11   3.4954973E-11   4.1243356E-11   4.8431606E-11   5.5854172E-11   5.1302484E-11   7.1106966E-11   9.0500615E-11
    1.0355326E-10   1.1791687E-10   1.3142558E-10   1.3936195E-10   1.5348755E-10   1.7524799E-10   1.8729116E-10   2.0874623E-10
    2.3497103E-10   2.6690135E-10   2.1908654E+05   5.8397064E-10   1.8268783E-12   2.5049592E-12   3.7681989E-12   6.1673301E-12
    7.8140336E-12   1.0688239E-11   1.4417166E-11   1.9564799E-11   2.2921699E-11   2.8555792E-11   3.4920064E-11   4.2087906E-11
    4.9596906E-11   5.8182836E-11   6.7059739E-11   6.1589432E-11   8.5376962E-11   1.0867003E-10   1.2438101E-10   1.4172332E-10
    1.5803882E-10   1.6776862E-10   1.8497771E-10   2.1126176E-10   2.2630781E-10   2.5241913E-10   2.8414855E-10   3.2218163E-10
    2.6439841E+05   9.5147986E-10   2.6911706E-12   3.6902633E-12   5.5446101E-12   9.0450930E-12   1.1448752E-11   1.5630683E-11
    2.1069143E-11   2.8566125E-11   3.3435518E-11   4.1606945E-11   5.0820982E-11   6.1158379E-11   7.1927186E-11   8.4225264E-11
    9.6912327E-11   8.8980438E-11   1.2342818E-10   1.5728350E-10   1.8035170E-10   2.0591705E-10   2.2985945E-10   2.4442307E-10
    2.6975425E-10   3.0781279E-10   3.3091075E-10   3.6922612E-10   4.1528205E-10   4.6895370E-10   3.8550619E+05   2.5398276E-09
    5.8671696E-12   8.0366091E-12   1.2048667E-11   1.9529250E-11   2.4591181E-11   3.3485577E-11   4.5044096E-11   6.0867926E-11
    7.1139049E-11   8.8352543E-11   1.0773949E-10   1.2940124E-10   1.5168947E-10   1.7698171E-10   2.0286024E-10   1.8602775E-10
    2.5800581E-10   3.2895343E-10   3.7808188E-10   4.3300902E-10   4.8410338E-10   5.1678984E-10   5.7176929E-10   6.5177834E-10
    7.0626117E-10   7.8890173E-10   8.8556905E-10   9.9239449E-10   8.0050229E+05   1.5961933E-08   2.5627493E-11   3.5412627E-11
    5.2442705E-11   8.4968939E-11   1.0657207E-10   1.4417685E-10   1.9349611E-10   2.6060950E-10   3.0390430E-10   3.7634924E-10
    4.5811912E-10   5.4923286E-10   6.4066615E-10   7.4269157E-10   8.4351260E-10   7.7065455E-10   1.0643382E-09   1.3541667E-09
    1.5619538E-09   1.7978137E-09   2.0147509E-09   2.1707235E-09   2.4144286E-09   2.7501710E-09   3.0243527E-09   3.3839058E-09
    3.7814605E-09   4.1876573E-09   1.6584436E+06   9.4852416E-08   1.1034354E-10   1.5288692E-10   2.2641560E-10   3.6660668E-10
    4.5938990E-10   6.1997352E-10   8.2904555E-10   1.1146507E-09   1.2972970E-09   1.6031702E-09   1.9492933E-09   2.3368602E-09
    2.7196127E-09   3.1410921E-09   3.5389662E-09   3.2331876E-09   4.4251042E-09   5.5981579E-09   6.4743522E-09   7.4702709E-09
    8.3893773E-09   9.1411588E-09   1.0219055E-08   1.1626217E-08   1.2900057E-08   1.4405015E-08   1.5991060E-08   1.7541318E-08
    3.4334184E+06   5.4622389E-07   4.7550662E-10   6.5891045E-10   9.7511163E-10   1.5768865E-09   1.9757726E-09   2.6628463E-09
    3.5516016E-09   4.7722127E-09   5.5433788E-09   6.8402097E-09   8.3084871E-09   9.9655923E-09   1.1589141E-08   1.3366188E-08
    1.4966834E-08   1.3804471E-08   1.8616715E-08   2.3358774E-08   2.7093014E-08   3.1272368E-08   3.5217336E-08   3.8797460E-08
    4.3462065E-08   4.9188766E-08   5.4613178E-08   6.0616779E-08   6.6768717E-08   7.2695341E-08   7.0887006E+06   3.0351809E-06
    2.0549972E-09   2.8402562E-09   4.1840878E-09   6.7408666E-09   8.4484177E-09   1.1390240E-08   1.5156020E-08   2.0372196E-08
    2.3605195E-08   2.9096659E-08   3.5308087E-08   4.2370543E-08   4.9246768E-08   5.6765998E-08   6.3281876E-08   5.9797108E-08
    7.8905072E-08   9.8043984E-08   1.1413267E-07   1.3169728E-07   1.4875133E-07   1.6508794E-07   1.8443941E-07   2.0668716E-07
    2.2816741E-07   2.5109508E-07   2.7437846E-07   2.9695767E-07   1.4563268E+07   1.6189846E-05   9.0539578E-09   1.2344800E-08
    1.7912278E-08   2.8590379E-08   3.5818009E-08   4.8414592E-08   6.4260079E-08   8.6435541E-08   9.9812092E-08   1.2293679E-07
    1.4900066E-07   1.7887842E-07   2.0770654E-07   2.3928923E-07   2.6623744E-07   2.6184447E-07   3.3611949E-07   4.1289517E-07
    4.8176489E-07   5.5492162E-07   6.2715946E-07   6.9757041E-07   7.7482230E-07   8.5866427E-07   9.4054655E-07   1.0263149E-06
    1.1135794E-06   1.1996141E-06   2.9834528E+07   8.3670153E-05   4.2324980E-08   5.5366375E-08   7.7647682E-08   1.2152453E-07
    1.5166592E-07   2.0620958E-07   2.7300663E-07   3.6723946E-07   4.2205332E-07   5.1981175E-07   6.2854781E-07   7.5501110E-07
    8.7518783E-07   1.0082713E-06   1.1261994E-06   1.1637609E-06   1.4515587E-06   1.7578940E-06   2.0466703E-06   2.3460571E-06
    2.6434807E-06   2.9349711E-06   3.2396491E-06   3.5573935E-06   3.8708582E-06   4.1959186E-06   4.5281481E-06   4.8612638E-06
    6.1106703E+07   4.2242117E-04   2.2200374E-07   2.6385735E-07   3.4944940E-07   5.2667185E-07   6.5005016E-07   8.9121486E-07
    1.1783033E-06   1.5816806E-06   1.8047740E-06   2.2265737E-06   2.6799384E-06   3.2214852E-06   3.7291157E-06   4.3067339E-06
    4.8692775E-06   5.2726793E-06   6.4104325E-06   7.6339024E-06   8.8241889E-06   1.0038386E-05   1.1248312E-05   1.2441090E-05
    1.3658694E-05   1.4902311E-05   1.6141565E-05   1.7420044E-05   1.8730982E-05   2.0061776E-05   1.2528994E+08   2.0952353E-03
    1.4029676E-06   1.3572444E-06   1.6916937E-06   2.3774819E-06   2.8816173E-06   3.9637328E-06   5.2447867E-06   7.0070135E-06
    7.9258851E-06   9.7950892E-06   1.1712585E-05   1.4085576E-05   1.6350354E-05   1.8984585E-05   2.1813783E-05   2.4433522E-05
    2.9085270E-05   3.4042407E-05   3.8956312E-05   4.3934734E-05   4.8917586E-05   5.3871463E-05   5.8890974E-05   6.3983013E-05
    6.9105766E-05   7.4380908E-05   7.9800181E-05   8.5342656E-05   2.5775070E+08   9.8922709E-03   1.1095313E-05   7.3760150E-06
    9.1044739E-06   1.1411495E-05   1.3676519E-05   1.8533730E-05   2.4289049E-05   3.2416805E-05   3.6837734E-05   4.5038663E-05
    5.3761357E-05   6.4608248E-05   7.5810936E-05   8.8384577E-05   1.0262212E-04   1.1698346E-04   1.3682275E-04   1.5761075E-04
    1.7843948E-04   1.9955105E-04   2.2082145E-04   2.4217581E-04   2.6383762E-04   2.8583715E-04   3.0815710E-04   3.3114819E-04
    3.5480319E-04   3.7909707E-04   5.3175502E+08   4.0279880E-02   7.9210002E-05   4.0622498E-05   5.0780767E-05   5.8183359E-05
    6.9531693E-05   9.1623449E-05   1.1543417E-04   1.5517464E-04   1.8126197E-04   2.1711799E-04   2.5948162E-04   3.1282556E-04
    3.7058053E-04   4.3187777E-04   5.0106067E-04   5.7334361E-04   6.6026951E-04   7.5039750E-04   8.4126841E-04   9.3372331E-04
    1.0276368E-03   1.1228561E-03   1.2199186E-03   1.3189439E-03   1.4201257E-03   1.5244973E-03   1.6320586E-03   1.7428029E-03
    1.0925686E+09   1.4564039E-01   4.3359830E-04   2.1484805E-04   2.5907989E-04   2.9335428E-04   3.6478544E-04   4.4628958E-04
    5.6394194E-04   7.5436060E-04   8.7575638E-04   1.0485121E-03   1.2525688E-03   1.5109430E-03   1.7920656E-03   2.0829471E-03
    2.4003856E-03   2.7338786E-03   3.1077520E-03   3.4933881E-03   3.8858407E-03   4.2870418E-03   4.6977582E-03   5.1180409E-03
    5.5491288E-03   5.9914075E-03   6.4457798E-03   6.9152316E-03   7.3997981E-03   7.8995511E-03   2.2391327E+09   5.9996445E-01
    3.1767673E-03   1.3297685E-03   1.4430575E-03   1.6879872E-03   2.1169270E-03   2.3537517E-03   3.0745797E-03   3.9026251E-03
    4.5356838E-03   5.3905624E-03   6.3770826E-03   7.4674378E-03   8.7090653E-03   1.0038714E-02   1.1447491E-02   1.2921140E-02
    1.4521408E-02   1.6176300E-02   1.7875771E-02   1.9627521E-02   2.1433718E-02   2.3296424E-02   2.5219182E-02   2.7202837E-02
    2.9249794E-02   3.1368004E-02   3.3557546E-02   3.5818593E-02   4.5959179E+09   2.3796387E+00   1.6054986E-02   7.0634304E-03
    7.6582172E-03   9.2109423E-03   1.1678062E-02   1.2518990E-02   1.5684649E-02   1.8931742E-02   2.2600631E-02   2.6751363E-02
    3.1276902E-02   3.6151429E-02   4.1533841E-02   4.7253538E-02   5.3239807E-02   5.9542288E-02   6.6310889E-02   7.3349978E-02
    8.0661931E-02   8.8258848E-02   9.6146127E-02   1.0433000E-01   1.1281855E-01   1.2161506E-01   1.3072344E-01   1.4016042E-01
    1.4992550E-01   1.6001826E-01   9.4894145E+09   9.6719218E+00   9.6079637E-02   3.8253641E-02   3.6239595E-02   4.7383959E-02
    5.9493096E-02   6.5647822E-02   7.8994636E-02   9.2377932E-02   1.1010747E-01   1.2856264E-01   1.4804509E-01   1.6891371E-01
    1.9161262E-01   2.1570262E-01   2.4106233E-01   2.6794577E-01   2.9665889E-01   3.2680163E-01   3.5833604E-01   3.9128894E-01
    4.2569277E-01   4.6153052E-01   4.9882208E-01   5.3757012E-01   5.7777595E-01   6.1946281E-01   6.6262182E-01   7.0724436E-01
    1.7896784E+10   3.0691548E+01   3.2127547E-01   1.7988790E-01   1.4703091E-01   1.8831046E-01   2.2661539E-01   2.5295132E-01
    2.9855640E-01   3.4218229E-01   4.0272783E-01   4.6485841E-01   5.3104974E-01   6.0226511E-01   6.7937036E-01   7.6162980E-01
    8.4897532E-01   9.4167460E-01   1.0403103E+00   1.1443246E+00   1.2534714E+00   1.3678527E+00   1.4874449E+00   1.6122554E+00
    1.7422719E+00   1.8774893E+00   2.0178726E+00   2.1634247E+00   2.3140954E+00   2.4698242E+00   2.7270738E+10   6.7851179E+01
    7.6143909E-01   5.0227065E-01   3.4037201E-01   4.7588206E-01   5.9723044E-01   6.4177389E-01   7.4760317E-01   8.5105767E-01
    9.9208352E-01   1.1391820E+00   1.2971709E+00   1.4675065E+00   1.6531845E+00   1.8514758E+00   2.0624198E+00   2.2862921E+00
    2.5240728E+00   2.7750273E+00   3.0387150E+00   3.3153298E+00   3.6046818E+00   3.9068441E+00   4.2216688E+00   4.5491033E+00
    4.8890513E+00   5.2414012E+00   5.6059804E+00   5.9825708E+00   2.8890913E+10   8.9430375E+01   1.0767683E+00   6.8614627E-01
    4.7831127E-01   6.7306743E-01   8.8352492E-01   9.1056484E-01   1.0702755E+00   1.2303836E+00   1.4193924E+00   1.6275042E+00
    1.8515085E+00   2.0929713E+00   2.3574826E+00   2.6396877E+00   2.9399371E+00   3.2582394E+00   3.5961853E+00   3.9529768E+00
    4.3280219E+00   4.7215241E+00   5.1332623E+00   5.5633183E+00   6.0114302E+00   6.4775169E+00   6.9614613E+00   7.4630361E+00
    7.9819904E+00   8.5179959E+00   2.5887477E+10   8.1334480E+01   1.0933006E+00   5.9780659E-01   4.8273640E-01   6.2371769E-01
    8.3359943E-01   8.4799983E-01   1.0101803E+00   1.1769534E+00   1.3528953E+00   1.5559379E+00   1.7729518E+00   2.0062834E+00
    2.2610446E+00   2.5324608E+00   2.8211137E+00   3.1265357E+00   3.4506910E+00   3.7929178E+00   4.1526560E+00   4.5300428E+00
    4.9249743E+00   5.3375152E+00   5.7674108E+00   6.2146127E+00   6.6790285E+00   7.1604298E+00   7.6586115E+00   8.1732896E+00
    2.5164201E+10   6.2033310E+01   9.5087095E-01   4.4146438E-01   3.9903730E-01   4.7664168E-01   6.3553013E-01   6.5380591E-01
    7.8063763E-01   9.1585536E-01   1.0534842E+00   1.2144877E+00   1.3858207E+00   1.5698901E+00   1.7695677E+00   1.9823504E+00
    2.2086927E+00   2.4479253E+00   2.7016713E+00   2.9695296E+00   3.2511212E+00   3.5465046E+00   3.8556569E+00   4.1786055E+00
    4.5151655E+00   4.8653141E+00   5.2289760E+00   5.6059589E+00   5.9961116E+00   6.3992179E+00   2.8476972E+10   4.5106425E+01
    7.8979842E-01   3.2540730E-01   3.0934229E-01   3.5045383E-01   4.5905261E-01   4.8100424E-01   5.6819384E-01   6.6388481E-01
    7.6202733E-01   8.7568467E-01   9.9690410E-01   1.1275094E+00   1.2687602E+00   1.4197579E+00   1.5807215E+00   1.7510980E+00
    1.9317860E+00   2.1226347E+00   2.3234196E+00   2.5341354E+00   2.7547638E+00   2.9852913E+00   3.2255919E+00   3.4756383E+00
    3.7353659E+00   4.0045945E+00   4.2832003E+00   4.5710093E+00   3.5571903E+10   4.5866906E+01   9.2290937E-01   3.5442563E-01
    3.4273420E-01   3.7543022E-01   4.7787180E-01   5.1278597E-01   5.9782085E-01   6.9334705E-01   7.9358461E-01   9.0761635E-01
    1.0300509E+00   1.1625427E+00   1.3057730E+00   1.4594379E+00   1.6236284E+00   1.7978565E+00   1.9826181E+00   2.1778724E+00
    2.3834350E+00   2.5992595E+00   2.8253043E+00   3.0615188E+00   3.3077782E+00   3.5640275E+00   3.8301831E+00   4.1060092E+00
    4.3913414E+00   4.6859580E+00   4.5707280E+10   5.4610040E+01   1.2100243E+00   4.4124868E-01   4.3104525E-01   4.6589147E-01
    5.8342249E-01   6.4107000E-01   7.4434002E-01   8.6362495E-01   9.9154686E-01   1.1345992E+00   1.2890275E+00   1.4562654E+00
    1.6366668E+00   1.8302274E+00   2.0369691E+00   2.2565001E+00   2.4890440E+00   2.7346284E+00   2.9930944E+00   3.2643734E+00
    3.5484009E+00   3.8450864E+00   4.1542857E+00   4.4758949E+00   4.8097693E+00   5.1555929E+00   5.5130944E+00   5.8819153E+00
    6.1078546E+10   6.8784019E+01   1.5444357E+00   5.5089289E-01   5.3964300E-01   5.8250038E-01   7.2794454E-01   8.0476764E-01
    9.3310439E-01   1.0824788E+00   1.2443761E+00   1.4244472E+00   1.6195377E+00   1.8309232E+00   2.0588426E+00   2.3033143E+00
    2.5643051E+00   2.8414541E+00   3.1348734E+00   3.4445939E+00   3.7704456E+00   4.1123294E+00   4.4701406E+00   4.8437354E+00
    5.2329111E+00   5.6374745E+00   6.0571688E+00   6.4915362E+00   6.9401100E+00   7.4022783E+00   8.6222492E+10   9.3030049E+01
    2.1104351E+00   7.4122984E-01   7.2696458E-01   7.8488723E-01   9.7798645E-01   1.0877557E+00   1.2601939E+00   1.4615244E+00
    1.6817074E+00   1.9258058E+00   2.1910308E+00   2.4785039E+00   2.7883621E+00   3.1205981E+00   3.4751192E+00   3.8515543E+00
    4.2499247E+00   4.6702320E+00   5.1122624E+00   5.5758514E+00   6.0608065E+00   6.5668684E+00   7.0936901E+00   7.6408785E+00
    8.2079176E+00   8.7940095E+00   9.3982314E+00   1.0019370E+01   1.2422348E+11   1.2789045E+02   2.9357486E+00   1.0205282E+00
    1.0005769E+00   1.0812626E+00   1.3408112E+00   1.5008539E+00   1.7379786E+00   2.0148216E+00   2.3197653E+00   2.6572190E+00
    3.0246381E+00   3.4229509E+00   3.8521787E+00   4.3122504E+00   4.8029991E+00   5.3240153E+00   5.8752095E+00   6.4565105E+00
    7.0676097E+00   7.7082098E+00   8.3779398E+00   9.0763035E+00   9.8026428E+00   1.0556142E+01   1.1335725E+01   1.2139848E+01
    1.2966583E+01   1.3813371E+01   1.8258037E+11   1.8054278E+02   4.2012228E+00   1.4543000E+00   1.4232359E+00   1.5400859E+00
    1.8964947E+00   2.1363302E+00   2.4733333E+00   2.8658386E+00   3.3005988E+00   3.7813758E+00   4.3056247E+00   4.8740343E+00
    5.4864662E+00   6.1427271E+00   6.8425340E+00   7.5853785E+00   8.3710079E+00   9.1991864E+00   1.0069393E+01   1.0981043E+01
    1.1933375E+01   1.2925366E+01   1.3955652E+01   1.5022455E+01   1.6123400E+01   1.7255181E+01   1.8413472E+01   1.9592456E+01
    2.7112843E+11   2.5999049E+02   6.1544827E+00   2.1302610E+00   2.0781133E+00   2.2528442E+00   2.7504686E+00   3.1177224E+00
    3.6100425E+00   4.1813791E+00   4.8166727E+00   5.5189339E+00   6.2853875E+00   7.1164157E+00   8.0116514E+00   8.9706949E+00
    9.9930671E+00   1.1078051E+01   1.2225103E+01   1.3433633E+01   1.4702651E+01   1.6030932E+01   1.7416835E+01   1.8858133E+01
    2.0351810E+01   2.1893814E+01   2.3478640E+01   2.5098670E+01   2.6743614E+01   2.8399433E+01   4.0609570E+11   3.8262830E+02
    9.2703374E+00   3.2191381E+00   3.1256884E+00   3.3966778E+00   4.1072779E+00   4.6835567E+00   5.4254427E+00   6.2826271E+00
    7.2379390E+00   8.2934978E+00   9.4460607E+00   1.0695598E+01   1.2041396E+01   1.3482699E+01   1.5018658E+01   1.6648109E+01
    1.8369908E+01   2.0182676E+01   2.2084339E+01   2.4072169E+01   2.6142437E+01   2.8290001E+01   3.0507774E+01   3.2786004E+01
    3.5111183E+01   3.7464487E+01   3.9819925E+01   4.2141629E+01   6.1124916E+11   5.8142060E+02   1.4559504E+01   5.0892680E+00
    4.9091862E+00   5.3500426E+00   6.4048231E+00   7.3408270E+00   8.5073107E+00   9.8493275E+00   1.1346806E+01   1.3000726E+01
    1.4807023E+01   1.6765042E+01   1.8873451E+01   2.1130778E+01   2.3535373E+01   2.6085050E+01   2.8777277E+01   3.1608773E+01
    3.4574797E+01   3.7668853E+01   4.0881876E+01   4.4201147E+01   4.7608784E+01   5.1079630E+01   5.4578197E+01   5.8054482E+01
    6.1438616E+01   6.4634095E+01   9.2400526E+11   9.4606080E+02   2.4893684E+01   8.7964102E+00   8.4054506E+00   9.1858065E+00
    1.0888352E+01   1.2527059E+01   1.4522055E+01   1.6809754E+01   1.9364544E+01   2.2185589E+01   2.5267141E+01   2.8607152E+01
    3.2202830E+01   3.6051004E+01   4.0148009E+01   4.4488966E+01   4.9067625E+01   5.3875475E+01   5.8900266E+01   6.4124720E+01
    6.9524197E+01   7.5063406E+01   8.0691698E+01   8.6336425E+01   9.1893637E+01   9.7216129E+01   1.0209914E+02   1.0626624E+02
    1.3985117E+12   1.7313140E+03   4.9270924E+01   1.7703124E+01   1.6678706E+01   1.8259197E+01   2.1444159E+01   2.4734221E+01
    2.8681748E+01   3.3200498E+01   3.8251521E+01   4.3829287E+01   4.9923209E+01   5.6527147E+01   6.3634178E+01   7.1236249E+01
    7.9323500E+01   8.7882524E+01   9.6894988E+01   1.0633498E+02   1.1616478E+02   1.2632976E+02   1.3675020E+02   1.4730947E+02
    1.5783706E+02   1.6808518E+02   1.7769855E+02   1.8618084E+02   1.9286659E+02   1.9692058E+02   2.1247667E+12   3.7791602E+03
    1.2285549E+02   4.5333911E+01   4.1763292E+01   4.5670996E+01   5.3176944E+01   6.1433127E+01   7.1272500E+01   8.2537444E+01
    9.5144697E+01   1.0906862E+02   1.2428167E+02   1.4076322E+02   1.5849111E+02   1.7743857E+02   1.9757087E+02   2.1883928E+02
    2.4117407E+02   2.6447342E+02   2.8858614E+02   3.1328740E+02   3.3824157E+02   3.6294838E+02   3.8666864E+02   4.0833121E+02
    4.2643619E+02   4.3900141E+02   4.4363768E+02   4.3787920E+02   3.0389931E+12   8.8780910E+03   3.4737440E+02   1.3349127E+02
    1.1949832E+02   1.2989155E+02   1.5003665E+02   1.7343995E+02   2.0135760E+02   2.3336996E+02   2.6923791E+02   3.0885837E+02
    3.5214373E+02   3.9902042E+02   4.4940876E+02   5.0320857E+02   5.6028382E+02   6.2043804E+02   6.8338104E+02   7.4867765E+02
    8.1566826E+02   8.8335070E+02   9.5020422E+02   1.0139438E+03   1.0712130E+03   1.1172801E+03   1.1459189E+03   1.1498238E+03
    1.1219890E+03   1.0582054E+03   4.1420242E+12   2.2315705E+04   1.0938801E+03   4.5125810E+02   3.9218914E+02   4.2136150E+02
    4.8259271E+02   5.5791464E+02   6.4826275E+02   7.5210164E+02   8.6858141E+02   9.9727427E+02   1.1378513E+03   1.2900212E+03
    1.4534609E+03   1.6277493E+03   1.8122934E+03   2.0062138E+03   2.2081793E+03   2.4161476E+03   2.6269646E+03   2.8357624E+03
    3.0350957E+03   3.2138365E+03   3.3560596E+03   3.4406136E+03   3.4427350E+03   3.3394012E+03   3.1187618E+03   2.7900722E+03
    5.4731705E+12   6.0937340E+04   3.7503300E+03   1.7302426E+03   1.4809356E+03   1.5710337E+03   1.7863247E+03   2.0660434E+03
    2.4035905E+03   2.7923841E+03   3.2288985E+03   3.7112234E+03   4.2379436E+03   4.8077584E+03   5.4191728E+03   6.0701692E+03
    6.7578106E+03   7.4776355E+03   8.2227373E+03   8.9823097E+03   9.7393978E+03   1.0467590E+04   1.1126593E+04   1.1657479E+04
    1.1980269E+04   1.1999498E+04   1.1625278E+04   1.0812008E+04   9.5993135E+03   8.1221990E+03   7.0392082E+12   1.7994453E+05
    1.3565228E+04   7.0223738E+03   6.1117850E+03   6.4631156E+03   7.3314261E+03   8.4967018E+03   9.9058937E+03   1.1529960E+04
    1.3353526E+04   1.5367841E+04   1.7566388E+04   1.9942879E+04   2.2489730E+04   2.5196308E+04   2.8046654E+04   3.1015950E+04
    3.4064981E+04   3.7131340E+04   4.0116009E+04   4.2864540E+04   4.5144941E+04   4.6632204E+04   4.6923342E+04   4.5619072E+04
    4.2490857E+04   3.7673334E+04   3.1727746E+04   2.5465060E+04   8.7901868E+12   5.6207864E+05   5.1237243E+04   2.9027213E+04
    2.6206785E+04   2.7983406E+04   3.1863339E+04   3.7078021E+04   4.3363291E+04   5.0595768E+04   5.8709739E+04   6.7665610E+04
    7.7432656E+04   8.7979267E+04   9.9265045E+04   1.1123111E+05   1.2378651E+05   1.3678670E+05   1.4999900E+05   1.6304816E+05
    1.7533557E+05   1.8593534E+05   1.9349952E+05   1.9626819E+05   1.9235636E+05   1.8046338E+05   1.6082525E+05   1.3570305E+05
    1.0872098E+05   8.3375746E+04   1.0513548E+13   1.7706926E+06   1.9448648E+05   1.1753753E+05   1.0971029E+05   1.1912088E+05
    1.3685504E+05   1.6019374E+05   1.8810497E+05   2.2011288E+05   2.5596059E+05   2.9548169E+05   3.3853692E+05   3.8497095E+05
    4.3457270E+05   4.8702281E+05   5.4181482E+05   5.9812765E+05   6.5461893E+05   7.0910360E+05   7.5810148E+05   7.9633341E+05
    8.1648908E+05   8.0998914E+05   7.6963764E+05   6.9402183E+05   5.9091541E+05   4.7572194E+05   3.6493073E+05   2.6980141E+05
    1.1563281E+13   5.2103832E+06   6.8277839E+05   4.3532900E+05   4.1816744E+05   4.6179792E+05   5.3593666E+05   6.3141309E+05
    7.4468049E+05   8.7408821E+05   1.0187289E+06   1.1779758E+06   1.3512550E+06   1.5378713E+06   1.7368244E+06   1.9465488E+06
    2.1645039E+06   2.3864974E+06   2.6055903E+06   2.8104370E+06   2.9831324E+06   3.0973746E+06   3.1193087E+06   3.0150915E+06
    2.7674796E+06   2.3942092E+06   1.9503320E+06   1.5055919E+06   1.1141816E+06   8.0068970E+05   1.0668938E+13   1.2812715E+07
    1.9732716E+06   1.3249272E+06   1.3093172E+06   1.4702257E+06   1.7235052E+06   2.0437074E+06   2.4208991E+06   2.8503952E+06
    3.3295305E+06   3.8563346E+06   4.4288243E+06   5.0444060E+06   5.6991603E+06   6.3867705E+06   7.0967664E+06   7.8116007E+06
    8.5019532E+06   9.1199356E+06   9.5913877E+06   9.8126794E+06   9.6643455E+06   9.0558171E+06   7.9937136E+06   6.6205485E+06
    5.1662900E+06   3.8403071E+06   2.7571283E+06   1.9368406E+06   7.4112967E+12   2.3068854E+07   4.1248937E+06   2.9277204E+06
    2.9794956E+06   3.4012672E+06   4.0265990E+06   4.8048102E+06   5.7158853E+06   6.7501868E+06   7.9019710E+06   9.1666205E+06
    1.0539005E+07   1.2011911E+07   1.3573967E+07   1.5206340E+07   1.6877189E+07   1.8532390E+07   2.0080990E+07   2.1375758E+07
    2.2196398E+07   2.2259041E+07   2.1292247E+07   1.9196024E+07   1.6193772E+07   1.2799914E+07   9.5728758E+06   6.8726870E+06
    4.8059615E+06   3.3127073E+06   3.9796897E+12   3.0939093E+07   6.3993750E+06   4.8180053E+06   5.0505796E+06   5.8588754E+06
    7.0022106E+06   8.4063198E+06   1.0041382E+07   1.1892624E+07   1.3950679E+07   1.6207220E+07   1.8652013E+07   2.1269712E+07
    2.4035177E+07   2.6905709E+07   2.9807744E+07   3.2614748E+07   3.5114169E+07   3.6969314E+07   3.7705696E+07   3.6790419E+07
    3.3876137E+07   2.9134315E+07   2.3356349E+07   1.7593969E+07   1.2637759E+07   8.7967925E+06   6.0157791E+06   4.0826816E+06
    1.9295689E+12   3.6874745E+07   8.8329733E+06   7.0636298E+06   7.6231047E+06   8.9819091E+06   1.0834175E+07   1.3083749E+07
    1.5691197E+07   1.8636199E+07   2.1904732E+07   2.5482736E+07   2.9351100E+07   3.3479394E+07   3.7815943E+07   4.2270701E+07
    4.6685632E+07   5.0786834E+07   5.4119660E+07   5.5996991E+07   5.5555035E+07   5.2064091E+07   4.5492456E+07   3.6871599E+07
    2.7891032E+07   1.9987387E+07   1.3812698E+07   9.3501145E+06   6.2717818E+06   4.2008609E+06   9.4402799E+11   4.4156693E+07
    1.2296544E+07   1.0441396E+07   1.1590297E+07   1.3864002E+07   1.6874227E+07   2.0496162E+07   2.4677236E+07   2.9388774E+07
    3.4608543E+07   4.0310954E+07   4.6457677E+07   5.2984200E+07   5.9776980E+07   6.6632863E+07   7.3189565E+07   7.8820989E+07
    8.2525969E+07   8.2938409E+07   7.8720351E+07   6.9475040E+07   5.6566984E+07   4.2696944E+07   3.0350697E+07   2.0722658E+07
    1.3831246E+07   9.1418575E+06   6.0345784E+06   3.9988809E+06   4.9623170E+11   5.5866356E+07   1.8139104E+07   1.6326008E+07
    1.8618020E+07   2.2596335E+07   2.7742877E+07   3.3886948E+07   4.0954033E+07   4.8899858E+07   5.7684428E+07   6.7254521E+07
    7.7523076E+07   8.8335847E+07   9.9411434E+07   1.1023369E+08   1.1987632E+08   1.2678324E+08   1.2868939E+08   1.2315348E+08
    1.0911906E+08   8.8606781E+07   6.6231724E+07   4.6375879E+07   3.1104032E+07   2.0378059E+07   1.3227061E+07   8.5827911E+06
    5.5971308E+06   3.6791984E+06   2.9193691E+11   7.6442588E+07   2.8908729E+07   2.7503191E+07   3.2178062E+07   3.9598446E+07
    4.9023015E+07   6.0200590E+07   7.3015589E+07   8.7389937E+07   1.0323882E+08   1.2043270E+08   1.3874271E+08   1.5774320E+08
    1.7663031E+08   1.9390590E+08   2.0693340E+08   2.1165751E+08   2.0340651E+08   1.7983693E+08   1.4449856E+08   1.0606396E+08
    7.2598453E+07   4.7537024E+07   3.0430230E+07   1.9331272E+07   1.2299401E+07   7.8782579E+06   5.0943455E+06   3.3298619E+06
    1.8973898E+11   1.1026654E+08   4.8289383E+07   4.8398743E+07   5.8004523E+07   7.2317265E+07   9.0232181E+07   1.1136203E+08
    1.3551364E+08   1.6253140E+08   1.9221052E+08   2.2419981E+08   2.5783689E+08   2.9183418E+08   3.2369687E+08   3.4881735E+08
    3.5969411E+08   3.4709991E+08   3.0583923E+08   2.4250859E+08   1.7415850E+08   1.1609696E+08   7.3981769E+07   4.6156330E+07
    2.8640602E+07   1.7839086E+07   1.1208631E+07   7.1217663E+06   4.5807334E+06   2.9834432E+06   1.3185299E+11   1.6164706E+08
    8.1281692E+07   8.5522002E+07   1.0482375E+08   1.3229016E+08   1.6627051E+08   2.0615985E+08   2.5161798E+08   3.0230618E+08
    3.5769627E+08   4.1679607E+08   4.7762879E+08   5.3621439E+08   5.8481399E+08   6.0997219E+08   5.9367933E+08   5.2394514E+08
    4.1172562E+08   2.9003552E+08   1.8848597E+08   1.1689279E+08   7.1040654E+07   4.3025236E+07   2.6212145E+07   1.6140760E+07
    1.0068111E+07   6.3669465E+06   4.0823586E+06   2.6531447E+06   9.6909901E+10   2.3767162E+08   1.3589364E+08   1.4956808E+08
    1.8718144E+08   2.3890819E+08   3.0230550E+08   3.7642037E+08   4.6061942E+08   5.5411650E+08   6.5550719E+08   7.6195748E+08
    8.6756014E+08   9.6021220E+08   1.0172637E+09   1.0050540E+09   8.9587155E+08   7.0346606E+08   4.8900548E+08   3.1080173E+08
    1.8780202E+08   1.1118061E+08   6.5682978E+07   3.9106309E+07   2.3577161E+07   1.4423792E+07   8.9595333E+06   5.6502829E+06
    3.6160969E+06   2.3470898E+06   7.5847168E+10   3.5309752E+08   2.2734651E+08   2.6084566E+08   3.3277914E+08   4.2918504E+08
    5.4644428E+08   6.8300979E+08   8.3760774E+08   1.0082997E+09   1.1912383E+09   1.3781895E+09   1.5514323E+09   1.6751936E+09
    1.6898379E+09   1.5341763E+09   1.2147025E+09   8.3879977E+08   5.2309702E+08   3.0820680E+08   1.7764479E+08   1.0226216E+08
    5.9425574E+07   3.5033335E+07   2.0993981E+07   1.2794364E+07   7.9275886E+06   4.9911567E+06   3.1906180E+06   2.0692726E+06
    6.4263234E+10   5.0545429E+08   3.5864834E+08   4.2572799E+08   5.5173555E+08   7.1764486E+08   9.1830520E+08   1.1512456E+09
    1.4139401E+09   1.7019135E+09   2.0056025E+09   2.3036535E+09   2.5496826E+09   2.6555971E+09   2.5042497E+09   2.0519624E+09
    1.4425362E+09   8.9765136E+08   5.2039915E+08   2.9319391E+08   1.6466646E+08   9.3390116E+07   5.3799648E+07   3.1550966E+07
    1.8845670E+07   1.1461139E+07   7.0917068E+06   4.4607218E+06   2.8496947E+06   1.8473286E+06   6.0386578E+10   5.9153821E+08
    4.3714588E+08   5.2634383E+08   6.8663158E+08   8.9628002E+08   1.1492745E+09   1.4425418E+09   1.7726180E+09   2.1330046E+09
    2.5094191E+09   2.8694884E+09   3.1432174E+09   3.2039742E+09   2.9091185E+09   2.2641309E+09   1.5118023E+09   9.0468355E+08
    5.1169542E+08   2.8421783E+08   1.5835186E+08   8.9399812E+07   5.1363226E+07   3.0073190E+07   1.7944643E+07   1.0905950E+07
    6.7452031E+06   4.2414953E+06   2.7090794E+06   1.7559167E+06   5.8571108E+10   6.3855408E+08   4.8133362E+08   5.8358094E+08
    7.6374219E+08   9.9865910E+08   1.2818443E+09   1.6098679E+09   1.9786735E+09   2.3804492E+09   2.7978012E+09   3.1910515E+09
    3.4748218E+09   3.4992751E+09   3.1126822E+09   2.3597642E+09   1.5375271E+09   9.0409558E+08   5.0595259E+08   2.7934331E+08
    1.5511396E+08   8.7404341E+07   5.0160230E+07   2.9348668E+07   1.7504731E+07   1.0635590E+07   6.5767494E+06   4.1350373E+06
    2.6408482E+06   1.7115847E+06   5.7927644E+10   6.5467446E+08   4.9678515E+08   6.0372258E+08   7.9095430E+08   1.0348427E+09
    1.3287383E+09   1.6690835E+09   2.0516030E+09   2.4679926E+09   2.8996854E+09   3.3042427E+09   3.5905300E+09   3.6003878E+09
    3.1799767E+09   2.3895937E+09   1.5445818E+09   9.0319824E+08   5.0377002E+08   2.7761906E+08   1.5399603E+08   8.6722918E+07
    4.9751766E+07   2.9103456E+07   1.7356131E+07   1.0544375E+07   6.5199611E+06   4.0991679E+06   2.6178672E+06   1.6966571E+06
    1.3002075E+03   1.3343056E+03   1.4060404E+03   1.5632226E+03   1.9347762E+03   2.9528963E+03   6.5261337E+03   1.4089861E+04
    2.9962129E+04   6.3084472E+04   1.3189334E+05   2.7512837E+05   5.7519064E+05   1.2084965E+06   2.5361491E+06   5.2425524E+06
    1.0773405E+07   2.2619870E+07   4.8363952E+07   1.0855085E+08   2.1282655E+08   3.4921548E+08   4.6960345E+08   4.9973965E+08
    4.0647527E+08   2.6259263E+08   2.1990941E+08   2.1522707E+08   2.0169328E+08   1.9283761E+08   1.8439409E+08   1.7844798E+08
    1.7480977E+08   1.7387164E+08   1.7901818E+08   2.0077687E+08   2.6405678E+08   4.4471951E+08   9.1925682E+08   2.3000322E+09
    6.9155956E+09   2.3998997E+10   9.1607949E+10   3.5785457E+11   1.3133080E+12   4.0416808E+12   9.0744241E+12   1.4957377E+13
    2.1182581E+13   2.9005028E+13   4.0316255E+13   5.7912490E+13   8.4850334E+13   1.2439406E+14   1.8114628E+14   2.6300436E+14
    3.6488302E+14   4.2060269E+14   4.5089030E+14   4.6140308E+14
