36835.83461597 1.850166E+03 -9.877677E-01 1.193587E-05 1
36406.90101388 1.849899E+03 -9.875941E-01 1.207654E-05 2
35563.41830254 1.849354E+03 -9.872795E-01 1.236301E-05 3
33937.37071123 1.848230E+03 -9.867046E-01 1.295595E-05 4
30909.84103829 1.845853E+03 -9.853128E-01 1.422876E-05 5
25631.96463646 1.840378E+03 -9.811963E-01 1.716300E-05 6
17851.70444986 1.826286E+03 -9.714163E-01 2.467926E-05 7
12468.49788127 1.806399E+03 -9.589695E-01 3.548716E-05 8
8732.70049292 1.778358E+03 -9.410931E-01 5.102820E-05 9
6144.94903992 1.739267E+03 -9.156535E-01 7.337520E-05 10
4354.49299430 1.685662E+03 -8.796522E-01 1.055087E-04 11
3109.62073717 1.613256E+03 -8.286230E-01 1.517146E-04 12
2240.26967763 1.517296E+03 -7.560299E-01 2.181556E-04 13
1632.36089851 1.393529E+03 -6.503358E-01 3.136934E-04 14
1207.16392381 1.238380E+03 -4.962371E-01 4.510705E-04 15
910.99757859 1.053988E+03 -2.854821E-01 6.486098E-04 16
705.59456871 8.551164E+02 7.853372E-03 9.326583E-04 17
562.83106703 6.556147E+02 4.350870E-01 1.341101E-03 18
463.54464372 4.707053E+02 1.066028E+00 1.928545E-03 19
394.43929422 3.143960E+02 1.988860E+00 2.773428E-03 20
350.71516335 2.068988E+02 3.175988E+00 3.846102E-03 21
322.13715861 1.364014E+02 4.632751E+00 5.157838E-03 22
302.17517858 8.993132E+01 6.355132E+00 6.785084E-03 23
287.51517106 5.933670E+01 8.285871E+00 8.839099E-03 24
276.09765840 3.897277E+01 9.923661E+00 1.153655E-02 25
265.59168252 2.510912E+01 1.027051E+01 1.573423E-02 26
255.86351941 1.703231E+01 1.584584E+01 2.220173E-02 27
251.54839445 1.163609E+01 5.306803E+01 2.636461E-02 28
251.29927788 7.741274E+00 6.054963E+02 2.675167E-02 29
251.16682038 5.051846E+00 8.016640E+02 2.711920E-02 30
251.01550922 3.328016E+00 6.995414E+02 2.776273E-02 31
250.85349260 2.188340E+00 6.595192E+02 2.882072E-02 32
250.68542277 1.441718E+00 6.323259E+02 3.051088E-02 33
250.50998134 9.492142E-01 6.040864E+02 3.324682E-02 34
250.32479876 6.251985E-01 5.683469E+02 3.774837E-02 35
250.12463130 4.114768E-01 5.241160E+02 4.541089E-02 36
249.90564076 2.711391E-01 4.747958E+02 5.873353E-02 37
249.65836842 1.782855E-01 4.176555E+02 8.288518E-02 38
249.42041186 1.246713E-01 3.664831E+02 1.191845E-01 39
249.18891401 9.152372E-02 3.235903E+02 1.713795E-01 40
248.95491599 6.929650E-02 2.851298E+02 2.464325E-01 41
248.71248911 5.384262E-02 2.463558E+02 3.543537E-01 42
248.45649009 4.289088E-02 2.063009E+02 5.095374E-01 43
248.18120722 3.510997E-02 1.636296E+02 7.326813E-01 44
247.87800238 2.970983E-02 1.191001E+02 1.053547E+00 45
247.53167021 2.607556E-02 8.185238E+01 1.514932E+00 46
247.11926933 2.334330E-02 6.534808E+01 2.178373E+00 47
246.61477934 2.040236E-02 6.983634E+01 3.132357E+00 48
246.00352918 1.679750E-02 8.127869E+01 4.504123E+00 49
245.29294096 1.303614E-02 8.981022E+01 6.476633E+00 50
244.50111035 9.626884E-03 9.638105E+01 9.312972E+00 51
243.65072796 6.796733E-03 1.019288E+02 1.339144E+01 52
242.77036643 4.685380E-03 1.036791E+02 1.925601E+01 53
241.87699347 3.223223E-03 1.016448E+02 2.768888E+01 54
240.97122844 2.231172E-03 9.814718E+01 3.981479E+01 55
240.04533588 1.548955E-03 9.447993E+01 5.727052E+01 56
239.20794730 1.124452E-03 8.960664E+01 7.898311E+01 57
238.83379699 9.786394E-04 8.627549E+01 9.099420E+01 58
238.64561528 9.143804E-04 8.461391E+01 9.766825E+01 59
238.58271162 8.940285E-04 8.414200E+01 1.000000E+02 60
