
 24-FEB-2004                           !Format date

 3.8871275267E+02     3.3689E+05       69       70

 7.8213622025E+04   1.1303479E+05   8.4295411E+05   9.3785269E-01   9.3195118E-01   4.8950544E+02   5.0000078E-02     1 
    5.9371795E+02   5.6277290E+04   3.6343989E+04   1.3033446E+00   2.0232521E+00
    4.4975181E-01   4.7691856E-01   2.9624956E+00   8.0673454E-02   7.1014154E-02
    1.4379898E+00   3.4382278E-01   4.4900623E-01   3.1757626E+00   1.5953906E-01
    1.4352819E-01   2.1866801E-01   1.9310634E-01   1.8565359E+00   2.9537100E-01
    4.3125303E-01   3.5572235E+00   2.0379961E-01   1.9504659E-01   3.3255788E-01
    2.9154160E-01   1.7094581E+00   2.6847712E-01   4.1108581E-01   3.7824839E+00
    2.2502931E-01   2.2425857E-01   4.2708162E-01   3.7046253E-01   2.0409219E+00
    2.6184402E-01   3.8719749E-01   3.9402844E+00   2.2919618E-01   2.4353399E-01
    5.1087986E-01   4.3631894E-01   2.3275475E+00   5.3313421E-01   6.5322458E-01
    5.6311612E-01   6.8286646E-01   5.9638519E-01   7.1906699E-01   6.1127459E-01
    9.5877732E-01   5.5082366E-01   8.4885118E-01   6.3482311E-01   9.6731730E-01
    6.2213431E-01   9.2063866E-01   5.8776612E-01   8.6802279E-01   5.8850865E-01
    8.4082342E-01   6.1116060E-01   8.5950183E-01   6.6832375E-01   8.4630186E-01
    7.7995284E-01   8.4838439E-01   1.0010352E+00   8.5578503E-01

 7.7486216074E+04   1.1555319E+05   8.5930446E+05   9.3838545E-01   9.2564264E-01   4.8946527E+02   5.0000078E-02     2 
    5.8905899E+02   5.5444101E+04   3.5914722E+04   1.3071541E+00   2.0279708E+00
    4.5054253E-01   4.7764936E-01   2.9670376E+00   8.0787482E-02   7.1041275E-02
    1.4411687E+00   3.4422813E-01   4.4928402E-01   3.1790868E+00   1.5969204E-01
    1.4353137E-01   2.1886457E-01   1.9303405E-01   1.8591973E+00   2.9565227E-01
    4.3137981E-01   3.5601477E+00   2.0395270E-01   1.9502606E-01   3.3278407E-01
    2.9133883E-01   1.7105472E+00   2.6871014E-01   4.1120208E-01   3.7851159E+00
    2.2517514E-01   2.2423115E-01   4.2732174E-01   3.7009784E-01   2.0404525E+00
    2.6207526E-01   3.8739985E-01   3.9426821E+00   2.2933654E-01   2.4352872E-01
    5.1113380E-01   4.3572124E-01   2.3240593E+00   5.3131874E-01   6.5355152E-01
    5.6145892E-01   6.8318306E-01   5.9412028E-01   7.1939107E-01   6.1059029E-01
    9.5916662E-01   5.5058887E-01   8.4925846E-01   6.3494937E-01   9.6763232E-01
    6.2250095E-01   9.2096474E-01   5.8828529E-01   8.6837314E-01   5.8914704E-01
    8.4123790E-01   6.1196314E-01   8.5972904E-01   6.6897572E-01   8.4666931E-01
    7.7967071E-01   8.4871926E-01   9.9743448E-01   8.5602641E-01

 7.6051075661E+04   1.2098405E+05   8.9320471E+05   9.3937163E-01   9.0956687E-01   4.8938376E+02   5.0000078E-02     3 
    5.7582970E+02   5.3783203E+04   3.5321835E+04   1.3142212E+00   2.0506579E+00
    4.5200953E-01   4.8235458E-01   2.9754621E+00   8.0999020E-02   7.1306819E-02
    1.4614979E+00   3.4498013E-01   4.5193030E-01   3.1852533E+00   1.5997577E-01
    1.4392607E-01   2.1922892E-01   1.9351651E-01   1.8819342E+00   2.9617433E-01
    4.3291045E-01   3.5655731E+00   2.0423681E-01   1.9544867E-01   3.3320336E-01
    2.9196583E-01   1.7288309E+00   2.6914436E-01   4.1214545E-01   3.7899967E+00
    2.2544647E-01   2.2463087E-01   4.2776696E-01   3.7085000E-01   2.0562238E+00
    2.6251102E-01   3.8810258E-01   3.9471171E+00   2.2959964E-01   2.4391824E-01
    5.1160484E-01   4.3663138E-01   2.3333555E+00   5.3305621E-01   6.5415854E-01
    5.6276581E-01   6.8377151E-01   5.9548134E-01   7.1999581E-01   6.1249871E-01
    9.5988406E-01   5.5226560E-01   8.5002673E-01   6.3680421E-01   9.6820278E-01
    6.2440358E-01   9.2156519E-01   5.9016801E-01   8.6903043E-01   5.9105467E-01
    8.4202894E-01   6.1411166E-01   8.6014117E-01   6.7065957E-01   8.4736428E-01
    7.7922622E-01   8.4934949E-01   9.9082045E-01   8.5646978E-01

 7.3263024362E+04   1.3312582E+05   9.6553871E+05   9.4115470E-01   8.7058704E-01   4.8921628E+02   5.0000079E-02     4 
    5.4160271E+02   5.0543826E+04   3.4206817E+04   1.3270391E+00   2.1025692E+00
    4.5466739E-01   4.9259167E-01   2.9907127E+00   8.1382543E-02   7.1872256E-02
    1.5053254E+00   3.4634154E-01   4.5779317E-01   3.1964075E+00   1.6048978E-01
    1.4479280E-01   2.1988833E-01   1.9461302E-01   1.9323644E+00   2.9712071E-01
    4.3636330E-01   3.5753809E+00   2.0475194E-01   1.9640030E-01   3.3396191E-01
    2.9345994E-01   1.7692006E+00   2.6993703E-01   4.1419986E-01   3.7988059E+00
    2.2594050E-01   2.2553075E-01   4.2857230E-01   3.7271482E-01   2.0953042E+00
    2.6332150E-01   3.8954896E-01   3.9550822E+00   2.3008466E-01   2.4478742E-01
    5.1245706E-01   4.3896616E-01   2.3570184E+00   5.3757569E-01   6.5525728E-01
    5.6688212E-01   6.8483821E-01   5.9948391E-01   7.2109903E-01   6.1760043E-01
    9.6116323E-01   5.5678286E-01   8.5145158E-01   6.4165166E-01   9.6918851E-01
    6.2904608E-01   9.2263422E-01   5.9459509E-01   8.7023875E-01   5.9542027E-01
    8.4351950E-01   6.1896346E-01   8.6086356E-01   6.7459556E-01   8.4865288E-01
    7.7921676E-01   8.5051054E-01   9.7895405E-01   8.5726161E-01

 6.7990677396E+04   1.6216007E+05   1.1294192E+06   9.4427460E-01   7.8423677E-01   4.8886177E+02   5.0000080E-02     5 
    4.6332901E+02   4.4494360E+04   3.1814978E+04   1.3495887E+00   2.1986750E+00
    4.5933093E-01   5.1157717E-01   3.0174289E+00   8.2056686E-02   7.2904786E-02
    1.5884864E+00   3.4872649E-01   4.6837338E-01   3.2159112E+00   1.6139188E-01
    1.4637172E-01   2.2104352E-01   1.9662280E-01   2.0275379E+00   2.9878311E-01
    4.4243235E-01   3.5925049E+00   2.0565755E-01   1.9812832E-01   3.3528957E-01
    2.9621493E-01   1.8438272E+00   2.7134841E-01   4.1775729E-01   3.8141345E+00
    2.2681586E-01   2.2716294E-01   4.2998119E-01   3.7616877E-01   2.1661277E+00
    2.6481531E-01   3.9222379E-01   3.9688041E+00   2.3096394E-01   2.4640583E-01
    5.1394810E-01   4.4330104E-01   2.3916915E+00   5.4591982E-01   6.5718047E-01
    5.7453945E-01   6.8671039E-01   6.0656796E-01   7.2305784E-01   6.2742352E-01
    9.6333301E-01   5.6571273E-01   8.5405601E-01   6.5119564E-01   9.7075594E-01
    6.3814473E-01   9.2444364E-01   6.0349927E-01   8.7241396E-01   6.0455235E-01
    8.4629990E-01   6.2924533E-01   8.6208354E-01   6.8319623E-01   8.5098484E-01
    7.7992402E-01   8.5259522E-01   9.5529711E-01   8.5863499E-01

 5.8561486797E+04   2.4085467E+05   1.5469172E+06   9.4942893E-01   6.2163991E-01   4.8806858E+02   5.0000082E-02     6 
    3.1853704E+02   3.4215063E+04   2.6800354E+04   1.3871470E+00   2.3649365E+00
    4.6706531E-01   5.4487192E-01   3.0616071E+00   8.3180637E-02   7.4694290E-02
    1.7376474E+00   3.5267183E-01   4.8635275E-01   3.2480502E+00   1.6289218E-01
    1.4909205E-01   2.2295660E-01   2.0010122E-01   2.1966999E+00   3.0155196E-01
    4.5241816E-01   3.6206260E+00   2.0717034E-01   2.0109206E-01   3.3748470E-01
    3.0100520E-01   1.9742201E+00   2.7377468E-01   4.2356636E-01   3.8391114E+00
    2.2830442E-01   2.2997833E-01   4.3230807E-01   3.8219923E-01   2.2851738E+00
    2.6758006E-01   3.9699161E-01   3.9906169E+00   2.3253588E-01   2.4931289E-01
    5.1641084E-01   4.5089841E-01   2.4366797E+00   5.6058646E-01   6.6035984E-01
    5.8806778E-01   6.8982400E-01   6.1894362E-01   7.2639728E-01   6.4510623E-01
    9.6664372E-01   5.8220511E-01   8.5876962E-01   6.6803376E-01   9.7275048E-01
    6.5442874E-01   9.2719839E-01   6.2027321E-01   8.7623231E-01   6.2217712E-01
    8.5143025E-01   6.4839263E-01   8.6408854E-01   6.9759215E-01   8.5504113E-01
    7.7742691E-01   8.5619315E-01   9.0849545E-01   8.6095107E-01

 4.3884586824E+04   5.0085263E+05   2.8360134E+06   9.5636130E-01   3.9361199E-01   4.8619381E+02   5.0000087E-02     7 
    1.3829210E+02   2.0171693E+04   1.7744881E+04   1.4379150E+00   2.5880470E+00
    4.7753754E-01   5.9053472E-01   3.1211409E+00   8.4735032E-02   7.7156835E-02
    1.9521516E+00   3.5800864E-01   5.0914648E-01   3.2912086E+00   1.6496375E-01
    1.5273243E-01   2.2555763E-01   2.0471646E-01   2.4350791E+00   3.0539758E-01
    4.6411745E-01   3.6580953E+00   2.0929606E-01   2.0499005E-01   3.4046911E-01
    3.0731138E-01   2.1502439E+00   2.7751496E-01   4.3092171E-01   3.8715559E+00
    2.3052315E-01   2.3386762E-01   4.3546659E-01   3.9009144E-01   2.4106910E+00
    2.7277201E-01   4.0450197E-01   4.0163229E+00   2.3525206E-01   2.5382090E-01
    5.1975941E-01   4.6080668E-01   2.4669042E+00   5.7957401E-01   6.6471096E-01
    6.0582348E-01   6.9416280E-01   6.3427353E-01   7.3141588E-01   6.6817719E-01
    9.6989240E-01   6.0598199E-01   8.6701781E-01   6.8995514E-01   9.7288073E-01
    6.7671990E-01   9.2994612E-01   6.4619838E-01   8.8239344E-01   6.4963864E-01
    8.6030944E-01   6.7458121E-01   8.6737489E-01   7.1134579E-01   8.6137457E-01
    7.6138535E-01   8.6179281E-01   8.3158405E-01   8.6464721E-01

 3.2893817191E+04   9.9377232E+05   5.1723638E+06   9.6210752E-01   2.5630081E-01   4.8368669E+02   5.0000095E-02     8 
    5.9537295E+01   1.1798610E+04   1.1055534E+04   1.4808389E+00   2.7383575E+00
    4.8622225E-01   6.2062735E-01   3.1701482E+00   8.6083019E-02   7.9089675E-02
    2.0945349E+00   3.6244067E-01   5.2341667E-01   3.3265651E+00   1.6675650E-01
    1.5547800E-01   2.2773414E-01   2.0810853E-01   2.5875238E+00   3.0877109E-01
    4.7150602E-01   3.6881832E+00   2.1119489E-01   2.0795222E-01   3.4297333E-01
    3.1181834E-01   2.2565456E+00   2.8142786E-01   4.3669818E-01   3.8960491E+00
    2.3271260E-01   2.3714670E-01   4.3811349E-01   3.9559965E-01   2.4710301E+00
    2.7961730E-01   4.1238827E-01   4.0309710E+00   2.3854366E-01   2.5840019E-01
    5.2256647E-01   4.6758618E-01   2.4667206E+00   5.9189759E-01   6.6839477E-01
    6.1796950E-01   6.9791050E-01   6.4531089E-01   7.3634601E-01   6.8289387E-01
    9.7063074E-01   6.2404152E-01   8.7624571E-01   7.0144948E-01   9.6961569E-01
    6.9022071E-01   9.3087344E-01   6.6599895E-01   8.8853768E-01   6.7033974E-01
    8.6922873E-01   6.9077782E-01   8.7188022E-01   7.1623998E-01   8.6770226E-01
    7.4634917E-01   8.6758688E-01   7.8368137E-01   8.6919703E-01

 2.4678373580E+04   1.9014719E+06   9.3780138E+06   9.6765885E-01   1.7440179E-01   4.8033815E+02   5.0000106E-02     9 
    2.6718197E+01   6.9001477E+03   6.6904797E+03   1.5230373E+00   2.8588317E+00
    4.9459906E-01   6.4269959E-01   3.2171026E+00   8.7468874E-02   8.0895380E-02
    2.1949866E+00   3.6673063E-01   5.3391297E-01   3.3601936E+00   1.6859499E-01
    1.5795909E-01   2.2985170E-01   2.1094571E-01   2.6903180E+00   3.1231844E-01
    4.7760471E-01   3.7159316E+00   2.1322677E-01   2.1071856E-01   3.4541270E-01
    3.1544028E-01   2.3260778E+00   2.8644699E-01   4.4291168E-01   3.9161403E+00
    2.3535486E-01   2.4067763E-01   4.4070684E-01   3.9989486E-01   2.5029470E+00
    2.9008114E-01   4.2272440E-01   4.0351377E+00   2.4330781E-01   2.6428614E-01
    5.2531635E-01   4.7270800E-01   2.4624230E+00   6.0036450E-01   6.7202990E-01
    6.2706366E-01   7.0169739E-01   6.5394318E-01   7.4217891E-01   6.9215005E-01
    9.6885953E-01   6.3948965E-01   8.8703080E-01   7.0674061E-01   9.6363731E-01
    6.9905092E-01   9.3063516E-01   6.8207074E-01   8.9502472E-01   6.8643393E-01
    8.7863125E-01   7.0152433E-01   8.7839479E-01   7.1828147E-01   8.7525176E-01
    7.3611871E-01   8.7480737E-01   7.5624812E-01   8.7565644E-01

 1.8529845499E+04   3.5593596E+06   1.6946892E+07   9.7303064E-01   1.2311831E-01   4.7586355E+02   5.0000123E-02    10 
    1.2385241E+01   4.0342268E+03   3.9899207E+03   1.5644074E+00   2.9686801E+00
    5.0267259E-01   6.6065026E-01   3.2620135E+00   8.8956698E-02   8.2811251E-02
    2.2732401E+00   3.7089953E-01   5.4256044E-01   3.3919977E+00   1.7056612E-01
    1.6052467E-01   2.3193203E-01   2.1354396E-01   2.7670714E+00   3.1627576E-01
    4.8345420E-01   3.7407405E+00   2.1554842E-01   2.1374011E-01   3.4780381E-01
    3.1865459E-01   2.3768037E+00   2.9350352E-01   4.5067633E-01   3.9295547E+00
    2.3886694E-01   2.4519374E-01   4.4327016E-01   4.0364471E-01   2.5196666E+00
    3.0692691E-01   4.3788944E-01   4.0218917E+00   2.5070152E-01   2.7297784E-01
    5.2805144E-01   4.7709403E-01   2.4536013E+00   6.0683087E-01   6.7564536E-01
    6.3491118E-01   7.0572048E-01   6.6173698E-01   7.4947741E-01   6.9836824E-01
    9.6372314E-01   6.5455746E-01   8.9845933E-01   7.0931635E-01   9.5588227E-01
    7.0583842E-01   9.2963749E-01   6.9557089E-01   9.0160311E-01   6.9952494E-01
    8.8842604E-01   7.0996562E-01   8.8680699E-01   7.2061668E-01   8.8439840E-01
    7.3107947E-01   8.8383403E-01   7.4203261E-01   8.8425364E-01

 1.3944891277E+04   6.5613215E+06   3.0499438E+07   9.7823893E-01   8.9220325E-02   4.6993924E+02   5.0000150E-02    11 
    5.8766088E+00   2.3647491E+03   2.3689411E+03   1.6048080E+00   3.0760757E+00
    5.1042336E-01   6.7649084E-01   3.3046609E+00   9.0651636E-02   8.5103583E-02
    2.3403036E+00   3.7496854E-01   5.5021810E-01   3.4216173E+00   1.7280994E-01
    1.6352204E-01   2.3400297E-01   2.1611087E-01   2.8303020E+00   3.2104127E-01
    4.8965130E-01   3.7614260E+00   2.1842238E-01   2.1750782E-01   3.5017072E-01
    3.2174894E-01   2.4176766E+00   3.0418134E-01   4.6139584E-01   3.9322143E+00
    2.4395373E-01   2.5168613E-01   4.4580315E-01   4.0721290E-01   2.5237650E+00
    3.3455910E-01   4.6141331E-01   3.9798693E+00   2.6259244E-01   2.8667209E-01
    5.3081832E-01   4.8128082E-01   2.4322534E+00   6.1224805E-01   6.7932824E-01
    6.4262474E-01   7.1031195E-01   6.6955916E-01   7.5873969E-01   7.0311981E-01
    9.5471565E-01   6.7005870E-01   9.0861673E-01   7.1210106E-01   9.4802402E-01
    7.1236668E-01   9.2867257E-01   7.0741443E-01   9.0815752E-01   7.1097336E-01
    8.9835817E-01   7.1806632E-01   8.9650878E-01   7.2477953E-01   8.9477192E-01
    7.3092942E-01   8.9426083E-01   7.3693982E-01   8.9446785E-01

 1.0564697884E+04   1.1871871E+07   5.4267365E+07   9.8321526E-01   6.6014346E-02   4.6233264E+02   5.0000193E-02    12 
    2.8541330E+00   1.4009917E+03   1.4171014E+03   1.6435315E+00   3.1828587E+00
    5.1770922E-01   6.9107986E-01   3.3442090E+00   9.2693466E-02   8.8112162E-02
    2.4014430E+00   3.7891867E-01   5.5721024E-01   3.4478714E+00   1.7551096E-01
    1.6737453E-01   2.3606311E-01   2.1879730E-01   2.8856893E+00   3.2720843E-01
    4.9679424E-01   3.7754349E+00   2.2223481E-01   2.2267110E-01   3.5249954E-01
    3.2491029E-01   2.4520006E+00   3.2084118E-01   4.7699743E-01   3.9172127E+00
    2.5166182E-01   2.6153704E-01   4.4827753E-01   4.1084492E-01   2.5145461E+00
    3.7882835E-01   4.9772159E-01   3.8931610E+00   2.8151541E-01   3.0819763E-01
    5.3364192E-01   4.8565749E-01   2.3861849E+00   6.1738122E-01   6.8319380E-01
    6.5074700E-01   7.1586895E-01   6.7785950E-01   7.7000385E-01   7.0783691E-01
    9.4234685E-01   6.8598125E-01   9.1536957E-01   7.1726785E-01   9.4133771E-01
    7.2019352E-01   9.2833722E-01   7.1894531E-01   9.1444186E-01   7.2227938E-01
    9.0778265E-01   7.2726542E-01   9.0633730E-01   7.3163070E-01   9.0522207E-01
    7.3535084E-01   9.0485878E-01   7.3871993E-01   9.0497950E-01

 8.0715475249E+03   2.1083147E+07   9.5213795E+07   9.8804934E-01   4.9522279E-02   4.5299755E+02   5.0000263E-02    13 
    1.4168817E+00   8.4204921E+02   8.5918882E+02   1.6826856E+00   3.2913009E+00
    5.2462236E-01   7.0545225E-01   3.3807725E+00   9.5357439E-02   9.2412899E-02
    2.4609636E+00   3.8293545E-01   5.6416935E-01   3.4702066E+00   1.7903509E-01
    1.7280472E-01   2.3819293E-01   2.2189652E-01   2.9375761E+00   3.3588644E-01
    5.0625747E-01   3.7798841E+00   2.2767603E-01   2.3033488E-01   3.5487926E-01
    3.2849494E-01   2.4812692E+00   3.4704177E-01   5.0068548E-01   3.8750654E+00
    2.6362629E-01   2.7690798E-01   4.5083369E-01   4.1504434E-01   2.4905675E+00
    4.4662142E-01   5.5199825E-01   3.7430888E+00   3.1064139E-01   3.4111289E-01
    5.3680168E-01   4.9097250E-01   2.3094882E+00   6.2317359E-01   6.8752006E-01
    6.6023421E-01   7.2304120E-01   6.8790799E-01   7.8283739E-01   7.1449972E-01
    9.2836460E-01   7.0285688E-01   9.1793384E-01   7.2640320E-01   9.3591552E-01
    7.3106877E-01   9.2842634E-01   7.3226149E-01   9.1987772E-01   7.3555372E-01
    9.1583866E-01   7.3934856E-01   9.1500874E-01   7.4241009E-01   9.1442044E-01
    7.4481944E-01   9.1422713E-01   7.4680767E-01   9.1432353E-01

 6.1911299330E+03   3.7235271E+07   1.6664583E+08   9.9295704E-01   3.7369003E-02   4.4107090E+02   5.0000391E-02    14 
    7.0984848E-01   5.0933144E+02   5.2475922E+02   1.7218994E+00   3.4079183E+00
    5.3150088E-01   7.2090577E-01   3.4153563E+00   9.9167977E-02   9.9045646E-02
    2.5237571E+00   3.8749186E-01   5.7183869E-01   3.4880122E+00   1.8408550E-01
    1.8109183E-01   2.4060997E-01   2.2587580E-01   2.9902419E+00   3.4920210E-01
    5.2027971E-01   3.7698517E+00   2.3605286E-01   2.4245641E-01   3.5757660E-01
    3.3302745E-01   2.5057145E+00   3.8867198E-01   5.3757760E-01   3.7905907E+00
    2.8267320E-01   3.0140210E-01   4.5385618E-01   4.2055011E-01   2.4442091E+00
    5.4569036E-01   6.2946214E-01   3.5067513E+00   3.5408209E-01   3.8981164E-01
    5.4110134E-01   4.9846833E-01   2.1896857E+00   6.3077160E-01   6.9285108E-01
    6.7222181E-01   7.3280211E-01   7.0089942E-01   7.9671731E-01   7.2516409E-01
    9.1483723E-01   7.2212163E-01   9.1701737E-01   7.4064790E-01   9.3107259E-01
    7.4642545E-01   9.2814506E-01   7.4915319E-01   9.2370385E-01   7.5243774E-01
    9.2171117E-01   7.5552857E-01   9.2148369E-01   7.5783300E-01   9.2131259E-01
    7.5950058E-01   9.2127439E-01   7.6073031E-01   9.2137254E-01

 4.7678899646E+03   6.5629184E+07   2.9172976E+08   9.9807717E-01   2.8342085E-02   4.2566107E+02   5.0000654E-02    15 
    3.5914657E-01   3.1010742E+02   3.2338140E+02   1.7603171E+00   3.5374152E+00
    5.3867961E-01   7.3869600E-01   3.4476088E+00   1.0493394E-01   1.0967006E-01
    2.5924752E+00   3.9337632E-01   5.8123227E-01   3.4987026E+00   1.9176308E-01
    1.9425395E-01   2.4366663E-01   2.3141189E-01   3.0453134E+00   3.7057575E-01
    5.4251551E-01   3.7361498E+00   2.4945152E-01   2.6213596E-01   3.6103800E-01
    3.3921233E-01   2.5220543E+00   4.5325767E-01   5.9400028E-01   3.6428545E+00
    3.1270252E-01   3.3983224E-01   4.5805244E-01   4.2843978E-01   2.3638697E+00
    6.7720946E-01   7.2889418E-01   3.1714986E+00   4.1441952E-01   4.5644124E-01
    5.4807957E-01   5.1008264E-01   2.0178139E+00   6.4159892E-01   6.9999113E-01
    6.8794121E-01   7.4591278E-01   7.1816475E-01   8.1096790E-01   7.4154518E-01
    9.0388219E-01   7.4516347E-01   9.1415959E-01   7.6062510E-01   9.2648547E-01
    7.6702732E-01   9.2695031E-01   7.7061092E-01   9.2543555E-01   7.7382362E-01
    9.2491317E-01   7.7644344E-01   9.2516732E-01   7.7826782E-01   9.2529960E-01
    7.7948639E-01   9.2538520E-01   7.8027877E-01   9.2549349E-01

 3.6911086099E+03   1.1556508E+08   5.1104525E+08   1.0039749E+00   2.1590190E-02   4.0603666E+02   5.0001258E-02    16 
    1.8637640E-01   1.9095132E+02   2.0203495E+02   1.8012347E+00   3.6881396E+00
    5.4743925E-01   7.6115046E-01   3.4797767E+00   1.1403683E-01   1.2705015E-01
    2.6690284E+00   4.0240473E-01   5.9465780E-01   3.4998329E+00   2.0395924E-01
    2.1560428E-01   2.4815395E-01   2.3970389E-01   3.1020989E+00   4.0556500E-01
    5.7933212E-01   3.6661959E+00   2.7125773E-01   2.9429961E-01   3.6628383E-01
    3.4824661E-01   2.5224268E+00   5.4812385E-01   6.7579793E-01   3.4111619E+00
    3.5835256E-01   3.9757309E-01   4.6508083E-01   4.4066791E-01   2.2381204E+00
    8.2808036E-01   8.3732220E-01   2.7538638E+00   4.9014834E-01   5.3792696E-01
    5.6055502E-01   5.2878723E-01   1.8019282E+00   6.5761321E-01   7.1042667E-01
    7.0879323E-01   7.6288360E-01   7.4098658E-01   8.2560721E-01   7.6453938E-01
    8.9724907E-01   7.7282548E-01   9.1157243E-01   7.8631613E-01   9.2291126E-01
    7.9290506E-01   9.2554813E-01   7.9682758E-01   9.2592739E-01   7.9986384E-01
    9.2636158E-01   8.0211047E-01   9.2694110E-01   8.0359173E-01   9.2727089E-01
    8.0451458E-01   9.2744403E-01   8.0504274E-01   9.2756158E-01

 2.8786610531E+03   2.0261745E+08   8.9243534E+08   1.0114912E+00   1.6513494E-02   3.8269610E+02   5.0002739E-02    17 
    1.0196091E-01   1.1979850E+02   1.2866367E+02   1.8575272E+00   3.8647977E+00
    5.5997608E-01   7.9143696E-01   3.5135745E+00   1.2870880E-01   1.5542087E-01
    2.7510775E+00   4.1773103E-01   6.1613742E-01   3.4867227E+00   2.2367656E-01
    2.5011490E-01   2.5538400E-01   2.5271574E-01   3.1526610E+00   4.6164307E-01
    6.3960872E-01   3.5430208E+00   3.0627869E-01   3.4575403E-01   3.7509253E-01
    3.6211059E-01   2.4920175E+00   6.7437215E-01   7.8274871E-01   3.0878035E+00
    4.2295998E-01   4.7780339E-01   4.7790029E-01   4.6057396E-01   2.0646119E+00
    9.6826629E-01   9.3257450E-01   2.3079788E+00   5.7406210E-01   6.2563821E-01
    5.8218192E-01   5.5830817E-01   1.5761166E+00   6.8147492E-01   7.2617450E-01
    7.3666730E-01   7.8381861E-01   7.7061137E-01   8.4138803E-01   7.9425725E-01
    8.9618687E-01   8.0519097E-01   9.1159869E-01   8.1710357E-01   9.2197627E-01
    8.2346116E-01   9.2572256E-01   8.2732919E-01   9.2717511E-01   8.3008620E-01
    9.2815173E-01   8.3200005E-01   9.2890740E-01   8.3321287E-01   9.2934377E-01
    8.3392984E-01   9.2956836E-01   8.3429770E-01   9.2968951E-01

 2.2598222180E+03   3.5561548E+08   1.5614371E+09   1.0225405E+00   1.2672928E-02   3.5519554E+02   5.0006851E-02    18 
    6.1657292E-02   7.7061653E+01   8.3761716E+01   1.9461801E+00   4.0833845E+00
    5.8077766E-01   8.3580752E-01   3.5534605E+00   1.5286248E-01   2.0180938E-01
    2.8385096E+00   4.4487138E-01   6.5265185E-01   3.4536738E+00   2.5594513E-01
    3.0570717E-01   2.6774740E-01   2.7400189E-01   3.1849500E+00   5.4837189E-01
    7.3408105E-01   3.3482315E+00   3.6125147E-01   4.2576026E-01   3.9067523E-01
    3.8430069E-01   2.4136784E+00   8.2332383E-01   9.0556901E-01   2.6894306E+00
    5.0748521E-01   5.8013414E-01   5.0137863E-01   4.9354081E-01   1.8561112E+00
    1.0677508E+00   9.9891100E-01   1.8963571E+00   6.5839941E-01   7.1191613E-01
    6.1679941E-01   6.0264904E-01   1.3770384E+00   7.1666412E-01   7.5001403E-01
    7.7355001E-01   8.0947704E-01   8.0768835E-01   8.6001916E-01   8.3026813E-01
    9.0167875E-01   8.4190441E-01   9.1631913E-01   8.5212706E-01   9.2550782E-01
    8.5782895E-01   9.2956196E-01   8.6131628E-01   9.3148650E-01   8.6368160E-01
    9.3269375E-01   8.6525761E-01   9.3349971E-01   8.6622984E-01   9.3396786E-01
    8.6678476E-01   9.3420973E-01   8.6704766E-01   9.3432638E-01

 1.7881713705E+03   6.3073482E+08   2.7624818E+09   1.0396094E+00   9.7551389E-03   3.2074691E+02   5.0021599E-02    19 
    4.3483419E-02   5.1401755E+01   5.6261716E+01   2.0840709E+00   4.3740536E+00
    6.1609413E-01   9.0431054E-01   3.5983137E+00   1.9241475E-01   2.7682162E-01
    2.9351205E+00   4.9115415E-01   7.1392978E-01   3.3898653E+00   3.0785550E-01
    3.9347476E-01   2.8894499E-01   3.0925009E-01   3.1853855E+00   6.7379021E-01
    8.7055858E-01   3.0661723E+00   4.4316217E-01   5.4413724E-01   4.1797229E-01
    4.1997076E-01   2.2786802E+00   9.7310017E-01   1.0258563E+00   2.2609201E+00
    6.0840277E-01   6.9887203E-01   5.4172828E-01   5.4603551E-01   1.6429599E+00
    1.1124984E+00   1.0347734E+00   1.5627534E+00   7.3802065E-01   7.9282918E-01
    6.6670882E-01   6.6389225E-01   1.2263812E+00   7.6466257E-01   7.8416455E-01
    8.1850305E-01   8.4074544E-01   8.5003078E-01   8.8299790E-01   8.6998768E-01
    9.1414712E-01   8.8069647E-01   9.2685472E-01   8.8894542E-01   9.3456180E-01
    8.9363473E-01   9.3833673E-01   8.9649437E-01   9.4029607E-01   8.9837112E-01
    9.4149799E-01   8.9958775E-01   9.4225080E-01   9.0032367E-01   9.4268921E-01
    9.0073335E-01   9.4291768E-01   9.0091600E-01   9.4302076E-01

 1.4353628331E+03   1.1150950E+09   4.8741236E+09   1.0644265E+00   7.6028069E-03   2.8193603E+02   5.0078756E-02    20 
    3.7735017E-02   3.5999037E+01   3.9293552E+01   2.2988467E+00   4.7283769E+00
    6.7286632E-01   1.0034940E+00   3.6284987E+00   2.5508417E-01   3.9079064E-01
    3.0323282E+00   5.6353349E-01   8.0623541E-01   3.2802063E+00   3.8713912E-01
    5.2209761E-01   3.2311168E-01   3.6490250E-01   3.1177087E+00   8.3144529E-01
    1.0368332E+00   2.7086746E+00   5.5280620E-01   6.9973184E-01   4.6226460E-01
    4.7459097E-01   2.0932570E+00   1.0902203E+00   1.1198507E+00   1.8756726E+00
    7.1480197E-01   8.1895951E-01   6.0200561E-01   6.2063781E-01   1.4638151E+00
    1.1121122E+00   1.0517290E+00   1.3302457E+00   8.0900127E-01   8.6610952E-01
    7.2858746E-01   7.3808942E-01   1.1341527E+00   8.2140967E-01   8.2662740E-01
    8.6698225E-01   8.7570018E-01   8.9303029E-01   9.0908795E-01   9.0889987E-01
    9.3172716E-01   9.1750628E-01   9.4186806E-01   9.2360885E-01   9.4789417E-01
    9.2709988E-01   9.5101513E-01   9.2921812E-01   9.5271514E-01   9.3057809E-01
    9.5374926E-01   9.3144457E-01   9.5437821E-01   9.3196167E-01   9.5474408E-01
    9.3224498E-01   9.5493609E-01   9.3236603E-01   9.5501868E-01

 1.1699294011E+03   1.9546474E+09   8.5306597E+09   1.0993252E+00   6.0922880E-03   2.4145823E+02   5.0303569E-02    21 
    4.2467744E-02   2.6408588E+01   2.8366188E+01   2.6330019E+00   5.1191367E+00
    7.6291724E-01   1.1384061E+00   3.6210913E+00   3.5367613E-01   5.5329039E-01
    3.1127824E+00   6.6999544E-01   9.2952283E-01   3.1167477E+00   5.0397557E-01
    6.9551293E-01   3.7627379E-01   4.4804231E-01   2.9478525E+00   1.0013154E+00
    1.2031978E+00   2.3201946E+00   6.8556058E-01   8.7817484E-01   5.2955383E-01
    5.5379271E-01   1.8890123E+00   1.1588629E+00   1.1792458E+00   1.5796709E+00
    8.1834865E-01   9.2757373E-01   6.8082541E-01   7.1399291E-01   1.3375280E+00
    1.0933215E+00   1.0637970E+00   1.1872324E+00   8.7183034E-01   9.3172590E-01
    7.9646881E-01   8.1790989E-01   1.0902193E+00   8.8038603E-01   8.7279259E-01
    9.1399636E-01   9.1112948E-01   9.3270813E-01   9.3566098E-01   9.4366050E-01
    9.5125103E-01   9.4957501E-01   9.5862075E-01   9.5354762E-01   9.6292539E-01
    9.5582030E-01   9.6522665E-01   9.5719362E-01   9.6651509E-01   9.5806349E-01
    9.6729525E-01   9.5861235E-01   9.6776444E-01   9.5893731E-01   9.6803654E-01
    9.5911384E-01   9.6817954E-01   9.5918727E-01   9.6823878E-01

 9.6978827022E+02   3.4051984E+09   1.4843410E+10   1.1465734E+00   5.0632027E-03   1.9811164E+02   5.1287550E-02    22 
    6.2961924E-02   2.0107434E+01   2.1075117E+01   3.1154780E+00   5.5162116E+00
    9.0052754E-01   1.3088815E+00   3.5525413E+00   5.0662116E-01   7.6943142E-01
    3.1396707E+00   8.1553835E-01   1.0739524E+00   2.9041888E+00   6.6671843E-01
    9.0561058E-01   4.5732503E-01   5.6262917E-01   2.6774079E+00   1.1538259E+00
    1.3359805E+00   1.9611265E+00   8.3052566E-01   1.0526741E+00   6.2436550E-01
    6.5897858E-01   1.7084516E+00   1.1859831E+00   1.2090904E+00   1.3795289E+00
    9.1311798E-01   1.0162197E+00   7.7189275E-01   8.1548335E-01   1.2608066E+00
    1.0758099E+00   1.0757261E+00   1.1087755E+00   9.2612028E-01   9.8687177E-01
    8.6367433E-01   8.9379644E-01   1.0765846E+00   9.3399659E-01   9.1735022E-01
    9.5428939E-01   9.4366362E-01   9.6532896E-01   9.5989145E-01   9.7149297E-01
    9.6966929E-01   9.7475354E-01   9.7440145E-01   9.7685693E-01   9.7710897E-01
    9.7805424E-01   9.7858963E-01   9.7877519E-01   9.7943126E-01   9.7922927E-01
    9.7993873E-01   9.7951450E-01   9.8024321E-01   9.7968280E-01   9.8041928E-01
    9.7977372E-01   9.8051149E-01   9.7981069E-01   9.8054833E-01

 8.2016830862E+02   5.6212947E+09   2.4479910E+10   1.2069222E+00   4.2865644E-03   1.5589766E+02   5.5258645E-02    23 
    1.2114764E-01   1.5701749E+01   1.6061997E+01   3.6912499E+00   5.8189271E+00
    1.0901538E+00   1.4962983E+00   3.4081509E+00   7.2906475E-01   1.0235097E+00
    3.0589061E+00   9.8966931E-01   1.2272596E+00   2.6542449E+00   8.6488509E-01
    1.1146435E+00   5.7230496E-01   6.9703754E-01   2.3662759E+00   1.2595615E+00
    1.4107176E+00   1.7006428E+00   9.6732236E-01   1.1854943E+00   7.3805960E-01
    7.7456307E-01   1.5811180E+00   1.1927466E+00   1.2184677E+00   1.2689586E+00
    9.9079121E-01   1.0769525E+00   8.5997411E-01   9.0445841E-01   1.2211281E+00
    1.0686757E+00   1.0854786E+00   1.0745703E+00   9.6833963E-01   1.0256378E+00
    9.2080144E-01   9.5312943E-01   1.0767125E+00   9.7399338E-01   9.5397774E-01
    9.8286757E-01   9.6940284E-01   9.8757841E-01   9.7876631E-01   9.9002391E-01
    9.8418036E-01   9.9122088E-01   9.8675850E-01   9.9196921E-01   9.8819385E-01
    9.9238628E-01   9.8899428E-01   9.9263604E-01   9.8945140E-01   9.9279516E-01
    9.8972623E-01   9.9289593E-01   9.8989104E-01   9.9295571E-01   9.8998634E-01
    9.9298790E-01   9.9003593E-01   9.9300059E-01   9.9005498E-01

 7.0853934659E+02   8.0203134E+09   3.4896593E+10   1.2776429E+00   3.4865390E-03   1.1724453E+02   6.9073712E-02    24 
    2.7864191E-01   1.2482216E+01   1.2548554E+01   4.1697544E+00   5.9023182E+00
    1.3043118E+00   1.6658837E+00   3.1992838E+00   1.0024057E+00   1.2662797E+00
    2.8929988E+00   1.1553925E+00   1.3760739E+00   2.3942500E+00   1.0502140E+00
    1.2666528E+00   7.1293720E-01   8.2455931E-01   2.1098450E+00   1.3165408E+00
    1.4353147E+00   1.5598780E+00   1.0743814E+00   1.2573412E+00   8.4495156E-01
    8.7266237E-01   1.5036971E+00   1.1981970E+00   1.2216235E+00   1.2235236E+00
    1.0452841E+00   1.1122846E+00   9.2866505E-01   9.6597927E-01   1.2054390E+00
    1.0717212E+00   1.0938172E+00   1.0660982E+00   9.9731445E-01   1.0492847E+00
    9.6146621E-01   9.9098574E-01   1.0817360E+00   9.9864537E-01   9.7921986E-01
    9.9977499E-01   9.8657369E-01   1.0002449E+00   9.9111887E-01   1.0003077E+00
    9.9366246E-01   1.0001869E+00   9.9476998E-01   1.0001156E+00   9.9535918E-01
    1.0000593E+00   9.9569113E-01   1.0000241E+00   9.9587818E-01   1.0000064E+00
    9.9599014E-01   9.9999806E-01   9.9605717E-01   9.9999394E-01   9.9609632E-01
    9.9999193E-01   9.9611644E-01   9.9999087E-01   9.9612375E-01

 6.2607045054E+02   9.2178183E+09   4.0073530E+10   1.3450514E+00   2.6248468E-03   8.4342664E+01   1.0711346E-01    25 
    6.0429831E-01   9.9941110E+00   9.9406143E+00   4.3289753E+00   5.6762088E+00
    1.4703214E+00   1.7616653E+00   2.9312626E+00   1.2326686E+00   1.4095068E+00
    2.6653825E+00   1.2605041E+00   1.4694388E+00   2.1655772E+00   1.1528822E+00
    1.3178113E+00   8.4024259E-01   9.0648002E-01   1.9251174E+00   1.3327076E+00
    1.4230638E+00   1.4896756E+00   1.1283396E+00   1.2687262E+00   9.1541132E-01
    9.2971725E-01   1.4431277E+00   1.2016420E+00   1.2220382E+00   1.2076714E+00
    1.0732971E+00   1.1269230E+00   9.6860206E-01   9.9661365E-01   1.1987520E+00
    1.0789005E+00   1.1004121E+00   1.0685795E+00   1.0153708E+00   1.0613260E+00
    9.8478173E-01   1.0096661E+00   1.0864678E+00   1.0110011E+00   9.9338865E-01
    1.0081163E+00   9.9597189E-01   1.0063652E+00   9.9774579E-01   1.0051900E+00
    9.9869703E-01   1.0043820E+00   9.9899238E-01   1.0038942E+00   9.9912268E-01
    1.0035954E+00   9.9919209E-01   1.0034143E+00   9.9922640E-01   1.0033061E+00
    9.9924620E-01   1.0032421E+00   9.9925783E-01   1.0032054E+00   9.9926531E-01
    1.0031860E+00   9.9926886E-01   1.0031781E+00   9.9926972E-01

 5.6983011050E+02   9.4200173E+09   4.0929945E+10   1.3902196E+00   2.0183191E-03   6.0448786E+01   1.7665951E-01    26 
    9.5235649E-01   8.0502122E+00   8.0069056E+00   4.1845258E+00   5.2532007E+00
    1.5359786E+00   1.7613789E+00   2.6412872E+00   1.3508864E+00   1.4354668E+00
    2.4083921E+00   1.2854856E+00   1.4754064E+00   1.9664078E+00   1.1594449E+00
    1.2833576E+00   9.1956149E-01   9.3605060E-01   1.7635189E+00   1.3084459E+00
    1.3808770E+00   1.4221661E+00   1.1258719E+00   1.2344687E+00   9.4580217E-01
    9.4826117E-01   1.3734213E+00   1.1872219E+00   1.2079274E+00   1.1860097E+00
    1.0731712E+00   1.1195401E+00   9.8281979E-01   1.0029751E+00   1.1817072E+00
    1.0782986E+00   1.0978851E+00   1.0669057E+00   1.0217917E+00   1.0608303E+00
    9.9351738E-01   1.0136720E+00   1.0829139E+00   1.0140358E+00   9.9850763E-01
    1.0103251E+00   9.9935382E-01   1.0080458E+00   1.0000452E+00   1.0065609E+00
    1.0003832E+00   1.0055786E+00   1.0003931E+00   1.0049795E+00   1.0003678E+00
    1.0046151E+00   1.0003460E+00   1.0043938E+00   1.0003282E+00   1.0042597E+00
    1.0003167E+00   1.0041794E+00   1.0003094E+00   1.0041330E+00   1.0003062E+00
    1.0041084E+00   1.0003041E+00   1.0040984E+00   1.0003027E+00

 5.2938090286E+02   9.8117701E+09   4.2620849E+10   1.4146216E+00   1.6983157E-03   4.3205976E+01   2.7503654E-01    27 
    1.1254869E+00   6.4315884E+00   6.4868766E+00   3.8707058E+00   4.7519825E+00
    1.5265803E+00   1.7026918E+00   2.3604100E+00   1.4022696E+00   1.4108946E+00
    2.1612072E+00   1.2609731E+00   1.4325463E+00   1.7814616E+00   1.1224682E+00
    1.2174685E+00   9.6934083E-01   9.4400730E-01   1.6049681E+00   1.2588229E+00
    1.3224250E+00   1.3398312E+00   1.0959008E+00   1.1809004E+00   9.5877141E-01
    9.5038111E-01   1.2971852E+00   1.1547003E+00   1.1774637E+00   1.1500338E+00
    1.0562608E+00   1.0963658E+00   9.8569217E-01   9.9859293E-01   1.1503218E+00
    1.0666726E+00   1.0846352E+00   1.0563154E+00   1.0192184E+00   1.0506673E+00
    9.9484206E-01   1.0101187E+00   1.0699513E+00   1.0116128E+00   9.9873975E-01
    1.0088531E+00   9.9944807E-01   1.0070393E+00   9.9996607E-01   1.0058147E+00
    1.0002172E+00   1.0049864E+00   1.0002336E+00   1.0044719E+00   1.0002231E+00
    1.0041572E+00   1.0002111E+00   1.0039649E+00   1.0002015E+00   1.0038473E+00
    1.0001952E+00   1.0037762E+00   1.0001911E+00   1.0037348E+00   1.0001895E+00
    1.0037128E+00   1.0001883E+00   1.0037038E+00   1.0001874E+00

 4.9889857324E+02   1.0918331E+10   4.7423708E+10   1.4255041E+00   1.5909515E-03   3.0901755E+01   3.8913677E-01    28 
    1.1180735E+00   5.0805999E+00   5.2700407E+00   3.4821400E+00   4.2292225E+00
    1.4794211E+00   1.6211490E+00   2.1153847E+00   1.4335408E+00   1.3838841E+00
    1.9514095E+00   1.2176535E+00   1.3729237E+00   1.6187484E+00   1.0843809E+00
    1.1553822E+00   1.0119239E+00   9.5284461E-01   1.4634804E+00   1.2031963E+00
    1.2612304E+00   1.2571030E+00   1.0638273E+00   1.1293118E+00   9.7020727E-01
    9.5152309E-01   1.2271559E+00   1.1164716E+00   1.1401766E+00   1.1104424E+00
    1.0369142E+00   1.0695535E+00   9.8778809E-01   9.9366627E-01   1.1141914E+00
    1.0501005E+00   1.0663389E+00   1.0417822E+00   1.0133056E+00   1.0373888E+00
    9.9494417E-01   1.0053390E+00   1.0532472E+00   1.0077343E+00   9.9798512E-01
    1.0062515E+00   9.9881869E-01   1.0051347E+00   9.9936095E-01   1.0043260E+00
    9.9964634E-01   1.0037529E+00   9.9973135E-01   1.0033880E+00   9.9977132E-01
    1.0031621E+00   9.9979183E-01   1.0030226E+00   9.9980359E-01   1.0029362E+00
    9.9981060E-01   1.0028836E+00   9.9981457E-01   1.0028527E+00   9.9981742E-01
    1.0028361E+00   9.9981864E-01   1.0028293E+00   9.9981877E-01

 4.7312229538E+02   1.3136655E+10   5.7060858E+10   1.4310693E+00   1.6425151E-03   2.1850581E+01   5.0856832E-01    29 
    1.0430920E+00   3.9078300E+00   4.2179979E+00   3.0417180E+00   3.6726375E+00
    1.4131371E+00   1.5291413E+00   1.8949067E+00   1.4609681E+00   1.3652694E+00
    1.7680370E+00   1.1688796E+00   1.3085203E+00   1.4731811E+00   1.0572332E+00
    1.1059059E+00   1.0591151E+00   9.7057634E-01   1.3402532E+00   1.1499246E+00
    1.2007299E+00   1.1821802E+00   1.0401546E+00   1.0861535E+00   9.8702670E-01
    9.5829690E-01   1.1649148E+00   1.0808254E+00   1.1025383E+00   1.0751007E+00
    1.0225357E+00   1.0459833E+00   9.9361976E-01   9.9250319E-01   1.0799495E+00
    1.0342627E+00   1.0476585E+00   1.0283144E+00   1.0084425E+00   1.0252105E+00
    9.9690962E-01   1.0023712E+00   1.0371090E+00   1.0046842E+00   9.9836681E-01
    1.0040617E+00   9.9892229E-01   1.0034537E+00   9.9930229E-01   1.0029709E+00
    9.9951670E-01   1.0026111E+00   9.9960259E-01   1.0023757E+00   9.9965118E-01
    1.0022274E+00   9.9967942E-01   1.0021343E+00   9.9969699E-01   1.0020759E+00
    9.9970778E-01   1.0020399E+00   9.9971411E-01   1.0020186E+00   9.9971807E-01
    1.0020070E+00   9.9971994E-01   1.0020023E+00   9.9972042E-01

 4.4879314518E+02   1.6765469E+10   7.2836888E+10   1.4412796E+00   1.9123448E-03   1.5862994E+01   6.0986490E-01    30 
    1.1074925E+00   2.9502181E+00   3.2886377E+00   2.5673280E+00   3.0915671E+00
    1.3218095E+00   1.4236044E+00   1.6800328E+00   1.4387349E+00   1.3252976E+00
    1.5878392E+00   1.1122271E+00   1.2369237E+00   1.3353386E+00   1.0218577E+00
    1.0541965E+00   1.0822111E+00   9.8402592E-01   1.2253600E+00   1.0962227E+00
    1.1387126E+00   1.1124638E+00   1.0145753E+00   1.0451698E+00   9.9375364E-01
    9.6292113E-01   1.1055744E+00   1.0463931E+00   1.0655240E+00   1.0419317E+00
    1.0071515E+00   1.0236500E+00   9.9390780E-01   9.8995497E-01   1.0475602E+00
    1.0182404E+00   1.0293118E+00   1.0145666E+00   1.0018252E+00   1.0133380E+00
    9.9591625E-01   9.9870543E-01   1.0215669E+00   1.0014119E+00   9.9728861E-01
    1.0016997E+00   9.9815360E-01   1.0016429E+00   9.9868869E-01   1.0015033E+00
    9.9899444E-01   1.0013648E+00   9.9915818E-01   1.0012639E+00   9.9925586E-01
    1.0011965E+00   9.9931448E-01   1.0011524E+00   9.9935075E-01   1.0011237E+00
    9.9937295E-01   1.0011056E+00   9.9938619E-01   1.0010946E+00   9.9939396E-01
    1.0010885E+00   9.9939788E-01   1.0010861E+00   9.9939920E-01

 4.3887617616E+02   2.1292362E+10   9.2550498E+10   1.4392136E+00   2.6152443E-03   1.1364288E+01   7.0044216E-01    31 
    1.1560685E+00   2.4934980E+00   2.8160032E+00   2.2848189E+00   2.7643922E+00
    1.2458722E+00   1.3489687E+00   1.5510826E+00   1.3777122E+00   1.2709532E+00
    1.4792702E+00   1.0677585E+00   1.1856092E+00   1.2514439E+00   9.8727717E-01
    1.0164470E+00   1.0639934E+00   9.7585730E-01   1.1514266E+00   1.0579819E+00
    1.0956073E+00   1.0662226E+00   9.9236847E-01   1.0180120E+00   9.8367027E-01
    9.5858545E-01   1.0671246E+00   1.0213804E+00   1.0394410E+00   1.0182989E+00
    9.9332179E-01   1.0075061E+00   9.8668608E-01   9.8453285E-01   1.0252827E+00
    1.0055794E+00   1.0159519E+00   1.0035167E+00   9.9471609E-01   1.0042821E+00
    9.9146436E-01   9.9436924E-01   1.0102961E+00   9.9819417E-01   9.9455355E-01
    9.9946227E-01   9.9640039E-01   9.9996801E-01   9.9744343E-01   1.0001601E+00
    9.9802394E-01   1.0002236E+00   9.9834941E-01   1.0002447E+00   9.9854163E-01
    1.0002510E+00   9.9865657E-01   1.0002518E+00   9.9872683E-01   1.0002506E+00
    9.9876967E-01   1.0002491E+00   9.9879539E-01   1.0002478E+00   9.9881029E-01
    1.0002469E+00   9.9881796E-01   1.0002465E+00   9.9882069E-01

 4.3799853755E+02   2.6610168E+10   1.1572775E+11   1.4334680E+00   3.3535751E-03   8.2927841E+00   7.7056516E-01    32 
    1.0884383E+00   2.4224252E+00   2.7354876E+00   2.2315001E+00   2.7140288E+00
    1.2264937E+00   1.3313204E+00   1.5257604E+00   1.3545797E+00   1.2557849E+00
    1.4541079E+00   1.0547882E+00   1.1700182E+00   1.2280575E+00   9.7858340E-01
    1.0089210E+00   1.0532351E+00   9.7384922E-01   1.1247387E+00   1.0452223E+00
    1.0782885E+00   1.0495247E+00   9.8728211E-01   1.0110410E+00   9.7995207E-01
    9.5906968E-01   1.0533550E+00   1.0124848E+00   1.0286283E+00   1.0100322E+00
    9.8987998E-01   1.0025159E+00   9.8494732E-01   9.8425251E-01   1.0169223E+00
    1.0013306E+00   1.0106475E+00   9.9995655E-01   9.9303530E-01   1.0014192E+00
    9.9067538E-01   9.9374893E-01   1.0062112E+00   9.9751495E-01   9.9419165E-01
    9.9892297E-01   9.9621483E-01   9.9952730E-01   9.9733276E-01   9.9978688E-01
    9.9794812E-01   9.9989655E-01   9.9829230E-01   9.9994737E-01   9.9849448E-01
    9.9997243E-01   9.9861510E-01   9.9998503E-01   9.9868864E-01   9.9999134E-01
    9.9873346E-01   9.9999446E-01   9.9876040E-01   9.9999593E-01   9.9877598E-01
    9.9999652E-01   9.9878400E-01   9.9999665E-01   9.9878679E-01

 4.3753873630E+02   3.5257412E+10   1.5347067E+11   1.4268096E+00   4.5474281E-03   5.7939883E+00   8.3315375E-01    33 
    1.0071617E+00   2.3508538E+00   2.6630191E+00   2.1837865E+00   2.6694098E+00
    1.2117570E+00   1.3159617E+00   1.5043634E+00   1.3421485E+00   1.2506640E+00
    1.4305028E+00   1.0433407E+00   1.1546451E+00   1.2046012E+00   9.7576497E-01
    1.0052658E+00   1.0496636E+00   9.7744589E-01   1.1000723E+00   1.0338897E+00
    1.0610988E+00   1.0351488E+00   9.8583378E-01   1.0059884E+00   9.8055346E-01
    9.6305998E-01   1.0403997E+00   1.0059400E+00   1.0194332E+00   1.0042434E+00
    9.8904651E-01   9.9944232E-01   9.8583768E-01   9.8588380E-01   1.0104073E+00
    9.9885137E-01   1.0066231E+00   9.9806289E-01   9.9297025E-01   9.9978573E-01
    9.9144878E-01   9.9424137E-01   1.0033743E+00   9.9753426E-01   9.9477637E-01
    9.9883746E-01   9.9664312E-01   9.9940766E-01   9.9765646E-01   9.9966256E-01
    9.9820915E-01   9.9977750E-01   9.9851719E-01   9.9983424E-01   9.9869740E-01
    9.9986390E-01   9.9880478E-01   9.9987980E-01   9.9887017E-01   9.9988843E-01
    9.9891004E-01   9.9989309E-01   9.9893403E-01   9.9989553E-01   9.9894791E-01
    9.9989667E-01   9.9895501E-01   9.9989700E-01   9.9895738E-01

 4.3715414577E+02   4.6235348E+10   2.0150146E+11   1.4190451E+00   6.1733501E-03   4.2038069E+00   8.7578553E-01    34 
    9.2581748E-01   2.2560181E+00   2.5744197E+00   2.1264230E+00   2.6083052E+00
    1.1988359E+00   1.3000894E+00   1.4819575E+00   1.3368914E+00   1.2499870E+00
    1.4059035E+00   1.0332535E+00   1.1390189E+00   1.1817775E+00   9.7698235E-01
    1.0033013E+00   1.0512696E+00   9.8355529E-01   1.0800990E+00   1.0251280E+00
    1.0464281E+00   1.0249499E+00   9.8677738E-01   1.0022149E+00   9.8378514E-01
    9.6821246E-01   1.0296360E+00   1.0021626E+00   1.0129070E+00   1.0011326E+00
    9.8984584E-01   9.9781862E-01   9.8801765E-01   9.8795114E-01   1.0060873E+00
    9.9787176E-01   1.0040255E+00   9.9746736E-01   9.9375002E-01   9.9898896E-01
    9.9284653E-01   9.9502180E-01   1.0016628E+00   9.9778905E-01   9.9567787E-01
    9.9892092E-01   9.9725049E-01   9.9942026E-01   9.9809529E-01   9.9964801E-01
    9.9855380E-01   9.9975389E-01   9.9880899E-01   9.9980760E-01   9.9895805E-01
    9.9983632E-01   9.9904689E-01   9.9985207E-01   9.9910101E-01   9.9986085E-01
    9.9913404E-01   9.9986572E-01   9.9915396E-01   9.9986835E-01   9.9916547E-01
    9.9986960E-01   9.9917133E-01   9.9986996E-01   9.9917317E-01

 4.3673766945E+02   6.2042606E+10   2.7093274E+11   1.4081324E+00   8.8232649E-03   3.0156123E+00   9.0914832E-01    35 
    8.3242724E-01   2.1084776E+00   2.4457232E+00   2.0414273E+00   2.5094801E+00
    1.1854712E+00   1.2797544E+00   1.4533422E+00   1.3404560E+00   1.2549501E+00
    1.3776139E+00   1.0229904E+00   1.1205290E+00   1.1570413E+00   9.8300337E-01
    1.0027661E+00   1.0594779E+00   9.9378675E-01   1.0630424E+00   1.0182802E+00
    1.0328173E+00   1.0177863E+00   9.9030860E-01   9.9927509E-01   9.9011041E-01
    9.7510567E-01   1.0199529E+00   1.0003603E+00   1.0079137E+00   9.9991684E-01
    9.9207112E-01   9.9715920E-01   9.9151633E-01   9.9055467E-01   1.0030724E+00
    9.9791122E-01   1.0022338E+00   9.9776367E-01   9.9520579E-01   9.9870691E-01
    9.9482669E-01   9.9606109E-01   1.0006032E+00   9.9821224E-01   9.9685870E-01
    9.9911361E-01   9.9800983E-01   9.9951315E-01   9.9862853E-01   9.9969765E-01
    9.9896472E-01   9.9978502E-01   9.9915246E-01   9.9982997E-01   9.9926238E-01
    9.9985426E-01   9.9932803E-01   9.9986773E-01   9.9936813E-01   9.9987532E-01
    9.9939267E-01   9.9987960E-01   9.9940752E-01   9.9988192E-01   9.9941610E-01
    9.9988304E-01   9.9942043E-01   9.9988335E-01   9.9942168E-01

 4.3631620876E+02   8.4118966E+10   3.6854295E+11   1.3942757E+00   1.3156704E-02   2.1598974E+00   9.3400737E-01    36 
    7.3508340E-01   1.9138252E+00   2.2799737E+00   1.9269736E+00   2.3705810E+00
    1.1736370E+00   1.2563623E+00   1.4206960E+00   1.3531597E+00   1.2666416E+00
    1.3504100E+00   1.0143864E+00   1.1011252E+00   1.1338977E+00   9.9473391E-01
    1.0050839E+00   1.0731834E+00   1.0084538E+00   1.0517135E+00   1.0147487E+00
    1.0221223E+00   1.0146416E+00   9.9642829E-01   9.9803476E-01   9.9885357E-01
    9.8346087E-01   1.0127807E+00   1.0005364E+00   1.0047794E+00   1.0004654E+00
    9.9536257E-01   9.9750624E-01   9.9581770E-01   9.9353473E-01   1.0015253E+00
    9.9875037E-01   1.0012654E+00   9.9872179E-01   9.9705366E-01   9.9889465E-01
    9.9706947E-01   9.9726742E-01   1.0001809E+00   9.9874745E-01   9.9812988E-01
    9.9938089E-01   9.9879973E-01   9.9966200E-01   9.9917032E-01   9.9979216E-01
    9.9937476E-01   9.9985419E-01   9.9949062E-01   9.9988615E-01   9.9955914E-01
    9.9990340E-01   9.9960037E-01   9.9991294E-01   9.9962572E-01   9.9991832E-01
    9.9964133E-01   9.9992135E-01   9.9965081E-01   9.9992300E-01   9.9965630E-01
    9.9992378E-01   9.9965904E-01   9.9992398E-01   9.9965974E-01

 4.3588668624E+02   1.1464909E+11   5.0505429E+11   1.3771241E+00   2.0389509E-02   1.5463637E+00   9.5227245E-01    37 
    6.3239753E-01   1.6826375E+00   2.0760833E+00   1.7787909E+00   2.1867122E+00
    1.1642322E+00   1.2308319E+00   1.3850025E+00   1.3667640E+00   1.2815616E+00
    1.3266236E+00   1.0089392E+00   1.0823772E+00   1.1142838E+00   1.0120879E+00
    1.0111332E+00   1.0866111E+00   1.0263411E+00   1.0468659E+00   1.0143500E+00
    1.0149656E+00   1.0147778E+00   1.0039218E+00   9.9873435E-01   1.0080576E+00
    9.9252412E-01   1.0085426E+00   1.0019400E+00   1.0032023E+00   1.0020053E+00
    9.9893320E-01   9.9856322E-01   1.0000311E+00   9.9658248E-01   1.0011289E+00
    9.9992513E-01   1.0009036E+00   9.9991551E-01   9.9888968E-01   9.9937731E-01
    9.9916636E-01   9.9850159E-01   1.0002037E+00   9.9931111E-01   9.9928056E-01
    9.9967009E-01   9.9949538E-01   9.9982873E-01   9.9963667E-01   9.9990130E-01
    9.9972079E-01   9.9993542E-01   9.9977132E-01   9.9995265E-01   9.9980238E-01
    9.9996174E-01   9.9982153E-01   9.9996662E-01   9.9983355E-01   9.9996930E-01
    9.9984104E-01   9.9997077E-01   9.9984564E-01   9.9997155E-01   9.9984831E-01
    9.9997191E-01   9.9984964E-01   9.9997199E-01   9.9984991E-01

 4.3545624011E+02   1.5638986E+11   6.9529471E+11   1.3575574E+00   3.2618748E-02   1.1069509E+00   9.6558538E-01    38 
    5.3358467E-01   1.4463045E+00   1.8466856E+00   1.6061868E+00   1.9688891E+00
    1.1583391E+00   1.2056550E+00   1.3476397E+00   1.3647096E+00   1.2902289E+00
    1.3050119E+00   1.0081807E+00   1.0663836E+00   1.0983235E+00   1.0326014E+00
    1.0204480E+00   1.0899114E+00   1.0425025E+00   1.0467927E+00   1.0155692E+00
    1.0112104E+00   1.0162239E+00   1.0104812E+00   1.0010287E+00   1.0148172E+00
    1.0008178E+00   1.0070027E+00   1.0035605E+00   1.0027341E+00   1.0035879E+00
    1.0018805E+00   9.9995353E-01   1.0031889E+00   9.9932767E-01   1.0014666E+00
    1.0009734E+00   1.0009220E+00   1.0009335E+00   1.0003373E+00   9.9998152E-01
    1.0007350E+00   9.9962251E-01   1.0004771E+00   9.9982519E-01   1.0001285E+00
    9.9993339E-01   9.9999670E-01   9.9997993E-01   9.9996499E-01   9.9999928E-01
    9.9995884E-01   1.0000070E+00   9.9996025E-01   1.0000102E+00   9.9996317E-01
    1.0000114E+00   9.9996570E-01   1.0000118E+00   9.9996763E-01   1.0000118E+00
    9.9996897E-01   1.0000117E+00   9.9996985E-01   1.0000116E+00   9.9997038E-01
    1.0000116E+00   9.9997064E-01   1.0000116E+00   9.9997067E-01

 4.3502946448E+02   2.1233880E+11   9.5876303E+11   1.3378274E+00   5.3433773E-02   7.9282798E-01   9.7522263E-01    39 
    4.5483461E-01   1.2347487E+00   1.6157798E+00   1.4276903E+00   1.7436457E+00
    1.1557997E+00   1.1838391E+00   1.3083516E+00   1.3366010E+00   1.2823379E+00
    1.2805529E+00   1.0122540E+00   1.0543356E+00   1.0847417E+00   1.0507415E+00
    1.0301857E+00   1.0807534E+00   1.0501379E+00   1.0472316E+00   1.0168425E+00
    1.0098341E+00   1.0173437E+00   1.0146910E+00   1.0039327E+00   1.0180379E+00
    1.0068194E+00   1.0071803E+00   1.0047971E+00   1.0028240E+00   1.0047110E+00
    1.0038414E+00   1.0012518E+00   1.0050272E+00   1.0014000E+00   1.0020577E+00
    1.0016929E+00   1.0010762E+00   1.0016105E+00   1.0012808E+00   1.0005167E+00
    1.0016846E+00   1.0004688E+00   1.0007900E+00   1.0002092E+00   1.0006442E+00
    1.0001257E+00   1.0002961E+00   1.0000868E+00   1.0001558E+00   1.0000654E+00
    1.0000927E+00   1.0000529E+00   1.0000629E+00   1.0000452E+00   1.0000479E+00
    1.0000404E+00   1.0000397E+00   1.0000373E+00   1.0000352E+00   1.0000352E+00
    1.0000325E+00   1.0000339E+00   1.0000310E+00   1.0000332E+00   1.0000301E+00
    1.0000328E+00   1.0000297E+00   1.0000327E+00   1.0000296E+00

 4.3460477401E+02   2.8515470E+11   1.3209939E+12   1.3207915E+00   8.8620200E-02   5.6835999E-01   9.8217135E-01    40 
    4.0790625E-01   1.0620841E+00   1.4063735E+00   1.2609207E+00   1.5356091E+00
    1.1542795E+00   1.1664478E+00   1.2659231E+00   1.2889253E+00   1.2565644E+00
    1.2501887E+00   1.0194734E+00   1.0460727E+00   1.0722546E+00   1.0595552E+00
    1.0370318E+00   1.0664468E+00   1.0484997E+00   1.0454097E+00   1.0172380E+00
    1.0095397E+00   1.0173831E+00   1.0163684E+00   1.0064004E+00   1.0183781E+00
    1.0099520E+00   1.0078979E+00   1.0054484E+00   1.0030134E+00   1.0052534E+00
    1.0048599E+00   1.0021636E+00   1.0057583E+00   1.0026314E+00   1.0025344E+00
    1.0020726E+00   1.0011958E+00   1.0019566E+00   1.0017825E+00   1.0008694E+00
    1.0021242E+00   1.0009729E+00   1.0010049E+00   1.0004342E+00   1.0008956E+00
    1.0002334E+00   1.0004406E+00   1.0001423E+00   1.0002445E+00   1.0000962E+00
    1.0001516E+00   1.0000714E+00   1.0001051E+00   1.0000573E+00   1.0000804E+00
    1.0000489E+00   1.0000664E+00   1.0000437E+00   1.0000583E+00   1.0000404E+00
    1.0000534E+00   1.0000384E+00   1.0000505E+00   1.0000372E+00   1.0000488E+00
    1.0000367E+00   1.0000480E+00   1.0000366E+00   1.0000479E+00

 4.3417791595E+02   3.7630127E+11   1.8159415E+12   1.3089164E+00   1.4656053E-01   4.0765518E-01   9.8717823E-01    41 
    3.9796160E-01   9.3169422E-01   1.2311411E+00   1.1200090E+00   1.3553256E+00
    1.1496284E+00   1.1510359E+00   1.2195485E+00   1.2331930E+00   1.2196905E+00
    1.2148727E+00   1.0267737E+00   1.0401736E+00   1.0596363E+00   1.0564911E+00
    1.0387981E+00   1.0522207E+00   1.0423426E+00   1.0412192E+00   1.0161570E+00
    1.0093619E+00   1.0159584E+00   1.0156613E+00   1.0078394E+00   1.0165859E+00
    1.0107483E+00   1.0083384E+00   1.0053981E+00   1.0030754E+00   1.0051481E+00
    1.0050001E+00   1.0026307E+00   1.0055775E+00   1.0031410E+00   1.0027575E+00
    1.0021167E+00   1.0012248E+00   1.0019888E+00   1.0019019E+00   1.0010364E+00
    1.0021529E+00   1.0011896E+00   1.0010924E+00   1.0005286E+00   1.0009400E+00
    1.0002739E+00   1.0004689E+00   1.0001590E+00   1.0002605E+00   1.0001019E+00
    1.0001598E+00   1.0000717E+00   1.0001086E+00   1.0000548E+00   1.0000808E+00
    1.0000450E+00   1.0000650E+00   1.0000389E+00   1.0000557E+00   1.0000352E+00
    1.0000501E+00   1.0000329E+00   1.0000466E+00   1.0000316E+00   1.0000447E+00
    1.0000310E+00   1.0000437E+00   1.0000309E+00   1.0000437E+00

 4.3374086867E+02   4.8727916E+11   2.4941492E+12   1.3044204E+00   2.3434246E-01   2.9194193E-01   9.9080001E-01    42 
    4.2754560E-01   8.4267007E-01   1.0950286E+00   1.0130278E+00   1.2075130E+00
    1.1343306E+00   1.1338476E+00   1.1708962E+00   1.1772000E+00   1.1785309E+00
    1.1765396E+00   1.0313005E+00   1.0347948E+00   1.0469841E+00   1.0462449E+00
    1.0354550E+00   1.0393630E+00   1.0348412E+00   1.0351559E+00   1.0137573E+00
    1.0087494E+00   1.0133303E+00   1.0132363E+00   1.0080793E+00   1.0135121E+00
    1.0099792E+00   1.0080956E+00   1.0047461E+00   1.0029127E+00   1.0044965E+00
    1.0044562E+00   1.0026863E+00   1.0047639E+00   1.0031073E+00   1.0026918E+00
    1.0018923E+00   1.0011502E+00   1.0017733E+00   1.0017328E+00   1.0010426E+00
    1.0018926E+00   1.0011909E+00   1.0010562E+00   1.0005266E+00   1.0008410E+00
    1.0002668E+00   1.0004201E+00   1.0001499E+00   1.0002311E+00   1.0000922E+00
    1.0001390E+00   1.0000621E+00   1.0000916E+00   1.0000453E+00   1.0000658E+00
    1.0000356E+00   1.0000511E+00   1.0000297E+00   1.0000423E+00   1.0000261E+00
    1.0000370E+00   1.0000239E+00   1.0000337E+00   1.0000226E+00   1.0000318E+00
    1.0000220E+00   1.0000309E+00   1.0000219E+00   1.0000309E+00

 4.3328217426E+02   6.3228246E+11   3.4311474E+12   1.3116197E+00   3.2672417E-01   2.0921849E-01   9.9339780E-01    43 
    4.9263505E-01   7.9680912E-01   1.0039614E+00   9.4584173E-01   1.1007663E+00
    1.1085906E+00   1.1144749E+00   1.1259529E+00   1.1280078E+00   1.1386892E+00
    1.1386061E+00   1.0324118E+00   1.0295305E+00   1.0356618E+00   1.0348948E+00
    1.0293625E+00   1.0286206E+00   1.0273554E+00   1.0283637E+00   1.0109496E+00
    1.0077238E+00   1.0103873E+00   1.0102646E+00   1.0074319E+00   1.0102395E+00
    1.0084194E+00   1.0072837E+00   1.0038406E+00   1.0025839E+00   1.0036112E+00
    1.0035996E+00   1.0024654E+00   1.0037277E+00   1.0027525E+00   1.0024238E+00
    1.0015497E+00   1.0010120E+00   1.0014476E+00   1.0014284E+00   1.0009492E+00
    1.0015139E+00   1.0010657E+00   1.0009433E+00   1.0004700E+00   1.0006816E+00
    1.0002345E+00   1.0003402E+00   1.0001286E+00   1.0001853E+00   1.0000767E+00
    1.0001092E+00   1.0000496E+00   1.0000699E+00   1.0000347E+00   1.0000483E+00
    1.0000260E+00   1.0000359E+00   1.0000207E+00   1.0000285E+00   1.0000175E+00
    1.0000240E+00   1.0000155E+00   1.0000212E+00   1.0000144E+00   1.0000196E+00
    1.0000138E+00   1.0000188E+00   1.0000138E+00   1.0000188E+00

 4.3277983943E+02   8.6037586E+11   4.7490899E+12   1.3346959E+00   3.5468507E-01   1.5064948E-01   9.9524139E-01    44 
    5.7772886E-01   7.9044062E-01   9.5620461E-01   9.1662107E-01   1.0352870E+00
    1.0803461E+00   1.0924691E+00   1.0893117E+00   1.0892862E+00   1.1025529E+00
    1.1032670E+00   1.0299765E+00   1.0241871E+00   1.0259732E+00   1.0249291E+00
    1.0224674E+00   1.0200399E+00   1.0203952E+00   1.0216065E+00   1.0082735E+00
    1.0063788E+00   1.0076575E+00   1.0074570E+00   1.0062091E+00   1.0073219E+00
    1.0065534E+00   1.0060628E+00   1.0029060E+00   1.0021444E+00   1.0026999E+00
    1.0026798E+00   1.0020723E+00   1.0027142E+00   1.0022305E+00   1.0020244E+00
    1.0011809E+00   1.0008381E+00   1.0010974E+00   1.0010851E+00   1.0007986E+00
    1.0011207E+00   1.0008745E+00   1.0007866E+00   1.0003862E+00   1.0005107E+00
    1.0001909E+00   1.0002553E+00   1.0001031E+00   1.0001382E+00   1.0000600E+00
    1.0000801E+00   1.0000376E+00   1.0000499E+00   1.0000251E+00   1.0000332E+00
    1.0000179E+00   1.0000236E+00   1.0000136E+00   1.0000178E+00   1.0000109E+00
    1.0000143E+00   1.0000093E+00   1.0000121E+00   1.0000083E+00   1.0000108E+00
    1.0000079E+00   1.0000102E+00   1.0000079E+00   1.0000103E+00

 4.3229015159E+02   1.1820346E+12   6.3095501E+12   1.3692235E+00   3.0016542E-01   1.1438000E-01   9.9638486E-01    45 
    6.5556437E-01   8.0795860E-01   9.4099046E-01   9.1392613E-01   1.0044765E+00
    1.0590681E+00   1.0716155E+00   1.0648281E+00   1.0639144E+00   1.0749665E+00
    1.0758255E+00   1.0248745E+00   1.0192938E+00   1.0187421E+00   1.0176957E+00
    1.0165815E+00   1.0140983E+00   1.0149158E+00   1.0160157E+00   1.0061483E+00
    1.0050132E+00   1.0055683E+00   1.0053410E+00   1.0048606E+00   1.0051882E+00
    1.0048957E+00   1.0047673E+00   1.0021463E+00   1.0016949E+00   1.0019671E+00
    1.0019351E+00   1.0016394E+00   1.0019350E+00   1.0017137E+00   1.0016017E+00
    1.0008731E+00   1.0006645E+00   1.0008059E+00   1.0007947E+00   1.0006368E+00
    1.0008066E+00   1.0006807E+00   1.0006255E+00   1.0003022E+00   1.0003710E+00
    1.0001490E+00   1.0001861E+00   1.0000798E+00   1.0001005E+00   1.0000457E+00
    1.0000577E+00   1.0000280E+00   1.0000353E+00   1.0000181E+00   1.0000228E+00
    1.0000124E+00   1.0000156E+00   1.0000090E+00   1.0000112E+00   1.0000068E+00
    1.0000086E+00   1.0000055E+00   1.0000069E+00   1.0000048E+00   1.0000060E+00
    1.0000044E+00   1.0000055E+00   1.0000044E+00   1.0000055E+00

 4.3181800237E+02   1.5838385E+12   8.0134012E+12   1.4107950E+00   2.1670546E-01   9.1351367E-02   9.9711161E-01    46 
    7.2022819E-01   8.3424797E-01   9.4154751E-01   9.2312919E-01   9.9233063E-01
    1.0445788E+00   1.0545817E+00   1.0487187E+00   1.0474059E+00   1.0551886E+00
    1.0559780E+00   1.0193717E+00   1.0151438E+00   1.0135755E+00   1.0126636E+00
    1.0120963E+00   1.0100707E+00   1.0108625E+00   1.0117490E+00   1.0045363E+00
    1.0038240E+00   1.0040375E+00   1.0038280E+00   1.0036680E+00   1.0036937E+00
    1.0035909E+00   1.0036220E+00   1.0015749E+00   1.0012984E+00   1.0014244E+00
    1.0013880E+00   1.0012501E+00   1.0013772E+00   1.0012797E+00   1.0012251E+00
    1.0006391E+00   1.0005120E+00   1.0005854E+00   1.0005742E+00   1.0004912E+00
    1.0005766E+00   1.0005144E+00   1.0004824E+00   1.0002302E+00   1.0002667E+00
    1.0001136E+00   1.0001343E+00   1.0000606E+00   1.0000725E+00   1.0000344E+00
    1.0000415E+00   1.0000207E+00   1.0000250E+00   1.0000131E+00   1.0000159E+00
    1.0000087E+00   1.0000105E+00   1.0000060E+00   1.0000073E+00   1.0000044E+00
    1.0000053E+00   1.0000034E+00   1.0000041E+00   1.0000028E+00   1.0000034E+00
    1.0000025E+00   1.0000031E+00   1.0000026E+00   1.0000031E+00

 4.3133673318E+02   2.0565518E+12   9.8764126E+12   1.4593613E+00   1.3962334E-01   7.5241511E-02   9.9762034E-01    47 
    7.7647575E-01   8.6342503E-01   9.4949060E-01   9.3732355E-01   9.8964823E-01
    1.0342750E+00   1.0412852E+00   1.0373130E+00   1.0358334E+00   1.0407817E+00
    1.0414455E+00   1.0145987E+00   1.0116454E+00   1.0098195E+00   1.0090715E+00
    1.0087339E+00   1.0072304E+00   1.0078488E+00   1.0085200E+00   1.0033000E+00
    1.0028386E+00   1.0028962E+00   1.0027240E+00   1.0026859E+00   1.0026198E+00
    1.0025874E+00   1.0026699E+00   1.0011421E+00   1.0009656E+00   1.0010204E+00
    1.0009860E+00   1.0009229E+00   1.0009735E+00   1.0009315E+00   1.0009084E+00
    1.0004619E+00   1.0003831E+00   1.0004196E+00   1.0004090E+00   1.0003670E+00
    1.0004080E+00   1.0003781E+00   1.0003610E+00   1.0001706E+00   1.0001893E+00
    1.0000845E+00   1.0000956E+00   1.0000450E+00   1.0000517E+00   1.0000254E+00
    1.0000295E+00   1.0000151E+00   1.0000176E+00   1.0000094E+00   1.0000110E+00
    1.0000061E+00   1.0000071E+00   1.0000041E+00   1.0000048E+00   1.0000029E+00
    1.0000034E+00   1.0000021E+00   1.0000025E+00   1.0000017E+00   1.0000020E+00
    1.0000015E+00   1.0000017E+00   1.0000015E+00   1.0000017E+00

 4.3082698808E+02   2.5858734E+12   1.1920320E+13   1.5158433E+00   8.1845549E-02   6.3160699E-02   9.9800202E-01    48 
    8.2716505E-01   8.9288349E-01   9.6102814E-01   9.5331648E-01   9.9220517E-01
    1.0266857E+00   1.0311173E+00   1.0288286E+00   1.0273241E+00   1.0301703E+00
    1.0307032E+00   1.0108465E+00   1.0087525E+00   1.0070773E+00   1.0064828E+00
    1.0062465E+00   1.0051938E+00   1.0056226E+00   1.0061115E+00   1.0023666E+00
    1.0020581E+00   1.0020535E+00   1.0019216E+00   1.0019201E+00   1.0018468E+00
    1.0018353E+00   1.0019186E+00   1.0008174E+00   1.0007001E+00   1.0007226E+00
    1.0006936E+00   1.0006634E+00   1.0006827E+00   1.0006636E+00   1.0006559E+00
    1.0003298E+00   1.0002791E+00   1.0002971E+00   1.0002878E+00   1.0002664E+00
    1.0002860E+00   1.0002713E+00   1.0002627E+00   1.0001232E+00   1.0001328E+00
    1.0000613E+00   1.0000671E+00   1.0000327E+00   1.0000363E+00   1.0000184E+00
    1.0000207E+00   1.0000109E+00   1.0000123E+00   1.0000067E+00   1.0000076E+00
    1.0000042E+00   1.0000048E+00   1.0000028E+00   1.0000032E+00   1.0000019E+00
    1.0000021E+00   1.0000013E+00   1.0000015E+00   1.0000010E+00   1.0000012E+00
    1.0000009E+00   1.0000010E+00   1.0000009E+00   1.0000010E+00

 4.3027172259E+02   3.1633932E+12   1.4183444E+13   1.5816246E+00   4.3976317E-02   5.3624677E-02   9.9830340E-01    49 
    8.7088474E-01   9.2119532E-01   9.7398374E-01   9.6941162E-01   9.9757064E-01
    1.0210203E+00   1.0234473E+00   1.0223586E+00   1.0209195E+00   1.0223290E+00
    1.0227445E+00   1.0080244E+00   1.0064560E+00   1.0050840E+00   1.0046206E+00
    1.0044365E+00   1.0037318E+00   1.0040026E+00   1.0043495E+00   1.0016809E+00
    1.0014668E+00   1.0014448E+00   1.0013481E+00   1.0013509E+00   1.0012971E+00
    1.0012882E+00   1.0013544E+00   1.0005790E+00   1.0004986E+00   1.0005074E+00
    1.0004848E+00   1.0004683E+00   1.0004766E+00   1.0004659E+00   1.0004649E+00
    1.0002333E+00   1.0001995E+00   1.0002085E+00   1.0002011E+00   1.0001894E+00
    1.0001993E+00   1.0001913E+00   1.0001874E+00   1.0000873E+00   1.0000925E+00
    1.0000436E+00   1.0000468E+00   1.0000233E+00   1.0000253E+00   1.0000131E+00
    1.0000144E+00   1.0000077E+00   1.0000085E+00   1.0000047E+00   1.0000052E+00
    1.0000029E+00   1.0000033E+00   1.0000019E+00   1.0000021E+00   1.0000012E+00
    1.0000014E+00   1.0000008E+00   1.0000009E+00   1.0000006E+00   1.0000007E+00
    1.0000005E+00   1.0000006E+00   1.0000005E+00   1.0000006E+00

 4.2965508324E+02   3.7911635E+12   1.6718131E+13   1.6582319E+00   2.1765033E-02   4.5837780E-02   9.9854958E-01    50 
    9.0318848E-01   9.4745931E-01   9.8700380E-01   9.8469197E-01   1.0042134E+00
    1.0168265E+00   1.0177872E+00   1.0174292E+00   1.0161084E+00   1.0166045E+00
    1.0169220E+00   1.0059779E+00   1.0047382E+00   1.0036665E+00   1.0033092E+00
    1.0031591E+00   1.0027012E+00   1.0028584E+00   1.0031017E+00   1.0011952E+00
    1.0010406E+00   1.0010192E+00   1.0009500E+00   1.0009479E+00   1.0009162E+00
    1.0009052E+00   1.0009517E+00   1.0004100E+00   1.0003535E+00   1.0003569E+00
    1.0003401E+00   1.0003293E+00   1.0003343E+00   1.0003267E+00   1.0003278E+00
    1.0001651E+00   1.0001418E+00   1.0001466E+00   1.0001409E+00   1.0001338E+00
    1.0001395E+00   1.0001344E+00   1.0001327E+00   1.0000615E+00   1.0000647E+00
    1.0000308E+00   1.0000327E+00   1.0000165E+00   1.0000176E+00   1.0000093E+00
    1.0000100E+00   1.0000054E+00   1.0000059E+00   1.0000033E+00   1.0000036E+00
    1.0000020E+00   1.0000022E+00   1.0000013E+00   1.0000014E+00   1.0000008E+00
    1.0000009E+00   1.0000005E+00   1.0000006E+00   1.0000004E+00   1.0000004E+00
    1.0000003E+00   1.0000003E+00   1.0000003E+00   1.0000003E+00

 4.2896197400E+02   4.4856123E+12   1.9607621E+13   1.7467284E+00   1.0103959E-02   3.9307172E-02   9.9875609E-01    51 
    9.2372986E-01   9.7066636E-01   9.9889517E-01   9.9824864E-01   1.0108177E+00
    1.0137016E+00   1.0136583E+00   1.0136750E+00   1.0125034E+00   1.0124630E+00
    1.0127007E+00   1.0045291E+00   1.0035131E+00   1.0026819E+00   1.0024080E+00
    1.0022835E+00   1.0019886E+00   1.0020720E+00   1.0022438E+00   1.0008616E+00
    1.0007454E+00   1.0007296E+00   1.0006804E+00   1.0006731E+00   1.0006583E+00
    1.0006453E+00   1.0006756E+00   1.0002940E+00   1.0002532E+00   1.0002545E+00
    1.0002423E+00   1.0002341E+00   1.0002385E+00   1.0002320E+00   1.0002336E+00
    1.0001183E+00   1.0001018E+00   1.0001045E+00   1.0001002E+00   1.0000955E+00
    1.0000992E+00   1.0000955E+00   1.0000949E+00   1.0000438E+00   1.0000459E+00
    1.0000220E+00   1.0000232E+00   1.0000118E+00   1.0000125E+00   1.0000066E+00
    1.0000071E+00   1.0000038E+00   1.0000041E+00   1.0000023E+00   1.0000025E+00
    1.0000014E+00   1.0000015E+00   1.0000009E+00   1.0000009E+00   1.0000005E+00
    1.0000006E+00   1.0000003E+00   1.0000004E+00   1.0000002E+00   1.0000003E+00
    1.0000002E+00   1.0000002E+00   1.0000002E+00   1.0000002E+00

 4.2817875576E+02   5.2907920E+12   2.3032628E+13   1.8463909E+00   4.5925747E-03   3.3624670E-02   9.9893582E-01    52 
    9.3709666E-01   9.8846078E-01   1.0074175E+00   1.0079008E+00   1.0151260E+00
    1.0109480E+00   1.0103151E+00   1.0105008E+00   1.0095198E+00   1.0091876E+00
    1.0093552E+00   1.0034021E+00   1.0025791E+00   1.0019515E+00   1.0017473E+00
    1.0016432E+00   1.0014572E+00   1.0014940E+00   1.0016151E+00   1.0006192E+00
    1.0005311E+00   1.0005210E+00   1.0004864E+00   1.0004764E+00   1.0004722E+00
    1.0004586E+00   1.0004780E+00   1.0002099E+00   1.0001804E+00   1.0001809E+00
    1.0001722E+00   1.0001657E+00   1.0001699E+00   1.0001642E+00   1.0001655E+00
    1.0000843E+00   1.0000726E+00   1.0000742E+00   1.0000711E+00   1.0000677E+00
    1.0000704E+00   1.0000676E+00   1.0000674E+00   1.0000310E+00   1.0000325E+00
    1.0000155E+00   1.0000164E+00   1.0000083E+00   1.0000088E+00   1.0000047E+00
    1.0000050E+00   1.0000027E+00   1.0000029E+00   1.0000016E+00   1.0000017E+00
    1.0000010E+00   1.0000010E+00   1.0000006E+00   1.0000006E+00   1.0000004E+00
    1.0000004E+00   1.0000002E+00   1.0000002E+00   1.0000001E+00   1.0000002E+00
    1.0000001E+00   1.0000001E+00   1.0000001E+00   1.0000001E+00

 4.2729660857E+02   6.2953198E+12   2.7358013E+13   1.9552650E+00   2.1432334E-03   2.8440703E-02   9.9909980E-01    53 
    9.4629255E-01   9.9882444E-01   1.0106639E+00   1.0117389E+00   1.0152388E+00
    1.0080120E+00   1.0071602E+00   1.0074297E+00   1.0066920E+00   1.0062202E+00
    1.0063213E+00   1.0023739E+00   1.0017580E+00   1.0013310E+00   1.0011908E+00
    1.0011045E+00   1.0009997E+00   1.0010048E+00   1.0010857E+00   1.0004189E+00
    1.0003551E+00   1.0003502E+00   1.0003272E+00   1.0003167E+00   1.0003185E+00
    1.0003051E+00   1.0003181E+00   1.0001409E+00   1.0001205E+00   1.0001211E+00
    1.0001153E+00   1.0001099E+00   1.0001139E+00   1.0001089E+00   1.0001098E+00
    1.0000565E+00   1.0000483E+00   1.0000496E+00   1.0000475E+00   1.0000449E+00
    1.0000471E+00   1.0000448E+00   1.0000447E+00   1.0000205E+00   1.0000217E+00
    1.0000103E+00   1.0000109E+00   1.0000055E+00   1.0000058E+00   1.0000031E+00
    1.0000033E+00   1.0000018E+00   1.0000019E+00   1.0000010E+00   1.0000011E+00
    1.0000006E+00   1.0000007E+00   1.0000004E+00   1.0000004E+00   1.0000002E+00
    1.0000002E+00   1.0000001E+00   1.0000001E+00   1.0000001E+00   1.0000001E+00
    1.0000001E+00   1.0000001E+00   1.0000001E+00   1.0000001E+00

 4.2631567294E+02   7.5988639E+12   3.2999463E+13   2.0734243E+00   1.0466046E-03   2.3692533E-02   9.9925003E-01    54 
    9.5610436E-01   1.0030632E+00   1.0098098E+00   1.0110523E+00   1.0122456E+00
    1.0052293E+00   1.0044318E+00   1.0047184E+00   1.0042322E+00   1.0037492E+00
    1.0037970E+00   1.0014956E+00   1.0010776E+00   1.0008218E+00   1.0007347E+00
    1.0006663E+00   1.0006184E+00   1.0006049E+00   1.0006546E+00   1.0002573E+00
    1.0002141E+00   1.0002138E+00   1.0001998E+00   1.0001899E+00   1.0001948E+00
    1.0001826E+00   1.0001911E+00   1.0000859E+00   1.0000726E+00   1.0000735E+00
    1.0000701E+00   1.0000657E+00   1.0000693E+00   1.0000650E+00   1.0000657E+00
    1.0000344E+00   1.0000290E+00   1.0000301E+00   1.0000288E+00   1.0000268E+00
    1.0000286E+00   1.0000267E+00   1.0000267E+00   1.0000122E+00   1.0000131E+00
    1.0000061E+00   1.0000066E+00   1.0000032E+00   1.0000035E+00   1.0000018E+00
    1.0000020E+00   1.0000010E+00   1.0000011E+00   1.0000006E+00   1.0000007E+00
    1.0000004E+00   1.0000004E+00   1.0000002E+00   1.0000002E+00   1.0000001E+00
    1.0000001E+00   1.0000001E+00   1.0000001E+00   1.0000000E+00   1.0000000E+00
    1.0000000E+00   1.0000000E+00   1.0000000E+00   1.0000000E+00

 4.2524424049E+02   9.2566900E+12   4.0188719E+13   2.2024572E+00   5.3169520E-04   1.9553860E-02   9.9938100E-01    55 
    9.6795395E-01   1.0041321E+00   1.0074390E+00   1.0085791E+00   1.0085105E+00
    1.0030991E+00   1.0024764E+00   1.0027270E+00   1.0024415E+00   1.0020339E+00
    1.0020492E+00   1.0008631E+00   1.0006019E+00   1.0004653E+00   1.0004160E+00
    1.0003653E+00   1.0003498E+00   1.0003301E+00   1.0003584E+00   1.0001451E+00
    1.0001174E+00   1.0001198E+00   1.0001120E+00   1.0001036E+00   1.0001093E+00
    1.0000993E+00   1.0001045E+00   1.0000481E+00   1.0000398E+00   1.0000411E+00
    1.0000391E+00   1.0000357E+00   1.0000387E+00   1.0000353E+00   1.0000358E+00
    1.0000192E+00   1.0000158E+00   1.0000168E+00   1.0000160E+00   1.0000146E+00
    1.0000159E+00   1.0000145E+00   1.0000146E+00   1.0000066E+00   1.0000073E+00
    1.0000033E+00   1.0000037E+00   1.0000018E+00   1.0000019E+00   1.0000010E+00
    1.0000011E+00   1.0000006E+00   1.0000006E+00   1.0000003E+00   1.0000004E+00
    1.0000002E+00   1.0000002E+00   1.0000001E+00   1.0000001E+00   1.0000001E+00
    1.0000001E+00   1.0000000E+00   1.0000000E+00   1.0000000E+00   1.0000000E+00
    1.0000000E+00   1.0000000E+00   1.0000000E+00   1.0000000E+00

 4.2409165438E+02   1.1253968E+13   4.8869392E+13   2.3436425E+00   2.7840701E-04   1.6168922E-02   9.9948812E-01    56 
    9.7913881E-01   1.0039392E+00   1.0051475E+00   1.0060514E+00   1.0054377E+00
    1.0017351E+00   1.0013069E+00   1.0014868E+00   1.0013319E+00   1.0010422E+00
    1.0010440E+00   1.0004733E+00   1.0003193E+00   1.0002507E+00   1.0002246E+00
    1.0001904E+00   1.0001882E+00   1.0001712E+00   1.0001865E+00   1.0000778E+00
    1.0000612E+00   1.0000639E+00   1.0000598E+00   1.0000537E+00   1.0000584E+00
    1.0000513E+00   1.0000543E+00   1.0000256E+00   1.0000207E+00   1.0000218E+00
    1.0000208E+00   1.0000185E+00   1.0000206E+00   1.0000182E+00   1.0000185E+00
    1.0000102E+00   1.0000082E+00   1.0000089E+00   1.0000085E+00   1.0000075E+00
    1.0000085E+00   1.0000075E+00   1.0000075E+00   1.0000034E+00   1.0000039E+00
    1.0000017E+00   1.0000019E+00   1.0000009E+00   1.0000010E+00   1.0000005E+00
    1.0000006E+00   1.0000003E+00   1.0000003E+00   1.0000002E+00   1.0000002E+00
    1.0000001E+00   1.0000001E+00   1.0000000E+00   1.0000001E+00   1.0000000E+00
    1.0000000E+00   1.0000000E+00   1.0000000E+00   1.0000000E+00   1.0000000E+00
    1.0000000E+00   1.0000000E+00   1.0000000E+00   1.0000000E+00

 4.2286085080E+02   1.3482153E+13   5.8637870E+13   2.4976694E+00   1.4987960E-04   1.3557743E-02   9.9957077E-01    57 
    9.8724856E-01   1.0033576E+00   1.0034668E+00   1.0041109E+00   1.0033770E+00
    1.0009710E+00   1.0007062E+00   1.0008068E+00   1.0007246E+00   1.0005539E+00
    1.0005537E+00   1.0002602E+00   1.0001722E+00   1.0001353E+00   1.0001215E+00
    1.0001012E+00   1.0001014E+00   1.0000907E+00   1.0000990E+00   1.0000417E+00
    1.0000324E+00   1.0000341E+00   1.0000320E+00   1.0000284E+00   1.0000313E+00
    1.0000271E+00   1.0000287E+00   1.0000137E+00   1.0000109E+00   1.0000116E+00
    1.0000111E+00   1.0000097E+00   1.0000110E+00   1.0000096E+00   1.0000098E+00
    1.0000055E+00   1.0000043E+00   1.0000047E+00   1.0000045E+00   1.0000040E+00
    1.0000045E+00   1.0000039E+00   1.0000039E+00   1.0000018E+00   1.0000021E+00
    1.0000009E+00   1.0000010E+00   1.0000005E+00   1.0000005E+00   1.0000003E+00
    1.0000003E+00   1.0000001E+00   1.0000002E+00   1.0000001E+00   1.0000001E+00
    1.0000000E+00   1.0000001E+00   1.0000000E+00   1.0000000E+00   1.0000000E+00
    1.0000000E+00   1.0000000E+00   1.0000000E+00   1.0000000E+00   1.0000000E+00
    1.0000000E+00   1.0000000E+00   1.0000000E+00   1.0000000E+00

 4.2154192697E+02   1.5672824E+13   6.8681248E+13   2.6653766E+00   8.3235153E-05   1.1664043E-02   9.9963071E-01    58 
    9.9206318E-01   1.0028480E+00   1.0024611E+00   1.0029042E+00   1.0022108E+00
    1.0005931E+00   1.0004357E+00   1.0004751E+00   1.0004283E+00   1.0003438E+00
    1.0003454E+00   1.0001564E+00   1.0001040E+00   1.0000795E+00   1.0000717E+00
    1.0000606E+00   1.0000596E+00   1.0000545E+00   1.0000593E+00   1.0000244E+00
    1.0000193E+00   1.0000199E+00   1.0000186E+00   1.0000169E+00   1.0000183E+00
    1.0000162E+00   1.0000171E+00   1.0000080E+00   1.0000065E+00   1.0000068E+00
    1.0000065E+00   1.0000058E+00   1.0000064E+00   1.0000057E+00   1.0000058E+00
    1.0000032E+00   1.0000026E+00   1.0000028E+00   1.0000026E+00   1.0000023E+00
    1.0000026E+00   1.0000023E+00   1.0000023E+00   1.0000010E+00   1.0000012E+00
    1.0000005E+00   1.0000006E+00   1.0000003E+00   1.0000003E+00   1.0000001E+00
    1.0000002E+00   1.0000001E+00   1.0000001E+00   1.0000000E+00   1.0000001E+00
    1.0000000E+00   1.0000000E+00   1.0000000E+00   1.0000000E+00   1.0000000E+00
    1.0000000E+00   1.0000000E+00   1.0000000E+00   9.9999999E-01   9.9999999E-01
    9.9999999E-01   9.9999999E-01   9.9999999E-01   9.9999999E-01

 4.2010410996E+02   1.7211078E+13   7.7922997E+13   2.8478548E+00   4.8166006E-05   1.0413603E-02   9.9967029E-01    59 
    9.9438745E-01   1.0025444E+00   1.0019612E+00   1.0023004E+00   1.0016460E+00
    1.0004317E+00   1.0003240E+00   1.0003340E+00   1.0003020E+00   1.0002578E+00
    1.0002607E+00   1.0001124E+00   1.0000755E+00   1.0000558E+00   1.0000505E+00
    1.0000436E+00   1.0000418E+00   1.0000393E+00   1.0000427E+00   1.0000171E+00
    1.0000139E+00   1.0000139E+00   1.0000130E+00   1.0000121E+00   1.0000128E+00
    1.0000116E+00   1.0000122E+00   1.0000056E+00   1.0000047E+00   1.0000047E+00
    1.0000045E+00   1.0000041E+00   1.0000045E+00   1.0000041E+00   1.0000041E+00
    1.0000022E+00   1.0000018E+00   1.0000019E+00   1.0000018E+00   1.0000017E+00
    1.0000018E+00   1.0000016E+00   1.0000016E+00   1.0000007E+00   1.0000008E+00
    1.0000003E+00   1.0000004E+00   1.0000002E+00   1.0000002E+00   1.0000001E+00
    1.0000001E+00   1.0000001E+00   1.0000001E+00   1.0000000E+00   1.0000000E+00
    1.0000000E+00   1.0000000E+00   1.0000000E+00   1.0000000E+00   9.9999999E-01
    9.9999999E-01   9.9999998E-01   9.9999998E-01   9.9999997E-01   9.9999997E-01
    9.9999996E-01   9.9999996E-01   9.9999996E-01   9.9999996E-01

 4.1848050168E+02   1.6674624E+13   8.5699971E+13   3.0463035E+00   2.9578825E-05   9.7531494E-03   9.9969120E-01    60 
    9.9531982E-01   1.0022707E+00   1.0016612E+00   1.0019698E+00   1.0013350E+00
    1.0003598E+00   1.0002617E+00   1.0002724E+00   1.0002463E+00   1.0002037E+00
    1.0002059E+00   1.0000931E+00   1.0000611E+00   1.0000456E+00   1.0000413E+00
    1.0000346E+00   1.0000340E+00   1.0000310E+00   1.0000338E+00   1.0000141E+00
    1.0000111E+00   1.0000114E+00   1.0000107E+00   1.0000096E+00   1.0000104E+00
    1.0000092E+00   1.0000097E+00   1.0000046E+00   1.0000037E+00   1.0000039E+00
    1.0000037E+00   1.0000033E+00   1.0000037E+00   1.0000032E+00   1.0000033E+00
    1.0000018E+00   1.0000014E+00   1.0000016E+00   1.0000015E+00   1.0000013E+00
    1.0000015E+00   1.0000013E+00   1.0000013E+00   1.0000006E+00   1.0000007E+00
    1.0000003E+00   1.0000003E+00   1.0000001E+00   1.0000002E+00   1.0000001E+00
    1.0000001E+00   1.0000000E+00   1.0000000E+00   1.0000000E+00   1.0000000E+00
    9.9999999E-01   9.9999999E-01   9.9999997E-01   9.9999997E-01   9.9999994E-01
    9.9999994E-01   9.9999991E-01   9.9999991E-01   9.9999988E-01   9.9999988E-01
    9.9999987E-01   9.9999987E-01   9.9999986E-01   9.9999986E-01

 4.1654133438E+02   1.2263235E+13   9.2707138E+13   3.2619490E+00   1.9695869E-05   9.6020127E-03   9.9969598E-01    61 
    9.9541504E-01   1.0017930E+00   1.0012315E+00   1.0015225E+00   1.0009267E+00
    1.0002776E+00   1.0001654E+00   1.0002056E+00   1.0001856E+00   1.0001125E+00
    1.0001107E+00   1.0000721E+00   1.0000412E+00   1.0000348E+00   1.0000314E+00
    1.0000216E+00   1.0000256E+00   1.0000190E+00   1.0000210E+00   1.0000110E+00
    1.0000072E+00   1.0000088E+00   1.0000082E+00   1.0000061E+00   1.0000080E+00
    1.0000057E+00   1.0000062E+00   1.0000036E+00   1.0000024E+00   1.0000030E+00
    1.0000029E+00   1.0000021E+00   1.0000028E+00   1.0000020E+00   1.0000021E+00
    1.0000014E+00   1.0000009E+00   1.0000012E+00   1.0000012E+00   1.0000008E+00
    1.0000012E+00   1.0000008E+00   1.0000008E+00   1.0000003E+00   1.0000005E+00
    1.0000001E+00   1.0000003E+00   1.0000001E+00   1.0000001E+00   1.0000000E+00
    1.0000001E+00   1.0000000E+00   1.0000000E+00   9.9999998E-01   9.9999999E-01
    9.9999995E-01   9.9999996E-01   9.9999990E-01   9.9999990E-01   9.9999983E-01
    9.9999983E-01   9.9999976E-01   9.9999976E-01   9.9999971E-01   9.9999971E-01
    9.9999968E-01   9.9999968E-01   9.9999966E-01   9.9999966E-01

 4.1406846393E+02   5.9879194E+12   9.9718579E+13   3.4987629E+00   1.4245069E-05   9.6506688E-03   9.9969444E-01    62 
    9.9427877E-01   1.0012679E+00   1.0007143E+00   1.0010316E+00   1.0004053E+00
    1.0001933E+00   1.0000153E+00   1.0001376E+00   1.0001237E+00   9.9996004E-01
    9.9994850E-01   1.0000512E+00   1.0000112E+00   1.0000239E+00   1.0000216E+00
    1.0000011E+00   1.0000172E+00   9.9999974E-01   1.0000004E+00   1.0000078E+00
    1.0000008E+00   1.0000062E+00   1.0000058E+00   1.0000004E+00   1.0000055E+00
    1.0000001E+00   1.0000004E+00   1.0000026E+00   1.0000002E+00   1.0000022E+00
    1.0000020E+00   1.0000001E+00   1.0000020E+00   1.0000000E+00   1.0000001E+00
    1.0000010E+00   9.9999993E-01   1.0000009E+00   1.0000008E+00   9.9999993E-01
    1.0000008E+00   9.9999995E-01   9.9999990E-01   9.9999993E-01   1.0000004E+00
    9.9999992E-01   1.0000002E+00   9.9999995E-01   1.0000001E+00   9.9999997E-01
    1.0000000E+00   9.9999997E-01   1.0000000E+00   9.9999996E-01   9.9999998E-01
    9.9999993E-01   9.9999994E-01   9.9999987E-01   9.9999987E-01   9.9999979E-01
    9.9999979E-01   9.9999972E-01   9.9999972E-01   9.9999967E-01   9.9999967E-01
    9.9999964E-01   9.9999964E-01   9.9999962E-01   9.9999962E-01

 4.1081309490E+02   2.3430318E+12   1.1041240E+14   3.7572275E+00   1.1411544E-05   9.1919188E-03   9.9970897E-01    63 
    9.9486240E-01   1.0007374E+00   1.0002892E+00   1.0005651E+00   1.0000230E+00
    1.0001159E+00   9.9993702E-01   1.0000782E+00   1.0000703E+00   9.9989449E-01
    9.9988041E-01   1.0000310E+00   9.9999141E-01   1.0000142E+00   1.0000130E+00
    9.9998846E-01   1.0000100E+00   9.9998841E-01   9.9998768E-01   1.0000048E+00
    9.9999646E-01   1.0000038E+00   1.0000035E+00   9.9999658E-01   1.0000033E+00
    9.9999656E-01   9.9999657E-01   1.0000016E+00   9.9999867E-01   1.0000013E+00
    1.0000012E+00   9.9999872E-01   1.0000012E+00   9.9999872E-01   9.9999872E-01
    1.0000006E+00   9.9999920E-01   1.0000005E+00   1.0000005E+00   9.9999931E-01
    1.0000005E+00   9.9999939E-01   9.9999921E-01   9.9999968E-01   1.0000002E+00
    9.9999980E-01   1.0000001E+00   9.9999989E-01   1.0000001E+00   9.9999993E-01
    1.0000000E+00   9.9999996E-01   1.0000000E+00   9.9999996E-01   9.9999998E-01
    9.9999994E-01   9.9999995E-01   9.9999990E-01   9.9999991E-01   9.9999985E-01
    9.9999985E-01   9.9999981E-01   9.9999981E-01   9.9999978E-01   9.9999978E-01
    9.9999976E-01   9.9999976E-01   9.9999975E-01   9.9999975E-01

 4.0675832351E+02   9.9618089E+11   1.3253706E+14   4.0399470E+00   1.0252888E-05   7.9172662E-03   9.9974932E-01    64 
    9.9699302E-01   1.0003627E+00   1.0001021E+00   1.0002629E+00   9.9993472E-01
    1.0000605E+00   9.9996692E-01   1.0000395E+00   1.0000361E+00   9.9994801E-01
    9.9994186E-01   1.0000159E+00   9.9999398E-01   1.0000074E+00   1.0000070E+00
    9.9999267E-01   1.0000052E+00   9.9999304E-01   9.9999226E-01   1.0000025E+00
    9.9999787E-01   1.0000020E+00   1.0000019E+00   9.9999794E-01   1.0000018E+00
    9.9999794E-01   9.9999797E-01   1.0000008E+00   9.9999926E-01   1.0000007E+00
    1.0000007E+00   9.9999926E-01   1.0000006E+00   9.9999923E-01   9.9999930E-01
    1.0000003E+00   9.9999939E-01   1.0000003E+00   1.0000003E+00   9.9999951E-01
    1.0000003E+00   9.9999962E-01   9.9999939E-01   9.9999981E-01   1.0000001E+00
    9.9999988E-01   1.0000001E+00   9.9999994E-01   1.0000000E+00   9.9999996E-01
    1.0000000E+00   9.9999997E-01   9.9999999E-01   9.9999997E-01   9.9999998E-01
    9.9999995E-01   9.9999996E-01   9.9999992E-01   9.9999993E-01   9.9999989E-01
    9.9999990E-01   9.9999987E-01   9.9999987E-01   9.9999985E-01   9.9999986E-01
    9.9999985E-01   9.9999985E-01   9.9999984E-01   9.9999984E-01

 4.0218807692E+02   5.0056511E+11   1.7131152E+14   4.3492523E+00   1.0021590E-05   6.2940619E-03   9.9980071E-01    65 
    9.9858223E-01   1.0001614E+00   1.0000329E+00   1.0001107E+00   9.9994552E-01
    1.0000273E+00   9.9999655E-01   1.0000179E+00   1.0000168E+00   9.9999091E-01
    9.9999039E-01   1.0000070E+00   9.9999953E-01   1.0000034E+00   1.0000033E+00
    9.9999868E-01   1.0000024E+00   9.9999884E-01   9.9999868E-01   1.0000011E+00
    1.0000000E+00   1.0000009E+00   1.0000009E+00   9.9999988E-01   1.0000008E+00
    9.9999973E-01   1.0000000E+00   1.0000004E+00   1.0000000E+00   1.0000003E+00
    1.0000003E+00   9.9999996E-01   1.0000003E+00   9.9999991E-01   1.0000000E+00
    1.0000001E+00   9.9999983E-01   1.0000001E+00   1.0000001E+00   9.9999987E-01
    1.0000001E+00   9.9999993E-01   9.9999981E-01   9.9999996E-01   1.0000000E+00
    9.9999997E-01   1.0000000E+00   9.9999998E-01   1.0000000E+00   9.9999998E-01
    1.0000000E+00   9.9999998E-01   9.9999999E-01   9.9999997E-01   9.9999998E-01
    9.9999995E-01   9.9999996E-01   9.9999993E-01   9.9999993E-01   9.9999991E-01
    9.9999991E-01   9.9999989E-01   9.9999989E-01   9.9999988E-01   9.9999988E-01
    9.9999987E-01   9.9999987E-01   9.9999987E-01   9.9999987E-01

 3.9739291705E+02   2.9293238E+11   2.3337032E+14   4.6879485E+00   1.0334155E-05   4.7406047E-03   9.9984989E-01    66 
    9.9934129E-01   1.0000687E+00   9.9999538E-01   1.0000439E+00   9.9994695E-01
    1.0000109E+00   9.9999824E-01   1.0000072E+00   1.0000070E+00   9.9999638E-01
    9.9999686E-01   1.0000027E+00   9.9999958E-01   1.0000013E+00   1.0000013E+00
    9.9999930E-01   1.0000010E+00   9.9999944E-01   9.9999936E-01   1.0000004E+00
    9.9999991E-01   1.0000004E+00   1.0000003E+00   9.9999987E-01   1.0000003E+00
    9.9999984E-01   9.9999992E-01   1.0000001E+00   9.9999993E-01   1.0000001E+00
    1.0000001E+00   9.9999993E-01   1.0000001E+00   9.9999993E-01   9.9999993E-01
    1.0000001E+00   9.9999992E-01   1.0000000E+00   1.0000000E+00   9.9999994E-01
    1.0000000E+00   9.9999996E-01   9.9999992E-01   9.9999997E-01   1.0000000E+00
    9.9999998E-01   1.0000000E+00   9.9999999E-01   1.0000000E+00   9.9999999E-01
    9.9999999E-01   9.9999998E-01   9.9999999E-01   9.9999997E-01   9.9999997E-01
    9.9999994E-01   9.9999994E-01   9.9999992E-01   9.9999992E-01   9.9999990E-01
    9.9999990E-01   9.9999989E-01   9.9999989E-01   9.9999988E-01   9.9999988E-01
    9.9999988E-01   9.9999988E-01   9.9999987E-01   9.9999987E-01

 3.9253670149E+02   1.9199594E+11   3.2845134E+14   5.0614135E+00   1.0987410E-05   3.4547312E-03   9.9989061E-01    67 
    9.9967531E-01   1.0000303E+00   9.9998100E-01   1.0000180E+00   9.9995158E-01
    1.0000042E+00   9.9999525E-01   1.0000027E+00   1.0000027E+00   9.9999422E-01
    9.9999443E-01   1.0000010E+00   9.9999883E-01   1.0000005E+00   1.0000005E+00
    9.9999885E-01   1.0000004E+00   9.9999901E-01   9.9999885E-01   1.0000002E+00
    9.9999957E-01   1.0000001E+00   1.0000001E+00   9.9999961E-01   1.0000001E+00
    9.9999967E-01   9.9999958E-01   1.0000001E+00   9.9999981E-01   1.0000000E+00
    1.0000000E+00   9.9999984E-01   1.0000000E+00   9.9999986E-01   9.9999982E-01
    1.0000000E+00   9.9999992E-01   1.0000000E+00   1.0000000E+00   9.9999993E-01
    1.0000000E+00   9.9999994E-01   9.9999993E-01   9.9999997E-01   1.0000000E+00
    9.9999998E-01   1.0000000E+00   9.9999999E-01   1.0000000E+00   9.9999999E-01
    9.9999999E-01   9.9999998E-01   9.9999998E-01   9.9999996E-01   9.9999996E-01
    9.9999993E-01   9.9999993E-01   9.9999991E-01   9.9999991E-01   9.9999989E-01
    9.9999989E-01   9.9999988E-01   9.9999988E-01   9.9999988E-01   9.9999988E-01
    9.9999988E-01   9.9999988E-01   9.9999987E-01   9.9999987E-01

 3.9023248832E+02   1.6067394E+11   3.8817285E+14   5.2538441E+00   1.1360892E-05   2.9584575E-03   9.9990632E-01    68 
    9.9978690E-01   1.0000199E+00   9.9998274E-01   1.0000110E+00   9.9996163E-01
    1.0000025E+00   9.9999566E-01   1.0000016E+00   1.0000016E+00   9.9999491E-01
    9.9999503E-01   1.0000006E+00   9.9999874E-01   1.0000003E+00   1.0000003E+00
    9.9999878E-01   1.0000002E+00   9.9999897E-01   9.9999873E-01   1.0000001E+00
    9.9999951E-01   1.0000001E+00   1.0000001E+00   9.9999957E-01   1.0000001E+00
    9.9999966E-01   9.9999952E-01   1.0000000E+00   9.9999981E-01   1.0000000E+00
    1.0000000E+00   9.9999984E-01   1.0000000E+00   9.9999986E-01   9.9999982E-01
    1.0000000E+00   9.9999993E-01   1.0000000E+00   1.0000000E+00   9.9999994E-01
    1.0000000E+00   9.9999994E-01   9.9999994E-01   9.9999997E-01   1.0000000E+00
    9.9999998E-01   1.0000000E+00   9.9999999E-01   1.0000000E+00   9.9999999E-01
    9.9999999E-01   9.9999998E-01   9.9999998E-01   9.9999995E-01   9.9999996E-01
    9.9999993E-01   9.9999993E-01   9.9999991E-01   9.9999991E-01   9.9999990E-01
    9.9999990E-01   9.9999989E-01   9.9999989E-01   9.9999989E-01   9.9999989E-01
    9.9999989E-01   9.9999989E-01   9.9999989E-01   9.9999989E-01

 3.8909141703E+02   1.4764917E+11   4.2180168E+14   5.3531018E+00   1.1554579E-05   2.7388069E-03   9.9991328E-01    69 
    9.9978944E-01   1.0000196E+00   9.9998100E-01   1.0000108E+00   9.9995951E-01
    1.0000024E+00   9.9999451E-01   1.0000015E+00   1.0000015E+00   9.9999363E-01
    9.9999363E-01   1.0000005E+00   9.9999849E-01   1.0000003E+00   1.0000003E+00
    9.9999856E-01   1.0000002E+00   9.9999877E-01   9.9999850E-01   1.0000001E+00
    9.9999942E-01   1.0000001E+00   1.0000001E+00   9.9999950E-01   1.0000001E+00
    9.9999960E-01   9.9999944E-01   1.0000000E+00   9.9999978E-01   1.0000000E+00
    1.0000000E+00   9.9999982E-01   1.0000000E+00   9.9999984E-01   9.9999980E-01
    1.0000000E+00   9.9999992E-01   1.0000000E+00   1.0000000E+00   9.9999993E-01
    1.0000000E+00   9.9999993E-01   9.9999993E-01   9.9999997E-01   1.0000000E+00
    9.9999998E-01   1.0000000E+00   9.9999999E-01   1.0000000E+00   9.9999999E-01
    9.9999999E-01   9.9999998E-01   9.9999998E-01   9.9999996E-01   9.9999996E-01
    9.9999993E-01   9.9999993E-01   9.9999992E-01   9.9999992E-01   9.9999991E-01
    9.9999991E-01   9.9999990E-01   9.9999990E-01   9.9999990E-01   9.9999990E-01
    9.9999990E-01   9.9999990E-01   9.9999990E-01   9.9999990E-01

 3.8871275267E+02   1.4325259E+11   4.3361956E+14   5.3864272E+00   1.1620544E-05   2.6694254E-03   9.9991547E-01    70 
    9.9908968E-01   1.0000442E+00   1.0000179E+00   1.0000341E+00   1.0000055E+00
    1.0000077E+00   9.9998997E-01   1.0000065E+00   1.0000063E+00   9.9998733E-01
    9.9998591E-01   1.0000017E+00   9.9999604E-01   1.0000010E+00   1.0000009E+00
    9.9999585E-01   1.0000008E+00   9.9999648E-01   9.9999536E-01   1.0000003E+00
    9.9999801E-01   1.0000003E+00   1.0000002E+00   9.9999836E-01   1.0000002E+00
    9.9999878E-01   9.9999805E-01   1.0000001E+00   9.9999929E-01   1.0000001E+00
    1.0000001E+00   9.9999942E-01   1.0000001E+00   9.9999951E-01   9.9999933E-01
    1.0000000E+00   9.9999975E-01   1.0000000E+00   1.0000000E+00   9.9999978E-01
    1.0000000E+00   9.9999980E-01   9.9999977E-01   9.9999991E-01   1.0000000E+00
    9.9999996E-01   1.0000000E+00   9.9999998E-01   1.0000000E+00   9.9999998E-01
    9.9999999E-01   9.9999997E-01   9.9999998E-01   9.9999995E-01   9.9999996E-01
    9.9999993E-01   9.9999993E-01   9.9999992E-01   9.9999992E-01   9.9999991E-01
    9.9999991E-01   9.9999990E-01   9.9999990E-01   9.9999990E-01   9.9999990E-01
    9.9999990E-01   9.9999990E-01   9.9999990E-01   9.9999990E-01
