
 24-FEB-2004                           !Format date

 3.6210709264E+02     2.7283E+05       49       70

 6.4747258971E+04   5.5341048E-05   1.2427071E+06   9.5180292E-01   4.9044662E+01   4.8914093E+02   5.0000079E-02     1 
    1.2961966E-35   7.4405369E-38   7.4405369E-38   1.2124518E-23   3.6517098E-22
    3.6517098E-22   3.1174457E-22   3.1174457E-22   4.4963108E-14   1.7317655E-13
    1.7317655E-13   1.2777597E-13   1.2777597E-13   2.7328346E-13   2.7328346E-13
    1.1432982E-09   1.8810831E-09   1.8810831E-09   1.4438961E-09   1.4438961E-09
    3.2110206E-09   2.4085660E-07   2.9954425E-07   2.0974681E-07   5.4248002E-07
    6.1224137E-06   1.0073091E-06   4.2230158E-06   1.2184115E-05   4.8448308E-05
    5.5234373E-05   2.9693491E-05   9.2496064E-05   2.0123672E-04   1.8474764E-04
    1.1351963E-04   3.7147694E-04   5.5771732E-04   4.9467420E-04   2.9686950E-04
    9.9311294E-04   1.1905695E-03   9.8589690E-04   6.0380586E-04   2.0103750E-03
    2.1314303E-03   1.7465340E-03   1.0446792E-03   3.2082115E-03

 6.4161529536E+04   5.6718701E-05   1.2661284E+06   9.5223900E-01   4.9070917E+01   4.8909830E+02   5.0000079E-02     2 
    1.3453354E-35   7.8199981E-38   7.8199981E-38   1.2413263E-23   3.7337225E-22
    3.7337225E-22   3.1853136E-22   3.1853136E-22   4.5557647E-14   1.7535882E-13
    1.7535882E-13   1.2935694E-13   1.2935694E-13   2.7665793E-13   2.7665793E-13
    1.1530122E-09   1.8964765E-09   1.8964765E-09   1.4555308E-09   1.4555308E-09
    3.2368253E-09   2.4229737E-07   3.0128270E-07   2.1094828E-07   5.4556918E-07
    6.1498801E-06   1.0117389E-06   4.2412714E-06   1.2236307E-05   4.8619030E-05
    5.5425172E-05   2.9794752E-05   9.2807490E-05   2.0181460E-04   1.8526793E-04
    1.1383704E-04   3.7249395E-04   5.5905678E-04   4.9584849E-04   2.9756661E-04
    9.9539028E-04   1.1930317E-03   9.8790191E-04   6.0501932E-04   2.0142957E-03
    2.1352863E-03   1.7496951E-03   1.0465195E-03   3.2136800E-03

 6.3005420158E+04   5.9555105E-05   1.3147138E+06   9.5302383E-01   4.9157938E+01   4.8901178E+02   5.0000079E-02     3 
    1.4336714E-35   8.5547699E-38   8.5547699E-38   1.2949724E-23   3.8864183E-22
    3.8864183E-22   3.3110397E-22   3.3110397E-22   4.6646251E-14   1.7935120E-13
    1.7935120E-13   1.3224810E-13   1.3224810E-13   2.8282866E-13   2.8282866E-13
    1.1706822E-09   1.9244811E-09   1.9244811E-09   1.4766811E-09   1.4766811E-09
    3.2837339E-09   2.4490912E-07   3.0443409E-07   2.1312575E-07   5.5116671E-07
    6.1995671E-06   1.0197885E-06   4.2742880E-06   1.2330699E-05   4.8927465E-05
    5.5770229E-05   2.9977684E-05   9.3370052E-05   2.0285792E-04   1.8620774E-04
    1.1441026E-04   3.7432974E-04   5.6147324E-04   4.9797015E-04   2.9882467E-04
    9.9950078E-04   1.1974754E-03   9.9152223E-04   6.0720730E-04   2.0213680E-03
    2.1422434E-03   1.7554324E-03   1.0498378E-03   3.2235500E-03

 6.0757735974E+04   6.5633013E-05   1.4183320E+06   9.5440569E-01   4.9525012E+01   4.8883412E+02   5.0000080E-02     4 
    1.5945252E-35   1.0050267E-37   1.0050267E-37   1.3949270E-23   4.1740136E-22
    4.1740136E-22   3.5440565E-22   3.5440565E-22   4.8622515E-14   1.8658895E-13
    1.8658895E-13   1.3748509E-13   1.3748509E-13   2.9400525E-13   2.9400525E-13
    1.2023892E-09   1.9747484E-09   1.9747484E-09   1.5145891E-09   1.5145891E-09
    3.3678052E-09   2.4956691E-07   3.1005466E-07   2.1700733E-07   5.6114173E-07
    6.2878576E-06   1.0342045E-06   4.3329284E-06   1.2498342E-05   4.9474258E-05
    5.6382987E-05   3.0301937E-05   9.4367055E-05   2.0470528E-04   1.8787526E-04
    1.1542564E-04   3.7757893E-04   5.6574593E-04   5.0173127E-04   3.0105001E-04
    1.0067735E-03   1.2053374E-03   9.9793524E-04   6.1107229E-04   2.0338689E-03
    2.1545405E-03   1.7656829E-03   1.0556996E-03   3.2410058E-03

 5.6502861170E+04   7.9762456E-05   1.6523455E+06   9.5678089E-01   5.0733403E+01   4.8846001E+02   5.0000081E-02     5 
    1.8911419E-35   1.3365679E-37   1.3365679E-37   1.5844151E-23   4.7293661E-22
    4.7293661E-22   3.9817477E-22   3.9817477E-22   5.2203926E-14   1.9967368E-13
    1.9967368E-13   1.4693909E-13   1.4693909E-13   3.1417874E-13   3.1417874E-13
    1.2587020E-09   2.0640740E-09   2.0640740E-09   1.5817800E-09   1.5817800E-09
    3.5168070E-09   2.5775185E-07   3.1993231E-07   2.2382334E-07   5.7864712E-07
    6.4420332E-06   1.0597049E-06   4.4352443E-06   1.2790826E-05   5.0425259E-05
    5.7451778E-05   3.0865752E-05   9.6100114E-05   2.0791179E-04   1.9077704E-04
    1.1718906E-04   3.8321390E-04   5.7314317E-04   5.0827191E-04   3.0490433E-04
    1.0193762E-03   1.2189636E-03   1.0090703E-03   6.1775266E-04   2.0555009E-03
    2.1758003E-03   1.7837299E-03   1.0658337E-03   3.2712134E-03

 4.8876614558E+04   1.1829673E-04   2.2435320E+06   9.6074711E-01   5.4107046E+01   4.8763377E+02   5.0000083E-02     6 
    2.4401640E-35   2.1893469E-37   2.1893469E-37   1.9575399E-23   5.8549206E-22
    5.8549206E-22   4.8303437E-22   4.8303437E-22   5.8740398E-14   2.2345726E-13
    2.2345726E-13   1.6408260E-13   1.6408260E-13   3.5075132E-13   3.5075132E-13
    1.3580520E-09   2.2217602E-09   2.2217602E-09   1.6999239E-09   1.6999239E-09
    3.7787638E-09   2.7193637E-07   3.3705072E-07   2.3562453E-07   6.0891732E-07
    6.7064172E-06   1.1043005E-06   4.6104540E-06   1.3291654E-05   5.2045167E-05
    5.9280859E-05   3.1825953E-05   9.9049492E-05   2.1335789E-04   1.9572368E-04
    1.2018627E-04   3.9276753E-04   5.8564738E-04   5.1941197E-04   3.1142008E-04
    1.0407057E-03   1.2420466E-03   1.0279940E-03   6.2901380E-04   2.0920583E-03
    2.2115884E-03   1.8150294E-03   1.0829364E-03   3.3221340E-03

 3.6918321095E+04   2.5137572E-04   4.0433366E+06   9.6635177E-01   6.3062964E+01   4.8567958E+02   5.0000088E-02     7 
    3.1604683E-35   4.6141276E-37   4.6141276E-37   2.6329710E-23   8.0399417E-22
    8.0399417E-22   6.3300740E-22   6.3300740E-22   6.9296938E-14   2.6164591E-13
    2.6164591E-13   1.9149942E-13   1.9149942E-13   4.0921198E-13   4.0921198E-13
    1.5105519E-09   2.4643888E-09   2.4643888E-09   1.8803413E-09   1.8803413E-09
    4.1787483E-09   2.9313632E-07   3.6265997E-07   2.5326455E-07   6.5401313E-07
    7.0954579E-06   1.1727828E-06   4.8676846E-06   1.4027201E-05   5.4405890E-05
    6.1978317E-05   3.3227064E-05   1.0334392E-04   2.2128769E-04   2.0297864E-04
    1.2454737E-04   4.0661428E-04   6.0368001E-04   5.3573641E-04   3.2080641E-04
    1.0715136E-03   1.2754616E-03   1.0557131E-03   6.4518627E-04   2.1449950E-03
    2.2627203E-03   1.8626866E-03   1.1076269E-03   3.3949557E-03

 2.7877515296E+04   5.4468748E-04   7.2537464E+06   9.7150314E-01   7.3107087E+01   4.8304144E+02   5.0000097E-02     8 
    3.8396259E-35   9.1742990E-37   9.1742990E-37   3.4480877E-23   1.0797821E-21
    1.0797821E-21   8.0944802E-22   8.0944802E-22   8.0540286E-14   3.0204724E-13
    3.0204724E-13   2.2040633E-13   2.2040633E-13   4.7080996E-13   4.7080996E-13
    1.6641342E-09   2.7086119E-09   2.7086119E-09   2.0610776E-09   2.0610776E-09
    4.5794419E-09   3.1386514E-07   3.8769136E-07   2.7050540E-07   6.9797668E-07
    7.4694645E-06   1.2402872E-06   5.1143659E-06   1.4733285E-05   5.6652799E-05
    6.4572475E-05   3.4564785E-05   1.0742913E-04   2.2883845E-04   2.0991320E-04
    1.2866183E-04   4.1972822E-04   6.2067534E-04   5.5114795E-04   3.2961808E-04
    1.1003548E-03   1.3065968E-03   1.0819981E-03   6.6036617E-04   2.1950198E-03
    2.3102184E-03   1.9084370E-03   1.1307821E-03   3.4622908E-03

 2.1079624585E+04   1.1941131E-03   1.2929357E+07   9.7668359E-01   8.2585322E+01   4.7954166E+02   5.0000109E-02     9 
    4.5608085E-35   1.7768874E-36   1.7768874E-36   4.5093607E-23   1.4417481E-21
    1.4417481E-21   1.0339174E-21   1.0339174E-21   9.3540820E-14   3.4844471E-13
    3.4844471E-13   2.5354721E-13   2.5354721E-13   5.4136935E-13   5.4136935E-13
    1.8325234E-09   2.9756470E-09   2.9756470E-09   2.2583788E-09   2.2583788E-09
    5.0169944E-09   3.3596156E-07   4.1432330E-07   2.8882757E-07   7.4476599E-07
    7.8620469E-06   1.3110705E-06   5.3727248E-06   1.5474402E-05   5.8992720E-05
    6.7280409E-05   3.5959429E-05   1.1168342E-04   2.3664882E-04   2.1710714E-04
    1.3287541E-04   4.3332453E-04   6.3823679E-04   5.6682929E-04   3.3868267E-04
    1.1298212E-03   1.3380957E-03   1.1086987E-03   6.7601400E-04   2.2461350E-03
    2.3587685E-03   1.9549320E-03   1.1542833E-03   3.5309149E-03

 1.5966570194E+04   2.6411859E-03   2.2938191E+07   9.8171647E-01   9.0545077E+01   4.7492940E+02   5.0000127E-02    10 
    5.1562537E-35   3.2683182E-36   3.2683182E-36   5.8359195E-23   1.8908021E-21
    1.8908021E-21   1.3084290E-21   1.3084290E-21   1.0801485E-13   3.9975233E-13
    3.9975233E-13   2.9018388E-13   2.9018388E-13   6.1926903E-13   6.1926903E-13
    2.0105075E-09   3.2571123E-09   3.2571123E-09   2.4661836E-09   2.4661836E-09
    5.4782337E-09   3.5868433E-07   4.4164637E-07   3.0759477E-07   7.9288019E-07
    8.2604176E-06   1.3821301E-06   5.6341356E-06   1.6227368E-05   6.1355846E-05
    6.9990297E-05   3.7357392E-05   1.1597228E-04   2.4438352E-04   2.2425500E-04
    1.3704379E-04   4.4692479E-04   6.5577862E-04   5.8226315E-04   3.4769862E-04
    1.1590405E-03   1.3690598E-03   1.1347172E-03   6.9163780E-04   2.2961105E-03
    2.4070032E-03   2.0003928E-03   1.1773515E-03   3.5992896E-03

 1.2123903866E+04   5.8850536E-03   4.0516400E+07   9.8657618E-01   9.6490096E+01   4.6899372E+02   5.0000154E-02    11 
    5.5417069E-35   5.6959366E-36   5.6959366E-36   7.4660655E-23   2.4295899E-21
    2.4295899E-21   1.6390115E-21   1.6390115E-21   1.2393637E-13   4.5582955E-13
    4.5582955E-13   3.3025776E-13   3.3025776E-13   7.0433469E-13   7.0433469E-13
    2.1968132E-09   3.5506415E-09   3.5506415E-09   2.6830629E-09   2.6830629E-09
    5.9603520E-09   3.8185624E-07   4.6943350E-07   3.2667377E-07   8.4199711E-07
    8.6628217E-06   1.4524346E-06   5.8969208E-06   1.6987598E-05   6.3734382E-05
    7.2657055E-05   3.8740436E-05   1.2025307E-04   2.5196467E-04   2.3123855E-04
    1.4116009E-04   4.6033154E-04   6.7304186E-04   5.9744296E-04   3.5658579E-04
    1.1879656E-03   1.3995536E-03   1.1600038E-03   7.0700578E-04   2.3447268E-03
    2.4545688E-03   2.0443288E-03   1.2000687E-03   3.6671659E-03

 9.2330519028E+03   1.3203794E-02   7.1288030E+07   9.9130130E-01   1.0016238E+02   4.6151568E+02   5.0000198E-02    12 
    5.7010510E-35   9.4619355E-36   9.4619355E-36   9.4627422E-23   3.0632956E-21
    3.0632956E-21   2.0363342E-21   2.0363342E-21   1.4147673E-13   5.1723454E-13
    5.1723454E-13   3.7417333E-13   3.7417333E-13   7.9741182E-13   7.9741182E-13
    2.3925864E-09   3.8576935E-09   3.8576935E-09   2.9102820E-09   2.9102820E-09
    6.4664433E-09   4.0561727E-07   4.9783250E-07   3.4619027E-07   8.9239938E-07
    9.0729274E-06   1.5220788E-06   6.1631776E-06   1.7756754E-05   6.6130548E-05
    7.5290342E-05   4.0116912E-05   1.2451739E-04   2.5947950E-04   2.3809805E-04
    1.4527853E-04   4.7356278E-04   6.9000710E-04   6.1253685E-04   3.6539371E-04
    1.2167339E-03   1.4299830E-03   1.1849629E-03   7.2206610E-04   2.3927445E-03
    2.5015785E-03   2.0866255E-03   1.2227180E-03   3.7341362E-03

 7.0468656605E+03   2.9799381E-02   1.2541351E+08   9.9609317E-01   1.0151819E+02   4.5176023E+02   5.0000274E-02    13 
    5.7415407E-35   1.5310408E-35   1.5310408E-35   1.2003396E-22   3.8249244E-21
    3.8249244E-21   2.5326908E-21   2.5326908E-21   1.6159046E-13   5.8725532E-13
    5.8725532E-13   4.2421310E-13   4.2421310E-13   9.0340809E-13   9.0340809E-13
    2.6070097E-09   4.1920983E-09   4.1920983E-09   3.1583795E-09   3.1583795E-09
    7.0196269E-09   4.3105276E-07   5.2810816E-07   3.6703430E-07   9.4630387E-07
    9.5072029E-06   1.5937773E-06   6.4455974E-06   1.8562383E-05   6.8612201E-05
    7.8012203E-05   4.1553218E-05   1.2893305E-04   2.6730665E-04   2.4516671E-04
    1.4959309E-04   4.8723158E-04   7.0745369E-04   6.2809025E-04   3.7453318E-04
    1.2464372E-03   1.4615850E-03   1.2108372E-03   7.3751465E-04   2.4426578E-03
    2.5500234E-03   2.1280950E-03   1.2460833E-03   3.8025028E-03

 5.3967353761E+03   6.7061084E-02   2.2052879E+08   1.0011186E+00   1.0079314E+02   4.3906271E+02   5.0000418E-02    14 
    5.7902783E-35   2.4586460E-35   2.4586460E-35   1.5363630E-22   4.7683549E-21
    4.7683549E-21   3.1768940E-21   3.1768940E-21   1.8550996E-13   6.7013338E-13
    6.7013338E-13   4.8325026E-13   4.8325026E-13   1.0285372E-12   1.0285372E-12
    2.8505699E-09   4.5693658E-09   4.5693658E-09   3.4393878E-09   3.4393878E-09
    7.6453544E-09   4.5932855E-07   5.6160749E-07   3.9013742E-07   1.0059290E-06
    9.9783449E-06   1.6699582E-06   6.7562246E-06   1.9434441E-05   7.1258169E-05
    8.0943885E-05   4.3113356E-05   1.3369277E-04   2.7578804E-04   2.5276160E-04
    1.5424827E-04   5.0197127E-04   7.2618709E-04   6.4449245E-04   3.8437051E-04
    1.2782666E-03   1.4953115E-03   1.2384737E-03   7.5410570E-04   2.4965054E-03
    2.6015974E-03   2.1696763E-03   1.2709076E-03   3.8755729E-03

 4.1536723046E+03   1.4875252E-01   3.8726787E+08   1.0066960E+00   9.8582978E+01   4.2279808E+02   5.0000720E-02    15 
    6.0977914E-35   4.0663808E-35   4.0663808E-35   2.0146276E-22   6.0298466E-21
    6.0298466E-21   4.0748016E-21   4.0748016E-21   2.1588598E-13   7.7497122E-13
    7.7497122E-13   5.5748912E-13   5.5748912E-13   1.1860582E-12   1.1860582E-12
    3.1454794E-09   5.0227272E-09   5.0227272E-09   3.7781663E-09   3.7781663E-09
    8.3969578E-09   4.9281095E-07   6.0110116E-07   4.1729134E-07   1.0756623E-06
    1.0518004E-05   1.7554404E-06   7.1152891E-06   2.0439301E-05   7.4267961E-05
    8.4307309E-05   4.4906887E-05   1.3916147E-04   2.8548156E-04   2.6140627E-04
    1.5952079E-04   5.1884915E-04   7.4754800E-04   6.6285233E-04   3.9555163E-04
    1.3143550E-03   1.5333323E-03   1.2692551E-03   7.7303311E-04   2.5574324E-03
    2.6595995E-03   2.2146335E-03   1.2990403E-03   3.9587166E-03

 3.2194314628E+03   3.2129045E-01   6.7695692E+08   1.0131732E+00   9.5604748E+01   4.0313582E+02   5.0001386E-02    16 
    7.0270931E-35   7.2284649E-35   7.2284649E-35   2.7498744E-22   7.8697964E-21
    7.8697964E-21   5.4217406E-21   5.4217406E-21   2.5694283E-13   9.1607458E-13
    9.1607458E-13   6.5667511E-13   6.5667511E-13   1.3966709E-12   1.3966709E-12
    3.5237153E-09   5.5997096E-09   5.5997096E-09   4.2089303E-09   4.2089303E-09
    9.3490607E-09   5.3449835E-07   6.5017143E-07   4.5073606E-07   1.1613171E-06
    1.1171016E-05   1.8568999E-06   7.5466391E-06   2.1659490E-05   7.7892042E-05
    8.8344008E-05   4.7054501E-05   1.4574944E-04   2.9697577E-04   2.7163560E-04
    1.6579119E-04   5.3892609E-04   7.7290259E-04   6.8461157E-04   4.0887010E-04
    1.3568773E-03   1.5781114E-03   1.3051476E-03   7.9549734E-04   2.6290245E-03
    2.7278580E-03   2.2668332E-03   1.3324616E-03   4.0564314E-03

 2.5111034029E+03   6.6939521E-01   1.1826605E+09   1.0217669E+00   9.2783425E+01   3.7965863E+02   5.0003031E-02    17 
    1.0151087E-34   1.5747259E-34   1.5747259E-34   4.1305534E-22   1.1198141E-20
    1.1198141E-20   7.8740475E-21   7.8740475E-21   3.2262858E-13   1.1400503E-12
    1.1400503E-12   8.1315722E-13   8.1315722E-13   1.7290199E-12   1.7290199E-12
    4.0891409E-09   6.4563972E-09   6.4563972E-09   4.8452465E-09   4.8452465E-09
    1.0753416E-08   5.9403249E-07   7.2025160E-07   4.9832982E-07   1.2831678E-06
    1.2087350E-05   1.9984984E-06   8.1435752E-06   2.3365484E-05   8.2923923E-05
    9.3877254E-05   5.0002008E-05   1.5479211E-04   3.1258227E-04   2.8550316E-04
    1.7436731E-04   5.6603314E-04   8.0714955E-04   7.1416206E-04   4.2696731E-04
    1.4140524E-03   1.6382667E-03   1.3535680E-03   8.2576529E-04   2.7246909E-03
    2.8191538E-03   2.3368895E-03   1.3773234E-03   4.1862078E-03

 1.9725579998E+03   1.3146071E+00   2.0786307E+09   1.0345962E+00   9.1562510E+01   3.5028246E+02   5.0008070E-02    18 
    2.3051705E-34   5.1381349E-34   5.1381349E-34   7.4876183E-22   1.8985787E-20
    1.8985787E-20   1.3584421E-20   1.3584421E-20   4.5003213E-13   1.5684419E-12
    1.5684419E-12   1.1111304E-12   1.1111304E-12   2.3618351E-12   2.3618351E-12
    5.0797215E-09   7.9486516E-09   7.9486516E-09   5.9484423E-09   5.9484423E-09
    1.3188921E-08   6.9218987E-07   8.3549181E-07   5.7692712E-07   1.4842252E-06
    1.3566620E-05   2.2283157E-06   9.0979590E-06   2.6096229E-05   9.0865671E-05
    1.0256288E-04   5.4634465E-05   1.6889868E-04   3.3682048E-04   3.0704946E-04
    1.8765734E-04   6.0776477E-04   8.5957945E-04   7.5949681E-04   4.5479373E-04
    1.5014529E-03   1.7297376E-03   1.4275821E-03   8.7182623E-04   2.8693406E-03
    2.9570102E-03   2.4437374E-03   1.4452704E-03   4.3815700E-03

 1.5675962481E+03   2.3530721E+00   3.6606799E+09   1.0535249E+00   9.3582013E+01   3.1499047E+02   5.0026168E-02    19 
    9.8846274E-34   2.9407800E-33   2.9407800E-33   1.7540666E-21   4.0994871E-20
    4.0994871E-20   2.9645928E-20   2.9645928E-20   7.2469496E-13   2.4733443E-12
    2.4733443E-12   1.7369720E-12   1.7369720E-12   3.6906070E-12   3.6906070E-12
    6.9185479E-09   1.0698479E-08   1.0698479E-08   7.9737171E-09   7.9737171E-09
    1.7661405E-08   8.6071825E-07   1.0321490E-06   7.1137008E-07   1.8277376E-06
    1.6001949E-05   2.6093489E-06   1.0662700E-05   3.0550425E-05   1.0350544E-04
    1.1643504E-04   6.2010497E-05   1.9125370E-04   3.7477102E-04   3.4083679E-04
    2.0838663E-04   6.7275674E-04   9.4025855E-04   8.2935646E-04   4.9792423E-04
    1.6354049E-03   1.8689292E-03   1.5400677E-03   9.4220947E-04   3.0885888E-03
    3.1649405E-03   2.6070083E-03   1.5484708E-03   4.6749512E-03

 1.2637851682E+03   3.7570292E+00   6.3648066E+09   1.0806701E+00   1.0030800E+02   2.7849159E+02   5.0088337E-02    20 
    9.4997353E-33   3.4698437E-32   3.4698437E-32   5.6469830E-21   1.1989623E-19
    1.1989623E-19   8.6567981E-20   8.6567981E-20   1.3947652E-12   4.6194736E-12
    4.6194736E-12   3.2083780E-12   3.2083780E-12   6.8119876E-12   6.8119876E-12
    1.0562656E-08   1.6085201E-08   1.6085201E-08   1.1920274E-08   1.1920274E-08
    2.6371308E-08   1.1610483E-06   1.3797063E-06   9.4820881E-07   2.4321919E-06
    2.0062651E-05   3.2482177E-06   1.3264912E-05   3.7910187E-05   1.2371370E-04
    1.3864432E-04   7.3770809E-05   2.2683323E-04   4.3381924E-04   3.9341530E-04
    2.4068039E-04   7.7338656E-04   1.0634940E-03   9.3603240E-04   5.6429640E-04
    1.8381769E-03   2.0781954E-03   1.7087433E-03   1.0485632E-03   3.4159323E-03
    3.4735956E-03   2.8522053E-03   1.7027691E-03   5.1072276E-03

 1.0329518936E+03   4.9534389E+00   1.1172428E+10   1.1195409E+00   1.1924239E+02   2.3624918E+02   5.0361132E-02    21 
    2.6091095E-31   1.0437413E-30   1.0437413E-30   2.7323101E-20   5.1732572E-19
    5.1732572E-19   3.6700179E-19   3.6700179E-19   3.3752059E-12   1.0721307E-11
    1.0721307E-11   7.3389969E-12   7.3389969E-12   1.5558901E-11   1.5558901E-11
    1.8686633E-08   2.7891083E-08   2.7891083E-08   2.0499866E-08   2.0499866E-08
    4.5269091E-08   1.7399631E-06   2.0424521E-06   1.3968593E-06   3.5744411E-06
    2.7215223E-05   4.3716121E-06   1.7816017E-05   5.0717483E-05   1.5742439E-04
    1.7550700E-04   9.3267430E-05   2.8553820E-04   5.2854293E-04   4.7754517E-04
    2.9260584E-04   9.3325564E-04   1.2561002E-03   1.1024442E-03   6.6919921E-04
    2.1514646E-03   2.3984198E-03   1.9668129E-03   1.2125471E-03   3.9125931E-03
    3.9382486E-03   3.2228759E-03   1.9379492E-03   5.7541263E-03

 8.6054873382E+02   5.1890490E+00   1.9213645E+10   1.1705231E+00   1.6064338E+02   1.9358916E+02   5.1497040E-02    22 
    1.8145590E-29   7.1171514E-29   7.1171514E-29   1.8470971E-19   3.0794257E-18
    3.0794257E-18   2.1121048E-18   2.1121048E-18   9.8645204E-12   2.9755645E-11
    2.9755645E-11   2.0004402E-11   2.0004402E-11   4.2314344E-11   4.2314344E-11
    3.7350353E-08   5.4414085E-08   5.4414085E-08   3.9562091E-08   3.9562091E-08
    8.7141906E-08   2.8449785E-06   3.2911745E-06   2.2353972E-06   5.7007241E-06
    3.9427695E-05   6.2770434E-06   2.5491259E-05   7.2210191E-05   2.1108696E-04
    2.3380229E-04   1.2407806E-04   3.7748891E-04   6.7220052E-04   6.0474289E-04
    3.7152322E-04   1.1722202E-03   1.5382473E-03   1.3457429E-03   8.2573796E-04
    2.6040710E-03   2.8554892E-03   2.3348600E-03   1.4494845E-03   4.6142707E-03
    4.5874669E-03   3.7407333E-03   2.2736087E-03   6.6534590E-03

 7.3107577657E+02   4.0797929E+00   3.1136296E+10   1.2336915E+00   2.4904734E+02   1.5255134E+02   5.5879179E-02    23 
    2.7025251E-27   9.6036562E-27   9.6036562E-27   1.5878542E-18   2.3084441E-17
    2.3084441E-17   1.5137070E-17   1.5137070E-17   3.3024340E-11   9.3977613E-11
    9.3977613E-11   6.1836454E-11   6.1836454E-11   1.3045745E-10   1.3045745E-10
    8.1582282E-08   1.1560088E-07   1.1560088E-07   8.2974614E-08   8.2974614E-08
    1.8221955E-07   4.9536321E-06   5.6403722E-06   3.7990973E-06   9.6476043E-06
    5.9939569E-05   9.4540305E-06   3.8195083E-05   1.0754804E-04   2.9405643E-04
    3.2346864E-04   1.7136457E-04   5.1718444E-04   8.8235711E-04   7.9023620E-04
    4.8734677E-04   1.5160153E-03   1.9350706E-03   1.6871208E-03   1.0507397E-03
    3.2301980E-03   3.4797849E-03   2.8358911E-03   1.7776555E-03   5.5598831E-03
    5.4524826E-03   4.4290191E-03   2.7314123E-03   7.8423721E-03

 6.3389948177E+02   2.1873570E+00   4.3521828E+10   1.3033822E+00   4.3933707E+02   1.1515180E+02   7.0451757E-02    24 
    5.0899981E-25   1.6201390E-24   1.6201390E-24   1.3416021E-17   1.6961847E-16
    1.6961847E-16   1.0673808E-16   1.0673808E-16   1.0950386E-10   2.9437363E-10
    2.9437363E-10   1.8942719E-10   1.8942719E-10   3.9860108E-10   3.9860108E-10
    1.7733927E-07   2.4433015E-07   2.4433015E-07   1.7312948E-07   1.7312948E-07
    3.7900663E-07   8.5952204E-06   9.6363947E-06   6.4362802E-06   1.6271179E-05
    9.0942256E-05   1.4213997E-05   5.7124937E-05   1.5977448E-04   4.0907939E-04
    4.4707187E-04   2.3643998E-04   7.0741083E-04   1.1575080E-03   1.0319917E-03
    6.3900511E-04   1.9582249E-03   2.4339630E-03   2.1150031E-03   1.3361947E-03
    4.0037177E-03   4.2415866E-03   3.4458431E-03   2.1808938E-03   6.6953403E-03
    6.4841298E-03   5.2481228E-03   3.2825911E-03   9.2445481E-03

 5.6245123710E+02   5.9469938E-01   4.9485731E+10   1.3655415E+00   9.6457362E+02   8.3784488E+01   1.0818605E-01    25 
    5.5673176E-23   1.6353100E-22   1.6353100E-22   7.5011845E-17   8.3923258E-16
    8.3923258E-16   5.1580633E-16   5.1580633E-16   2.8796463E-10   7.3973332E-10
    7.3973332E-10   4.6744415E-10   4.6744415E-10   9.8146915E-10   9.8146915E-10
    3.3200792E-07   4.4705184E-07   4.4705184E-07   3.1355747E-07   3.1355747E-07
    6.8449663E-07   1.3418507E-05   1.4853170E-05   9.8568213E-06   2.4817919E-05
    1.2742927E-04   1.9753477E-05   7.9142051E-05   2.2000596E-04   5.3438939E-04
    5.8091309E-04   3.0690742E-04   9.1139158E-04   1.4427778E-03   1.2813858E-03
    7.9503669E-04   2.4094575E-03   2.9331700E-03   2.5418786E-03   1.6162079E-03
    4.7666555E-03   4.9862361E-03   4.0426092E-03   2.5711335E-03   7.7859275E-03
    7.4785844E-03   6.0385763E-03   3.8029552E-03   1.0577987E-02

 5.1226780450E+02   5.4495872E-02   5.0595258E+10   1.4070038E+00   3.4113533E+03   6.0317946E+01   1.7721312E-01    26 
    2.3366502E-21   6.5373759E-21   6.5373759E-21   2.1743744E-16   2.2332901E-15
    2.2332901E-15   1.3665777E-15   1.3665777E-15   5.2371052E-10   1.3081312E-09
    1.3081312E-09   8.1746612E-10   8.1746612E-10   1.7139526E-09   1.7139526E-09
    4.8949643E-07   6.4974498E-07   6.4974498E-07   4.5296980E-07   4.5296980E-07
    9.8696049E-07   1.7682898E-05   1.9417025E-05   1.2840072E-05   3.2237152E-05
    1.5708202E-04   2.4209216E-05   9.6933685E-05   2.6826980E-04   6.3063494E-04
    6.8327521E-04   3.6107387E-04   1.0666115E-03   1.6546826E-03   1.4659802E-03
    9.1073595E-04   2.7411491E-03   3.2951774E-03   2.8509172E-03   1.8161264E-03
    5.3151401E-03   5.5192248E-03   4.4710426E-03   2.8496185E-03   8.5571063E-03
    8.1869719E-03   6.6020007E-03   4.1675914E-03   1.1524965E-02

 4.7604742942E+02   1.2517558E-03   5.2771843E+10   1.4291120E+00   2.4674463E+04   4.3510015E+01   2.7276739E-01    27 
    5.7823812E-20   1.5983830E-19   1.5983830E-19   3.7421825E-16   3.6074135E-15
    3.6074135E-15   2.2464713E-15   2.2464713E-15   7.1064810E-10   1.7498618E-09
    1.7498618E-09   1.0875014E-09   1.0875014E-09   2.2784167E-09   2.2784167E-09
    5.9683769E-07   7.8637527E-07   7.8637527E-07   5.4673492E-07   5.4673492E-07
    1.1900176E-06   2.0359310E-05   2.2266671E-05   1.4706171E-05   3.6856973E-05
    1.7481366E-04   2.6831884E-05   1.0762843E-04   2.9698365E-04   6.8624421E-04
    7.4224878E-04   3.9293337E-04   1.1563767E-03   1.7752889E-03   1.5707541E-03
    9.7875368E-04   2.9293335E-03   3.4988657E-03   3.0247312E-03   1.9353950E-03
    5.6231451E-03   5.8179991E-03   4.7118523E-03   3.0145169E-03   8.9910105E-03
    8.5836312E-03   6.9120007E-03   4.3841738E-03   1.2072531E-02

 4.4799907142E+02   1.0294544E-05   5.8728015E+10   1.4395820E+00   2.6271356E+05   3.1358450E+01   3.8401313E-01    28 
    9.9680698E-19   2.8882130E-18   2.8882130E-18   4.8397525E-16   4.0588684E-15
    4.0588684E-15   2.8271966E-15   2.8271966E-15   8.1862606E-10   2.0017547E-09
    2.0017547E-09   1.2420105E-09   1.2420105E-09   2.6012767E-09   2.6012767E-09
    6.5439369E-07   8.5837652E-07   8.5837652E-07   5.9697565E-07   5.9697565E-07
    1.2986934E-06   2.1733759E-05   2.3718498E-05   1.5677317E-05   3.9245931E-05
    1.8371229E-04   2.7904729E-05   1.1314710E-04   3.1153474E-04   7.1360338E-04
    7.7030830E-04   4.0954954E-04   1.2014151E-03   1.8347799E-03   1.6206986E-03
    1.0165263E-03   3.0229687E-03   3.5992515E-03   3.1082284E-03   2.0096532E-03
    5.7763221E-03   5.9655383E-03   4.8279245E-03   3.1132218E-03   9.2141624E-03
    8.7766499E-03   7.0269865E-03   4.5181478E-03   1.2373492E-02

 4.2261913076E+02   4.4330423E-07   7.0723932E+10   1.4488038E+00   5.5673160E+05   2.2591055E+01   4.9738827E-01    29 
    2.9253267E-18   9.2433467E-18   9.2433467E-18   6.0935619E-16   4.5294934E-15
    4.5294934E-15   3.4560376E-15   3.4560376E-15   9.2634128E-10   2.2520457E-09
    2.2520457E-09   1.3949011E-09   1.3949011E-09   2.9206615E-09   2.9206615E-09
    7.0936811E-07   9.2730424E-07   9.2730424E-07   6.4485122E-07   6.4485122E-07
    1.4021116E-06   2.3012568E-05   2.5082192E-05   1.6589740E-05   4.1475997E-05
    1.9187540E-04   2.8961369E-05   1.1832730E-04   3.2497455E-04   7.3845433E-04
    7.9622080E-04   4.2545258E-04   1.2427835E-03   1.8889946E-03   1.6670979E-03
    1.0554418E-03   3.1083852E-03   3.6905394E-03   3.1859011E-03   2.0956531E-03
    5.9155618E-03   6.0986068E-03   4.9342130E-03   3.2216191E-03   9.4239758E-03
    8.9460170E-03   7.1345817E-03   4.6706972E-03   1.2667348E-02

 4.0303461644E+02   8.3787967E-08   8.6851093E+10   1.4665375E+00   6.8231538E+05   1.7164884E+01   5.8608847E-01    30 
    7.6699546E-18   2.5441367E-17   2.5441367E-17   9.2859282E-16   6.6651086E-15
    6.6651086E-15   5.0524213E-15   5.0524213E-15   1.1696169E-09   2.8147634E-09
    2.8147634E-09   1.7348680E-09   1.7348680E-09   3.6303558E-09   3.6303558E-09
    8.2580601E-07   1.0743209E-06   1.0743209E-06   7.4505139E-07   7.4505139E-07
    1.6184041E-06   2.5636989E-05   2.7888541E-05   1.8428992E-05   4.5980728E-05
    2.0826913E-04   3.1484812E-05   1.2846191E-04   3.5154832E-04   7.8790080E-04
    8.4925839E-04   4.5563680E-04   1.3231457E-03   1.9947991E-03   1.7604092E-03
    1.1255027E-03   3.2725473E-03   3.8663433E-03   3.3391461E-03   2.2407668E-03
    6.1797609E-03   6.3512065E-03   5.1408861E-03   3.4051850E-03   9.8073772E-03
    9.2682501E-03   7.3954417E-03   4.9235923E-03   1.3173058E-02

 3.9909024264E+02   3.1942744E-08   1.1059166E+11   1.4575139E+00   1.1219893E+06   1.1577016E+01   6.9584624E-01    31 
    6.0743313E-18   2.1893788E-17   2.1893788E-17   7.5673688E-16   5.4972384E-15
    5.4972384E-15   4.1829705E-15   4.1829705E-15   1.0415933E-09   2.5228523E-09
    2.5228523E-09   1.5571092E-09   1.5571092E-09   3.2593217E-09   3.2593217E-09
    7.6640514E-07   1.0005541E-06   1.0005541E-06   6.9429726E-07   6.9429726E-07
    1.5084761E-06   2.4310059E-05   2.6516279E-05   1.7533206E-05   4.3741944E-05
    2.0001414E-04   3.0343216E-05   1.2374601E-04   3.3859240E-04   7.6338011E-04
    8.2370871E-04   4.4339851E-04   1.2843784E-03   1.9435759E-03   1.7172584E-03
    1.1097097E-03   3.1925432E-03   3.7808586E-03   3.2692288E-03   2.2492572E-03
    6.0489479E-03   6.2206449E-03   5.0365094E-03   3.3918115E-03   9.6448328E-03
    9.0740981E-03   7.2431305E-03   4.9275842E-03   1.2990663E-02

 3.9826877321E+02   1.8726083E-08   1.3186916E+11   1.4482779E+00   1.6019525E+06   8.9977787E+00   7.5382942E-01    32 
    4.3824835E-18   1.6733571E-17   1.6733571E-17   6.1142667E-16   4.4988143E-15
    4.4988143E-15   3.4370250E-15   3.4370250E-15   9.2328197E-10   2.2508906E-09
    2.2508906E-09   1.3913995E-09   1.3913995E-09   2.9132848E-09   2.9132848E-09
    7.0906651E-07   9.2892449E-07   9.2892449E-07   6.4498376E-07   6.4498376E-07
    1.4016783E-06   2.3003659E-05   2.5151610E-05   1.6638076E-05   4.1514046E-05
    1.9177498E-04   2.9171348E-05   1.1891821E-04   3.2550123E-04   7.3873453E-04
    7.9777190E-04   4.3040709E-04   1.2447393E-03   1.8913072E-03   1.6727843E-03
    1.0902634E-03   3.1101625E-03   3.6929061E-03   3.1965029E-03   2.2446344E-03
    5.9132157E-03   6.0855574E-03   4.9281435E-03   3.3636006E-03   9.4694823E-03
    8.8745924E-03   7.0880141E-03   4.9077781E-03   1.2779322E-02

 3.9773413733E+02   9.4737480E-09   1.7339639E+11   1.4397717E+00   2.5550377E+06   6.3066431E+00   8.1988453E-01    33 
    3.3148782E-18   1.3333048E-17   1.3333048E-17   5.0209177E-16   3.7360252E-15
    3.7360252E-15   2.8633043E-15   2.8633043E-15   8.2562860E-10   2.0264781E-09
    2.0264781E-09   1.2534885E-09   1.2534885E-09   2.6251141E-09   2.6251141E-09
    6.6005691E-07   8.6796337E-07   8.6796337E-07   6.0251801E-07   6.0251801E-07
    1.3094956E-06   2.1868443E-05   2.3974935E-05   1.5855767E-05   3.9554592E-05
    1.8447768E-04   2.8166065E-05   1.1465275E-04   3.1387950E-04   7.1713491E-04
    7.7501861E-04   4.1958006E-04   1.2090408E-03   1.8446368E-03   1.6337960E-03
    1.0812191E-03   3.0338679E-03   3.6120981E-03   3.1321361E-03   2.2799735E-03
    5.7826935E-03   5.9508416E-03   4.8215342E-03   3.3699424E-03   9.3073905E-03
    8.6530012E-03   6.9246046E-03   4.9434339E-03   1.2572833E-02

 3.9700341753E+02   3.5449105E-09   2.3038693E+11   1.4241189E+00   4.6483589E+06   4.4995582E+00   8.6768462E-01    34 
    1.8758069E-18   8.3107766E-18   8.3107766E-18   3.4623042E-16   2.6337888E-15
    2.6337888E-15   2.0318137E-15   2.0318137E-15   6.6916607E-10   1.6617283E-09
    1.6617283E-09   1.0300036E-09   1.0300036E-09   2.1580000E-09   2.1580000E-09
    5.7649889E-07   7.6292622E-07   7.6292622E-07   5.2982937E-07   5.2982937E-07
    1.1518679E-06   1.9870799E-05   2.1877819E-05   1.4470312E-05   3.6099277E-05
    1.7142186E-04   2.6319045E-05   1.0695108E-04   2.9293270E-04   6.7748695E-04
    7.3312528E-04   3.9892338E-04   1.1441912E-03   1.7589455E-03   1.5613077E-03
    1.0545050E-03   2.8956686E-03   3.4649315E-03   3.0139948E-03   2.2937834E-03
    5.5502555E-03   5.7154992E-03   4.6397420E-03   3.3414139E-03   9.0060840E-03
    8.2924950E-03   6.6675141E-03   4.9366275E-03   1.2195407E-02

 3.9592477390E+02   8.7185672E-10   3.0544441E+11   1.4024824E+00   9.2834827E+06   3.2816942E+00   9.0156189E-01    35 
    8.0663513E-19   4.1126356E-18   4.1126356E-18   2.0378256E-16   1.6023769E-15
    1.6023769E-15   1.2478673E-15   1.2478673E-15   4.9657508E-10   1.2529814E-09
    1.2529814E-09   7.7915199E-10   7.7915199E-10   1.6334800E-09   1.6334800E-09
    4.7553917E-07   6.3483072E-07   6.3483072E-07   4.4127816E-07   4.4127816E-07
    9.5985415E-07   1.7338498E-05   1.9199132E-05   1.2703379E-05   3.1696541E-05
    1.5440485E-04   2.3888510E-05   9.6861917E-05   2.6546384E-04   6.2466877E-04
    6.7712718E-04   3.7104878E-04   1.0577838E-03   1.6436709E-03   1.4633667E-03
    1.0140374E-03   2.7099488E-03   3.2665044E-03   2.8555090E-03   2.2870626E-03
    5.2383963E-03   5.4017129E-03   4.4029664E-03   3.2844086E-03   8.5924932E-03
    7.8275383E-03   6.3468055E-03   4.8920299E-03   1.1678403E-02

 3.9484218192E+02   1.6089897E-10   4.1242133E+11   1.3823317E+00   1.8331864E+07   2.3719043E+00   9.2778221E-01    36 
    3.5441469E-19   2.0739689E-18   2.0739689E-18   1.2251776E-16   9.9545291E-16
    9.9545291E-16   7.8172094E-16   7.8172094E-16   3.7334988E-10   9.5676876E-10
    9.5676876E-10   5.9617946E-10   5.9617946E-10   1.2507042E-09   1.2507042E-09
    3.9566083E-07   5.3286530E-07   5.3286530E-07   3.7037285E-07   3.7037285E-07
    8.0594070E-07   1.5225462E-05   1.6959121E-05   1.1217409E-05   2.7981646E-05
    1.3965986E-04   2.1813995E-05   8.8113157E-05   2.4153375E-04   5.7840797E-04
    6.2774468E-04   3.4723802E-04   9.8073319E-04   1.5405151E-03   1.3765301E-03
    9.8596646E-04   2.5400966E-03   3.0861138E-03   2.7180947E-03   2.3101942E-03
    4.9483543E-03   5.1057995E-03   4.1923929E-03   3.2618758E-03   8.2065905E-03
    7.3808608E-03   6.0665627E-03   4.8916169E-03   1.1181374E-02

 3.9383947085E+02   2.0618188E-11   5.6059238E+11   1.3630245E+00   3.5498407E+07   1.7147075E+00   9.4722357E-01    37 
    1.5433317E-19   1.0360718E-18   1.0360718E-18   7.4171938E-17   6.2304494E-16
    6.2304494E-16   4.9297902E-16   4.9297902E-16   2.8214414E-10   7.3410264E-10
    7.3410264E-10   4.5789835E-10   4.5789835E-10   9.6128759E-10   9.6128759E-10
    3.3031568E-07   4.4889306E-07   4.4889306E-07   3.1169216E-07   3.1169216E-07
    6.7841178E-07   1.3404727E-05   1.5022939E-05   9.9280622E-06   2.4745492E-05
    1.2647552E-04   1.9987152E-05   8.0283405E-05   2.2003593E-04   5.3670476E-04
    5.8273042E-04   3.2638691E-04   9.0981685E-04   1.4453565E-03   1.2974248E-03
    9.6774023E-04   2.3799404E-03   2.9182407E-03   2.5985458E-03   2.3530570E-03
    4.6716929E-03   4.8223183E-03   4.0070764E-03   3.2665829E-03   7.8336186E-03
    6.9557565E-03   5.8289057E-03   4.9224033E-03   1.0685775E-02

 3.9291816458E+02   1.5831861E-12   7.6516046E+11   1.3458241E+00   6.6215616E+07   1.2398974E+00   9.6153690E-01    38 
    7.1316832E-20   5.4442683E-19   5.4442683E-19   4.6873864E-17   4.0628071E-16
    4.0628071E-16   3.2336396E-16   3.2336396E-16   2.1867464E-10   5.7687315E-10
    5.7687315E-10   3.5967728E-10   3.5967728E-10   7.5559869E-10   7.5559869E-10
    2.8033788E-07   3.8428416E-07   3.8428416E-07   2.6626622E-07   2.6626622E-07
    5.7949357E-07   1.1942941E-05   1.3465055E-05   8.8859893E-06   2.2112174E-05
    1.1546352E-04   1.8504877E-05   7.3758441E-05   2.0202886E-04   5.0189963E-04
    5.4448395E-04   3.1002631E-04   8.4880052E-04   1.3637369E-03   1.2313694E-03
    9.6328929E-04   2.2381636E-03   2.7744852E-03   2.5083645E-03   2.4185129E-03
    4.4244472E-03   4.5710241E-03   3.8655220E-03   3.3075686E-03   7.4934801E-03
    6.5867076E-03   5.6576054E-03   4.9934573E-03   1.0214590E-02

 3.9205583915E+02   6.0966417E-14   1.0476296E+12   1.3323000E+00   1.1663263E+08   8.9601830E-01   9.7204563E-01    39 
    3.8358398E-20   3.2661780E-19   3.2661780E-19   3.2441626E-17   2.8859943E-16
    2.8859943E-16   2.3040761E-16   2.3040761E-16   1.7850927E-10   4.7620882E-10
    4.7620882E-10   2.9622404E-10   2.9622404E-10   6.2263135E-10   6.2263135E-10
    2.4609429E-07   3.3987596E-07   3.3987596E-07   2.3469982E-07   2.3469982E-07
    5.1050600E-07   1.0901393E-05   1.2356224E-05   8.1384772E-06   2.0196862E-05
    1.0722412E-04   1.7473235E-05   6.8939384E-05   1.8859748E-04   4.7651578E-04
    5.1562567E-04   2.9998416E-04   8.0179910E-04   1.3019863E-03   1.1846714E-03
    9.7763666E-04   2.1245981E-03   2.6690898E-03   2.4608849E-03   2.5119556E-03
    4.2251121E-03   4.3765358E-03   3.7886154E-03   3.3969962E-03   7.2098903E-03
    6.3114150E-03   5.5764546E-03   5.1179944E-03   9.7962199E-03

 3.9123837420E+02   1.0602164E-15   1.4346653E+12   1.3239768E+00   1.9024442E+08   6.4810269E-01   9.7969685E-01    40 
    2.6478196E-20   2.4403312E-19   2.4403312E-19   2.5830847E-17   2.3374998E-16
    2.3374998E-16   1.8645515E-16   1.8645515E-16   1.5770933E-10   4.2381789E-10
    4.2381789E-10   2.6241674E-10   2.6241674E-10   5.5172532E-10   5.5172532E-10
    2.2743747E-07   3.1584893E-07   3.1584893E-07   2.1706810E-07   2.1706810E-07
    4.7161221E-07   1.0323436E-05   1.1748624E-05   7.7202976E-06   1.9081238E-05
    1.0220326E-04   1.6986852E-05   6.6157451E-05   1.8061985E-04   4.6272154E-04
    4.9840107E-04   2.9806501E-04   7.7234209E-04   1.2659583E-03   1.1634679E-03
    1.0156996E-03   2.0481361E-03   2.6165164E-03   2.4684754E-03   2.6390376E-03
    4.0907735E-03   4.2642651E-03   3.7952868E-03   3.5464076E-03   7.0048921E-03
    6.1624072E-03   5.6035550E-03   5.3080452E-03   9.4585539E-03

 3.9045076240E+02   9.1005106E-18   1.9709864E+12   1.3225199E+00   2.7927739E+08   4.6736924E-01   9.8531466E-01    41 
    2.5695564E-20   2.4594539E-19   2.4594539E-19   2.4942620E-17   2.2670785E-16
    2.2670785E-16   1.7974843E-16   1.7974843E-16   1.5527162E-10   4.1817149E-10
    4.1817149E-10   2.5700813E-10   2.5700813E-10   5.4030486E-10   5.4030486E-10
    2.2554087E-07   3.1410526E-07   3.1410526E-07   2.1448957E-07   2.1448957E-07
    4.6515165E-07   1.0280512E-05   1.1725363E-05   7.6858453E-06   1.8886712E-05
    1.0094024E-04   1.7181051E-05   6.5836742E-05   1.7919229E-04   4.6321389E-04
    4.9551775E-04   3.0684784E-04   7.6446126E-04   1.2628023E-03   1.1756115E-03
    1.0853624E-03   2.0184425E-03   2.6341045E-03   2.5465241E-03   2.8135048E-03
    4.0391332E-03   4.2615910E-03   3.9069233E-03   3.7749701E-03   6.9013306E-03
    6.1667485E-03   5.7579194E-03   5.5844791E-03   9.2290599E-03

 3.8976834883E+02   6.1494460E-20   2.6958657E+12   1.3290495E+00   3.4945958E+08   3.3871793E-01   9.8933426E-01    42 
    3.6110449E-20   3.4096190E-19   3.4096190E-19   3.0172590E-17   2.7131867E-16
    2.7131867E-16   2.1265038E-16   2.1265038E-16   1.7344075E-10   4.6527721E-10
    4.6527721E-10   2.8307984E-10   2.8307984E-10   5.9481090E-10   5.9481090E-10
    2.4278821E-07   3.3799473E-07   3.3799473E-07   2.2899445E-07   2.2899445E-07
    4.9534212E-07   1.0854596E-05   1.2377318E-05   8.0960539E-06   1.9743590E-05
    1.0388239E-04   1.8189433E-05   6.8358247E-05   1.8529963E-04   4.8021781E-04
    5.0923782E-04   3.2875390E-04   7.8142046E-04   1.2988729E-03   1.2279568E-03
    1.1922109E-03   2.0433995E-03   2.7361784E-03   2.7053625E-03   3.0436613E-03
    4.0835879E-03   4.3889975E-03   4.1353460E-03   4.0917923E-03   6.9164469E-03
    6.3354940E-03   6.0436162E-03   5.9535538E-03   9.1296703E-03

 3.8931848797E+02   3.5987373E-22   3.6868764E+12   1.3392118E+00   4.0436219E+08   2.4531021E-01   9.9226352E-01    43 
    5.9107872E-20   5.3523481E-19   5.3523481E-19   4.0310336E-17   3.5615882E-16
    3.5615882E-16   2.7524333E-16   2.7524333E-16   2.0486401E-10   5.4588347E-10
    5.4588347E-10   3.2835710E-10   3.2835710E-10   6.8943641E-10   6.8943641E-10
    2.7107605E-07   3.7661486E-07   3.7661486E-07   2.5303342E-07   2.5303342E-07
    5.4563877E-07   1.1765773E-05   1.3390271E-05   8.7532741E-06   2.1143012E-05
    1.0859913E-04   1.9695427E-05   7.2329946E-05   1.9519375E-04   5.0569053E-04
    5.3105821E-04   3.6002728E-04   8.1010757E-04   1.3580223E-03   1.3067273E-03
    1.3238660E-03   2.0948225E-03   2.8958438E-03   2.9170548E-03   3.3003416E-03
    4.1753998E-03   4.6046353E-03   4.4393004E-03   4.4598958E-03   6.9750719E-03
    6.5961301E-03   6.3942187E-03   6.3581437E-03   9.0648466E-03

 3.8895843326E+02   1.4582801E-24   5.0639766E+12   1.3548498E+00   4.0936992E+08   1.7721098E-01   9.9440486E-01    44 
    1.1799915E-19   9.9135087E-19   9.9135087E-19   6.2246507E-17   5.3482590E-16
    5.3482590E-16   4.0635182E-16   4.0635182E-16   2.6246401E-10   6.9185860E-10
    6.9185860E-10   4.1082303E-10   4.1082303E-10   8.6173262E-10   8.6173262E-10
    3.1914640E-07   4.4144515E-07   4.4144515E-07   2.9403560E-07   2.9403560E-07
    6.3159413E-07   1.3247465E-05   1.5012488E-05   9.8315629E-06   2.3458662E-05
    1.1617767E-04   2.2029547E-05   7.8692908E-05   2.1130556E-04   5.4461896E-04
    5.6642794E-04   4.0606795E-04   8.5786794E-04   1.4546999E-03   1.4261137E-03
    1.4930186E-03   2.1891386E-03   3.1369719E-03   3.2023940E-03   3.6070437E-03
    4.3398972E-03   4.9345815E-03   4.8405966E-03   4.9026571E-03   7.1088093E-03
    6.9645857E-03   6.8273349E-03   6.8217146E-03   9.0753238E-03

 3.8849799859E+02   5.2422883E-27   7.0200316E+12   1.3883107E+00   3.2084437E+08   1.2831359E-01   9.9594541E-01    45 
    5.2200003E-19   3.7174853E-18   3.7174853E-18   1.5244988E-16   1.2267381E-15
    1.2267381E-15   9.0905201E-16   9.0905201E-16   4.3370669E-10   1.1172709E-09
    1.1172709E-09   6.5208762E-10   6.5208762E-10   1.3655426E-09   1.3655426E-09
    4.4332051E-07   6.0639359E-07   6.0639359E-07   3.9990118E-07   3.9990118E-07
    8.5435620E-07   1.6777908E-05   1.8841452E-05   1.2396408E-05   2.9094410E-05
    1.3487014E-04   2.7047631E-05   9.3384734E-05   2.4904515E-04   6.2905504E-04
    6.4859889E-04   4.9405599E-04   9.7168555E-04   1.6635545E-03   1.6594857E-03
    1.7746933E-03   2.4245846E-03   3.5869567E-03   3.6888397E-03   4.1044555E-03
    4.7340785E-03   5.5401824E-03   5.4969295E-03   5.5818360E-03   7.5319215E-03
    7.6295579E-03   7.5330055E-03   7.5403619E-03   9.4148133E-03

 3.8799578612E+02   2.6937837E-29   9.6629934E+12   1.4379656E+00   2.0667203E+11   9.4419236E-02   9.9701476E-01    46 
    4.3428942E-15   2.4542096E-14   2.4542096E-14   3.3848318E-14   2.0050248E-14
    2.0050248E-14   3.6170977E-14   3.6170977E-14   8.7269057E-10   2.1761431E-09
    2.1761431E-09   1.2452302E-09   1.2452302E-09   2.6016376E-09   2.6016376E-09
    7.0003066E-07   9.4158223E-07   9.4158223E-07   6.1487945E-07   6.1487945E-07
    1.3047154E-06   2.3275174E-05   2.5800071E-05   1.7119631E-05   3.9364263E-05
    1.6663043E-04   3.5738940E-05   1.1864304E-04   3.1380969E-04   7.6769012E-04
    7.8693840E-04   6.3585538E-04   1.1615409E-03   2.0046014E-03   2.0271481E-03
    2.1893150E-03   2.8164038E-03   4.2614801E-03   4.3922260E-03   4.8106330E-03
    5.3678304E-03   6.4222263E-03   6.4118144E-03   6.5056165E-03   8.2481633E-03
    8.5785093E-03   8.5045777E-03   8.5133531E-03   1.0079828E-02

 3.8753321370E+02   2.7703316E-31   1.3126837E+13   1.4961689E+00   6.5349666E+14   7.0422555E-02   9.9777257E-01    47 
    2.3177999E-10   1.0236848E-09   1.0236848E-09   1.2713265E-09   6.5245691E-10
    6.5245691E-10   1.2733227E-09   1.2733227E-09   3.8280145E-09   5.3123118E-09
    5.3123118E-09   4.8568480E-09   4.8568480E-09   6.6606078E-09   6.6606078E-09
    1.1530325E-06   1.5203589E-06   1.5203589E-06   9.8630375E-07   9.8630375E-07
    2.0740314E-06   3.3235190E-05   3.6299844E-05   2.4411810E-05   5.4802805E-05
    2.0917712E-04   4.8533681E-05   1.5426681E-04   4.0449968E-04   9.5551854E-04
    9.7713422E-04   8.3277853E-04   1.4161193E-03   2.4658074E-03   2.5170704E-03
    2.7228370E-03   3.3347370E-03   5.1146106E-03   5.2651150E-03   5.6758316E-03
    6.1751208E-03   7.4978793E-03   7.5077904E-03   7.6006218E-03   9.1541621E-03
    9.7022682E-03   9.6400543E-03   9.6436023E-03   1.0943068E-02

 3.8710332001E+02   6.3840627E-33   1.7597355E+13   1.5636902E+00   1.4971703E+18   5.3120868E-02   9.9831933E-01    48 
    1.1226534E-05   3.8434484E-05   3.8434484E-05   4.4660220E-05   2.4084109E-05
    2.4084109E-05   4.4745062E-05   4.4745062E-05   5.8364927E-05   2.9459330E-05
    2.9459330E-05   6.8388733E-05   6.8388733E-05   4.7636778E-05   4.7636778E-05
    5.5860454E-05   4.4860936E-05   4.4860936E-05   6.8551875E-05   6.8551875E-05
    7.3382763E-05   1.2709474E-04   1.0468763E-04   1.2055177E-04   2.3445783E-04
    3.1144945E-04   9.5685842E-05   2.6600525E-04   6.2539659E-04   1.2652616E-03
    1.2940367E-03   1.1753634E-03   1.8437210E-03   3.1503885E-03   3.2352271E-03
    3.4946558E-03   4.1073058E-03   6.2577441E-03   6.4246408E-03   6.8294073E-03
    7.2864825E-03   8.8789024E-03   8.9019253E-03   8.9902977E-03   1.0385886E-02
    1.1121910E-02   1.1065661E-02   1.1062451E-02   1.2145315E-02

 3.8670011116E+02   9.9486334E-34   2.2929930E+13   1.6403793E+00   7.2583442E+20   4.1110385E-02   9.9869906E-01    49 
    1.3391122E-01   3.5628053E-01   3.5628053E-01   3.9617039E-01   2.2339822E-01
    2.2339822E-01   3.9720753E-01   3.9720753E-01   4.4137141E-01   2.6779092E-01
    2.6779092E-01   5.0597964E-01   5.0597964E-01   4.1380498E-01   4.1380498E-01
    4.1427770E-01   3.4091121E-01   3.4091121E-01   4.9834490E-01   4.9834490E-01
    5.2754645E-01   5.6091437E-01   4.0315776E-01   6.0808177E-01   9.8624904E-01
    3.5467147E-01   2.5507203E-01   4.5831989E-01   6.4480837E-01   4.2016787E-01
    4.2988922E-01   5.1766886E-01   6.0323711E-01   5.0207474E-01   5.2052348E-01
    5.8778784E-01   6.2444877E-01   5.5876374E-01   5.7271285E-01   6.1120513E-01
    6.2684297E-01   5.8221767E-01   5.9040275E-01   6.0264795E-01   6.4460521E-01
    5.9354869E-01   5.9891593E-01   6.0727610E-01   6.4864069E-01

 3.8630837355E+02   9.4331138E-31   2.8548211E+13   1.7257836E+00   6.9761939E+19   3.3215744E-02   9.9894875E-01    50 
    3.4317669E-01   7.1896145E-01   7.1896145E-01   7.7967832E-01   4.6106684E-01
    4.6106684E-01   7.8276639E-01   7.8276639E-01   7.5839753E-01   5.4207233E-01
    5.4207233E-01   8.4686096E-01   8.4686096E-01   8.0690981E-01   8.0690981E-01
    7.2502789E-01   6.3208563E-01   6.3208563E-01   8.3952180E-01   8.3952180E-01
    9.2045415E-01   9.1823938E-01   7.1777011E-01   9.8936053E-01   1.4583530E+00
    6.3926644E-01   5.1276911E-01   7.8127239E-01   1.0392319E+00   7.4521812E-01
    7.6270827E-01   8.7417813E-01   9.8615376E-01   8.5642823E-01   8.8023168E-01
    9.5868537E-01   1.0003703E+00   9.2310142E-01   9.3917484E-01   9.8220791E-01
    9.9916019E-01   9.4747502E-01   9.5644962E-01   9.6994158E-01   1.0150390E+00
    9.5893021E-01   9.6477281E-01   9.7378215E-01   1.0180826E+00

 3.8590494449E+02   1.4812615E-27   3.3705243E+13   1.8188330E+00   3.8746948E+18   2.8252680E-02   9.9910575E-01    51 
    5.0616164E-01   8.5483060E-01   8.5483060E-01   9.1315499E-01   5.7288076E-01
    5.7288076E-01   9.1839962E-01   9.1839962E-01   8.0695174E-01   6.5848457E-01
    6.5848457E-01   8.7581390E-01   8.7581390E-01   9.4286449E-01   9.4286449E-01
    7.8634683E-01   7.2303511E-01   7.2303511E-01   8.7367730E-01   8.7367730E-01
    9.9380200E-01   9.3877731E-01   7.9274782E-01   9.9733541E-01   1.3692496E+00
    7.1651810E-01   6.2057913E-01   8.2793212E-01   1.0573641E+00   8.1477248E-01
    8.3225559E-01   9.1835245E-01   1.0151196E+00   9.0732700E-01   9.2672598E-01
    9.8365708E-01   1.0155446E+00   9.5688342E-01   9.6897853E-01   9.9938037E-01
    1.0118532E+00   9.7293035E-01   9.7930377E-01   9.8863736E-01   1.0213215E+00
    9.8089126E-01   9.8503713E-01   9.9119346E-01   1.0230400E+00

 3.8545992748E+02   1.8993444E-24   3.8565716E+13   1.9186772E+00   2.1238321E+17   2.4775665E-02   9.9921576E-01    52 
    6.7674635E-01   9.5086673E-01   9.5086673E-01   1.0032883E+00   6.7922649E-01
    6.7922649E-01   1.0103437E+00   1.0103437E+00   8.4500652E-01   7.5961018E-01
    7.5961018E-01   8.9219370E-01   8.9219370E-01   1.0355137E+00   1.0355137E+00
    8.3749006E-01   8.0225279E-01   8.0225279E-01   8.9454662E-01   8.9454662E-01
    1.0362149E+00   9.5081355E-01   8.5468810E-01   9.9241356E-01   1.2830805E+00
    7.8600390E-01   7.1855483E-01   8.6478515E-01   1.0671760E+00   8.6902696E-01
    8.8507019E-01   9.4804565E-01   1.0305602E+00   9.4205517E-01   9.5733640E-01
    9.9706599E-01   1.0216316E+00   9.7726308E-01   9.8627006E-01   1.0070116E+00
    1.0163084E+00   9.8726131E-01   9.9171891E-01   9.9790370E-01   1.0217642E+00
    9.9268393E-01   9.9560379E-01   9.9968089E-01   1.0227434E+00

 3.8495278198E+02   1.8198741E-21   4.4224445E+13   2.0249427E+00   1.2187744E+16   2.1673775E-02   9.9931391E-01    53 
    8.1939241E-01   9.9341157E-01   9.9341157E-01   1.0373565E+00   7.8124461E-01
    7.8124461E-01   1.0449524E+00   1.0449524E+00   8.8466467E-01   8.4457856E-01
    8.4457856E-01   9.1191942E-01   9.1191942E-01   1.0696591E+00   1.0696591E+00
    8.8622174E-01   8.7068692E-01   8.7068692E-01   9.1660309E-01   9.1660309E-01
    1.0426304E+00   9.6595863E-01   9.0784446E-01   9.9031925E-01   1.1987555E+00
    8.5223298E-01   8.0979995E-01   9.0125689E-01   1.0627580E+00   9.1511795E-01
    9.2798111E-01   9.6920581E-01   1.0312950E+00   9.6680718E-01   9.7729890E-01
    1.0022919E+00   1.0193549E+00   9.8904023E-01   9.9504935E-01   1.0077099E+00
    1.0139855E+00   9.9490328E-01   9.9768093E-01   1.0013088E+00   1.0170530E+00
    9.9817071E-01   1.0000078E+00   1.0024445E+00   1.0176635E+00

 3.8437040243E+02   1.4619449E-18   5.1533521E+13   2.1396737E+00   7.2004317E+14   1.8660726E-02   9.9940926E-01    54 
    9.1143709E-01   9.8910681E-01   9.8910681E-01   1.0226294E+00   8.7931100E-01
    8.7931100E-01   1.0291385E+00   1.0291385E+00   9.3035155E-01   9.1583432E-01
    9.1583432E-01   9.4110293E-01   9.4110293E-01   1.0511515E+00   1.0511515E+00
    9.3533138E-01   9.2973273E-01   9.2973273E-01   9.4533207E-01   9.4533207E-01
    1.0218610E+00   9.8778548E-01   9.5470749E-01   9.9596684E-01   1.1184213E+00
    9.1717432E-01   8.9563973E-01   9.4049589E-01   1.0400339E+00   9.5522866E-01
    9.6307764E-01   9.8409222E-01   1.0197052E+00   9.8386628E-01   9.8910141E-01
    1.0014784E+00   1.0106986E+00   9.9469825E-01   9.9779424E-01   1.0037576E+00
    1.0070453E+00   9.9788475E-01   9.9919045E-01   1.0007854E+00   1.0088010E+00
    9.9931715E-01   1.0001860E+00   1.0013348E+00   1.0092719E+00

 3.8371016930E+02   1.0330042E-15   6.1152910E+13   2.2657116E+00   4.3774129E+13   1.5781221E-02   9.9950039E-01    55 
    9.7194049E-01   9.7901706E-01   9.7901706E-01   1.0021935E+00   9.5544694E-01
    9.5544694E-01   1.0060139E+00   1.0060139E+00   9.6666217E-01   9.6892648E-01
    9.6892648E-01   9.6526034E-01   9.6526034E-01   1.0241767E+00   1.0241767E+00
    9.7216452E-01   9.7348453E-01   9.7348453E-01   9.6841425E-01   9.6841425E-01
    1.0024125E+00   1.0044779E+00   9.8854855E-01   9.9996642E-01   1.0590305E+00
    9.6754203E-01   9.6095395E-01   9.7160798E-01   1.0182881E+00   9.8276569E-01
    9.8612316E-01   9.9282846E-01   1.0083256E+00   9.9372344E-01   9.9542649E-01
    9.9944382E-01   1.0032762E+00   9.9730093E-01   9.9847293E-01   1.0002076E+00
    1.0015117E+00   9.9871859E-01   9.9911981E-01   9.9946784E-01   1.0024476E+00
    9.9908463E-01   9.9934095E-01   9.9968606E-01   1.0028113E+00

 3.8298079322E+02   6.4654246E-13   7.3273614E+13   2.4047278E+00   2.7563110E+12   1.3222263E-02   9.9958139E-01    56 
    1.0082225E+00   9.7770519E-01   9.7770519E-01   9.9221155E-01   1.0003474E+00
    1.0003474E+00   9.9281466E-01   9.9281466E-01   9.8902464E-01   1.0003021E+00
    1.0003021E+00   9.8118699E-01   9.8118699E-01   1.0071043E+00   1.0071043E+00
    9.9342681E-01   9.9896765E-01   9.9896765E-01   9.8324354E-01   9.8324354E-01
    9.9315972E-01   1.0118059E+00   1.0064705E+00   1.0006438E+00   1.0229409E+00
    9.9750947E-01   9.9872366E-01   9.9109593E-01   1.0050987E+00   9.9719160E-01
    9.9774026E-01   9.9720663E-01   1.0017224E+00   9.9818608E-01   9.9827190E-01
    9.9823626E-01   9.9932909E-01   9.9834010E-01   9.9856583E-01   9.9835915E-01
    9.9868712E-01   9.9875004E-01   9.9876312E-01   9.9857506E-01   9.9914190E-01
    9.9868906E-01   9.9867795E-01   9.9865364E-01   9.9939388E-01

 3.8219376244E+02   3.4921230E-10   8.7389129E+13   2.5573426E+00   1.8215700E+11   1.1136355E-02   9.9964741E-01    57 
    1.0195063E+00   9.8211744E-01   9.8211744E-01   9.9057889E-01   1.0161630E+00
    1.0161630E+00   9.8952261E-01   9.8952261E-01   9.9967717E-01   1.0114731E+00
    1.0114731E+00   9.9097468E-01   9.9097468E-01   1.0006438E+00   1.0006438E+00
    1.0019348E+00   1.0080210E+00   1.0080210E+00   9.9185472E-01   9.9185472E-01
    9.9213822E-01   1.0111937E+00   1.0108649E+00   9.9981402E-01   1.0049314E+00
    1.0087749E+00   1.0119161E+00   1.0001422E+00   9.9955022E-01   1.0021115E+00
    1.0015332E+00   9.9907078E-01   9.9927496E-01   9.9959424E-01   9.9925983E-01
    9.9812597E-01   9.9819815E-01   9.9883717E-01   9.9874818E-01   9.9809509E-01
    9.9808006E-01   9.9881008E-01   9.9873291E-01   9.9846113E-01   9.9825065E-01
    9.9866432E-01   9.9859300E-01   9.9847798E-01   9.9839257E-01

 3.8135298232E+02   1.5421021E-07   1.0240296E+14   2.7241101E+00   1.2877048E+10   9.5607073E-03   9.9969729E-01    58 
    1.0157732E+00   9.8653160E-01   9.8653160E-01   9.9146882E-01   1.0162157E+00
    1.0162157E+00   9.9065438E-01   9.9065438E-01   1.0033038E+00   1.0114332E+00
    1.0114332E+00   9.9648542E-01   9.9648542E-01   9.9930145E-01   9.9930145E-01
    1.0034518E+00   1.0081440E+00   1.0081440E+00   9.9645665E-01   9.9645665E-01
    9.9417747E-01   1.0075567E+00   1.0087502E+00   9.9925141E-01   9.9803163E-01
    1.0096330E+00   1.0121765E+00   1.0027987E+00   9.9813224E-01   1.0026122E+00
    1.0018663E+00   9.9972224E-01   9.9884229E-01   9.9985682E-01   9.9954584E-01
    9.9852647E-01   9.9834300E-01   9.9916573E-01   9.9903037E-01   9.9849500E-01
    9.9840466E-01   9.9903128E-01   9.9896159E-01   9.9876450E-01   9.9844664E-01
    9.9890822E-01   9.9884926E-01   9.9875118E-01   9.9851262E-01

 3.8044847884E+02   5.0764106E-05   1.1697470E+14   2.9058785E+00   9.8480469E+08   8.4622415E-03   9.9973207E-01    59 
    1.0044440E+00   9.9140062E-01   9.9140062E-01   9.9465973E-01   1.0071826E+00
    1.0071826E+00   9.9465317E-01   9.9465317E-01   1.0026486E+00   1.0052068E+00
    1.0052068E+00   9.9919838E-01   9.9919838E-01   1.0014268E+00   1.0014268E+00
    1.0009796E+00   1.0032856E+00   1.0032856E+00   9.9841573E-01   9.9841573E-01
    9.9766885E-01   1.0027780E+00   1.0037492E+00   9.9928997E-01   9.9802551E-01
    1.0045318E+00   1.0053810E+00   1.0015250E+00   9.9922111E-01   1.0012132E+00
    1.0008374E+00   9.9994750E-01   9.9954879E-01   9.9982658E-01   9.9970014E-01
    9.9927962E-01   9.9919041E-01   9.9957668E-01   9.9951236E-01   9.9929378E-01
    9.9924728E-01   9.9949917E-01   9.9947051E-01   9.9939344E-01   9.9923808E-01
    9.9944787E-01   9.9942246E-01   9.9937966E-01   9.9926132E-01

 3.7945017304E+02   1.0462106E-02   1.3039070E+14   3.1036921E+00   8.3055178E+07   7.7942352E-03   9.9975321E-01    60 
    9.9776137E-01   9.9452293E-01   9.9452293E-01   9.9711620E-01   1.0010189E+00
    1.0010189E+00   9.9752419E-01   9.9752419E-01   1.0012370E+00   1.0009781E+00
    1.0009781E+00   9.9993951E-01   9.9993951E-01   1.0024292E+00   1.0024292E+00
    9.9913084E-01   1.0000067E+00   1.0000067E+00   9.9907591E-01   9.9907591E-01
    9.9970938E-01   1.0001835E+00   1.0006059E+00   9.9947491E-01   9.9926618E-01
    1.0008582E+00   1.0007835E+00   1.0001436E+00   1.0000763E+00   1.0002028E+00
    1.0001133E+00   9.9994879E-01   9.9997177E-01   9.9984496E-01   9.9981995E-01
    9.9974401E-01   9.9973463E-01   9.9985019E-01   9.9983394E-01   9.9978801E-01
    9.9977710E-01   9.9982413E-01   9.9981827E-01   9.9980537E-01   9.9976532E-01
    9.9982278E-01   9.9981668E-01   9.9980480E-01   9.9977233E-01

 3.7829695962E+02   1.1693416E+00   1.4334084E+14   3.3183466E+00   7.8719299E+06   7.4979927E-03   9.9976259E-01    61 
    9.9658609E-01   9.9627748E-01   9.9627748E-01   9.9853661E-01   9.9918652E-01
    9.9918652E-01   9.9874517E-01   9.9874517E-01   1.0003058E+00   9.9972381E-01
    9.9972381E-01   9.9981977E-01   9.9981977E-01   1.0018952E+00   1.0018952E+00
    9.9899306E-01   9.9924275E-01   9.9924275E-01   9.9942908E-01   9.9942908E-01
    1.0004939E+00   9.9955897E-01   9.9965724E-01   9.9960270E-01   9.9983222E-01
    9.9973900E-01   9.9945167E-01   9.9967761E-01   1.0003318E+00   9.9990361E-01
    9.9991382E-01   9.9995626E-01   1.0000743E+00   9.9991565E-01   9.9991705E-01
    9.9992856E-01   9.9994171E-01   9.9997200E-01   9.9997001E-01   9.9997050E-01
    9.9997137E-01   9.9995954E-01   9.9995905E-01   9.9996334E-01   9.9996430E-01
    9.9997034E-01   9.9997053E-01   9.9996857E-01   9.9996530E-01

 3.7688368878E+02   8.0393639E+01   1.5642082E+14   3.5527130E+00   8.2841450E+05   7.3760771E-03   9.9976645E-01    62 
    9.9702560E-01   9.9699713E-01   9.9699713E-01   9.9912097E-01   9.9900839E-01
    9.9900839E-01   9.9895628E-01   9.9895628E-01   9.9981112E-01   9.9956638E-01
    9.9956638E-01   9.9953170E-01   9.9953170E-01   1.0009686E+00   1.0009686E+00
    9.9944709E-01   9.9947210E-01   9.9947210E-01   9.9974954E-01   9.9974954E-01
    1.0006403E+00   9.9958572E-01   9.9948116E-01   9.9952858E-01   9.9975359E-01
    9.9969166E-01   9.9939084E-01   9.9965300E-01   1.0003222E+00   9.9990727E-01
    9.9993589E-01   1.0000149E+00   1.0000734E+00   9.9998132E-01   9.9998037E-01
    9.9998575E-01   9.9999819E-01   1.0000134E+00   1.0000110E+00   1.0000154E+00
    1.0000174E+00   9.9999575E-01   9.9999491E-01   1.0000001E+00   1.0000092E+00
    1.0000005E+00   1.0000020E+00   1.0000029E+00   1.0000069E+00

 3.7507402892E+02   3.8619152E+03   1.7312790E+14   3.8068740E+00   1.0029968E+05   7.0014470E-03   9.9977831E-01    63 
    9.9792210E-01   9.9791793E-01   9.9791793E-01   9.9951839E-01   9.9929217E-01
    9.9929217E-01   9.9880190E-01   9.9880190E-01   9.9978896E-01   9.9972094E-01
    9.9972094E-01   9.9961540E-01   9.9961540E-01   1.0000113E+00   1.0000113E+00
    9.9982841E-01   9.9987631E-01   9.9987631E-01   9.9998161E-01   9.9998161E-01
    1.0001317E+00   9.9978444E-01   9.9956529E-01   9.9951509E-01   9.9945093E-01
    9.9993338E-01   9.9968294E-01   9.9978579E-01   1.0000805E+00   9.9997174E-01
    9.9998246E-01   1.0000378E+00   9.9996070E-01   9.9997543E-01   9.9996283E-01
    9.9994012E-01   9.9993537E-01   9.9996700E-01   9.9995996E-01   9.9995663E-01
    9.9995296E-01   9.9995760E-01   9.9995561E-01   9.9995696E-01   9.9994885E-01
    9.9995567E-01   9.9995610E-01   9.9995594E-01   9.9994795E-01

 3.7281065841E+02   1.3075246E+05   2.0203106E+14   4.0811214E+00   1.4611804E+04   6.1699802E-03   9.9980464E-01    64 
    9.9887677E-01   9.9887629E-01   9.9887629E-01   9.9976168E-01   9.9965663E-01
    9.9965663E-01   9.9874975E-01   9.9874975E-01   9.9993760E-01   9.9997398E-01
    9.9997398E-01   9.9983759E-01   9.9983759E-01   9.9938041E-01   9.9938041E-01
    1.0000604E+00   1.0001412E+00   1.0001412E+00   1.0000020E+00   1.0000020E+00
    9.9964294E-01   9.9989858E-01   9.9974694E-01   9.9964666E-01   9.9936354E-01
    1.0001357E+00   1.0000146E+00   9.9995456E-01   9.9983028E-01   9.9998995E-01
    9.9997542E-01   9.9998404E-01   9.9984813E-01   9.9993508E-01   9.9991775E-01
    9.9988546E-01   9.9986906E-01   9.9991864E-01   9.9991022E-01   9.9990090E-01
    9.9989326E-01   9.9992702E-01   9.9992423E-01   9.9992217E-01   9.9989762E-01
    9.9992260E-01   9.9992153E-01   9.9991975E-01   9.9989928E-01

 3.7017664865E+02   2.9659878E+06   2.5082078E+14   4.3768998E+00   2.5694204E+03   5.0695248E-03   9.9983948E-01    65 
    9.9938355E-01   9.9938350E-01   9.9938350E-01   9.9979575E-01   9.9976971E-01
    9.9976971E-01   9.9921897E-01   9.9921897E-01   9.9990963E-01   9.9999417E-01
    9.9999417E-01   9.9985358E-01   9.9985358E-01   9.9937586E-01   9.9937586E-01
    1.0000375E+00   1.0001399E+00   1.0001399E+00   9.9992309E-01   9.9992309E-01
    9.9950459E-01   9.9990899E-01   9.9982384E-01   9.9974191E-01   9.9951860E-01
    1.0001200E+00   1.0000734E+00   9.9998695E-01   9.9978888E-01   9.9996760E-01
    9.9995131E-01   9.9994599E-01   9.9984413E-01   9.9991696E-01   9.9990465E-01
    9.9988624E-01   9.9987474E-01   9.9991479E-01   9.9990975E-01   9.9990291E-01
    9.9989717E-01   9.9993078E-01   9.9992873E-01   9.9992633E-01   9.9990489E-01
    9.9992847E-01   9.9992712E-01   9.9992542E-01   9.9990714E-01

 3.6730160424E+02   4.2334364E+07   3.2803283E+14   4.6979447E+00   5.3076797E+02   3.9458168E-03   9.9987506E-01    66 
    9.9961232E-01   9.9961232E-01   9.9961232E-01   9.9983123E-01   9.9982717E-01
    9.9982717E-01   9.9964517E-01   9.9964517E-01   9.9988260E-01   9.9988161E-01
    9.9988161E-01   9.9983103E-01   9.9983103E-01   9.9966058E-01   9.9966058E-01
    9.9992199E-01   9.9993656E-01   9.9993656E-01   9.9981523E-01   9.9981523E-01
    9.9960614E-01   9.9987231E-01   9.9983694E-01   9.9979061E-01   9.9968885E-01
    9.9998991E-01   9.9997430E-01   9.9993795E-01   9.9980996E-01   9.9992113E-01
    9.9991060E-01   9.9990389E-01   9.9986019E-01   9.9990727E-01   9.9990133E-01
    9.9989483E-01   9.9988966E-01   9.9991552E-01   9.9991367E-01   9.9991003E-01
    9.9990716E-01   9.9992927E-01   9.9992822E-01   9.9992649E-01   9.9991404E-01
    9.9993007E-01   9.9992907E-01   9.9992789E-01   9.9991603E-01

 3.6426561714E+02   3.8753719E+08   4.4609912E+14   5.0517094E+00   1.2361471E+02   2.9529349E-03   9.9990649E-01    67 
    9.9976649E-01   9.9976649E-01   9.9976649E-01   9.9989009E-01   9.9988542E-01
    9.9988542E-01   9.9983262E-01   9.9983262E-01   9.9989687E-01   9.9986481E-01
    9.9986481E-01   9.9986488E-01   9.9986488E-01   9.9983110E-01   9.9983110E-01
    9.9987927E-01   9.9984815E-01   9.9984815E-01   9.9981297E-01   9.9981297E-01
    9.9975855E-01   9.9987852E-01   9.9986584E-01   9.9984300E-01   9.9981054E-01
    9.9994031E-01   9.9993397E-01   9.9992308E-01   9.9986155E-01   9.9991697E-01
    9.9991101E-01   9.9990672E-01   9.9989209E-01   9.9991833E-01   9.9991569E-01
    9.9991354E-01   9.9991138E-01   9.9992485E-01   9.9992432E-01   9.9992252E-01
    9.9992130E-01   9.9993153E-01   9.9993096E-01   9.9992992E-01   9.9992489E-01
    9.9993287E-01   9.9993228E-01   9.9993159E-01   9.9992606E-01

 3.6297060336E+02   8.7975099E+08   5.1077883E+14   5.2109696E+00   6.9096580E+01   2.5980756E-03   9.9991773E-01    68 
    9.9981827E-01   9.9981827E-01   9.9981827E-01   9.9990787E-01   9.9990378E-01
    9.9990378E-01   9.9987141E-01   9.9987141E-01   9.9990603E-01   9.9987953E-01
    9.9987953E-01   9.9988568E-01   9.9988568E-01   9.9987201E-01   9.9987201E-01
    9.9988276E-01   9.9985570E-01   9.9985570E-01   9.9983772E-01   9.9983772E-01
    9.9981729E-01   9.9989003E-01   9.9988458E-01   9.9986891E-01   9.9985125E-01
    9.9993247E-01   9.9992833E-01   9.9992406E-01   9.9988167E-01   9.9991974E-01
    9.9991490E-01   9.9991142E-01   9.9990391E-01   9.9992301E-01   9.9992113E-01
    9.9991987E-01   9.9991844E-01   9.9992769E-01   9.9992744E-01   9.9992615E-01
    9.9992535E-01   9.9993193E-01   9.9993146E-01   9.9993069E-01   9.9992773E-01
    9.9993299E-01   9.9993259E-01   9.9993207E-01   9.9992858E-01

 3.6232288641E+02   1.2974754E+09   5.4665369E+14   5.2927681E+00   5.2019385E+01   2.4365017E-03   9.9992285E-01    69 
    9.9980262E-01   9.9980262E-01   9.9980262E-01   9.9989800E-01   9.9989371E-01
    9.9989371E-01   9.9986749E-01   9.9986749E-01   9.9989321E-01   9.9986893E-01
    9.9986893E-01   9.9987591E-01   9.9987591E-01   9.9986751E-01   9.9986751E-01
    9.9986660E-01   9.9983977E-01   9.9983977E-01   9.9982482E-01   9.9982482E-01
    9.9981230E-01   9.9987985E-01   9.9987639E-01   9.9986159E-01   9.9984484E-01
    9.9992081E-01   9.9991694E-01   9.9991411E-01   9.9987348E-01   9.9990990E-01
    9.9990510E-01   9.9990166E-01   9.9989567E-01   9.9991418E-01   9.9991241E-01
    9.9991121E-01   9.9990986E-01   9.9991870E-01   9.9991851E-01   9.9991720E-01
    9.9991644E-01   9.9992252E-01   9.9992208E-01   9.9992132E-01   9.9991869E-01
    9.9992365E-01   9.9992326E-01   9.9992275E-01   9.9991953E-01

 3.6210709264E+02   1.4765446E+09   5.5915363E+14   5.3201765E+00   4.7263113E+01   2.3849482E-03   9.9992448E-01    70 
    9.9679807E-01   9.9675534E-01   9.9675534E-01   9.9734945E-01   9.9827070E-01
    9.9827070E-01   9.9741063E-01   9.9741063E-01   9.9874231E-01   9.9885176E-01
    9.9885176E-01   9.9821074E-01   9.9821074E-01   9.9701329E-01   9.9701329E-01
    9.9925297E-01   9.9909084E-01   9.9909084E-01   9.9850707E-01   9.9850707E-01
    9.9752116E-01   9.9942008E-01   9.9928400E-01   9.9890526E-01   9.9825837E-01
    1.0000010E+00   1.0000395E+00   9.9967595E-01   9.9862508E-01   9.9919898E-01
    9.9913448E-01   9.9904320E-01   9.9891262E-01   9.9911251E-01   9.9908942E-01
    9.9905146E-01   9.9902329E-01   9.9911060E-01   9.9910199E-01   9.9908116E-01
    9.9907024E-01   9.9913056E-01   9.9912604E-01   9.9911949E-01   9.9908793E-01
    9.9913130E-01   9.9912901E-01   9.9912498E-01   9.9909453E-01
