
 24-FEB-2004                           !Format date

 2.2375074602E+02     1.5683E+05       30       70

 3.3926470493E+04   1.7180888E+03   2.4194787E+06   9.6959452E-01   2.7526849E+02   9.7673108E+02   5.0000000E-02     1 
    1.3563446E-11   1.9873499E-05   1.7610416E-04   3.4361036E-03   1.4911354E-02
    3.5122017E-02   5.8485690E-02   8.3655947E-02   1.0962189E-01   1.4104473E-01
    1.5206482E-01   1.7204588E-01   1.9047915E-01   2.0942790E-01   2.2268670E-01
    2.3515567E-01   2.4249626E-01   1.9785443E-01   2.4913464E-01   2.8902858E-01
    3.0467429E-01   3.2822569E-01   3.4201204E-01   3.3589184E-01   3.4217761E-01
    3.5967243E-01   3.6358891E-01   3.7781019E-01   3.9438903E-01   4.1032920E-01

 3.3610990586E+04   1.7537857E+03   2.4657675E+06   9.6990035E-01   2.7500570E+02   9.7663074E+02   5.0000000E-02     2 
    1.3578434E-11   2.0145282E-05   1.7645076E-04   3.4410846E-03   1.4927144E-02
    3.5135300E-02   5.8531589E-02   8.3718035E-02   1.0968308E-01   1.4112861E-01
    1.5214627E-01   1.7212460E-01   1.9054540E-01   2.0949494E-01   2.2275833E-01
    2.3523432E-01   2.4257282E-01   1.9790305E-01   2.4917627E-01   2.8904777E-01
    3.0467719E-01   3.2823315E-01   3.4202747E-01   3.3595121E-01   3.4221169E-01
    3.5959409E-01   3.6355889E-01   3.7770934E-01   3.9418922E-01   4.0999972E-01

 3.2988419316E+04   1.8284314E+03   2.5613697E+06   9.7041562E-01   2.7448931E+02   9.7642675E+02   5.0000000E-02     3 
    1.3516800E-11   2.0636544E-05   1.7717247E-04   3.4502983E-03   1.4956326E-02
    3.5181767E-02   5.8615588E-02   8.3830905E-02   1.0980854E-01   1.4128844E-01
    1.5230761E-01   1.7228929E-01   1.9070242E-01   2.0966149E-01   2.2292940E-01
    2.3541647E-01   2.4274089E-01   1.9801983E-01   2.4928033E-01   2.8910192E-01
    3.0470303E-01   3.2826670E-01   3.4205823E-01   3.3607771E-01   3.4230846E-01
    3.5950086E-01   3.6359802E-01   3.7766842E-01   3.9402913E-01   4.0963956E-01

 3.1779494080E+04   1.9896127E+03   2.7641672E+06   9.7125791E-01   2.7343059E+02   9.7600878E+02   5.0000000E-02     4 
    1.3218388E-11   2.1643991E-05   1.7839821E-04   3.4662430E-03   1.5008070E-02
    3.5270299E-02   5.8771927E-02   8.4043931E-02   1.1005956E-01   1.4161532E-01
    1.5265049E-01   1.7265336E-01   1.9106716E-01   2.1004663E-01   2.2332789E-01
    2.3583274E-01   2.4311204E-01   1.9828883E-01   2.4952868E-01   2.8925943E-01
    3.0482680E-01   3.2836815E-01   3.4214143E-01   3.3637262E-01   3.4257640E-01
    3.5947559E-01   3.6395497E-01   3.7801225E-01   3.9423231E-01   4.0948483E-01

 2.9494888292E+04   2.3609052E+03   3.2201534E+06   9.7257550E-01   2.7121929E+02   9.7513087E+02   5.0000000E-02     5 
    1.2316230E-11   2.3810211E-05   1.8039245E-04   3.4928438E-03   1.5096915E-02
    3.5429926E-02   5.9056918E-02   8.4443925E-02   1.1055521E-01   1.4227151E-01
    1.5335045E-01   1.7341541E-01   1.9185014E-01   2.1086326E-01   2.2417178E-01
    2.3671497E-01   2.4391770E-01   1.9891501E-01   2.5014098E-01   2.8972663E-01
    3.0524127E-01   3.2869211E-01   3.4244126E-01   3.3720017E-01   3.4347208E-01
    3.5993532E-01   3.6523216E-01   3.7930425E-01   3.9525224E-01   4.0982812E-01

 2.5403779552E+04   3.3276571E+03   4.3729058E+06   9.7470797E-01   2.6682570E+02   9.7316599E+02   5.0000000E-02     6 
    1.0318432E-11   2.8755284E-05   1.8377108E-04   3.5383974E-03   1.5251758E-02
    3.5717004E-02   5.9571216E-02   8.5181780E-02   1.1148530E-01   1.4353351E-01
    1.5470400E-01   1.7491114E-01   1.9341130E-01   2.1251149E-01   2.2588811E-01
    2.3852189E-01   2.4559608E-01   2.0037580E-01   2.5155925E-01   2.9087917E-01
    3.0638761E-01   3.2956063E-01   3.4327345E-01   3.3930160E-01   3.4579781E-01
    3.6145829E-01   3.6819633E-01   3.8218017E-01   3.9747422E-01   4.1076001E-01

 1.9026958948E+04   6.3616677E+03   7.8992770E+06   9.7832978E-01   2.6020391E+02   9.6839871E+02   5.0000000E-02     7 
    7.1197795E-12   4.0202450E-05   1.8967438E-04   3.6162286E-03   1.5513459E-02
    3.6199640E-02   6.0421375E-02   8.6399130E-02   1.1302713E-01   1.4565187E-01
    1.5694578E-01   1.7740532E-01   1.9602273E-01   2.1528134E-01   2.2880164E-01
    2.4158288E-01   2.4837829E-01   2.0358278E-01   2.5423551E-01   2.9294575E-01
    3.0886992E-01   3.3111193E-01   3.4487281E-01   3.4396298E-01   3.5101844E-01
    3.6495733E-01   3.7308748E-01   3.8577082E-01   3.9886133E-01   4.0950389E-01

 1.4266923897E+04   1.1952085E+04   1.4229466E+07   9.8220705E-01   2.5506044E+02   9.6198239E+02   5.0000000E-02     8 
    5.0284580E-12   5.4563341E-05   1.9617611E-04   3.6973897E-03   1.5776484E-02
    3.6677934E-02   6.1212507E-02   8.7503615E-02   1.1441410E-01   1.4757675E-01
    1.5889976E-01   1.7956412E-01   1.9827399E-01   2.1767508E-01   2.3137124E-01
    2.4424040E-01   2.5057648E-01   2.0777697E-01   2.5706148E-01   2.9491792E-01
    3.1191800E-01   3.3295592E-01   3.4687250E-01   3.4931983E-01   3.5692249E-01
    3.6886396E-01   3.7671283E-01   3.8701491E-01   3.9716434E-01   4.0512638E-01

 1.0721760125E+04   2.2146340E+04   2.5533400E+07   9.8638416E-01   2.5109781E+02   9.5365188E+02   5.0000000E-02     9 
    3.6452500E-12   7.2268066E-05   2.0356261E-04   3.7848755E-03   1.6050642E-02
    3.7176242E-02   6.1998062E-02   8.8578984E-02   1.1574863E-01   1.4949314E-01
    1.6074134E-01   1.8160335E-01   2.0042979E-01   2.1997719E-01   2.3388039E-01
    2.4677116E-01   2.5242971E-01   2.1371568E-01   2.6060589E-01   2.9731302E-01
    3.1585477E-01   3.3580071E-01   3.4987933E-01   3.5518311E-01   3.6299758E-01
    3.7279701E-01   3.7944168E-01   3.8715014E-01   3.9445708E-01   4.0010052E-01

 8.0704185485E+03   4.0653669E+04   4.5746166E+07   9.9103414E-01   2.4815670E+02   9.4286850E+02   5.0000000E-02    10 
    2.7345767E-12   9.3754539E-05   2.1249744E-04   3.8844884E-03   1.6353082E-02
    3.7730220E-02   6.2844061E-02   8.9719261E-02   1.1715320E-01   1.5158489E-01
    1.6263985E-01   1.8370946E-01   2.0272488E-01   2.2244956E-01   2.3662010E-01
    2.4947713E-01   2.5441391E-01   2.2222859E-01   2.6575144E-01   3.0099045E-01
    3.2109399E-01   3.4022085E-01   3.5426985E-01   3.6143254E-01   3.6900347E-01
    3.7676847E-01   3.8199694E-01   3.8748299E-01   3.9249154E-01   3.9633482E-01

 6.0852243903E+03   7.4041189E+04   8.1923194E+07   9.9621339E-01   2.4632841E+02   9.2863177E+02   5.0000000E-02    11 
    2.1276486E-12   1.1920926E-04   2.2376941E-04   4.0012378E-03   1.6698286E-02
    3.8368698E-02   6.3803156E-02   9.0998914E-02   1.1874012E-01   1.5401868E-01
    1.6477893E-01   1.8608759E-01   2.0539067E-01   2.2537098E-01   2.3995155E-01
    2.5280021E-01   2.5751375E-01   2.3413238E-01   2.7376302E-01   3.0720296E-01
    3.2836432E-01   3.4676901E-01   3.6045362E-01   3.6845874E-01   3.7544880E-01
    3.8148411E-01   3.8547044E-01   3.8930150E-01   3.9265302E-01   3.9520418E-01

 4.6013821491E+03   1.3366041E+05   1.4653694E+08   1.0020002E+00   2.4580906E+02   9.0989719E+02   5.0000000E-02    12 
    1.7266835E-12   1.4911313E-04   2.3882150E-04   4.1433314E-03   1.7109145E-02
    3.9140481E-02   6.4942980E-02   9.2521835E-02   1.2065612E-01   1.5702786E-01
    1.6742206E-01   1.8906552E-01   2.0881846E-01   2.2921879E-01   2.4449418E-01
    2.5767933E-01   2.6348730E-01   2.5029759E-01   2.8622489E-01   3.1759244E-01
    3.3899682E-01   3.5653885E-01   3.6952751E-01   3.7763056E-01   3.8390085E-01
    3.8858863E-01   3.9162809E-01   3.9433115E-01   3.9657954E-01   3.9825868E-01

 3.4929382433E+03   2.3890607E+05   2.6173867E+08   1.0085597E+00   2.4693632E+02   8.8542181E+02   5.0000000E-02    13 
    1.4775741E-12   1.8507040E-04   2.6051517E-04   4.3263239E-03   1.7625907E-02
    4.0131511E-02   6.6379759E-02   9.4466719E-02   1.2314023E-01   1.6097001E-01
    1.7099113E-01   1.9316352E-01   2.1368552E-01   2.3486344E-01   2.5146202E-01
    2.6599140E-01   2.7482988E-01   2.7197501E-01   3.0497197E-01   3.3420091E-01
    3.5511937E-01   3.7161363E-01   3.8370446E-01   3.9148685E-01   3.9705111E-01
    4.0075153E-01   4.0312058E-01   4.0509250E-01   4.0664261E-01   4.0775881E-01

 2.6650035805E+03   4.2198852E+05   4.6668864E+08   1.0159835E+00   2.5025845E+02   8.5405681E+02   5.0000000E-02    14 
    1.3417573E-12   2.2980989E-04   2.9417904E-04   4.5745550E-03   1.8306415E-02
    4.1465761E-02   6.8291967E-02   9.7084352E-02   1.2655584E-01   1.6636481E-01
    1.7615617E-01   1.9921816E-01   2.2112487E-01   2.4389371E-01   2.6311080E-01
    2.8077603E-01   2.9456105E-01   3.0116425E-01   3.3222623E-01   3.5952927E-01
    3.7957064E-01   3.9495972E-01   4.0611859E-01   4.1341597E-01   4.1836912E-01
    4.2137770E-01   4.2329007E-01   4.2479845E-01   4.2591799E-01   4.2668111E-01

 2.0469513507E+03   7.3415096E+05   8.2874436E+08   1.0249770E+00   2.5624033E+02   8.1595580E+02   5.0000000E-02    15 
    1.3525196E-12   2.9056837E-04   3.5208688E-04   4.9432505E-03   1.9286158E-02
    4.3400914E-02   7.1027898E-02   1.0082570E-01   1.3153392E-01   1.7408125E-01
    1.8407012E-01   2.0875216E-01   2.3323979E-01   2.5925265E-01   2.8318002E-01
    3.0609117E-01   3.2604400E-01   3.4063665E-01   3.7061050E-01   3.9633762E-01
    4.1539820E-01   4.2974676E-01   4.4004725E-01   4.4684029E-01   4.5130173E-01
    4.5384668E-01   4.5545571E-01   4.5667266E-01   4.5753024E-01   4.5807735E-01

 1.5816541317E+03   1.2609787E+06   1.4736907E+09   1.0369641E+00   2.6595425E+02   7.6909255E+02   5.0000000E-02    16 
    1.6376013E-12   3.8409298E-04   4.6232521E-04   5.5427789E-03   2.0835956E-02
    4.6383810E-02   7.5179579E-02   1.0645128E-01   1.3909263E-01   1.8548096E-01
    1.9670526E-01   2.2453165E-01   2.5382854E-01   2.8576272E-01   3.1683490E-01
    3.4657966E-01   3.7288822E-01   3.9374274E-01   4.2297903E-01   4.4729284E-01
    4.6528751E-01   4.7861614E-01   4.8809848E-01   4.9437967E-01   4.9842411E-01
    5.0064763E-01   5.0204300E-01   5.0306431E-01   5.0375367E-01   5.0416470E-01

 1.2315247938E+03   2.1349703E+06   2.6328088E+09   1.0541892E+00   2.8121097E+02   7.1044879E+02   5.0000000E-02    17 
    2.6872977E-12   5.4877857E-04   6.8773312E-04   6.5851676E-03   2.3441731E-02
    5.1087188E-02   8.1669740E-02   1.1511808E-01   1.5070853E-01   2.0243747E-01
    2.1726922E-01   2.5117103E-01   2.8862270E-01   3.2937708E-01   3.6909327E-01
    4.0576389E-01   4.3731483E-01   4.6233644E-01   4.9052316E-01   5.1320640E-01
    5.2988211E-01   5.4206553E-01   5.5066497E-01   5.5637399E-01   5.6001071E-01
    5.6197914E-01   5.6320104E-01   5.6407229E-01   5.6464061E-01   5.6495926E-01

 9.7003658568E+02   3.5416485E+06   4.7199814E+09   1.0793967E+00   3.0444294E+02   6.3899229E+02   5.0000001E-02    18 
    6.8113633E-12   8.7681805E-04   1.1583481E-03   8.4780639E-03   2.7873331E-02
    5.8415583E-02   9.1760458E-02   1.2846429E-01   1.6824117E-01   2.2728582E-01
    2.5037206E-01   2.9467051E-01   3.4346692E-01   3.9417321E-01   4.4164328E-01
    4.8326268E-01   5.1764957E-01   5.4435283E-01   5.7061617E-01   5.9112213E-01
    6.0606510E-01   6.1685754E-01   6.2442612E-01   6.2945762E-01   6.3264826E-01
    6.3437515E-01   6.3543284E-01   6.3617117E-01   6.3664007E-01   6.3688948E-01

 7.7590686043E+02   5.7020696E+06   8.3582683E+09   1.1161696E+00   3.3538442E+02   5.6418242E+02   5.0000006E-02    19 
    3.0621909E-11   1.6130351E-03   2.1669101E-03   1.1995292E-02   3.5400362E-02
    6.9511908E-02   1.0708980E-01   1.4867271E-01   1.9440270E-01   2.6262484E-01
    3.0013012E-01   3.5815818E-01   4.1867708E-01   4.7696654E-01   5.2857437E-01
    5.7156315E-01   6.0571992E-01   6.3161570E-01   6.5497252E-01   6.7275268E-01
    6.8560121E-01   6.9479777E-01   7.0121782E-01   7.0549334E-01   7.0820537E-01
    7.0968973E-01   7.1058618E-01   7.1120156E-01   7.1158448E-01   7.1177966E-01

 6.2966878377E+02   8.9640565E+06   1.4987473E+10   1.1706135E+00   3.8309254E+02   4.7786504E+02   5.0000115E-02    20 
    2.9108022E-10   3.5834929E-03   4.5479661E-03   1.8641209E-02   4.8273298E-02
    8.5992403E-02   1.3141119E-01   1.8121435E-01   2.3663828E-01   3.1517480E-01
    3.7206215E-01   4.4387941E-01   5.1304689E-01   5.7410705E-01   6.2512512E-01
    6.6564256E-01   6.9671342E-01   7.1973785E-01   7.3929320E-01   7.5386254E-01
    7.6431432E-01   7.7174370E-01   7.7691546E-01   7.8036930E-01   7.8256861E-01
    7.8379558E-01   7.8452594E-01   7.8502019E-01   7.8532229E-01   7.8547011E-01

 5.2135496481E+02   1.3436108E+07   2.6823914E+10   1.2447796E+00   4.5798904E+02   3.8950130E+02   5.0002183E-02    21 
    5.3055541E-09   9.2383023E-03   1.0267113E-02   3.1225905E-02   6.8771376E-02
    1.1053915E-01   1.6786724E-01   2.3222090E-01   2.9855293E-01   3.8910993E-01
    4.6536671E-01   5.4554186E-01   6.1595855E-01   6.7349246E-01   7.1928884E-01
    7.5414827E-01   7.8011467E-01   7.9899510E-01   8.1438356E-01   8.2565264E-01
    8.3369099E-01   8.3937876E-01   8.4333473E-01   8.4598789E-01   8.4768917E-01
    8.4866213E-01   8.4923333E-01   8.4961522E-01   8.4984481E-01   8.4995232E-01

 4.4089322287E+02   1.8856895E+07   4.7979828E+10   1.3545423E+00   5.8429178E+02   3.0428612E+02   5.0037388E-02    22 
    2.6207566E-07   2.9985072E-02   2.5449942E-02   5.8320928E-02   1.0487884E-01
    1.6254078E-01   2.2218599E-01   3.0053134E-01   3.8122733E-01   4.8470297E-01
    5.7373410E-01   6.5316081E-01   7.1693933E-01   7.6579179E-01   8.0319434E-01
    8.3061938E-01   8.5064578E-01   8.6497355E-01   8.7634284E-01   8.8456088E-01
    8.9039649E-01   8.9451802E-01   8.9738878E-01   8.9932650E-01   9.0058292E-01
    9.0132455E-01   9.0175399E-01   9.0203806E-01   9.0220597E-01   9.0228055E-01

 3.8121351956E+02   2.2944229E+07   8.5367676E+10   1.4790330E+00   8.5513527E+02   2.2666067E+02   5.0497135E-02    23 
    1.2448805E-05   9.2959465E-02   5.5926746E-02   1.1468186E-01   1.6860963E-01
    2.5173973E-01   2.9389851E-01   3.7716419E-01   4.7991807E-01   5.8886839E-01
    6.7893726E-01   7.4932113E-01   8.0221830E-01   8.4050760E-01   8.6894016E-01
    8.8916006E-01   9.0369095E-01   9.1392652E-01   9.2189803E-01   9.2760664E-01
    9.3164903E-01   9.3450378E-01   9.3649727E-01   9.3785326E-01   9.3874460E-01
    9.3928836E-01   9.3959942E-01   9.3980324E-01   9.3992146E-01   9.3997031E-01

 3.3865512095E+02   2.1452820E+07   1.4034881E+11   1.5808967E+00   1.5046842E+03   1.6281595E+02   5.4175623E-02    24 
    2.3059008E-04   2.1153345E-01   1.0101740E-01   2.0538307E-01   2.5918946E-01
    3.2992555E-01   3.7723591E-01   4.5602373E-01   5.7198223E-01   6.7676048E-01
    7.5839964E-01   8.1735719E-01   8.6005308E-01   8.8971387E-01   9.1118722E-01
    9.2605209E-01   9.3659384E-01   9.4395744E-01   9.4960782E-01   9.5362129E-01
    9.5646150E-01   9.5847099E-01   9.5987857E-01   9.6084359E-01   9.6148629E-01
    9.6188952E-01   9.6211817E-01   9.6226684E-01   9.6235137E-01   9.6238325E-01

 3.0969601914E+02   1.4150763E+07   1.8265808E+11   1.6408592E+00   2.9704396E+03   1.1633627E+02   6.9660004E-02    25 
    1.5922556E-03   3.2795125E-01   1.3802056E-01   2.8461082E-01   3.3661552E-01
    3.6381581E-01   4.5370963E-01   5.1936260E-01   6.4184983E-01   7.3201544E-01
    8.0001918E-01   8.5041700E-01   8.8701019E-01   9.1213882E-01   9.3012875E-01
    9.4232259E-01   9.5089020E-01   9.5687731E-01   9.6144761E-01   9.6467367E-01
    9.6695637E-01   9.6857535E-01   9.6971303E-01   9.7049725E-01   9.7102373E-01
    9.7135939E-01   9.7154887E-01   9.7167161E-01   9.7174055E-01   9.7176496E-01

 2.8927031278E+02   6.0149793E+06   1.8653988E+11   1.6656670E+00   7.1400174E+03   8.3208290E+01   1.0931441E-01    26 
    6.7994663E-03   3.8154627E-01   1.5205851E-01   3.1910049E-01   3.7461838E-01
    3.6052396E-01   4.8786485E-01   5.4387589E-01   6.7496009E-01   7.5462062E-01
    8.1146339E-01   8.5859110E-01   8.9300234E-01   9.1687963E-01   9.3400775E-01
    9.4552851E-01   9.5361183E-01   9.5928909E-01   9.6363721E-01   9.6669826E-01
    9.6886301E-01   9.7040031E-01   9.7148287E-01   9.7223037E-01   9.7273308E-01
    9.7305473E-01   9.7323609E-01   9.7335357E-01   9.7341951E-01   9.7344280E-01

 2.7421109092E+02   1.4247026E+06   1.7562126E+11   1.6671086E+00   2.8388557E+04   5.9515700E+01   1.8066089E-01    27 
    2.9710879E-02   3.7906877E-01   1.6106725E-01   3.2572514E-01   3.9616557E-01
    3.6022775E-01   4.9040352E-01   5.4868355E-01   6.8607126E-01   7.6252078E-01
    8.1239028E-01   8.5897777E-01   8.9259672E-01   9.1621438E-01   9.3321700E-01
    9.4468857E-01   9.5277586E-01   9.5848267E-01   9.6287450E-01   9.6596472E-01
    9.6814956E-01   9.6970138E-01   9.7079529E-01   9.7155068E-01   9.7205834E-01
    9.7238262E-01   9.7256554E-01   9.7268418E-01   9.7275097E-01   9.7277499E-01

 2.6263222459E+02   1.5771486E+05   1.7277685E+11   1.6538039E+00   2.5232412E+05   4.2550236E+01   2.8000954E-01    28 
    1.9554762E-01   3.9130488E-01   1.9249006E-01   3.6216901E-01   4.5631509E-01
    3.9914289E-01   5.1285529E-01   5.7634391E-01   7.1732616E-01   7.8817849E-01
    8.2898518E-01   8.7209952E-01   9.0208522E-01   9.2327148E-01   9.3854945E-01
    9.4888318E-01   9.5622902E-01   9.6143970E-01   9.6547718E-01   9.6831412E-01
    9.7032011E-01   9.7174583E-01   9.7275235E-01   9.7344789E-01   9.7391543E-01
    9.7421383E-01   9.7438235E-01   9.7449181E-01   9.7455347E-01   9.7457572E-01

 2.5336099501E+02   1.2324414E+04   1.8423871E+11   1.6336132E+00   3.4433163E+06   3.0452901E+01   3.9424902E-01    29 
    1.5325150E+00   9.1828460E-01   5.3300372E-01   9.0463347E-01   1.1065230E+00
    8.3450070E-01   9.0701560E-01   9.2223547E-01   1.0866679E+00   1.0767385E+00
    1.0343365E+00   1.0306149E+00   1.0210780E+00   1.0142153E+00   1.0099563E+00
    1.0064763E+00   1.0043654E+00   1.0031431E+00   1.0025364E+00   1.0020618E+00
    1.0017289E+00   1.0015121E+00   1.0013758E+00   1.0012886E+00   1.0012350E+00
    1.0012035E+00   1.0011871E+00   1.0011780E+00   1.0011731E+00   1.0011714E+00

 2.4455181986E+02   7.8424290E+03   2.1477897E+11   1.6160739E+00   6.3081251E+06   2.1521325E+01   5.1362891E-01    30 
    1.5576751E+00   1.1209058E+00   7.9172378E-01   1.2780416E+00   1.5801969E+00
    1.2182418E+00   1.1757084E+00   1.1886380E+00   1.3413715E+00   1.2765082E+00
    1.1816987E+00   1.1442581E+00   1.1062359E+00   1.0793518E+00   1.0606911E+00
    1.0474632E+00   1.0387385E+00   1.0329415E+00   1.0289723E+00   1.0261140E+00
    1.0240981E+00   1.0226939E+00   1.0217266E+00   1.0210680E+00   1.0206318E+00
    1.0203558E+00   1.0202025E+00   1.0201056E+00   1.0200520E+00   1.0200341E+00

 2.3692592859E+02   9.6556212E+03   2.6132203E+11   1.6196504E+00   6.2333785E+06   1.5877897E+01   6.0958686E-01    31 
    1.3836657E+00   9.6395927E-01   7.8785953E-01   1.1993121E+00   1.5029238E+00
    1.2461269E+00   1.1130792E+00   1.1629962E+00   1.2761172E+00   1.2246361E+00
    1.1509863E+00   1.1200371E+00   1.0880441E+00   1.0656921E+00   1.0496685E+00
    1.0387356E+00   1.0316286E+00   1.0268461E+00   1.0235280E+00   1.0211466E+00
    1.0194673E+00   1.0182936E+00   1.0174806E+00   1.0169249E+00   1.0165545E+00
    1.0163176E+00   1.0161864E+00   1.0161034E+00   1.0160579E+00   1.0160437E+00

 2.3458848614E+02   9.5329169E+03   3.3088814E+11   1.6108510E+00   7.9928328E+06   1.1008530E+01   7.0820141E-01    32 
    1.1231923E+00   8.3655389E-01   7.5931870E-01   1.1244134E+00   1.4501882E+00
    1.2521759E+00   1.0723494E+00   1.1387258E+00   1.2220200E+00   1.1796467E+00
    1.1220056E+00   1.0960145E+00   1.0698035E+00   1.0518284E+00   1.0386708E+00
    1.0299679E+00   1.0243922E+00   1.0206081E+00   1.0179649E+00   1.0160742E+00
    1.0147415E+00   1.0138079E+00   1.0131581E+00   1.0127117E+00   1.0124121E+00
    1.0122184E+00   1.0121111E+00   1.0120434E+00   1.0120069E+00   1.0119965E+00

 2.3437697382E+02   9.2861188E+03   4.0118422E+11   1.6020693E+00   9.9466492E+06   8.3824697E+00   7.6841423E-01    33 
    9.2231423E-01   7.7791868E-01   7.3564491E-01   1.0893980E+00   1.4248796E+00
    1.2435452E+00   1.0573062E+00   1.1230505E+00   1.1922458E+00   1.1541178E+00
    1.1042928E+00   1.0810669E+00   1.0584410E+00   1.0431117E+00   1.0318904E+00
    1.0245571E+00   1.0198851E+00   1.0167098E+00   1.0144924E+00   1.0129092E+00
    1.0117932E+00   1.0110104E+00   1.0104638E+00   1.0100869E+00   1.0098326E+00
    1.0096665E+00   1.0095746E+00   1.0095167E+00   1.0094857E+00   1.0094778E+00

 2.3425526696E+02   8.8504210E+03   5.3893299E+11   1.5889717E+00   1.4014570E+07   5.7526761E+00   8.3423296E-01    34 
    6.9044934E-01   7.0349580E-01   7.0125766E-01   1.0465940E+00   1.3881987E+00
    1.2244363E+00   1.0411154E+00   1.1009337E+00   1.1537267E+00   1.1214784E+00
    1.0814852E+00   1.0622369E+00   1.0443255E+00   1.0323625E+00   1.0236516E+00
    1.0180225E+00   1.0144535E+00   1.0120269E+00   1.0103350E+00   1.0091289E+00
    1.0082782E+00   1.0076799E+00   1.0072602E+00   1.0069689E+00   1.0067705E+00
    1.0066388E+00   1.0065660E+00   1.0065202E+00   1.0064962E+00   1.0064911E+00

 2.3412956558E+02   8.0883315E+03   7.0906896E+11   1.5739920E+00   2.0166462E+07   4.1632667E+00   8.7690220E-01    35 
    5.1002239E-01   6.2893868E-01   6.6561062E-01   1.0060721E+00   1.3506040E+00
    1.2038581E+00   1.0273246E+00   1.0812648E+00   1.1222755E+00   1.0955832E+00
    1.0636521E+00   1.0479690E+00   1.0338213E+00   1.0244691E+00   1.0176829E+00
    1.0133333E+00   1.0105852E+00   1.0087154E+00   1.0074124E+00   1.0064841E+00
    1.0058284E+00   1.0053659E+00   1.0050398E+00   1.0048120E+00   1.0046554E+00
    1.0045498E+00   1.0044915E+00   1.0044548E+00   1.0044359E+00   1.0044327E+00

 2.3398806801E+02   7.0500298E+03   9.5577332E+11   1.5579244E+00   3.1162129E+07   2.9783463E+00   9.1021622E-01    36 
    3.8065156E-01   5.5720719E-01   6.2951389E-01   9.6725234E-01   1.3109358E+00
    1.1803351E+00   1.0150147E+00   1.0622437E+00   1.0937286E+00   1.0726250E+00
    1.0480167E+00   1.0357660E+00   1.0249741E+00   1.0178961E+00   1.0127788E+00
    1.0095177E+00   1.0074623E+00   1.0060627E+00   1.0050874E+00   1.0043923E+00
    1.0039003E+00   1.0035520E+00   1.0033051E+00   1.0031313E+00   1.0030104E+00
    1.0029277E+00   1.0028819E+00   1.0028532E+00   1.0028386E+00   1.0028369E+00

 2.3383882410E+02   5.7996294E+03   1.3003333E+12   1.5412001E+00   5.1471455E+07   2.1334000E+00   9.3478851E-01    37 
    2.9288856E-01   4.9064703E-01   5.9436607E-01   9.3085006E-01   1.2710782E+00
    1.1558226E+00   1.0048872E+00   1.0454983E+00   1.0698422E+00   1.0538442E+00
    1.0353889E+00   1.0261273E+00   1.0180873E+00   1.0128413E+00   1.0090585E+00
    1.0066572E+00   1.0051461E+00   1.0041162E+00   1.0033978E+00   1.0028854E+00
    1.0025216E+00   1.0022631E+00   1.0020788E+00   1.0019480E+00   1.0018562E+00
    1.0017922E+00   1.0017568E+00   1.0017346E+00   1.0017235E+00   1.0017227E+00

 2.3368345589E+02   4.5036647E+03   1.7805785E+12   1.5237130E+00   9.0571254E+07   1.5295651E+00   9.5277782E-01    38 
    2.3118191E-01   4.2866650E-01   5.5989316E-01   8.9596623E-01   1.2306956E+00
    1.1308351E+00   9.9701941E-01   1.0314777E+00   1.0505769E+00   1.0389855E+00
    1.0255194E+00   1.0187331E+00   1.0128749E+00   1.0090627E+00   1.0063169E+00
    1.0045783E+00   1.0034857E+00   1.0027399E+00   1.0022188E+00   1.0018464E+00
    1.0015814E+00   1.0013923E+00   1.0012567E+00   1.0011599E+00   1.0010911E+00
    1.0010425E+00   1.0010155E+00   1.0009986E+00   1.0009903E+00   1.0009900E+00

 2.3352179742E+02   3.4134202E+03   2.4508185E+12   1.5069485E+00   1.6391490E+08   1.0965012E+00   9.6590436E-01    39 
    1.8853060E-01   3.7475514E-01   5.2811770E-01   8.6381236E-01   1.1907515E+00
    1.1065481E+00   9.9183154E-01   1.0205859E+00   1.0357132E+00   1.0276606E+00
    1.0180703E+00   1.0132269E+00   1.0090382E+00   1.0063141E+00   1.0043520E+00
    1.0031115E+00   1.0023327E+00   1.0018002E+00   1.0014271E+00   1.0011600E+00
    1.0009695E+00   1.0008330E+00   1.0007346E+00   1.0006639E+00   1.0006133E+00
    1.0005770E+00   1.0005569E+00   1.0005442E+00   1.0005380E+00   1.0005380E+00

 2.3335429696E+02   2.7082746E+03   3.3878524E+12   1.4944057E+00   2.8407799E+08   7.8532638E-01   9.7545401E-01    40 
    1.6420594E-01   3.3529861E-01   5.0350728E-01   8.3787777E-01   1.1537703E+00
    1.0848028E+00   9.8978376E-01   1.0130565E+00   1.0248957E+00   1.0194205E+00
    1.0126765E+00   1.0092650E+00   1.0063023E+00   1.0043747E+00   1.0029854E+00
    1.0021078E+00   1.0015572E+00   1.0011802E+00   1.0009150E+00   1.0007249E+00
    1.0005890E+00   1.0004913E+00   1.0004207E+00   1.0003697E+00   1.0003329E+00
    1.0003062E+00   1.0002914E+00   1.0002821E+00   1.0002776E+00   1.0002777E+00

 2.3318257642E+02   2.4317226E+03   4.6924782E+12   1.4896356E+00   4.3512109E+08   5.6264414E-01   9.8234897E-01    41 
    1.5784513E-01   3.1421515E-01   4.8971768E-01   8.2095073E-01   1.1214199E+00
    1.0666665E+00   9.9042373E-01   1.0085019E+00   1.0174462E+00   1.0136662E+00
    1.0089075E+00   1.0064977E+00   1.0044039E+00   1.0030404E+00   1.0020577E+00
    1.0014370E+00   1.0010479E+00   1.0007810E+00   1.0005926E+00   1.0004575E+00
    1.0003608E+00   1.0002911E+00   1.0002406E+00   1.0002040E+00   1.0001775E+00
    1.0001582E+00   1.0001474E+00   1.0001406E+00   1.0001373E+00   1.0001375E+00

 2.3300566123E+02   2.6374790E+03   6.5113334E+12   1.4950666E+00   5.5230979E+08   4.0311508E-01   9.8732007E-01    42 
    1.6935158E-01   3.1244816E-01   4.8812100E-01   8.1338511E-01   1.0930575E+00
    1.0516783E+00   9.9252405E-01   1.0059742E+00   1.0123835E+00   1.0096640E+00
    1.0062809E+00   1.0045671E+00   1.0030853E+00   1.0021198E+00   1.0014250E+00
    1.0009862E+00   1.0007111E+00   1.0005225E+00   1.0003888E+00   1.0002930E+00
    1.0002244E+00   1.0001749E+00   1.0001391E+00   1.0001130E+00   1.0000941E+00
    1.0000803E+00   1.0000726E+00   1.0000677E+00   1.0000653E+00   1.0000655E+00

 2.3282435172E+02   3.6856607E+03   9.0435817E+12   1.5127591E+00   5.4569000E+08   2.8914636E-01   9.9088768E-01    43 
    2.0095283E-01   3.3176017E-01   4.9932459E-01   8.1429882E-01   1.0675426E+00
    1.0389435E+00   9.9488767E-01   1.0045024E+00   1.0088303E+00   1.0068131E+00
    1.0044121E+00   1.0031949E+00   1.0021511E+00   1.0014713E+00   1.0009837E+00
    1.0006757E+00   1.0004828E+00   1.0003506E+00   1.0002567E+00   1.0001894E+00
    1.0001413E+00   1.0001066E+00   1.0000815E+00   1.0000633E+00   1.0000500E+00
    1.0000403E+00   1.0000349E+00   1.0000315E+00   1.0000299E+00   1.0000300E+00

 2.3265894756E+02   6.5380229E+03   1.2621236E+13   1.5415278E+00   4.2838144E+08   2.0680740E-01   9.9347362E-01    44 
    2.5342011E-01   3.7154217E-01   5.2132548E-01   8.2141391E-01   1.0450916E+00
    1.0280784E+00   9.9675768E-01   1.0034044E+00   1.0062027E+00   1.0047224E+00
    1.0030466E+00   1.0021967E+00   1.0014741E+00   1.0010040E+00   1.0006683E+00
    1.0004563E+00   1.0003235E+00   1.0002327E+00   1.0001680E+00   1.0001218E+00
    1.0000888E+00   1.0000651E+00   1.0000480E+00   1.0000356E+00   1.0000266E+00
    1.0000200E+00   1.0000164E+00   1.0000142E+00   1.0000131E+00   1.0000132E+00

 2.3249984785E+02   1.5466748E+04   1.7584993E+13   1.5836837E+00   2.5321641E+08   1.4851460E-01   9.9530866E-01    45 
    3.3314304E-01   4.3745745E-01   5.5461916E-01   8.3319385E-01   1.0250218E+00
    1.0185528E+00   9.9774590E-01   1.0023789E+00   1.0041916E+00   1.0031633E+00
    1.0020351E+00   1.0014636E+00   1.0009796E+00   1.0006650E+00   1.0004410E+00
    1.0002996E+00   1.0002110E+00   1.0001506E+00   1.0001075E+00   1.0000768E+00
    1.0000550E+00   1.0000393E+00   1.0000280E+00   1.0000199E+00   1.0000141E+00
    1.0000099E+00   1.0000076E+00   1.0000062E+00   1.0000056E+00   1.0000056E+00

 2.3234013604E+02   4.9887808E+04   2.3848665E+13   1.6413424E+00   1.0741825E+08   1.0980846E-01   9.9652909E-01    46 
    4.4622861E-01   5.3612898E-01   5.9872077E-01   8.4782495E-01   1.0083137E+00
    1.0105340E+00   9.9793039E-01   1.0014345E+00   1.0026947E+00   1.0020404E+00
    1.0013136E+00   1.0009463E+00   1.0006327E+00   1.0004288E+00   1.0002835E+00
    1.0001918E+00   1.0001344E+00   1.0000953E+00   1.0000674E+00   1.0000476E+00
    1.0000335E+00   1.0000235E+00   1.0000163E+00   1.0000112E+00   1.0000076E+00
    1.0000050E+00   1.0000036E+00   1.0000028E+00   1.0000024E+00   1.0000025E+00

 2.3219068315E+02   1.8549781E+05   3.0743496E+13   1.7082898E+00   3.7575735E+07   8.5452633E-02   9.9729785E-01    47 
    5.8074991E-01   6.5774902E-01   6.4623968E-01   8.6172655E-01   9.9623451E-01
    1.0043430E+00   9.9769730E-01   1.0006578E+00   1.0016490E+00   1.0012810E+00
    1.0008310E+00   1.0006041E+00   1.0004047E+00   1.0002744E+00   1.0001811E+00
    1.0001221E+00   1.0000852E+00   1.0000602E+00   1.0000423E+00   1.0000296E+00
    1.0000205E+00   1.0000141E+00   1.0000096E+00   1.0000064E+00   1.0000042E+00
    1.0000026E+00   1.0000018E+00   1.0000014E+00   1.0000011E+00   1.0000012E+00

 2.3204317101E+02   7.6714610E+05   3.8211861E+13   1.7843496E+00   1.1369628E+07   6.8945150E-02   9.9781924E-01    48 
    7.2965111E-01   7.9732127E-01   6.9489003E-01   8.7372610E-01   9.8737622E-01
    9.9940712E-01   9.9730171E-01   9.9999682E-01   1.0008715E+00   1.0007336E+00
    1.0004870E+00   1.0003627E+00   1.0002451E+00   1.0001670E+00   1.0001102E+00
    1.0000741E+00   1.0000516E+00   1.0000364E+00   1.0000254E+00   1.0000176E+00
    1.0000121E+00   1.0000082E+00   1.0000055E+00   1.0000036E+00   1.0000023E+00
    1.0000014E+00   1.0000009E+00   1.0000007E+00   1.0000006E+00   1.0000006E+00

 2.3189178813E+02   3.3987004E+06   4.6294175E+13   1.8689979E+00   3.1224850E+06   5.7039787E-02   9.9819546E-01    49 
    8.8079708E-01   9.4140807E-01   7.4521329E-01   8.8417710E-01   9.8115105E-01
    9.9559074E-01   9.9689279E-01   9.9943577E-01   1.0002768E+00   1.0003259E+00
    1.0002331E+00   1.0001864E+00   1.0001293E+00   1.0000896E+00   1.0000593E+00
    1.0000399E+00   1.0000278E+00   1.0000196E+00   1.0000137E+00   1.0000094E+00
    1.0000064E+00   1.0000043E+00   1.0000028E+00   1.0000018E+00   1.0000011E+00
    1.0000007E+00   1.0000004E+00   1.0000003E+00   1.0000003E+00   1.0000003E+00

 2.3173106736E+02   1.5661532E+07   5.5354743E+13   1.9614789E+00   8.1218707E+05   4.7796448E-02   9.9848765E-01    50 
    1.0133055E+00   1.0617319E+00   8.0534089E-01   8.9711798E-01   9.7819384E-01
    9.9320475E-01   9.9670136E-01   9.9904187E-01   9.9985443E-01   1.0000362E+00
    1.0000526E+00   1.0000611E+00   1.0000472E+00   1.0000348E+00   1.0000235E+00
    1.0000159E+00   1.0000112E+00   1.0000081E+00   1.0000057E+00   1.0000039E+00
    1.0000026E+00   1.0000017E+00   1.0000011E+00   1.0000007E+00   1.0000004E+00
    1.0000003E+00   1.0000002E+00   1.0000001E+00   1.0000001E+00   1.0000001E+00

 2.3155600005E+02   7.5988480E+07   6.6116272E+13   2.0621334E+00   2.0019272E+05   4.0088644E-02   9.9873137E-01    51 
    1.0851126E+00   1.1152668E+00   8.8918679E-01   9.2087437E-01   9.8019517E-01
    9.9292457E-01   9.9705716E-01   9.9895270E-01   9.9964874E-01   9.9987856E-01
    9.9995065E-01   9.9998757E-01   9.9999837E-01   1.0000019E+00   1.0000019E+00
    1.0000015E+00   1.0000013E+00   1.0000012E+00   1.0000009E+00   1.0000007E+00
    1.0000005E+00   1.0000003E+00   1.0000002E+00   1.0000001E+00   1.0000001E+00
    1.0000001E+00   1.0000000E+00   1.0000000E+00   1.0000000E+00   1.0000000E+00

 2.3136347805E+02   3.9368448E+08   7.9467203E+13   2.1723620E+00   4.6473567E+04   3.3412903E-02   9.9894251E-01    52 
    1.0718530E+00   1.0863998E+00   9.7588103E-01   9.5780932E-01   9.8731789E-01
    9.9490258E-01   9.9805467E-01   9.9922302E-01   9.9967822E-01   9.9985963E-01
    9.9993011E-01   9.9996651E-01   9.9998268E-01   9.9999060E-01   9.9999435E-01
    9.9999642E-01   9.9999778E-01   9.9999867E-01   9.9999919E-01   9.9999950E-01
    9.9999968E-01   9.9999980E-01   9.9999988E-01   9.9999993E-01   9.9999997E-01
    9.9999999E-01   1.0000000E+00   1.0000000E+00   1.0000000E+00   1.0000000E+00

 2.3115292156E+02   2.0629418E+09   9.6189727E+13   2.2938129E+00   1.0737996E+04   2.7655075E-02   9.9912466E-01    53 
    1.0347003E+00   1.0413466E+00   1.0074471E+00   9.8963567E-01   9.9498828E-01
    9.9753832E-01   9.9912378E-01   9.9960609E-01   9.9981270E-01   9.9990996E-01
    9.9995214E-01   9.9997444E-01   9.9998572E-01   9.9999165E-01   9.9999484E-01
    9.9999670E-01   9.9999789E-01   9.9999867E-01   9.9999916E-01   9.9999947E-01
    9.9999967E-01   9.9999980E-01   9.9999988E-01   9.9999994E-01   9.9999997E-01
    1.0000000E+00   1.0000000E+00   1.0000000E+00   1.0000000E+00   1.0000000E+00

 2.3092584182E+02   1.0429356E+10   1.1675914E+14   2.4275143E+00   2.5777570E+03   2.2828455E-02   9.9927737E-01    54 
    1.0148905E+00   1.0184048E+00   1.0064038E+00   9.9927665E-01   9.9904270E-01
    9.9933300E-01   9.9977623E-01   9.9986848E-01   9.9992189E-01   9.9995751E-01
    9.9997564E-01   9.9998581E-01   9.9999164E-01   9.9999490E-01   9.9999681E-01
    9.9999796E-01   9.9999869E-01   9.9999917E-01   9.9999947E-01   9.9999967E-01
    9.9999980E-01   9.9999988E-01   9.9999993E-01   9.9999997E-01   9.9999999E-01
    1.0000000E+00   1.0000000E+00   1.0000000E+00   1.0000000E+00   1.0000000E+00

 2.3068440835E+02   5.0395052E+10   1.4096850E+14   2.5739493E+00   6.4322909E+02   1.8951596E-02   9.9940006E-01    55 
    1.0060781E+00   1.0080774E+00   1.0038059E+00   1.0002179E+00   1.0000020E+00
    9.9994003E-01   9.9997980E-01   9.9997245E-01   9.9997599E-01   9.9998411E-01
    9.9998979E-01   9.9999335E-01   9.9999578E-01   9.9999730E-01   9.9999827E-01
    9.9999889E-01   9.9999928E-01   9.9999954E-01   9.9999971E-01   9.9999982E-01
    9.9999989E-01   9.9999994E-01   9.9999997E-01   9.9999999E-01   1.0000000E+00
    1.0000000E+00   1.0000000E+00   1.0000000E+00   1.0000000E+00   1.0000000E+00

 2.3042984722E+02   2.3168207E+11   1.6804208E+14   2.7338217E+00   1.6588097E+02   1.5949056E-02   9.9949508E-01    56 
    1.0003239E+00   1.0013819E+00   1.0015867E+00   1.0001188E+00   1.0000700E+00
    1.0000189E+00   1.0000057E+00   9.9999763E-01   9.9999568E-01   9.9999630E-01
    9.9999724E-01   9.9999794E-01   9.9999856E-01   9.9999902E-01   9.9999934E-01
    9.9999957E-01   9.9999972E-01   9.9999982E-01   9.9999989E-01   9.9999993E-01
    9.9999996E-01   9.9999999E-01   1.0000000E+00   1.0000000E+00   1.0000000E+00
    1.0000000E+00   1.0000000E+00   1.0000000E+00   1.0000000E+00   1.0000000E+00

 2.3016145357E+02   9.9992835E+11   1.9666909E+14   2.9083598E+00   4.4084720E+01   1.3710151E-02   9.9956594E-01    57 
    9.9698826E-01   9.9761081E-01   1.0004966E+00   1.0000786E+00   1.0000514E+00
    1.0000204E+00   1.0000080E+00   1.0000027E+00   1.0000008E+00   1.0000001E+00
    9.9999991E-01   9.9999983E-01   9.9999983E-01   9.9999986E-01   9.9999990E-01
    9.9999993E-01   9.9999995E-01   9.9999997E-01   9.9999998E-01   1.0000000E+00
    1.0000000E+00   1.0000000E+00   1.0000000E+00   1.0000000E+00   1.0000001E+00
    1.0000001E+00   1.0000001E+00   1.0000001E+00   1.0000001E+00   1.0000001E+00

 2.2987544366E+02   3.9022148E+12   2.2571588E+14   3.0988702E+00   1.2095605E+01   1.2124871E-02   9.9961612E-01    58 
    9.9603897E-01   9.9659173E-01   1.0003254E+00   1.0001392E+00   1.0000607E+00
    1.0000245E+00   1.0000106E+00   1.0000048E+00   1.0000024E+00   1.0000012E+00
    1.0000007E+00   1.0000004E+00   1.0000002E+00   1.0000001E+00   1.0000001E+00
    1.0000000E+00   1.0000000E+00   1.0000000E+00   1.0000000E+00   1.0000000E+00
    1.0000001E+00   1.0000001E+00   1.0000001E+00   1.0000001E+00   1.0000001E+00
    1.0000001E+00   1.0000002E+00   1.0000002E+00   1.0000002E+00   1.0000002E+00

 2.2956275196E+02   1.2562827E+13   2.5543437E+14   3.3066500E+00   3.4533660E+00   1.1104950E-02   9.9964841E-01    59 
    9.9673200E-01   9.9728034E-01   1.0004126E+00   1.0001822E+00   1.0000681E+00
    1.0000267E+00   1.0000115E+00   1.0000054E+00   1.0000027E+00   1.0000015E+00
    1.0000008E+00   1.0000005E+00   1.0000003E+00   1.0000002E+00   1.0000001E+00
    1.0000001E+00   1.0000001E+00   1.0000001E+00   1.0000001E+00   1.0000001E+00
    1.0000001E+00   1.0000002E+00   1.0000002E+00   1.0000002E+00   1.0000003E+00
    1.0000003E+00   1.0000003E+00   1.0000003E+00   1.0000003E+00   1.0000003E+00

 2.2920565993E+02   2.9200289E+13   2.8682370E+14   3.5333274E+00   1.0320522E+00   1.0503198E-02   9.9966746E-01    60 
    9.9766973E-01   9.9820128E-01   1.0003857E+00   1.0001563E+00   1.0000554E+00
    1.0000213E+00   1.0000091E+00   1.0000043E+00   1.0000022E+00   1.0000012E+00
    1.0000007E+00   1.0000004E+00   1.0000002E+00   1.0000001E+00   1.0000001E+00
    1.0000001E+00   1.0000001E+00   1.0000001E+00   1.0000001E+00   1.0000001E+00
    1.0000002E+00   1.0000002E+00   1.0000003E+00   1.0000003E+00   1.0000003E+00
    1.0000003E+00   1.0000004E+00   1.0000004E+00   1.0000004E+00   1.0000004E+00

 2.2877361562E+02   4.7626723E+13   3.2124119E+14   3.7816702E+00   3.2303328E-01   9.9278970E-03   9.9968567E-01    61 
    9.9826898E-01   9.9878908E-01   1.0002986E+00   1.0001126E+00   1.0000386E+00
    1.0000146E+00   1.0000062E+00   1.0000029E+00   1.0000014E+00   1.0000008E+00
    1.0000004E+00   1.0000003E+00   1.0000002E+00   1.0000001E+00   1.0000001E+00
    1.0000000E+00   1.0000000E+00   1.0000000E+00   1.0000001E+00   1.0000001E+00
    1.0000001E+00   1.0000001E+00   1.0000002E+00   1.0000002E+00   1.0000002E+00
    1.0000002E+00   1.0000002E+00   1.0000002E+00   1.0000002E+00   1.0000002E+00

 2.2823171045E+02   6.3106236E+13   3.6723212E+14   4.0511944E+00   1.0975931E-01   8.9748285E-03   9.9971584E-01    62 
    9.9888403E-01   9.9925503E-01   1.0001895E+00   1.0000673E+00   1.0000225E+00
    1.0000084E+00   1.0000035E+00   1.0000016E+00   1.0000008E+00   1.0000004E+00
    1.0000002E+00   1.0000001E+00   1.0000001E+00   1.0000001E+00   1.0000000E+00
    1.0000000E+00   1.0000000E+00   1.0000000E+00   1.0000000E+00   1.0000000E+00
    1.0000001E+00   1.0000001E+00   1.0000001E+00   1.0000001E+00   1.0000001E+00
    1.0000001E+00   1.0000001E+00   1.0000001E+00   1.0000001E+00   1.0000001E+00

 2.2756625376E+02   7.9571837E+13   4.3949243E+14   4.3434162E+00   4.1518345E-02   7.6281499E-03   9.9975847E-01    63 
    9.9938302E-01   9.9964322E-01   1.0001034E+00   1.0000346E+00   1.0000113E+00
    1.0000041E+00   1.0000017E+00   1.0000008E+00   1.0000004E+00   1.0000002E+00
    1.0000001E+00   1.0000001E+00   1.0000000E+00   1.0000000E+00   1.0000000E+00
    1.0000000E+00   1.0000000E+00   1.0000000E+00   1.0000000E+00   1.0000000E+00
    1.0000000E+00   1.0000000E+00   1.0000000E+00   1.0000001E+00   1.0000001E+00
    1.0000001E+00   1.0000001E+00   1.0000001E+00   1.0000001E+00   1.0000001E+00

 2.2679196966E+02   1.0200019E+14   5.5277007E+14   4.6606715E+00   1.7505034E-02   6.1326471E-03   9.9980582E-01    64 
    9.9964906E-01   9.9987668E-01   1.0000525E+00   1.0000163E+00   1.0000052E+00
    1.0000019E+00   1.0000008E+00   1.0000004E+00   1.0000002E+00   1.0000001E+00
    1.0000001E+00   1.0000000E+00   1.0000000E+00   1.0000000E+00   1.0000000E+00
    1.0000000E+00   1.0000000E+00   1.0000000E+00   1.0000000E+00   1.0000000E+00
    1.0000000E+00   1.0000000E+00   1.0000000E+00   1.0000000E+00   1.0000000E+00
    1.0000000E+00   1.0000000E+00   1.0000000E+00   1.0000000E+00   1.0000000E+00

 2.2593504745E+02   1.3466661E+14   7.2440323E+14   5.0049294E+00   8.1572534E-03   4.7235244E-03   9.9985043E-01    65 
    9.9979089E-01   9.9997420E-01   1.0000251E+00   1.0000072E+00   1.0000022E+00
    1.0000008E+00   1.0000003E+00   1.0000002E+00   1.0000001E+00   1.0000000E+00
    1.0000000E+00   1.0000000E+00   1.0000000E+00   1.0000000E+00   1.0000000E+00
    1.0000000E+00   1.0000000E+00   1.0000000E+00   1.0000000E+00   1.0000000E+00
    1.0000000E+00   1.0000000E+00   1.0000000E+00   1.0000000E+00   1.0000000E+00
    1.0000000E+00   1.0000000E+00   1.0000000E+00   1.0000000E+00   1.0000000E+00

 2.2500064570E+02   1.8312748E+14   9.8195566E+14   5.3877359E+00   4.0795124E-03   3.5165422E-03   9.9988865E-01    66 
    9.9988669E-01   9.9999892E-01   1.0000114E+00   1.0000031E+00   1.0000009E+00
    1.0000003E+00   1.0000001E+00   1.0000001E+00   1.0000000E+00   1.0000000E+00
    1.0000000E+00   1.0000000E+00   1.0000000E+00   1.0000000E+00   1.0000000E+00
    1.0000000E+00   1.0000000E+00   1.0000000E+00   1.0000000E+00   1.0000000E+00
    1.0000000E+00   1.0000000E+00   1.0000000E+00   1.0000000E+00   1.0000000E+00
    1.0000000E+00   1.0000000E+00   1.0000000E+00   1.0000000E+00   1.0000000E+00

 2.2433935754E+02   2.2738589E+14   1.2179458E+15   5.6700956E+00   2.6450284E-03   2.8528191E-03   9.9990967E-01    67 
    9.9992988E-01   1.0000036E+00   1.0000064E+00   1.0000017E+00   1.0000005E+00
    1.0000002E+00   1.0000001E+00   1.0000000E+00   1.0000000E+00   1.0000000E+00
    1.0000000E+00   1.0000000E+00   1.0000000E+00   1.0000000E+00   1.0000000E+00
    1.0000000E+00   1.0000000E+00   1.0000000E+00   1.0000000E+00   1.0000000E+00
    1.0000000E+00   1.0000000E+00   1.0000000E+00   1.0000000E+00   1.0000000E+00
    1.0000000E+00   1.0000000E+00   1.0000000E+00   1.0000000E+00   1.0000000E+00

 2.2398708606E+02   2.5489443E+14   1.3647668E+15   5.8253312E+00   2.1330614E-03   2.5542305E-03   9.9991912E-01    68 
    9.9994585E-01   1.0000045E+00   1.0000047E+00   1.0000012E+00   1.0000004E+00
    1.0000001E+00   1.0000000E+00   1.0000000E+00   1.0000000E+00   1.0000000E+00
    1.0000000E+00   1.0000000E+00   1.0000000E+00   1.0000000E+00   1.0000000E+00
    1.0000000E+00   1.0000000E+00   1.0000000E+00   1.0000000E+00   1.0000000E+00
    1.0000000E+00   1.0000000E+00   1.0000000E+00   1.0000000E+00   1.0000000E+00
    1.0000000E+00   1.0000000E+00   1.0000000E+00   1.0000000E+00   1.0000000E+00

 2.2380990599E+02   2.6984299E+14   1.4445786E+15   5.9047097E+00   1.9217490E-03   2.4170540E-03   9.9992346E-01    69 
    9.9994139E-01   1.0000055E+00   1.0000049E+00   1.0000012E+00   1.0000004E+00
    1.0000001E+00   1.0000001E+00   1.0000000E+00   1.0000000E+00   1.0000000E+00
    1.0000000E+00   1.0000000E+00   1.0000000E+00   1.0000000E+00   1.0000000E+00
    1.0000000E+00   1.0000000E+00   1.0000000E+00   1.0000000E+00   1.0000000E+00
    1.0000000E+00   1.0000000E+00   1.0000000E+00   1.0000000E+00   1.0000000E+00
    1.0000000E+00   1.0000000E+00   1.0000000E+00   1.0000000E+00   1.0000000E+00

 2.2375074602E+02   2.7501190E+14   1.4721774E+15   5.9313170E+00   1.8551097E-03   2.3730337E-03   9.9992486E-01    70 
    9.9865651E-01   9.9972950E-01   9.9991825E-01   9.9997759E-01   9.9999340E-01
    9.9999771E-01   9.9999909E-01   9.9999959E-01   9.9999980E-01   9.9999990E-01
    9.9999995E-01   9.9999997E-01   9.9999998E-01   9.9999999E-01   1.0000000E+00
    1.0000000E+00   1.0000000E+00   1.0000000E+00   1.0000000E+00   1.0000000E+00
    1.0000000E+00   1.0000000E+00   1.0000000E+00   1.0000000E+00   1.0000000E+00
    1.0000000E+00   1.0000000E+00   1.0000000E+00   1.0000000E+00   1.0000000E+00
