
 Index            R          Tau           Na        Ne/Na            T        Kross       Kr/Kes       Kf/Kes
     1   3.2379E+04   1.4823E-05   2.7734E+06   1.0010E+00   9.4957E-01   2.5339E-01   1.0771E+00   3.4457E+01
     2   3.2078E+04   1.5125E-05   2.8261E+06   1.0010E+00   9.5027E-01   2.5343E-01   1.0772E+00   3.4474E+01
     3   3.1484E+04   1.5738E-05   2.9344E+06   1.0010E+00   9.5151E-01   2.5350E-01   1.0775E+00   3.4526E+01
     4   3.0330E+04   1.6999E-05   3.1633E+06   1.0010E+00   9.5400E-01   2.5364E-01   1.0781E+00   3.4571E+01
     5   2.8150E+04   1.9669E-05   3.6758E+06   1.0010E+00   9.5872E-01   2.5390E-01   1.0792E+00   3.4632E+01
     6   2.4242E+04   2.5671E-05   4.9669E+06   1.0010E+00   9.6715E-01   2.5437E-01   1.0811E+00   3.4670E+01
     7   1.8158E+04   4.0232E-05   8.8986E+06   1.0010E+00   9.8109E-01   2.5518E-01   1.0845E+00   3.4773E+01
     8   1.3630E+04   5.9682E-05   1.5902E+07   1.0011E+00   9.9165E-01   2.5583E-01   1.0873E+00   3.4864E+01
     9   1.0243E+04   8.5737E-05   2.8411E+07   1.0011E+00   1.0001E+00   2.5641E-01   1.0897E+00   3.4928E+01
    10   7.7052E+03   1.2070E-04   5.0811E+07   1.0011E+00   1.0074E+00   2.5692E-01   1.0918E+00   3.4891E+01
    11   5.8092E+03   1.6750E-04   9.0844E+07   1.0012E+00   1.0136E+00   2.5739E-01   1.0938E+00   3.4643E+01
    12   4.3949E+03   2.2999E-04   1.6218E+08   1.0012E+00   1.0191E+00   2.5783E-01   1.0956E+00   3.4036E+01
    13   3.3403E+03   3.1323E-04   2.8890E+08   1.0012E+00   1.0242E+00   2.5827E-01   1.0975E+00   3.3133E+01
    14   2.5532E+03   4.2389E-04   5.1282E+08   1.0013E+00   1.0297E+00   2.5876E-01   1.0995E+00   3.2186E+01
    15   1.9614E+03   5.7193E-04   9.1096E+08   1.0013E+00   1.0368E+00   2.5939E-01   1.1022E+00   3.1259E+01
    16   1.5161E+03   7.7069E-04   1.6241E+09   1.0013E+00   1.0473E+00   2.6030E-01   1.1061E+00   2.9943E+01
    17   1.1828E+03   1.0376E-03   2.9042E+09   1.0012E+00   1.0642E+00   2.6169E-01   1.1120E+00   2.8206E+01
    18   9.3534E+02   1.3929E-03   5.1532E+09   1.0012E+00   1.0910E+00   2.6380E-01   1.1210E+00   2.6369E+01
    19   7.4859E+02   1.8742E-03   9.1864E+09   1.0012E+00   1.1334E+00   2.6707E-01   1.1350E+00   2.4303E+01
    20   6.0934E+02   2.5261E-03   1.6490E+10   1.0011E+00   1.1943E+00   2.7183E-01   1.1553E+00   2.1810E+01
    21   5.0617E+02   3.4093E-03   2.9475E+10   1.0010E+00   1.2773E+00   2.7836E-01   1.1831E+00   1.8624E+01
    22   4.2943E+02   4.6173E-03   5.2696E+10   1.0009E+00   1.3970E+00   2.8724E-01   1.2209E+00   1.4952E+01
    23   3.7250E+02   6.2762E-03   9.3416E+10   1.0008E+00   1.5194E+00   2.9656E-01   1.2607E+00   1.1346E+01
    24   3.3240E+02   8.4077E-03   1.4952E+11   1.0007E+00   1.6147E+00   3.0364E-01   1.2910E+00   8.3447E+00
    25   3.0517E+02   1.0908E-02   1.8688E+11   1.0007E+00   1.6706E+00   3.0536E-01   1.2983E+00   5.8458E+00
    26   2.8552E+02   1.3834E-02   1.8701E+11   1.0007E+00   1.6972E+00   3.0232E-01   1.2854E+00   3.8834E+00
    27   2.7082E+02   1.7242E-02   1.7656E+11   1.0007E+00   1.7053E+00   2.9847E-01   1.2690E+00   2.6964E+00
    28   2.5937E+02   2.1289E-02   1.7593E+11   1.0007E+00   1.7030E+00   2.9589E-01   1.2580E+00   2.0976E+00
    29   2.4938E+02   2.6681E-02   1.9162E+11   1.0007E+00   1.6987E+00   2.9477E-01   1.2533E+00   1.8147E+00
    30   2.3951E+02   3.4526E-02   2.2644E+11   1.0007E+00   1.7174E+00   2.9533E-01   1.2556E+00   1.6832E+00
    31   2.3502E+02   3.9743E-02   2.7139E+11   1.0007E+00   1.7492E+00   2.9849E-01   1.2690E+00   1.6946E+00
    32   2.3469E+02   4.0282E-02   3.3266E+11   1.0007E+00   1.7500E+00   3.0332E-01   1.2896E+00   1.6555E+00
    33   2.3454E+02   4.0644E-02   4.3483E+11   1.0007E+00   1.7412E+00   3.0974E-01   1.3169E+00   1.6115E+00
    34   2.3443E+02   4.1038E-02   5.5551E+11   1.0007E+00   1.7294E+00   3.1604E-01   1.3437E+00   1.6400E+00
    35   2.3429E+02   4.1736E-02   7.3853E+11   1.0006E+00   1.7128E+00   3.2400E-01   1.3776E+00   1.7582E+00
    36   2.3414E+02   4.2822E-02   9.9713E+11   1.0006E+00   1.6959E+00   3.3355E-01   1.4183E+00   1.9135E+00
    37   2.3399E+02   4.4454E-02   1.3586E+12   1.0005E+00   1.6804E+00   3.4514E-01   1.4677E+00   2.0754E+00
    38   2.3383E+02   4.6886E-02   1.8636E+12   1.0004E+00   1.6692E+00   3.5940E-01   1.5285E+00   2.2529E+00
    39   2.3366E+02   5.0514E-02   2.5731E+12   1.0002E+00   1.6636E+00   3.7661E-01   1.6020E+00   2.4502E+00
    40   2.3349E+02   5.5953E-02   3.5581E+12   9.9996E-01   1.6595E+00   3.9616E-01   1.6856E+00   2.6009E+00
    41   2.3331E+02   6.4562E-02   4.9381E+12   9.9970E-01   1.6583E+00   4.1824E-01   1.7800E+00   2.6759E+00
    42   2.3312E+02   7.8404E-02   6.8802E+12   9.9951E-01   1.6654E+00   4.4467E-01   1.8928E+00   2.7557E+00
    43   2.3290E+02   1.0094E-01   9.5722E+12   9.9974E-01   1.6998E+00   4.7606E-01   2.0260E+00   2.3395E+00
    44   2.3271E+02   1.3090E-01   1.3433E+13   9.9852E-01   1.6826E+00   5.1458E-01   2.1926E+00   2.1536E+00
    45   2.3253E+02   1.7493E-01   1.8395E+13   9.9779E-01   1.6942E+00   5.5663E-01   2.3735E+00   2.4226E+00
    46   2.3236E+02   2.3515E-01   2.4306E+13   9.9758E-01   1.7255E+00   5.9784E-01   2.5497E+00   2.6448E+00
    47   2.3219E+02   3.1591E-01   3.2013E+13   9.9786E-01   1.7759E+00   6.4215E-01   2.7379E+00   2.9444E+00
    48   2.3203E+02   4.2330E-01   4.1487E+13   9.9851E-01   1.8427E+00   6.8366E-01   2.9130E+00   3.2460E+00
    49   2.3188E+02   5.6433E-01   5.2353E+13   9.9921E-01   1.9228E+00   7.1630E-01   3.0500E+00   3.4766E+00
    50   2.3173E+02   7.4678E-01   6.3782E+13   9.9977E-01   2.0128E+00   7.3520E-01   3.1287E+00   3.5863E+00
    51   2.3157E+02   9.8125E-01   7.5990E+13   1.0002E+00   2.1110E+00   7.4457E-01   3.1673E+00   3.6019E+00
    52   2.3140E+02   1.2828E+00   8.9690E+13   1.0004E+00   2.2171E+00   7.5188E-01   3.1976E+00   3.5824E+00
    53   2.3121E+02   1.6742E+00   1.0565E+14   1.0006E+00   2.3322E+00   7.6400E-01   3.2486E+00   3.5738E+00
    54   2.3100E+02   2.1880E+00   1.2450E+14   1.0008E+00   2.4579E+00   7.8623E-01   3.3425E+00   3.6094E+00
    55   2.3078E+02   2.8691E+00   1.4641E+14   1.0011E+00   2.5959E+00   8.2213E-01   3.4938E+00   3.7093E+00
    56   2.3054E+02   3.7781E+00   1.7088E+14   1.0023E+00   2.7479E+00   8.7435E-01   3.7114E+00   3.8862E+00
    57   2.3029E+02   4.9956E+00   1.9651E+14   1.0062E+00   2.9156E+00   9.4476E-01   3.9947E+00   4.1378E+00
    58   2.3001E+02   6.6273E+00   2.2087E+14   1.0188E+00   3.1004E+00   1.0329E+00   4.3136E+00   4.4231E+00
    59   2.2970E+02   8.8105E+00   2.4041E+14   1.0523E+00   3.3030E+00   1.1315E+00   4.5745E+00   4.6389E+00
    60   2.2935E+02   1.1732E+01   2.5373E+14   1.1128E+00   3.5246E+00   1.2185E+00   4.6584E+00   4.6801E+00
    61   2.2892E+02   1.5656E+01   2.6812E+14   1.1737E+00   3.7682E+00   1.2396E+00   4.4934E+00   4.4789E+00
    62   2.2837E+02   2.0958E+01   2.9802E+14   1.2083E+00   4.0362E+00   1.1859E+00   4.1755E+00   4.1568E+00
    63   2.2769E+02   2.8128E+01   3.5502E+14   1.2227E+00   4.3316E+00   1.1161E+00   3.8838E+00   3.8757E+00
    64   2.2690E+02   3.7795E+01   4.4910E+14   1.2282E+00   4.6554E+00   1.0505E+00   3.6391E+00   3.6369E+00
    65   2.2603E+02   5.0746E+01   5.9252E+14   1.2305E+00   5.0070E+00   9.8818E-01   3.4168E+00   3.4155E+00
    66   2.2508E+02   6.8512E+01   8.0675E+14   1.2315E+00   5.3963E+00   9.3636E-01   3.2348E+00   3.2333E+00
    67   2.2443E+02   8.3907E+01   9.9963E+14   1.2320E+00   5.6787E+00   9.0805E-01   3.1360E+00   3.1359E+00
    68   2.2408E+02   9.3280E+01   1.1183E+15   1.2321E+00   5.8329E+00   8.9474E-01   3.0896E+00   3.0879E+00
    69   2.2391E+02   9.8345E+01   1.1828E+15   1.2322E+00   5.9116E+00   8.8852E-01   3.0680E+00   3.0718E+00
    70   2.2385E+02   1.0009E+02   1.2051E+15   1.2322E+00   5.9379E+00   8.8639E-01   3.0606E+00   3.0606E+00

 
 Old model mass absorption coeficients
 Index         Kross         Kflux          Kes
     1   2.53394E-01   8.10661E+00   2.35265E-01
     2   2.53433E-01   8.11048E+00   2.35265E-01
     3   2.53502E-01   8.12283E+00   2.35266E-01
     4   2.53639E-01   8.13344E+00   2.35268E-01
     5   2.53903E-01   8.14782E+00   2.35272E-01
     6   2.54372E-01   8.15727E+00   2.35281E-01
     7   2.55179E-01   8.18155E+00   2.35288E-01
     8   2.55835E-01   8.20332E+00   2.35294E-01
     9   2.56406E-01   8.21864E+00   2.35302E-01
    10   2.56921E-01   8.21014E+00   2.35310E-01
    11   2.57391E-01   8.15217E+00   2.35318E-01
    12   2.57833E-01   8.00961E+00   2.35326E-01
    13   2.58270E-01   7.79725E+00   2.35333E-01
    14   2.58755E-01   7.57464E+00   2.35338E-01
    15   2.59386E-01   7.35660E+00   2.35340E-01
    16   2.60299E-01   7.04682E+00   2.35338E-01
    17   2.61689E-01   6.63786E+00   2.35332E-01
    18   2.63797E-01   6.20535E+00   2.35323E-01
    19   2.67070E-01   5.71880E+00   2.35312E-01
    20   2.71835E-01   5.13194E+00   2.35298E-01
    21   2.78363E-01   4.38177E+00   2.35281E-01
    22   2.87236E-01   3.51751E+00   2.35261E-01
    23   2.96563E-01   2.66887E+00   2.35233E-01
    24   3.03643E-01   1.96274E+00   2.35207E-01
    25   3.05357E-01   1.37492E+00   2.35196E-01
    26   3.02317E-01   9.13362E-01   2.35196E-01
    27   2.98470E-01   6.34201E-01   2.35199E-01
    28   2.95892E-01   4.93358E-01   2.35203E-01
    29   2.94773E-01   4.26827E-01   2.35206E-01
    30   2.95334E-01   3.95903E-01   2.35210E-01
    31   2.98491E-01   3.98582E-01   2.35212E-01
    32   3.03323E-01   3.89390E-01   2.35211E-01
    33   3.09740E-01   3.79031E-01   2.35206E-01
    34   3.16045E-01   3.85721E-01   2.35200E-01
    35   3.24003E-01   4.13514E-01   2.35192E-01
    36   3.33545E-01   4.50024E-01   2.35180E-01
    37   3.45137E-01   4.88052E-01   2.35162E-01
    38   3.59395E-01   5.29726E-01   2.35135E-01
    39   3.76613E-01   5.76028E-01   2.35091E-01
    40   3.96159E-01   6.11288E-01   2.35032E-01
    41   4.18242E-01   6.28749E-01   2.34971E-01
    42   4.44672E-01   6.47387E-01   2.34926E-01
    43   4.76060E-01   5.49742E-01   2.34980E-01
    44   5.14581E-01   5.05446E-01   2.34693E-01
    45   5.56628E-01   5.68147E-01   2.34522E-01
    46   5.97840E-01   6.20132E-01   2.34472E-01
    47   6.42149E-01   6.90570E-01   2.34538E-01
    48   6.83661E-01   7.61812E-01   2.34691E-01
    49   7.16302E-01   8.16503E-01   2.34855E-01
    50   7.35204E-01   8.42726E-01   2.34987E-01
    51   7.44571E-01   8.46735E-01   2.35079E-01
    52   7.51883E-01   8.42363E-01   2.35140E-01
    53   7.64004E-01   8.40490E-01   2.35182E-01
    54   7.86232E-01   8.49006E-01   2.35224E-01
    55   8.22130E-01   8.72844E-01   2.35311E-01
    56   8.74354E-01   9.15513E-01   2.35583E-01
    57   9.44762E-01   9.78599E-01   2.36503E-01
    58   1.03290E+00   1.05913E+00   2.39453E-01
    59   1.13147E+00   1.14738E+00   2.47341E-01
    60   1.21847E+00   1.22416E+00   2.61563E-01
    61   1.23962E+00   1.23564E+00   2.75879E-01
    62   1.18588E+00   1.18057E+00   2.84007E-01
    63   1.11611E+00   1.11377E+00   2.87373E-01
    64   1.05052E+00   1.04989E+00   2.88673E-01
    65   9.88178E-01   9.87807E-01   2.89210E-01
    66   9.36362E-01   9.35927E-01   2.89464E-01
    67   9.08050E-01   9.08030E-01   2.89561E-01
    68   8.94740E-01   8.94235E-01   2.89598E-01
    69   8.88522E-01   8.89628E-01   2.89613E-01
    70   8.86393E-01   8.86402E-01   2.89618E-01
