
 24-FEB-2004                           !Format date

 2.1398229389E+02     1.5683E+05       56       70

 3.2973519844E+04   7.3405554E-04   2.5699469E+06   9.7045979E-01   2.4042235E+01   9.7686562E+02   5.0000000E-02     1 
    6.0472547E-43   6.5710287E-45   6.5710287E-45   6.5710287E-45   6.1052924E-44
    5.6781264E-46   5.6781264E-46   5.6781264E-46   3.2158969E-44   1.3433658E-41
    1.4143147E-25   8.4365409E-25   3.4653440E-24   7.9139237E-22   7.9139237E-22
    7.9139237E-22   2.2417839E-23   2.2417839E-23   2.2417839E-23   1.4855130E-22
    6.1090652E-20   6.1090652E-20   6.1090652E-20   3.6500523E-19   8.0203163E-19
    7.4700118E-18   7.4700118E-18   7.4700118E-18   4.8983744E-18   2.2907342E-17
    2.2907342E-17   2.2907342E-17   1.2970650E-14   1.2970650E-14   1.2970650E-14
    1.3239352E-17   4.0817543E-17   1.8999970E-17   1.8999970E-17   1.8999970E-17
    5.4887423E-16   6.1502617E-17   6.1502617E-17   6.1502617E-17   5.2472343E-17
    2.1923572E-16   9.5902211E-15   2.1032380E-14   1.4733880E-13   1.4733880E-13
    1.4733880E-13   2.8633355E-14   3.4591600E-14   3.4591600E-14   3.4591600E-14
    7.6918973E-14

 3.2666878235E+04   7.5008436E-04   2.6190806E+06   9.7076179E-01   2.4088692E+01   9.7676655E+02   5.0000000E-02     2 
    6.2055140E-43   6.8467398E-45   6.8467398E-45   6.8467398E-45   6.3359549E-44
    5.9039194E-46   5.9039194E-46   5.9039194E-46   3.3231685E-44   1.3842122E-41
    1.4392415E-25   8.5796203E-25   3.5210742E-24   8.0401413E-22   8.0401413E-22
    8.0401413E-22   2.2758958E-23   2.2758958E-23   2.2758958E-23   1.5071067E-22
    6.1893321E-20   6.1893321E-20   6.1893321E-20   3.6960037E-19   8.1191156E-19
    7.5602229E-18   7.5602229E-18   7.5602229E-18   4.9563084E-18   2.3170305E-17
    2.3170305E-17   2.3170305E-17   1.3118999E-14   1.3118999E-14   1.3118999E-14
    1.3389558E-17   4.1274509E-17   1.9207059E-17   1.9207059E-17   1.9207059E-17
    5.5479354E-16   6.2164384E-17   6.2164384E-17   6.2164384E-17   5.3023829E-17
    2.2149716E-16   9.6803982E-15   2.1221128E-14   1.4863172E-13   1.4863172E-13
    1.4863172E-13   2.8882661E-14   3.4884732E-14   3.4884732E-14   3.4884732E-14
    7.7558302E-14

 3.2061829680E+04   7.8323260E-04   2.7205295E+06   9.7126972E-01   2.4196367E+01   9.7656532E+02   5.0000000E-02     3 
    6.4487605E-43   7.3446008E-45   7.3446008E-45   7.3446008E-45   6.7500302E-44
    6.3178706E-46   6.3178706E-46   6.3178706E-46   3.5118387E-44   1.4556787E-41
    1.4821231E-25   8.8255512E-25   3.6169189E-24   8.2567944E-22   8.2567944E-22
    8.2567944E-22   2.3343926E-23   2.3343926E-23   2.3343926E-23   1.5441036E-22
    6.3265984E-20   6.3265984E-20   6.3265984E-20   3.7745243E-19   8.2878915E-19
    7.7142780E-18   7.7142780E-18   7.7142780E-18   5.0552107E-18   2.3619019E-17
    2.3619019E-17   2.3619019E-17   1.3372121E-14   1.3372121E-14   1.3372121E-14
    1.3645820E-17   4.2053969E-17   1.9560158E-17   1.9560158E-17   1.9560158E-17
    5.6488493E-16   6.3292523E-17   6.3292523E-17   6.3292523E-17   5.3963658E-17
    2.2536086E-16   9.8338515E-15   2.1542135E-14   1.5083003E-13   1.5083003E-13
    1.5083003E-13   2.9306848E-14   3.5382935E-14   3.5382935E-14   3.5382935E-14
    7.8645288E-14

 3.0886570426E+04   8.5438382E-04   2.9357364E+06   9.7210503E-01   2.4479746E+01   9.7615203E+02   5.0000000E-02     4 
    6.8048393E-43   8.2764381E-45   8.2764381E-45   8.2764381E-45   7.5180444E-44
    7.1046986E-46   7.1046986E-46   7.1046986E-46   3.8460960E-44   1.5812053E-41
    1.5553382E-25   9.2449091E-25   3.7804857E-24   8.6253483E-22   8.6253483E-22
    8.6253483E-22   2.4337441E-23   2.4337441E-23   2.4337441E-23   1.6068474E-22
    6.5586672E-20   6.5586672E-20   6.5586672E-20   3.9071223E-19   8.5727219E-19
    7.9741241E-18   7.9741241E-18   7.9741241E-18   5.2219389E-18   2.4374877E-17
    2.4374877E-17   2.4374877E-17   1.3798463E-14   1.3798463E-14   1.3798463E-14
    1.4077364E-17   4.3366157E-17   2.0154192E-17   2.0154192E-17   2.0154192E-17
    5.8185988E-16   6.5189863E-17   6.5189863E-17   6.5189863E-17   5.5543426E-17
    2.3190202E-16   1.0091169E-14   2.2079907E-14   1.5451118E-13   1.5451118E-13
    1.5451118E-13   3.0020672E-14   3.6216638E-14   3.6216638E-14   3.6216638E-14
    8.0465150E-14

 2.8666035907E+04   1.0186509E-03   3.4193765E+06   9.7342437E-01   2.5221416E+01   9.7528341E+02   5.0000000E-02     5 
    7.2522738E-43   1.0103966E-44   1.0103966E-44   1.0103966E-44   9.0012789E-44
    8.7012840E-46   8.7012840E-46   8.7012840E-46   4.4417751E-44   1.8015151E-41
    1.6781350E-25   9.9467811E-25   4.0547715E-24   9.2398643E-22   9.2398643E-22
    9.2398643E-22   2.5989756E-23   2.5989756E-23   2.5989756E-23   1.7109509E-22
    6.9417977E-20   6.9417977E-20   6.9417977E-20   4.1256331E-19   9.0416107E-19
    8.4015128E-18   8.4015128E-18   8.4015128E-18   5.4959293E-18   2.5615489E-17
    2.5615489E-17   2.5615489E-17   1.4498119E-14   1.4498119E-14   1.4498119E-14
    1.4785329E-17   4.5517747E-17   2.1127199E-17   2.1127199E-17   2.1127199E-17
    6.0965731E-16   6.8296116E-17   6.8296116E-17   6.8296116E-17   5.8127492E-17
    2.4270985E-16   1.0510442E-14   2.2954827E-14   1.6049601E-13   1.6049601E-13
    1.6049601E-13   3.1188500E-14   3.7570620E-14   3.7570620E-14   3.7570620E-14
    8.3423279E-14

 2.4696811036E+04   1.4565634E-03   4.6387805E+06   9.7558845E-01   2.6999757E+01   9.7336272E+02   5.0000000E-02     6 
    7.7602127E-43   1.4276559E-44   1.4276559E-44   1.4276559E-44   1.2289571E-43
    1.2697551E-45   1.2697551E-45   1.2697551E-45   5.6327496E-44   2.2299671E-41
    1.9000644E-25   1.1210851E-24   4.5495485E-24   1.0339961E-21   1.0339961E-21
    1.0339961E-21   2.8935476E-23   2.8935476E-23   2.8935476E-23   1.8958360E-22
    7.6167758E-20   7.6167758E-20   7.6167758E-20   4.5094398E-19   9.8638438E-19
    9.1499305E-18   9.1499305E-18   9.1499305E-18   5.9750460E-18   2.7780624E-17
    2.7780624E-17   2.7780624E-17   1.5718851E-14   1.5718851E-14   1.5718851E-14
    1.6019919E-17   4.9266694E-17   2.2819682E-17   2.2819682E-17   2.2819682E-17
    6.5798640E-16   7.3694974E-17   7.3694974E-17   7.3694974E-17   6.2612391E-17
    2.6168899E-16   1.1233593E-14   2.4460183E-14   1.7078175E-13   1.7078175E-13
    1.7078175E-13   3.3210134E-14   3.9893599E-14   3.9893599E-14   3.9893599E-14
    8.8505226E-14

 1.8506898606E+04   2.8914852E-03   8.3647401E+06   9.7929733E-01   3.0851729E+01   9.6875590E+02   5.0000000E-02     7 
    8.2618046E-43   2.6239617E-44   2.6239617E-44   2.6239617E-44   2.1173002E-43
    2.7449987E-45   2.7449987E-45   2.7449987E-45   8.5169351E-44   3.2082265E-41
    2.3478318E-25   1.3745784E-24   5.5402772E-24   1.2524194E-21   1.2524194E-21
    1.2524194E-21   3.4743442E-23   3.4743442E-23   3.4743442E-23   2.2580079E-22
    8.9212183E-20   8.9212183E-20   8.9212183E-20   5.2474312E-19   1.1440442E-18
    1.0581663E-17   1.0581663E-17   1.0581663E-17   6.8894175E-18   3.1898969E-17
    3.1898969E-17   3.1898969E-17   1.8039799E-14   1.8039799E-14   1.8039799E-14
    1.8365177E-17   5.6378285E-17   2.6021052E-17   2.6021052E-17   2.6021052E-17
    7.4931583E-16   8.3893452E-17   8.3893452E-17   8.3893452E-17   7.1064204E-17
    2.9782818E-16   1.2582108E-14   2.7255802E-14   1.8984775E-13   1.8984775E-13
    1.8984775E-13   3.6979995E-14   4.4186986E-14   4.4186986E-14   4.4186986E-14
    9.7930178E-14

 1.3868417533E+04   5.7931488E-03   1.5078206E+07   9.8328481E-01   3.4631404E+01   9.6246486E+02   5.0000000E-02     8 
    8.9482684E-43   4.9367742E-44   4.9367742E-44   4.9367742E-44   3.6829459E-43
    6.8087051E-45   6.8087051E-45   6.8087051E-45   1.3430983E-43   4.7292340E-41
    2.9424187E-25   1.7084696E-24   6.8337654E-24   1.5365315E-21   1.5365315E-21
    1.5365315E-21   4.2230395E-23   4.2230395E-23   4.2230395E-23   2.7209578E-22
    1.0559850E-19   1.0559850E-19   1.0559850E-19   6.1684924E-19   1.3400921E-18
    1.2356739E-17   1.2356739E-17   1.2356739E-17   8.0195754E-18   3.6967416E-17
    3.6967416E-17   3.6967416E-17   2.0894528E-14   2.0894528E-14   2.0894528E-14
    2.1246584E-17   6.5099758E-17   2.9932622E-17   2.9932622E-17   2.9932622E-17
    8.6074729E-16   9.6332970E-17   9.6332970E-17   9.6332970E-17   8.1341495E-17
    3.4169911E-16   1.4199744E-14   3.0591491E-14   2.1254221E-13   2.1254221E-13
    2.1254221E-13   4.1464486E-14   4.9278088E-14   4.9278088E-14   4.9278088E-14
    1.0915679E-13

 1.0411912867E+04   1.1661068E-02   2.7100361E+07   9.8759210E-01   3.8236013E+01   9.5411313E+02   5.0000000E-02     9 
    9.9447885E-43   9.5271695E-44   9.5271695E-44   9.5271695E-44   6.4908953E-43
    1.8806629E-44   1.8806629E-44   1.8806629E-44   2.2400428E-43   7.1673400E-41
    3.7473679E-25   2.1565604E-24   8.5516636E-24   1.9127576E-21   1.9127576E-21
    1.9127576E-21   5.2049752E-23   5.2049752E-23   5.2049752E-23   3.3226727E-22
    1.2650326E-19   1.2650326E-19   1.2650326E-19   7.3352598E-19   1.5874935E-18
    1.4589733E-17   1.4589733E-17   1.4589733E-17   9.4366009E-18   4.3293287E-17
    4.3293287E-17   4.3293287E-17   2.4455208E-14   2.4455208E-14   2.4455208E-14
    2.4836287E-17   7.5944016E-17   3.4777026E-17   3.4777026E-17   3.4777026E-17
    9.9854018E-16   1.1171079E-16   1.1171079E-16   1.1171079E-16   9.4004429E-17
    3.9555224E-16   1.6164194E-14   3.4619255E-14   2.3987569E-13   2.3987569E-13
    2.3987569E-13   4.6857592E-14   5.5384815E-14   5.5384815E-14   5.5384815E-14
    1.2263162E-13

 7.8328515081E+03   2.3516774E-02   4.8600270E+07   9.9228919E-01   4.1582828E+01   9.4310873E+02   5.0000000E-02    10 
    1.1445095E-42   1.9035857E-43   1.9035857E-43   1.9035857E-43   1.1675590E-42
    5.6369226E-44   5.6369226E-44   5.6369226E-44   4.0318892E-43   1.1236089E-40
    4.8666247E-25   2.7737523E-24   1.0889186E-23   2.4235937E-21   2.4235937E-21
    2.4235937E-21   6.5244779E-23   6.5244779E-23   6.5244779E-23   4.1234132E-22
    1.5376946E-19   1.5376946E-19   1.5376946E-19   8.8451721E-19   1.9064224E-18
    1.7458614E-17   1.7458614E-17   1.7458614E-17   1.1250693E-17   5.1351836E-17
    5.1351836E-17   5.1351836E-17   2.8987940E-14   2.8987940E-14   2.8987940E-14
    2.9400225E-17   8.9702639E-17   4.0897168E-17   4.0897168E-17   4.0897168E-17
    1.1723285E-15   1.3109988E-16   1.3109988E-16   1.3109988E-16   1.0991352E-16
    4.6285639E-16   1.8594167E-14   3.9570854E-14   2.7338910E-13   2.7338910E-13
    2.7338910E-13   5.3456408E-14   6.2838826E-14   6.2838826E-14   6.2838826E-14
    1.3896580E-13

 5.9134750893E+03   4.7265945E-02   8.6778429E+07   9.9743802E-01   4.4610550E+01   9.2901021E+02   5.0000000E-02    11 
    1.3784167E-42   3.9772519E-43   3.9772519E-43   3.9772519E-43   2.1572764E-42
    1.7993584E-43   1.7993584E-43   1.7993584E-43   7.9838886E-43   1.8316674E-40
    6.4630525E-25   3.6450444E-24   1.4144356E-23   3.1336779E-21   3.1336779E-21
    3.1336779E-21   8.3381040E-23   8.3381040E-23   8.3381040E-23   5.2124587E-22
    1.9005348E-19   1.9005348E-19   1.9005348E-19   1.0837288E-18   2.3254764E-18
    2.1214462E-17   2.1214462E-17   2.1214462E-17   1.3616509E-17   6.1805145E-17
    6.1805145E-17   6.1805145E-17   3.4862911E-14   3.4862911E-14   3.4862911E-14
    3.5307763E-17   1.0747163E-16   4.8764693E-17   4.8764693E-17   4.8764693E-17
    1.3953292E-15   1.5597153E-16   1.5597153E-16   1.5597153E-16   1.3024228E-16
    5.4832489E-16   2.1647570E-14   4.5751201E-14   3.1510357E-13   3.1510357E-13
    3.1510357E-13   6.1649473E-14   7.2070949E-14   7.2070949E-14   7.2070949E-14
    1.5902155E-13

 4.4827799572E+03   9.4314915E-02   1.5428183E+08   1.0031673E+00   4.7295398E+01   9.1104234E+02   5.0000000E-02    12 
    1.7672222E-42   8.8033442E-43   8.8033442E-43   8.8033442E-43   4.1496516E-42
    6.0844447E-43   6.0844447E-43   6.0844447E-43   1.7753869E-42   3.1411215E-40
    8.8324657E-25   4.9235997E-24   1.8849496E-23   4.1582783E-21   4.1582783E-21
    4.1582783E-21   1.0922866E-22   1.0922866E-22   1.0922866E-22   6.7467185E-22
    2.3996426E-19   2.3996426E-19   2.3996426E-19   1.3552113E-18   2.8939526E-18
    2.6289419E-17   2.6289419E-17   2.6289419E-17   1.6799765E-17   7.5788106E-17
    7.5788106E-17   7.5788106E-17   4.2714267E-14   4.2714267E-14   4.2714267E-14
    4.3191453E-17   1.3112635E-16   5.9185235E-17   5.9185235E-17   5.9185235E-17
    1.6901030E-15   1.8883707E-16   1.8883707E-16   1.8883707E-16   1.5699142E-16
    6.5998855E-16   2.5592666E-14   5.3677585E-14   3.6845432E-13   3.6845432E-13
    3.6845432E-13   7.2095053E-14   8.3811728E-14   8.3811728E-14   8.3811728E-14
    1.8436530E-13

 3.4105468675E+03   1.8629231E-01   2.7395943E+08   1.0096040E+00   4.9662917E+01   8.8765901E+02   5.0000000E-02    13 
    2.4441765E-42   2.0962093E-42   2.0962093E-42   2.0962093E-42   8.3985983E-42
    2.1924834E-42   2.1924834E-42   2.1924834E-42   4.4752783E-42   5.7331772E-40
    1.2493650E-24   6.8742360E-24   2.5909371E-23   5.6928485E-21   5.6928485E-21
    5.6928485E-21   1.4741105E-22   1.4741105E-22   1.4741105E-22   8.9843232E-22
    3.1085238E-19   3.1085238E-19   3.1085238E-19   1.7368583E-18   3.6890312E-18
    3.3356589E-17   3.3356589E-17   3.3356589E-17   2.1211949E-17   9.5043887E-17
    9.5043887E-17   9.5043887E-17   5.3514269E-14   5.3514269E-14   5.3514269E-14
    5.4019605E-17   1.6352787E-16   7.3378993E-17   7.3378993E-17   7.3378993E-17
    2.0907229E-15   2.3348744E-16   2.3348744E-16   2.3348744E-16   1.9316268E-16
    8.0982736E-16   3.0821676E-14   6.4096983E-14   4.3840319E-13   4.3840319E-13
    4.3840319E-13   8.5737790E-14   9.9102003E-14   9.9102003E-14   9.9102003E-14
    2.1721552E-13

 2.6066017056E+03   3.6232395E-01   4.8611940E+08   1.0169157E+00   5.1792516E+01   8.5735730E+02   5.0000000E-02    14 
    3.7223784E-42   5.4474149E-42   5.4474149E-42   5.4474149E-42   1.8146960E-41
    8.4709134E-42   8.4709134E-42   8.4709134E-42   1.2804855E-41   1.1319945E-39
    1.8430798E-24   9.9920592E-24   3.6988788E-23   8.0962331E-21   8.0962331E-21
    8.0962331E-21   2.0628311E-22   2.0628311E-22   2.0628311E-22   1.2385426E-21
    4.1544969E-19   4.1544969E-19   4.1544969E-19   2.2935840E-18   4.8422023E-18
    4.3557673E-17   4.3557673E-17   4.3557673E-17   2.7547524E-17   1.2249349E-16
    1.2249349E-16   1.2249349E-16   6.8889181E-14   6.8889181E-14   6.8889181E-14
    6.9410049E-17   2.0944274E-16   9.3366382E-17   9.3366382E-17   9.3366382E-17
    2.6534747E-15   2.9618226E-16   2.9618226E-16   2.9618226E-16   2.4368746E-16
    1.0174393E-15   3.7966499E-14   7.8200252E-14   5.3289173E-13   5.3289173E-13
    5.3289173E-13   1.0408050E-13   1.1958456E-13   1.1958456E-13   1.1958456E-13
    2.6103061E-13

 2.0040121053E+03   6.9053952E-01   8.6188833E+08   1.0257758E+00   5.3855172E+01   8.1875602E+02   5.0000000E-02    15 
    6.7965698E-42   1.6563468E-41   1.6563468E-41   1.6563468E-41   4.4833126E-41
    3.7035330E-41   3.7035330E-41   3.7035330E-41   4.3506181E-41   2.5749972E-39
    2.9314953E-24   1.5610328E-23   5.6541865E-23   1.2327470E-20   1.2327470E-20
    1.2327470E-20   3.0802040E-22   3.0802040E-22   3.0802040E-22   1.8165899E-21
    5.8716521E-19   5.8716521E-19   5.8716521E-19   3.1954807E-18   6.6978553E-18
    5.9882338E-17   5.9882338E-17   5.9882338E-17   3.7625012E-17   1.6578670E-16
    1.6578670E-16   1.6578670E-16   9.3098158E-14   9.3098158E-14   9.3098158E-14
    9.3600253E-17   2.8135897E-16   1.2444418E-16   1.2444418E-16   1.2444418E-16
    3.5259763E-15   3.9333873E-16   3.9333873E-16   3.9333873E-16   3.2151101E-16
    1.3344486E-15   4.8697985E-14   9.9146790E-14   6.7300300E-13   6.7300300E-13
    6.7300300E-13   1.3113315E-13   1.4964188E-13   1.4964188E-13   1.4964188E-13
    3.2502531E-13

 1.5532739034E+03   1.2866079E+00   1.5213191E+09   1.0374482E+00   5.6077463E+01   7.7261011E+02   5.0000000E-02    16 
    1.7379704E-41   6.7252953E-41   6.7252953E-41   6.7252953E-41   1.4454618E-40
    2.0382251E-40   2.0382251E-40   2.0382251E-40   1.9450632E-40   7.5558015E-39
    5.3403856E-24   2.7776379E-23   9.7823111E-23   2.1228841E-20   2.1228841E-20
    2.1228841E-20   5.1702943E-22   5.1702943E-22   5.1702943E-22   2.9796001E-21
    9.1787300E-19   9.1787300E-19   9.1787300E-19   4.9037224E-18   1.0183025E-17
    9.0330465E-17   9.0330465E-17   9.0330465E-17   5.6279142E-17   2.4507759E-16
    2.4507759E-16   2.4507759E-16   1.3734300E-13   1.3734300E-13   1.3734300E-13
    1.3771227E-16   4.1193265E-16   1.8035315E-16   1.8035315E-16   1.8035315E-16
    5.0900049E-15   5.6739205E-16   5.6739205E-16   5.6739205E-16   4.5987409E-16
    1.8927248E-15   6.7192621E-14   1.3473290E-13   9.1032988E-13   9.1032988E-13
    9.1032988E-13   1.7674777E-13   1.9994334E-13   1.9994334E-13   1.9994334E-13
    4.3150519E-13

 1.2128706756E+03   2.3415540E+00   2.6868238E+09   1.0541745E+00   5.8841789E+01   7.1783127E+02   5.0000000E-02    17 
    7.9835471E-41   4.5619481E-40   4.5619481E-40   4.5619481E-40   7.5400395E-40
    1.7078994E-39   1.7078994E-39   1.7078994E-39   1.3744461E-39   3.4465900E-38
    1.2330859E-23   6.2051331E-23   2.1019365E-22   4.5327458E-20   4.5327458E-20
    4.5327458E-20   1.0649088E-21   1.0649088E-21   1.0649088E-21   5.9427138E-21
    1.7113497E-18   1.7113497E-18   1.7113497E-18   8.9101268E-18   1.8263037E-17
    1.6025773E-16   1.6025773E-16   1.6025773E-16   9.8679778E-17   4.2271560E-16
    4.2271560E-16   4.2271560E-16   2.3618049E-13   2.3618049E-13   2.3618049E-13
    2.3595057E-16   7.0101671E-16   3.0258442E-16   3.0258442E-16   3.0258442E-16
    8.4927365E-15   9.4575287E-16   9.4575287E-16   9.4575287E-16   7.5755133E-16
    3.0798834E-15   1.0534087E-13   2.0671767E-13   1.3870337E-12   1.3870337E-12
    1.3870337E-12   2.6812914E-13   2.9963346E-13   2.9963346E-13   2.9963346E-13
    6.4089155E-13

 9.5536380831E+02   4.1093124E+00   4.7880997E+09   1.0794740E+00   6.2888406E+01   6.4946297E+02   5.0000000E-02    18 
    9.3693960E-40   6.9376835E-39   6.9376835E-39   6.9376835E-39   8.4932400E-39
    2.7806671E-38   2.7806671E-38   2.7806671E-38   1.9295391E-38   3.1339145E-37
    4.1625535E-23   1.9971874E-22   6.3900467E-22   1.3656649E-19   1.3656649E-19
    1.3656649E-19   3.0462467E-21   3.0462467E-21   3.0462467E-21   1.6225839E-20
    4.2332776E-18   4.2332776E-18   4.2332776E-18   2.1229896E-17   4.2694674E-17
    3.6883448E-16   3.6883448E-16   3.6883448E-16   2.2326972E-16   9.3387968E-16
    9.3387968E-16   9.3387968E-16   5.1938826E-13   5.1938826E-13   5.1938826E-13
    5.1618190E-16   1.5187205E-15   6.4204901E-16   6.4204901E-16   6.4204901E-16
    1.7875730E-14   1.9879243E-15   1.9879243E-15   1.9879243E-15   1.5652781E-15
    6.2494035E-15   2.0271129E-13   3.8547444E-13   2.5558782E-12   2.5558782E-12
    2.5558782E-12   4.9159251E-13   5.3997992E-13   5.3997992E-13   5.3997992E-13
    1.1400179E-12

 7.6367008872E+02   6.8239309E+00   8.5252390E+09   1.1170280E+00   6.9021096E+01   5.7104209E+02   5.0000005E-02    19 
    3.7283275E-38   2.9033403E-37   2.9033403E-37   2.9033403E-37   2.5831222E-37
    1.0292264E-36   1.0292264E-36   1.0292264E-36   6.0693386E-37   6.4995291E-36
    2.2881692E-22   1.0280449E-21   3.0299062E-21   6.3995600E-19   6.3995600E-19
    6.3995600E-19   1.3297263E-20   1.3297263E-20   1.3297263E-20   6.6380471E-20
    1.5057677E-17   1.5057677E-17   1.5057677E-17   7.1652500E-17   1.4028909E-16
    1.1860299E-15   1.1860299E-15   1.1860299E-15   7.0097856E-16   2.8360258E-15
    2.8360258E-15   2.8360258E-15   1.5666222E-12   1.5666222E-12   1.5666222E-12
    1.5457987E-15   4.4874838E-15   1.8422751E-15   1.8422751E-15   1.8422751E-15
    5.0706944E-14   5.6294801E-15   5.6294801E-15   5.6294801E-15   4.3275081E-15
    1.6843991E-14   5.0734411E-13   9.2424907E-13   6.0112023E-12   6.0112023E-12
    6.0112023E-12   1.1485364E-12   1.2343358E-12   1.2343358E-12   1.2343358E-12
    2.5582503E-12

 6.2061815862E+02   1.0520697E+01   1.5046030E+10   1.1712952E+00   7.8141492E+01   4.9002096E+02   5.0000077E-02    20 
    6.1711830E-36   4.1687693E-35   4.1687693E-35   4.1687693E-35   2.5697243E-35
    1.0483203E-34   1.0483203E-34   1.0483203E-34   5.3545623E-35   3.1629396E-34
    2.2149292E-21   9.1310821E-21   2.4041495E-20   5.0051844E-18   5.0051844E-18
    5.0051844E-18   9.4886732E-20   9.4886732E-20   9.4886732E-20   4.3462372E-19
    8.1623183E-17   8.1623183E-17   8.1623183E-17   3.6215286E-16   6.8408447E-16
    5.6226233E-15   5.6226233E-15   5.6226233E-15   3.2184930E-15   1.2460602E-14
    1.2460602E-14   1.2460602E-14   6.8171595E-12   6.8171595E-12   6.8171595E-12
    6.6636166E-15   1.9010754E-14   7.5026035E-15   7.5026035E-15   7.5026035E-15
    2.0330295E-13   2.2529801E-14   2.2529801E-14   2.2529801E-14   1.6774718E-14
    6.3129073E-14   1.7208894E-12   2.9684454E-12   1.8775462E-11   1.8775462E-11
    1.8775462E-11   3.5530201E-12   3.7202318E-12   3.7202318E-12   3.7202318E-12
    7.5184314E-12

 5.1309704994E+02   1.4287145E+01   2.6788255E+10   1.2466830E+00   9.3245154E+01   4.0270575E+02   5.0001406E-02    21 
    4.1756492E-33   1.9367452E-32   1.9367452E-32   1.9367452E-32   8.3764156E-33
    2.7820754E-32   2.7820754E-32   2.7820754E-32   1.5771849E-32   3.8395388E-32
    3.7455203E-20   1.3890849E-19   3.1680793E-19   6.4866925E-17   6.4866925E-17
    6.4866925E-17   1.0999896E-18   1.0999896E-18   1.0999896E-18   4.5249248E-18
    6.6952947E-16   6.6952947E-16   6.6952947E-16   2.7221400E-15   4.9162698E-15
    3.9055124E-14   3.9055124E-14   3.9055124E-14   2.1478805E-14   7.8758967E-14
    7.8758967E-14   7.8758967E-14   4.2526778E-11   4.2526778E-11   4.2526778E-11
    4.1101861E-14   1.1483544E-13   4.3118243E-14   4.3118243E-14   4.3118243E-14
    1.1452284E-12   1.2672553E-13   1.2672553E-13   1.2672553E-13   9.0679698E-14
    3.2725090E-13   7.8779852E-12   1.2714452E-11   7.7661103E-11   7.7661103E-11
    7.7661103E-11   1.4506245E-11   1.4719734E-11   1.4719734E-11   1.4719734E-11
    2.8814526E-11

 4.3306075680E+02   1.6045589E+01   4.7721941E+10   1.3586024E+00   1.1968677E+02   3.1720145E+02   5.0024309E-02    22 
    2.1264023E-29   4.8339955E-29   4.8339955E-29   4.8339955E-29   1.5344441E-29
    2.9245309E-29   2.9245309E-29   2.9245309E-29   2.4226965E-29   2.2334069E-29
    1.4054223E-18   4.5577748E-18   8.6256945E-18   1.7305869E-15   1.7305869E-15
    1.7305869E-15   2.5505036E-17   2.5505036E-17   2.5505036E-17   9.1209955E-17
    9.9090270E-15   9.9090270E-15   9.9090270E-15   3.6006825E-14   6.1376095E-14
    4.6739991E-13   4.6739991E-13   4.6739991E-13   2.4431546E-13   8.3613134E-13
    8.3613134E-13   8.3613134E-13   4.4332384E-10   4.4332384E-10   4.4332384E-10
    4.2242691E-13   1.1506508E-12   4.0488548E-13   4.0488548E-13   4.0488548E-13
    1.0470015E-11   1.1580215E-12   1.1580215E-12   1.1580215E-12   7.8760910E-13
    2.6946495E-12   5.5458755E-11   8.2118752E-11   4.8069236E-10   4.8069236E-10
    4.8069236E-10   8.8219756E-11   8.5812608E-11   8.5812608E-11   8.5812608E-11
    1.6139515E-10

 3.7358584932E+02   1.3274547E+01   8.4739955E+10   1.4885906E+00   1.7071981E+02   2.3854645E+02   5.0334511E-02    23 
    9.5808705E-26   1.3276447E-25   1.3276447E-25   1.3276447E-25   2.6550198E-26
    3.4053346E-26   3.4053346E-26   3.4053346E-26   3.1864579E-26   1.2829560E-26
    4.8143669E-17   1.3718730E-16   2.1578010E-16   4.2494753E-14   4.2494753E-14
    4.2494753E-14   5.4804918E-16   5.4804918E-16   5.4804918E-16   1.7064033E-15
    1.3645564E-13   1.3645564E-13   1.3645564E-13   4.4419309E-13   7.1539219E-13
    5.2406450E-12   5.2406450E-12   5.2406450E-12   2.6078183E-12   8.3477423E-12
    8.3477423E-12   8.3477423E-12   4.3355992E-09   4.3355992E-09   4.3355992E-09
    4.0807814E-12   1.0862192E-11   3.5832381E-12   3.5832381E-12   3.5832381E-12
    9.0146656E-11   9.9846254E-12   9.9846254E-12   9.9846254E-12   6.4641908E-12
    2.0990968E-11   3.7315607E-10   5.0757029E-10   2.8549005E-09   2.8549005E-09
    2.8549005E-09   5.1425102E-10   4.7966166E-10   4.7966166E-10   4.7966166E-10
    8.6836861E-10

 3.2958802339E+02   6.8955833E+00   1.4379782E+11   1.5976411E+00   2.8415323E+02   1.7089794E+02   5.3189500E-02    24 
    4.4753073E-23   4.7003311E-23   4.7003311E-23   4.7003311E-23   6.7620516E-24
    6.9770890E-24   6.9770890E-24   6.9770890E-24   6.7073698E-24   1.5319733E-24
    6.0253780E-16   1.5675671E-15   2.1508696E-15   4.1852918E-13   4.1852918E-13
    4.1852918E-13   4.9207476E-15   4.9207476E-15   4.9207476E-15   1.3875659E-14
    8.8724667E-13   8.8724667E-13   8.8724667E-13   2.6685273E-12   4.1258224E-12
    2.9475651E-11   2.9475651E-11   2.9475651E-11   1.4151189E-11   4.3197112E-11
    4.3197112E-11   4.3197112E-11   2.2018423E-08   2.2018423E-08   2.2018423E-08
    2.0604359E-11   5.4007242E-11   1.6998913E-11   1.6998913E-11   1.6998913E-11
    4.1884113E-10   4.6505812E-11   4.6505812E-11   4.6505812E-11   2.9069892E-11
    9.0833434E-11   1.4641326E-09   1.8732918E-09   1.0244586E-08   1.0244586E-08
    1.0244586E-08   1.8171055E-09   1.6467725E-09   1.6467725E-09   1.6467725E-09
    2.9025074E-09

 3.0017905179E+02   2.4106743E+00   1.9486974E+11   1.6627654E+00   5.3027578E+02   1.2222466E+02   6.6156247E-02    25 
    1.6691811E-21   1.6550137E-21   1.6550137E-21   1.6550137E-21   2.0133442E-22
    1.9768403E-22   1.9768403E-22   1.9768403E-22   1.9105409E-22   2.9985712E-23
    2.3311194E-15   5.7774824E-15   7.3599391E-15   1.4221022E-12   1.4221022E-12
    1.4221022E-12   1.5936090E-14   1.5936090E-14   1.5936090E-14   4.2657552E-14
    2.4152858E-12   2.4152858E-12   2.4152858E-12   6.9612318E-12   1.0529112E-11
    7.4353095E-11   7.4353095E-11   7.4353095E-11   3.4980749E-11   1.0413208E-10
    1.0413208E-10   1.0413208E-10   5.2344215E-08   5.2344215E-08   5.2344215E-08
    4.8992151E-11   1.2741367E-10   3.9097326E-11   3.9097326E-11   3.9097326E-11
    9.5208515E-10   1.0592848E-10   1.0592848E-10   1.0592848E-10   6.4984419E-11
    1.9878217E-10   3.0493311E-09   3.7749512E-09   2.0328455E-08   2.0328455E-08
    2.0328455E-08   3.5726450E-09   3.1935933E-09   3.1935933E-09   3.1935933E-09
    5.5465765E-09

 2.7960239358E+02   5.1414212E-01   2.0464955E+11   1.6906739E+00   1.2111691E+03   8.7470135E+01   1.0145928E-01    26 
    1.3809994E-20   1.4159859E-20   1.4159859E-20   1.4159859E-20   1.6787670E-21
    1.6934617E-21   1.6934617E-21   1.6934617E-21   1.6983629E-21   2.2293190E-22
    4.0302366E-15   9.7940457E-15   1.2116372E-14   2.3294665E-12   2.3294665E-12
    2.3294665E-12   2.5633189E-14   2.5633189E-14   2.5633189E-14   6.7239099E-14
    3.6239597E-12   3.6239597E-12   3.6239597E-12   1.0264386E-11   1.5387672E-11
    1.0831900E-10   1.0831900E-10   1.0831900E-10   5.0484549E-11   1.4877656E-10
    1.4877656E-10   1.4877656E-10   7.4067636E-08   7.4067636E-08   7.4067636E-08
    6.9583127E-11   1.8040429E-10   5.4788273E-11   5.4788273E-11   5.4788273E-11
    1.3274640E-09   1.4786044E-10   1.4786044E-10   1.4786044E-10   9.0022859E-11
    2.7296782E-10   4.1042825E-09   5.0132123E-09   2.6823094E-08   2.6823094E-08
    2.6823094E-08   4.6955849E-09   4.1786930E-09   4.1786930E-09   4.1786930E-09
    7.2087342E-09

 2.6446661648E+02   4.6635129E-02   1.9310602E+11   1.6938121E+00   4.2867635E+03   6.2565522E+01   1.6803068E-01    27 
    6.0002895E-20   6.5430120E-20   6.5430120E-20   6.5430120E-20   8.3579284E-21
    8.9166297E-21   8.9166297E-21   8.9166297E-21   9.6612714E-21   1.2163050E-21
    4.2769082E-15   1.0373952E-14   1.2785975E-14   2.4521489E-12   2.4521489E-12
    2.4521489E-12   2.6980923E-14   2.6980923E-14   2.6980923E-14   7.0684117E-14
    3.7905891E-12   3.7905891E-12   3.7905891E-12   1.0713808E-11   1.6045825E-11
    1.1316702E-10   1.1316702E-10   1.1316702E-10   5.2590998E-11   1.5481564E-10
    1.5481564E-10   1.5481564E-10   7.6545023E-08   7.6545023E-08   7.6545023E-08
    7.2331485E-11   1.8746357E-10   5.6869040E-11   5.6869040E-11   5.6869040E-11
    1.3766593E-09   1.5340941E-10   1.5340941E-10   1.5340941E-10   9.3322216E-11
    2.8231240E-10   4.2398006E-09   5.1703161E-09   2.7639954E-08   2.7639954E-08
    2.7639954E-08   4.8296660E-09   4.3061682E-09   4.3061682E-09   4.3061682E-09
    7.4167204E-09

 2.5285154499E+02   1.3005977E-03   1.8818898E+11   1.6809551E+00   2.9428255E+04   4.4765859E+01   2.6363452E-01    28 
    2.2999493E-19   2.7097101E-19   2.7097101E-19   2.7097101E-19   3.9992727E-20
    4.5767080E-20   4.5767080E-20   4.5767080E-20   5.5193827E-20   7.1575444E-21
    3.3300827E-15   8.1557537E-15   1.0144234E-14   1.9494646E-12   1.9494646E-12
    1.9494646E-12   2.1695261E-14   2.1695261E-14   2.1695261E-14   5.7461932E-14
    3.1526084E-12   3.1526084E-12   3.1526084E-12   8.9789276E-12   1.3502175E-11
    9.5729437E-11   9.5729437E-11   9.5729437E-11   4.4532937E-11   1.3170666E-10
    1.3170666E-10   1.3170666E-10   6.4765372E-08   6.4765372E-08   6.4765372E-08
    6.1661612E-11   1.6003048E-10   4.8778992E-11   4.8778992E-11   4.8778992E-11
    1.1828555E-09   1.3181991E-10   1.3181991E-10   1.3181991E-10   8.0464833E-11
    2.4316144E-10   3.7047872E-09   4.5439651E-09   2.4357716E-08   2.4357716E-08
    2.4357716E-08   4.2409789E-09   3.8147397E-09   3.8147397E-09   3.8147397E-09
    6.5826686E-09

 2.4356494719E+02   1.5102649E-05   1.9840429E+11   1.6602407E+00   3.3742224E+05   3.2069568E+01   3.7618881E-01    29 
    9.2045866E-19   1.1803203E-18   1.1803203E-18   1.1803203E-18   2.1047960E-19
    2.5849114E-19   2.5849114E-19   2.5849114E-19   3.5397370E-19   4.8712037E-20
    2.2096073E-15   5.4959441E-15   6.8969145E-15   1.3403500E-12   1.3403500E-12
    1.3403500E-12   1.5167253E-14   1.5167253E-14   1.5167253E-14   4.0902642E-14
    2.3285156E-12   2.3285156E-12   2.3285156E-12   6.7161103E-12   1.0166898E-11
    7.2601712E-11   7.2601712E-11   7.2601712E-11   3.3874219E-11   1.0094729E-10
    1.0094729E-10   1.0094729E-10   4.9385924E-08   4.9385924E-08   4.9385924E-08
    4.7434716E-11   1.2338978E-10   3.7905073E-11   3.7905073E-11   3.7905073E-11
    9.2186320E-10   1.0273485E-10   1.0273485E-10   1.0273485E-10   6.3066547E-11
    1.8916522E-10   2.9703506E-09   3.6779729E-09   1.9806466E-08   1.9806466E-08
    1.9806466E-08   3.4070190E-09   3.1263351E-09   3.1263351E-09   3.1263351E-09
    5.4152443E-09

 2.3428522103E+02   5.2302862E-07   2.2998270E+11   1.6429646E+00   1.4664462E+06   2.2665258E+01   4.9628304E-01    30 
    1.4707647E-18   2.0347182E-18   2.0347182E-18   2.0347182E-18   4.3560751E-19
    5.7423585E-19   5.7423585E-19   5.7423585E-19   9.0081524E-19   1.2935624E-19
    1.5583561E-15   3.9287472E-15   4.8971841E-15   9.7245453E-13   9.7245453E-13
    9.7245453E-13   1.1178832E-14   1.1178832E-14   1.1178832E-14   3.0624179E-14
    1.7982602E-12   1.7982602E-12   1.7982602E-12   5.2423930E-12   7.9808796E-12
    5.7425251E-11   5.7425251E-11   5.7425251E-11   2.6829119E-11   8.0467826E-11
    8.0467826E-11   8.0467826E-11   3.9044547E-08   3.9044547E-08   3.9044547E-08
    3.7922913E-11   9.8841538E-11   3.0566814E-11   3.0566814E-11   3.0566814E-11
    7.4508899E-10   8.3053609E-11   8.3053609E-11   8.3053609E-11   5.1231139E-11
    1.5259787E-10   2.4628135E-09   3.0736258E-09   1.6615453E-08   1.6615453E-08
    1.6615453E-08   2.8281808E-09   2.6412412E-09   2.6412412E-09   2.6412412E-09
    4.5887910E-09

 2.2698932422E+02   9.5286857E-08   2.7653413E+11   1.6512386E+00   2.1415394E+06   1.6831107E+01   5.9208624E-01    31 
    2.6924261E-18   3.7382920E-18   3.7382920E-18   3.7382920E-18   8.2469555E-19
    1.1283170E-18   1.1283170E-18   1.1283170E-18   1.9044064E-18   2.6160704E-19
    1.8444685E-15   4.6269164E-15   5.6596320E-15   1.1272544E-12   1.1272544E-12
    1.1272544E-12   1.2929097E-14   1.2929097E-14   1.2929097E-14   3.5249170E-14
    2.0375262E-12   2.0375262E-12   2.0375262E-12   5.9069046E-12   8.9675410E-12
    6.4707109E-11   6.4707109E-11   6.4707109E-11   3.0041801E-11   8.9825701E-11
    8.9825701E-11   8.9825701E-11   4.3026186E-08   4.3026186E-08   4.3026186E-08
    4.2238312E-11   1.0998033E-10   3.3906042E-11   3.3906042E-11   3.3906042E-11
    8.2480503E-10   9.2015404E-11   9.2015404E-11   9.2015404E-11   5.6626072E-11
    1.6824366E-10   2.7029524E-09   3.3576584E-09   1.8109133E-08   1.8109133E-08
    1.8109133E-08   3.0799786E-09   2.8746920E-09   2.8746920E-09   2.8746920E-09
    4.9803905E-09

 2.2529569906E+02   3.6236648E-08   3.4796028E+11   1.6417386E+00   3.1716415E+06   1.1538506E+01   6.9667582E-01    32 
    1.9778798E-18   2.7139055E-18   2.7139055E-18   2.7139055E-18   6.8299778E-19
    9.1662506E-19   9.1662506E-19   9.1662506E-19   1.7177487E-18   2.4226228E-19
    1.5220579E-15   3.8485586E-15   4.7474813E-15   9.4496312E-13   9.4496312E-13
    9.4496312E-13   1.0938695E-14   1.0938695E-14   1.0938695E-14   3.0070907E-14
    1.7660661E-12   1.7660661E-12   1.7660661E-12   5.1506519E-12   7.8435341E-12
    5.6834127E-11   5.6834127E-11   5.6834127E-11   2.6401592E-11   7.9231450E-11
    7.9231450E-11   7.9231450E-11   3.7780744E-08   3.7780744E-08   3.7780744E-08
    3.7318996E-11   9.7278093E-11   3.0100491E-11   3.0100491E-11   3.0100491E-11
    7.3325237E-10   8.1801208E-11   8.1801208E-11   8.1801208E-11   5.0474853E-11
    1.5034163E-10   2.4401204E-09   3.0440793E-09   1.6448716E-08   1.6448716E-08
    1.6448716E-08   2.8012628E-09   2.6219492E-09   2.6219492E-09   2.6219492E-09
    4.5504439E-09

 2.2511679834E+02   2.3178536E-08   4.1841729E+11   1.6306566E+00   4.0516131E+06   8.8371478E+00   7.5760809E-01    33 
    1.2040638E-18   1.6302688E-18   1.6302688E-18   1.6302688E-18   4.6116017E-19
    6.0124501E-19   6.0124501E-19   6.0124501E-19   1.2198497E-18   1.7843590E-19
    1.2128232E-15   3.0934548E-15   3.8611620E-15   7.6874616E-13   7.6874616E-13
    7.6874616E-13   8.9791030E-15   8.9791030E-15   8.9791030E-15   2.4918013E-14
    1.4914254E-12   1.4914254E-12   1.4914254E-12   4.3810100E-12   6.6958778E-12
    4.8667937E-11   4.8667937E-11   4.8667937E-11   2.2663145E-11   6.8300567E-11
    6.8300567E-11   6.8300567E-11   3.2551528E-08   3.2551528E-08   3.2551528E-08
    3.2241090E-11   8.4152180E-11   2.6151382E-11   2.6151382E-11   2.6151382E-11
    6.3825043E-10   7.1185886E-11   7.1185886E-11   7.1185886E-11   4.4063822E-11
    1.3163185E-10   2.1603598E-09   2.7094456E-09   1.4675293E-08   1.4675293E-08
    1.4675293E-08   2.5025984E-09   2.3498277E-09   2.3498277E-09   2.3498277E-09
    4.0871971E-09

 2.2500925039E+02   1.2265913E-08   5.5904444E+11   1.6157233E+00   5.7426768E+06   6.0719972E+00   8.2592982E-01    34 
    5.9602171E-19   7.8434059E-19   7.8434059E-19   7.8434059E-19   2.6205767E-19
    3.2502353E-19   3.2502353E-19   3.2502353E-19   7.3920153E-19   1.1375558E-19
    8.8908304E-16   2.2940670E-15   2.9118897E-15   5.7992698E-13   5.7992698E-13
    5.7992698E-13   6.8524759E-15   6.8524759E-15   6.8524759E-15   1.9279807E-14
    1.1833202E-12   1.1833202E-12   1.1833202E-12   3.5103073E-12   5.3918540E-12
    3.9357653E-11   3.9357653E-11   3.9357653E-11   1.8387726E-11   5.5737786E-11
    5.5737786E-11   5.5737786E-11   2.6541123E-08   2.6541123E-08   2.6541123E-08
    2.6390246E-11   6.9005867E-11   2.1571046E-11   2.1571046E-11   2.1571046E-11
    5.2782100E-10   5.8850266E-11   5.8850266E-11   5.8850266E-11   3.6586193E-11
    1.0973450E-10   1.8291452E-09   2.3109832E-09   1.2557512E-08   1.2557512E-08
    1.2557512E-08   2.1454004E-09   2.0238248E-09   2.0238248E-09   2.0238248E-09
    3.5297068E-09

 2.2490446107E+02   6.1814359E-09   7.3644487E+11   1.6000080E+00   8.1557969E+06   4.3735265E+00   8.7112698E-01    35 
    2.8371650E-19   3.6401771E-19   3.6401771E-19   3.6401771E-19   1.4478809E-19
    1.7151794E-19   1.7151794E-19   1.7151794E-19   4.3749245E-19   7.1306440E-20
    6.3728256E-16   1.6643028E-15   2.1515627E-15   4.2872378E-13   4.2872378E-13
    4.2872378E-13   5.1266664E-15   5.1266664E-15   5.1266664E-15   1.4645295E-14
    9.2326597E-13   9.2326597E-13   9.2326597E-13   2.7678336E-12   4.2741333E-12
    3.1346918E-11   3.1346918E-11   3.1346918E-11   1.4694662E-11   4.4821695E-11
    4.4821695E-11   4.4821695E-11   2.1314637E-08   2.1314637E-08   2.1314637E-08
    2.1290133E-11   5.5779152E-11   1.7546585E-11   1.7546585E-11   1.7546585E-11
    4.3052282E-10   4.7986632E-11   4.7986632E-11   4.7986632E-11   2.9971373E-11
    9.0283615E-11   1.5297903E-09   1.9482854E-09   1.0624774E-08   1.0624774E-08
    1.0624774E-08   1.8187211E-09   1.7239585E-09   1.7239585E-09   1.7239585E-09
    3.0155340E-09

 2.2479089599E+02   2.7445530E-09   9.8917020E+11   1.5840646E+00   1.1966424E+07   3.1340501E+00   9.0576315E-01    36 
    1.3301597E-19   1.6588961E-19   1.6588961E-19   1.6588961E-19   7.9547805E-20
    8.9895315E-20   8.9895315E-20   8.9895315E-20   2.5825000E-19   4.4925933E-20
    4.5174954E-16   1.1942732E-15   1.5734478E-15   3.1376933E-13   3.1376933E-13
    3.1376933E-13   3.7967922E-15   3.7967922E-15   3.7967922E-15   1.1023956E-14
    7.1420537E-13   7.1420537E-13   7.1420537E-13   2.1644940E-12   3.3608605E-12
    2.4779559E-11   2.4779559E-11   2.4779559E-11   1.1652702E-11   3.5772742E-11
    3.5772742E-11   3.5772742E-11   1.6970140E-08   1.6970140E-08   1.6970140E-08
    1.7048171E-11   4.4756795E-11   1.4171139E-11   1.4171139E-11   1.4171139E-11
    3.4867520E-10   3.8852686E-11   3.8852686E-11   3.8852686E-11   2.4383498E-11
    7.3780809E-11   1.2719442E-09   1.6334793E-09   8.9421057E-09   8.9421057E-09
    8.9421057E-09   1.5337902E-09   1.4605275E-09   1.4605275E-09   1.4605275E-09
    2.5632467E-09

 2.2467037979E+02   1.0579141E-09   1.3419728E+12   1.5678686E+00   1.8023092E+07   2.2481547E+00   9.3141053E-01    37 
    6.1449008E-20   7.4487018E-20   7.4487018E-20   7.4487018E-20   4.3653229E-20
    4.7152421E-20   4.7152421E-20   4.7152421E-20   1.5278544E-19   2.8689254E-20
    3.1637123E-16   8.4698903E-16   1.1374621E-15   2.2708997E-13   2.2708997E-13
    2.2708997E-13   2.7812338E-15   2.7812338E-15   2.7812338E-15   8.2129772E-15
    5.4733996E-13   5.4733996E-13   5.4733996E-13   1.6775405E-12   2.6195607E-12
    1.9429763E-11   1.9429763E-11   1.9429763E-11   9.1629119E-12   2.8316878E-11
    2.8316878E-11   2.8316878E-11   1.3381078E-08   1.3381078E-08   1.3381078E-08
    1.3540953E-11   3.5625254E-11   1.1356033E-11   1.1356033E-11   1.1356033E-11
    2.8020773E-10   3.1215704E-11   3.1215704E-11   3.1215704E-11   1.9688575E-11
    5.9852470E-11   1.0510004E-09   1.3614722E-09   7.4829689E-09   7.4829689E-09
    7.4829689E-09   1.2862732E-09   1.2297911E-09   1.2297911E-09   1.2297911E-09
    2.1670458E-09

 2.2454475554E+02   3.4233577E-10   1.8359836E+12   1.5513491E+00   2.7855629E+07   1.6115198E+00   9.5031496E-01    38 
    2.7857037E-20   3.2863789E-20   3.2863789E-20   3.2863789E-20   2.3877561E-20
    2.4786290E-20   2.4786290E-20   2.4786290E-20   9.0463004E-20   1.8599290E-20
    2.1842739E-16   5.9261884E-16   8.1121822E-16   1.6218278E-13   1.6218278E-13
    1.6218278E-13   2.0115267E-15   2.0115267E-15   2.0115267E-15   6.0442284E-15
    4.1488733E-13   4.1488733E-13   4.1488733E-13   1.2865215E-12   2.0207898E-12
    1.5092182E-11   1.5092182E-11   1.5092182E-11   7.1342132E-12   2.2199778E-11
    2.2199778E-11   2.2199778E-11   1.0428650E-08   1.0428650E-08   1.0428650E-08
    1.0653254E-11   2.8090829E-11   9.0172003E-12   9.0172003E-12   9.0172003E-12
    2.2314519E-10   2.4854040E-11   2.4854040E-11   2.4854040E-11   1.5757788E-11
    4.8136204E-11   8.6228376E-10   1.1269500E-09   6.2191467E-09   6.2191467E-09
    6.2191467E-09   1.0715389E-09   1.0282363E-09   1.0282363E-09   1.0282363E-09
    1.8205429E-09

 2.2441636707E+02   8.8285506E-11   2.5275571E+12   1.5352832E+00   4.4667810E+07   1.1541870E+00   9.6414489E-01    39 
    1.3103576E-20   1.5069590E-20   1.5069590E-20   1.5069590E-20   1.3576617E-20
    1.3741272E-20   1.3741272E-20   1.3741272E-20   5.5733005E-20   1.2699434E-20
    1.5129598E-16   4.1611556E-16   5.8003900E-16   1.1609370E-13   1.1609370E-13
    1.1609370E-13   1.4584306E-15   1.4584306E-15   1.4584306E-15   4.4584187E-15
    3.1511448E-13   3.1511448E-13   3.1511448E-13   9.8848334E-13   1.5616591E-12
    1.1755168E-11   1.1755168E-11   1.1755168E-11   5.5645882E-12   1.7433823E-11
    1.7433823E-11   1.7433823E-11   8.1182033E-09   8.1182033E-09   8.1182033E-09
    8.3952909E-12   2.2186638E-11   7.1715324E-12   7.1715324E-12   7.1715324E-12
    1.7796858E-10   1.9820278E-11   1.9820278E-11   1.9820278E-11   1.2631376E-11
    3.8772791E-11   7.0921719E-10   9.3471691E-10   5.1774194E-09   5.1774194E-09
    5.1774194E-09   8.9433309E-10   8.6123686E-10   8.6123686E-10   8.6123686E-10
    1.5323373E-09

 2.2428582464E+02   1.6161986E-11   3.4928988E+12   1.5224462E+00   7.7838524E+07   8.2656721E-01   9.7418267E-01    40 
    7.8981447E-21   8.8599315E-21   8.8599315E-21   8.8599315E-21   9.5492897E-21
    9.6648229E-21   9.6648229E-21   9.6648229E-21   4.2000199E-20   1.0599544E-20
    1.1236160E-16   3.1261362E-16   4.4190424E-16   8.8442191E-14   8.8442191E-14
    8.8442191E-14   1.1227600E-15   1.1227600E-15   1.1227600E-15   3.4837724E-15
    2.5193199E-13   2.5193199E-13   2.5193199E-13   7.9767571E-13   1.2660688E-12
    9.6103117E-12   9.6103117E-12   9.6103117E-12   4.5457585E-12   1.4320495E-11
    1.4320495E-11   1.4320495E-11   6.5828323E-09   6.5828323E-09   6.5828323E-09
    6.9154385E-12   1.8309215E-11   5.9517472E-12   5.9517472E-12   5.9517472E-12
    1.4801249E-10   1.6485340E-11   1.6485340E-11   1.6485340E-11   1.0550314E-11
    3.2513109E-11   6.0610860E-10   8.0372082E-10   4.4625927E-09   4.4625927E-09
    4.4625927E-09   7.7284960E-10   7.4664194E-10   7.4664194E-10   7.4664194E-10
    1.3333045E-09

 2.2415242205E+02   1.8343387E-12   4.8300413E+12   1.5163489E+00   1.4924677E+08   5.9310088E-01   9.8140291E-01    41 
    7.6795035E-21   8.4050784E-21   8.4050784E-21   8.4050784E-21   1.0128777E-20
    1.0448294E-20   1.0448294E-20   1.0448294E-20   4.6446786E-20   1.2706831E-20
    9.7680532E-17   2.7337991E-16   3.8871372E-16   7.7628886E-14   7.7628886E-14
    7.7628886E-14   9.8994681E-16   9.8994681E-16   9.8994681E-16   3.1022337E-15
    2.2631041E-13   2.2631041E-13   2.2631041E-13   7.1963204E-13   1.1445761E-12
    8.7598327E-12   8.7598327E-12   8.7598327E-12   4.1249334E-12   1.3028348E-11
    1.3028348E-11   1.3028348E-11   5.8783571E-09   5.8783571E-09   5.8783571E-09
    6.2997657E-12   1.6693521E-11   5.4414593E-12   5.4414593E-12   5.4414593E-12
    1.3541827E-10   1.5087861E-11   1.5087861E-11   1.5087861E-11   9.6755125E-12
    2.9874749E-11   5.6424887E-10   7.4946384E-10   4.1614685E-09   4.1614685E-09
    4.1614685E-09   7.2239149E-10   6.9936159E-10   6.9936159E-10   6.9936159E-10
    1.2501375E-09

 2.2401190356E+02   1.3895651E-13   6.7086686E+12   1.5200570E+00   2.4954873E+08   4.2451236E-01   9.8665177E-01    42 
    1.1477663E-20   1.2266363E-20   1.2266363E-20   1.2266363E-20   1.5391317E-20
    1.6088819E-20   1.6088819E-20   1.6088819E-20   7.0668497E-20   2.0243947E-20
    1.0733974E-16   2.9952561E-16   4.2352941E-16   8.4144686E-14   8.4144686E-14
    8.4144686E-14   1.0677362E-15   1.0677362E-15   1.0677362E-15   3.3558878E-15
    2.4185619E-13   2.4185619E-13   2.4185619E-13   7.6662641E-13   1.2172164E-12
    9.3879858E-12   9.3879858E-12   9.3879858E-12   4.3777051E-12   1.3802121E-11
    1.3802121E-11   1.3802121E-11   6.0638503E-09   6.0638503E-09   6.0638503E-09
    6.6680531E-12   1.7658856E-11   5.7470858E-12   5.7470858E-12   5.7470858E-12
    1.4282585E-10   1.5924889E-11   1.5924889E-11   1.5924889E-11   1.0199725E-11
    3.1458826E-11   5.9644452E-10   7.8863231E-10   4.3644865E-09   4.3644865E-09
    4.3644865E-09   7.5905574E-10   7.3479956E-10   7.3479956E-10   7.3479956E-10
    1.3103048E-09

 2.2386268951E+02   9.2947435E-15   9.3224975E+12   1.5362698E+00   2.7446686E+08   3.0430879E-01   9.9041226E-01    43 
    2.3102458E-20   2.4175016E-20   2.4175016E-20   2.4175016E-20   2.9997952E-20
    3.1180754E-20   3.1180754E-20   3.1180754E-20   1.3119801E-19   3.8693118E-20
    1.5820637E-16   4.3517687E-16   6.0338267E-16   1.1881969E-13   1.1881969E-13
    1.1881969E-13   1.4821963E-15   1.4821963E-15   1.4821963E-15   4.6327190E-15
    3.2143448E-13   3.2143448E-13   3.2143448E-13   1.0061518E-12   1.5871506E-12
    1.2326629E-11   1.2326629E-11   1.2326629E-11   5.6552707E-12   1.7701183E-11
    1.7701183E-11   1.7701183E-11   7.4957604E-09   7.4957604E-09   7.4957604E-09
    8.5206298E-12   2.2510476E-11   7.2749735E-12   7.2749735E-12   7.2749735E-12
    1.8006232E-10   2.0102289E-11   2.0102289E-11   2.0102289E-11   1.2807093E-11
    3.9308132E-11   7.3932859E-10   9.6577379E-10   5.3058799E-09   5.3058799E-09
    5.3058799E-09   9.2376924E-10   8.9132295E-10   8.9132295E-10   8.9132295E-10
    1.5798240E-09

 2.2370034173E+02   6.9194547E-16   1.2954374E+13   1.5683977E+00   1.9880930E+08   2.1868563E-01   9.9310013E-01    44 
    7.2342349E-20   7.4419531E-20   7.4419531E-20   7.4419531E-20   8.9169403E-20
    9.1443060E-20   9.1443060E-20   9.1443060E-20   3.5073861E-19   1.0952440E-19
    3.3148807E-16   8.8671411E-16   1.1847902E-15   2.3024172E-13   2.3024172E-13
    2.3024172E-13   2.7839675E-15   2.7839675E-15   2.7839675E-15   8.5641213E-15
    5.5478179E-13   5.5478179E-13   5.5478179E-13   1.6956099E-12   2.6420955E-12
    2.0643472E-11   2.0643472E-11   2.0643472E-11   9.2471664E-12   2.8546937E-11
    2.8546937E-11   2.8546937E-11   1.1501643E-08   1.1501643E-08   1.1501643E-08
    1.3645334E-11   3.5885766E-11   1.1441703E-11   1.1441703E-11   1.1441703E-11
    2.8109648E-10   3.1447020E-11   3.1447020E-11   3.1447020E-11   1.9831498E-11
    6.0297920E-11   1.1093635E-09   1.4185544E-09   7.7010664E-09   7.7010664E-09
    7.7010664E-09   1.3405366E-09   1.2841873E-09   1.2841873E-09   1.2841873E-09
    2.2536546E-09

 2.2353926027E+02   8.3508845E-17   1.7362650E+13   1.6141451E+00   1.0144330E+08   1.6332362E-01   9.9484214E-01    45 
    3.1304662E-19   3.1839419E-19   3.1839419E-19   3.1839419E-19   3.6819998E-19
    3.7373212E-19   3.7373212E-19   3.7373212E-19   1.2509352E-18   4.3203480E-19
    9.0114483E-16   2.3214613E-15   2.9490091E-15   5.6377406E-13   5.6377406E-13
    5.6377406E-13   6.5470248E-15   6.5470248E-15   6.5470248E-15   1.9652104E-14
    1.1622693E-12   1.1622693E-12   1.1622693E-12   3.4392910E-12   5.2711075E-12
    4.1364641E-11   4.1364641E-11   4.1364641E-11   1.8009267E-11   5.4569215E-11
    5.4569215E-11   5.4569215E-11   2.0753553E-08   2.0753553E-08   2.0753553E-08
    2.5834863E-11   6.7535147E-11   2.1138765E-11   2.1138765E-11   2.1138765E-11
    5.1411423E-10   5.7680663E-11   5.7680663E-11   5.7680663E-11   3.5876332E-11
    1.0770342E-10   1.9172090E-09   2.3831647E-09   1.2744988E-08   1.2744988E-08
    1.2744988E-08   2.2152485E-09   2.1011544E-09   2.1011544E-09   2.1011544E-09
    3.6410737E-09

 2.2338665139E+02   1.8634470E-17   2.2209280E+13   1.6685679E+00   4.1365740E+07   1.2795009E-01   9.9595688E-01    46 
    1.5137145E-18   1.5290563E-18   1.5290563E-18   1.5290563E-18   1.7205084E-18
    1.7357517E-18   1.7357517E-18   1.7357517E-18   4.9757340E-18   1.9524128E-18
    2.7549084E-15   6.8075237E-15   8.1681801E-15   1.5334471E-12   1.5334471E-12
    1.5334471E-12   1.7056972E-14   1.7056972E-14   1.7056972E-14   4.9723811E-14
    2.6577948E-12   2.6577948E-12   2.6577948E-12   7.5846045E-12   1.1411150E-11
    8.9795426E-11   8.9795426E-11   8.9795426E-11   3.7962108E-11   1.1265756E-10
    1.1265756E-10   1.1265756E-10   4.0354273E-08   4.0354273E-08   4.0354273E-08
    5.2758630E-11   1.3701662E-10   4.2004255E-11   4.2004255E-11   4.2004255E-11
    1.0098579E-09   1.1369785E-10   1.1369785E-10   1.1369785E-10   6.9635193E-11
    2.0610767E-10   3.5314525E-09   4.2533502E-09   2.2379089E-08   2.2379089E-08
    2.2379089E-08   3.8813393E-09   3.6410610E-09   3.6410610E-09   3.6410610E-09
    6.2222274E-09

 2.2323337149E+02   7.5903979E-18   2.7648620E+13   1.7322978E+00   1.4054040E+07   1.0301977E-01   9.9674330E-01    47 
    8.0402611E-18   8.0871597E-18   8.0871597E-18   8.0871597E-18   8.9194234E-18
    8.9662178E-18   8.9662178E-18   8.9662178E-18   2.1769598E-17   9.8857058E-18
    9.3249398E-15   2.2029838E-14   2.4828433E-14   4.5662510E-12   4.5662510E-12
    4.5662510E-12   4.8572363E-14   4.8572363E-14   4.8572363E-14   1.3697438E-13
    6.5555004E-12   6.5555004E-12   6.5555004E-12   1.7978116E-11   2.6506664E-11
    2.0891811E-10   2.0891811E-10   2.0891811E-10   8.5690035E-11   2.4858557E-10
    2.4858557E-10   2.4858557E-10   8.3610687E-08   8.3610687E-08   8.3610687E-08
    1.1501761E-10   2.9664494E-10   8.8885308E-11   8.8885308E-11   8.8885308E-11
    2.1093846E-09   2.3850659E-10   2.3850659E-10   2.3850659E-10   1.4363924E-10
    4.1865015E-10   6.8778273E-09   8.0030672E-09   4.1370766E-08   4.1370766E-08
    4.1370766E-08   7.1577872E-09   6.6350183E-09   6.6350183E-09   6.6350183E-09
    1.1165955E-08

 2.2307401853E+02   5.5668252E-18   3.3849594E+13   1.8058564E+00   4.8616084E+06   8.4334145E-02   9.9733317E-01    48 
    5.3951943E-17   5.4126633E-17   5.4126633E-17   5.4126633E-17   5.8820355E-17
    5.9011684E-17   5.9011684E-17   5.9011684E-17   1.2094454E-16   6.4109793E-17
    3.4258609E-14   7.7169680E-14   8.1342653E-14   1.4609817E-11   1.4609817E-11
    1.4609817E-11   1.4857665E-13   1.4857665E-13   1.4857665E-13   4.0405807E-13
    1.7177438E-11   1.7177438E-11   1.7177438E-11   4.5138426E-11   6.5125652E-11
    5.1371580E-10   5.1371580E-10   5.1371580E-10   2.0431206E-10   5.7849735E-10
    5.7849735E-10   5.7849735E-10   1.8205424E-07   1.8205424E-07   1.8205424E-07
    2.6417102E-10   6.7649229E-10   1.9778095E-10   1.9778095E-10   1.9778095E-10
    4.6265970E-09   5.2582242E-10   5.2582242E-10   5.2582242E-10   3.1105234E-10
    8.9190005E-10   1.4014086E-08   1.5716477E-08   7.9712598E-08   7.9712598E-08
    7.9712598E-08   1.3759642E-08   1.2594721E-08   1.2594721E-08   1.2594721E-08
    2.0844386E-08

 2.2290459225E+02   6.3316905E-18   4.1087385E+13   1.8892149E+00   3.9748868E+07   6.9618143E-02   9.9779798E-01    49 
    9.7861694E-15   9.8059981E-15   9.8059981E-15   9.8059981E-15   1.0537381E-14
    1.0562409E-14   1.0562409E-14   1.0562409E-14   1.8380055E-14   1.1347132E-14
    1.4322279E-13   2.9618579E-13   2.9115762E-13   4.8876328E-11   4.8876328E-11
    4.8876328E-11   4.8640516E-13   4.8640516E-13   4.8640516E-13   1.2569483E-12
    4.6782621E-11   4.6782621E-11   4.6782621E-11   1.1753441E-10   1.6576958E-10
    1.3081698E-09   1.3081698E-09   1.3081698E-09   5.0440629E-10   1.3924676E-09
    1.3924676E-09   1.3924676E-09   4.0820349E-07   4.0820349E-07   4.0820349E-07
    6.2707349E-10   1.5943851E-09   4.5430193E-10   4.5430193E-10   4.5430193E-10
    1.0461904E-08   1.1963167E-09   1.1963167E-09   1.1963167E-09   6.9467328E-10
    1.9584953E-09   2.9409921E-08   3.1732577E-08   1.5771756E-07   1.5771756E-07
    1.5771756E-07   2.7175533E-08   2.4555205E-08   2.4555205E-08   2.4555205E-08
    3.9919162E-08

 2.2272211601E+02   8.6848624E-18   4.9803044E+13   1.9818117E+00   1.7383361E+09   5.7543056E-02   9.9817955E-01    50 
    9.9160358E-12   9.9276524E-12   9.9276524E-12   9.9276524E-12   1.0571990E-11
    1.0588538E-11   1.0588538E-11   1.0588538E-11   1.5900325E-11   1.1272971E-11
    1.0274245E-11   1.3018522E-11   1.1495398E-11   1.7530725E-10   1.7530725E-10
    1.7530725E-10   1.1300446E-11   1.1300446E-11   1.1300446E-11   1.4281328E-11
    1.3997913E-10   1.3997913E-10   1.3997913E-10   3.2594849E-10   4.3792472E-10
    3.3815997E-09   3.3815997E-09   3.3815997E-09   1.2705433E-09   3.4014222E-09
    3.4014222E-09   3.4014222E-09   9.2057259E-07   9.2057259E-07   9.2057259E-07
    1.5205325E-09   3.8105253E-09   1.0652654E-09   1.0652654E-09   1.0652654E-09
    2.3896958E-08   2.7617176E-09   2.7617176E-09   2.7617176E-09   1.5832757E-09
    4.3583062E-09   6.2449774E-08   6.4752527E-08   3.1500141E-07   3.1500141E-07
    3.1500141E-07   5.4240474E-08   4.8389714E-08   4.8389714E-08   4.8389714E-08
    7.7195515E-08

 2.2252474764E+02   1.1537843E-17   6.0559780E+13   2.0838169E+00   7.4521380E+10   4.7410157E-02   9.9849986E-01    51 
    9.7930528E-09   9.8006304E-09   9.8006304E-09   9.8006304E-09   1.0347548E-08
    1.0357632E-08   1.0357632E-08   1.0357632E-08   1.3718347E-08   1.0932932E-08
    9.0771989E-09   1.1407192E-08   9.6443489E-09   9.7537106E-09   9.7537106E-09
    9.7537106E-09   9.0795471E-09   9.0795471E-09   9.0795471E-09   9.5887345E-09
    1.0294501E-08   1.0294501E-08   1.0294501E-08   1.4922325E-08   1.1139295E-08
    1.8406716E-08   1.8406716E-08   1.8406716E-08   1.2537128E-08   1.8052693E-08
    1.8052693E-08   1.8052693E-08   2.0719857E-06   2.0719857E-06   2.0719857E-06
    1.6313467E-08   1.8675041E-08   1.2135903E-08   1.2135903E-08   1.2135903E-08
    6.5053563E-08   1.6185897E-08   1.6185897E-08   1.6185897E-08   1.6237845E-08
    2.1578021E-08   1.4222062E-07   1.4195073E-07   6.3870633E-07   6.3870633E-07
    6.3870633E-07   1.1810239E-07   1.0470514E-07   1.0470514E-07   1.0470514E-07
    1.5924029E-07

 2.2231189625E+02   1.3338809E-17   7.3919711E+13   2.1962311E+00   3.2894892E+12   3.8915459E-02   9.9876848E-01    52 
    9.7532769E-06   9.7597220E-06   9.7597220E-06   9.7597220E-06   1.0212522E-05
    1.0218069E-05   1.0218069E-05   1.0218069E-05   1.2226756E-05   1.0689335E-05
    9.2068260E-06   1.0986266E-05   9.5741331E-06   9.2727889E-06   9.2727889E-06
    9.2727889E-06   9.2057977E-06   9.2057977E-06   9.2057977E-06   9.6296693E-06
    9.8829905E-06   9.8829905E-06   9.8829905E-06   1.2601689E-05   9.9318920E-06
    9.6711832E-06   9.6711832E-06   9.6711832E-06   9.4229168E-06   9.7241023E-06
    9.7241023E-06   9.7241023E-06   1.4979223E-05   1.4979223E-05   1.4979223E-05
    1.1541505E-05   9.6815859E-06   9.7141103E-06   9.7141103E-06   9.7141103E-06
    1.0420488E-05   9.8393749E-06   9.8393749E-06   9.8393749E-06   1.1540697E-05
    1.1371770E-05   9.7019614E-06   9.9738852E-06   1.0799326E-05   1.0799326E-05
    1.0799326E-05   9.9457500E-06   9.4794821E-06   9.4794821E-06   9.4794821E-06
    1.0068871E-05

 2.2208406198E+02   1.2906447E-17   9.0320829E+13   2.3201696E+00   1.5270584E+14   3.1912772E-02   9.9898997E-01    53 
    9.8896185E-03   9.8964507E-03   9.8964507E-03   9.8964507E-03   1.0264193E-02
    1.0266547E-02   1.0266547E-02   1.0266547E-02   1.1369011E-02   1.0645033E-02
    9.6366123E-03   1.0789370E-02   9.8493992E-03   9.6317342E-03   9.6317342E-03
    9.6317342E-03   9.6358225E-03   9.6358225E-03   9.6358225E-03   9.9917526E-03
    1.0170164E-02   1.0170164E-02   1.0170164E-02   1.1705775E-02   1.0178757E-02
    9.9343252E-03   9.9343252E-03   9.9343252E-03   9.7740350E-03   9.9818599E-03
    9.9818599E-03   9.9818599E-03   1.0456577E-02   1.0456577E-02   1.0456577E-02
    1.1068090E-02   1.0010522E-02   1.0047444E-02   1.0047444E-02   1.0047444E-02
    1.0369985E-02   1.0125648E-02   1.0125648E-02   1.0125648E-02   1.1070056E-02
    1.1070887E-02   9.7892989E-03   1.0034869E-02   9.9056975E-03   9.9056975E-03
    9.9056975E-03   1.0050300E-02   9.6944583E-03   9.6944583E-03   9.6944583E-03
    1.0067406E-02

 2.2184237178E+02   1.1675290E-16   1.0986984E+14   2.4561138E+00   6.6677914E+14   2.6291984E-02   9.9916779E-01    54 
    8.9009031E-01   8.9076492E-01   8.9076492E-01   8.9076492E-01   9.1664662E-01
    9.1658357E-01   9.1658357E-01   9.1658357E-01   9.6106714E-01   9.4291541E-01
    8.8162960E-01   9.4419729E-01   8.9146638E-01   8.7918236E-01   8.7918236E-01
    8.7918236E-01   8.8159315E-01   8.8159315E-01   8.8159315E-01   9.0708889E-01
    9.1762903E-01   9.1762903E-01   9.1762903E-01   9.8665645E-01   9.1642125E-01
    8.9843831E-01   8.9843831E-01   8.9843831E-01   8.8941707E-01   9.0230132E-01
    9.0230132E-01   9.0230132E-01   9.2718827E-01   9.2718827E-01   9.2718827E-01
    9.5093212E-01   9.0801713E-01   9.1032874E-01   9.1032874E-01   9.1032874E-01
    9.2403400E-01   9.1474392E-01   9.1474392E-01   9.1474392E-01   9.5122521E-01
    9.6292480E-01   8.9156706E-01   9.0905938E-01   8.9963163E-01   8.9963163E-01
    8.9963163E-01   9.0964396E-01   8.8526021E-01   8.8526021E-01   8.8526021E-01
    9.0953181E-01

 2.2158778326E+02   7.0768003E-14   1.3230954E+14   2.6043599E+00   3.8656701E+13   2.1889708E-02   9.9930708E-01    55 
    9.8017621E-01   9.8097520E-01   9.8097520E-01   9.8097520E-01   1.0033758E+00
    1.0028758E+00   1.0028758E+00   1.0028758E+00   1.0151989E+00   1.0253715E+00
    9.7797349E-01   1.0189915E+00   9.8262956E-01   9.7543377E-01   9.7543377E-01
    9.7543377E-01   9.7796272E-01   9.7796272E-01   9.7796272E-01   1.0002092E+00
    1.0070878E+00   1.0070878E+00   1.0070878E+00   1.0397021E+00   1.0049287E+00
    9.8873512E-01   9.8873512E-01   9.8873512E-01   9.8318602E-01   9.9270610E-01
    9.9270610E-01   9.9270610E-01   1.0071932E+00   1.0071932E+00   1.0071932E+00
    1.0117983E+00   1.0006981E+00   1.0020901E+00   1.0020901E+00   1.0020901E+00
    1.0078029E+00   1.0049477E+00   1.0049477E+00   1.0049477E+00   1.0121418E+00
    1.0339038E+00   9.8634444E-01   1.0011746E+00   9.9284502E-01   9.9284502E-01
    9.9284502E-01   1.0011227E+00   9.8100739E-01   9.8100739E-01   9.8100739E-01
    1.0003201E+00

 2.2132018642E+02   3.8542068E-11   1.5682938E+14   2.7656713E+00   2.2360933E+12   1.8537787E-02   9.9941315E-01    56 
    9.8409049E-01   9.8493261E-01   9.8493261E-01   9.8493261E-01   1.0029334E+00
    1.0018998E+00   1.0018998E+00   1.0018998E+00   9.9281633E-01   1.0196576E+00
    9.8700039E-01   1.0112503E+00   9.8788903E-01   9.8499056E-01   9.8499056E-01
    9.8499056E-01   9.8700701E-01   9.8700701E-01   9.8700701E-01   1.0049850E+00
    1.0083393E+00   1.0083393E+00   1.0083393E+00   1.0155517E+00   1.0062669E+00
    9.9256824E-01   9.9256824E-01   9.9256824E-01   9.8996320E-01   9.9624724E-01
    9.9624724E-01   9.9624724E-01   1.0021562E+00   1.0021562E+00   1.0021562E+00
    9.9472365E-01   1.0051170E+00   1.0054002E+00   1.0054002E+00   1.0054002E+00
    1.0056683E+00   1.0069430E+00   1.0069430E+00   1.0069430E+00   9.9496599E-01
    1.0220191E+00   9.9359844E-01   1.0052253E+00   9.9840811E-01   9.9840811E-01
    9.9840811E-01   1.0046158E+00   9.8943358E-01   9.8943358E-01   9.8943358E-01
    1.0038453E+00

 2.2103744347E+02   1.7115724E-08   1.8226513E+14   2.9412399E+00   1.4165002E+11   1.6073483E-02   9.9949114E-01    57 
    9.8759671E-01   9.8833993E-01   9.8833993E-01   9.8833993E-01   1.0013027E+00
    1.0015136E+00   1.0015136E+00   1.0015136E+00   9.7778564E-01   1.0139413E+00
    9.9319961E-01   1.0070377E+00   9.9180777E-01   9.9201346E-01   9.9201346E-01
    9.9201346E-01   9.9320926E-01   9.9320926E-01   9.9320926E-01   1.0061879E+00
    1.0086371E+00   1.0086371E+00   1.0086371E+00   9.9795530E-01   1.0057625E+00
    9.9551881E-01   9.9551881E-01   9.9551881E-01   9.9464183E-01   9.9852249E-01
    9.9852249E-01   9.9852249E-01   9.9924893E-01   9.9924893E-01   9.9924893E-01
    9.8261870E-01   1.0060635E+00   1.0071655E+00   1.0071655E+00   1.0071655E+00
    1.0031407E+00   1.0078864E+00   1.0078864E+00   1.0078864E+00   9.8265880E-01
    1.0143406E+00   9.9858569E-01   1.0061139E+00   1.0021034E+00   1.0021034E+00
    1.0021034E+00   1.0059352E+00   9.9525496E-01   9.9525496E-01   9.9525496E-01
    1.0048812E+00

 2.2073394830E+02   5.8767088E-06   2.0777460E+14   3.1323599E+00   9.8903463E+09   1.4370004E-02   9.9954506E-01    58 
    9.9264959E-01   9.9304902E-01   9.9304902E-01   9.9304902E-01   9.9990669E-01
    1.0020692E+00   1.0020692E+00   1.0020692E+00   9.6808530E-01   1.0088235E+00
    9.9831536E-01   1.0046080E+00   9.9565889E-01   9.9780946E-01   9.9780946E-01
    9.9780946E-01   9.9831696E-01   9.9831696E-01   9.9831696E-01   1.0051734E+00
    1.0081622E+00   1.0081622E+00   1.0081622E+00   9.8402645E-01   1.0043376E+00
    9.9883957E-01   9.9883957E-01   9.9883957E-01   9.9875148E-01   1.0008180E+00
    1.0008180E+00   1.0008180E+00   9.9939906E-01   9.9939906E-01   9.9939906E-01
    9.7344627E-01   1.0048544E+00   1.0076431E+00   1.0076431E+00   1.0076431E+00
    1.0003319E+00   1.0079148E+00   1.0079148E+00   1.0079148E+00   9.7327612E-01
    1.0077354E+00   1.0024250E+00   1.0050446E+00   1.0047002E+00   1.0047002E+00
    1.0047002E+00   1.0060911E+00   9.9996084E-01   9.9996084E-01   9.9996084E-01
    1.0043256E+00

 2.2039801826E+02   1.3718803E-03   2.3391933E+14   3.3401978E+00   7.6901252E+08   1.3317532E-02   9.9957837E-01    59 
    9.9660583E-01   9.9682407E-01   9.9682407E-01   9.9682407E-01   1.0010786E+00
    1.0011521E+00   1.0011521E+00   1.0011521E+00   9.6828520E-01   1.0063813E+00
    1.0009321E+00   1.0047027E+00   9.9815482E-01   1.0007840E+00   1.0007840E+00
    1.0007840E+00   1.0009248E+00   1.0009248E+00   1.0009248E+00   1.0051585E+00
    1.0052929E+00   1.0052929E+00   1.0052929E+00   9.8022733E-01   1.0043821E+00
    1.0006174E+00   1.0006174E+00   1.0006174E+00   1.0007609E+00   1.0015673E+00
    1.0015673E+00   1.0015673E+00   1.0000208E+00   1.0000208E+00   1.0000208E+00
    9.7259219E-01   1.0047643E+00   1.0052642E+00   1.0052642E+00   1.0052642E+00
    9.9889433E-01   1.0053309E+00   1.0053309E+00   1.0053309E+00   9.7231798E-01
    1.0032238E+00   1.0035657E+00   1.0048848E+00   1.0046436E+00   1.0046436E+00
    1.0046436E+00   1.0056763E+00   1.0020835E+00   1.0020835E+00   1.0020835E+00
    1.0045159E+00

 2.2000782254E+02   1.9393463E-01   2.6140775E+14   3.5671139E+00   6.6162062E+07   1.2687814E-02   9.9959830E-01    60 
    9.9580454E-01   9.9589899E-01   9.9589899E-01   9.9589899E-01   9.9760897E-01
    9.9816480E-01   9.9816480E-01   9.9816480E-01   9.8607813E-01   1.0001020E+00
    9.9888703E-01   1.0004164E+00   9.9814551E-01   9.9922670E-01   9.9922670E-01
    9.9922670E-01   9.9887257E-01   9.9887257E-01   9.9887257E-01   1.0005638E+00
    1.0008078E+00   1.0008078E+00   1.0008078E+00   9.8918547E-01   1.0000428E+00
    9.9827205E-01   9.9827205E-01   9.9827205E-01   9.9851512E-01   9.9857068E-01
    9.9857068E-01   9.9857068E-01   9.9723733E-01   9.9723733E-01   9.9723733E-01
    9.8913331E-01   1.0003882E+00   1.0010113E+00   1.0010113E+00   1.0010113E+00
    9.9819851E-01   1.0009676E+00   1.0009676E+00   1.0009676E+00   9.8903087E-01
    9.9751106E-01   1.0006181E+00   1.0005513E+00   1.0013509E+00   1.0013509E+00
    1.0013509E+00   1.0010730E+00   9.9972399E-01   9.9972399E-01   9.9972399E-01
    1.0007724E+00

 2.1952823193E+02   1.6313299E+01   2.9234341E+14   3.8151810E+00   6.3829651E+06   1.1950481E-02   9.9962164E-01    61 
    9.9563541E-01   9.9564630E-01   9.9564630E-01   9.9564630E-01   9.9598983E-01
    9.9702246E-01   9.9702246E-01   9.9702246E-01   9.9458760E-01   9.9737164E-01
    9.9784437E-01   9.9782056E-01   9.9813518E-01   9.9841340E-01   9.9841340E-01
    9.9841340E-01   9.9783072E-01   9.9783072E-01   9.9783072E-01   9.9815871E-01
    9.9882286E-01   9.9882286E-01   9.9882286E-01   9.9441408E-01   9.9775821E-01
    9.9724191E-01   9.9724191E-01   9.9724191E-01   9.9755830E-01   9.9729501E-01
    9.9729501E-01   9.9729501E-01   9.9620042E-01   9.9620042E-01   9.9620042E-01
    9.9675968E-01   9.9811002E-01   9.9906192E-01   9.9906192E-01   9.9906192E-01
    9.9803577E-01   9.9897718E-01   9.9897718E-01   9.9897718E-01   9.9675537E-01
    9.9570046E-01   9.9904603E-01   9.9829545E-01   9.9968991E-01   9.9968991E-01
    9.9968991E-01   9.9882398E-01   9.9846750E-01   9.9846750E-01   9.9846750E-01
    9.9868257E-01

 2.1892498051E+02   8.8374999E+02   3.3695884E+14   4.0849668E+00   7.2145420E+05   1.0668662E-02   9.9966222E-01    62 
    9.9706848E-01   9.9706639E-01   9.9706639E-01   9.9706639E-01   9.9712511E-01
    9.9749862E-01   9.9749862E-01   9.9749862E-01   9.9704751E-01   9.9794951E-01
    9.9843163E-01   9.9799595E-01   9.9876675E-01   9.9890140E-01   9.9890140E-01
    9.9890140E-01   9.9843038E-01   9.9843038E-01   9.9843038E-01   9.9846970E-01
    9.9861211E-01   9.9861211E-01   9.9861211E-01   9.9698173E-01   9.9819265E-01
    9.9801022E-01   9.9801022E-01   9.9801022E-01   9.9829994E-01   9.9802714E-01
    9.9802714E-01   9.9802714E-01   9.9742383E-01   9.9742383E-01   9.9742383E-01
    9.9837950E-01   9.9845364E-01   9.9876259E-01   9.9876259E-01   9.9876259E-01
    9.9867428E-01   9.9869444E-01   9.9869444E-01   9.9869444E-01   9.9839013E-01
    9.9706746E-01   9.9919405E-01   9.9859146E-01   9.9959483E-01   9.9959483E-01
    9.9959483E-01   9.9899732E-01   9.9887529E-01   9.9887529E-01   9.9887529E-01
    9.9883112E-01

 2.1819246177E+02   3.4165720E+04   4.0875648E+14   4.3792725E+00   9.6595531E+04   8.9340284E-03   9.9971713E-01    63 
    9.9828708E-01   9.9828647E-01   9.9828647E-01   9.9828647E-01   9.9829295E-01
    9.9833913E-01   9.9833913E-01   9.9833913E-01   9.9829033E-01   9.9852419E-01
    9.9902998E-01   9.9899782E-01   9.9920069E-01   9.9936430E-01   9.9936430E-01
    9.9936430E-01   9.9905782E-01   9.9905782E-01   9.9905782E-01   9.9902367E-01
    9.9895679E-01   9.9895679E-01   9.9895679E-01   9.9837512E-01   9.9888033E-01
    9.9877402E-01   9.9877402E-01   9.9877402E-01   9.9898803E-01   9.9880369E-01
    9.9880369E-01   9.9880369E-01   9.9855434E-01   9.9855434E-01   9.9855434E-01
    9.9900938E-01   9.9901792E-01   9.9903054E-01   9.9903054E-01   9.9903054E-01
    9.9909852E-01   9.9899236E-01   9.9899236E-01   9.9899236E-01   9.9902020E-01
    9.9838602E-01   9.9945556E-01   9.9908776E-01   9.9970293E-01   9.9970293E-01
    9.9970293E-01   9.9929518E-01   9.9935126E-01   9.9935126E-01   9.9935126E-01
    9.9919101E-01

 2.1735315310E+02   9.5771325E+05   5.2118559E+14   4.7001224E+00   1.5297788E+04   7.0856156E-03   9.9977565E-01    64 
    9.9897253E-01   9.9897239E-01   9.9897239E-01   9.9897239E-01   9.9897296E-01
    9.9897624E-01   9.9897624E-01   9.9897624E-01   9.9897248E-01   9.9899864E-01
    9.9940847E-01   9.9978424E-01   9.9960688E-01   9.9962871E-01   9.9962871E-01
    9.9962871E-01   9.9948326E-01   9.9948326E-01   9.9948326E-01   9.9939630E-01
    9.9934040E-01   9.9934040E-01   9.9934040E-01   9.9906388E-01   9.9934089E-01
    9.9920016E-01   9.9920016E-01   9.9920016E-01   9.9939171E-01   9.9925161E-01
    9.9925161E-01   9.9925161E-01   9.9914742E-01   9.9914742E-01   9.9914742E-01
    9.9938654E-01   9.9939253E-01   9.9937249E-01   9.9937249E-01   9.9937249E-01
    9.9943170E-01   9.9936244E-01   9.9936244E-01   9.9936244E-01   9.9939648E-01
    9.9916197E-01   9.9965417E-01   9.9943321E-01   9.9976337E-01   9.9976337E-01
    9.9976337E-01   9.9952053E-01   9.9964052E-01   9.9964052E-01   9.9964052E-01
    9.9946954E-01

 2.1643770272E+02   1.8475964E+07   6.9068447E+14   5.0492925E+00   2.8370826E+03   5.3999551E-03   9.9982902E-01    65 
    9.9937092E-01   9.9937092E-01   9.9937092E-01   9.9937092E-01   9.9937093E-01
    9.9937105E-01   9.9937105E-01   9.9937105E-01   9.9937092E-01   9.9937280E-01
    9.9964703E-01   1.0001091E+00   9.9972703E-01   9.9978866E-01   9.9978866E-01
    9.9978866E-01   9.9978779E-01   9.9978779E-01   9.9978779E-01   9.9961802E-01
    9.9958766E-01   9.9958766E-01   9.9958766E-01   9.9954318E-01   9.9960074E-01
    9.9943690E-01   9.9943690E-01   9.9943690E-01   9.9962436E-01   9.9949942E-01
    9.9949942E-01   9.9949942E-01   9.9944065E-01   9.9944065E-01   9.9944065E-01
    9.9961483E-01   9.9962820E-01   9.9959326E-01   9.9959326E-01   9.9959326E-01
    9.9962998E-01   9.9960397E-01   9.9960397E-01   9.9960397E-01   9.9961976E-01
    9.9955964E-01   9.9978560E-01   9.9964043E-01   9.9974078E-01   9.9974078E-01
    9.9974078E-01   9.9968175E-01   9.9972268E-01   9.9972268E-01   9.9972268E-01
    9.9962921E-01

 2.1545833700E+02   2.3810478E+08   9.4094693E+14   5.4352673E+00   5.9100039E+02   4.0026484E-03   9.9987326E-01    66 
    9.9963080E-01   9.9963081E-01   9.9963081E-01   9.9963081E-01   9.9963078E-01
    9.9963076E-01   9.9963076E-01   9.9963076E-01   9.9963090E-01   9.9963097E-01
    9.9978797E-01   1.0000262E+00   9.9987041E-01   9.9987722E-01   9.9987722E-01
    9.9987722E-01   9.9993916E-01   9.9993916E-01   9.9993916E-01   9.9978264E-01
    9.9974490E-01   9.9974490E-01   9.9974490E-01   9.9979346E-01   9.9978956E-01
    9.9965757E-01   9.9965757E-01   9.9965757E-01   9.9977814E-01   9.9967997E-01
    9.9967997E-01   9.9967997E-01   9.9966689E-01   9.9966689E-01   9.9966689E-01
    9.9975978E-01   9.9976924E-01   9.9972996E-01   9.9972996E-01   9.9972996E-01
    9.9979208E-01   9.9975475E-01   9.9975475E-01   9.9975475E-01   9.9977017E-01
    9.9972292E-01   9.9987136E-01   9.9977962E-01   9.9977221E-01   9.9977221E-01
    9.9977221E-01   9.9978274E-01   9.9977774E-01   9.9977774E-01   9.9977774E-01
    9.9975635E-01

 2.1469340355E+02   1.2419521E+09   1.1968535E+15   5.7524195E+00   1.9419156E+02   3.1702074E-03   9.9989962E-01    67 
    9.9976018E-01   9.9976018E-01   9.9976018E-01   9.9976018E-01   9.9976016E-01
    9.9976016E-01   9.9976016E-01   9.9976016E-01   9.9976029E-01   9.9976024E-01
    9.9986839E-01   9.9995688E-01   9.9990194E-01   9.9992619E-01   9.9992619E-01
    9.9992619E-01   9.9998355E-01   9.9998355E-01   9.9998355E-01   9.9984494E-01
    9.9982416E-01   9.9982416E-01   9.9982416E-01   9.9989459E-01   9.9989631E-01
    9.9979428E-01   9.9979428E-01   9.9979428E-01   9.9985255E-01   9.9979155E-01
    9.9979155E-01   9.9979155E-01   9.9980012E-01   9.9980012E-01   9.9980012E-01
    9.9983373E-01   9.9984716E-01   9.9980313E-01   9.9980313E-01   9.9980313E-01
    9.9985165E-01   9.9983915E-01   9.9983915E-01   9.9983915E-01   9.9985709E-01
    9.9978138E-01   9.9992840E-01   9.9984778E-01   9.9984576E-01   9.9984576E-01
    9.9984576E-01   9.9983894E-01   9.9984995E-01   9.9984995E-01   9.9984995E-01
    9.9982203E-01

 2.1426776601E+02   2.8130822E+09   1.3660281E+15   5.9359084E+00   1.0822917E+02   2.7889476E-03   9.9991169E-01    68 
    9.9981389E-01   9.9981389E-01   9.9981389E-01   9.9981389E-01   9.9981388E-01
    9.9981388E-01   9.9981388E-01   9.9981388E-01   9.9981401E-01   9.9981394E-01
    9.9990607E-01   9.9993775E-01   9.9990871E-01   9.9994955E-01   9.9994955E-01
    9.9994955E-01   9.9999821E-01   9.9999821E-01   9.9999821E-01   9.9986607E-01
    9.9986077E-01   9.9986077E-01   9.9986077E-01   9.9993648E-01   9.9994049E-01
    9.9985240E-01   9.9985240E-01   9.9985240E-01   9.9988212E-01   9.9984350E-01
    9.9984350E-01   9.9984350E-01   9.9985674E-01   9.9985674E-01   9.9985674E-01
    9.9986818E-01   9.9988845E-01   9.9983906E-01   9.9983906E-01   9.9983906E-01
    9.9987658E-01   9.9987899E-01   9.9987899E-01   9.9987899E-01   9.9988979E-01
    9.9981870E-01   9.9995949E-01   9.9987622E-01   9.9989066E-01   9.9989066E-01
    9.9989066E-01   9.9986758E-01   9.9989257E-01   9.9989257E-01   9.9989257E-01
    9.9985687E-01

 2.1405378326E+02   4.1469435E+09   1.4590902E+15   6.0300725E+00   8.1389704E+01   2.6164076E-03   9.9991715E-01    69 
    9.9980117E-01   9.9980117E-01   9.9980117E-01   9.9980117E-01   9.9980116E-01
    9.9980116E-01   9.9980116E-01   9.9980116E-01   9.9980129E-01   9.9980119E-01
    9.9990280E-01   9.9992089E-01   9.9989550E-01   9.9994281E-01   9.9994281E-01
    9.9994281E-01   9.9998639E-01   9.9998639E-01   9.9998639E-01   9.9985447E-01
    9.9985269E-01   9.9985269E-01   9.9985269E-01   9.9993309E-01   9.9993220E-01
    9.9984654E-01   9.9984654E-01   9.9984654E-01   9.9987129E-01   9.9983591E-01
    9.9983591E-01   9.9983591E-01   9.9985029E-01   9.9985029E-01   9.9985029E-01
    9.9985960E-01   9.9988487E-01   9.9982982E-01   9.9982982E-01   9.9982982E-01
    9.9986705E-01   9.9987131E-01   9.9987131E-01   9.9987131E-01   9.9987924E-01
    9.9981663E-01   9.9994975E-01   9.9986532E-01   9.9988397E-01   9.9988397E-01
    9.9988397E-01   9.9985695E-01   9.9988491E-01   9.9988491E-01   9.9988491E-01
    9.9984681E-01

 2.1398229389E+02   4.7236030E+09   1.4914110E+15   6.0617191E+00   7.3851182E+01   2.5614545E-03   9.9991889E-01    70 
    9.9619219E-01   9.9617680E-01   9.9617680E-01   9.9617680E-01   9.9613900E-01
    9.9603450E-01   9.9603450E-01   9.9603450E-01   9.9602614E-01   9.9592785E-01
    9.9691831E-01   9.9649385E-01   9.9765047E-01   9.9734541E-01   9.9734541E-01
    9.9734541E-01   9.9721208E-01   9.9721208E-01   9.9721208E-01   9.9650209E-01
    9.9668139E-01   9.9668139E-01   9.9668139E-01   9.9730702E-01   9.9695860E-01
    9.9748934E-01   9.9748934E-01   9.9748934E-01   9.9760378E-01   9.9755408E-01
    9.9755408E-01   9.9755408E-01   9.9751629E-01   9.9751629E-01   9.9751629E-01
    9.9634017E-01   9.9695317E-01   9.9638715E-01   9.9638715E-01   9.9638715E-01
    9.9743531E-01   9.9663760E-01   9.9663760E-01   9.9663760E-01   9.9630328E-01
    9.9631993E-01   9.9781199E-01   9.9765858E-01   9.9753722E-01   9.9753722E-01
    9.9753722E-01   9.9800178E-01   9.9783286E-01   9.9783286E-01   9.9783286E-01
    9.9723536E-01
