!
! Note: The effective temperature and surface gravity are defined
! at the reference radius, which (except when using the old
! velocity) is the location where Tau=2/3.
!
! Effective temperature (10^4 K) is:    2.700000E+00
!      Log surface gravity (cgs) is:    3.000000E+00
!         Core radius (10^10 cm) is:    2.385152E+02
!    Reference radius (10^10 cm) is:    2.482551E+02
!              Luminosity (Lsun) is:    6.100171E+05
!            Mass (Msun) of star is:    4.643730E+01
!       Mass loss rate (Msun/yr) is:    6.260900E-07
!         Mean atomic mass (amu) is:    1.610717E+00
!            Eddington parameter is:    2.499201E-01
!                   Atom density is:    0.000000E+00
! Ratio of inner to outer radius is:  139.29286701
!
      60          !Number of depth points
!
!    R(10^10cm)       V(km/s)         Sigma           Tau     Index
 33223.47244422  1.847782E+03 -9.864431E-01  1.330790E-05         1
 32836.52687903  1.847487E+03 -9.862751E-01  1.346473E-05         2
 32075.94508394  1.846886E+03 -9.859433E-01  1.378413E-05         3
 30609.32430956  1.845644E+03 -9.852418E-01  1.444523E-05         4
 27876.16659147  1.842991E+03 -9.836121E-01  1.586436E-05         5
 23118.61521336  1.836903E+03 -9.790767E-01  1.913588E-05         6
 16102.39524371  1.821278E+03 -9.683019E-01  2.751614E-05         7
 11251.21956737  1.799329E+03 -9.545575E-01  3.956640E-05         8
  7886.06452145  1.768471E+03 -9.348010E-01  5.689388E-05         9
  5555.20603307  1.725591E+03 -9.066519E-01  8.180967E-05        10
  3941.49037249  1.666957E+03 -8.667020E-01  1.176369E-04        11
  2819.14883717  1.588041E+03 -8.098529E-01  1.691542E-04        12
  2035.58156452  1.483983E+03 -7.284946E-01  2.432326E-04        13
  1488.10887974  1.350706E+03 -6.089450E-01  3.497524E-04        14
  1105.73864795  1.185206E+03 -4.427302E-01  5.029210E-04        15
   840.22738893  9.962836E+02 -2.137053E-01  7.231674E-04        16
   655.86382641  7.961299E+02  1.144547E-01  1.039867E-03        17
   527.64411889  5.988520E+02  5.902125E-01  1.495261E-03        18
   438.53897456  4.215479E+02  1.288188E+00  2.151043E-03        19
   377.77521338  2.792065E+02  2.277167E+00  3.067812E-03        20
   339.18856048  1.837967E+02  3.504297E+00  4.214478E-03        21
   313.29617132  1.211534E+02  4.964219E+00  5.632273E-03        22
   294.74007822  7.985807E+01  6.614635E+00  7.421773E-03        23
   280.85911529  5.290488E+01  7.671618E+00  9.698707E-03        24
   266.47257394  3.400176E+01  7.769511E+00  1.366352E-02        25
   255.13809208  2.305962E+01  1.803463E+01  1.901436E-02        26
   251.53094335  1.598731E+01  6.069408E+01  2.145762E-02        27
   251.30068026  1.075179E+01  7.893136E+02  2.171451E-02        28
   251.19914449  6.822631E+00  1.104133E+03  2.189431E-02        29
   251.08483682  4.508811E+00  9.043031E+02  2.220673E-02        30
   250.95281600  2.970234E+00  7.916051E+02  2.276833E-02        31
   250.80328700  1.952421E+00  7.098636E+02  2.376573E-02        32
   250.64404805  1.287085E+00  6.649623E+02  2.543601E-02        33
   250.47620514  8.472730E-01  6.291962E+02  2.821996E-02        34
   250.29610656  5.577814E-01  5.808017E+02  3.297888E-02        35
   250.09567549  3.672574E-01  5.184282E+02  4.146552E-02        36
   249.86652632  2.416731E-01  4.500398E+02  5.716090E-02        37
   249.63315290  1.664352E-01  3.913695E+02  8.241311E-02        38
   249.41044408  1.210949E-01  3.483004E+02  1.185046E-01        39
   249.18687827  9.080816E-02  3.130698E+02  1.704019E-01        40
   248.95697957  6.946463E-02  2.800533E+02  2.450267E-01        41
   248.71654894  5.423549E-02  2.441022E+02  3.523323E-01        42
   248.46138460  4.327687E-02  2.061001E+02  5.066307E-01        43
   248.18649746  3.539683E-02  1.649662E+02  7.285016E-01        44
   247.88388624  2.989824E-02  1.206193E+02  1.047537E+00        45
   247.53896589  2.621521E-02  8.169511E+01  1.506290E+00        46
   247.12866370  2.355913E-02  6.291277E+01  2.165946E+00        47
   246.62540940  2.072777E-02  6.710411E+01  3.114488E+00        48
   246.01242290  1.714614E-02  7.942012E+01  4.478429E+00        49
   245.29670924  1.333341E-02  8.851721E+01  6.439686E+00        50
   244.49741122  9.855998E-03  9.521933E+01  9.259846E+00        51
   243.63826796  6.959366E-03  1.009599E+02  1.331505E+01        52
   242.74844426  4.790950E-03  1.030161E+02  1.914617E+01        53
   241.84618978  3.290040E-03  1.011692E+02  2.753093E+01        54
   240.93289961  2.273611E-03  9.778833E+01  3.958767E+01        55
   240.00091255  1.576632E-03  9.418777E+01  5.694316E+01        56
   239.15511961  1.141794E-03  8.946993E+01  7.864294E+01        57
   238.77219299  9.906458E-04  8.640508E+01  9.083723E+01        58
   238.57961425  9.239168E-04  8.452996E+01  9.762611E+01        59
   238.51524602  9.029255E-04  8.379629E+01  1.000000E+02        60
   238.51524602  9.029255E-04  8.379629E+01  1.000000E+02        60
