 Output format date:         27-JAN-1992         
 Completion of Model:        11-Mar-2020 16:21:44
 ND:                            70
 HYD/He abundance:            1.00000E+00
    4.4097634E+05   4.7000597E+05   5.3388907E+05   7.8195362E+05   1.3861751E+06   2.4622090E+06   4.3644864E+06   7.7137127E+06
    1.3570444E+07   2.3867490E+07   4.1995447E+07   7.3855462E+07   1.2935174E+08   2.2595076E+08   3.9865603E+08   7.0257652E+08
    1.2260030E+09   2.1570112E+09   3.7884934E+09   6.6438466E+09   1.1639348E+10   2.0322013E+10   3.3994967E+10   4.6935149E+10
    4.7452958E+10   4.3416121E+10   4.3521694E+10   4.8096351E+10   5.6224263E+10   6.7408315E+10   9.1303581E+10   1.3232339E+11
    1.9574211E+11   2.9495697E+11   4.5864241E+11   7.1012850E+11   1.1152021E+12   1.6079967E+12   2.1848029E+12   2.8924113E+12
    3.7728801E+12   4.8722262E+12   6.2422705E+12   7.9419401E+12   1.0036362E+13   1.2596071E+13   1.5697358E+13   1.9412566E+13
    2.3815254E+13   2.8933213E+13   3.4748969E+13   4.1142231E+13   4.7848657E+13   5.4408022E+13   6.0164119E+13   6.4539699E+13
    6.7971798E+13   7.3394210E+13   8.3961921E+13   1.0188720E+14   1.2956084E+14   1.7126936E+14   2.3239630E+14   3.1765163E+14
    4.3274620E+14   5.8609744E+14   7.9339628E+14   9.2552295E+14   9.9937065E+14   1.0253845E+15
 Number of HI levels:           30
 HI Oscillator date:         12-OCT-1995
    4.4237012E-02   3.9761071E-08   1.5832126E-08   2.3853884E-08   2.3703320E-08   3.0419282E-08   2.6930831E-08   3.1487072E-08
    1.5208411E-08   9.6290325E-09   1.0760875E-08   1.1591870E-08   1.5122248E-08   1.7621089E-08   1.9331935E-08   2.1972870E-08
    2.5434332E-08   2.8097957E-08   3.1151484E-08   3.5056814E-08   3.8812428E-08   4.3182950E-08   4.7675208E-08   5.2473759E-08
    5.7320885E-08   6.2356175E-08   6.7456870E-08   7.2707347E-08   7.8062452E-08   8.3508499E-08   4.7003172E-02   4.5014155E-08
    1.7930741E-08   2.6985374E-08   2.6844994E-08   3.4475098E-08   3.0508900E-08   3.5643346E-08   1.7242608E-08   1.0893336E-08
    1.2171165E-08   1.3111448E-08   1.7100288E-08   1.9923380E-08   2.1863183E-08   2.4849750E-08   2.8748725E-08   3.1773037E-08
    3.5238689E-08   3.9644872E-08   4.3904523E-08   4.8835698E-08   5.3906834E-08   5.9313050E-08   6.4778782E-08   7.0452788E-08
    7.6204943E-08   8.2125509E-08   8.8167054E-08   9.4315553E-08   5.3051560E-02   5.7680605E-08   2.2992324E-08   3.4520266E-08
    3.4422351E-08   4.4270240E-08   3.9142811E-08   4.5657288E-08   2.2159978E-08   1.3936553E-08   1.5564438E-08   1.6768080E-08
    2.1857547E-08   2.5458893E-08   2.7952585E-08   3.1770438E-08   3.6714549E-08   4.0612783E-08   4.5075059E-08   5.0682321E-08
    5.6156060E-08   6.2430094E-08   6.8887841E-08   7.5747263E-08   8.2693828E-08   8.9896532E-08   9.7209384E-08   1.0473569E-07
    1.1242319E-07   1.2025726E-07   7.6176835E-02   1.2102779E-07   4.8380326E-08   7.2013753E-08   7.2437865E-08   9.3614539E-08
    8.2514393E-08   9.5702325E-08   4.7018469E-08   2.9107293E-08   3.2460358E-08   3.4981735E-08   4.5509821E-08   5.2959976E-08
    5.8262647E-08   6.6214216E-08   7.6258648E-08   8.4593099E-08   9.4081327E-08   1.0561250E-07   1.1713237E-07   1.3000335E-07
    1.4327447E-07   1.5724922E-07   1.7146574E-07   1.8617256E-07   2.0116581E-07   2.1660046E-07   2.3240758E-07   2.4857146E-07
    1.3113473E-01   3.6695323E-07   1.4771482E-07   2.1605060E-07   2.2128317E-07   2.8870209E-07   2.5288549E-07   2.8991527E-07
    1.4610087E-07   8.7778619E-08   9.7618651E-08   1.0531033E-07   1.3644143E-07   1.5852408E-07   1.7510973E-07   1.9896277E-07
    2.2802302E-07   2.5401656E-07   2.8322267E-07   3.1719495E-07   3.5186410E-07   3.8954275E-07   4.2845829E-07   4.6911514E-07
    5.1071383E-07   5.5370256E-07   5.9775301E-07   6.4315100E-07   6.8979582E-07   7.3767482E-07   2.2699388E-01   1.1166056E-06
    4.5396862E-07   6.4935869E-07   6.8115819E-07   8.9972073E-07   7.8134162E-07   8.8275266E-07   4.6027766E-07   2.6663460E-07
    2.9552615E-07   3.1938541E-07   4.1128682E-07   4.7700959E-07   5.2980992E-07   6.0193358E-07   6.8705169E-07   7.6811157E-07
    8.5777261E-07   9.5851772E-07   1.0624863E-06   1.1735222E-06   1.2883938E-06   1.4079625E-06   1.5308732E-06   1.6579467E-06
    1.7886666E-06   1.9235652E-06   2.0625035E-06   2.2054866E-06   3.9481569E-01   3.3911324E-06   1.3956563E-06   1.9423656E-06
    2.1043679E-06   2.8170525E-06   2.4173941E-06   2.6868832E-06   1.4649508E-06   8.1351747E-07   8.9789182E-07   9.7291162E-07
    1.2417908E-06   1.4382734E-06   1.6082735E-06   1.8279504E-06   2.0802264E-06   2.3311864E-06   2.6047039E-06   2.9044747E-06
    3.2156743E-06   3.5446649E-06   3.8856533E-06   4.2401514E-06   4.6058966E-06   4.9844091E-06   5.3748963E-06   5.7783571E-06
    6.1946180E-06   6.6237403E-06   6.9059998E-01   1.0258334E-05   4.2836156E-06   5.7587906E-06   6.5280630E-06   8.8522474E-06
    7.4735160E-06   8.1538663E-06   4.7070977E-06   2.4992515E-06   2.7421423E-06   2.9799216E-06   3.7588905E-06   4.3514791E-06
    4.9007821E-06   5.5742618E-06   6.3297606E-06   7.1013287E-06   7.9322827E-06   8.8280675E-06   9.7613253E-06   1.0742673E-05
    1.1761788E-05   1.2821357E-05   1.3917614E-05   1.5053379E-05   1.6227464E-05   1.7441752E-05   1.8696071E-05   1.9990632E-05
    1.2119176E+00   3.0722040E-05   1.3042695E-05   1.6833243E-05   2.0212449E-05   2.7737874E-05   2.2931269E-05   2.4499559E-05
    1.5166568E-05   7.7351916E-06   8.4048274E-06   9.1566243E-06   1.1382841E-05   1.3178118E-05   1.4935824E-05   1.6998827E-05
    1.9270297E-05   2.1624278E-05   2.4137971E-05   2.6820018E-05   2.9620875E-05   3.2558459E-05   3.5614387E-05   3.8793439E-05
    4.2089342E-05   4.5507339E-05   4.9045710E-05   5.2708021E-05   5.6494235E-05   6.0404949E-05   2.1424419E+00   9.1189808E-05
    3.9435906E-05   4.8731707E-05   6.2667665E-05   8.6916719E-05   6.9924239E-05   7.3005122E-05   4.9203315E-05   2.4470723E-05
    2.6155864E-05   2.8503081E-05   3.4833601E-05   4.0307631E-05   4.5883756E-05   5.2226021E-05   5.9117325E-05   6.6316361E-05
    7.3959744E-05   8.2064174E-05   9.0541450E-05   9.9422803E-05   1.0867557E-04   1.1830839E-04   1.2831077E-04   1.3869248E-04
    1.4945114E-04   1.6059354E-04   1.7212011E-04   1.8403236E-04   3.8200075E+00   2.6594559E-04   1.1733565E-04   1.3959814E-04
    1.9277458E-04   2.6995596E-04   2.0971706E-04   2.1351683E-04   1.5958131E-04   7.9835188E-05   8.3142370E-05   9.0234072E-05
    1.0816735E-04   1.2486913E-04   1.4236380E-04   1.6187604E-04   1.8291514E-04   2.0500426E-04   2.2837976E-04   2.5308272E-04
    2.7895831E-04   3.0606297E-04   3.3433867E-04   3.6380088E-04   3.9443160E-04   4.2624866E-04   4.5924863E-04   4.9344415E-04
    5.2883673E-04   5.6542966E-04   6.8712090E+00   7.5513009E-04   3.4014953E-04   3.9803786E-04   5.7453880E-04   8.1707880E-04
    6.1108377E-04   6.0330410E-04   5.1014337E-04   2.6960751E-04   2.7056927E-04   2.9101191E-04   3.4134079E-04   3.9191995E-04
    4.4602741E-04   5.0582432E-04   5.7016425E-04   6.3805187E-04   7.0983147E-04   7.8561005E-04   8.6510675E-04   9.4842052E-04
    1.0354450E-03   1.1262051E-03   1.2206667E-03   1.3188597E-03   1.4207771E-03   1.5264404E-03   1.6358518E-03   1.7490168E-03
    1.2402806E+01   2.0638390E-03   9.6936708E-04   1.1428373E-03   1.5970889E-03   2.3634160E-03   1.7200089E-03   1.6388250E-03
    1.5846203E-03   9.3204145E-04   8.9434112E-04   9.4986764E-04   1.0874062E-03   1.2373969E-03   1.4013117E-03   1.5823930E-03
    1.7778286E-03   1.9853033E-03   2.2049861E-03   2.4371146E-03   2.6810919E-03   2.9370440E-03   3.2047465E-03   3.4842162E-03
    3.7753718E-03   4.0782487E-03   4.3928208E-03   4.7191146E-03   5.0571241E-03   5.4068498E-03   2.2356702E+01   5.3792204E-03
    2.8547667E-03   3.3301838E-03   4.0616834E-03   6.5465801E-03   4.8461616E-03   4.4124207E-03   4.8443156E-03   3.2796775E-03
    2.9976078E-03   3.1341592E-03   3.4946936E-03   3.9271729E-03   4.4142948E-03   4.9563573E-03   5.5457323E-03   6.1762396E-03
    6.8460383E-03   7.5555802E-03   8.3031798E-03   9.0886834E-03   9.9114449E-03   1.0771315E-02   1.1668017E-02   1.2601508E-02
    1.3571659E-02   1.4578449E-02   1.5621805E-02   1.6701672E-02   4.0737257E+01   1.3713363E-02   9.1642861E-03   1.0062620E-02
    1.0474947E-02   1.8180165E-02   1.5361226E-02   1.2732953E-02   1.5062032E-02   1.1638442E-02   1.0312851E-02   1.0611167E-02
    1.1547526E-02   1.2793250E-02   1.4256224E-02   1.5906131E-02   1.7717839E-02   1.9672962E-02   2.1759282E-02   2.3977148E-02
    2.6320623E-02   2.8787580E-02   3.1375618E-02   3.4083560E-02   3.6910235E-02   3.9855047E-02   4.2917350E-02   4.6096761E-02
    4.9392850E-02   5.2805235E-02   7.2948311E+01   3.5989925E-02   2.7480450E-02   2.8780793E-02   3.3621122E-02   5.0682116E-02
    5.0256014E-02   3.7710282E-02   4.4341861E-02   3.7179196E-02   3.3458770E-02   3.4258124E-02   3.6868711E-02   4.0491902E-02
    4.4874794E-02   4.9870844E-02   5.5389478E-02   6.1377384E-02   6.7788157E-02   7.4619904E-02   8.1852824E-02   8.9476944E-02
    9.7483837E-02   1.0586833E-01   1.1462604E-01   1.2375408E-01   1.3324980E-01   1.4311127E-01   1.5333653E-01   1.6392375E-01
    1.2740973E+02   9.5854257E-02   8.0046993E-02   6.8634584E-02   1.1649476E-01   1.2673365E-01   1.1872761E-01   9.9650078E-02
    1.1507269E-01   1.0218556E-01   9.6862422E-02   1.0027352E-01   1.0841342E-01   1.1929166E-01   1.3230030E-01   1.4708792E-01
    1.6339491E-01   1.8107153E-01   1.9999046E-01   2.2014356E-01   2.4147956E-01   2.6396853E-01   2.8758688E-01   3.1231868E-01
    3.3815096E-01   3.6507423E-01   3.9308001E-01   4.2216117E-01   4.5231061E-01   4.8352102E-01   2.2284877E+02   2.6267311E-01
    2.3556492E-01   1.7592315E-01   3.2122697E-01   3.4691283E-01   2.3372686E-01   2.5520676E-01   2.7724961E-01   2.6823937E-01
    2.6851969E-01   2.8273808E-01   3.0892044E-01   3.4217224E-01   3.8101974E-01   4.2463916E-01   4.7248229E-01   5.2418643E-01
    5.7942360E-01   6.3815861E-01   7.0027112E-01   7.6568741E-01   8.3435052E-01   9.0621856E-01   9.8125637E-01   1.0594353E+00
    1.1407283E+00   1.2251098E+00   1.3125526E+00   1.4030264E+00   3.8684002E+02   6.4782629E-01   5.6458644E-01   4.9696493E-01
    6.3812327E-01   9.2018097E-01   6.4934758E-01   6.8409208E-01   6.8306948E-01   6.9284962E-01   7.1952385E-01   7.7209014E-01
    8.5173178E-01   9.4950938E-01   1.0616071E+00   1.1862336E+00   1.3221210E+00   1.4684980E+00   1.6246191E+00   1.7903761E+00
    1.9654802E+00   2.1497449E+00   2.3430286E+00   2.5452199E+00   2.7562203E+00   2.9759395E+00   3.2042848E+00   3.4411572E+00
    3.6864430E+00   3.9400075E+00   6.9532551E+02   1.4556466E+00   1.1821670E+00   1.4832325E+00   1.3273970E+00   2.2216608E+00
    1.7406993E+00   1.8426531E+00   1.7899782E+00   1.8312000E+00   1.9397858E+00   2.1264933E+00   2.3708514E+00   2.6610835E+00
    2.9883658E+00   3.3486157E+00   3.7392290E+00   4.1584689E+00   4.6046830E+00   5.0776344E+00   5.5766570E+00   6.1012891E+00
    6.6511591E+00   7.2259443E+00   7.8253293E+00   8.4489853E+00   9.0965401E+00   9.7675575E+00   1.0461505E+01   1.1177724E+01
    1.2743651E+03   4.2381133E+00   3.1728706E+00   3.2996500E+00   3.1686077E+00   4.8387398E+00   4.1191237E+00   4.2298320E+00
    4.3246316E+00   4.6676775E+00   5.1279501E+00   5.7397960E+00   6.4787889E+00   7.3276049E+00   8.2700593E+00   9.2972028E+00
    1.0404168E+01   1.1587669E+01   1.2844404E+01   1.4173790E+01   1.5574405E+01   1.7045145E+01   1.8584997E+01   2.0192932E+01
    2.1867804E+01   2.3608264E+01   2.5412653E+01   2.7278889E+01   2.9204320E+01   3.1185541E+01   2.5648641E+03   1.3153147E+01
    7.2458442E+00   6.9116364E+00   7.4355503E+00   9.8874861E+00   9.2363706E+00   1.0065342E+01   1.0870970E+01   1.2170199E+01
    1.3763505E+01   1.5683637E+01   1.7891578E+01   2.0368010E+01   2.3083221E+01   2.6020524E+01   2.9170843E+01   3.2528237E+01
    3.6086474E+01   3.9843825E+01   4.3796955E+01   4.7942743E+01   5.2277808E+01   5.6798171E+01   6.1498887E+01   6.6373650E+01
    7.1414277E+01   7.6610075E+01   8.1946981E+01   8.7406453E+01   5.2460935E+03   2.9625113E+01   1.4147082E+01   1.3963919E+01
    1.8370685E+01   2.1595791E+01   2.1744443E+01   2.3773500E+01   2.6596591E+01   3.0423924E+01   3.4957104E+01   4.0248886E+01
    4.6219564E+01   5.2823918E+01   6.0013379E+01   6.7759436E+01   7.6044284E+01   8.4856489E+01   9.4183513E+01   1.0401996E+02
    1.1435644E+02   1.2518265E+02   1.3648598E+02   1.4825019E+02   1.6045397E+02   1.7306895E+02   1.8605717E+02   1.9936763E+02
    2.1293163E+02   2.2665654E+02   7.7122315E+03   4.3328121E+01   2.3343862E+01   2.4603543E+01   2.8621134E+01   3.5423339E+01
    3.7711817E+01   4.0780095E+01   4.6720460E+01   5.4008634E+01   6.2609303E+01   7.2430664E+01   8.3454914E+01   9.5560897E+01
    1.0869567E+02   1.2282131E+02   1.3790933E+02   1.5394181E+02   1.7089803E+02   1.8876594E+02   2.0752583E+02   2.2715400E+02
    2.4761993E+02   2.6888303E+02   2.9088858E+02   3.1356241E+02   3.3680353E+02   3.6047415E+02   3.8438608E+02   4.0828256E+02
    6.8876270E+03   4.1916897E+01   2.2157268E+01   2.3726859E+01   2.4072232E+01   3.2302821E+01   3.6049192E+01   3.9612232E+01
    4.5928560E+01   5.3414318E+01   6.2176359E+01   7.2087152E+01   8.3188404E+01   9.5333837E+01   1.0849154E+02   1.2263200E+02
    1.3772813E+02   1.5376397E+02   1.7072057E+02   1.8858596E+02   2.0734092E+02   2.2696188E+02   2.4741823E+02   2.6866914E+02
    2.9065937E+02   3.1331392E+02   3.3653056E+02   3.6016966E+02   3.8404042E+02   4.0788239E+02   5.6237798E+03   3.6297689E+01
    1.7186709E+01   1.7815694E+01   1.7523093E+01   2.4229506E+01   2.8257810E+01   3.2024186E+01   3.7614964E+01   4.4096465E+01
    5.1582033E+01   5.9975523E+01   6.9329806E+01   7.9528121E+01   9.0556568E+01   1.0239780E+02   1.1503194E+02   1.2844784E+02
    1.4263219E+02   1.5757592E+02   1.7326477E+02   1.8968097E+02   2.0680141E+02   2.2459523E+02   2.4302078E+02   2.6202163E+02
    2.8152105E+02   3.0141465E+02   3.2156019E+02   3.4176405E+02   5.5272019E+03   3.7349058E+01   1.6112280E+01   1.5938484E+01
    1.5999056E+01   2.1932804E+01   2.6400024E+01   3.1006099E+01   3.7001539E+01   4.3817878E+01   5.1580335E+01   6.0214617E+01
    6.9759809E+01   8.0128539E+01   9.1314860E+01   1.0330839E+02   1.1609387E+02   1.2966244E+02   1.4400324E+02   1.5910740E+02
    1.7496153E+02   1.9154821E+02   2.0884448E+02   2.2681936E+02   2.4543090E+02   2.6462203E+02   2.8431513E+02   3.0440440E+02
    3.2474570E+02   3.4514271E+02   6.2584492E+03   4.4058291E+01   1.8636149E+01   1.7715792E+01   1.8364496E+01   2.4693660E+01
    3.0298952E+01   3.6512615E+01   4.4104682E+01   5.2652668E+01   6.2292693E+01   7.2956311E+01   8.4668872E+01   9.7361092E+01
    1.1102948E+02   1.2566640E+02   1.4125828E+02   1.5779605E+02   1.7526824E+02   1.9366329E+02   2.1296437E+02   2.3314873E+02
    2.5418576E+02   2.7603373E+02   2.9863567E+02   3.2191363E+02   3.4576098E+02   3.7003176E+02   3.9452621E+02   4.1897141E+02
    7.8590253E+03   5.4393479E+01   2.3524734E+01   2.1704128E+01   2.3654352E+01   3.1219737E+01   3.9085497E+01   4.8166876E+01
    5.8819674E+01   7.0725285E+01   8.4037177E+01   9.8694020E+01   1.1470755E+02   1.3202753E+02   1.5065197E+02   1.7057500E+02
    1.9178371E+02   2.1426712E+02   2.3801061E+02   2.6299631E+02   2.8919872E+02   3.1658239E+02   3.4509871E+02   3.7468064E+02
    4.0523585E+02   4.3663707E+02   4.6870887E+02   5.0120949E+02   5.3380612E+02   5.6604223E+02   1.1525528E+04   7.3666862E+01
    3.1728097E+01   2.8859836E+01   3.3173387E+01   4.3429622E+01   5.5471636E+01   6.9543077E+01   8.5661115E+01   1.0354631E+02
    1.2340772E+02   1.4519502E+02   1.6891072E+02   1.9452563E+02   2.2203974E+02   2.5144838E+02   2.8273775E+02   3.1589196E+02
    3.5088878E+02   3.8769697E+02   4.2627247E+02   4.6655288E+02   5.0845136E+02   5.5184706E+02   5.9657197E+02   6.4239266E+02
    6.8898479E+02   7.3589812E+02   7.8250947E+02   8.2796158E+02   2.2100047E+04   1.3618379E+02   5.7586056E+01   5.2160731E+01
    6.1331135E+01   8.0232120E+01   1.0324473E+02   1.3012842E+02   1.6069358E+02   1.9456431E+02   2.3207923E+02   2.7317808E+02
    3.1785772E+02   3.6609431E+02   4.1788509E+02   4.7321843E+02   5.3206680E+02   5.9439201E+02   6.6013922E+02   7.2922821E+02
    8.0154518E+02   8.7692763E+02   9.5514644E+02   1.0358787E+03   1.1186699E+03   1.2028799E+03   1.2876088E+03   1.3715952E+03
    1.4530840E+03   1.5296660E+03   4.7328061E+04   2.8797365E+02   1.2183834E+02   1.1031151E+02   1.3134808E+02   1.7160235E+02
    2.2118293E+02   2.7892495E+02   3.4439791E+02   4.1707430E+02   4.9749191E+02   5.8556502E+02   6.8127841E+02   7.8460039E+02
    8.9550967E+02   1.0139627E+03   1.1398794E+03   1.2731413E+03   1.4135759E+03   1.5609290E+03   1.7148353E+03   1.8747682E+03
    2.0399737E+03   2.2093724E+03   2.3814193E+03   2.5539069E+03   2.7236955E+03   2.8863637E+03   3.0357959E+03   3.1637795E+03
    1.0232587E+05   6.3294192E+02   2.7429460E+02   2.4791863E+02   2.9725438E+02   3.8625987E+02   4.9655085E+02   6.2495499E+02
    7.7063566E+02   9.3283499E+02   1.1122972E+03   1.3088706E+03   1.5224941E+03   1.7530890E+03   2.0005580E+03   2.2647388E+03
    2.5453668E+03   2.8420452E+03   3.1541876E+03   3.4809265E+03   3.8209954E+03   4.1725434E+03   4.5328725E+03   4.8980510E+03
    5.2623624E+03   5.6175504E+03   5.9518505E+03   6.2489029E+03   6.4868454E+03   6.6382425E+03   2.1955122E+05   1.4287565E+03
    6.5526925E+02   5.8902994E+02   7.0396737E+02   9.0493619E+02   1.1561761E+03   1.4501955E+03   1.7849071E+03   2.1589132E+03
    2.5729397E+03   3.0266062E+03   3.5196748E+03   4.0518633E+03   4.6227831E+03   5.2318319E+03   5.8780722E+03   6.5600876E+03
    7.2757578E+03   8.0219129E+03   8.7938377E+03   9.5845145E+03   1.0383514E+04   1.1175389E+04   1.1937469E+04   1.2637096E+04
    1.3228769E+04   1.3652449E+04   1.3835587E+04   1.3702448E+04   4.8698409E+05   3.3327364E+03   1.6710273E+03   1.4987781E+03
    1.7785994E+03   2.2604170E+03   2.8701728E+03   3.5886900E+03   4.4095591E+03   5.3294477E+03   6.3483044E+03   7.4649961E+03
    8.6786362E+03   9.9881370E+03   1.1391943E+04   1.2887673E+04   1.4471652E+04   1.6138254E+04   1.7878904E+04   1.9680551E+04
    2.1523337E+04   2.3377087E+04   2.5196192E+04   2.6912623E+04   2.8427578E+04   2.9604094E+04   3.0266540E+04   3.0217195E+04
    2.9280881E+04   2.7376924E+04   1.0468953E+06   7.3618813E+03   4.0838756E+03   3.7349704E+03   4.4240696E+03   5.5877006E+03
    7.0683041E+03   8.8196222E+03   1.0824428E+04   1.3074695E+04   1.5567596E+04   1.8299855E+04   2.1268438E+04   2.4469344E+04
    2.7896632E+04   3.1541089E+04   3.5388320E+04   3.9415890E+04   4.3588853E+04   4.7852799E+04   5.2123132E+04   5.6269281E+04
    6.0093348E+04   6.3305936E+04   6.5509868E+04   6.6215979E+04   6.4927191E+04   6.1313300E+04   5.5429395E+04   4.7832966E+04
    2.2366439E+06   1.6264219E+04   9.7340653E+03   9.2487338E+03   1.1045530E+04   1.3958722E+04   1.7649513E+04   2.2012370E+04
    2.7006501E+04   3.2613504E+04   3.8823532E+04   4.5627162E+04   5.3013966E+04   6.0968937E+04   6.9468769E+04   7.8476408E+04
    8.7932707E+04   9.7743203E+04   1.0775699E+05   1.1773360E+05   1.2729353E+05   1.3585228E+05   1.4255189E+05   1.4623715E+05
    1.4557306E+05   1.3941764E+05   1.2743562E+05   1.1062077E+05   9.1200708E+04   7.1804929E+04   3.9810414E+06   3.0782421E+04
    1.9054131E+04   1.8748841E+04   2.2698362E+04   2.8794173E+04   3.6452659E+04   4.5485248E+04   5.5816552E+04   6.7411392E+04
    8.0247465E+04   9.4302130E+04   1.0954679E+05   1.2593768E+05   1.4340453E+05   1.6183307E+05   1.8103691E+05   2.0071178E+05
    2.2036179E+05   2.3918670E+05   2.5592779E+05   2.6870698E+05   2.7498211E+05   2.7187223E+05   2.5713035E+05   2.3062571E+05
    1.9532809E+05   1.5655713E+05   1.1972301E+05   8.8355999E+04   6.2644431E+06   5.2558050E+04   3.2965774E+04   3.3453014E+04
    4.1014080E+04   5.2246839E+04   6.6250274E+04   8.2728145E+04   1.0155862E+05   1.2268149E+05   1.4605344E+05   1.7162598E+05
    1.9933164E+05   2.2906274E+05   2.6064198E+05   2.9377518E+05   3.2797303E+05   3.6242194E+05   3.9577891E+05   4.2587669E+05
    4.4938777E+05   4.6166817E+05   4.5729062E+05   4.3189294E+05   3.8515491E+05   3.2280735E+05   2.5501515E+05   1.9174083E+05
    1.3901195E+05   9.8430179E+04   9.2747670E+06   8.5677828E+04   5.4190252E+04   5.6488041E+04   7.0008927E+04   8.9536518E+04
    1.1372560E+05   1.4213053E+05   1.7456345E+05   2.1092487E+05   2.5113402E+05   2.9509103E+05   3.4264629E+05   3.9355314E+05
    4.4739656E+05   5.0347461E+05   5.6059818E+05   6.1676098E+05   6.6863607E+05   7.1093774E+05   7.3596273E+05   7.3418109E+05
    6.9718086E+05   6.2311251E+05   5.2105662E+05   4.0874738E+05   3.0400182E+05   2.1749500E+05   1.5181639E+05   1.0457648E+05
    1.3191188E+07   1.3568783E+05   8.6556210E+04   9.2383696E+04   1.1557983E+05   1.4836068E+05   1.8875613E+05   2.3610838E+05
    2.9013280E+05   3.5066609E+05   4.1755880E+05   4.9060872E+05   5.6949511E+05   6.5367476E+05   7.4221516E+05   8.3350930E+05
    9.2478965E+05   1.0113436E+06   1.0854106E+06   1.1351149E+06   1.1447088E+06   1.0985444E+06   9.9015369E+05   8.3149884E+05
    6.5149231E+05   4.8145755E+05   3.4095964E+05   2.3506529E+05   1.5977936E+05   1.0804274E+05   1.8190453E+07   2.1003686E+05
    1.3543929E+05   1.4769617E+05   1.8634738E+05   2.4002242E+05   3.0588049E+05   3.8296283E+05   4.7084111E+05   5.6924607E+05
    6.7790063E+05   7.9639951E+05   9.2407047E+05   1.0597479E+06   1.2013913E+06   1.3454210E+06   1.4855893E+06   1.6112467E+06
    1.7052643E+06   1.7431995E+06   1.6975849E+06   1.5514551E+06   1.3163680E+06   1.0359702E+06   7.6403191E+05   5.3711570E+05
    3.6632574E+05   2.4588819E+05   1.6408579E+05   1.0957231E+05   2.4428174E+07   3.1816951E+05   2.0822751E+05   2.3167776E+05
    2.9459467E+05   3.8070433E+05   4.8596935E+05   6.0900802E+05   7.4917791E+05   9.0603167E+05   1.0790541E+06   1.2674407E+06
    1.4698082E+06   1.6837054E+06   1.9047591E+06   2.1251698E+06   2.3312176E+06   2.4997690E+06   2.5953491E+06   2.5730834E+06
    2.3960578E+06   2.0665318E+06   1.6434910E+06   1.2155584E+06   8.5105831E+05   5.7524710E+05   3.8159101E+05   2.5133419E+05
    1.6559988E+05   1.0964032E+05   3.2008854E+07   4.7146698E+05   3.1478671E+05   3.5702362E+05   4.5735547E+05   5.9296682E+05
    7.5820647E+05   9.5110640E+05   1.1707050E+06   1.4162533E+06   1.6867936E+06   1.9807465E+06   2.2953136E+06   2.6254324E+06
    2.9619035E+06   3.2880995E+06   3.5747754E+06   3.7739940E+06   3.8181240E+06   3.6377489E+06   3.2083329E+06   2.5958302E+06
    1.9368067E+06   1.3560869E+06   9.1054008E+05   5.9754477E+05   3.8855021E+05   2.5254687E+05   1.6493918E+05   1.0855871E+05
    4.0920649E+07   6.8266334E+05   4.6768084E+05   5.4041695E+05   6.9729241E+05   9.0701139E+05   1.1617987E+06   1.4588880E+06
    1.7968414E+06   2.1743978E+06   2.5897847E+06   3.0399436E+06   3.5193116E+06   4.0176214E+06   4.5158961E+06   4.9795472E+06
    5.3484605E+06   5.5291786E+06   5.4069568E+06   4.9036296E+06   4.0658846E+06   3.0823404E+06   2.1700152E+06   1.4521922E+06
    9.4430828E+05   6.0649716E+05   3.8882792E+05   2.5039245E+05   1.6252995E+05   1.0653116E+05   5.0956099E+07   9.6472894E+05
    6.8209532E+05   8.0277381E+05   1.0432283E+06   1.3615294E+06   1.7471873E+06   2.1963684E+06   2.7069241E+06   3.2767252E+06
    3.9025216E+06   4.5784874E+06   5.2937712E+06   6.0279556E+06   6.7427548E+06   7.3683209E+06   7.7866648E+06   7.8299024E+06
    7.3353396E+06   6.2794104E+06   4.8780543E+06   3.4779827E+06   2.3307114E+06   1.5054736E+06   9.5596763E+05   6.0456318E+05
    3.8372961E+05   2.4550103E+05   1.5866581E+05   1.0369351E+05   6.1645122E+07   1.3294467E+06   9.7542597E+05   1.1690872E+06
    1.5301863E+06   2.0039466E+06   2.5765158E+06   3.2426592E+06   3.9991658E+06   4.8424460E+06   5.7666198E+06   6.7607979E+06
    7.8042427E+06   8.8572226E+06   9.8444670E+06   1.0629953E+07   1.0995393E+07   1.0671438E+07   9.4943369E+06   7.6290092E+06
    5.5593752E+06   3.7556183E+06   2.4189113E+06   1.5212050E+06   9.4939784E+05   5.9381468E+05   3.7424170E+05   2.3832310E+05
    1.5355077E+05   1.0013884E+05   7.2174047E+07   1.7844178E+06   1.3651970E+06   1.6661980E+06   2.1967032E+06   2.8870962E+06
    3.7195109E+06   4.6869046E+06   5.7844850E+06   7.0062427E+06   8.3417317E+06   9.7710455E+06   1.1255474E+07   1.2719644E+07
    1.4020165E+07   1.4903969E+07   1.4997203E+07   1.3934472E+07   1.1690782E+07   8.8047436E+06   6.0517956E+06   3.9094819E+06
    2.4421001E+06   1.5057573E+06   9.2811215E+05   5.7593928E+05   3.6114069E+05   2.2921605E+05   1.4735307E+05   9.5949103E+04
    8.1556220E+07   2.3327045E+06   1.8681692E+06   2.3216651E+06   3.0834503E+06   4.0675361E+06   5.2514266E+06   6.6257769E+06
    8.1834540E+06   9.9145142E+06   1.1800794E+07   1.3806777E+07   1.5862033E+07   1.7827620E+07   1.9440269E+07   2.0254608E+07
    1.9691512E+07   1.7382664E+07   1.3696118E+07   9.6947397E+06   6.3361029E+06   3.9503450E+06   2.4114170E+06   1.4655381E+06
    8.9523453E+05   5.5239240E+05   3.4511008E+05   2.1851210E+05   1.4024186E+05   9.1214827E+04   8.8618430E+07   2.9640289E+06
    2.4914722E+06   3.1522660E+06   4.2178335E+06   5.5851928E+06   7.2267437E+06   9.1302767E+06   1.1285259E+07   1.3675563E+07
    1.6270476E+07   1.9008538E+07   2.1765646E+07   2.4294838E+07   2.6134943E+07   2.6555740E+07   2.4775826E+07   2.0663941E+07
    1.5290940E+07   1.0238404E+07   6.4214607E+06   3.8960621E+06   2.3381738E+06   1.4062379E+06   8.5345871E+05   5.2446001E+05
    3.2678879E+05   2.0654553E+05   1.3240145E+05   8.6042620E+04   9.2440552E+07   3.6553429E+06   3.2292834E+06   4.1584103E+06
    5.6058121E+06   7.4520508E+06   9.6641798E+06   1.2226514E+07   1.5123725E+07   1.8330363E+07   2.1796249E+07   2.5418809E+07
    2.8987638E+07   3.2082710E+07   3.3940828E+07   3.3464178E+07   2.9792477E+07   2.3421248E+07   1.6341553E+07   1.0438316E+07
    6.3384154E+06   3.7680549E+06   2.2334186E+06   1.3331028E+06   8.0528495E+05   4.9338366E+05   3.0682737E+05   1.9367596E+05
    1.2404032E+05   8.0558222E+04   9.2427448E+07   4.3617886E+06   4.0502157E+06   5.3059553E+06   7.2062169E+06   9.6171762E+06
    1.2500694E+07   1.5837040E+07   1.9604435E+07   2.3764189E+07   2.8237747E+07   3.2861419E+07   3.7295103E+07   4.0862146E+07
    4.2383110E+07   4.0372301E+07   3.4183359E+07   2.5367378E+07   1.6806252E+07   1.0334279E+07   6.1225246E+06   3.5854620E+06
    2.1061129E+06   1.2502529E+06   7.5267366E+05   4.6014853E+05   2.8575044E+05   1.8019789E+05   1.1533134E+05   7.4866949E+04
    8.8422235E+07   5.0158465E+06   4.8907043E+06   6.5144092E+06   8.9125857E+06   1.1940888E+07   1.5556688E+07   1.9735830E+07
    2.4448441E+07   2.9638429E+07   3.5189046E+07   4.0852873E+07   4.6110955E+07   4.9941319E+07   5.0659673E+07   4.6490575E+07
    3.7426801E+07   2.6346610E+07   1.6716496E+07   9.9791300E+06   5.8046001E+06   3.3622879E+06   1.9621887E+06   1.1602152E+06
    6.9674713E+05   4.2528235E+05   2.6382170E+05   1.6625094E+05   1.0635239E+05   6.9014178E+04   8.0669348E+07   5.5339324E+06
    5.6568805E+06   7.6559749E+06   1.0549295E+07   1.4187632E+07   1.8525191E+07   2.3533395E+07   2.9173081E+07   3.5367352E+07
    4.1952772E+07   4.8577864E+07   5.4501038E+07   5.8286034E+07   5.7725234E+07   5.0986698E+07   3.9122178E+07   2.6302672E+07
    1.6117522E+07   9.4067200E+06   5.3979139E+06   3.1018765E+06   1.8016650E+06   1.0622355E+06   6.3675627E+05   3.8821179E+05
    2.4063856E+05   1.5156173E+05   9.6919974E+04   6.2876964E+04   7.0110603E+07   5.8364263E+06   6.2433243E+06   8.5797575E+06
    1.1904024E+07   1.6068919E+07   2.1027335E+07   2.6746723E+07   3.3178210E+07   4.0222212E+07   4.7663195E+07   5.5031681E+07
    6.1334470E+07   6.4691911E+07   6.2450836E+07   5.3060457E+07   3.8913884E+07   2.5138157E+07   1.4973469E+07   8.5863220E+06
    4.8763525E+06   2.7852872E+06   1.6119927E+06   9.4833093E+05   5.6769371E+05   3.4579702E+05   2.1421938E+05   1.3486718E+05
    8.6219781E+04   5.5923987E+04   5.8391211E+07   5.9112764E+06   6.6069220E+06   9.2145678E+06   1.2870907E+07   1.7436834E+07
    2.2865643E+07   2.9121278E+07   3.6144804E+07   4.3812152E+07   5.1850092E+07   5.9656335E+07   6.5957805E+07   6.8423152E+07
    6.4117403E+07   5.2205574E+07   3.6568880E+07   2.2751180E+07   1.3214135E+07   7.4633933E+06   4.2015837E+06   2.3876803E+06
    1.3777022E+06   8.0899700E+05   4.8371694E+05   2.9441905E+05   1.8229749E+05   1.1472965E+05   7.3328007E+04   4.7553859E+04
    4.7570594E+07   5.8749644E+06   6.8532977E+06   9.6968413E+06   1.3633752E+07   1.8535501E+07   2.4356333E+07   3.1056259E+07
    3.8564435E+07   4.6727103E+07   5.5199561E+07   6.3213309E+07   6.9153933E+07   7.0208474E+07   6.3394967E+07   4.9121793E+07
    3.2759561E+07   1.9634940E+07   1.1136680E+07   6.2034042E+06   3.4646825E+06   1.9598941E+06   1.1277779E+06   6.6112407E+05
    3.9487631E+05   2.4017610E+05   1.4864101E+05   9.3517317E+04   5.9756778E+04   3.8746525E+04   4.0309064E+07   6.0831493E+06
    7.3982283E+06   1.0615700E+07   1.5021554E+07   2.0492483E+07   2.6981258E+07   3.4440543E+07   4.2779905E+07   5.1797308E+07
    6.1031348E+07   6.9443175E+07   7.4882868E+07   7.3880962E+07   6.3673976E+07   4.6594067E+07   2.9509866E+07   1.7056489E+07
    9.4637153E+06   5.2058216E+06   2.8869276E+06   1.6263617E+06   9.3355055E+05   5.4642875E+05   3.2605153E+05   1.9818655E+05
    1.2260075E+05   7.7110826E+04   4.9262726E+04   3.1937328E+04   3.7624950E+07   6.9120506E+06   8.7488460E+06   1.2724244E+07
    1.8116737E+07   2.4796635E+07   3.2709369E+07   4.1791375E+07   5.1912331E+07   6.2772535E+07   7.3673840E+07   8.3034044E+07
    8.7679349E+07   8.3102111E+07   6.7402753E+07   4.6117388E+07   2.7654584E+07   1.5425693E+07   8.3843271E+06   4.5592650E+06
    2.5120084E+06   1.4098203E+06   8.0741532E+05   4.7192779E+05   2.8133880E+05   1.7090418E+05   1.0567965E+05   6.6449011E+04
    4.2442745E+04   2.7511909E+04   3.9073364E+07   8.7034030E+06   1.1443075E+07   1.6860537E+07   2.4149608E+07   3.3158811E+07
    4.3815907E+07   5.6021767E+07   6.9559090E+07   8.3912455E+07   9.7855330E+07   1.0861235E+08   1.1096407E+08   9.9087579E+07
    7.4105344E+07   4.6857567E+07   2.6536738E+07   1.4300500E+07   7.6248556E+06   4.1026173E+06   2.2469583E+06   1.2566708E+06
    7.1817857E+05   4.1920740E+05   2.4969142E+05   1.5159069E+05   9.3699464E+04   5.8899662E+04   3.7613328E+04   2.4377964E+04
    4.4514840E+07   1.1959351E+07   1.6301266E+07   2.4319723E+07   3.5033195E+07   4.8247306E+07   6.3852704E+07   8.1671891E+07
    1.0129089E+08   1.2169465E+08   1.4041915E+08   1.5200343E+08   1.4742904E+08   1.2086144E+08   8.1727057E+07   4.7518708E+07
    2.5497289E+07   1.3329386E+07   6.9913265E+06   3.7280791E+06   2.0314481E+06   1.1327234E+06   6.4614411E+05   3.7671406E+05
    2.2420648E+05   1.3604690E+05   8.4061231E+04   5.2827621E+04   3.3729630E+04   2.1858027E+04   5.5087122E+07   1.7730875E+07
    2.5007249E+07   3.7753078E+07   5.4680555E+07   7.5516747E+07   1.0007220E+08   1.2798596E+08   1.5836662E+08   1.8895083E+08
    2.1418140E+08   2.2247752E+08   1.9919274E+08   1.4566050E+08   8.8062914E+07   4.7318052E+07   2.4260206E+07   1.2378554E+07
    6.4093672E+06   3.3936330E+06   1.8417124E+06   1.0244310E+06   5.8348337E+05   3.3984809E+05   2.0213338E+05   1.2259873E+05
    7.5728553E+04   4.7580732E+04   3.0374900E+04   1.9681866E+04   7.2514803E+07   2.7722624E+07   4.0376469E+07   6.1642148E+07
    8.9738281E+07   1.2425087E+08   1.6481173E+08   2.1061383E+08   2.5955574E+08   3.0612295E+08   3.3692271E+08   3.2769879E+08
    2.6197200E+08   1.6765090E+08   9.1158621E+07   4.5947269E+07   2.2772412E+07   1.1417760E+07   5.8572552E+06   3.0853643E+06
    1.6693990E+06   9.2688822E+05   5.2731605E+05   3.0690184E+05   1.8244548E+05   1.1061930E+05   6.8312507E+04   4.2913924E+04
    2.7392378E+04   1.7747769E+04   9.8000241E+07   4.4070936E+07   6.6152398E+07   1.0206185E+08   1.4929167E+08   2.0718146E+08
    2.7496728E+08   3.5077349E+08   4.2947322E+08   4.9729431E+08   5.2253567E+08   4.6189387E+08   3.2154230E+08   1.8079269E+08
    9.0359360E+07   4.3540055E+07   2.1096153E+07   1.0455567E+07   5.3305268E+06   2.7981081E+06   1.5108404E+06   8.3777930E+05
    4.7623052E+05   2.7702014E+05   1.6462173E+05   9.9787663E+04   6.1612820E+04   3.8700485E+04   2.4700782E+04   1.6002887E+04
    1.3317416E+08   6.9756212E+07   1.0770931E+08   1.6782316E+08   2.4657479E+08   3.4287028E+08   4.5507856E+08   5.7881916E+08
    7.0158911E+08   7.8968521E+08   7.7453937E+08   6.0437160E+08   3.6404710E+08   1.8385740E+08   8.6585520E+07   4.0513287E+07
    1.9347737E+07   9.5180062E+06   4.8329524E+06   2.5310351E+06   1.3647240E+06   7.5609374E+05   4.2955402E+05   2.4977533E+05
    1.4839386E+05   8.9935417E+04   5.5523043E+04   3.4872459E+04   2.2256237E+04   1.4418558E+04   1.8102210E+08   1.0938354E+08
    1.7342637E+08   2.7272001E+08   4.0233802E+08   5.6039674E+08   7.4336973E+08   9.4107398E+08   1.1233952E+09   1.2115638E+09
    1.0791384E+09   7.2814460E+08   3.8431776E+08   1.7917524E+08   8.1103314E+07   3.7240929E+07   1.7621275E+07   8.6269822E+06
    4.3688302E+06   2.2844043E+06   1.2305692E+06   6.8135856E+05   3.8694429E+05   2.2494068E+05   1.3361615E+05   8.0969689E+04
    4.9983868E+04   3.1391718E+04   2.0034004E+04   1.2978565E+04   2.4816763E+08   1.7156501E+08   2.7887828E+08   4.4236368E+08
    6.5507743E+08   9.1359812E+08   1.2101403E+09   1.5207922E+09   1.7732257E+09   1.7936855E+09   1.4062589E+09   8.1419911E+08
    3.8520201E+08   1.6971693E+08   7.4837305E+07   3.3944513E+07   1.5963815E+07   7.7902345E+06   3.9378820E+06   2.0568371E+06
    1.1072432E+06   6.1281378E+05   3.4792178E+05   2.0221909E+05   1.2010476E+05   7.2776001E+04   4.4923294E+04   2.8212443E+04
    1.8004566E+04   1.1663654E+04   2.9258227E+08   2.1587687E+08   3.5516121E+08   5.6572597E+08   8.3925539E+08   1.1710157E+09
    1.5492726E+09   1.9369569E+09   2.2215589E+09   2.1522367E+09   1.5642924E+09   8.4025926E+08   3.7992544E+08   1.6385196E+08
    7.1559493E+07   3.2311360E+07   1.5161180E+07   7.3894685E+06   3.7326775E+06   1.9488361E+06   1.0488308E+06   5.8038887E+05
    3.2947731E+05   1.9148525E+05   1.1372424E+05   6.8907649E+04   4.2534549E+04   2.6711915E+04   1.7046813E+04   1.1043147E+04
    3.1786619E+08   2.4208724E+08   4.0062673E+08   6.3944573E+08   9.4943173E+08   1.3249921E+09   1.7517072E+09   2.1834172E+09
    2.4801727E+09   2.3444733E+09   1.6373984E+09   8.4869193E+08   3.7614599E+08   1.6075044E+08   6.9919790E+07   3.1510388E+07
    1.4770931E+07   7.1954487E+06   3.6335646E+06   1.8967423E+06   1.0206790E+06   5.6476976E+05   3.2059559E+05   1.8631766E+05
    1.1065293E+05   6.7045788E+04   4.1384916E+04   2.5989793E+04   1.6585916E+04   1.0744549E+04   3.2689224E+08   2.5154847E+08
    4.1708554E+08   6.6616490E+08   9.8938365E+08   1.3808238E+09   1.8250330E+09   2.2723322E+09   2.5722277E+09   2.4104307E+09
    1.6607125E+09   8.5081395E+08   3.7471177E+08   1.5968276E+08   6.9367407E+07   3.1242706E+07   1.4640977E+07   7.1309559E+06
    3.6006516E+06   1.8794531E+06   1.0113391E+06   5.5958899E+05   3.1765001E+05   1.8460402E+05   1.0963452E+05   6.6428440E+04
    4.1003738E+04   2.5750367E+04   1.6433104E+04   1.0645549E+04
    4.4097629E+05   4.7000592E+05   5.3388902E+05   7.8195354E+05   1.3861750E+06   2.4622087E+06   4.3644860E+06   7.7137121E+06
    1.3570443E+07   2.3867488E+07   4.1995443E+07   7.3855455E+07   1.2935173E+08   2.2595073E+08   3.9865599E+08   7.0257644E+08
    1.2260028E+09   2.1570109E+09   3.7884929E+09   6.6438458E+09   1.1639346E+10   2.0322010E+10   3.3994959E+10   4.6935137E+10
    4.7452947E+10   4.3416112E+10   4.3521685E+10   4.8096340E+10   5.6224248E+10   6.7408295E+10   9.1303541E+10   1.3232330E+11
    1.9574193E+11   2.9495657E+11   4.5864150E+11   7.1012649E+11   1.1151977E+12   1.6079887E+12   2.1847900E+12   2.8923918E+12
    3.7728514E+12   4.8721850E+12   6.2422127E+12   7.9418605E+12   1.0036254E+13   1.2595927E+13   1.5697171E+13   1.9412326E+13
    2.3814953E+13   2.8932843E+13   3.4748525E+13   4.1141713E+13   4.7848068E+13   5.4407375E+13   6.0163436E+13   6.4539004E+13
    6.7971107E+13   7.3393497E+13   8.3961120E+13   1.0188622E+14   1.2955954E+14   1.7126755E+14   2.3239366E+14   3.1764774E+14
    4.3274052E+14   5.8608919E+14   7.9338436E+14   9.2550856E+14   9.9935486E+14   1.0253682E+15
