
 24-FEB-2004                           !Format date

 2.1398586936E+02     1.5683E+05       64       70

 3.2988473134E+04   1.0707386E-02   6.0092814E+06   9.4722980E-01   3.3129955E+00   9.7688215E+02   2.0000000E-02     1 
    5.9350587E-20   7.7843549E-23   8.7355210E-23   6.7290381E-16   1.0697595E-14
    1.0828026E-14   8.1662257E-15   8.0890178E-15   1.0599233E-09   3.8477155E-09
    3.8489040E-09   3.2107252E-09   3.2147429E-09   5.2544251E-09   6.4163399E-07
    1.4832073E-06   1.0151616E-06   2.2491930E-06   1.9620584E-05   3.8090387E-05
    2.4435585E-05   6.1781348E-05   1.5459313E-04   2.7243900E-04   1.6630651E-04
    4.2492879E-04   7.7304517E-04   9.8727118E-04   5.7839832E-04   1.8781411E-03
    1.9359926E-03   2.3841539E-03   1.3441702E-03   4.7382731E-03   3.7460354E-03
    4.5182913E-03   2.4686779E-03   9.2171575E-03   6.1310984E-03   7.3042707E-03
    3.8724371E-03   1.5266412E-02   8.8397073E-03   1.0698117E-02   5.5034138E-03
    2.1908656E-02   2.3832040E-02   3.1153429E-02   3.8827078E-02   4.6706273E-02
    5.4537146E-02   6.2244190E-02   6.9725053E-02   7.6786627E-02   8.3622561E-02
    8.9817592E-02   9.5597901E-02   1.0089711E-01   1.0522138E-01   1.0885668E-01
    1.1105445E-01   9.8940357E-02   1.1486849E-01   1.2771109E-01

 3.2681673305E+04   1.0993835E-02   6.1254477E+06   9.4752231E-01   3.3009060E+00   9.7678319E+02   2.0000000E-02     2 
    5.9472537E-20   7.9227192E-23   8.8917233E-23   6.7999549E-16   1.0801479E-14
    1.0933124E-14   8.2436037E-15   8.1655824E-15   1.0661597E-09   3.8691223E-09
    3.8702100E-09   3.2281744E-09   3.2322309E-09   5.2829167E-09   6.4407920E-07
    1.4886131E-06   1.0187928E-06   2.2571906E-06   1.9673760E-05   3.8189633E-05
    2.4498346E-05   6.1938552E-05   1.5491040E-04   2.7298099E-04   1.6663328E-04
    4.2575229E-04   7.7431543E-04   9.8882542E-04   5.7930668E-04   1.8810347E-03
    1.9386199E-03   2.3873205E-03   1.3459139E-03   4.7442693E-03   3.7503296E-03
    4.5233681E-03   2.4714177E-03   9.2269687E-03   6.1371989E-03   7.3113557E-03
    3.8761878E-03   1.5280432E-02   8.8475394E-03   1.0706870E-02   5.5081422E-03
    2.1926379E-02   2.3849425E-02   3.1173862E-02   3.8850201E-02   4.6731909E-02
    5.4564856E-02   6.2273720E-02   6.9756098E-02   7.6818780E-02   8.3655798E-02
    8.9851562E-02   9.5632325E-02   1.0093200E-01   1.0525667E-01   1.0889134E-01
    1.1108458E-01   9.8976040E-02   1.1490215E-01   1.2774766E-01

 3.2076395605E+04   1.1616121E-02   6.3666015E+06   9.4807530E-01   3.2705660E+00   9.7658240E+02   2.0000000E-02     3 
    5.9419085E-20   8.1687294E-23   9.1697844E-23   6.9359477E-16   1.1000480E-14
    1.1134445E-14   8.3917893E-15   8.3122019E-15   1.0780381E-09   3.9098938E-09
    3.9107778E-09   3.2614013E-09   3.2655346E-09   5.3371686E-09   6.4872318E-07
    1.4988629E-06   1.0256899E-06   2.2723790E-06   1.9774599E-05   3.8377714E-05
    2.4617397E-05   6.2236710E-05   1.5551157E-04   2.7400738E-04   1.6725273E-04
    4.2731341E-04   7.7672276E-04   9.9175518E-04   5.8102768E-04   1.8865175E-03
    1.9435956E-03   2.3933184E-03   1.3492163E-03   4.7556269E-03   3.7584584E-03
    4.5329782E-03   2.4766082E-03   9.2455496E-03   6.1487470E-03   7.3247571E-03
    3.8832916E-03   1.5306990E-02   8.8623761E-03   1.0723142E-02   5.5171007E-03
    2.1959952E-02   2.3882374E-02   3.1212596E-02   3.8893985E-02   4.6780459E-02
    5.4617391E-02   6.2329757E-02   6.9814996E-02   7.6879754E-02   8.3718877E-02
    8.9916062E-02   9.5697718E-02   1.0099828E-01   1.0532382E-01   1.0895721E-01
    1.1114118E-01   9.9044960E-02   1.1496632E-01   1.2781739E-01

 3.0900603361E+04   1.3050299E-02   6.8816930E+06   9.4911523E-01   3.1941662E+00   9.7616993E+02   2.0000000E-02     4 
    5.8634357E-20   8.5898221E-23   9.6467514E-23   7.1986486E-16   1.1384113E-14
    1.1522540E-14   8.6772646E-15   8.5946480E-15   1.1006933E-09   3.9876586E-09
    3.9881343E-09   3.3247295E-09   3.3290162E-09   5.4405593E-09   6.5753192E-07
    1.5182665E-06   1.0387721E-06   2.3011802E-06   1.9965316E-05   3.8733103E-05
    2.4842625E-05   6.2800655E-05   1.5664685E-04   2.7594407E-04   1.6842318E-04
    4.3026296E-04   7.8126904E-04   9.9724584E-04   5.8427555E-04   1.8968656E-03
    1.9529765E-03   2.4046297E-03   1.3554449E-03   4.7770451E-03   3.7737762E-03
    4.5510829E-03   2.4864007E-03   9.2805832E-03   6.1705080E-03   7.3499800E-03
    3.8966837E-03   1.5357079E-02   8.8903633E-03   1.0753047E-02   5.5340000E-03
    2.2023249E-02   2.3944528E-02   3.1285710E-02   3.8976451E-02   4.6871936E-02
    5.4716541E-02   6.2435659E-02   6.9926230E-02   7.6994834E-02   8.3838086E-02
    9.0038029E-02   9.5821491E-02   1.0112368E-01   1.0545107E-01   1.0908174E-01
    1.1124632E-01   9.9178454E-02   1.1508820E-01   1.2795001E-01

 2.8677236165E+04   1.6667357E-02   8.0472236E+06   9.5109772E-01   3.0211496E+00   9.7529693E+02   2.0000000E-02     5 
    5.6073976E-20   9.3373715E-23   1.0496295E-22   7.7256507E-16   1.2150854E-14
    1.2298128E-14   9.2468588E-15   9.1582079E-15   1.1450651E-09   4.1398070E-09
    4.1394798E-09   3.4485467E-09   3.4531480E-09   5.6426629E-09   6.7460465E-07
    1.5558041E-06   1.0641154E-06   2.3569472E-06   2.0332929E-05   3.9417441E-05
    2.5276792E-05   6.3887222E-05   1.5882882E-04   2.7966369E-04   1.7067334E-04
    4.3593277E-04   7.9000254E-04   1.0077169E-03   5.9050415E-04   1.9167095E-03
    1.9709313E-03   2.4262957E-03   1.3673799E-03   4.8180467E-03   3.8030822E-03
    4.5856906E-03   2.5051644E-03   9.3476434E-03   6.2121412E-03   7.3981720E-03
    3.9222984E-03   1.5452989E-02   8.9439691E-03   1.0809158E-02   5.5663619E-03
    2.2144294E-02   2.4063428E-02   3.1425791E-02   3.9133908E-02   4.7046771E-02
    5.4906490E-02   6.2638778E-02   7.0139218E-02   7.7215171E-02   8.4066787E-02
    9.0272211E-02   9.6059527E-02   1.0136427E-01   1.0569544E-01   1.0931989E-01
    1.1144199E-01   9.9443284E-02   1.1532315E-01   1.2820590E-01

 2.4699868131E+04   2.7509855E-02   1.1005691E+07   9.5490465E-01   2.6904802E+00   9.7333843E+02   2.0000000E-02     6 
    5.0268928E-20   1.0830429E-22   1.2202254E-22   8.8412626E-16   1.3762357E-14
    1.3927841E-14   1.0439933E-14   1.0338796E-14   1.2348044E-09   4.4464878E-09
    4.4447038E-09   3.6980545E-09   3.7032993E-09   6.0497187E-09   7.0845042E-07
    1.6300440E-06   1.1142919E-06   2.4672488E-06   2.1054164E-05   4.0758561E-05
    2.6128302E-05   6.6016015E-05   1.6308670E-04   2.8692029E-04   1.7506201E-04
    4.4699062E-04   8.0701913E-04   1.0280327E-03   6.0259360E-04   1.9552132E-03
    2.0056535E-03   2.4682312E-03   1.3905249E-03   4.8973607E-03   3.8597646E-03
    4.6524792E-03   2.5415087E-03   9.4774068E-03   6.2926747E-03   7.4911838E-03
    3.9717460E-03   1.5638653E-02   9.0477042E-03   1.0917413E-02   5.6289617E-03
    2.2377924E-02   2.4292692E-02   3.1696792E-02   3.9437109E-02   4.7384088E-02
    5.5274377E-02   6.3032252E-02   7.0550942E-02   7.7641707E-02   8.4510559E-02
    9.0727359E-02   9.6523733E-02   1.0183130E-01   1.0616811E-01   1.0977695E-01
    1.1179783E-01   9.9988343E-02   1.1578119E-01   1.2870503E-01

 1.8513660113E+04   7.0349573E-02   2.0071594E+07   9.6144558E-01   2.2175363E+00   9.6871202E+02   2.0000000E-02     7 
    3.9120323E-20   1.3950758E-22   1.5815879E-22   1.1121135E-15   1.7015795E-14
    1.7215154E-14   1.2832388E-14   1.2706755E-14   1.4039047E-09   5.0205319E-09
    5.0167360E-09   4.1654243E-09   4.1716305E-09   6.8111413E-09   7.7002977E-07
    1.7645860E-06   1.2054033E-06   2.6670970E-06   2.2343118E-05   4.3150664E-05
    2.7649102E-05   6.9810036E-05   1.7063466E-04   2.9979048E-04   1.8281738E-04
    4.6654970E-04   8.3705493E-04   1.0638746E-03   6.2379257E-04   2.0226764E-03
    2.0661944E-03   2.5412115E-03   1.4311241E-03   5.0358295E-03   3.9588111E-03
    4.7685929E-03   2.6049124E-03   9.7043868E-03   6.4334872E-03   7.6531011E-03
    4.0578266E-03   1.5963418E-02   9.2282499E-03   1.1108787E-02   5.7381596E-03
    2.2785059E-02   2.4690479E-02   3.2168554E-02   3.9964399E-02   4.7972117E-02
    5.5918605E-02   6.3720885E-02   7.1274911E-02   7.8394805E-02   8.5291913E-02
    9.1532180E-02   9.7350763E-02   1.0266187E-01   1.0699874E-01   1.1056217E-01
    1.1231695E-01   1.0111038E-01   1.1659808E-01   1.2959841E-01

 1.3885737267E+04   1.7643637E-01   3.6444706E+07   9.6756324E-01   1.8931256E+00   9.6256887E+02   2.0000000E-02     8 
    3.0377401E-20   1.7966336E-22   2.0534111E-22   1.3747766E-15   2.0713363E-14
    2.0943293E-14   1.5526060E-14   1.5373423E-14   1.5807077E-09   5.6157150E-09
    5.6107151E-09   4.6503196E-09   4.6567180E-09   7.5998155E-09   8.3180893E-07
    1.8989169E-06   1.2964213E-06   2.8664154E-06   2.3610168E-05   4.5494454E-05
    2.9137732E-05   7.3520539E-05   1.7799049E-04   3.1233731E-04   1.9030294E-04
    4.8545212E-04   8.6585626E-04   1.0986247E-03   6.4414944E-04   2.0873521E-03
    2.1240825E-03   2.6104504E-03   1.4700498E-03   5.1682788E-03   4.0538297E-03
    4.8792841E-03   2.6651831E-03   9.9216656E-03   6.5682036E-03   7.8078348E-03
    4.1401340E-03   1.6272711E-02   9.3989577E-03   1.1294970E-02   5.8425270E-03
    2.3173248E-02   2.5068828E-02   3.2614623E-02   4.0469177E-02   4.8534505E-02
    5.6531745E-02   6.4377975E-02   7.1971674E-02   7.9125052E-02   8.6043004E-02
    9.2308430E-02   9.8151346E-02   1.0346805E-01   1.0779725E-01   1.1127379E-01
    1.1266294E-01   1.0244124E-01   1.1739282E-01   1.3047686E-01

 1.0424841622E+04   4.3574139E-01   6.5967633E+07   9.7377643E-01   1.6666651E+00   9.5437638E+02   2.0000000E-02     9 
    2.4436645E-20   2.3868080E-22   2.7575803E-22   1.7010763E-15   2.5250486E-14
    2.5503188E-14   1.8796932E-14   1.8611805E-14   1.7806368E-09   6.2835883E-09
    6.2777426E-09   5.1934630E-09   5.1995809E-09   8.4833247E-09   8.9903283E-07
    2.0443720E-06   1.3946423E-06   3.0817645E-06   2.4963477E-05   4.7988930E-05
    3.0713472E-05   7.7455551E-05   1.8574292E-04   3.2553814E-04   1.9812309E-04
    5.0518527E-04   8.9556317E-04   1.1350263E-03   6.6537395E-04   2.1547398E-03
    2.1843653E-03   2.6820992E-03   1.5102961E-03   5.3058559E-03   4.1524098E-03
    4.9943019E-03   2.7275808E-03   1.0145898E-02   6.7068551E-03   7.9686657E-03
    4.2257325E-03   1.6590307E-02   9.5748345E-03   1.1490742E-02   5.9514384E-03
    2.3572606E-02   2.5461094E-02   3.3075221E-02   4.0994528E-02   4.9117113E-02
    5.7167713E-02   6.5062158E-02   7.2693436E-02   7.9889450E-02   8.6833493E-02
    9.3127149E-02   9.8992047E-02   1.0430680E-01   1.0861280E-01   1.1193422E-01
    1.1289972E-01   1.0407859E-01   1.1821817E-01   1.3140625E-01

 7.8384766308E+03   1.0559062E+00   1.1907635E+08   9.8032508E-01   1.5137230E+00   9.4347038E+02   2.0000000E-02    10 
    2.0753513E-20   3.3198325E-22   3.8931928E-22   2.1238208E-15   3.1055040E-14
    3.1318442E-14   2.2936298E-14   2.2710176E-14   2.0158253E-09   7.0634473E-09
    7.0568825E-09   5.8256834E-09   5.8317562E-09   9.5132575E-09   9.7516321E-07
    2.2082917E-06   1.5046614E-06   3.3237095E-06   2.6464124E-05   5.0753321E-05
    3.2446886E-05   8.1794187E-05   1.9415242E-04   3.3982212E-04   2.0662380E-04
    5.2658483E-04   9.2746562E-04   1.1743257E-03   6.8830780E-04   2.2276383E-03
    2.2493807E-03   2.7595218E-03   1.5534825E-03   5.4538610E-03   4.2575679E-03
    5.1180564E-03   2.7948556E-03   1.0385166E-02   6.8544941E-03   8.1407372E-03
    4.3179247E-03   1.6929850E-02   9.7637313E-03   1.1702640E-02   6.0698072E-03
    2.3998016E-02   2.5880794E-02   3.3570800E-02   4.1558716E-02   4.9740430E-02
    5.7853529E-02   6.5800303E-02   7.3476784E-02   8.0721045E-02   8.7701204E-02
    9.4029976E-02   9.9913521E-02   1.0521023E-01   1.0945548E-01   1.1254094E-01
    1.1313248E-01   1.0603289E-01   1.1909314E-01   1.3242486E-01

 5.9055054866E+03   2.5021538E+00   2.1447984E+08   9.8729009E-01   1.4176138E+00   9.2903215E+02   2.0000000E-02    11 
    1.8688079E-20   4.8456278E-22   5.7941446E-22   2.6816995E-15   3.8603446E-14
    3.8873688E-14   2.8267966E-14   2.7989084E-14   2.2964581E-09   7.9870721E-09
    7.9799056E-09   6.5722115E-09   6.5786828E-09   1.0731266E-08   1.0624114E-06
    2.3955937E-06   1.6295255E-06   3.5990731E-06   2.8137346E-05   5.3850041E-05
    3.4377205E-05   8.6629044E-05   2.0334415E-04   3.5541510E-04   2.1599391E-04
    5.5010580E-04   9.6232419E-04   1.2171920E-03   7.1332756E-04   2.3071455E-03
    2.3199779E-03   2.8441712E-03   1.6005533E-03   5.6145004E-03   4.3709657E-03
    5.2518503E-03   2.8680346E-03   1.0644299E-02   7.0144955E-03   8.3252151E-03
    4.4188910E-03   1.7297658E-02   9.9676532E-03   1.1932607E-02   6.2012332E-03
    2.4457225E-02   2.6334311E-02   3.4105559E-02   4.2170402E-02   5.0420178E-02
    5.8598157E-02   6.6606163E-02   7.4345375E-02   8.1642981E-02   8.8667753E-02
    9.5041414E-02   1.0093835E-01   1.0618658E-01   1.1031297E-01   1.1311013E-01
    1.1349950E-01   1.0821807E-01   1.2001752E-01   1.3355995E-01

 4.4629330746E+03   5.7753940E+00   3.8524714E+08   9.9496482E-01   1.3661563E+00   9.1022493E+02   2.0000000E-02    12 
    1.8203338E-20   7.5363161E-22   9.2315319E-22   3.4555245E-15   4.8893560E-14
    4.9189394E-14   3.5477379E-14   3.5127198E-14   2.6461574E-09   9.1291263E-09
    9.1216885E-09   7.4926042E-09   7.4998770E-09   1.2234699E-08   1.1660385E-06
    2.6183570E-06   1.7772079E-06   3.9252486E-06   3.0065828E-05   5.7430047E-05
    3.6608080E-05   9.2210932E-05   2.1382211E-04   3.7317884E-04   2.2671032E-04
    5.7700948E-04   1.0020541E-03   1.2659321E-03   7.4169622E-04   2.3970284E-03
    2.3994726E-03   2.9395069E-03   1.6538442E-03   5.7953667E-03   4.4986805E-03
    5.4017030E-03   2.9508241E-03   1.0935723E-02   7.1945703E-03   8.5310012E-03
    4.5346079E-03   1.7708176E-02   1.0195794E-02   1.2189710E-02   6.3549649E-03
    2.4968951E-02   2.6845491E-02   3.4703752E-02   4.2859503E-02   5.1193725E-02
    5.9445049E-02   6.7529922E-02   7.5344897E-02   8.2710794E-02   8.9790639E-02
    9.6219152E-02   1.0211569E-01   1.0726545E-01   1.1121231E-01   1.1373889E-01
    1.1414154E-01   1.1051452E-01   1.2101298E-01   1.3487134E-01

 3.3998136659E+03   1.2867001E+01   6.8387470E+08   1.0037530E+00   1.3514682E+00   8.8698642E+02   2.0000000E-02    13 
    1.9859742E-20   1.2785797E-21   1.6126519E-21   4.5972769E-15   6.3817914E-14
    6.4175394E-14   4.5829839E-14   4.5377447E-14   3.1049533E-09   1.0615231E-08
    1.0608533E-08   8.6859181E-09   8.6944532E-09   1.4184810E-08   1.2944496E-06
    2.8946351E-06   1.9601821E-06   4.3289789E-06   3.2390328E-05   6.1728442E-05
    3.9295590E-05   9.8928570E-05   2.2634135E-04   3.9438365E-04   2.3943717E-04
    6.0905990E-04   1.0491191E-03   1.3236824E-03   7.7518775E-04   2.5028153E-03
    2.4925307E-03   3.0506457E-03   1.7165615E-03   6.0067401E-03   4.6480871E-03
    5.5760163E-03   3.0487844E-03   1.1274652E-02   7.4038809E-03   8.7699724E-03
    4.6730058E-03   1.8183065E-02   1.0462626E-02   1.2486992E-02   6.5438270E-03
    2.5558489E-02   2.7442773E-02   3.5405168E-02   4.3667239E-02   5.2104534E-02
    6.0452716E-02   6.8633659E-02   7.6541973E-02   8.4003037E-02   9.1150876E-02
    9.7636470E-02   1.0350116E-01   1.0849657E-01   1.1223372E-01   1.1456743E-01
    1.1513268E-01   1.1281114E-01   1.2211693E-01   1.3643549E-01

 2.6092966170E+03   2.7772653E+01   1.2038432E+09   1.0144550E+00   1.3706864E+00   8.5799243E+02   2.0000000E-02    14 
    2.5529452E-20   2.4814116E-21   3.2388016E-21   6.4627415E-15   8.7779797E-14
    8.8253314E-14   6.2227212E-14   6.1613598E-14   3.7595874E-09   1.2715765E-08
    1.2712456E-08   1.0363971E-08   1.0374542E-08   1.6925341E-08   1.4661024E-06
    3.2622960E-06   2.2040318E-06   4.8654047E-06   3.5406991E-05   6.7274927E-05
    4.2768608E-05   1.0759993E-04   2.4236334E-04   4.2148735E-04   2.5559531E-04
    6.4970495E-04   1.1081486E-03   1.3964526E-03   8.1734662E-04   2.6354099E-03
    2.6087078E-03   3.1892836E-03   1.7952682E-03   6.2696916E-03   4.8332545E-03
    5.7917265E-03   3.1723052E-03   1.1693568E-02   7.6630829E-03   9.0628388E-03
    4.8504170E-03   1.8768721E-02   1.0793883E-02   1.2850446E-02   6.7932178E-03
    2.6280152E-02   2.8183626E-02   3.6278959E-02   4.4672574E-02   5.3240510E-02
    6.1720975E-02   7.0031953E-02   7.8069879E-02   8.5665191E-02   9.2895893E-02
    9.9425587E-02   1.0521130E-01   1.1000875E-01   1.1353957E-01   1.1575870E-01
    1.1653145E-01   1.1514808E-01   1.2343093E-01   1.3839709E-01

 2.0152902745E+03   5.8226740E+01   2.1138094E+09   1.0278527E+00   1.4229513E+00   8.2102821E+02   2.0000000E-02    15 
    4.0269932E-20   5.7504077E-21   7.7752494E-21   9.7990091E-15   1.2975124E-13
    1.3043543E-13   9.0449835E-14   8.9561068E-14   4.7530810E-09   1.5867380E-08
    1.5872583E-08   1.2864888E-08   1.2878801E-08   2.1004067E-08   1.7074438E-06
    3.7755034E-06   2.5439029E-06   5.6115546E-06   3.9495682E-05   7.4760482E-05
    4.7447148E-05   1.1926627E-04   2.6357081E-04   4.5731521E-04   2.7692388E-04
    7.0308880E-04   1.1846517E-03   1.4911659E-03   8.7231026E-04   2.8072781E-03
    2.7586368E-03   3.3684099E-03   1.8975411E-03   6.6078102E-03   5.0707650E-03
    6.0670302E-03   3.3338627E-03   1.2228760E-02   7.9955139E-03   9.4317315E-03
    5.0879719E-03   1.9511286E-02   1.1217808E-02   1.3305510E-02   7.1384851E-03
    2.7187638E-02   2.9137060E-02   3.7399010E-02   4.5965408E-02   5.4708614E-02
    6.3373566E-02   7.1872317E-02   8.0099791E-02   8.7874875E-02   9.5198381E-02
    1.0174015E-01   1.0739680E-01   1.1197353E-01   1.1531683E-01   1.1746746E-01
    1.1842103E-01   1.1766863E-01   1.2509888E-01   1.4092747E-01

 1.5684031156E+03   1.1828589E+02   3.7060167E+09   1.0451786E+00   1.5056407E+00   7.7451596E+02   2.0000000E-02    16 
    8.3323826E-20   1.6938564E-20   2.3643530E-20   1.6526496E-14   2.1212500E-13
    2.1322653E-13   1.4467613E-13   1.4326619E-13   6.3840256E-09   2.0971655E-08
    2.0988717E-08   1.6881733E-08   1.6900855E-08   2.7544006E-08   2.0685123E-06
    4.5370795E-06   3.0459248E-06   6.7128765E-06   4.5327972E-05   8.5406758E-05
    5.4067396E-05   1.3575901E-04   2.9283633E-04   5.0666829E-04   3.0634493E-04
    7.7651830E-04   1.2884933E-03   1.6196550E-03   9.4700993E-04   3.0395811E-03
    2.9598281E-03   3.6082324E-03   2.0361152E-03   7.0591997E-03   5.3877828E-03
    6.4314614E-03   3.5547687E-03   1.2937048E-02   8.4367981E-03   9.9150835E-03
    5.4207722E-03   2.0484987E-02   1.1782932E-02   1.3892908E-02   7.6396383E-03
    2.8368177E-02   3.0410367E-02   3.8888037E-02   4.7692810E-02   5.6685260E-02
    6.5618928E-02   7.4397601E-02   8.2898057E-02   9.0897725E-02   9.8310139E-02
    1.0482020E-01   1.1031029E-01   1.1466456E-01   1.1784136E-01   1.1993945E-01
    1.2101836E-01   1.2066591E-01   1.2739542E-01   1.4427627E-01

 1.2327193360E+03   2.3264766E+02   6.4575288E+09   1.0678852E+00   1.6216580E+00   7.2051274E+02   2.0000000E-02    17 
    2.4383386E-19   6.9433343E-20   9.7926643E-20   3.1972795E-14   3.9501150E-13
    3.9705729E-13   2.6180099E-13   2.5928584E-13   9.2649096E-09   2.9846467E-08
    2.9864926E-08   2.3796330E-08   2.3823272E-08   3.8787456E-08   2.6370186E-06
    5.7256096E-06   3.8247016E-06   8.4195560E-06   5.3959602E-05   1.0111103E-04
    6.3779500E-05   1.5990797E-04   3.3454422E-04   5.7682960E-04   3.4812574E-04
    8.8067361E-04   1.4335241E-03   1.7986154E-03   1.0513699E-03   3.3616467E-03
    3.2361547E-03   3.9363467E-03   2.2288158E-03   7.6755438E-03   5.8190290E-03
    6.9242609E-03   3.8650637E-03   1.3893071E-02   9.0343848E-03   1.0560343E-02
    5.9017573E-03   2.1788927E-02   1.2551202E-02   1.4664216E-02   8.3888955E-03
    2.9934373E-02   3.2143551E-02   4.0911453E-02   5.0054875E-02   5.9415458E-02
    6.8750054E-02   7.7940614E-02   8.6809763E-02   9.5067892E-02   1.0255462E-01
    1.0899716E-01   1.1430907E-01   1.1845987E-01   1.2149380E-01   1.2354332E-01
    1.2469512E-01   1.2458339E-01   1.3075266E-01   1.4877155E-01

 9.7674028050E+02   4.4638360E+02   1.1274289E+10   1.0993545E+00   1.7873480E+00   6.5804936E+02   2.0000000E-02    18 
    1.1953282E-18   4.6404486E-19   6.5336963E-19   7.6353589E-14   8.9846568E-13
    9.0324204E-13   5.7249180E-13   5.6707493E-13   1.5132513E-08   4.7548667E-08
    4.7540929E-08   3.7429788E-08   3.7470926E-08   6.0939231E-08   3.6340649E-06
    7.7890951E-06   5.1670842E-06   1.1357026E-05   6.7937292E-05   1.2638418E-04
    7.9352444E-05   1.9849708E-04   3.9909632E-04   6.8504936E-04   4.1237543E-04
    1.0402160E-03   1.6512208E-03   2.0666813E-03   1.2083723E-03   3.8408869E-03
    3.6426002E-03   4.4179387E-03   2.5165871E-03   8.5754859E-03   6.4459340E-03
    7.6349242E-03   4.3329053E-03   1.5269997E-02   9.8987646E-03   1.1475761E-02
    6.6463358E-03   2.3646191E-02   1.3658492E-02   1.5749309E-02   9.5764046E-03
    3.2141645E-02   3.4649158E-02   4.3838044E-02   5.3494528E-02   6.3429439E-02
    7.3382980E-02   8.3170926E-02   9.2519982E-02   1.0107202E-01   1.0863206E-01
    1.1500035E-01   1.2015236E-01   1.2413533E-01   1.2705495E-01   1.2906199E-01
    1.3025289E-01   1.3028380E-01   1.3602352E-01   1.5516510E-01

 7.8216476603E+02   8.3285489E+02   1.9919458E+10   1.1451897E+00   2.0306168E+00   5.8131818E+02   2.0000004E-02    19 
    1.2462822E-17   6.3858215E-18   8.4240150E-18   2.4954094E-13   2.7532382E-12
    2.7693085E-12   1.6593361E-12   1.6436681E-12   2.9483325E-08   8.9596266E-08
    8.9517087E-08   6.9323336E-08   6.9397392E-08   1.1270938E-07   5.6233024E-06
    1.1851043E-05   7.7848014E-06   1.7075287E-05   9.3016748E-05   1.7134027E-04
    1.0691607E-04   2.6655460E-04   5.0798269E-04   8.6668547E-04   5.1989261E-04
    1.3055695E-03   2.0033380E-03   2.4994794E-03   1.4632191E-03   4.6078983E-03
    4.2837479E-03   5.1742911E-03   2.9787733E-03   9.9793814E-03   7.4200684E-03
    8.7256062E-03   5.0910246E-03   1.7378410E-02   1.1227137E-02   1.2856952E-02
    7.8759798E-03   2.6448821E-02   1.5347294E-02   1.7394854E-02   1.1562110E-02
    3.5440832E-02   3.8485036E-02   4.8336495E-02   5.8821484E-02   6.9687901E-02
    8.0602522E-02   9.1242194E-02   1.0121299E-01   1.1012331E-01   1.1779648E-01
    1.2412850E-01   1.2917285E-01   1.3304216E-01   1.3588612E-01   1.3786600E-01
    1.3908094E-01   1.3919606E-01   1.4463899E-01   1.6484044E-01

 6.3685418642E+02   1.4742031E+03   3.4946669E+10   1.2067812E+00   2.3666171E+00   5.0014766E+02   2.0000056E-02    20 
    2.5152876E-16   1.6460183E-16   1.7828471E-16   1.0683792E-12   1.0935563E-11
    1.1010084E-11   6.1250604E-12   6.0661590E-12   6.6909876E-08   1.9534060E-07
    1.9509854E-07   1.4786379E-07   1.4801927E-07   2.3998489E-07   9.6244288E-06
    1.9879592E-05   1.2896763E-05   2.8213090E-05   1.3708713E-04   2.4959839E-04
    1.5451652E-04   3.8362637E-04   6.8473252E-04   1.1595082E-03   6.9291488E-04
    1.7296378E-03   2.5456138E-03   3.1646633E-03   1.8589311E-03   5.7750071E-03
    5.2409342E-03   6.2951334E-03   3.6900712E-03   1.2049272E-02   8.8472571E-03
    1.0298640E-02   6.2743854E-03   2.0416861E-02   1.3145557E-02   1.4821502E-02
    9.8304069E-03   3.0420478E-02   1.7776431E-02   1.9801102E-02   1.4739693E-02
    4.0091400E-02   4.4064696E-02   5.4954730E-02   6.6743444E-02   7.9041108E-02
    9.1331864E-02   1.0309936E-01   1.1384780E-01   1.2321388E-01   1.3108798E-01
    1.3746961E-01   1.4249286E-01   1.4632343E-01   1.4914384E-01   1.5112333E-01
    1.5236239E-01   1.5252712E-01   1.5781409E-01   1.7897113E-01

 5.2715755829E+02   2.4340721E+03   6.1309118E+10   1.2863294E+00   2.8005896E+00   4.1626318E+02   2.0000923E-02    21 
    8.6420666E-15   6.7084542E-15   5.6378462E-15   5.7364275E-12   5.3750231E-11
    5.4187985E-11   2.7683807E-11   2.7400839E-11   1.7272372E-07   4.8199207E-07
    4.8138722E-07   3.5535615E-07   3.5572380E-07   5.7552249E-07   1.7959524E-05
    3.6256427E-05   2.3182611E-05   5.0544811E-05   2.1538253E-04   3.8720246E-04
    2.3747428E-04   5.8653264E-04   9.7126334E-04   1.6300934E-03   9.7091037E-04
    2.4045894E-03   3.3710493E-03   4.1743649E-03   2.4713463E-03   7.5297564E-03
    6.6473168E-03   7.9265063E-03   4.7871866E-03   1.5051029E-02   1.0898606E-02
    1.2520893E-02   8.1387379E-03   2.4718694E-02   1.5863583E-02   1.7599381E-02
    1.2962874E-02   3.5950519E-02   2.1258122E-02   2.3413876E-02   1.9782336E-02
    4.6592586E-02   5.2170728E-02   6.4763462E-02   7.8619750E-02   9.3065551E-02
    1.0725354E-01   1.2047880E-01   1.3221111E-01   1.4217850E-01   1.5037973E-01
    1.5692127E-01   1.6201784E-01   1.6588393E-01   1.6873118E-01   1.7073820E-01
    1.7200880E-01   1.7220525E-01   1.7744899E-01   1.9948633E-01

 4.4455215859E+02   3.6488456E+03   1.0818168E+11   1.3934370E+00   3.3343077E+00   3.3157809E+02   2.0015529E-02    22 
    5.7526739E-13   4.3959195E-13   2.9135351E-13   4.1242648E-11   3.4125534E-10
    3.4466591E-10   1.6261555E-10   1.6060043E-10   5.2659436E-07   1.3925751E-06
    1.3911069E-06   9.9637334E-07   9.9735841E-07   1.6097332E-06   3.7493610E-05
    7.3695608E-05   4.6333975E-05   1.0062234E-04   3.6792348E-04   6.5173964E-04
    3.9560137E-04   9.7055271E-04   1.4737547E-03   2.4460089E-03   1.4537238E-03
    3.5619041E-03   4.7153765E-03   5.8093514E-03   3.4932614E-03   1.0348955E-02
    8.8467608E-03   1.0446581E-02   6.6133097E-03   1.9679489E-02   1.4023835E-02
    1.5868599E-02   1.1287826E-02   3.1181103E-02   1.9967297E-02   2.1905355E-02
    1.8246177E-02   4.4157140E-02   2.6740335E-02   2.9452073E-02   2.8026732E-02
    5.6409260E-02   6.4762019E-02   8.0305745E-02   9.7462538E-02   1.1505218E-01
    1.3179704E-01   1.4689330E-01   1.5987409E-01   1.7062771E-01   1.7930383E-01
    1.8612441E-01   1.9138646E-01   1.9535581E-01   1.9827480E-01   2.0033478E-01
    2.0164525E-01   2.0186356E-01   2.0714743E-01   2.3002721E-01

 3.8272462355E+02   4.6733246E+03   1.8987496E+11   1.5061565E+00   3.8600106E+00   2.5237112E+02   2.0217661E-02    23 
    2.3728522E-11   1.4476033E-11   9.6595999E-12   2.4796318E-10   1.7640170E-09
    1.7849802E-09   8.1501998E-10   8.0308004E-10   1.4562112E-06   3.6613746E-06
    3.6583363E-06   2.5606523E-06   2.5630223E-06   4.1295139E-06   7.3745348E-05
    1.4171430E-04   8.7820622E-05   1.9020400E-04   6.0460864E-04   1.0579802E-03
    6.3726632E-04   1.5539638E-03   2.1805744E-03   3.5785933E-03   2.1341729E-03
    5.1670295E-03   6.4688182E-03   7.9319291E-03   4.9138377E-03   1.4029677E-02
    1.1625010E-02   1.3580320E-02   9.2311290E-03   2.5528147E-02   1.7917670E-02
    2.0044065E-02   1.5965910E-02   3.9231828E-02   2.5261190E-02   2.7754600E-02
    2.6130843E-02   5.4482095E-02   3.4652445E-02   3.8542898E-02   4.0125360E-02
    6.9409685E-02   8.2359131E-02   1.0258651E-01   1.2442030E-01   1.4604675E-01
    1.6582325E-01   1.8301098E-01   1.9734627E-01   2.0893971E-01   2.1812510E-01
    2.2524988E-01   2.3069332E-01   2.3477430E-01   2.3776563E-01   2.3987361E-01
    2.4121579E-01   2.4144783E-01   2.4676506E-01   2.7016490E-01

 3.3667975411E+02   4.7039469E+03   3.0803480E+11   1.5949755E+00   4.3847532E+00   1.8326187E+02   2.2178908E-02    24 
    2.8797615E-10   1.2871917E-10   1.0944333E-10   8.7500568E-10   5.4274190E-09
    5.4940460E-09   2.5309789E-09   2.4989050E-09   2.9837730E-06   7.2400404E-06
    7.2342961E-06   5.0101036E-06   5.0149330E-06   8.0758261E-06   1.1949662E-04
    2.2660188E-04   1.3933564E-04   3.0155751E-04   8.6646119E-04   1.5057448E-03
    9.0522602E-04   2.1986859E-03   2.9154484E-03   4.7346812E-03   2.8578510E-03
    6.8413228E-03   8.1819549E-03   9.9983758E-03   6.4695696E-03   1.7719633E-02
    1.4313373E-02   1.6587909E-02   1.2273936E-02   3.1328351E-02   2.1786768E-02
    2.4341234E-02   2.1611799E-02   4.7335350E-02   3.1163621E-02   3.4658876E-02
    3.5681138E-02   6.5379849E-02   4.4803101E-02   5.0242258E-02   5.4789940E-02
    8.4235014E-02   1.0325336E-01   1.2925816E-01   1.5617132E-01   1.8177369E-01
    2.0431392E-01   2.2328560E-01   2.3871593E-01   2.5095485E-01   2.6050836E-01
    2.6783865E-01   2.7339266E-01   2.7753308E-01   2.8055573E-01   2.8268015E-01
    2.8403088E-01   2.8426812E-01   2.8954789E-01   3.1291490E-01

 3.0478676388E+02   3.5550897E+03   3.5972915E+11   1.6533319E+00   5.1529028E+00   1.3108762E+02   3.2403333E-02    25 
    1.6026434E-09   4.9984805E-10   5.2540448E-10   1.8847758E-09   1.0877086E-08
    1.1011721E-08   4.9837746E-09   4.9444456E-09   4.5578832E-06   1.0815158E-05
    1.0805673E-05   7.4334056E-06   7.4408212E-06   1.1971257E-05   1.5871164E-04
    2.9776798E-04   1.8246763E-04   3.9419131E-04   1.0693419E-03   1.8456070E-03
    1.1095036E-03   2.6843438E-03   3.4514241E-03   5.5599346E-03   3.3790013E-03
    8.0326807E-03   9.3819817E-03   1.1421466E-02   7.5300324E-03   2.0207975E-02
    1.6148830E-02   1.8645935E-02   1.4223152E-02   3.5139615E-02   2.4396249E-02
    2.7267691E-02   2.4994063E-02   5.2570808E-02   3.5063059E-02   3.9130142E-02
    4.1097434E-02   7.2290867E-02   5.1054845E-02   5.7242246E-02   6.2813891E-02
    9.3277670E-02   1.1500625E-01   1.4349864E-01   1.7241342E-01   1.9958299E-01
    2.2322184E-01   2.4293928E-01   2.5886860E-01   2.7143824E-01   2.8121247E-01
    2.8869083E-01   2.9434467E-01   2.9855288E-01   3.0162106E-01   3.0377561E-01
    3.0514461E-01   3.0538703E-01   3.1070509E-01   3.3410120E-01

 2.8270229759E+02   1.8787350E+03   3.0073457E+11   1.6850481E+00   6.3357793E+00   9.3817049E+01   6.2962068E-02    26 
    5.6847719E-09   1.5326842E-09   1.8518748E-09   2.9204196E-09   1.6025669E-08
    1.6214683E-08   7.0788439E-09   7.0957394E-09   5.5573492E-06   1.2969701E-05
    1.2958935E-05   8.8806861E-06   8.8897531E-06   1.4273305E-05   1.8024476E-04
    3.3423427E-04   2.0460444E-04   4.4034146E-04   1.1689759E-03   2.0003012E-03
    1.2011654E-03   2.8931471E-03   3.6835639E-03   5.9082545E-03   3.5739887E-03
    8.4856111E-03   9.8924206E-03   1.1988563E-02   7.7644981E-03   2.1000106E-02
    1.6841813E-02   1.9419150E-02   1.4285193E-02   3.6182355E-02   2.5135229E-02
    2.7971496E-02   2.4532924E-02   5.3657646E-02   3.5321435E-02   3.9098430E-02
    3.9718058E-02   7.2987649E-02   4.9804660E-02   5.5632271E-02   6.0097205E-02
    9.2814504E-02   1.1234154E-01   1.3888507E-01   1.6615056E-01   1.9230093E-01
    2.1539759E-01   2.3493822E-01   2.5090932E-01   2.6362603E-01   2.7358806E-01
    2.8125069E-01   2.8706837E-01   2.9141135E-01   2.9458485E-01   2.9681697E-01
    2.9823736E-01   2.9849195E-01   3.0400714E-01   3.2784416E-01

 2.6657177089E+02   5.9883250E+02   2.3886114E+11   1.6944612E+00   8.5758877E+00   6.7105894E+01   1.2465712E-01    27 
    1.2494851E-08   3.6467442E-09   4.7591531E-09   3.8403888E-09   1.8844104E-08
    1.8994010E-08   8.3210983E-09   8.5375776E-09   5.8280631E-06   1.3427913E-05
    1.3417946E-05   9.2411202E-06   9.2507672E-06   1.4830646E-05   1.8530387E-04
    3.4095403E-04   2.0914104E-04   4.4886149E-04   1.1891454E-03   2.0217165E-03
    1.2151656E-03   2.9178734E-03   3.7180283E-03   5.9455180E-03   3.5862032E-03
    8.5163587E-03   9.9692139E-03   1.2038206E-02   7.6661459E-03   2.0943172E-02
    1.6907828E-02   1.9506641E-02   1.3802954E-02   3.6003698E-02   2.5088807E-02
    2.7871255E-02   2.3191584E-02   5.3207150E-02   3.4687656E-02   3.8105687E-02
    3.6996067E-02   7.1912754E-02   4.7446747E-02   5.2727828E-02   5.5556183E-02
    9.0422007E-02   1.0744954E-01   1.3161753E-01   1.5676936E-01   1.8142806E-01
    2.0361611E-01   2.2273163E-01   2.3859240E-01   2.5137322E-01   2.6148441E-01
    2.6931730E-01   2.7529786E-01   2.7977977E-01   2.8306433E-01   2.8537892E-01
    2.8685407E-01   2.8712216E-01   2.9284587E-01   3.1701269E-01

 2.5426000652E+02   9.9953625E+01   2.1010263E+11   1.6866093E+00   2.1714215E+01   4.8031154E+01   2.1765323E-01    28 
    2.9060924E-08   9.6324573E-09   1.3131841E-08   6.1644218E-09   2.4654694E-08
    2.4716361E-08   1.0381408E-08   1.1416045E-08   5.5141741E-06   1.2660414E-05
    1.2651237E-05   8.7786776E-06   8.7886396E-06   1.4077929E-05   1.7836222E-04
    3.2767384E-04   2.0175554E-04   4.3258465E-04   1.1562812E-03   1.9609901E-03
    1.1826769E-03   2.8359165E-03   3.6357349E-03   5.8032658E-03   3.5087744E-03
    8.3342804E-03   9.7911612E-03   1.1808471E-02   7.4894542E-03   2.0524082E-02
    1.6652785E-02   1.9237661E-02   1.3401464E-02   3.5402615E-02   2.4747430E-02
    2.7520207E-02   2.2321233E-02   5.2414469E-02   3.4109542E-02   3.7390108E-02
    3.5381375E-02   7.0831305E-02   4.6138982E-02   5.1159768E-02   5.3012155E-02
    8.8824823E-02   1.0479279E-01   1.2779402E-01   1.5185572E-01   1.7568712E-01
    1.9736400E-01   2.1624644E-01   2.3206196E-01   2.4490530E-01   2.5513050E-01
    2.6308846E-01   2.6918624E-01   2.7376688E-01   2.7712933E-01   2.7950095E-01
    2.8101329E-01   2.8129129E-01   2.8714974E-01   3.1140274E-01

 2.4446015800E+02   7.9267142E+00   2.0847689E+11   1.6690299E+00   2.1519827E+02   3.4420934E+01   3.3112293E-01    29 
    1.7893425E-07   6.8635396E-08   9.7394519E-08   3.8801986E-08   1.1111988E-07
    1.1087663E-07   4.3448028E-08   5.5860848E-08   4.9976381E-06   1.1474253E-05
    1.1464868E-05   8.0257724E-06   8.0469240E-06   1.2820754E-05   1.6571055E-04
    3.0534153E-04   1.8887677E-04   4.0500727E-04   1.0980969E-03   1.8634350E-03
    1.1295973E-03   2.7074100E-03   3.5006107E-03   5.5829851E-03   3.3967078E-03
    8.0675473E-03   9.4963925E-03   1.1462844E-02   7.3159526E-03   1.9984584E-02
    1.6266054E-02   1.8817178E-02   1.3176021E-02   3.4704235E-02   2.4316207E-02
    2.7090332E-02   2.2035595E-02   5.1640343E-02   3.3689056E-02   3.6996555E-02
    3.5025982E-02   7.0049942E-02   4.5762559E-02   5.0816647E-02   5.2614834E-02
    8.8140104E-02   1.0427505E-01   1.2720145E-01   1.5118924E-01   1.7495527E-01
    1.9663351E-01   2.1556807E-01   2.3146473E-01   2.4440061E-01   2.5471482E-01
    2.6275083E-01   2.6891227E-01   2.7354203E-01   2.7694030E-01   2.7933654E-01
    2.8086398E-01   2.8114670E-01   2.8705547E-01   3.1125764E-01

 2.3452755019E+02   4.5582468E-01   2.3295300E+11   1.6536161E+00   3.9801361E+03   2.4323690E+01   4.5561677E-01    30 
    1.9204724E-06   8.9788661E-07   1.3815812E-06   6.9387581E-07   1.4840296E-06
    1.4827176E-06   6.9281722E-07   9.7764026E-07   6.0479233E-06   1.2288139E-05
    1.2377129E-05   9.2649152E-06   9.5638218E-06   1.4385871E-05   1.5716144E-04
    2.9053031E-04   1.8084275E-04   3.8723236E-04   1.0586749E-03   1.7986553E-03
    1.0981727E-03   2.6293466E-03   3.4200271E-03   5.4452779E-03   3.3494124E-03
    7.9413392E-03   9.3210214E-03   1.1272571E-02   7.3187964E-03   1.9761086E-02
    1.6096065E-02   1.8639808E-02   1.3385371E-02   3.4557246E-02   2.4260613E-02
    2.7092057E-02   2.2694052E-02   5.1731274E-02   3.4003464E-02   3.7533566E-02
    3.6415272E-02   7.0585214E-02   4.6978010E-02   5.2389904E-02   5.4994749E-02
    8.9482971E-02   1.0698038E-01   1.3092415E-01   1.5586015E-01   1.8036153E-01
    2.0261044E-01   2.2194499E-01   2.3810726E-01   2.5121415E-01   2.6163046E-01
    2.6972599E-01   2.7591826E-01   2.8056233E-01   2.8396464E-01   2.8636000E-01
    2.8788462E-01   2.8816733E-01   2.9405940E-01   3.1815156E-01

 2.2695865362E+02   9.3494905E-02   2.7404297E+11   1.6639404E+00   2.2544236E+04   1.8077071E+01   5.5645547E-01    31 
    1.2339093E-05   6.4591594E-06   1.0912018E-05   4.9717920E-06   8.3447139E-06
    8.3539182E-06   4.5375466E-06   6.8801555E-06   1.5214372E-05   2.2247436E-05
    2.4345114E-05   2.0191877E-05   2.2447051E-05   3.2998878E-05   1.7160155E-04
    3.1409201E-04   1.9766100E-04   4.1979346E-04   1.1180758E-03   1.8932344E-03
    1.1649768E-03   2.7769516E-03   3.5848903E-03   5.6790933E-03   3.5389936E-03
    8.3500819E-03   9.6853110E-03   1.1718445E-02   7.7767817E-03   2.0612964E-02
    1.6735632E-02   1.9372326E-02   1.4388040E-02   3.6024632E-02   2.5325705E-02
    2.8343256E-02   2.4662859E-02   5.3987274E-02   3.5904121E-02   3.9857681E-02
    3.9833305E-02   7.3875904E-02   5.0554572E-02   5.6573840E-02   6.0273520E-02
    9.4221872E-02   1.1379590E-01   1.3949959E-01   1.6602868E-01   1.9177161E-01
    2.1494814E-01   2.3491395E-01   2.5148198E-01   2.6483836E-01   2.7539547E-01
    2.8356716E-01   2.8979474E-01   2.9445194E-01   2.9785501E-01   3.0024585E-01
    3.0176461E-01   3.0204560E-01   3.0790788E-01   3.3195137E-01

 2.2531847375E+02   6.0924438E-02   3.3805100E+11   1.6537070E+00   3.1352757E+04   1.2367793E+01   6.6890921E-01    32 
    1.0433220E-05   5.5299700E-06   9.7431541E-06   4.7587854E-06   7.4501232E-06
    7.4651949E-06   4.1684353E-06   6.5201453E-06   1.4689106E-05   2.0489805E-05
    2.4023386E-05   1.9324724E-05   2.1535904E-05   3.3066395E-05   1.6676810E-04
    3.0711861E-04   1.9355904E-04   4.1310865E-04   1.1015431E-03   1.8719257E-03
    1.1572992E-03   2.7615984E-03   3.5689600E-03   5.6502294E-03   3.5592531E-03
    8.3786769E-03   9.6569598E-03   1.1718198E-02   7.9670918E-03   2.0771060E-02
    1.6807588E-02   1.9475053E-02   1.5071935E-02   3.6487426E-02   2.5700730E-02
    2.8881578E-02   2.6359038E-02   5.5013415E-02   3.7188563E-02   4.1606416E-02
    4.3104554E-02   7.5868069E-02   5.3898137E-02   6.0506210E-02   6.5586398E-02
    9.7814600E-02   1.1986874E-01   1.4776441E-01   1.7619303E-01   2.0332089E-01
    2.2739187E-01   2.4784060E-01   2.6460996E-01   2.7799920E-01   2.8849727E-01
    2.9657408E-01   3.0269886E-01   3.0726247E-01   3.1058739E-01   3.1291827E-01
    3.1439624E-01   3.1466746E-01   3.2036810E-01   3.4408702E-01

 2.2514312743E+02   5.5991116E-02   4.0512721E+11   1.6419909E+00   3.0950307E+04   9.3832898E+00   7.3678522E-01    33 
    6.1569091E-06   3.3251171E-06   5.9301423E-06   3.2922698E-06   5.0228849E-06
    5.0329880E-06   2.8590212E-06   4.5116588E-06   1.1470424E-05   1.6814269E-05
    1.9795443E-05   1.5518781E-05   1.7072939E-05   2.6870532E-05   1.5930551E-04
    2.9628001E-04   1.8651014E-04   4.0009413E-04   1.0760051E-03   1.8371483E-03
    1.1390672E-03   2.7241534E-03   3.5294066E-03   5.5885173E-03   3.5505215E-03
    8.3437029E-03   9.5767273E-03   1.1653048E-02   8.0966814E-03   2.0812944E-02
    1.6790550E-02   1.9482226E-02   1.5640607E-02   3.6757166E-02   2.5967637E-02
    2.9317734E-02   2.7842284E-02   5.5768322E-02   3.8395574E-02   4.3238608E-02
    4.6012277E-02   7.7539954E-02   5.7142907E-02   6.4215177E-02   7.0365427E-02
    1.0103923E-01   1.2541175E-01   1.5536400E-01   1.8548498E-01   2.1376403E-01
    2.3850655E-01   2.5925689E-01   2.7609358E-01   2.8942303E-01   2.9980252E-01
    3.0774742E-01   3.1374801E-01   3.1820625E-01   3.2144721E-01   3.2371565E-01
    3.2515207E-01   3.2541358E-01   3.3094724E-01   3.5427471E-01

 2.2503119601E+02   5.0744607E-02   5.3377339E+11   1.6264143E+00   3.0091789E+04   6.4885756E+00   8.0939491E-01    34 
    2.8948333E-06   1.6156952E-06   2.9170379E-06   1.9325484E-06   2.8450360E-06
    2.8506166E-06   1.6638560E-06   2.6485986E-06   8.3133396E-06   1.3381583E-05
    1.5515336E-05   1.1808107E-05   1.2740735E-05   2.0568629E-05   1.5116081E-04
    2.8486560E-04   1.7939934E-04   3.8717561E-04   1.0505589E-03   1.8056262E-03
    1.1257442E-03   2.7003980E-03   3.5074296E-03   5.5465205E-03   3.5802863E-03
    8.3789546E-03   9.5417100E-03   1.1655377E-02   8.4171541E-03   2.1086764E-02
    1.6933626E-02   1.9712526E-02   1.6800125E-02   3.7552783E-02   2.6786080E-02
    3.0517342E-02   3.0669273E-02   5.7595023E-02   4.1227613E-02   4.6819264E-02
    5.1418163E-02   8.1255212E-02   6.3873793E-02   7.1650547E-02   7.9198684E-02
    1.0777503E-01   1.3625678E-01   1.6973279E-01   2.0257568E-01   2.3258865E-01
    2.5827143E-01   2.7939676E-01   2.9627220E-01   3.0947015E-01   3.1964747E-01
    3.2738202E-01   3.3319127E-01   3.3749020E-01   3.4060572E-01   3.4278132E-01
    3.4415582E-01   3.4440293E-01   3.4968044E-01   3.7230429E-01

 2.2492464247E+02   4.4762754E-02   6.9725893E+11   1.6106833E+00   2.9641625E+04   4.6884179E+00   8.5821277E-01    35 
    1.3726137E-06   7.9566518E-07   1.4537209E-06   1.1488304E-06   1.6083044E-06
    1.6114423E-06   9.7539091E-07   1.5655617E-06   6.3044874E-06   1.1192213E-05
    1.2694628E-05   9.4372233E-06   9.9976608E-06   1.6469968E-05   1.4431877E-04
    2.7535006E-04   1.7381898E-04   3.7719541E-04   1.0306730E-03   1.7820933E-03
    1.1194529E-03   2.6923324E-03   3.5065612E-03   5.5267334E-03   3.6400476E-03
    8.4674590E-03   9.5609547E-03   1.1721180E-02   8.8534000E-03   2.1510924E-02
    1.7231088E-02   2.0165046E-02   1.8265626E-02   3.8687209E-02   2.8121115E-02
    3.2366511E-02   3.4119494E-02   6.0135982E-02   4.5354424E-02   5.1752782E-02
    5.7962204E-02   8.6329242E-02   7.2807736E-02   8.1230875E-02   8.9870485E-02
    1.1665103E-01   1.4978675E-01   1.8702292E-01   2.2255138E-01   2.5414018E-01
    2.8059640E-01   3.0197121E-01   3.1880690E-01   3.3183176E-01   3.4179001E-01
    3.4931104E-01   3.5493269E-01   3.5907832E-01   3.6207442E-01   3.6416187E-01
    3.6547726E-01   3.6571071E-01   3.7073578E-01   3.9255384E-01

 2.2480845085E+02   3.7415359E-02   9.3234326E+11   1.5948089E+00   3.0366505E+04   3.3606537E+00   8.9614428E-01    36 
    6.5245952E-07   3.9499909E-07   7.2943528E-07   6.8493746E-07   8.9977307E-07
    9.0142874E-07   5.7067061E-07   9.2244520E-07   5.0066813E-06   9.7898622E-06
    1.0829824E-05   7.9157535E-06   8.2508124E-06   1.3773251E-05   1.3922786E-04
    2.6904426E-04   1.7055475E-04   3.7224642E-04   1.0218919E-03   1.7764464E-03
    1.1280083E-03   2.7186968E-03   3.5512577E-03   5.5598574E-03   3.7656461E-03
    8.6744523E-03   9.6994645E-03   1.1935785E-02   9.5417008E-03   2.2269265E-02
    1.7877241E-02   2.1091614E-02   2.0402337E-02   4.0559176E-02   3.0548125E-02
    3.5515961E-02   3.8996085E-02   6.4193080E-02   5.2044728E-02   5.9377043E-02
    6.7148761E-02   9.4185513E-02   8.6042804E-02   9.5109246E-02   1.0467082E-01
    1.2977217E-01   1.6867546E-01   2.1024957E-01   2.4862763E-01   2.8174260E-01
    3.0885475E-01   3.3036345E-01   3.4706771E-01   3.5985338E-01   3.6954742E-01
    3.7682461E-01   3.8223858E-01   3.8621736E-01   3.8908475E-01   3.9107735E-01
    3.9232877E-01   3.9254737E-01   3.9729058E-01   4.1810727E-01

 2.2469304362E+02   2.9373183E-02   1.2610273E+12   1.5796170E+00   3.2804423E+04   2.4107370E+00   9.2433030E-01    37 
    3.2711369E-07   2.0771682E-07   3.8631452E-07   4.2147301E-07   5.1617787E-07
    5.1702259E-07   3.4443920E-07   5.5901525E-07   4.2120924E-06   8.9528222E-06
    9.6801399E-06   7.0109990E-06   7.2167125E-06   1.2127799E-05   1.3630298E-04
    2.6677511E-04   1.7008629E-04   3.7348166E-04   1.0280175E-03   1.7937938E-03
    1.1557759E-03   2.7882998E-03   3.6562945E-03   5.6617745E-03   3.9779077E-03
    9.0293170E-03   1.0007152E-02   1.2363436E-02   1.0558570E-02   2.3450193E-02
    1.9064062E-02   2.2720424E-02   2.3398441E-02   4.3397833E-02   3.4617567E-02
    4.0496522E-02   4.5724749E-02   7.0282099E-02   6.2237593E-02   7.0557540E-02
    7.9735441E-02   1.0565508E-01   1.0457215E-01   1.1421116E-01   1.2445331E-01
    1.4801770E-01   1.9351833E-01   2.3964663E-01   2.8074328E-01   3.1515153E-01
    3.4270253E-01   3.6418264E-01   3.8064555E-01   3.9312173E-01   4.0250845E-01
    4.0951572E-01   4.1470645E-01   4.1850886E-01   4.2124149E-01   4.2313496E-01
    4.2431910E-01   4.2452195E-01   4.2895968E-01   4.4860318E-01

 2.2456970651E+02   2.0695344E-02   1.7215053E+12   1.5635534E+00   3.8266192E+04   1.7281770E+00   9.4514147E-01    38 
    1.6917218E-07   1.1402341E-07   2.1228885E-07   2.6475412E-07   2.9971067E-07
    3.0013209E-07   2.1288258E-07   3.4524199E-07   3.6849987E-06   8.3922559E-06
    8.9095179E-06   6.4347266E-06   6.5633511E-06   1.1070487E-05   1.3461834E-04
    2.6688454E-04   1.7141051E-04   3.7882429E-04   1.0464422E-03   1.8280429E-03
    1.2011158E-03   2.8945447E-03   3.8228591E-03   5.8255300E-03   4.2893997E-03
    9.5309958E-03   1.0522577E-02   1.3058813E-02   1.1989443E-02   2.5104153E-02
    2.1054884E-02   2.5340069E-02   2.7523063E-02   4.7449973E-02   4.1095257E-02
    4.8037979E-02   5.4975371E-02   7.9050159E-02   7.7150206E-02   8.6441044E-02
    9.6803036E-02   1.2172208E-01   1.2955976E-01   1.3963911E-01   1.5027394E-01
    1.7231649E-01   2.2490776E-01   2.7546629E-01   3.1891946E-01   3.5426134E-01
    3.8197002E-01   4.0322791E-01   4.1932423E-01   4.3141263E-01   4.4044439E-01
    4.4715281E-01   4.5210285E-01   4.5571807E-01   4.5830893E-01   4.6009831E-01
    4.6121135E-01   4.6139729E-01   4.6550306E-01   4.8380210E-01

 2.2444220423E+02   1.2446901E-02   2.3656713E+12   1.5472052E+00   5.0937438E+04   1.2382376E+00   9.6037430E-01    39 
    9.7270942E-08   7.0622653E-08   1.3016638E-07   1.8209744E-07   1.8929202E-07
    1.8951628E-07   1.4497469E-07   2.3302699E-07   3.3646895E-06   8.0652472E-06
    8.4664196E-06   6.1235395E-06   6.2108860E-06   1.0514656E-05   1.3469479E-04
    2.7025086E-04   1.7511999E-04   3.8955608E-04   1.0824076E-03   1.8849898E-03
    1.2706618E-03   3.0482997E-03   4.0750195E-03   6.0781386E-03   4.7393214E-03
    1.0224243E-02   1.1366796E-02   1.4171848E-02   1.3992190E-02   2.7397747E-02
    2.4338969E-02   2.9451852E-02   3.3231750E-02   5.3204661E-02   5.1102270E-02
    5.9207175E-02   6.7744877E-02   9.1483036E-02   9.8208256E-02   1.0837639E-01
    1.1963004E-01   1.4356185E-01   1.6202851E-01   1.7236533E-01   1.8307419E-01
    2.0352002E-01   2.6321428E-01   3.1773006E-01   3.6298824E-01   3.9882198E-01
    4.2637732E-01   4.4721170E-01   4.6281668E-01   4.7444178E-01   4.8307389E-01
    4.8945703E-01   4.9415088E-01   4.9756952E-01   5.0001269E-01   5.0169373E-01
    5.0273228E-01   5.0290011E-01   5.0664868E-01   5.2345086E-01

 2.2431218471E+02   5.8447633E-03   3.2645137E+12   1.5328552E+00   8.6933418E+04   8.8721413E-01   9.7144204E-01    40 
    7.5421059E-08   5.9634393E-08   1.0704939E-07   1.6320434E-07   1.5548658E-07
    1.5564115E-07   1.2960870E-07   2.0428388E-07   3.2733732E-06   8.0653423E-06
    8.4667616E-06   6.1342537E-06   6.2092661E-06   1.0603891E-05   1.3824179E-04
    2.7993265E-04   1.8324657E-04   4.1011252E-04   1.1487547E-03   1.9816901E-03
    1.3801269E-03   3.2786390E-03   4.4631933E-03   6.4839257E-03   5.4009820E-03
    1.1206674E-02   1.2772358E-02   1.5973197E-02   1.6832803E-02   3.0645146E-02
    2.9700808E-02   3.5838379E-02   4.1259844E-02   6.1456566E-02   6.6123943E-02
    7.5425167E-02   8.5385788E-02   1.0889181E-01   1.2686845E-01   1.3774931E-01
    1.4954532E-01   1.7239789E-01   2.0270117E-01   2.1308670E-01   2.2355420E-01
    2.4228813E-01   3.0858308E-01   3.6629783E-01   4.1269160E-01   4.4854456E-01
    4.7563770E-01   4.9585861E-01   5.1085926E-01   5.2195529E-01   5.3015046E-01
    5.3618728E-01   5.4061322E-01   5.4382858E-01   5.4612002E-01   5.4768984E-01
    5.4865142E-01   5.4880004E-01   5.5216992E-01   5.6735013E-01

 2.2417943633E+02   1.8424012E-03   4.5196099E+12   1.5240134E+00   2.3263905E+05   6.3543340E-01   9.7946080E-01    41 
    1.0885733E-07   9.3870931E-08   1.6071604E-07   2.5542880E-07   2.2447688E-07
    2.2466130E-07   2.0400358E-07   3.1116113E-07   3.5900468E-06   8.6796128E-06
    9.3642286E-06   6.7396340E-06   6.8447526E-06   1.2021731E-05   1.4831540E-04
    3.0144029E-04   1.9956070E-04   4.4885380E-04   1.2677623E-03   2.1483692E-03
    1.5578015E-03   3.6379615E-03   5.0766551E-03   7.1570431E-03   6.4006316E-03
    1.2649420E-02   1.5144122E-02   1.8913474E-02   2.0961678E-02   3.5377779E-02
    3.8340135E-02   4.5690183E-02   5.2764782E-02   7.3411256E-02   8.8010893E-02
    9.8473545E-02   1.0961418E-01   1.3290298E-01   1.6451716E-01   1.7589355E-01
    1.8785508E-01   2.0945169E-01   2.5207257E-01   2.6230049E-01   2.7225006E-01
    2.8916381E-01   3.6111049E-01   4.2107360E-01   4.6787837E-01   5.0327658E-01
    5.2961191E-01   5.4904310E-01   5.6333723E-01   5.7384590E-01   5.8157159E-01
    5.8724391E-01   5.9139191E-01   5.9439836E-01   5.9653485E-01   5.9799120E-01
    5.9887387E-01   5.9900235E-01   6.0197566E-01   6.1543230E-01

 2.2404224994E+02   3.2217800E-04   6.2593277E+12   1.5239210E+00   1.2624748E+06   4.5590717E-01   9.8521962E-01    42 
    4.2515816E-07   3.9667437E-07   6.3217340E-07   9.9813845E-07   8.2959147E-07
    8.3015649E-07   8.1343492E-07   1.1787047E-06   5.5724527E-06   1.1110289E-05
    1.3871855E-05   9.5317836E-06   9.8744126E-06   1.9358411E-05   1.6963088E-04
    3.4259966E-04   2.2968691E-04   5.1880306E-04   1.4695543E-03   2.4234663E-03
    1.8436749E-03   4.1944904E-03   6.0444762E-03   8.2562158E-03   7.9173935E-03
    1.4777351E-02   1.9085847E-02   2.3634340E-02   2.7018043E-02   4.2297547E-02
    5.1788928E-02   6.0496411E-02   6.9180233E-02   9.0464318E-02   1.1842319E-01
    1.2991742E-01   1.4191011E-01   1.6484875E-01   2.1167411E-01   2.2328863E-01
    2.3503896E-01   2.5515464E-01   3.0962157E-01   3.1950541E-01   3.2872270E-01
    3.4375300E-01   4.1998110E-01   4.8108861E-01   5.2754499E-01   5.6201823E-01
    5.8731393E-01   6.0579217E-01   6.1928683E-01   6.2915544E-01   6.3638223E-01
    6.4167353E-01   6.4553452E-01   6.4832708E-01   6.5030589E-01   6.5164717E-01
    6.5244977E-01   6.5255757E-01   6.5512398E-01   6.6679399E-01

 2.2389547476E+02   2.7658476E-05   8.7105030E+12   1.5355989E+00   1.7126443E+07   3.2612938E-01   9.8940414E-01    43 
    6.0886106E-06   6.0633488E-06   8.7437673E-06   1.3204042E-05   1.0842989E-05
    1.0849387E-05   1.1216826E-05   1.5065742E-05   3.2246552E-05   3.4103503E-05
    6.8689369E-05   4.2238237E-05   4.5821869E-05   1.1381537E-04   2.2613332E-04
    4.3613167E-04   2.9777297E-04   6.8603744E-04   1.8265512E-03   2.8945061E-03
    2.3298415E-03   5.1036376E-03   7.6296043E-03   1.0088910E-02   1.0310223E-02
    1.8041872E-02   2.5689317E-02   3.1276556E-02   3.6169520E-02   5.2636873E-02
    7.2348605E-02   8.2508098E-02   9.2704446E-02   1.1469631E-01   1.5942734E-01
    1.7173947E-01   1.8418889E-01   2.0647882E-01   2.6918319E-01   2.8076012E-01
    2.9194729E-01   3.1032209E-01   3.7542222E-01   3.8479435E-01   3.9311765E-01
    4.0621966E-01   4.8506954E-01   5.4609756E-01   5.9139693E-01   6.2444521E-01
    6.4839820E-01   6.6574087E-01   6.7832493E-01   6.8748493E-01   6.9417043E-01
    6.9905392E-01   7.0261088E-01   7.0517868E-01   7.0699290E-01   7.0821491E-01
    7.0893506E-01   7.0902177E-01   7.1117179E-01   7.2100003E-01

 2.2373681720E+02   1.3565161E-06   1.2113066E+13   1.5627854E+00   5.5859349E+08   2.3400729E-01   9.9238550E-01    44 
    3.4211649E-04   3.5627328E-04   4.5168875E-04   6.4068730E-04   5.4527497E-04
    5.4553269E-04   5.7832165E-04   7.0194864E-04   1.3229447E-03   1.0528032E-03
    2.4867245E-03   1.5754199E-03   1.6961558E-03   4.3238875E-03   1.2479861E-03
    1.7266173E-03   1.2705683E-03   3.3781956E-03   3.5924966E-03   4.9970027E-03
    4.3426398E-03   8.7324923E-03   1.1619523E-02   1.4716411E-02   1.6165953E-02
    2.6342881E-02   3.8613741E-02   4.5574859E-02   5.2265079E-02   7.0888785E-02
    1.0452982E-01   1.1617233E-01   1.2785266E-01   1.5061230E-01   2.1359471E-01
    2.2644638E-01   2.3894387E-01   2.6030290E-01   3.3757683E-01   3.4880944E-01
    3.5917005E-01   3.7565705E-01   4.4884929E-01   4.5754378E-01   4.6487029E-01
    4.7605258E-01   5.5526533E-01   6.1466482E-01   6.5783197E-01   6.8885490E-01
    7.1109687E-01   7.2707265E-01   7.3859840E-01   7.4695369E-01   7.5303477E-01
    7.5746816E-01   7.6069269E-01   7.6301660E-01   7.6465379E-01   7.6574914E-01
    7.6638356E-01   7.6644950E-01   7.6818454E-01   7.7616644E-01

 2.2357490310E+02   7.7112347E-08   1.6393674E+13   1.6053861E+00   2.1957588E+10   1.7297301E-01   9.9436581E-01    45 
    3.6841931E-02   3.9228531E-02   4.3144398E-02   5.8059472E-02   5.2955307E-02
    5.2969694E-02   5.6166476E-02   6.0773254E-02   1.1438803E-01   8.8995174E-02
    1.9059705E-01   1.3393602E-01   1.3944838E-01   3.2823018E-01   8.3715739E-02
    1.0023821E-01   7.9273438E-02   1.9664694E-01   1.0550276E-01   1.2008234E-01
    1.1113913E-01   1.8316237E-01   1.3974847E-01   1.5958616E-01   1.9460139E-01
    2.8413840E-01   2.3241385E-01   2.4571675E-01   2.6262446E-01   3.2008242E-01
    3.3498793E-01   3.5106544E-01   3.7405904E-01   4.0635026E-01   4.4133593E-01
    4.5530282E-01   4.6870173E-01   4.9342985E-01   5.5712506E-01   5.6527798E-01
    5.7504160E-01   5.9098415E-01   6.4769340E-01   6.5325728E-01   6.5809569E-01
    6.6524345E-01   7.2374945E-01   7.6536910E-01   7.9527342E-01   8.1648683E-01
    8.3160060E-01   8.4228982E-01   8.4992652E-01   8.5541868E-01   8.5940201E-01
    8.6230055E-01   8.6441007E-01   8.6592195E-01   8.6698328E-01   8.6768689E-01
    8.6808699E-01   8.6812125E-01   8.6910984E-01   8.7373390E-01

 2.2342359862E+02   1.2693492E-07   2.1069443E+13   1.6568688E+00   3.5621037E+10   1.3483069E-01   9.9560541E-01    46 
    2.0734479E-01   2.2236825E-01   2.1573372E-01   2.8129333E-01   2.7580444E-01
    2.7581421E-01   2.8931921E-01   2.8217556E-01   5.2591998E-01   4.1183640E-01
    7.8183616E-01   6.0726755E-01   6.0979872E-01   1.3097663E+00   3.8293903E-01
    4.4017553E-01   3.6777319E-01   7.8974519E-01   4.5216305E-01   5.0123907E-01
    4.7373190E-01   6.9823882E-01   5.6570917E-01   6.2366204E-01   7.3129429E-01
    9.7992378E-01   7.7677706E-01   8.0096816E-01   8.3208141E-01   9.5462272E-01
    8.9896891E-01   9.1780437E-01   9.5501404E-01   9.9757183E-01   9.3433075E-01
    9.4656694E-01   9.5851190E-01   9.8595617E-01   9.8202889E-01   9.8302746E-01
    9.9054476E-01   1.0045673E+00   1.0032245E+00   1.0024724E+00   1.0025701E+00
    1.0030288E+00   1.0067134E+00   1.0064700E+00   1.0068170E+00   1.0070345E+00
    1.0072636E+00   1.0071937E+00   1.0070504E+00   1.0068818E+00   1.0067483E+00
    1.0066460E+00   1.0065797E+00   1.0065156E+00   1.0064676E+00   1.0064309E+00
    1.0064090E+00   1.0064064E+00   1.0063533E+00   1.0062219E+00

 2.2327273205E+02   1.0853406E-06   2.6297621E+13   1.7175252E+00   1.2808981E+10   1.0826759E-01   9.9646963E-01    47 
    3.1028626E-01   3.3245676E-01   2.9432030E-01   3.7500058E-01   3.8924183E-01
    3.8918594E-01   4.0323570E-01   3.6409577E-01   6.5465615E-01   5.2617800E-01
    8.8521806E-01   7.4469474E-01   7.2351827E-01   1.4176944E+00   4.8513898E-01
    5.3064656E-01   4.7229376E-01   8.7477266E-01   5.4706936E-01   5.9016558E-01
    5.7159664E-01   7.6377843E-01   6.6853006E-01   7.1757707E-01   8.0929586E-01
    1.0085084E+00   8.4467758E-01   8.6445974E-01   8.8812955E-01   9.8067603E-01
    9.4242825E-01   9.5560479E-01   9.8220032E-01   1.0126197E+00   9.6534907E-01
    9.7394644E-01   9.8225159E-01   1.0022024E+00   9.9644725E-01   9.9710555E-01
    1.0022777E+00   1.0122247E+00   1.0096651E+00   1.0090227E+00   1.0088315E+00
    1.0090793E+00   1.0099890E+00   1.0087043E+00   1.0082092E+00   1.0078488E+00
    1.0076276E+00   1.0073215E+00   1.0070441E+00   1.0068005E+00   1.0066179E+00
    1.0064802E+00   1.0063853E+00   1.0063062E+00   1.0062485E+00   1.0062072E+00
    1.0061835E+00   1.0061815E+00   1.0061297E+00   1.0059700E+00

 2.2311661995E+02   1.3052275E-05   3.2240550E+13   1.7878930E+00   3.6579504E+09   8.8504810E-02   9.9711310E-01    48 
    4.2542924E-01   4.5319436E-01   3.9048421E-01   4.8145500E-01   5.1002642E-01
    5.0997883E-01   5.2466362E-01   4.6296045E-01   7.6614656E-01   6.4035177E-01
    9.6767730E-01   8.5465983E-01   8.1671329E-01   1.4660120E+00   5.8840039E-01
    6.0898122E-01   5.8184411E-01   9.3811067E-01   6.3668046E-01   6.6710175E-01
    6.6606742E-01   8.2058530E-01   7.5385553E-01   7.9094141E-01   8.6672233E-01
    1.0154204E+00   8.8984957E-01   9.0440346E-01   9.2312584E-01   9.8899445E-01
    9.6392482E-01   9.7234642E-01   9.9104560E-01   1.0117418E+00   9.7763761E-01
    9.8343229E-01   9.8935357E-01   1.0036308E+00   9.9794749E-01   9.9851792E-01
    1.0021446E+00   1.0091332E+00   1.0068204E+00   1.0064058E+00   1.0062654E+00
    1.0065737E+00   1.0067581E+00   1.0057004E+00   1.0052678E+00   1.0049600E+00
    1.0047547E+00   1.0045191E+00   1.0043167E+00   1.0041433E+00   1.0040145E+00
    1.0039172E+00   1.0038497E+00   1.0037943E+00   1.0037541E+00   1.0037256E+00
    1.0037094E+00   1.0037084E+00   1.0036758E+00   1.0035785E+00

 2.2295108869E+02   2.0142263E-04   3.9139972E+13   1.8681875E+00   8.7998626E+08   7.3050747E-02   9.9761658E-01    49 
    5.4203596E-01   5.7264790E-01   5.1038240E-01   6.0106458E-01   6.2655174E-01
    6.2673232E-01   6.4438181E-01   5.8515923E-01   8.5700501E-01   7.4784405E-01
    1.0323985E+00   9.3393799E-01   8.9810345E-01   1.4736218E+00   6.8954240E-01
    6.7791937E-01   6.9416082E-01   9.9198452E-01   7.2182787E-01   7.3790532E-01
    7.6020074E-01   8.8226571E-01   8.2799038E-01   8.5370037E-01   9.1726553E-01
    1.0231840E+00   9.2724356E-01   9.3725742E-01   9.5361676E-01   9.9850753E-01
    9.8049045E-01   9.8536865E-01   9.9879901E-01   1.0124405E+00   9.8657937E-01
    9.9035697E-01   9.9483645E-01   1.0050585E+00   9.9904643E-01   9.9959740E-01
    1.0022560E+00   1.0071801E+00   1.0047199E+00   1.0044999E+00   1.0045190E+00
    1.0049588E+00   1.0046491E+00   1.0037683E+00   1.0033846E+00   1.0031184E+00
    1.0029342E+00   1.0027524E+00   1.0026042E+00   1.0024809E+00   1.0023902E+00
    1.0023218E+00   1.0022740E+00   1.0022356E+00   1.0022078E+00   1.0021885E+00
    1.0021776E+00   1.0021770E+00   1.0021570E+00   1.0020977E+00

 2.2277298273E+02   3.5990597E-03   4.7388951E+13   1.9578930E+00   1.9020329E+08   6.0448178E-02   9.9802735E-01    50 
    6.4700421E-01   6.7739820E-01   6.4087915E-01   7.1983815E-01   7.2577627E-01
    7.2643351E-01   7.4858314E-01   7.1483792E-01   9.2129871E-01   8.3795386E-01
    1.0701812E+00   9.8093025E-01   9.6415323E-01   1.4345005E+00   7.7796546E-01
    7.3725485E-01   7.9569387E-01   1.0295281E+00   7.9578314E-01   8.0039125E-01
    8.4316459E-01   9.3724759E-01   8.8768619E-01   9.0420223E-01   9.5763309E-01
    1.0295722E+00   9.5630567E-01   9.6286207E-01   9.7776116E-01   1.0069539E+00
    9.9234724E-01   9.9482521E-01   1.0046694E+00   1.0134070E+00   9.9286373E-01
    9.9527660E-01   9.9880906E-01   1.0061459E+00   9.9989376E-01   1.0004346E+00
    1.0024545E+00   1.0059509E+00   1.0032943E+00   1.0032216E+00   1.0033872E+00
    1.0039392E+00   1.0033284E+00   1.0025806E+00   1.0022320E+00   1.0019965E+00
    1.0018324E+00   1.0016890E+00   1.0015776E+00   1.0014881E+00   1.0014229E+00
    1.0013740E+00   1.0013396E+00   1.0013127E+00   1.0012934E+00   1.0012801E+00
    1.0012727E+00   1.0012725E+00   1.0012602E+00   1.0012231E+00

 2.2258021151E+02   6.7795988E-02   5.7530112E+13   2.0569287E+00   3.9515069E+07   4.9884129E-02   9.9837181E-01    51 
    7.4611783E-01   7.7090240E-01   7.4871671E-01   8.1634199E-01   8.1585316E-01
    8.1690965E-01   8.3574041E-01   8.1575127E-01   9.6360617E-01   9.1621004E-01
    1.0881496E+00   1.0120425E+00   1.0049370E+00   1.3460840E+00   8.5267698E-01
    7.9972939E-01   8.7561281E-01   1.0414994E+00   8.6028143E-01   8.5891786E-01
    9.0638748E-01   9.7264680E-01   9.3395425E-01   9.4347314E-01   9.8414833E-01
    1.0290194E+00   9.7703361E-01   9.8086751E-01   9.9276668E-01   1.0101882E+00
    9.9936346E-01   1.0002483E+00   1.0069473E+00   1.0121214E+00   9.9688595E-01
    9.9831130E-01   1.0008753E+00   1.0058175E+00   1.0003962E+00   1.0008408E+00
    1.0022701E+00   1.0046134E+00   1.0022824E+00   1.0022736E+00   1.0024619E+00
    1.0029722E+00   1.0023181E+00   1.0017323E+00   1.0014449E+00   1.0012542E+00
    1.0011211E+00   1.0010136E+00   1.0009326E+00   1.0008693E+00   1.0008235E+00
    1.0007894E+00   1.0007653E+00   1.0007469E+00   1.0007337E+00   1.0007247E+00
    1.0007198E+00   1.0007198E+00   1.0007125E+00   1.0006899E+00

 2.2237189772E+02   1.3189828E+00   7.0146598E+13   2.1661718E+00   7.9663054E+06   4.0988646E-02   9.9866195E-01    52 
    8.2874974E-01   8.4218517E-01   8.2866607E-01   8.8314512E-01   8.8551557E-01
    8.8659362E-01   8.9560002E-01   8.8373544E-01   9.8180836E-01   9.7390830E-01
    1.0878741E+00   1.0208886E+00   1.0188605E+00   1.2331198E+00   9.1022164E-01
    8.6602852E-01   9.2867902E-01   1.0315621E+00   9.1271742E-01   9.1051260E-01
    9.4640746E-01   9.8652414E-01   9.6505254E-01   9.6980964E-01   9.9545688E-01
    1.0199880E+00   9.8827821E-01   9.9024897E-01   9.9781589E-01   1.0069669E+00
    1.0011859E+00   1.0012286E+00   1.0050703E+00   1.0078083E+00   9.9873322E-01
    9.9944226E-01   1.0009977E+00   1.0038111E+00   1.0003447E+00   1.0006354E+00
    1.0014939E+00   1.0028270E+00   1.0013757E+00   1.0013718E+00   1.0014871E+00
    1.0018122E+00   1.0013641E+00   1.0010004E+00   1.0008180E+00   1.0006974E+00
    1.0006120E+00   1.0005449E+00   1.0004945E+00   1.0004554E+00   1.0004272E+00
    1.0004062E+00   1.0003914E+00   1.0003801E+00   1.0003720E+00   1.0003666E+00
    1.0003637E+00   1.0003637E+00   1.0003599E+00   1.0003479E+00

 2.2214832976E+02   2.6031085E+01   8.5705466E+13   2.2867599E+00   1.5734455E+06   3.3613417E-02   9.9890258E-01    53 
    8.8986333E-01   8.9357954E-01   8.8984927E-01   9.2857604E-01   9.3080872E-01
    9.3131018E-01   9.3388807E-01   9.3078011E-01   9.8582363E-01   1.0114601E+00
    1.0793693E+00   1.0154333E+00   1.0190319E+00   1.1273247E+00   9.5101114E-01
    9.2267622E-01   9.6113017E-01   1.0144458E+00   9.5078206E-01   9.4914706E-01
    9.6942987E-01   9.8938101E-01   9.8295531E-01   9.8476980E-01   9.9801202E-01
    1.0093303E+00   9.9319858E-01   9.9410972E-01   9.9797744E-01   1.0020255E+00
    1.0004916E+00   1.0002222E+00   1.0020145E+00   1.0032783E+00   9.9927000E-01
    9.9953203E-01   1.0003042E+00   1.0015854E+00   1.0000375E+00   1.0001948E+00
    1.0006247E+00   1.0012366E+00   1.0006528E+00   1.0006393E+00   1.0006752E+00
    1.0008149E+00   1.0006227E+00   1.0004594E+00   1.0003786E+00   1.0003240E+00
    1.0002834E+00   1.0002507E+00   1.0002254E+00   1.0002055E+00   1.0001910E+00
    1.0001801E+00   1.0001724E+00   1.0001665E+00   1.0001623E+00   1.0001595E+00
    1.0001580E+00   1.0001580E+00   1.0001563E+00   1.0001512E+00

 2.2191057779E+02   4.9830865E+02   1.0440777E+14   2.4192865E+00   3.1226862E+05   2.7650764E-02   9.9909716E-01    54 
    9.3618893E-01   9.3677495E-01   9.3620592E-01   9.6184268E-01   9.6064211E-01
    9.6076410E-01   9.6416579E-01   9.6381757E-01   9.8909379E-01   1.0378333E+00
    1.0740185E+00   1.0120200E+00   1.0179853E+00   1.0445353E+00   9.7899586E-01
    9.6144562E-01   9.8194896E-01   1.0008027E+00   9.7601712E-01   9.7410617E-01
    9.8347539E-01   9.9055624E-01   9.9267941E-01   9.9276972E-01   9.9854895E-01
    1.0025577E+00   9.9584414E-01   9.9617862E-01   9.9788379E-01   9.9917791E-01
    9.9983284E-01   9.9949764E-01   1.0001681E+00   1.0006344E+00   9.9945327E-01
    9.9948786E-01   9.9980340E-01   1.0002621E+00   9.9983896E-01   9.9991331E-01
    1.0000981E+00   1.0003229E+00   1.0002296E+00   1.0002128E+00   1.0002066E+00
    1.0002422E+00   1.0002079E+00   1.0001626E+00   1.0001423E+00   1.0001269E+00
    1.0001132E+00   1.0001010E+00   1.0000907E+00   1.0000820E+00   1.0000757E+00
    1.0000709E+00   1.0000674E+00   1.0000647E+00   1.0000628E+00   1.0000615E+00
    1.0000608E+00   1.0000608E+00   1.0000602E+00   1.0000584E+00

 2.2165972363E+02   8.7547998E+03   1.2612510E+14   2.5640276E+00   6.3359293E+04   2.2945557E-02   9.9925073E-01    55 
    9.6953048E-01   9.6961263E-01   9.6953103E-01   9.8554331E-01   9.8156811E-01
    9.8224806E-01   9.8678722E-01   9.8694931E-01   9.9448171E-01   1.0475567E+00
    1.0639425E+00   1.0107451E+00   1.0159909E+00   9.8427488E-01   9.9672078E-01
    9.8587927E-01   9.9475997E-01   9.9098774E-01   9.9144554E-01   9.8903437E-01
    9.9177691E-01   9.9118432E-01   9.9757115E-01   9.9678578E-01   9.9853369E-01
    9.9881578E-01   9.9742911E-01   9.9745844E-01   9.9801573E-01   9.9795376E-01
    9.9952753E-01   9.9923176E-01   9.9935213E-01   9.9939305E-01   9.9956222E-01
    9.9949826E-01   9.9957180E-01   9.9964606E-01   9.9976181E-01   9.9978784E-01
    9.9984383E-01   9.9988591E-01   1.0000134E+00   9.9999800E-01   9.9997453E-01
    9.9996211E-01   1.0000047E+00   1.0000178E+00   1.0000276E+00   1.0000319E+00
    1.0000321E+00   1.0000306E+00   1.0000283E+00   1.0000258E+00   1.0000239E+00
    1.0000223E+00   1.0000212E+00   1.0000203E+00   1.0000196E+00   1.0000191E+00
    1.0000189E+00   1.0000189E+00   1.0000187E+00   1.0000184E+00

 2.2139602513E+02   1.3022255E+05   1.5018234E+14   2.7215853E+00   1.3270511E+04   1.9334392E-02   9.9936861E-01    56 
    9.9339753E-01   9.9341098E-01   9.9339575E-01   1.0032981E+00   1.0012280E+00
    1.0023747E+00   1.0043718E+00   1.0048052E+00   1.0018635E+00   1.0388279E+00
    1.0425286E+00   9.9910742E-01   9.9613532E-01   9.4476489E-01   1.0079586E+00
    1.0015001E+00   1.0024142E+00   9.8295295E-01   1.0007462E+00   9.9788718E-01
    9.9646362E-01   9.9066285E-01   9.9981183E-01   9.9852999E-01   9.9797654E-01
    9.9608225E-01   9.9846963E-01   9.9828271E-01   9.9815859E-01   9.9735174E-01
    9.9946202E-01   9.9921675E-01   9.9905831E-01   9.9881109E-01   9.9962736E-01
    9.9952342E-01   9.9946390E-01   9.9935064E-01   9.9974226E-01   9.9973723E-01
    9.9972151E-01   9.9967009E-01   9.9990309E-01   9.9988856E-01   9.9985658E-01
    9.9981868E-01   9.9990058E-01   9.9994335E-01   9.9996906E-01   9.9998397E-01
    9.9999192E-01   9.9999636E-01   9.9999860E-01   9.9999961E-01   1.0000002E+00
    1.0000005E+00   1.0000007E+00   1.0000008E+00   1.0000009E+00   1.0000009E+00
    1.0000009E+00   1.0000009E+00   1.0000009E+00   1.0000011E+00

 2.2111799297E+02   1.4698158E+06   1.7546720E+14   2.8930745E+00   2.8706634E+03   1.6650715E-02   9.9945623E-01    57 
    1.0086083E+00   1.0086107E+00   1.0086073E+00   1.0155353E+00   1.0154575E+00
    1.0168191E+00   1.0175706E+00   1.0181725E+00   1.0062536E+00   1.0196763E+00
    1.0160230E+00   9.7786920E-01   9.6803251E-01   9.3124178E-01   1.0128679E+00
    1.0091495E+00   1.0045080E+00   9.7926390E-01   1.0048629E+00   1.0019234E+00
    9.9833508E-01   9.9039258E-01   1.0002103E+00   9.9876156E-01   9.9707536E-01
    9.9430265E-01   9.9905541E-01   9.9875484E-01   9.9827955E-01   9.9716173E-01
    9.9947915E-01   9.9928937E-01   9.9902461E-01   9.9862868E-01   9.9966310E-01
    9.9955779E-01   9.9944185E-01   9.9925696E-01   9.9975146E-01   9.9973221E-01
    9.9968351E-01   9.9959294E-01   9.9985704E-01   9.9984390E-01   9.9981067E-01
    9.9976377E-01   9.9985938E-01   9.9991310E-01   9.9994473E-01   9.9996375E-01
    9.9997507E-01   9.9998211E-01   9.9998649E-01   9.9998922E-01   9.9999102E-01
    9.9999228E-01   9.9999316E-01   9.9999376E-01   9.9999417E-01   9.9999442E-01
    9.9999455E-01   9.9999455E-01   9.9999465E-01   9.9999506E-01

 2.2082116465E+02   1.1685791E+07   2.0096730E+14   3.0797466E+00   6.3973424E+02   1.4754858E-02   9.9951813E-01    58 
    1.0106304E+00   1.0106302E+00   1.0106300E+00   1.0170073E+00   1.0171974E+00
    1.0185518E+00   1.0181740E+00   1.0186804E+00   1.0036838E+00   1.0010683E+00
    9.9558800E-01   9.7112359E-01   9.6161735E-01   9.5185794E-01   1.0098994E+00
    1.0082935E+00   1.0028672E+00   9.8507218E-01   1.0041468E+00   1.0020429E+00
    9.9887189E-01   9.9313069E-01   9.9961647E-01   9.9851720E-01   9.9695792E-01
    9.9491136E-01   9.9934991E-01   9.9912113E-01   9.9868788E-01   9.9780810E-01
    9.9957123E-01   9.9946860E-01   9.9926176E-01   9.9894025E-01   9.9974469E-01
    9.9967201E-01   9.9957515E-01   9.9942828E-01   9.9981492E-01   9.9979928E-01
    9.9975592E-01   9.9968072E-01   9.9987879E-01   9.9987018E-01   9.9984678E-01
    9.9981240E-01   9.9988664E-01   9.9992910E-01   9.9995387E-01   9.9996890E-01
    9.9997809E-01   9.9998392E-01   9.9998770E-01   9.9999017E-01   9.9999182E-01
    9.9999301E-01   9.9999384E-01   9.9999442E-01   9.9999482E-01   9.9999507E-01
    9.9999521E-01   9.9999521E-01   9.9999529E-01   9.9999558E-01

 2.2049584616E+02   6.7587470E+07   2.2688228E+14   3.2829185E+00   1.4871229E+02   1.3538087E-02   9.9955786E-01    59 
    1.0041257E+00   1.0041247E+00   1.0041255E+00   1.0105400E+00   1.0099096E+00
    1.0109556E+00   1.0092870E+00   1.0096574E+00   9.9899599E-01   9.9264811E-01
    9.8984004E-01   9.8227711E-01   9.7961472E-01   9.8285673E-01   1.0041345E+00
    1.0039723E+00   1.0013402E+00   9.9465892E-01   1.0018827E+00   1.0010206E+00
    9.9956049E-01   9.9730176E-01   9.9929667E-01   9.9878882E-01   9.9798236E-01
    9.9715741E-01   9.9963006E-01   9.9954340E-01   9.9933694E-01   9.9892484E-01
    9.9975457E-01   9.9973254E-01   9.9964299E-01   9.9949322E-01   9.9987525E-01
    9.9984132E-01   9.9979448E-01   9.9972846E-01   9.9991118E-01   9.9990472E-01
    9.9988324E-01   9.9984689E-01   9.9993722E-01   9.9993365E-01   9.9992359E-01
    9.9990975E-01   9.9994556E-01   9.9996618E-01   9.9997802E-01   9.9998517E-01
    9.9998957E-01   9.9999234E-01   9.9999417E-01   9.9999539E-01   9.9999620E-01
    9.9999680E-01   9.9999721E-01   9.9999751E-01   9.9999772E-01   9.9999785E-01
    9.9999792E-01   9.9999793E-01   9.9999798E-01   9.9999810E-01

 2.2012343981E+02   3.1002340E+08   2.5402936E+14   3.5043216E+00   3.6635811E+01   1.2833741E-02   9.9958085E-01    60 
    9.9935694E-01   9.9935615E-01   9.9935677E-01   1.0052239E+00   1.0043386E+00
    1.0051640E+00   1.0038856E+00   1.0042077E+00   9.9801024E-01   9.9464604E-01
    9.9443415E-01   9.9366082E-01   9.9403105E-01   9.9583246E-01   1.0014850E+00
    1.0015131E+00   1.0008978E+00   9.9919668E-01   1.0007424E+00   1.0004997E+00
    1.0000615E+00   9.9944951E-01   9.9949735E-01   9.9933918E-01   9.9903214E-01
    9.9879703E-01   9.9983394E-01   9.9981425E-01   9.9974471E-01   9.9960075E-01
    9.9987856E-01   9.9988660E-01   9.9986121E-01   9.9981056E-01   9.9994587E-01
    9.9993468E-01   9.9991821E-01   9.9989789E-01   9.9996191E-01   9.9995984E-01
    9.9995200E-01   9.9993939E-01   9.9997034E-01   9.9996921E-01   9.9996627E-01
    9.9996316E-01   9.9997733E-01   9.9998570E-01   9.9999054E-01   9.9999350E-01
    9.9999536E-01   9.9999654E-01   9.9999735E-01   9.9999790E-01   9.9999829E-01
    9.9999857E-01   9.9999877E-01   9.9999892E-01   9.9999902E-01   9.9999909E-01
    9.9999914E-01   9.9999915E-01   9.9999918E-01   9.9999923E-01

 2.1967226545E+02   1.2060886E+09   2.8346310E+14   3.7466991E+00   9.5747198E+00   1.2183952E-02   9.9960207E-01    61 
    9.9759679E-01   9.9759643E-01   9.9759659E-01   1.0020185E+00   1.0013956E+00
    1.0021526E+00   1.0015265E+00   1.0018117E+00   9.9876831E-01   9.9808721E-01
    9.9839804E-01   9.9859845E-01   9.9900244E-01   9.9926869E-01   1.0006360E+00
    1.0005495E+00   1.0006679E+00   1.0003786E+00   1.0002522E+00   1.0002132E+00
    1.0001547E+00   1.0000597E+00   9.9976857E-01   9.9973953E-01   9.9965131E-01
    9.9959726E-01   9.9990709E-01   9.9990980E-01   9.9989468E-01   9.9986109E-01
    9.9991968E-01   9.9993249E-01   9.9993034E-01   9.9991970E-01   9.9996130E-01
    9.9996084E-01   9.9995607E-01   9.9995236E-01   9.9997331E-01   9.9997302E-01
    9.9997080E-01   9.9996812E-01   9.9997975E-01   9.9997976E-01   9.9997918E-01
    9.9997929E-01   9.9998642E-01   9.9999099E-01   9.9999376E-01   9.9999554E-01
    9.9999673E-01   9.9999751E-01   9.9999808E-01   9.9999849E-01   9.9999878E-01
    9.9999899E-01   9.9999914E-01   9.9999926E-01   9.9999934E-01   9.9999939E-01
    9.9999942E-01   9.9999943E-01   9.9999944E-01   9.9999948E-01

 2.1910481612E+02   3.8157764E+09   3.2294624E+14   4.0103195E+00   2.7453831E+00   1.1065685E-02   9.9963859E-01    62 
    9.9808892E-01   9.9808883E-01   9.9808869E-01   1.0004096E+00   9.9996751E-01
    1.0006720E+00   1.0003450E+00   1.0006023E+00   9.9947178E-01   9.9933334E-01
    9.9964202E-01   9.9981692E-01   9.9999666E-01   9.9995051E-01   1.0002680E+00
    1.0001995E+00   1.0003450E+00   1.0003393E+00   1.0000379E+00   1.0000488E+00
    1.0000562E+00   1.0000822E+00   9.9991720E-01   9.9991864E-01   9.9989895E-01
    9.9988861E-01   9.9992731E-01   9.9993365E-01   9.9993428E-01   9.9993690E-01
    9.9994207E-01   9.9995098E-01   9.9995289E-01   9.9995393E-01   9.9997071E-01
    9.9997289E-01   9.9997158E-01   9.9997113E-01   9.9998074E-01   9.9998099E-01
    9.9998056E-01   9.9998030E-01   9.9998665E-01   9.9998696E-01   9.9998687E-01
    9.9998707E-01   9.9999132E-01   9.9999415E-01   9.9999590E-01   9.9999704E-01
    9.9999782E-01   9.9999836E-01   9.9999874E-01   9.9999903E-01   9.9999923E-01
    9.9999937E-01   9.9999948E-01   9.9999956E-01   9.9999961E-01   9.9999965E-01
    9.9999967E-01   9.9999967E-01   9.9999967E-01   9.9999970E-01

 2.1840626794E+02   9.0065258E+09   3.8610623E+14   4.2975419E+00   8.8336545E-01   9.4242121E-03   9.9969219E-01    63 
    9.9885605E-01   9.9885624E-01   9.9885575E-01   1.0000110E+00   9.9965463E-01
    1.0002880E+00   1.0000447E+00   1.0002764E+00   9.9984072E-01   9.9973388E-01
    9.9996621E-01   9.9997580E-01   1.0000761E+00   1.0000252E+00   1.0001117E+00
    1.0000729E+00   1.0001559E+00   1.0001745E+00   1.0000037E+00   1.0000099E+00
    1.0000197E+00   1.0000481E+00   9.9998386E-01   9.9998585E-01   9.9998255E-01
    9.9997948E-01   9.9996101E-01   9.9996356E-01   9.9996703E-01   9.9997442E-01
    9.9997192E-01   9.9997576E-01   9.9997673E-01   9.9997908E-01   9.9998578E-01
    9.9998734E-01   9.9998728E-01   9.9998717E-01   9.9999133E-01   9.9999145E-01
    9.9999143E-01   9.9999151E-01   9.9999431E-01   9.9999449E-01   9.9999455E-01
    9.9999454E-01   9.9999634E-01   9.9999753E-01   9.9999827E-01   9.9999876E-01
    9.9999908E-01   9.9999932E-01   9.9999948E-01   9.9999961E-01   9.9999970E-01
    9.9999976E-01   9.9999981E-01   9.9999984E-01   9.9999986E-01   9.9999988E-01
    9.9999989E-01   9.9999989E-01   9.9999989E-01   9.9999990E-01

 2.1759361207E+02   1.6133460E+10   4.8594344E+14   4.6109200E+00   3.1906590E-01   7.5778232E-03   9.9975249E-01    64 
    9.9933756E-01   9.9933820E-01   9.9933710E-01   1.0000044E+00   9.9970411E-01
    1.0002600E+00   1.0000474E+00   1.0002539E+00   1.0000152E+00   9.9990708E-01
    1.0000668E+00   9.9994301E-01   1.0000370E+00   1.0000271E+00   1.0000559E+00
    1.0000314E+00   1.0000723E+00   1.0000826E+00   1.0000108E+00   1.0000082E+00
    1.0000124E+00   1.0000261E+00   1.0000009E+00   1.0000017E+00   1.0000017E+00
    9.9999983E-01   9.9998297E-01   9.9998318E-01   9.9998592E-01   9.9999081E-01
    9.9998917E-01   9.9999041E-01   9.9999062E-01   9.9999215E-01   9.9999459E-01
    9.9999531E-01   9.9999550E-01   9.9999542E-01   9.9999698E-01   9.9999697E-01
    9.9999701E-01   9.9999709E-01   9.9999807E-01   9.9999814E-01   9.9999821E-01
    9.9999819E-01   9.9999880E-01   9.9999919E-01   9.9999943E-01   9.9999959E-01
    9.9999970E-01   9.9999978E-01   9.9999983E-01   9.9999988E-01   9.9999991E-01
    9.9999993E-01   9.9999995E-01   9.9999996E-01   9.9999997E-01   9.9999997E-01
    9.9999998E-01   9.9999998E-01   9.9999999E-01   1.0000000E+00

 2.1669626511E+02   2.4721170E+10   6.3800025E+14   4.9520269E+00   1.2849274E-01   5.8302815E-03   9.9980956E-01    65 
    9.9962348E-01   9.9962453E-01   9.9962283E-01   1.0000447E+00   9.9978323E-01
    1.0002610E+00   1.0000665E+00   1.0002483E+00   1.0000746E+00   9.9996961E-01
    1.0000812E+00   9.9989883E-01   9.9999448E-01   1.0000206E+00   1.0000361E+00
    1.0000200E+00   1.0000370E+00   1.0000396E+00   1.0000136E+00   1.0000075E+00
    1.0000075E+00   1.0000123E+00   1.0000026E+00   1.0000029E+00   1.0000028E+00
    1.0000015E+00   9.9999227E-01   9.9999178E-01   9.9999345E-01   9.9999614E-01
    9.9999573E-01   9.9999602E-01   9.9999605E-01   9.9999683E-01   9.9999784E-01
    9.9999813E-01   9.9999824E-01   9.9999820E-01   9.9999882E-01   9.9999881E-01
    9.9999885E-01   9.9999889E-01   9.9999926E-01   9.9999929E-01   9.9999932E-01
    9.9999932E-01   9.9999955E-01   9.9999970E-01   9.9999979E-01   9.9999985E-01
    9.9999989E-01   9.9999992E-01   9.9999994E-01   9.9999996E-01   9.9999997E-01
    9.9999998E-01   9.9999999E-01   9.9999999E-01   1.0000000E+00   1.0000000E+00
    1.0000000E+00   1.0000000E+00   1.0000000E+00   1.0000000E+00

 2.1574508371E+02   3.5569562E+10   8.6042574E+14   5.3223868E+00   5.6911230E-02   4.3649577E-03   9.9985742E-01    66 
    9.9981157E-01   9.9981283E-01   9.9981077E-01   1.0000619E+00   9.9983085E-01
    1.0002323E+00   1.0000531E+00   1.0002114E+00   1.0000741E+00   9.9997735E-01
    1.0000597E+00   9.9987849E-01   9.9996368E-01   1.0000020E+00   1.0000235E+00
    1.0000132E+00   1.0000182E+00   1.0000164E+00   1.0000108E+00   1.0000050E+00
    1.0000032E+00   1.0000040E+00   1.0000014E+00   1.0000012E+00   1.0000008E+00
    9.9999996E-01   9.9999597E-01   9.9999540E-01   9.9999635E-01   9.9999772E-01
    9.9999806E-01   9.9999808E-01   9.9999804E-01   9.9999838E-01   9.9999894E-01
    9.9999905E-01   9.9999907E-01   9.9999906E-01   9.9999940E-01   9.9999941E-01
    9.9999942E-01   9.9999943E-01   9.9999963E-01   9.9999964E-01   9.9999965E-01
    9.9999965E-01   9.9999977E-01   9.9999984E-01   9.9999989E-01   9.9999993E-01
    9.9999995E-01   9.9999996E-01   9.9999997E-01   9.9999998E-01   9.9999999E-01
    9.9999999E-01   1.0000000E+00   1.0000000E+00   1.0000000E+00   1.0000000E+00
    1.0000000E+00   1.0000000E+00   1.0000000E+00   1.0000000E+00

 2.1475203582E+02   5.0025031E+10   1.1764057E+15   5.7291440E+00   2.7030013E-02   3.2235075E-03   9.9989470E-01    67 
    9.9993438E-01   9.9993584E-01   9.9993352E-01   1.0000506E+00   9.9985045E-01
    1.0001792E+00   1.0000179E+00   1.0001540E+00   1.0000544E+00   9.9997056E-01
    1.0000323E+00   9.9988115E-01   9.9994823E-01   9.9998300E-01   1.0000123E+00
    1.0000063E+00   1.0000055E+00   1.0000021E+00   1.0000062E+00   1.0000019E+00
    9.9999979E-01   9.9999903E-01   9.9999985E-01   9.9999957E-01   9.9999904E-01
    9.9999849E-01   9.9999747E-01   9.9999703E-01   9.9999754E-01   9.9999816E-01
    9.9999890E-01   9.9999887E-01   9.9999878E-01   9.9999889E-01   9.9999936E-01
    9.9999940E-01   9.9999939E-01   9.9999936E-01   9.9999963E-01   9.9999964E-01
    9.9999964E-01   9.9999962E-01   9.9999977E-01   9.9999978E-01   9.9999978E-01
    9.9999977E-01   9.9999985E-01   9.9999990E-01   9.9999993E-01   9.9999995E-01
    9.9999997E-01   9.9999998E-01   9.9999999E-01   9.9999999E-01   9.9999999E-01
    1.0000000E+00   1.0000000E+00   1.0000000E+00   1.0000000E+00   1.0000000E+00
    1.0000000E+00   1.0000000E+00   1.0000000E+00   1.0000000E+00

 2.1429352198E+02   5.8102322E+10   1.3567604E+15   5.9263115E+00   1.9686831E-02   2.8073172E-03   9.9990830E-01    68 
    9.9997020E-01   9.9997178E-01   9.9996937E-01   1.0000451E+00   9.9985954E-01
    1.0001575E+00   1.0000049E+00   1.0001312E+00   1.0000459E+00   9.9996862E-01
    1.0000227E+00   9.9988807E-01   9.9994613E-01   9.9997816E-01   1.0000088E+00
    1.0000039E+00   1.0000018E+00   9.9999808E-01   1.0000047E+00   1.0000010E+00
    9.9999891E-01   9.9999783E-01   9.9999959E-01   9.9999926E-01   9.9999873E-01
    9.9999825E-01   9.9999801E-01   9.9999763E-01   9.9999800E-01   9.9999840E-01
    9.9999918E-01   9.9999914E-01   9.9999905E-01   9.9999909E-01   9.9999951E-01
    9.9999953E-01   9.9999952E-01   9.9999948E-01   9.9999972E-01   9.9999972E-01
    9.9999971E-01   9.9999970E-01   9.9999982E-01   9.9999983E-01   9.9999982E-01
    9.9999982E-01   9.9999988E-01   9.9999992E-01   9.9999995E-01   9.9999997E-01
    9.9999998E-01   9.9999998E-01   9.9999999E-01   9.9999999E-01   9.9999999E-01
    1.0000000E+00   1.0000000E+00   1.0000000E+00   1.0000000E+00   1.0000000E+00
    1.0000000E+00   1.0000000E+00   1.0000000E+00   1.0000000E+00

 2.1406289411E+02   6.2544282E+10   1.4565547E+15   6.0277026E+00   1.6887859E-02   2.6207431E-03   9.9991439E-01    69 
    9.9997011E-01   9.9997175E-01   9.9996930E-01   1.0000439E+00   9.9986575E-01
    1.0001489E+00   1.0000010E+00   1.0001225E+00   1.0000439E+00   9.9997000E-01
    1.0000205E+00   9.9989354E-01   9.9994757E-01   9.9997805E-01   1.0000090E+00
    1.0000040E+00   1.0000014E+00   9.9999765E-01   1.0000047E+00   1.0000012E+00
    9.9999918E-01   9.9999795E-01   9.9999984E-01   9.9999941E-01   9.9999886E-01
    9.9999837E-01   9.9999823E-01   9.9999786E-01   9.9999818E-01   9.9999853E-01
    9.9999928E-01   9.9999924E-01   9.9999914E-01   9.9999917E-01   9.9999955E-01
    9.9999957E-01   9.9999955E-01   9.9999952E-01   9.9999974E-01   9.9999974E-01
    9.9999974E-01   9.9999972E-01   9.9999984E-01   9.9999984E-01   9.9999984E-01
    9.9999983E-01   9.9999989E-01   9.9999993E-01   9.9999995E-01   9.9999997E-01
    9.9999998E-01   9.9999998E-01   9.9999999E-01   9.9999999E-01   9.9999999E-01
    1.0000000E+00   1.0000000E+00   1.0000000E+00   1.0000000E+00   1.0000000E+00
    1.0000000E+00   1.0000000E+00   1.0000000E+00   9.9999999E-01

 2.1398586936E+02   6.4092809E+10   1.4913929E+15   6.0617829E+00   1.6036193E-02   2.5614070E-03   9.9991633E-01    70 
    9.9813678E-01   9.9830879E-01   9.9830520E-01   9.9936950E-01   9.9953646E-01
    9.9981512E-01   9.9935987E-01   9.9947557E-01   9.9983898E-01   9.9995590E-01
    9.9998735E-01   9.9950206E-01   9.9972247E-01   9.9951682E-01   9.9995369E-01
    9.9995588E-01   9.9989746E-01   9.9978437E-01   9.9997050E-01   9.9996304E-01
    9.9994245E-01   9.9991027E-01   9.9997323E-01   9.9997215E-01   9.9996592E-01
    9.9995699E-01   9.9998936E-01   9.9998823E-01   9.9998483E-01   9.9998020E-01
    9.9999222E-01   9.9999177E-01   9.9999090E-01   9.9998961E-01   9.9999523E-01
    9.9999530E-01   9.9999487E-01   9.9999426E-01   9.9999717E-01   9.9999721E-01
    9.9999701E-01   9.9999669E-01   9.9999822E-01   9.9999825E-01   9.9999816E-01
    9.9999801E-01   9.9999876E-01   9.9999921E-01   9.9999948E-01   9.9999965E-01
    9.9999977E-01   9.9999984E-01   9.9999989E-01   9.9999993E-01   9.9999995E-01
    9.9999997E-01   9.9999998E-01   9.9999998E-01   9.9999999E-01   9.9999999E-01
    9.9999999E-01   9.9999999E-01   9.9999999E-01   9.9999999E-01
