
   70                    !Number of depth points
 
 !Electron density
    2.570E+06   2.619E+06   2.721E+06   2.936E+06   3.419E+06   4.639E+06   8.365E+06   1.508E+07   2.710E+07   4.860E+07
    8.678E+07   1.543E+08   2.740E+08   4.861E+08   8.619E+08   1.521E+09   2.687E+09   4.788E+09   8.525E+09   1.505E+10
    2.679E+10   4.772E+10   8.474E+10   1.438E+11   1.949E+11   2.046E+11   1.931E+11   1.882E+11   1.984E+11   2.300E+11
    2.765E+11   3.480E+11   4.184E+11   5.590E+11   7.364E+11   9.892E+11   1.342E+12   1.836E+12   2.528E+12   3.493E+12
    4.830E+12   6.709E+12   9.322E+12   1.295E+13   1.736E+13   2.221E+13   2.765E+13   3.385E+13   4.109E+13   4.980E+13
    6.056E+13   7.392E+13   9.032E+13   1.099E+14   1.323E+14   1.568E+14   1.823E+14   2.078E+14   2.339E+14   2.614E+14
    2.923E+14   3.370E+14   4.088E+14   5.212E+14   6.907E+14   9.409E+14   1.197E+15   1.366E+15   1.459E+15   1.491E+15
 
 !Radius (10^10cm)
    3.297E+04   3.267E+04   3.206E+04   3.089E+04   2.867E+04   2.470E+04   1.851E+04   1.387E+04   1.041E+04   7.833E+03
    5.913E+03   4.483E+03   3.411E+03   2.607E+03   2.004E+03   1.553E+03   1.213E+03   9.554E+02   7.637E+02   6.206E+02
    5.131E+02   4.331E+02   3.736E+02   3.296E+02   3.002E+02   2.796E+02   2.645E+02   2.529E+02   2.436E+02   2.343E+02
    2.270E+02   2.253E+02   2.251E+02   2.250E+02   2.249E+02   2.248E+02   2.247E+02   2.245E+02   2.244E+02   2.243E+02
    2.242E+02   2.240E+02   2.239E+02   2.237E+02   2.235E+02   2.234E+02   2.232E+02   2.231E+02   2.229E+02   2.227E+02
    2.225E+02   2.223E+02   2.221E+02   2.218E+02   2.216E+02   2.213E+02   2.210E+02   2.207E+02   2.204E+02   2.200E+02
    2.195E+02   2.189E+02   2.182E+02   2.174E+02   2.164E+02   2.155E+02   2.147E+02   2.143E+02   2.141E+02   2.140E+02
 
 !Temperature (10^4 K)
    9.705E-01   9.708E-01   9.713E-01   9.721E-01   9.734E-01   9.756E-01   9.793E-01   9.833E-01   9.876E-01   9.923E-01
    9.974E-01   1.003E+00   1.010E+00   1.017E+00   1.026E+00   1.037E+00   1.054E+00   1.079E+00   1.117E+00   1.171E+00
    1.247E+00   1.359E+00   1.489E+00   1.598E+00   1.663E+00   1.691E+00   1.694E+00   1.681E+00   1.660E+00   1.643E+00
    1.651E+00   1.642E+00   1.631E+00   1.616E+00   1.600E+00   1.584E+00   1.568E+00   1.551E+00   1.535E+00   1.522E+00
    1.516E+00   1.520E+00   1.536E+00   1.568E+00   1.614E+00   1.669E+00   1.732E+00   1.806E+00   1.889E+00   1.982E+00
    2.084E+00   2.196E+00   2.320E+00   2.456E+00   2.604E+00   2.766E+00   2.941E+00   3.132E+00   3.340E+00   3.567E+00
    3.815E+00   4.085E+00   4.379E+00   4.700E+00   5.049E+00   5.435E+00   5.752E+00   5.936E+00   6.030E+00   6.062E+00
 
   1.     HYD                           !Atomic Number and descriptor.
    1.000E+00   1.000E+00   1.000E+00   1.000E+00   1.000E+00   1.000E+00   1.000E+00   1.000E+00   1.000E+00   1.000E+00
    1.000E+00   1.000E+00   1.000E+00   1.000E+00   1.000E+00   1.000E+00   1.000E+00   1.000E+00   1.000E+00   1.000E+00
    1.000E+00   1.000E+00   1.000E+00   1.000E+00   1.000E+00   1.000E+00   1.000E+00   1.000E+00   1.000E+00   1.000E+00
    1.000E+00   1.000E+00   1.000E+00   1.000E+00   1.000E+00   1.000E+00   1.000E+00   1.000E+00   1.000E+00   1.000E+00
    1.000E+00   1.000E+00   9.999E-01   9.999E-01   9.999E-01   9.999E-01   9.999E-01   1.000E+00   1.000E+00   1.000E+00
    1.000E+00   1.000E+00   1.000E+00   1.000E+00   1.000E+00   1.000E+00   1.000E+00   1.000E+00   1.000E+00   1.000E+00
    1.000E+00   1.000E+00   1.000E+00   1.000E+00   1.000E+00   1.000E+00   1.000E+00   1.000E+00   1.000E+00   1.000E+00
 
   2.     HE                            !Atomic Number and descriptor.
    8.326E-01   8.332E-01   8.349E-01   8.392E-01   8.492E-01   8.699E-01   9.026E-01   9.265E-01   9.446E-01   9.584E-01
    9.689E-01   9.770E-01   9.832E-01   9.878E-01   9.912E-01   9.937E-01   9.957E-01   9.973E-01   9.985E-01   9.993E-01
    9.998E-01   9.999E-01   9.997E-01   9.992E-01   9.990E-01   9.991E-01   9.992E-01   9.993E-01   9.993E-01   9.993E-01
    9.992E-01   9.990E-01   9.988E-01   9.983E-01   9.978E-01   9.970E-01   9.957E-01   9.937E-01   9.904E-01   9.853E-01
    9.786E-01   9.709E-01   9.650E-01   9.644E-01   9.699E-01   9.778E-01   9.852E-01   9.909E-01   9.947E-01   9.970E-01
    9.983E-01   9.990E-01   9.996E-01   1.000E+00   1.002E+00   1.008E+00   1.031E+00   1.102E+00   1.280E+00   1.561E+00
    1.800E+00   1.920E+00   1.967E+00   1.986E+00   1.993E+00   1.997E+00   1.998E+00   1.998E+00   1.998E+00   1.999E+00
 
   6.     CARB                          !Atomic Number and descriptor.
    1.303E+00   1.304E+00   1.306E+00   1.311E+00   1.325E+00   1.357E+00   1.423E+00   1.491E+00   1.558E+00   1.624E+00
    1.685E+00   1.741E+00   1.791E+00   1.834E+00   1.869E+00   1.900E+00   1.926E+00   1.949E+00   1.968E+00   1.983E+00
    1.992E+00   1.996E+00   1.995E+00   1.992E+00   1.992E+00   1.993E+00   1.994E+00   1.995E+00   1.995E+00   1.995E+00
    1.994E+00   1.992E+00   1.990E+00   1.986E+00   1.982E+00   1.975E+00   1.964E+00   1.948E+00   1.923E+00   1.889E+00
    1.847E+00   1.806E+00   1.777E+00   1.775E+00   1.802E+00   1.843E+00   1.888E+00   1.926E+00   1.955E+00   1.974E+00
    1.986E+00   1.995E+00   2.007E+00   2.034E+00   2.106E+00   2.267E+00   2.522E+00   2.762E+00   2.908E+00   2.998E+00
    3.113E+00   3.327E+00   3.599E+00   3.801E+00   3.907E+00   3.956E+00   3.975E+00   3.981E+00   3.983E+00   3.984E+00
 
   7.     NIT                           !Atomic Number and descriptor.
    1.089E+00   1.089E+00   1.090E+00   1.091E+00   1.096E+00   1.107E+00   1.133E+00   1.163E+00   1.198E+00   1.239E+00
    1.285E+00   1.336E+00   1.390E+00   1.446E+00   1.501E+00   1.558E+00   1.618E+00   1.678E+00   1.736E+00   1.792E+00
    1.835E+00   1.864E+00   1.883E+00   1.898E+00   1.918E+00   1.939E+00   1.953E+00   1.960E+00   1.962E+00   1.959E+00
    1.951E+00   1.933E+00   1.919E+00   1.891E+00   1.855E+00   1.804E+00   1.733E+00   1.638E+00   1.525E+00   1.411E+00
    1.317E+00   1.254E+00   1.223E+00   1.226E+00   1.265E+00   1.342E+00   1.456E+00   1.598E+00   1.737E+00   1.845E+00
    1.915E+00   1.956E+00   1.979E+00   1.994E+00   2.013E+00   2.055E+00   2.163E+00   2.380E+00   2.650E+00   2.846E+00
    2.948E+00   3.014E+00   3.123E+00   3.337E+00   3.609E+00   3.827E+00   3.946E+00   4.007E+00   4.039E+00   4.050E+00
 
   8.     OXY                           !Atomic Number and descriptor.
    1.100E+00   1.101E+00   1.102E+00   1.104E+00   1.109E+00   1.121E+00   1.149E+00   1.182E+00   1.220E+00   1.262E+00
    1.307E+00   1.355E+00   1.404E+00   1.451E+00   1.494E+00   1.534E+00   1.573E+00   1.608E+00   1.640E+00   1.670E+00
    1.686E+00   1.680E+00   1.637E+00   1.558E+00   1.508E+00   1.510E+00   1.537E+00   1.562E+00   1.568E+00   1.550E+00
    1.509E+00   1.425E+00   1.369E+00   1.293E+00   1.226E+00   1.166E+00   1.115E+00   1.076E+00   1.048E+00   1.031E+00
    1.021E+00   1.015E+00   1.013E+00   1.014E+00   1.020E+00   1.031E+00   1.057E+00   1.111E+00   1.216E+00   1.386E+00
    1.592E+00   1.769E+00   1.884E+00   1.946E+00   1.977E+00   1.996E+00   2.023E+00   2.093E+00   2.266E+00   2.548E+00
    2.795E+00   2.925E+00   2.996E+00   3.086E+00   3.261E+00   3.525E+00   3.713E+00   3.796E+00   3.831E+00   3.843E+00
 
  14.     SIL                           !Atomic Number and descriptor.
    2.019E+00   2.019E+00   2.020E+00   2.020E+00   2.020E+00   2.021E+00   2.023E+00   2.025E+00   2.028E+00   2.031E+00
    2.034E+00   2.037E+00   2.041E+00   2.045E+00   2.049E+00   2.053E+00   2.057E+00   2.064E+00   2.078E+00   2.111E+00
    2.190E+00   2.357E+00   2.575E+00   2.738E+00   2.831E+00   2.882E+00   2.903E+00   2.904E+00   2.894E+00   2.878E+00
    2.853E+00   2.782E+00   2.727E+00   2.638E+00   2.540E+00   2.431E+00   2.324E+00   2.232E+00   2.161E+00   2.112E+00
    2.081E+00   2.064E+00   2.057E+00   2.061E+00   2.079E+00   2.119E+00   2.193E+00   2.315E+00   2.482E+00   2.657E+00
    2.799E+00   2.895E+00   2.959E+00   3.015E+00   3.105E+00   3.276E+00   3.528E+00   3.759E+00   3.895E+00   3.957E+00
    3.982E+00   3.992E+00   3.996E+00   3.998E+00   3.999E+00   3.999E+00   3.999E+00   3.999E+00   3.999E+00   3.999E+00
 
  26.     IRON                          !Atomic Number and descriptor.
    2.079E+00   2.079E+00   2.079E+00   2.080E+00   2.081E+00   2.083E+00   2.089E+00   2.096E+00   2.105E+00   2.117E+00
    2.130E+00   2.147E+00   2.168E+00   2.191E+00   2.219E+00   2.251E+00   2.292E+00   2.343E+00   2.403E+00   2.470E+00
    2.537E+00   2.606E+00   2.666E+00   2.707E+00   2.745E+00   2.788E+00   2.820E+00   2.833E+00   2.830E+00   2.811E+00
    2.775E+00   2.709E+00   2.659E+00   2.579E+00   2.495E+00   2.401E+00   2.306E+00   2.220E+00   2.151E+00   2.102E+00
    2.072E+00   2.055E+00   2.047E+00   2.050E+00   2.064E+00   2.094E+00   2.151E+00   2.253E+00   2.408E+00   2.592E+00
    2.755E+00   2.868E+00   2.934E+00   2.970E+00   2.992E+00   3.022E+00   3.092E+00   3.265E+00   3.544E+00   3.793E+00
    3.934E+00   4.033E+00   4.190E+00   4.449E+00   4.708E+00   4.878E+00   4.962E+00   5.005E+00   5.028E+00   5.036E+00
