
 24-FEB-2004                           !Format date

 2.3942170109E+02     5.6592E+05       49       60

 3.6292291576E+04   4.7491466E-02   3.2772251E+06   1.1183122E+00   9.5763235E+00   1.8499207E+03   2.0000000E-02     1 
    6.3816691E-29   3.2046384E-31   3.2046384E-31   2.5686663E-20   3.8214991E-19
    3.8214991E-19   3.4574358E-19   3.4574358E-19   3.2541487E-12   1.0245892E-11
    1.0245892E-11   7.0257747E-12   7.0257747E-12   1.4902308E-11   1.4902308E-11
    1.8099629E-08   2.6874777E-08   2.6874777E-08   1.9813203E-08   1.9813203E-08
    4.3700807E-08   1.6935770E-06   1.9841597E-06   1.3549663E-06   3.4659193E-06
    2.6538291E-05   4.1569158E-06   1.7341493E-05   4.9298772E-05   1.5376934E-04
    1.7067002E-04   9.0695927E-05   2.7798587E-04   5.1652715E-04   4.6504726E-04
    2.8346232E-04   9.0986650E-04   1.2295776E-03   1.0757310E-03   6.4136691E-04
    2.1002055E-03   2.3489620E-03   1.9238334E-03   1.1716965E-03   3.8100305E-03
    3.8604270E-03   3.1163816E-03   1.8692832E-03   5.5912872E-03

 3.5875078294E+04   4.8692756E-02   3.3543815E+06   1.1209071E+00   9.5693274E+00   1.8496537E+03   2.0000000E-02     2 
    7.9095490E-29   3.9684449E-31   3.9684449E-31   2.8433237E-20   4.2034524E-19
    4.2034524E-19   3.7941585E-19   3.7941585E-19   3.4445399E-12   1.0816469E-11
    1.0816469E-11   7.4095351E-12   7.4095351E-12   1.5714461E-11   1.5714461E-11
    1.8776949E-08   2.7843659E-08   2.7843659E-08   2.0515211E-08   2.0515211E-08
    4.5243660E-08   1.7381820E-06   2.0348352E-06   1.3890739E-06   3.5525456E-06
    2.7063396E-05   4.2370945E-06   1.7671619E-05   5.0226265E-05   1.5616626E-04
    1.7327498E-04   9.2061880E-05   2.8210283E-04   5.2311029E-04   4.7086203E-04
    2.8696678E-04   9.2084338E-04   1.2427336E-03   1.0870737E-03   6.4804859E-04
    2.1214098E-03   2.3706234E-03   1.9413111E-03   1.1822222E-03   3.8429227E-03
    3.8916308E-03   3.1412547E-03   1.8840643E-03   5.6332303E-03

 3.5054726075E+04   5.1188658E-02   3.5142579E+06   1.1260838E+00   9.5553285E+00   1.8491102E+03   2.0000000E-02     3 
    1.2095729E-28   6.0612386E-31   6.0612386E-31   3.4772627E-20   5.0766934E-19
    5.0766934E-19   4.5612352E-19   4.5612352E-19   3.8553152E-12   1.2042507E-11
    1.2042507E-11   8.2329321E-12   8.2329321E-12   1.7456703E-11   1.7456703E-11
    2.0194890E-08   2.9868001E-08   2.9868001E-08   2.1980588E-08   2.1980588E-08
    4.8463579E-08   1.8300781E-06   2.1391155E-06   1.4592232E-06   3.7306560E-06
    2.8135023E-05   4.4005127E-06   1.8344577E-05   5.2116236E-05   1.6102830E-04
    1.7855646E-04   9.4830505E-05   2.9044350E-04   5.3641011E-04   4.8260501E-04
    2.9404253E-04   9.4299392E-04   1.2692345E-03   1.1099168E-03   6.6150169E-04
    2.1640763E-03   2.4141658E-03   1.9764356E-03   1.2033728E-03   3.9089741E-03
    3.9542559E-03   3.1911625E-03   1.9137229E-03   5.7173109E-03

 3.3471786353E+04   5.6564396E-02   3.8568721E+06   1.1363363E+00   9.5275936E+00   1.8479862E+03   2.0000000E-02     4 
    2.7679761E-28   1.3865766E-30   1.3865766E-30   5.1526857E-20   7.3410781E-19
    7.3410781E-19   6.5362851E-19   6.5362851E-19   4.8048078E-12   1.4853918E-11
    1.4853918E-11   1.0115386E-11   1.0115386E-11   2.1438383E-11   2.1438383E-11
    2.3282794E-08   3.4259654E-08   3.4259654E-08   2.5153582E-08   2.5153582E-08
    5.5432937E-08   2.0239859E-06   2.3586514E-06   1.6067467E-06   4.1049902E-06
    3.0354412E-05   4.7384631E-06   1.9735208E-05   5.6018846E-05   1.7097849E-04
    1.8935546E-04   1.0048785E-04   3.0747067E-04   5.6341332E-04   5.0643073E-04
    3.0839149E-04   9.8786297E-04   1.3227298E-03   1.1560065E-03   6.8863392E-04
    2.2500178E-03   2.5016983E-03   2.0470295E-03   1.2458632E-03   4.0414959E-03
    4.0797618E-03   3.2911376E-03   1.9731355E-03   5.8854293E-03

 3.0518529249E+04   6.9055249E-02   4.6455512E+06   1.1561951E+00   9.4734740E+00   1.8455748E+03   2.0000000E-02     5 
    1.3058629E-27   6.6063770E-30   6.6063770E-30   1.0822927E-19   1.4723095E-18
    1.4723095E-18   1.2887838E-18   1.2887838E-18   7.2804445E-12   2.2072444E-11
    2.2072444E-11   1.4920192E-11   1.4920192E-11   3.1594092E-11   3.1594092E-11
    3.0458489E-08   4.4389116E-08   4.4389116E-08   3.2446007E-08   3.2446007E-08
    7.1438105E-08   2.4480358E-06   2.8366427E-06   1.9272816E-06   4.9173496E-06
    3.5037019E-05   5.4494280E-06   2.2656712E-05   6.4205811E-05   1.9149780E-04
    2.1158846E-04   1.1212055E-04   3.4241758E-04   6.1826267E-04   5.5476146E-04
    3.3746879E-04   1.0785926E-03   1.4301908E-03   1.2484992E-03   7.4304193E-04
    2.4219297E-03   2.6761351E-03   2.1876516E-03   1.3304347E-03   4.3046109E-03
    4.3283999E-03   3.4890847E-03   2.0907438E-03   6.2170271E-03

 2.5379807932E+04   1.0276532E-01   6.7373871E+06   1.1927348E+00   9.3709435E+00   1.8400756E+03   2.0000000E-02     6 
    1.8933030E-26   1.0196563E-28   1.0196563E-28   3.9780697E-19   4.9905315E-18
    4.9905315E-18   4.2394982E-18   4.2394982E-18   1.5096049E-11   4.4228063E-11
    4.4228063E-11   2.9508149E-11   2.9508149E-11   6.2387053E-11   6.2387053E-11
    4.8815206E-08   6.9951091E-08   6.9951091E-08   5.0728849E-08   5.0728849E-08
    1.1150717E-07   3.4194198E-06   3.9228650E-06   2.6529528E-06   6.7523506E-06
    4.5088980E-05   6.9681192E-06   2.8879373E-05   8.1597721E-05   2.3376385E-04
    2.5725634E-04   1.3595761E-04   4.1377913E-04   7.2820576E-04   6.5139442E-04
    3.9549036E-04   1.2589593E-03   1.6413158E-03   1.4298727E-03   8.4959282E-04
    2.7570043E-03   3.0138386E-03   2.4597231E-03   1.4938511E-03   4.8106712E-03
    4.8046503E-03   3.8678076E-03   2.3157201E-03   6.8472362E-03

 1.7761082317E+04   2.1757154E-01   1.3863755E+07   1.2496466E+00   9.2657255E+00   1.8259735E+03   2.0000000E-02     7 
    7.4660463E-25   5.2776092E-27   5.2776092E-27   2.6009626E-18   2.9043553E-17
    2.9043553E-17   2.3616684E-17   2.3616684E-17   4.3255233E-11   1.2062570E-10
    1.2062570E-10   7.8969896E-11   7.8969896E-11   1.6656153E-10   1.6656153E-10
    9.6499224E-08   1.3496607E-07   1.3496607E-07   9.6750971E-08   9.6750971E-08
    2.1214397E-07   5.5446248E-06   6.2698810E-06   4.2115528E-06   1.0680230E-05
    6.4972373E-05   9.9462987E-06   4.1037380E-05   1.1544506E-04   3.1220133E-04
    3.4165267E-04   1.7983974E-04   5.4441949E-04   9.2373515E-04   8.2264646E-04
    4.9788358E-04   1.5757532E-03   2.0055429E-03   1.7414477E-03   1.0324331E-03
    3.3273190E-03   3.5825833E-03   2.9171708E-03   1.7686357E-03   5.6541666E-03
    5.5936108E-03   4.4945314E-03   2.6876468E-03   7.8795457E-03

 1.2457285734E+04   4.5441600E-01   2.8492959E+07   1.2905483E+00   9.2068732E+00   1.8060805E+03   2.0000000E-02     8 
    6.7560784E-24   7.2369031E-26   7.2369031E-26   9.0650867E-18   9.3687372E-17
    9.3687372E-17   7.3997298E-17   7.3997298E-17   8.7148603E-11   2.3519629E-10
    2.3519629E-10   1.5207813E-10   1.5207813E-10   3.2017829E-10   3.2017829E-10
    1.5193673E-07   2.0912248E-07   2.0912248E-07   1.4874655E-07   1.4874655E-07
    3.2563415E-07   7.6535108E-06   8.5720024E-06   5.7314139E-06   1.4501139E-05
    8.2939441E-05   1.2615233E-05   5.1890879E-05   1.4557783E-04   3.7901697E-04
    4.1310746E-04   2.1685597E-04   6.5420084E-04   1.0831685E-03   9.6193576E-04
    5.8080909E-04   1.8314992E-03   2.2947957E-03   1.9876140E-03   1.1768268E-03
    3.7741688E-03   4.0235271E-03   3.2706618E-03   1.9817093E-03   6.3000994E-03
    6.1959613E-03   4.9730661E-03   2.9709218E-03   8.6610471E-03

 8.7617433394E+03   9.4410827E-01   5.8501295E+07   1.3230819E+00   9.1542160E+00   1.7781995E+03   2.0000000E-02     9 
    2.9580619E-23   5.1543805E-25   5.1543805E-25   2.3180995E-17   2.2589887E-16
    2.2589887E-16   1.7467120E-16   1.7467120E-16   1.4761294E-10   3.8872238E-10
    3.8872238E-10   2.4908725E-10   2.4908725E-10   5.2357778E-10   5.2357778E-10
    2.1384098E-07   2.9078934E-07   2.9078934E-07   2.0564844E-07   2.0564844E-07
    4.4973539E-07   9.7581949E-06   1.0850794E-05   7.2294898E-06   1.8263861E-05
    9.9757622E-05   1.5098198E-05   6.1950666E-05   1.7346459E-04   4.3904604E-04
    4.7672280E-04   2.4974615E-04   7.5159873E-04   1.2215427E-03   1.0825016E-03
    6.5262682E-04   2.0517474E-03   2.5411363E-03   2.1974359E-03   1.2995499E-03
    4.1524852E-03   4.3944412E-03   3.5669243E-03   2.1602150E-03   6.8371549E-03
    6.6977721E-03   5.3717860E-03   3.2064349E-03   9.3071314E-03

 6.1843935524E+03   1.9585118E+00   1.2004309E+08   1.3541457E+00   9.0963472E+00   1.7394034E+03   2.0000000E-02    10 
    1.0631371E-22   3.0633555E-24   3.0633555E-24   5.4525505E-17   5.0323842E-16
    5.0323842E-16   3.8190182E-16   3.8190182E-16   2.3858399E-10   6.1449590E-10
    6.1449590E-10   3.9052518E-10   3.9052518E-10   8.1961954E-10   8.1961954E-10
    2.9204151E-07   3.9273064E-07   3.9273064E-07   2.7632563E-07   2.7632563E-07
    6.0378850E-07   1.2181693E-05   1.3456731E-05   8.9364236E-06   2.2547103E-05
    1.1813012E-04   1.7802341E-05   7.2860611E-05   2.0354371E-04   5.0215374E-04
    5.4334169E-04   2.8414742E-04   8.5298216E-04   1.3637173E-03   1.2060055E-03
    7.2634363E-04   2.2758503E-03   2.7894777E-03   2.4096127E-03   1.4233306E-03
    4.5320384E-03   4.7658031E-03   3.8634556E-03   2.3376796E-03   7.3703950E-03
    7.1957858E-03   5.7666112E-03   3.4395820E-03   9.9406114E-03

 4.3880452651E+03   4.0538471E+00   2.4599111E+08   1.3889968E+00   9.0456938E+00   1.6860662E+03   2.0000000E-02    11 
    4.3981551E-22   2.0539812E-23   2.0539812E-23   1.3619883E-16   1.1850007E-15
    1.1850007E-15   8.8170640E-16   8.8170640E-16   3.9881375E-10   1.0033638E-09
    1.0033638E-09   6.3170214E-10   6.3170214E-10   1.3238647E-09   1.3238647E-09
    4.0781014E-07   5.4179635E-07   5.4179635E-07   3.7920149E-07   3.7920149E-07
    8.2763685E-07   1.5456530E-05   1.6953167E-05   1.1217875E-05   2.8257414E-05
    1.4156870E-04   2.1251949E-05   8.6745703E-05   2.4151333E-04   5.7968181E-04
    6.2538256E-04   3.2644624E-04   9.7690195E-04   1.5354857E-03   1.3548943E-03
    8.1499006E-04   2.5441122E-03   3.0841218E-03   2.6602137E-03   1.5699453E-03
    4.9787270E-03   5.2008574E-03   4.2113853E-03   2.5455067E-03   7.9924768E-03
    7.7725351E-03   6.2230934E-03   3.7096798E-03   1.0671116E-02

 3.1392492069E+03   8.3559823E+00   5.0204136E+08   1.4292262E+00   8.9962746E+00   1.6141702E+03   2.0000000E-02    12 
    2.2358265E-21   1.6380075E-22   1.6380075E-22   3.7150895E-16   3.0256105E-15
    3.0256105E-15   2.2036269E-15   2.2036269E-15   7.0012937E-10   1.7175572E-09
    1.7175572E-09   1.0692901E-09   1.0692901E-09   2.2378790E-09   2.2378790E-09
    5.8829961E-07   7.7103574E-07   7.7103574E-07   5.3657395E-07   5.3657395E-07
    1.1690745E-06   2.0082898E-05   2.1854929E-05   1.4397015E-05   3.6184410E-05
    1.7260489E-04   2.5802664E-05   1.0503821E-04   2.9135980E-04   6.7864969E-04
    7.3017325E-04   3.8029520E-04   1.1341184E-03   1.7497679E-03   1.5403491E-03
    9.2495184E-04   2.8762874E-03   3.4455900E-03   2.9661831E-03   1.7492943E-03
    5.5211691E-03   5.7264511E-03   4.6303263E-03   2.7970531E-03   8.7385615E-03
    8.4625288E-03   6.7691105E-03   4.0334730E-03   1.1541183E-02

 2.2686401977E+03   1.7204479E+01   1.0213252E+09   1.4736105E+00   8.9220707E+00   1.5193169E+03   2.0000000E-02    13 
    1.2503014E-20   1.3972540E-21   1.3972540E-21   1.0586217E-15   8.0252467E-15
    8.0252467E-15   5.7201030E-15   5.7201030E-15   1.2583245E-09   3.0083868E-09
    3.0083868E-09   1.8495202E-09   1.8495202E-09   3.8658274E-09   3.8658274E-09
    8.6263290E-07   1.1143183E-06   1.1143183E-06   7.7057195E-07   7.7057195E-07
    1.6751960E-06   2.6399716E-05   2.8500066E-05   1.8675045E-05   4.6817918E-05
    2.1231596E-04   3.1584630E-05   1.2819421E-04   3.5447953E-04   8.0055356E-04
    8.5856223E-04   4.4610183E-04   1.3257206E-03   2.0058392E-03   1.7614497E-03
    1.0562615E-03   3.2696546E-03   3.8702579E-03   3.3254816E-03   1.9602203E-03
    6.1516065E-03   6.3354141E-03   5.1146672E-03   3.0888189E-03   9.5947764E-03
    9.2554333E-03   7.3953493E-03   4.4059295E-03   1.2530367E-02

 1.6591333226E+03   3.5329322E+01   2.0757113E+09   1.5196002E+00   8.8446945E+00   1.3977058E+03   2.0000000E-02    14 
    6.5832350E-20   1.0991664E-20   1.0991664E-20   2.9519321E-15   2.0783305E-14
    2.0783305E-14   1.4520929E-14   1.4520929E-14   2.2304260E-09   5.2006585E-09
    5.2006585E-09   3.1577012E-09   3.1577012E-09   6.5926884E-09   6.5926884E-09
    1.2543516E-06   1.5974879E-06   1.5974879E-06   1.0974440E-06   1.0974440E-06
    2.3805370E-06   3.4476325E-05   3.6937780E-05   2.4090661E-05   6.0237141E-05
    2.6018008E-04   3.8509926E-05   1.5578554E-04   4.2962055E-04   9.4176096E-04
    1.0062175E-03   5.2184584E-04   1.5446506E-03   2.2940877E-03   2.0096453E-03
    1.2040210E-03   3.7072394E-03   4.3390484E-03   3.7217142E-03   2.1944811E-03
    6.8417871E-03   6.9990588E-03   5.6427323E-03   3.4080416E-03   1.0519919E-02
    1.0109787E-02   8.0682702E-03   4.8103898E-03   1.3592244E-02

 1.2322642145E+03   7.2653731E+01   4.2080208E+09   1.5636652E+00   8.7173324E+00   1.2498547E+03   2.0000000E-02    15 
    2.7458959E-19   6.8228589E-20   6.8228589E-20   7.4766975E-15   4.9108295E-14
    4.9108295E-14   3.3777816E-14   3.3777816E-14   3.7440600E-09   8.5319811E-09
    8.5319811E-09   5.1250981E-09   5.1250981E-09   1.0691313E-08   1.0691313E-08
    1.7596077E-06   2.2135888E-06   2.2135888E-06   1.5118693E-06   1.5118693E-06
    3.2735456E-06   4.3894685E-05   4.6704005E-05   3.0362305E-05   7.5728654E-05
    3.1301474E-04   4.6143953E-05   1.8604595E-04   5.1157730E-04   1.0915220E-03
    1.1627431E-03   6.0220130E-04   1.7750078E-03   2.5932792E-03   2.2670243E-03
    1.3576662E-03   4.1574950E-03   4.8165504E-03   4.1250897E-03   2.4376394E-03
    7.5400611E-03   7.6670483E-03   6.1725734E-03   3.7337338E-03   1.1446941E-02
    1.0961487E-02   8.7372957E-03   5.2214558E-03   1.4651846E-02

 9.3210058358E+02   1.5007053E+02   8.5382059E+09   1.6090901E+00   8.5364036E+00   1.0765946E+03   2.0000000E-02    16 
    1.0751781E-18   4.0108025E-19   4.0108025E-19   1.8318120E-14   1.1352555E-13
    1.1352555E-13   7.7109861E-14   7.7109861E-14   6.2080895E-09   1.3822494E-08
    1.3822494E-08   8.2240445E-09   8.2240445E-09   1.7140566E-08   1.7140566E-08
    2.4469037E-06   3.0437373E-06   3.0437373E-06   2.0675188E-06   2.0675188E-06
    4.4689605E-06   5.5593871E-05   5.8745179E-05   3.8076511E-05   9.4731903E-05
    3.7497094E-04   5.5119767E-05   2.2154131E-04   6.0687196E-04   1.2610987E-03
    1.3399564E-03   6.9336263E-04   2.0347495E-03   2.9247647E-03   2.5519745E-03
    1.5301114E-03   4.6536399E-03   5.3383027E-03   4.5653124E-03   2.7123871E-03
    8.2954837E-03   8.3875955E-03   6.7418486E-03   4.0940820E-03   1.2443530E-02
    1.1870434E-02   9.4495323E-03   5.6753091E-03   1.5787884E-02

 7.2203628233E+02   3.1251398E+02   1.7408398E+10   1.6597670E+00   8.2554575E+00   8.7996933E+02   2.0000000E-02    17 
    4.6089148E-18   2.5580042E-18   2.5580042E-18   4.6274249E-14   2.7419989E-13
    2.7419989E-13   1.8424855E-13   1.8424855E-13   1.0585005E-08   2.2968681E-08
    2.2968681E-08   1.3535029E-08   1.3535029E-08   2.8169123E-08   2.8169123E-08
    3.4639834E-06   4.2599987E-06   4.2599987E-06   2.8761285E-06   2.8761285E-06
    6.2033026E-06   7.1383495E-05   7.4890220E-05   4.8362475E-05   1.1995133E-04
    4.5379200E-04   6.6507747E-05   2.6657739E-04   7.2698783E-04   1.4696471E-03
    1.5566881E-03   8.0569854E-04   2.3508412E-03   3.3226518E-03   2.8935027E-03
    1.7413623E-03   5.2431269E-03   5.9541354E-03   5.0845091E-03   3.0548230E-03
    9.1768133E-03   9.2254847E-03   7.4037841E-03   4.5305853E-03   1.3601049E-02
    1.2910137E-02   1.0260000E-02   6.2276604E-03   1.7109987E-02

 5.7565888210E+02   6.5771974E+02   3.5424288E+10   1.7262000E+00   7.8436549E+00   6.8032785E+02   2.0000000E-02    18 
    3.1759412E-17   2.3268457E-17   2.3268457E-17   1.4567293E-13   8.0637542E-13
    8.0637542E-13   5.3397635E-13   5.3397635E-13   2.0356091E-08   4.2781671E-08
    4.2781671E-08   2.4889405E-08   2.4889405E-08   5.1700238E-08   5.1700238E-08
    5.3068103E-06   6.4327408E-06   6.4327408E-06   4.3085221E-06   4.3085221E-06
    9.2665170E-06   9.6976163E-05   1.0092612E-04   6.4839223E-05   1.6015007E-04
    5.7364433E-04   8.3781815E-05   3.3454906E-04   9.0699393E-04   1.7734422E-03
    1.8719409E-03   9.6966540E-04   2.8052891E-03   3.8863266E-03   3.3774544E-03
    2.0475555E-03   6.0664968E-03   6.8085372E-03   5.8051407E-03   3.5619151E-03
    1.0381447E-02   1.0365855E-02   8.3025121E-03   5.1537036E-03   1.5170399E-02
    1.4298092E-02   1.1331505E-02   7.0191356E-03   1.8893161E-02

 4.7320046983E+02   1.3540264E+03   7.2353951E+10   1.8140114E+00   7.5163766E+00   4.9295529E+02   2.0000072E-02    19 
    3.8777102E-16   2.8787800E-16   2.8787800E-16   5.8883221E-13   2.9785405E-12
    2.9785405E-12   1.9181259E-12   1.9181259E-12   4.4928394E-08   9.1015207E-08
    9.1015207E-08   5.2037234E-08   5.2037234E-08   1.0785562E-07   1.0785562E-07
    8.9096498E-06   1.0608942E-05   1.0608942E-05   7.0334335E-06   7.0334335E-06
    1.5072113E-05   1.4061828E-04   1.4506279E-04   9.2576564E-05   2.2738887E-04
    7.6248967E-04   1.1110396E-04   4.4098840E-04   1.1858998E-03   2.2291585E-03
    2.3441050E-03   1.2163841E-03   3.4762485E-03   4.7032703E-03   4.0780484E-03
    2.5070532E-03   7.2379963E-03   8.0146566E-03   6.8233599E-03   4.3491185E-03
    1.2047685E-02   1.1932604E-02   9.5320039E-03   6.0733732E-03   1.7319201E-02
    1.6143509E-02   1.2751157E-02   8.1903110E-03   2.1307975E-02

 4.0178217448E+02   2.6321215E+03   1.4738562E+11   1.9473659E+00   7.4475946E+00   3.3546926E+02   2.0013640E-02    20 
    1.5243437E-14   1.2599043E-14   1.2599043E-14   3.9042869E-12   1.7361526E-11
    1.7361526E-11   1.0859134E-11   1.0859134E-11   1.3061947E-07   2.5233548E-07
    2.5233548E-07   1.4068119E-07   1.4068119E-07   2.9062520E-07   2.9062520E-07
    1.7951905E-05   2.0875572E-05   2.0875572E-05   1.3630486E-05   1.3630486E-05
    2.9038989E-05   2.3265242E-04   2.3711993E-04   1.4985639E-04   3.6480804E-04
    1.1213250E-03   1.6296734E-04   6.4073630E-04   1.7030109E-03   3.0423667E-03
    3.1815196E-03   1.6559128E-03   4.6413095E-03   6.0962690E-03   5.2701068E-03
    3.3183798E-03   9.1787573E-03   9.9951727E-03   8.5007459E-03   5.7647935E-03
    1.4707313E-02   1.4411550E-02   1.1480053E-02   7.6388467E-03   2.0690321E-02
    1.8933737E-02   1.4939262E-02   1.0167899E-02   2.5013137E-02

 3.5500010569E+02   4.3450423E+03   2.7845620E+11   2.0573924E+00   7.7682207E+00   2.2070767E+02   2.0625396E-02    21 
    2.0636046E-13   1.7469841E-13   1.7469841E-13   1.5572266E-11   6.2880008E-11
    6.2880008E-11   3.8508222E-11   3.8508222E-11   2.8498686E-07   5.3248670E-07
    5.3248670E-07   2.9082982E-07   2.9082982E-07   5.9920737E-07   5.9920737E-07
    3.0001977E-05   3.4333007E-05   3.4333007E-05   2.2127432E-05   2.2127432E-05
    4.6902111E-05   3.3697796E-04   3.4076367E-04   2.1355329E-04   5.1561597E-04
    1.4884351E-03   2.1688911E-04   8.4429636E-04   2.2203905E-03   3.8285065E-03
    3.9867600E-03   2.0918162E-03   5.7353844E-03   7.3818318E-03   6.3775148E-03
    4.1700100E-03   1.0907202E-02   1.1745408E-02   1.0018568E-02   7.3877373E-03
    1.6976239E-02   1.6458562E-02   1.3133742E-02   9.2865887E-03   2.3574859E-02
    2.1023116E-02   1.6725021E-02   1.2259158E-02   2.8143815E-02

 3.2479534663E+02   7.1950954E+03   3.7660721E+11   2.1247690E+00   6.9168292E+00   1.4598849E+02   2.7547902E-02    22 
    8.1987014E-13   6.8957829E-13   6.8957829E-13   3.3915281E-11   1.2971054E-10
    1.2971054E-10   7.8701713E-11   7.8701713E-11   4.4224517E-07   8.1080277E-07
    8.1080277E-07   4.3760294E-07   4.3760294E-07   9.0023013E-07   9.0023013E-07
    4.0066947E-05   4.5453429E-05   4.5453429E-05   2.9082814E-05   2.9082814E-05
    6.1442730E-05   4.1530355E-04   4.1825625E-04   2.6102914E-04   6.2670893E-04
    1.7461183E-03   2.5547487E-04   9.8803330E-04   2.5790646E-03   4.3588372E-03
    4.5292291E-03   2.3946527E-03   6.4644734E-03   8.2276700E-03   7.1117500E-03
    4.7713724E-03   1.2024714E-02   1.2872466E-02   1.1022494E-02   8.5318241E-03
    1.8423134E-02   1.7740529E-02   1.4220092E-02   1.0431624E-02   2.5406140E-02
    2.2314946E-02   1.7928408E-02   1.3691307E-02   3.0159696E-02

 3.0378857760E+02   1.3892989E+04   3.0283236E+11   2.1398792E+00   4.5074128E+00   9.6503368E+01   5.9282284E-02    23 
    9.7768962E-13   9.3295096E-13   9.3295096E-13   4.0383014E-11   1.5168749E-10
    1.5168749E-10   9.4095100E-11   9.4095100E-11   4.8568097E-07   8.8580286E-07
    8.8580286E-07   4.7819099E-07   4.7819099E-07   9.8323215E-07   9.8323215E-07
    4.2582186E-05   4.8163519E-05   4.8163519E-05   3.0870227E-05   3.0870227E-05
    6.5156774E-05   4.3376151E-04   4.3601613E-04   2.7284159E-04   6.5412552E-04
    1.8082406E-03   2.6427332E-04   1.0245185E-03   2.6665090E-03   4.4735715E-03
    4.6532905E-03   2.4571360E-03   6.6476860E-03   8.4340041E-03   7.2859122E-03
    4.8103563E-03   1.2339879E-02   1.3188647E-02   1.1264874E-02   8.4166005E-03
    1.8899642E-02   1.8252341E-02   1.4607051E-02   1.0449559E-02   2.5958664E-02
    2.3100281E-02   1.8453423E-02   1.3677342E-02   3.0921583E-02

 2.8840105297E+02   1.9582641E+04   2.2056075E+11   2.1337298E+00   3.2748431E+00   6.3875039E+01   1.3655749E-01    24 
    8.3087223E-13   9.9609813E-13   9.9609813E-13   3.8387303E-11   1.4239936E-10
    1.4239936E-10   9.2739732E-11   9.2739732E-11   4.6696504E-07   8.5224723E-07
    8.5224723E-07   4.6171404E-07   4.6171404E-07   9.4928947E-07   9.4928947E-07
    4.1456731E-05   4.6889436E-05   4.6889436E-05   3.0169320E-05   3.0169320E-05
    6.3669084E-05   4.2518338E-04   4.2728700E-04   2.6852273E-04   6.4359005E-04
    1.7832991E-03   2.6053782E-04   1.0138400E-03   2.6346580E-03   4.4136540E-03
    4.5984551E-03   2.4264182E-03   6.5926435E-03   8.3648398E-03   7.2248740E-03
    4.6850072E-03   1.2290393E-02   1.3138789E-02   1.1200742E-02   8.0088632E-03
    1.8907783E-02   1.8333886E-02   1.4667041E-02   1.0175182E-02   2.5941207E-02
    2.3448496E-02   1.8646436E-02   1.3290436E-02   3.1081973E-02

 2.7666703094E+02   1.4923639E+04   1.9081363E+11   2.1354923E+00   3.2853381E+00   4.2449196E+01   2.5807348E-01    25 
    1.0034388E-12   1.5515580E-12   1.5515580E-12   4.0240226E-11   1.4416038E-10
    1.4416038E-10   9.7767786E-11   9.7767786E-11   4.7201302E-07   8.6053777E-07
    8.6053777E-07   4.6684990E-07   4.6684990E-07   9.5964146E-07   9.5964146E-07
    4.1730873E-05   4.7171411E-05   4.7171411E-05   3.0411013E-05   3.0411013E-05
    6.4145634E-05   4.2703911E-04   4.2906475E-04   2.7038732E-04   6.4733250E-04
    1.7905501E-03   2.6174876E-04   1.0211791E-03   2.6473213E-03   4.4223448E-03
    4.6120526E-03   2.4393793E-03   6.6238620E-03   8.3965250E-03   7.2545886E-03
    4.6839754E-03   1.2357727E-02   1.3205895E-02   1.1258143E-02   7.9240216E-03
    1.9039562E-02   1.8486132E-02   1.4807328E-02   1.0168745E-02   2.6109863E-02
    2.3751398E-02   1.8884003E-02   1.3258576E-02   3.1403697E-02

 2.6440054732E+02   4.3598427E+03   2.0253193E+11   2.1538682E+00   4.9928738E+00   2.6865597E+01   4.2022731E-01    26 
    2.2749440E-12   4.5656456E-12   4.5656456E-12   5.1260201E-11   1.7163103E-10
    1.7163103E-10   1.1526027E-10   1.1526027E-10   5.2912029E-07   9.5966982E-07
    9.5966982E-07   5.1982081E-07   5.1982081E-07   1.0678561E-06   1.0678561E-06
    4.4986895E-05   5.0729959E-05   5.0729959E-05   3.2707826E-05   3.2707826E-05
    6.8890184E-05   4.5073229E-04   4.5252596E-04   2.8568500E-04   6.8197884E-04
    1.8672003E-03   2.7338856E-04   1.0685040E-03   2.7568356E-03   4.5704532E-03
    4.7697699E-03   2.5378914E-03   6.8480294E-03   8.6498637E-03   7.4799935E-03
    4.8691043E-03   1.2715041E-02   1.3562396E-02   1.1578470E-02   8.2414465E-03
    1.9537661E-02   1.8948197E-02   1.5210232E-02   1.0542145E-02   2.6763473E-02
    2.4312112E-02   1.9372323E-02   1.3725440E-02   3.2263015E-02

 2.5443475089E+02   7.4612540E+02   2.4415610E+11   2.1750074E+00   8.1052662E+00   1.8284535E+01   5.5275842E-01    27 
    5.1601063E-12   1.1978665E-11   1.1978665E-11   6.5608141E-11   2.0966576E-10
    2.0966576E-10   1.3622895E-10   1.3622895E-10   6.0237155E-07   1.0871016E-06
    1.0871016E-06   5.8722143E-07   5.8722143E-07   1.2054290E-06   1.2054290E-06
    4.9006757E-05   5.5151171E-05   5.5151171E-05   3.5534850E-05   3.5534850E-05
    7.4708749E-05   4.7938803E-04   4.8122148E-04   3.0429920E-04   7.2366202E-04
    1.9580568E-03   2.8802802E-04   1.1258002E-03   2.8872070E-03   4.7458328E-03
    4.9582415E-03   2.6618474E-03   7.1119436E-03   8.9475254E-03   7.7509028E-03
    5.1321898E-03   1.3127400E-02   1.3971427E-02   1.1962021E-02   8.7679032E-03
    2.0100757E-02   1.9443744E-02   1.5660644E-02   1.1098301E-02   2.7527188E-02
    2.4846892E-02   1.9888323E-02   1.4445207E-02   3.3257670E-02

 2.5106120580E+02   8.1300752E+01   3.0201440E+11   2.1650534E+00   1.2042481E+01   1.2661707E+01   6.6258279E-01    28 
    4.8403082E-12   1.1595752E-11   1.1595752E-11   5.9063226E-11   1.8902636E-10
    1.8902636E-10   1.2038529E-10   1.2038529E-10   5.6792711E-07   1.0291348E-06
    1.0291348E-06   5.5624882E-07   5.5624882E-07   1.1418987E-06   1.1418987E-06
    4.7163170E-05   5.3220449E-05   5.3220449E-05   3.4314478E-05   3.4314478E-05
    7.2113701E-05   4.6630109E-04   4.6923743E-04   2.9722046E-04   7.0575979E-04
    1.9156921E-03   2.8355699E-04   1.1075800E-03   2.8334293E-03   4.6635352E-03
    4.8800973E-03   2.6412231E-03   7.0072885E-03   8.8258227E-03   7.6636961E-03
    5.1718766E-03   1.2963028E-02   1.3801941E-02   1.1860740E-02   9.0029369E-03
    1.9887583E-02   1.9191589E-02   1.5514669E-02   1.1279474E-02   2.7346999E-02
    2.4463754E-02   1.9697759E-02   1.4730944E-02   3.3149555E-02

 2.5083666995E+02   3.5902890E+01   3.9788628E+11   2.1483484E+00   1.6454377E+01   8.3797104E+00   7.6116917E-01    29 
    3.3009647E-12   8.1467839E-12   8.1467839E-12   4.9393561E-11   1.5981255E-10
    1.5981255E-10   1.0179438E-10   1.0179438E-10   5.1356897E-07   9.3644106E-07
    9.3644106E-07   5.0618753E-07   5.0618753E-07   1.0394845E-06   1.0394845E-06
    4.4170446E-05   5.0041462E-05   5.0041462E-05   3.2242940E-05   3.2242940E-05
    6.7773208E-05   4.4491173E-04   4.4906652E-04   2.8429004E-04   6.7485483E-04
    1.8450484E-03   2.7480388E-04   1.0700955E-03   2.7376118E-03   4.5320193E-03
    4.7450126E-03   2.5851335E-03   6.8124926E-03   8.6061225E-03   7.4908549E-03
    5.1756839E-03   1.2640013E-02   1.3477785E-02   1.1638394E-02   9.2484506E-03
    1.9429211E-02   1.8682367E-02   1.5169958E-02   1.1396692E-02   2.6854226E-02
    2.3687233E-02   1.9245085E-02   1.4952090E-02   3.2574364E-02

 2.5071941317E+02   1.7598285E+01   5.5294410E+11   2.1340317E+00   2.3670223E+01   5.4947618E+00   8.3598326E-01    30 
    2.3731648E-12   6.0262174E-12   6.0262174E-12   4.2337589E-11   1.3844907E-10
    1.3844907E-10   8.8073534E-11   8.8073534E-11   4.7105153E-07   8.6391219E-07
    8.6391219E-07   4.6629098E-07   4.6629098E-07   9.5787567E-07   9.5787567E-07
    4.1759013E-05   4.7509062E-05   4.7509062E-05   3.0547985E-05   3.0547985E-05
    6.4206811E-05   4.2746366E-04   4.3291878E-04   2.7364393E-04   6.4896240E-04
    1.7849342E-03   2.6819879E-04   1.0385991E-03   2.6560583E-03   4.4251953E-03
    4.6321493E-03   2.5484749E-03   6.6415294E-03   8.4164387E-03   7.3503885E-03
    5.2535909E-03   1.2339508E-02   1.3182623E-02   1.1478079E-02   9.6760382E-03
    1.8984975E-02   1.8158164E-02   1.4873313E-02   1.1670107E-02   2.6384478E-02
    2.2852600E-02   1.8864863E-02   1.5364686E-02   3.1983068E-02

 2.5060127976E+02   7.4984280E+00   7.8538964E+11   2.1224208E+00   3.5220885E+01   3.6456262E+00   8.8786112E-01    31 
    1.8432256E-12   4.7929341E-12   4.7929341E-12   3.7349926E-11   1.2325026E-10
    1.2325026E-10   7.8162550E-11   7.8162550E-11   4.3938235E-07   8.0990868E-07
    8.0990868E-07   4.3582113E-07   4.3582113E-07   8.9553836E-07   8.9553836E-07
    3.9918847E-05   4.5607814E-05   4.5607814E-05   2.9228095E-05   2.9228095E-05
    6.1405143E-05   4.1403711E-04   4.2083008E-04   2.6540255E-04   6.2822356E-04
    1.7356873E-03   2.6387386E-04   1.0135803E-03   2.5897083E-03   4.3445958E-03
    4.5414883E-03   2.5344202E-03   6.4961935E-03   8.2594000E-03   7.2475162E-03
    5.4125121E-03   1.2065664E-02   1.2928868E-02   1.1404257E-02   1.0259050E-02
    1.8568806E-02   1.7648190E-02   1.4673901E-02   1.2101585E-02   2.5941777E-02
    2.2053548E-02   1.8637269E-02   1.5950016E-02   3.1381485E-02

 2.5047830911E+02   2.6159762E+00   1.1401272E+12   2.1127885E+00   5.3936338E+01   2.4147972E+00   9.2420792E-01    32 
    1.5132427E-12   4.0180125E-12   4.0180125E-12   3.3646640E-11   1.1201921E-10
    1.1201921E-10   7.0685893E-11   7.0685893E-11   4.1516215E-07   7.6872630E-07
    7.6872630E-07   4.1172433E-07   4.1172433E-07   8.4618227E-07   8.4618227E-07
    3.8488523E-05   4.4161423E-05   4.4161423E-05   2.8170855E-05   2.8170855E-05
    5.9127132E-05   4.0358136E-04   4.1175447E-04   2.5894697E-04   6.1100429E-04
    1.6931880E-03   2.6154508E-04   9.9318107E-04   2.5336917E-03   4.2844189E-03
    4.4645883E-03   2.5444964E-03   6.3659191E-03   8.1244656E-03   7.1802752E-03
    5.6643631E-03   1.1801428E-02   1.2717331E-02   1.1436488E-02   1.0982556E-02
    1.8165207E-02   1.7167267E-02   1.4610338E-02   1.2705636E-02   2.5490294E-02
    2.1357653E-02   1.8611296E-02   1.6707913E-02   3.0718812E-02

 2.5034226052E+02   6.8642386E-01   1.6815122E+12   2.0994688E+00   8.4445623E+01   1.5958237E+00   9.4923201E-01    33 
    1.1314322E-12   3.1020515E-12   3.1020515E-12   2.9035343E-11   9.7968682E-11
    9.7968682E-11   6.1497589E-11   6.1497589E-11   3.8333735E-07   7.1386571E-07
    7.1386571E-07   3.8020705E-07   3.8020705E-07   7.8151486E-07   7.8151486E-07
    3.6560084E-05   4.2162083E-05   4.2162083E-05   2.6750854E-05   2.6750854E-05
    5.6069198E-05   3.8926418E-04   3.9883661E-04   2.5016824E-04   5.8759233E-04
    1.6340158E-03   2.5807981E-04   9.6511243E-04   2.4572418E-03   4.1995253E-03
    4.3532582E-03   2.5588036E-03   6.1884842E-03   7.9425755E-03   7.0984619E-03
    5.9687766E-03   1.1454757E-02   1.2486223E-02   1.1523036E-02   1.1720762E-02
    1.7665217E-02   1.6680223E-02   1.4650174E-02   1.3402141E-02   2.4870489E-02
    2.0768197E-02   1.8733472E-02   1.7523047E-02   2.9816340E-02

 2.5019709629E+02   1.4315293E-01   2.4949672E+12   2.0812498E+00   1.3215227E+02   1.0580040E+00   9.6604087E-01    34 
    7.3349886E-13   2.1069186E-12   2.1069186E-12   2.3641887E-11   8.1248796E-11
    8.1248796E-11   5.0770922E-11   5.0770922E-11   3.4287082E-07   6.4313321E-07
    6.4313321E-07   3.4045786E-07   3.4045786E-07   6.9985657E-07   6.9985657E-07
    3.4021938E-05   3.9468779E-05   3.9468779E-05   2.4897268E-05   2.4897268E-05
    5.2089582E-05   3.7003882E-04   3.8081848E-04   2.3851504E-04   5.5667224E-04
    1.5532010E-03   2.5296734E-04   9.2746877E-04   2.3558887E-03   4.0804426E-03
    4.1984026E-03   2.5759618E-03   5.9552509E-03   7.7093629E-03   7.0050843E-03
    6.2955819E-03   1.1021720E-02   1.2266181E-02   1.1658400E-02   1.2364139E-02
    1.7073414E-02   1.6272261E-02   1.4810097E-02   1.4126011E-02   2.4059358E-02
    2.0363212E-02   1.8976871E-02   1.8300652E-02   2.8653941E-02

 2.5003867802E+02   2.8179888E-02   3.7326935E+12   2.0638784E+00   1.9978145E+02   6.9982797E-01   9.7740354E-01    35 
    4.6233268E-13   1.3903445E-12   1.3903445E-12   1.9418623E-11   6.7864737E-11
    6.7864737E-11   4.2195835E-11   4.2195835E-11   3.0822464E-07   5.8211296E-07
    5.8211296E-07   3.0597464E-07   3.0597464E-07   6.2889141E-07   6.2889141E-07
    3.1778148E-05   3.7077691E-05   3.7077691E-05   2.3243544E-05   2.3243544E-05
    4.8504016E-05   3.5283413E-04   3.6442658E-04   2.2839463E-04   5.2820172E-04
    1.4709469E-03   2.4995581E-04   8.9309927E-04   2.2618866E-03   3.9714979E-03
    4.0482671E-03   2.6290967E-03   5.7321338E-03   7.5146328E-03   6.9829631E-03
    6.6774875E-03   1.0614570E-02   1.2200462E-02   1.1928102E-02   1.2944393E-02
    1.6538540E-02   1.6132694E-02   1.5190270E-02   1.4924493E-02   2.3219260E-02
    2.0272516E-02   1.9398160E-02   1.9079284E-02   2.7416412E-02

 2.4986164204E+02   6.3513545E-03   5.6047819E+12   2.0591030E+00   2.6988557E+02   4.6313333E-01   9.8498716E-01    36 
    3.6483706E-13   1.1112642E-12   1.1112642E-12   1.8538982E-11   6.5021664E-11
    6.5021664E-11   4.0112447E-11   4.0112447E-11   3.0137769E-07   5.7064456E-07
    5.7064456E-07   2.9722300E-07   2.9722300E-07   6.1057669E-07   6.1057669E-07
    3.1379112E-05   3.6729577E-05   3.6729577E-05   2.2873280E-05   2.2873280E-05
    4.7544309E-05   3.5027795E-04   3.6219230E-04   2.2789692E-04   5.2010657E-04
    1.4250529E-03   2.5641633E-04   8.8616061E-04   2.2353268E-03   3.9598060E-03
    3.9975408E-03   2.7819086E-03   5.6438722E-03   7.5261368E-03   7.1778471E-03
    7.2093176E-03   1.0439282E-02   1.2503556E-02   1.2491612E-02   1.3626434E-02
    1.6325775E-02   1.6493978E-02   1.5948130E-02   1.5937549E-02   2.2674423E-02
    2.0660258E-02   2.0131132E-02   2.0009877E-02   2.6478467E-02

 2.4965967532E+02   1.5721755E-03   8.4286444E+12   2.0769829E+00   3.0372974E+02   3.0689450E-01   9.9002588E-01    37 
    4.4472041E-13   1.2917180E-12   1.2917180E-12   2.3125481E-11   7.9871978E-11
    7.9871978E-11   4.8662537E-11   4.8662537E-11   3.4282403E-07   6.4593092E-07
    6.4593092E-07   3.3251140E-07   3.3251140E-07   6.8224134E-07   6.8224134E-07
    3.4235640E-05   4.0017337E-05   4.0017337E-05   2.4758006E-05   2.4758006E-05
    5.1161442E-05   3.7368001E-04   3.8533279E-04   2.4464739E-04   5.4790228E-04
    1.4437242E-03   2.8017955E-04   9.2815118E-04   2.3285034E-03   4.1240638E-03
    4.1331287E-03   3.1050057E-03   5.7981825E-03   7.9012862E-03   7.7284715E-03
    8.0135667E-03   1.0672969E-02   1.3344816E-02   1.3503265E-02   1.4620390E-02
    1.6654467E-02   1.7503133E-02   1.7217953E-02   1.7330751E-02   2.2704751E-02
    2.1636699E-02   2.1313268E-02   2.1279057E-02   2.6163184E-02

 2.4943213730E+02   4.0538090E-04   1.2642523E+13   2.1216057E+00   2.9556639E+02   2.0429142E-01   9.9334915E-01    38 
    9.4098370E-13   2.4381088E-12   2.4381088E-12   3.9277512E-11   1.2985558E-10
    1.2985558E-10   7.8215670E-11   7.8215670E-11   4.6201415E-07   8.5902401E-07
    8.5902401E-07   4.3612411E-07   4.3612411E-07   8.9291050E-07   8.9291050E-07
    4.1768319E-05   4.8496626E-05   4.8496626E-05   2.9843559E-05   2.9843559E-05
    6.1165072E-05   4.3196956E-04   4.4239008E-04   2.8542608E-04   6.2303432E-04
    1.5375518E-03   3.2882364E-04   1.0339827E-03   2.5756064E-03   4.5177267E-03
    4.5171967E-03   3.6621141E-03   6.2606171E-03   8.7495747E-03   8.7331761E-03
    9.1950879E-03   1.1419347E-02   1.4804496E-02   1.5057114E-02   1.6079886E-02
    1.7636493E-02   1.9198642E-02   1.9065335E-02   1.9216124E-02   2.3460862E-02
    2.3241851E-02   2.3029993E-02   2.3020120E-02   2.6641192E-02

 2.4920980264E+02   1.1673563E-04   1.7999998E+13   2.1861164E+00   6.6753046E+02   1.4346001E-01   9.9532483E-01    39 
    7.5786294E-12   1.6822630E-11   1.6822630E-11   1.0310348E-10   2.5993781E-10
    2.5993781E-10   1.7651445E-10   1.7651445E-10   6.9315052E-07   1.2648512E-06
    1.2648512E-06   6.3357844E-07   6.3357844E-07   1.2934907E-06   1.2934907E-06
    5.4677106E-05   6.2833125E-05   6.2833125E-05   3.8557623E-05   3.8557623E-05
    7.8265449E-05   5.2500664E-04   5.3282770E-04   3.5122868E-04   7.4464833E-04
    1.6952402E-03   4.0278521E-04   1.1995106E-03   2.9638750E-03   5.1236363E-03
    5.1364475E-03   4.4241961E-03   7.0008611E-03   1.0002897E-02   1.0104542E-02
    1.0672040E-02   1.2611159E-02   1.6699543E-02   1.6991789E-02   1.7905867E-02
    1.9159716E-02   2.1338606E-02   2.1278534E-02   2.1424182E-02   2.4869133E-02
    2.5278565E-02   2.5117720E-02   2.5103655E-02   2.7860566E-02

 2.4899555138E+02   3.5282090E-05   2.4468639E+13   2.2664586E+00   9.6744244E+03   1.0559021E-01   9.9655678E-01    40 
    5.3794642E-10   1.0016356E-09   1.0016356E-09   2.0217662E-09   1.2896844E-09
    1.2896844E-09   2.4356434E-09   2.4356434E-09   1.1120400E-06   1.9837504E-06
    1.9837504E-06   9.8196643E-07   9.8196643E-07   1.9991863E-06   1.9991863E-06
    7.4736955E-05   8.4822543E-05   8.4822543E-05   5.2030172E-05   5.2030172E-05
    1.0448042E-04   6.5780410E-04   6.6102457E-04   4.4695691E-04   9.1837917E-04
    1.9139914E-03   5.0650842E-04   1.4286005E-03   3.4979681E-03   5.9527251E-03
    5.9972629E-03   5.4032043E-03   8.0165325E-03   1.1636744E-02   1.1827964E-02
    1.2461558E-02   1.4217224E-02   1.8987589E-02   1.9295045E-02   2.0112661E-02
    2.1170531E-02   2.3872161E-02   2.3847071E-02   2.3973825E-02   2.6857222E-02
    2.7725890E-02   2.7587883E-02   2.7560976E-02   2.9723719E-02

 2.4878017494E+02   1.0266365E-05   3.2307691E+13   2.3643380E+00   2.7100859E+05   8.0051573E-02   9.9738847E-01    41 
    9.6776320E-08   1.4915596E-07   1.4915596E-07   2.4984950E-07   1.3062420E-07
    1.3062420E-07   2.8138992E-07   2.8138992E-07   2.1019569E-06   3.4815429E-06
    3.4815429E-06   1.8182401E-06   1.8182401E-06   3.7663382E-06   3.7663382E-06
    1.0645225E-04   1.1910123E-04   1.1910123E-04   7.3258935E-05   7.3258935E-05
    1.4533692E-04   8.4757419E-04   8.4335619E-04   5.8673433E-04   1.1659097E-03
    2.2118834E-03   6.5326697E-04   1.7440713E-03   4.2254624E-03   7.0775488E-03
    7.1696997E-03   6.6779025E-03   9.3830961E-03   1.3740650E-02   1.4005389E-02
    1.4686571E-02   1.6324757E-02   2.1792161E-02   2.2105772E-02   2.2842971E-02
    2.3767599E-02   2.6936970E-02   2.6928968E-02   2.7033491E-02   2.9507914E-02
    3.0734824E-02   3.0606292E-02   3.0564197E-02   3.2296930E-02

 2.4855828858E+02   2.7799029E-06   4.1640934E+13   2.4815613E+00   1.0867742E+07   6.2206008E-02   9.9797004E-01    42 
    3.1282896E-05   3.9900339E-05   3.9900339E-05   5.9578920E-05   4.0364694E-05
    4.0364694E-05   6.5310600E-05   6.5310600E-05   6.0909243E-05   5.7123867E-05
    5.7123867E-05   5.8680553E-05   5.8680553E-05   1.1288055E-04   1.1288055E-04
    2.1138666E-04   2.2719777E-04   2.2719777E-04   1.6163467E-04   1.6163467E-04
    2.9941714E-04   1.1765474E-03   1.1611015E-03   8.5108312E-04   1.6106034E-03
    2.6679500E-03   9.0541331E-04   2.2325582E-03   5.2961759E-03   8.6448082E-03
    8.8032452E-03   8.4073053E-03   1.1276593E-02   1.6487391E-02   1.6818456E-02
    1.7543941E-02   1.9119334E-02   2.5312641E-02   2.5631194E-02   2.6306692E-02
    2.7142561E-02   3.0743728E-02   3.0743784E-02   3.0827004E-02   3.3006984E-02
    3.4528860E-02   3.4402599E-02   3.4345318E-02   3.5764940E-02

 2.4832542339E+02   7.6227565E-07   5.2440391E+13   2.6192086E+00   5.2585476E+08   4.9524360E-02   9.9838354E-01    43 
    1.4410077E-02   1.5527029E-02   1.5527029E-02   2.0786550E-02   1.7936269E-02
    1.7936269E-02   2.2186216E-02   2.2186216E-02   2.2263655E-02   2.0250617E-02
    2.0250617E-02   2.1311301E-02   2.1311301E-02   3.2638125E-02   3.2638125E-02
    2.1189434E-02   2.1244529E-02   2.1244529E-02   2.1103707E-02   2.1103707E-02
    2.8864976E-02   2.3496039E-02   2.3583577E-02   2.3392681E-02   3.0777466E-02
    2.3832674E-02   2.0147074E-02   2.4116574E-02   3.4317583E-02   3.3213690E-02
    3.3757277E-02   3.4452037E-02   3.9792920E-02   4.3406183E-02   4.4090807E-02
    4.5535568E-02   4.7685510E-02   5.3511774E-02   5.3989196E-02   5.4935295E-02
    5.5894049E-02   5.9151241E-02   5.9215122E-02   5.9373031E-02   6.1781558E-02
    6.2961805E-02   6.2867687E-02   6.2850407E-02   6.4487428E-02

 2.4807675846E+02   2.5004935E-06   6.4456107E+13   2.7764413E+00   2.3095379E+09   4.0513261E-02   9.9867746E-01    44 
    6.5183743E-01   6.2404797E-01   6.2404797E-01   7.6372744E-01   7.8038311E-01
    7.8038311E-01   7.9642951E-01   7.9642951E-01   8.6624507E-01   8.1775334E-01
    8.1775334E-01   8.2422458E-01   8.2422458E-01   1.0528756E+00   1.0528756E+00
    8.1598097E-01   8.2809454E-01   8.2809454E-01   8.1040728E-01   8.1040728E-01
    9.5546633E-01   8.5013302E-01   8.5542028E-01   8.4276128E-01   9.5141829E-01
    8.3025315E-01   7.9983564E-01   8.2954406E-01   9.4291303E-01   8.6781498E-01
    8.7118329E-01   8.8271496E-01   9.1901314E-01   8.8175863E-01   8.8547925E-01
    8.9400371E-01   9.0373820E-01   8.9328459E-01   8.9518831E-01   8.9888720E-01
    9.0153463E-01   8.9358531E-01   8.9415622E-01   8.9518223E-01   9.0170338E-01
    8.9475244E-01   8.9499632E-01   8.9548089E-01   9.0212934E-01

 2.4780516169E+02   2.7782257E-04   7.7360255E+13   2.9516243E+00   2.8071337E+08   3.4219294E-02   9.9888281E-01    45 
    8.1171331E-01   7.6378179E-01   7.6378179E-01   8.8076285E-01   9.3696620E-01
    9.3696620E-01   9.0298131E-01   9.0298131E-01   9.8647698E-01   9.5629500E-01
    9.5629500E-01   9.4880372E-01   9.4880372E-01   1.0919354E+00   1.0919354E+00
    9.4157650E-01   9.5765403E-01   9.5765403E-01   9.3892495E-01   9.3892495E-01
    1.0254509E+00   9.7120716E-01   9.7486866E-01   9.5896026E-01   1.0117128E+00
    9.6393346E-01   9.4703837E-01   9.5512063E-01   1.0131293E+00   9.7879782E-01
    9.7948275E-01   9.8264691E-01   9.9890894E-01   9.8100617E-01   9.8220690E-01
    9.8454614E-01   9.8872435E-01   9.8627696E-01   9.8678184E-01   9.8758118E-01
    9.8844945E-01   9.8576744E-01   9.8583511E-01   9.8603646E-01   9.8821691E-01
    9.8593164E-01   9.8594149E-01   9.8595439E-01   9.8834209E-01

 2.4749815415E+02   2.8390186E-02   9.1178034E+13   3.1467221E+00   2.9641120E+07   2.9991023E-02   9.9902078E-01    46 
    8.5582354E-01   8.3487125E-01   8.3487125E-01   9.3118647E-01   9.5260087E-01
    9.5260087E-01   9.4176225E-01   9.4176225E-01   9.8860537E-01   9.7123064E-01
    9.7123064E-01   9.6781470E-01   9.6781470E-01   1.0620230E+00   1.0620230E+00
    9.6066428E-01   9.7128121E-01   9.7128121E-01   9.6731528E-01   9.6731528E-01
    1.0243931E+00   9.8300660E-01   9.8160029E-01   9.7503147E-01   1.0048102E+00
    9.7679863E-01   9.6262619E-01   9.7238616E-01   1.0104332E+00   9.8627482E-01
    9.8739616E-01   9.9088097E-01   9.9962487E-01   9.8914976E-01   9.8991138E-01
    9.9107232E-01   9.9316889E-01   9.9254900E-01   9.9278482E-01   9.9327167E-01
    9.9365377E-01   9.9227028E-01   9.9229871E-01   9.9243319E-01   9.9345025E-01
    9.9241216E-01   9.9244476E-01   9.9244318E-01   9.9347450E-01

 2.4713550231E+02   2.0493928E+00   1.0686780E+14   3.3629268E+00   3.2697323E+06   2.6991782E-02   9.9911867E-01    47 
    8.8865474E-01   8.8383050E-01   8.8383050E-01   9.6662208E-01   9.5775353E-01
    9.5775353E-01   9.6669540E-01   9.6669540E-01   9.8313007E-01   9.7664903E-01
    9.7664903E-01   9.7258941E-01   9.7258941E-01   1.0385089E+00   1.0385089E+00
    9.7162050E-01   9.7890424E-01   9.7890424E-01   9.8268235E-01   9.8268235E-01
    1.0208944E+00   9.9025568E-01   9.8385988E-01   9.8168620E-01   1.0018635E+00
    9.8307292E-01   9.6947848E-01   9.7955505E-01   1.0105316E+00   9.9035024E-01
    9.9204813E-01   9.9625568E-01   1.0010084E+00   9.9452754E-01   9.9506488E-01
    9.9545983E-01   9.9670892E-01   9.9651998E-01   9.9662477E-01   9.9702084E-01
    9.9721671E-01   9.9627130E-01   9.9626966E-01   9.9639692E-01   9.9699341E-01
    9.9626427E-01   9.9632516E-01   9.9635519E-01   9.9695676E-01

 2.4669139273E+02   1.0784623E+02   1.2671846E+14   3.6012333E+00   3.9677763E+05   2.3905094E-02   9.9921941E-01    48 
    9.2136045E-01   9.2065418E-01   9.2065418E-01   9.8204726E-01   9.6823666E-01
    9.6823666E-01   9.7435241E-01   9.7435241E-01   9.8469477E-01   9.8304664E-01
    9.8304664E-01   9.7860423E-01   9.7860423E-01   1.0166111E+00   1.0166111E+00
    9.8189698E-01   9.8710150E-01   9.8710150E-01   9.9097732E-01   9.9097732E-01
    1.0103060E+00   9.9428787E-01   9.8619201E-01   9.8469332E-01   9.9530295E-01
    9.9049453E-01   9.7947814E-01   9.8554314E-01   1.0063981E+00   9.9461852E-01
    9.9606890E-01   9.9940685E-01   1.0001050E+00   9.9776169E-01   9.9798460E-01
    9.9744080E-01   9.9792710E-01   9.9847279E-01   9.9839659E-01   9.9856051E-01
    9.9854404E-01   9.9839074E-01   9.9835584E-01   9.9843161E-01   9.9841959E-01
    9.9816078E-01   9.9819697E-01   9.9821742E-01   9.9838085E-01

 2.4614772928E+02   4.6429223E+03   1.5595282E+14   3.8681742E+00   5.2878651E+04   1.9979954E-02   9.9934754E-01    49 
    9.5404443E-01   9.5395085E-01   9.5395085E-01   9.9154413E-01   9.8140125E-01
    9.8140125E-01   9.7580456E-01   9.7580456E-01   9.9108974E-01   9.9133854E-01
    9.9133854E-01   9.8741348E-01   9.8741348E-01   9.9932892E-01   9.9932892E-01
    9.9212159E-01   9.9513164E-01   9.9513164E-01   9.9474957E-01   9.9474957E-01
    9.9911353E-01   9.9554259E-01   9.9014256E-01   9.8843287E-01   9.8962152E-01
    9.9668693E-01   9.9029808E-01   9.9201408E-01   1.0000957E+00   9.9763247E-01
    9.9828992E-01   9.9992931E-01   9.9802199E-01   9.9866785E-01   9.9860679E-01
    9.9773026E-01   9.9765398E-01   9.9879809E-01   9.9864122E-01   9.9857758E-01
    9.9841307E-01   9.9909127E-01   9.9904969E-01   9.9904800E-01   9.9849173E-01
    9.9884816E-01   9.9884043E-01   9.9882504E-01   9.9850555E-01

 2.4550791205E+02   1.7058649E+05   2.0148293E+14   4.1726956E+00   7.5482305E+03   1.5695176E-02   9.9948743E-01    50 
    9.7600406E-01   9.7599291E-01   9.7599291E-01   9.9339499E-01   9.8946985E-01
    9.8946985E-01   9.8275432E-01   9.8275432E-01   9.9422510E-01   9.9619388E-01
    9.9619388E-01   9.9235009E-01   9.9235009E-01   9.9268525E-01   9.9268525E-01
    9.9688501E-01   9.9929557E-01   9.9929557E-01   9.9596253E-01   9.9596253E-01
    9.9373543E-01   9.9618743E-01   9.9332700E-01   9.9202915E-01   9.8986900E-01
    9.9988751E-01   9.9732769E-01   9.9640026E-01   9.9728444E-01   9.9872648E-01
    9.9885652E-01   9.9940995E-01   9.9739900E-01   9.9855325E-01   9.9840439E-01
    9.9790250E-01   9.9774652E-01   9.9876505E-01   9.9865546E-01   9.9855960E-01
    9.9841015E-01   9.9922226E-01   9.9919727E-01   9.9916406E-01   9.9859312E-01
    9.9913110E-01   9.9910433E-01   9.9907701E-01   9.9864035E-01

 2.4478824384E+02   4.5807748E+06   2.7260837E+14   4.5190092E+00   1.1795508E+03   1.1709497E-02   9.9961756E-01    51 
    9.8666839E-01   9.8666701E-01   9.8666701E-01   9.9387016E-01   9.9342548E-01
    9.9342548E-01   9.9170170E-01   9.9170170E-01   9.9536588E-01   9.9729552E-01
    9.9729552E-01   9.9454230E-01   9.9454230E-01   9.9375051E-01   9.9375051E-01
    9.9763548E-01   9.9927813E-01   9.9927813E-01   9.9619548E-01   9.9619548E-01
    9.9323837E-01   9.9666414E-01   9.9539645E-01   9.9469637E-01   9.9306725E-01
    9.9972783E-01   9.9913210E-01   9.9800874E-01   9.9693331E-01   9.9865201E-01
    9.9861718E-01   9.9870842E-01   9.9765400E-01   9.9844278E-01   9.9834743E-01
    9.9819995E-01   9.9812119E-01   9.9875389E-01   9.9871324E-01   9.9865096E-01
    9.9857200E-01   9.9909912E-01   9.9909264E-01   9.9906116E-01   9.9873156E-01
    9.9912572E-01   9.9910232E-01   9.9908002E-01   9.9877609E-01

 2.4400917849E+02   7.3309175E+07   3.8526336E+14   4.9103719E+00   2.0815411E+02   8.3494212E-03   9.9972729E-01    52 
    9.9262746E-01   9.9262730E-01   9.9262730E-01   9.9652889E-01   9.9643866E-01
    9.9643866E-01   9.9627422E-01   9.9627422E-01   9.9685752E-01   9.9706061E-01
    9.9706061E-01   9.9646517E-01   9.9646517E-01   9.9630296E-01   9.9630296E-01
    9.9745877E-01   9.9749830E-01   9.9749830E-01   9.9643888E-01   9.9643888E-01
    9.9491624E-01   9.9742916E-01   9.9705300E-01   9.9668301E-01   9.9583721E-01
    9.9896081E-01   9.9884808E-01   9.9842243E-01   9.9740967E-01   9.9852673E-01
    9.9847565E-01   9.9844543E-01   9.9807157E-01   9.9857545E-01   9.9853526E-01
    9.9848411E-01   9.9844145E-01   9.9876177E-01   9.9875346E-01   9.9871310E-01
    9.9867895E-01   9.9890860E-01   9.9890738E-01   9.9888554E-01   9.9875952E-01
    9.9894808E-01   9.9893554E-01   9.9892108E-01   9.9878412E-01

 2.4319646699E+02   7.0285758E+08   5.5860418E+14   5.3482465E+00   4.1982849E+01   5.8002493E-03   9.9981054E-01    53 
    9.9635458E-01   9.9635460E-01   9.9635460E-01   9.9832013E-01   9.9826018E-01
    9.9826018E-01   9.9819051E-01   9.9819051E-01   9.9822621E-01   9.9814561E-01
    9.9814561E-01   9.9817110E-01   9.9817110E-01   9.9812268E-01   9.9812268E-01
    9.9807640E-01   9.9784234E-01   9.9784234E-01   9.9764969E-01   9.9764969E-01
    9.9747461E-01   9.9842472E-01   9.9839675E-01   9.9826483E-01   9.9796295E-01
    9.9898499E-01   9.9895805E-01   9.9888597E-01   9.9842686E-01   9.9888238E-01
    9.9885521E-01   9.9883071E-01   9.9875490E-01   9.9897606E-01   9.9896225E-01
    9.9894529E-01   9.9892744E-01   9.9904067E-01   9.9904140E-01   9.9902304E-01
    9.9901297E-01   9.9908350E-01   9.9908267E-01   9.9907347E-01   9.9903983E-01
    9.9910201E-01   9.9909823E-01   9.9909193E-01   9.9904986E-01

 2.4236756793E+02   4.6462182E+09   8.1344900E+14   5.8355210E+00   9.5854743E+00   4.0113875E-03   9.9986897E-01    54 
    9.9842601E-01   9.9842605E-01   9.9842605E-01   9.9919867E-01   9.9918425E-01
    9.9918425E-01   9.9915485E-01   9.9915485E-01   9.9917867E-01   9.9916398E-01
    9.9916398E-01   9.9917847E-01   9.9917847E-01   9.9914956E-01   9.9914956E-01
    9.9905453E-01   9.9904648E-01   9.9904648E-01   9.9902927E-01   9.9902927E-01
    9.9904282E-01   9.9929584E-01   9.9933033E-01   9.9929527E-01   9.9920982E-01
    9.9946553E-01   9.9946059E-01   9.9946161E-01   9.9932073E-01   9.9944220E-01
    9.9942993E-01   9.9942006E-01   9.9941291E-01   9.9947078E-01   9.9946645E-01
    9.9946155E-01   9.9945739E-01   9.9948355E-01   9.9948429E-01   9.9947897E-01
    9.9947732E-01   9.9949455E-01   9.9949398E-01   9.9949161E-01   9.9948539E-01
    9.9950054E-01   9.9949960E-01   9.9949781E-01   9.9948858E-01

 2.4152520656E+02   2.1347305E+10   1.1782722E+15   6.3750665E+00   2.4684582E+00   2.7890518E-03   9.9990890E-01    55 
    9.9937503E-01   9.9937506E-01   9.9937506E-01   9.9964254E-01   9.9964362E-01
    9.9964362E-01   9.9963846E-01   9.9963846E-01   9.9966874E-01   9.9965890E-01
    9.9965890E-01   9.9965662E-01   9.9965662E-01   9.9965165E-01   9.9965165E-01
    9.9965606E-01   9.9967294E-01   9.9967294E-01   9.9967255E-01   9.9967255E-01
    9.9967633E-01   9.9974737E-01   9.9976629E-01   9.9975351E-01   9.9973247E-01
    9.9979751E-01   9.9979701E-01   9.9979947E-01   9.9976219E-01   9.9979263E-01
    9.9978814E-01   9.9978486E-01   9.9978402E-01   9.9979653E-01   9.9979537E-01
    9.9979416E-01   9.9979345E-01   9.9979931E-01   9.9979950E-01   9.9979852E-01
    9.9979834E-01   9.9980233E-01   9.9980209E-01   9.9980162E-01   9.9980074E-01
    9.9980386E-01   9.9980363E-01   9.9980324E-01   9.9980170E-01

 2.4066175285E+02   6.3108458E+10   1.7020032E+15   6.9721430E+00   7.1560524E-01   1.9448873E-03   9.9993647E-01    56 
    9.9975096E-01   9.9975100E-01   9.9975100E-01   9.9984414E-01   9.9984717E-01
    9.9984717E-01   9.9984572E-01   9.9984572E-01   9.9986278E-01   9.9985230E-01
    9.9985230E-01   9.9985043E-01   9.9985043E-01   9.9985404E-01   9.9985404E-01
    9.9987593E-01   9.9988208E-01   9.9988208E-01   9.9988157E-01   9.9988157E-01
    9.9988133E-01   9.9990008E-01   9.9990554E-01   9.9989997E-01   9.9989842E-01
    9.9991887E-01   9.9991830E-01   9.9991849E-01   9.9991131E-01   9.9992243E-01
    9.9992115E-01   9.9992004E-01   9.9991955E-01   9.9992357E-01   9.9992338E-01
    9.9992312E-01   9.9992299E-01   9.9992503E-01   9.9992508E-01   9.9992488E-01
    9.9992483E-01   9.9992610E-01   9.9992602E-01   9.9992589E-01   9.9992574E-01
    9.9992654E-01   9.9992647E-01   9.9992637E-01   9.9992609E-01

 2.3991743514E+02   1.1567414E+11   2.3144878E+15   7.5222302E+00   2.7630848E-01   1.4392290E-03   9.9995299E-01    57 
    9.9988227E-01   9.9988233E-01   9.9988233E-01   9.9992105E-01   9.9992329E-01
    9.9992329E-01   9.9992201E-01   9.9992201E-01   9.9992896E-01   9.9992021E-01
    9.9992021E-01   9.9991989E-01   9.9991989E-01   9.9992440E-01   9.9992440E-01
    9.9994088E-01   9.9994291E-01   9.9994291E-01   9.9994252E-01   9.9994252E-01
    9.9994199E-01   9.9994664E-01   9.9994810E-01   9.9994588E-01   9.9994793E-01
    9.9995854E-01   9.9995827E-01   9.9995812E-01   9.9995642E-01   9.9996282E-01
    9.9996215E-01   9.9996155E-01   9.9996117E-01   9.9996330E-01   9.9996326E-01
    9.9996317E-01   9.9996312E-01   9.9996420E-01   9.9996422E-01   9.9996413E-01
    9.9996411E-01   9.9996472E-01   9.9996468E-01   9.9996462E-01   9.9996458E-01
    9.9996492E-01   9.9996488E-01   9.9996484E-01   9.9996475E-01

 2.3962075463E+02   1.3939360E+11   2.6082735E+15   7.7513828E+00   1.9401993E-01   1.2803307E-03   9.9995818E-01    58 
    9.9991506E-01   9.9991511E-01   9.9991511E-01   9.9994427E-01   9.9994607E-01
    9.9994607E-01   9.9994472E-01   9.9994472E-01   9.9994792E-01   9.9993986E-01
    9.9993986E-01   9.9993997E-01   9.9993997E-01   9.9994420E-01   9.9994420E-01
    9.9995782E-01   9.9995890E-01   9.9995890E-01   9.9995855E-01   9.9995855E-01
    9.9995800E-01   9.9995996E-01   9.9996064E-01   9.9995923E-01   9.9996151E-01
    9.9996940E-01   9.9996931E-01   9.9996918E-01   9.9996828E-01   9.9997328E-01
    9.9997272E-01   9.9997226E-01   9.9997193E-01   9.9997354E-01   9.9997352E-01
    9.9997346E-01   9.9997342E-01   9.9997423E-01   9.9997423E-01   9.9997418E-01
    9.9997415E-01   9.9997460E-01   9.9997457E-01   9.9997453E-01   9.9997450E-01
    9.9997474E-01   9.9997471E-01   9.9997468E-01   9.9997463E-01

 2.3947155306E+02   1.5179162E+11   2.7666478E+15   7.8687133E+00   1.6321223E-01   1.2085649E-03   9.9996052E-01    59 
    9.9990373E-01   9.9990379E-01   9.9990379E-01   9.9994195E-01   9.9994380E-01
    9.9994380E-01   9.9994241E-01   9.9994241E-01   9.9994696E-01   9.9993971E-01
    9.9993971E-01   9.9993984E-01   9.9993984E-01   9.9994326E-01   9.9994326E-01
    9.9995739E-01   9.9995857E-01   9.9995857E-01   9.9995829E-01   9.9995829E-01
    9.9995779E-01   9.9995986E-01   9.9996059E-01   9.9995943E-01   9.9996164E-01
    9.9996924E-01   9.9996924E-01   9.9996913E-01   9.9996840E-01   9.9997330E-01
    9.9997281E-01   9.9997237E-01   9.9997207E-01   9.9997369E-01   9.9997369E-01
    9.9997362E-01   9.9997359E-01   9.9997440E-01   9.9997440E-01   9.9997435E-01
    9.9997433E-01   9.9997477E-01   9.9997474E-01   9.9997471E-01   9.9997468E-01
    9.9997492E-01   9.9997489E-01   9.9997486E-01   9.9997481E-01

 2.3942170109E+02   1.5604832E+11   2.8212072E+15   7.9088163E+00   1.5383348E-01   1.1856930E-03   9.9996127E-01    60 
    9.9888748E-01   9.9892572E-01   9.9892572E-01   9.9948138E-01   9.9982373E-01
    9.9982373E-01   9.9949064E-01   9.9949064E-01   9.9989537E-01   1.0000409E+00
    1.0000409E+00   9.9983851E-01   9.9983851E-01   9.9946055E-01   9.9946055E-01
    9.9998297E-01   1.0000109E+00   1.0000109E+00   9.9988822E-01   9.9988822E-01
    9.9969615E-01   9.9997119E-01   9.9996997E-01   9.9991146E-01   9.9983930E-01
    1.0002286E+00   1.0002508E+00   1.0001521E+00   9.9992301E-01   9.9997145E-01
    9.9996382E-01   9.9995355E-01   9.9994052E-01   9.9994928E-01   9.9994831E-01
    9.9994474E-01   9.9994284E-01   9.9994654E-01   9.9994622E-01   9.9994465E-01
    9.9994402E-01   9.9994697E-01   9.9994681E-01   9.9994634E-01   9.9994461E-01
    9.9994695E-01   9.9994682E-01   9.9994653E-01   9.9994486E-01
