 Index            R         Vel          Tau           Na        Ne/Na            T        Kross       Kr/Kes        Gamma       dpdR/ROH
     1   3.8447E+04   1.8510E+03   1.2691E-05   4.7806E+04   1.0021E+00   1.0773E+00   2.8738E-01   1.0361E+00   3.4772E-01  -6.4542E-03
     2   3.7450E+04   1.8504E+03   1.3029E-05   5.0401E+04   1.0021E+00   1.0773E+00   2.8738E-01   1.0361E+00   3.4772E-01  -6.6797E-03
     3   3.5379E+04   1.8491E+03   1.3792E-05   5.6513E+04   1.0021E+00   1.0773E+00   2.8738E-01   1.0361E+00   3.4772E-01  -7.1722E-03
     4   3.0778E+04   1.8456E+03   1.5857E-05   7.4816E+04   1.0021E+00   1.0773E+00   2.8738E-01   1.0361E+00   3.4772E-01  -8.8612E-03
     5   2.3109E+04   1.8366E+03   2.1140E-05   1.3336E+05   1.0021E+00   1.0773E+00   2.8738E-01   1.0361E+00   3.4772E-01  -1.3122E-02
     6   1.6507E+04   1.8222E+03   2.9666E-05   2.6345E+05   1.0021E+00   1.0773E+00   2.8738E-01   1.0361E+00   3.4772E-01  -1.8539E-02
     7   1.1790E+04   1.8021E+03   4.1715E-05   5.2212E+05   1.0021E+00   1.0773E+00   2.8738E-01   1.0361E+00   3.4772E-01  -2.6039E-02
     8   8.4218E+03   1.7742E+03   5.8797E-05   1.0395E+06   1.0021E+00   1.0773E+00   2.8738E-01   1.0361E+00   3.4772E-01  -3.6624E-02
     9   6.0155E+03   1.7354E+03   8.3299E-05   2.0830E+06   1.0022E+00   1.1666E+00   2.9012E-01   1.0459E+00   3.4772E-01  -6.0152E-02
    10   4.2968E+03   1.6817E+03   1.1886E-04   4.2129E+06   1.0023E+00   1.2471E+00   2.9259E-01   1.0547E+00   3.4772E-01  -8.9754E-02
    11   3.0692E+03   1.6078E+03   1.7093E-04   8.6367E+06   1.0024E+00   1.3049E+00   2.9437E-01   1.0610E+00   3.4772E-01  -1.3057E-01
    12   2.1923E+03   1.5069E+03   2.4831E-04   1.8061E+07   1.0024E+00   1.3453E+00   2.9568E-01   1.0657E+00   3.4772E-01  -1.8931E-01
    13   1.5659E+03   1.3706E+03   3.6604E-04   3.8921E+07   1.0025E+00   1.3784E+00   2.9686E-01   1.0699E+00   3.4772E-01  -2.7708E-01
    14   1.1185E+03   1.1896E+03   5.5205E-04   8.7893E+07   1.0025E+00   1.4141E+00   2.9817E-01   1.0746E+00   3.4772E-01  -4.1347E-01
    15   8.1204E+02   9.6837E+02   8.4541E-04   2.0485E+08   1.0025E+00   1.4605E+00   2.9973E-01   1.0802E+00   3.4772E-01  -6.4118E-01
    16   6.4232E+02   7.7471E+02   1.1990E-03   4.0924E+08   1.0026E+00   1.5111E+00   3.0123E-01   1.0855E+00   3.4772E-01  -1.0578E+00
    17   5.3769E+02   6.1222E+02   1.6157E-03   7.3900E+08   1.0026E+00   1.5626E+00   3.0269E-01   1.0907E+00   3.4772E-01  -1.4529E+00
    18   4.6819E+02   4.7950E+02   2.1008E-03   1.2445E+09   1.0026E+00   1.6049E+00   3.0392E-01   1.0952E+00   3.4772E-01  -1.8598E+00
    19   4.1945E+02   3.7303E+02   2.6618E-03   1.9930E+09   1.0026E+00   1.6310E+00   3.0492E-01   1.0988E+00   3.4772E-01  -2.3434E+00
    20   3.8383E+02   2.8870E+02   3.3084E-03   3.0754E+09   1.0026E+00   1.6529E+00   3.0593E-01   1.1024E+00   3.4772E-01  -2.9367E+00
    21   3.5695E+02   2.2250E+02   4.0535E-03   4.6138E+09   1.0026E+00   1.6777E+00   3.0705E-01   1.1065E+00   3.4772E-01  -3.6447E+00
    22   3.3614E+02   1.7090E+02   4.9133E-03   6.7739E+09   1.0026E+00   1.7041E+00   3.0840E-01   1.1113E+00   3.4772E-01  -4.4780E+00
    23   3.1967E+02   1.3088E+02   5.9092E-03   9.7806E+09   1.0026E+00   1.7321E+00   3.0995E-01   1.1169E+00   3.4772E-01  -5.4601E+00
    24   3.0636E+02   9.9957E+01   7.0692E-03   1.3942E+10   1.0027E+00   1.7628E+00   3.1179E-01   1.1235E+00   3.4772E-01  -6.6026E+00
    25   2.9542E+02   7.6139E+01   8.4322E-03   1.9685E+10   1.0027E+00   1.7965E+00   3.1390E-01   1.1311E+00   3.4772E-01  -7.9961E+00
    26   2.8623E+02   5.7824E+01   1.0056E-02   2.7611E+10   1.0027E+00   1.8430E+00   3.1654E-01   1.1406E+00   3.4772E-01  -9.6373E+00
    27   2.7830E+02   4.3744E+01   1.2036E-02   3.8607E+10   1.0028E+00   1.9030E+00   3.1974E-01   1.1520E+00   3.4772E-01  -1.1235E+01
    28   2.7119E+02   3.2882E+01   1.4557E-02   5.4089E+10   1.0028E+00   1.9623E+00   3.2343E-01   1.1653E+00   3.4772E-01  -1.2012E+01
    29   2.5398E+02   1.7133E+01   2.5582E-02   1.1836E+11   1.0028E+00   2.0878E+00   3.3424E-01   1.2042E+00   3.4772E-01  -1.3660E+01
    30   2.5250E+02   1.6035E+01   2.7030E-02   1.2794E+11   1.0028E+00   2.0990E+00   3.3536E-01   1.2082E+00   3.4772E-01  -2.6176E+01
    31   2.5213E+02   1.3588E+01   2.7441E-02   1.5143E+11   1.0029E+00   2.1243E+00   3.3626E-01   1.2113E+00   3.4772E-01  -2.1610E+02
    32   2.5193E+02   1.0834E+01   2.7715E-02   1.9023E+11   1.0021E+00   2.2099E+00   3.3624E-01   1.2122E+00   3.4772E-01  -4.1353E+02
    33   2.5178E+02   8.3883E+00   2.7966E-02   2.4597E+11   1.0016E+00   2.1892E+00   3.3831E-01   1.2204E+00   3.4772E-01  -7.6963E+02
    34   2.5175E+02   7.4036E+00   2.8042E-02   2.7876E+11   1.0012E+00   2.1704E+00   3.4516E-01   1.2455E+00   3.5685E-01  -8.0212E+02
    35   2.5172E+02   6.6438E+00   2.8126E-02   3.1073E+11   1.0012E+00   2.1679E+00   3.4646E-01   1.2503E+00   3.6226E-01  -7.5361E+02
    36   2.5168E+02   5.9976E+00   2.8220E-02   3.4430E+11   1.0011E+00   2.1661E+00   3.4774E-01   1.2549E+00   3.6794E-01  -7.1849E+02
    37   2.5165E+02   5.4407E+00   2.8325E-02   3.7965E+11   1.0011E+00   2.1657E+00   3.4890E-01   1.2592E+00   3.7360E-01  -6.9160E+02
    38   2.5161E+02   4.9520E+00   2.8440E-02   4.1723E+11   1.0011E+00   2.1652E+00   3.5018E-01   1.2638E+00   3.7970E-01  -6.6961E+02
    39   2.5158E+02   4.5196E+00   2.8567E-02   4.5727E+11   1.0011E+00   2.1647E+00   3.5160E-01   1.2690E+00   3.8636E-01  -6.5071E+02
    40   2.5154E+02   4.1350E+00   2.8707E-02   4.9994E+11   1.0010E+00   2.1641E+00   3.5315E-01   1.2746E+00   3.9390E-01  -6.3387E+02
    41   2.5151E+02   3.7916E+00   2.8860E-02   5.4536E+11   1.0010E+00   2.1636E+00   3.5469E-01   1.2802E+00   4.0073E-01  -6.1996E+02
    42   2.5147E+02   3.4827E+00   2.9028E-02   5.9391E+11   1.0010E+00   2.1631E+00   3.5613E-01   1.2854E+00   4.0597E-01  -6.0865E+02
    43   2.5144E+02   3.2035E+00   2.9211E-02   6.4584E+11   1.0010E+00   2.1625E+00   3.5769E-01   1.2911E+00   4.1164E-01  -5.9830E+02
    44   2.5141E+02   2.9508E+00   2.9411E-02   7.0135E+11   1.0010E+00   2.1619E+00   3.5940E-01   1.2973E+00   4.1778E-01  -5.8838E+02
    45   2.5137E+02   2.7216E+00   2.9629E-02   7.6062E+11   1.0009E+00   2.1613E+00   3.6127E-01   1.3040E+00   4.2444E-01  -5.7875E+02
    46   2.5134E+02   2.5134E+00   2.9866E-02   8.2386E+11   1.0009E+00   2.1605E+00   3.6315E-01   1.3108E+00   4.3078E-01  -5.7026E+02
    47   2.5130E+02   2.3234E+00   3.0124E-02   8.9147E+11   1.0009E+00   2.1596E+00   3.6488E-01   1.3171E+00   4.3582E-01  -5.6304E+02
    48   2.5127E+02   2.1497E+00   3.0404E-02   9.6375E+11   1.0009E+00   2.1587E+00   3.6676E-01   1.3239E+00   4.4100E-01  -5.5616E+02
    49   2.5123E+02   1.9908E+00   3.0709E-02   1.0409E+12   1.0009E+00   2.1576E+00   3.6881E-01   1.3313E+00   4.4681E-01  -5.4903E+02
    50   2.5120E+02   1.8455E+00   3.1039E-02   1.1232E+12   1.0009E+00   2.1565E+00   3.7103E-01   1.3394E+00   4.5327E-01  -5.4158E+02
    51   2.5116E+02   1.7124E+00   3.1397E-02   1.2109E+12   1.0009E+00   2.1551E+00   3.7324E-01   1.3473E+00   4.5967E-01  -5.3454E+02
    52   2.5113E+02   1.5899E+00   3.1785E-02   1.3045E+12   1.0009E+00   2.1532E+00   3.7523E-01   1.3545E+00   4.6542E-01  -5.2793E+02
    53   2.5110E+02   1.4775E+00   3.2205E-02   1.4041E+12   1.0008E+00   2.1513E+00   3.7739E-01   1.3623E+00   4.7162E-01  -5.2120E+02
    54   2.5106E+02   1.3742E+00   3.2659E-02   1.5101E+12   1.0008E+00   2.1491E+00   3.7972E-01   1.3708E+00   4.7830E-01  -5.1410E+02
    55   2.5103E+02   1.2794E+00   3.3149E-02   1.6225E+12   1.0008E+00   2.1468E+00   3.8224E-01   1.3799E+00   4.8551E-01  -5.0663E+02
    56   2.5099E+02   1.1922E+00   3.3679E-02   1.7415E+12   1.0008E+00   2.1444E+00   3.8478E-01   1.3891E+00   4.9283E-01  -4.9961E+02
    57   2.5096E+02   1.1122E+00   3.4250E-02   1.8674E+12   1.0008E+00   2.1423E+00   3.8660E-01   1.3956E+00   4.9826E-01  -4.9368E+02
    58   2.5092E+02   1.0382E+00   3.4864E-02   2.0010E+12   1.0008E+00   2.1400E+00   3.8856E-01   1.4027E+00   5.0368E-01  -4.8807E+02
    59   2.5089E+02   9.6984E-01   3.5525E-02   2.1426E+12   1.0008E+00   2.1375E+00   3.9066E-01   1.4103E+00   5.0949E-01  -4.8209E+02
    60   2.5086E+02   9.0667E-01   3.6235E-02   2.2925E+12   1.0008E+00   2.1349E+00   3.9292E-01   1.4185E+00   5.1615E-01  -4.7551E+02
    61   2.5082E+02   8.4834E-01   3.6999E-02   2.4508E+12   1.0008E+00   2.1320E+00   3.9535E-01   1.4273E+00   5.2330E-01  -4.6839E+02
    62   2.5079E+02   7.9448E-01   3.7818E-02   2.6177E+12   1.0008E+00   2.1289E+00   3.9797E-01   1.4367E+00   5.3093E-01  -4.6127E+02
    63   2.5075E+02   7.4539E-01   3.8697E-02   2.7908E+12   1.0008E+00   2.1277E+00   4.0002E-01   1.4441E+00   5.3679E-01  -4.5513E+02
    64   2.5072E+02   6.9992E-01   3.9638E-02   2.9730E+12   1.0008E+00   2.1265E+00   4.0217E-01   1.4519E+00   5.4282E-01  -4.4917E+02
    65   2.5069E+02   6.5774E-01   4.0645E-02   3.1645E+12   1.0008E+00   2.1252E+00   4.0447E-01   1.4602E+00   5.4922E-01  -4.4289E+02
    66   2.5065E+02   6.1863E-01   4.1722E-02   3.3654E+12   1.0008E+00   2.1238E+00   4.0692E-01   1.4690E+00   5.5601E-01  -4.3622E+02
    67   2.5062E+02   5.8238E-01   4.2873E-02   3.5759E+12   1.0008E+00   2.1223E+00   4.0955E-01   1.4785E+00   5.6322E-01  -4.2915E+02
    68   2.5059E+02   5.4877E-01   4.4103E-02   3.7959E+12   1.0008E+00   2.1208E+00   4.1235E-01   1.4887E+00   5.7087E-01  -4.2166E+02
    69   2.5055E+02   5.1765E-01   4.5416E-02   4.0252E+12   1.0008E+00   2.1192E+00   4.1530E-01   1.4993E+00   5.7881E-01  -4.1468E+02
    70   2.5052E+02   4.8931E-01   4.6815E-02   4.2595E+12   1.0008E+00   2.1202E+00   4.1755E-01   1.5074E+00   5.8335E-01  -4.0965E+02
    71   2.5048E+02   4.6280E-01   4.8303E-02   4.5047E+12   1.0008E+00   2.1211E+00   4.1994E-01   1.5161E+00   5.8779E-01  -4.0528E+02
    72   2.5045E+02   4.3801E-01   4.9888E-02   4.7609E+12   1.0008E+00   2.1222E+00   4.2249E-01   1.5253E+00   5.9282E-01  -4.0037E+02
    73   2.5042E+02   4.1486E-01   5.1572E-02   5.0279E+12   1.0008E+00   2.1233E+00   4.2519E-01   1.5350E+00   5.9851E-01  -3.9487E+02
    74   2.5038E+02   3.9326E-01   5.3363E-02   5.3055E+12   1.0008E+00   2.1245E+00   4.2807E-01   1.5454E+00   6.0449E-01  -3.8905E+02
    75   2.5035E+02   3.7311E-01   5.5267E-02   5.5936E+12   1.0008E+00   2.1257E+00   4.3113E-01   1.5565E+00   6.1078E-01  -3.8293E+02
    76   2.5031E+02   3.5431E-01   5.7289E-02   5.8920E+12   1.0008E+00   2.1271E+00   4.3438E-01   1.5682E+00   6.1739E-01  -3.7655E+02
    77   2.5028E+02   3.3684E-01   5.9435E-02   6.1993E+12   1.0008E+00   2.1289E+00   4.3754E-01   1.5796E+00   6.2348E-01  -3.7110E+02
    78   2.5025E+02   3.2065E-01   6.1708E-02   6.5140E+12   1.0008E+00   2.1322E+00   4.4000E-01   1.5885E+00   6.2715E-01  -3.6714E+02
    79   2.5021E+02   3.0542E-01   6.4113E-02   6.8406E+12   1.0008E+00   2.1357E+00   4.4260E-01   1.5979E+00   6.3097E-01  -3.6347E+02
    80   2.5018E+02   2.9109E-01   6.6658E-02   7.1793E+12   1.0008E+00   2.1394E+00   4.4535E-01   1.6078E+00   6.3493E-01  -3.5964E+02
    81   2.5015E+02   2.7762E-01   6.9350E-02   7.5299E+12   1.0008E+00   2.1433E+00   4.4826E-01   1.6183E+00   6.3907E-01  -3.5564E+02
    82   2.5011E+02   2.6494E-01   7.2196E-02   7.8923E+12   1.0008E+00   2.1475E+00   4.5134E-01   1.6294E+00   6.4338E-01  -3.5147E+02
    83   2.5008E+02   2.5302E-01   7.5205E-02   8.2665E+12   1.0008E+00   2.1518E+00   4.5459E-01   1.6412E+00   6.4788E-01  -3.4712E+02
    84   2.5004E+02   2.4181E-01   7.8385E-02   8.6521E+12   1.0008E+00   2.1565E+00   4.5803E-01   1.6536E+00   6.5257E-01  -3.4256E+02
    85   2.5001E+02   2.3127E-01   8.1746E-02   9.0488E+12   1.0008E+00   2.1613E+00   4.6167E-01   1.6667E+00   6.5749E-01  -3.3808E+02
    86   2.4997E+02   2.2137E-01   8.5294E-02   9.4562E+12   1.0008E+00   2.1666E+00   4.6485E-01   1.6782E+00   6.6063E-01  -3.3496E+02
    87   2.4994E+02   2.1199E-01   8.9034E-02   9.8772E+12   1.0008E+00   2.1723E+00   4.6758E-01   1.6880E+00   6.6258E-01  -3.3290E+02
    88   2.4990E+02   2.0309E-01   9.2972E-02   1.0313E+13   1.0008E+00   2.1784E+00   4.7044E-01   1.6984E+00   6.6526E-01  -3.3044E+02
    89   2.4987E+02   1.9468E-01   9.7121E-02   1.0762E+13   1.0008E+00   2.1847E+00   4.7347E-01   1.7093E+00   6.6823E-01  -3.2762E+02
    90   2.4984E+02   1.8671E-01   1.0149E-01   1.1224E+13   1.0008E+00   2.1914E+00   4.7665E-01   1.7208E+00   6.7128E-01  -3.2469E+02
    91   2.4980E+02   1.7917E-01   1.0609E-01   1.1700E+13   1.0008E+00   2.1984E+00   4.8000E-01   1.7329E+00   6.7441E-01  -3.2168E+02
    92   2.4977E+02   1.7203E-01   1.1094E-01   1.2188E+13   1.0008E+00   2.2058E+00   4.8353E-01   1.7456E+00   6.7763E-01  -3.1858E+02
    93   2.4973E+02   1.6528E-01   1.1604E-01   1.2690E+13   1.0008E+00   2.2135E+00   4.8724E-01   1.7590E+00   6.8095E-01  -3.1543E+02
    94   2.4969E+02   1.5887E-01   1.2141E-01   1.3206E+13   1.0008E+00   2.2214E+00   4.9067E-01   1.7714E+00   6.8382E-01  -3.1275E+02
    95   2.4966E+02   1.5275E-01   1.2705E-01   1.3738E+13   1.0008E+00   2.2294E+00   4.9361E-01   1.7820E+00   6.8603E-01  -3.1057E+02
    96   2.4962E+02   1.4694E-01   1.3297E-01   1.4286E+13   1.0008E+00   2.2377E+00   4.9671E-01   1.7932E+00   6.8826E-01  -3.0844E+02
    97   2.4959E+02   1.4142E-01   1.3920E-01   1.4848E+13   1.0008E+00   2.2464E+00   4.9996E-01   1.8049E+00   6.9053E-01  -3.0628E+02
    98   2.4955E+02   1.3617E-01   1.4573E-01   1.5425E+13   1.0008E+00   2.2555E+00   5.0337E-01   1.8172E+00   6.9285E-01  -3.0407E+02
    99   2.4952E+02   1.3117E-01   1.5259E-01   1.6017E+13   1.0008E+00   2.2651E+00   5.0696E-01   1.8301E+00   6.9521E-01  -3.0182E+02
   100   2.4948E+02   1.2643E-01   1.5980E-01   1.6623E+13   1.0008E+00   2.2752E+00   5.1072E-01   1.8437E+00   6.9762E-01  -2.9952E+02
   101   2.4944E+02   1.2192E-01   1.6737E-01   1.7242E+13   1.0008E+00   2.2858E+00   5.1468E-01   1.8580E+00   7.0010E-01  -2.9725E+02
   102   2.4941E+02   1.1759E-01   1.7531E-01   1.7883E+13   1.0009E+00   2.2960E+00   5.1812E-01   1.8704E+00   7.0221E-01  -2.9517E+02
   103   2.4937E+02   1.1344E-01   1.8364E-01   1.8542E+13   1.0009E+00   2.3063E+00   5.2142E-01   1.8822E+00   7.0418E-01  -2.9329E+02
   104   2.4933E+02   1.0949E-01   1.9237E-01   1.9216E+13   1.0009E+00   2.3170E+00   5.2488E-01   1.8947E+00   7.0618E-01  -2.9139E+02
   105   2.4930E+02   1.0573E-01   2.0151E-01   1.9907E+13   1.0009E+00   2.3283E+00   5.2850E-01   1.9077E+00   7.0820E-01  -2.8951E+02
   106   2.4926E+02   1.0214E-01   2.1110E-01   2.0612E+13   1.0009E+00   2.3401E+00   5.3230E-01   1.9214E+00   7.0983E-01  -2.8799E+02
   107   2.4922E+02   9.8710E-02   2.2115E-01   2.1334E+13   1.0009E+00   2.3524E+00   5.3628E-01   1.9358E+00   7.1110E-01  -2.8665E+02
   108   2.4919E+02   9.5436E-02   2.3168E-01   2.2073E+13   1.0010E+00   2.3653E+00   5.4045E-01   1.9508E+00   7.1306E-01  -2.8492E+02
   109   2.4915E+02   9.2313E-02   2.4273E-01   2.2827E+13   1.0010E+00   2.3787E+00   5.4476E-01   1.9663E+00   7.1523E-01  -2.8292E+02
   110   2.4911E+02   8.9279E-02   2.5430E-01   2.3609E+13   1.0010E+00   2.3911E+00   5.4842E-01   1.9794E+00   7.1742E-01  -2.8078E+02
   111   2.4907E+02   8.6388E-02   2.6641E-01   2.4407E+13   1.0011E+00   2.4040E+00   5.5224E-01   1.9931E+00   7.1963E-01  -2.7868E+02
   112   2.4903E+02   8.3632E-02   2.7908E-01   2.5219E+13   1.0011E+00   2.4175E+00   5.5625E-01   2.0074E+00   7.2183E-01  -2.7657E+02
   113   2.4900E+02   8.1004E-02   2.9234E-01   2.6045E+13   1.0012E+00   2.4316E+00   5.6043E-01   2.0224E+00   7.2404E-01  -2.7446E+02
   114   2.4896E+02   7.8499E-02   3.0622E-01   2.6885E+13   1.0012E+00   2.4463E+00   5.6481E-01   2.0382E+00   7.2626E-01  -2.7233E+02
   115   2.4892E+02   7.6112E-02   3.2075E-01   2.7737E+13   1.0013E+00   2.4616E+00   5.6940E-01   2.0546E+00   7.2850E-01  -2.7019E+02
   116   2.4888E+02   7.3836E-02   3.3595E-01   2.8601E+13   1.0013E+00   2.4776E+00   5.7419E-01   2.0718E+00   7.3075E-01  -2.6804E+02
   117   2.4884E+02   7.1639E-02   3.5186E-01   2.9487E+13   1.0014E+00   2.4932E+00   5.7884E-01   2.0884E+00   7.3314E-01  -2.6572E+02
   118   2.4880E+02   6.9513E-02   3.6849E-01   3.0399E+13   1.0016E+00   2.5082E+00   5.8322E-01   2.1038E+00   7.3579E-01  -2.6319E+02
   119   2.4876E+02   6.7487E-02   3.8587E-01   3.1321E+13   1.0017E+00   2.5238E+00   5.8778E-01   2.1200E+00   7.3845E-01  -2.6063E+02
   120   2.4872E+02   6.5557E-02   4.0403E-01   3.2254E+13   1.0019E+00   2.5400E+00   5.9255E-01   2.1369E+00   7.4112E-01  -2.5805E+02
   121   2.4868E+02   6.3718E-02   4.2300E-01   3.3195E+13   1.0020E+00   2.5569E+00   5.9753E-01   2.1545E+00   7.4380E-01  -2.5546E+02
   122   2.4864E+02   6.1967E-02   4.4282E-01   3.4145E+13   1.0022E+00   2.5744E+00   6.0273E-01   2.1729E+00   7.4650E-01  -2.5286E+02
   123   2.4860E+02   6.0298E-02   4.6352E-01   3.5101E+13   1.0023E+00   2.5925E+00   6.0815E-01   2.1921E+00   7.4923E-01  -2.5022E+02
   124   2.4856E+02   5.8709E-02   4.8515E-01   3.6063E+13   1.0025E+00   2.6114E+00   6.1381E-01   2.2122E+00   7.5198E-01  -2.4753E+02
   125   2.4851E+02   5.7158E-02   5.0773E-01   3.7055E+13   1.0028E+00   2.6289E+00   6.1899E-01   2.2301E+00   7.5508E-01  -2.4452E+02
   126   2.4847E+02   5.5667E-02   5.3128E-01   3.8060E+13   1.0033E+00   2.6462E+00   6.2411E-01   2.2475E+00   7.5838E-01  -2.4132E+02
   127   2.4843E+02   5.4249E-02   5.5584E-01   3.9068E+13   1.0038E+00   2.6641E+00   6.2942E-01   2.2656E+00   7.6170E-01  -2.3810E+02
   128   2.4839E+02   5.2900E-02   5.8143E-01   4.0078E+13   1.0042E+00   2.6825E+00   6.3495E-01   2.2844E+00   7.6503E-01  -2.3485E+02
   129   2.4834E+02   5.1617E-02   6.0810E-01   4.1088E+13   1.0047E+00   2.7015E+00   6.4070E-01   2.3041E+00   7.6838E-01  -2.3159E+02
   130   2.4830E+02   5.0397E-02   6.3589E-01   4.2098E+13   1.0051E+00   2.7212E+00   6.4667E-01   2.3245E+00   7.7176E-01  -2.2830E+02
   131   2.4826E+02   4.9237E-02   6.6483E-01   4.3104E+13   1.0056E+00   2.7415E+00   6.5288E-01   2.3458E+00   7.7516E-01  -2.2498E+02
   132   2.4821E+02   4.8135E-02   6.9498E-01   4.4107E+13   1.0060E+00   2.7624E+00   6.5932E-01   2.3679E+00   7.7859E-01  -2.2168E+02
   133   2.4817E+02   4.7060E-02   7.2636E-01   4.5130E+13   1.0071E+00   2.7815E+00   6.6478E-01   2.3848E+00   7.8185E-01  -2.1846E+02
   134   2.4813E+02   4.6029E-02   7.5896E-01   4.6158E+13   1.0084E+00   2.8004E+00   6.7014E-01   2.4009E+00   7.8498E-01  -2.1531E+02
   135   2.4808E+02   4.5046E-02   7.9281E-01   4.7181E+13   1.0097E+00   2.8199E+00   6.7567E-01   2.4177E+00   7.8855E-01  -2.1194E+02
   136   2.4804E+02   4.4112E-02   8.2796E-01   4.8199E+13   1.0110E+00   2.8398E+00   6.8138E-01   2.4350E+00   7.9213E-01  -2.0844E+02
   137   2.4799E+02   4.3222E-02   8.6444E-01   4.9209E+13   1.0123E+00   2.8602E+00   6.8727E-01   2.4529E+00   7.9568E-01  -2.0497E+02
   138   2.4794E+02   4.2376E-02   9.0229E-01   5.0210E+13   1.0136E+00   2.8811E+00   6.9335E-01   2.4715E+00   7.9920E-01  -2.0152E+02
   139   2.4790E+02   4.1571E-02   9.4156E-01   5.1201E+13   1.0149E+00   2.9025E+00   6.9962E-01   2.4907E+00   8.0269E-01  -1.9810E+02
   140   2.4785E+02   4.0805E-02   9.8229E-01   5.2181E+13   1.0161E+00   2.9243E+00   7.0608E-01   2.5106E+00   8.0614E-01  -1.9478E+02
   141   2.4780E+02   4.0074E-02   1.0245E+00   5.3154E+13   1.0183E+00   2.9452E+00   7.1152E-01   2.5244E+00   8.0910E-01  -1.9186E+02
   142   2.4776E+02   3.9372E-02   1.0681E+00   5.4123E+13   1.0212E+00   2.9653E+00   7.1628E-01   2.5342E+00   8.1169E-01  -1.8932E+02
   143   2.4771E+02   3.8697E-02   1.1132E+00   5.5088E+13   1.0240E+00   2.9857E+00   7.2114E-01   2.5443E+00   8.1419E-01  -1.8688E+02
   144   2.4766E+02   3.8049E-02   1.1598E+00   5.6047E+13   1.0269E+00   3.0065E+00   7.2610E-01   2.5546E+00   8.1660E-01  -1.8454E+02
   145   2.4761E+02   3.7426E-02   1.2079E+00   5.7002E+13   1.0298E+00   3.0276E+00   7.3116E-01   2.5653E+00   8.1892E-01  -1.8229E+02
   146   2.4756E+02   3.6827E-02   1.2576E+00   5.7953E+13   1.0326E+00   3.0490E+00   7.3631E-01   2.5762E+00   8.2114E-01  -1.8013E+02
   147   2.4751E+02   3.6250E-02   1.3089E+00   5.8900E+13   1.0355E+00   3.0708E+00   7.4157E-01   2.5874E+00   8.2326E-01  -1.7809E+02
   148   2.4746E+02   3.5693E-02   1.3618E+00   5.9842E+13   1.0384E+00   3.0928E+00   7.4692E-01   2.5989E+00   8.2513E-01  -1.7618E+02
   149   2.4741E+02   3.5156E-02   1.4165E+00   6.0781E+13   1.0412E+00   3.1152E+00   7.5237E-01   2.6107E+00   8.2716E-01  -1.7457E+02
   150   2.4736E+02   3.4632E-02   1.4728E+00   6.1725E+13   1.0451E+00   3.1361E+00   7.5604E-01   2.6137E+00   8.2793E-01  -1.7362E+02
   151   2.4731E+02   3.4120E-02   1.5307E+00   6.2678E+13   1.0491E+00   3.1569E+00   7.5949E-01   2.6155E+00   8.2844E-01  -1.7317E+02
   152   2.4726E+02   3.3617E-02   1.5904E+00   6.3643E+13   1.0532E+00   3.1779E+00   7.6295E-01   2.6174E+00   8.2887E-01  -1.7281E+02
   153   2.4721E+02   3.3123E-02   1.6517E+00   6.4618E+13   1.0572E+00   3.1990E+00   7.6643E-01   2.6192E+00   8.2921E-01  -1.7255E+02
   154   2.4716E+02   3.2638E-02   1.7148E+00   6.5607E+13   1.0613E+00   3.2204E+00   7.6993E-01   2.6212E+00   8.2945E-01  -1.7238E+02
   155   2.4710E+02   3.2161E-02   1.7797E+00   6.6609E+13   1.0653E+00   3.2419E+00   7.7344E-01   2.6231E+00   8.2960E-01  -1.7231E+02
   156   2.4705E+02   3.1691E-02   1.8465E+00   6.7626E+13   1.0694E+00   3.2635E+00   7.7697E-01   2.6251E+00   8.2964E-01  -1.7234E+02
   157   2.4700E+02   3.1228E-02   1.9152E+00   6.8659E+13   1.0734E+00   3.2853E+00   7.8051E-01   2.6271E+00   8.2959E-01  -1.7247E+02
   158   2.4694E+02   3.0771E-02   1.9859E+00   6.9709E+13   1.0774E+00   3.3073E+00   7.8407E-01   2.6292E+00   8.2944E-01  -1.7274E+02
   159   2.4689E+02   3.0310E-02   2.0586E+00   7.0799E+13   1.0812E+00   3.3291E+00   7.8658E-01   2.6285E+00   8.2886E-01  -1.7339E+02
   160   2.4683E+02   2.9842E-02   2.1332E+00   7.1942E+13   1.0845E+00   3.3503E+00   7.8781E-01   2.6245E+00   8.2792E-01  -1.7438E+02
   161   2.4678E+02   2.9376E-02   2.2097E+00   7.3115E+13   1.0879E+00   3.3717E+00   7.8900E-01   2.6204E+00   8.2690E-01  -1.7550E+02
   162   2.4672E+02   2.8913E-02   2.2883E+00   7.4322E+13   1.0912E+00   3.3931E+00   7.9015E-01   2.6162E+00   8.2580E-01  -1.7670E+02
   163   2.4666E+02   2.8451E-02   2.3688E+00   7.5563E+13   1.0945E+00   3.4146E+00   7.9126E-01   2.6119E+00   8.2461E-01  -1.7799E+02
   164   2.4661E+02   2.7991E-02   2.4516E+00   7.6841E+13   1.0979E+00   3.4361E+00   7.9233E-01   2.6075E+00   8.2332E-01  -1.7937E+02
   165   2.4655E+02   2.7532E-02   2.5364E+00   7.8158E+13   1.1012E+00   3.4578E+00   7.9336E-01   2.6030E+00   8.2195E-01  -1.8111E+02
   166   2.4649E+02   2.7072E-02   2.6236E+00   7.9522E+13   1.1045E+00   3.4795E+00   7.9434E-01   2.5985E+00   8.1992E-01  -1.8293E+02
   167   2.4643E+02   2.6614E-02   2.7131E+00   8.0929E+13   1.1078E+00   3.5013E+00   7.9527E-01   2.5938E+00   8.1852E-01  -1.8449E+02
   168   2.4638E+02   2.6158E-02   2.8050E+00   8.2381E+13   1.1110E+00   3.5232E+00   7.9616E-01   2.5891E+00   8.1709E-01  -1.8604E+02
   169   2.4632E+02   2.5698E-02   2.8994E+00   8.3893E+13   1.1139E+00   3.5453E+00   7.9664E-01   2.5840E+00   8.1556E-01  -1.8768E+02
   170   2.4626E+02   2.5230E-02   2.9962E+00   8.5491E+13   1.1157E+00   3.5676E+00   7.9620E-01   2.5783E+00   8.1398E-01  -1.8935E+02
   171   2.4620E+02   2.4764E-02   3.0956E+00   8.7142E+13   1.1176E+00   3.5900E+00   7.9570E-01   2.5724E+00   8.1241E-01  -1.9104E+02
   172   2.4614E+02   2.4301E-02   3.1976E+00   8.8848E+13   1.1194E+00   3.6125E+00   7.9515E-01   2.5665E+00   8.1083E-01  -1.9274E+02
   173   2.4608E+02   2.3840E-02   3.3022E+00   9.0611E+13   1.1212E+00   3.6350E+00   7.9453E-01   2.5604E+00   8.0925E-01  -1.9444E+02
   174   2.4601E+02   2.3381E-02   3.4096E+00   9.2433E+13   1.1230E+00   3.6577E+00   7.9385E-01   2.5541E+00   8.0766E-01  -1.9616E+02
   175   2.4595E+02   2.2926E-02   3.5198E+00   9.4317E+13   1.1247E+00   3.6804E+00   7.9311E-01   2.5477E+00   8.0605E-01  -1.9790E+02
   176   2.4589E+02   2.2474E-02   3.6330E+00   9.6264E+13   1.1265E+00   3.7032E+00   7.9231E-01   2.5412E+00   8.0444E-01  -1.9965E+02
   177   2.4583E+02   2.2024E-02   3.7492E+00   9.8278E+13   1.1282E+00   3.7261E+00   7.9144E-01   2.5345E+00   8.0280E-01  -2.0140E+02
   178   2.4576E+02   2.1578E-02   3.8686E+00   1.0036E+14   1.1299E+00   3.7491E+00   7.9050E-01   2.5276E+00   8.0136E-01  -2.0294E+02
   179   2.4570E+02   2.1137E-02   3.9912E+00   1.0251E+14   1.1316E+00   3.7721E+00   7.8949E-01   2.5206E+00   8.0033E-01  -2.0428E+02
   180   2.4564E+02   2.0699E-02   4.1172E+00   1.0473E+14   1.1329E+00   3.7957E+00   7.8852E-01   2.5147E+00   7.9895E-01  -2.0569E+02
   181   2.4557E+02   2.0264E-02   4.2466E+00   1.0704E+14   1.1337E+00   3.8199E+00   7.8763E-01   2.5100E+00   7.9764E-01  -2.0715E+02
   182   2.4551E+02   1.9834E-02   4.3796E+00   1.0942E+14   1.1345E+00   3.8442E+00   7.8668E-01   2.5052E+00   7.9635E-01  -2.0858E+02
   183   2.4544E+02   1.9409E-02   4.5164E+00   1.1187E+14   1.1353E+00   3.8686E+00   7.8569E-01   2.5003E+00   7.9508E-01  -2.1021E+02
   184   2.4538E+02   1.8988E-02   4.6570E+00   1.1441E+14   1.1361E+00   3.8932E+00   7.8464E-01   2.4953E+00   7.9327E-01  -2.1191E+02
   185   2.4531E+02   1.8572E-02   4.8016E+00   1.1704E+14   1.1368E+00   3.9179E+00   7.8354E-01   2.4901E+00   7.9196E-01  -2.1340E+02
   186   2.4524E+02   1.8162E-02   4.9503E+00   1.1975E+14   1.1376E+00   3.9428E+00   7.8238E-01   2.4848E+00   7.9070E-01  -2.1481E+02
   187   2.4518E+02   1.7757E-02   5.1032E+00   1.2254E+14   1.1383E+00   3.9678E+00   7.8117E-01   2.4794E+00   7.8948E-01  -2.1617E+02
   188   2.4511E+02   1.7359E-02   5.2605E+00   1.2543E+14   1.1391E+00   3.9930E+00   7.7991E-01   2.4738E+00   7.8831E-01  -2.1749E+02
   189   2.4504E+02   1.6965E-02   5.4224E+00   1.2840E+14   1.1398E+00   4.0183E+00   7.7858E-01   2.4680E+00   7.8719E-01  -2.1876E+02
   190   2.4497E+02   1.6578E-02   5.5889E+00   1.3147E+14   1.1405E+00   4.0438E+00   7.7720E-01   2.4621E+00   7.8611E-01  -2.2000E+02
   191   2.4490E+02   1.6198E-02   5.7602E+00   1.3464E+14   1.1411E+00   4.0696E+00   7.7577E-01   2.4562E+00   7.8492E-01  -2.2155E+02
   192   2.4483E+02   1.5822E-02   5.9366E+00   1.3792E+14   1.1415E+00   4.0963E+00   7.7435E-01   2.4510E+00   7.8286E-01  -2.2359E+02
   193   2.4476E+02   1.5451E-02   6.1181E+00   1.4131E+14   1.1418E+00   4.1232E+00   7.7288E-01   2.4456E+00   7.8087E-01  -2.2575E+02
   194   2.4469E+02   1.5084E-02   6.3050E+00   1.4483E+14   1.1421E+00   4.1503E+00   7.7135E-01   2.4401E+00   7.7896E-01  -2.2785E+02
   195   2.4462E+02   1.4721E-02   6.4975E+00   1.4848E+14   1.1424E+00   4.1776E+00   7.6977E-01   2.4345E+00   7.7712E-01  -2.2988E+02
   196   2.4455E+02   1.4364E-02   6.6958E+00   1.5226E+14   1.1427E+00   4.2052E+00   7.6813E-01   2.4286E+00   7.7535E-01  -2.3184E+02
   197   2.4448E+02   1.4012E-02   6.9001E+00   1.5618E+14   1.1430E+00   4.2330E+00   7.6643E-01   2.4226E+00   7.7364E-01  -2.3373E+02
   198   2.4441E+02   1.3665E-02   7.1106E+00   1.6025E+14   1.1433E+00   4.2609E+00   7.6466E-01   2.4164E+00   7.7200E-01  -2.3556E+02
   199   2.4433E+02   1.3323E-02   7.3276E+00   1.6445E+14   1.1436E+00   4.2892E+00   7.6284E-01   2.4100E+00   7.7042E-01  -2.3733E+02
   200   2.4426E+02   1.2987E-02   7.5512E+00   1.6881E+14   1.1439E+00   4.3176E+00   7.6095E-01   2.4035E+00   7.6891E-01  -2.3903E+02
   201   2.4419E+02   1.2657E-02   7.7818E+00   1.7332E+14   1.1441E+00   4.3463E+00   7.5898E-01   2.3967E+00   7.6742E-01  -2.4069E+02
   202   2.4411E+02   1.2332E-02   8.0195E+00   1.7799E+14   1.1444E+00   4.3753E+00   7.5695E-01   2.3897E+00   7.6604E-01  -2.4235E+02
   203   2.4404E+02   1.2014E-02   8.2646E+00   1.8281E+14   1.1446E+00   4.4049E+00   7.5499E-01   2.3831E+00   7.6394E-01  -2.4469E+02
   204   2.4396E+02   1.1701E-02   8.5176E+00   1.8782E+14   1.1448E+00   4.4352E+00   7.5309E-01   2.3768E+00   7.6113E-01  -2.4768E+02
   205   2.4389E+02   1.1391E-02   8.7786E+00   1.9305E+14   1.1449E+00   4.4658E+00   7.5113E-01   2.3704E+00   7.5842E-01  -2.5064E+02
   206   2.4381E+02   1.1085E-02   9.0481E+00   1.9850E+14   1.1450E+00   4.4967E+00   7.4910E-01   2.3637E+00   7.5580E-01  -2.5351E+02
   207   2.4374E+02   1.0784E-02   9.3265E+00   2.0418E+14   1.1451E+00   4.5279E+00   7.4700E-01   2.3568E+00   7.5327E-01  -2.5629E+02
   208   2.4366E+02   1.0487E-02   9.6140E+00   2.1009E+14   1.1453E+00   4.5595E+00   7.4482E-01   2.3497E+00   7.5083E-01  -2.5896E+02
   209   2.4358E+02   1.0195E-02   9.9112E+00   2.1625E+14   1.1454E+00   4.5914E+00   7.4257E-01   2.3423E+00   7.4881E-01  -2.6109E+02
   210   2.4350E+02   9.9087E-03   1.0218E+01   2.2264E+14   1.1455E+00   4.6237E+00   7.4023E-01   2.3347E+00   7.4784E-01  -2.6275E+02
   211   2.4342E+02   9.6289E-03   1.0536E+01   2.2926E+14   1.1456E+00   4.6563E+00   7.3781E-01   2.3269E+00   7.4581E-01  -2.6481E+02
   212   2.4334E+02   9.3540E-03   1.0864E+01   2.3615E+14   1.1457E+00   4.6893E+00   7.3531E-01   2.3187E+00   7.4362E-01  -2.6724E+02
   213   2.4326E+02   9.0843E-03   1.1203E+01   2.4332E+14   1.1458E+00   4.7226E+00   7.3272E-01   2.3104E+00   7.4153E-01  -2.6959E+02
   214   2.4318E+02   8.8198E-03   1.1554E+01   2.5078E+14   1.1459E+00   4.7563E+00   7.3003E-01   2.3017E+00   7.3954E-01  -2.7202E+02
   215   2.4310E+02   8.5611E-03   1.1917E+01   2.5853E+14   1.1460E+00   4.7909E+00   7.2813E-01   2.2955E+00   7.3682E-01  -2.7490E+02
   216   2.4302E+02   8.3070E-03   1.2293E+01   2.6662E+14   1.1461E+00   4.8260E+00   7.2640E-01   2.2899E+00   7.3398E-01  -2.7801E+02
   217   2.4294E+02   8.0574E-03   1.2683E+01   2.7507E+14   1.1461E+00   4.8617E+00   7.2460E-01   2.2841E+00   7.3142E-01  -2.8093E+02
   218   2.4285E+02   7.8127E-03   1.3088E+01   2.8388E+14   1.1462E+00   4.8978E+00   7.2274E-01   2.2781E+00   7.2884E-01  -2.8376E+02
   219   2.4277E+02   7.5728E-03   1.3507E+01   2.9307E+14   1.1463E+00   4.9345E+00   7.2080E-01   2.2719E+00   7.2633E-01  -2.8658E+02
   220   2.4269E+02   7.3379E-03   1.3942E+01   3.0266E+14   1.1463E+00   4.9716E+00   7.1878E-01   2.2654E+00   7.2392E-01  -2.8930E+02
   221   2.4260E+02   7.1081E-03   1.4394E+01   3.1267E+14   1.1464E+00   5.0093E+00   7.1669E-01   2.2587E+00   7.2160E-01  -2.9192E+02
   222   2.4251E+02   6.8833E-03   1.4862E+01   3.2310E+14   1.1464E+00   5.0475E+00   7.1452E-01   2.2518E+00   7.1938E-01  -2.9446E+02
   223   2.4243E+02   6.6638E-03   1.5349E+01   3.3399E+14   1.1465E+00   5.0863E+00   7.1226E-01   2.2446E+00   7.1725E-01  -2.9689E+02
   224   2.4234E+02   6.4495E-03   1.5854E+01   3.4533E+14   1.1465E+00   5.1256E+00   7.0991E-01   2.2370E+00   7.1523E-01  -2.9922E+02
   225   2.4225E+02   6.2405E-03   1.6379E+01   3.5716E+14   1.1466E+00   5.1654E+00   7.0747E-01   2.2293E+00   7.1331E-01  -3.0148E+02
   226   2.4217E+02   6.0369E-03   1.6924E+01   3.6947E+14   1.1466E+00   5.2061E+00   7.0542E-01   2.2227E+00   7.1120E-01  -3.0395E+02
   227   2.4208E+02   5.8385E-03   1.7492E+01   3.8230E+14   1.1467E+00   5.2476E+00   7.0396E-01   2.2180E+00   7.0877E-01  -3.0667E+02
   228   2.4199E+02   5.6449E-03   1.8082E+01   3.9571E+14   1.1467E+00   5.2899E+00   7.0245E-01   2.2132E+00   7.0643E-01  -3.0936E+02
   229   2.4190E+02   5.4561E-03   1.8697E+01   4.0971E+14   1.1468E+00   5.3328E+00   7.0087E-01   2.2082E+00   7.0419E-01  -3.1195E+02
   230   2.4181E+02   5.2722E-03   1.9338E+01   4.2432E+14   1.1468E+00   5.3764E+00   6.9922E-01   2.2029E+00   7.0205E-01  -3.1443E+02
   231   2.4171E+02   5.0932E-03   2.0005E+01   4.3956E+14   1.1468E+00   5.4208E+00   6.9750E-01   2.1974E+00   7.0002E-01  -3.1654E+02
   232   2.4162E+02   4.9194E-03   2.0701E+01   4.5544E+14   1.1468E+00   5.4659E+00   6.9571E-01   2.1917E+00   6.9891E-01  -3.1827E+02
   233   2.4153E+02   4.7508E-03   2.1425E+01   4.7197E+14   1.1469E+00   5.5118E+00   6.9385E-01   2.1858E+00   6.9811E-01  -3.1984E+02
   234   2.4143E+02   4.5874E-03   2.2180E+01   4.8916E+14   1.1469E+00   5.5584E+00   6.9190E-01   2.1796E+00   6.9619E-01  -3.2171E+02
   235   2.4134E+02   4.4286E-03   2.2968E+01   5.0711E+14   1.1469E+00   5.6058E+00   6.8987E-01   2.1732E+00   6.9438E-01  -3.2387E+02
   236   2.4124E+02   4.2743E-03   2.3788E+01   5.2582E+14   1.1470E+00   5.6539E+00   6.8775E-01   2.1664E+00   6.9266E-01  -3.2603E+02
   237   2.4115E+02   4.1246E-03   2.4644E+01   5.4534E+14   1.1470E+00   5.7031E+00   6.8612E-01   2.1613E+00   6.9060E-01  -3.2841E+02
   238   2.4105E+02   3.9792E-03   2.5538E+01   5.6574E+14   1.1470E+00   5.7531E+00   6.8464E-01   2.1566E+00   6.8844E-01  -3.3094E+02
   239   2.4095E+02   3.8378E-03   2.6471E+01   5.8705E+14   1.1470E+00   5.8041E+00   6.8309E-01   2.1516E+00   6.8636E-01  -3.3342E+02
   240   2.4085E+02   3.7006E-03   2.7446E+01   6.0933E+14   1.1470E+00   5.8559E+00   6.8147E-01   2.1465E+00   6.8435E-01  -3.3582E+02
   241   2.4075E+02   3.5674E-03   2.8465E+01   6.3261E+14   1.1471E+00   5.9087E+00   6.7977E-01   2.1411E+00   6.8243E-01  -3.3813E+02
   242   2.4065E+02   3.4382E-03   2.9529E+01   6.5692E+14   1.1471E+00   5.9624E+00   6.7800E-01   2.1355E+00   6.8061E-01  -3.4035E+02
   243   2.4055E+02   3.3130E-03   3.0642E+01   6.8233E+14   1.1471E+00   6.0170E+00   6.7615E-01   2.1296E+00   6.7889E-01  -3.4245E+02
   244   2.4045E+02   3.1917E-03   3.1805E+01   7.0886E+14   1.1471E+00   6.0727E+00   6.7421E-01   2.1235E+00   6.7730E-01  -3.4431E+02
   245   2.4034E+02   3.0745E-03   3.3021E+01   7.3653E+14   1.1471E+00   6.1293E+00   6.7219E-01   2.1171E+00   6.7606E-01  -3.4608E+02
   246   2.4024E+02   2.9610E-03   3.4293E+01   7.6542E+14   1.1471E+00   6.1869E+00   6.7007E-01   2.1104E+00   6.7460E-01  -3.4813E+02
   247   2.4013E+02   2.8511E-03   3.5623E+01   7.9563E+14   1.1472E+00   6.2456E+00   6.6821E-01   2.1045E+00   6.7229E-01  -3.5074E+02
   248   2.4002E+02   2.7444E-03   3.7015E+01   8.2729E+14   1.1472E+00   6.3053E+00   6.6635E-01   2.0986E+00   6.6981E-01  -3.5368E+02
   249   2.3992E+02   2.6409E-03   3.8473E+01   8.6049E+14   1.1472E+00   6.3661E+00   6.6440E-01   2.0925E+00   6.6740E-01  -3.5658E+02
   250   2.3981E+02   2.5405E-03   3.9999E+01   8.9529E+14   1.1472E+00   6.4280E+00   6.6236E-01   2.0860E+00   6.6506E-01  -3.5940E+02
   251   2.3970E+02   2.4433E-03   4.1598E+01   9.3179E+14   1.1472E+00   6.4911E+00   6.6022E-01   2.0792E+00   6.6280E-01  -3.6215E+02
   252   2.3959E+02   2.3491E-03   4.3273E+01   9.7005E+14   1.1472E+00   6.5553E+00   6.5798E-01   2.0722E+00   6.6063E-01  -3.6477E+02
   253   2.3947E+02   2.2579E-03   4.5028E+01   1.0102E+15   1.1473E+00   6.6208E+00   6.5563E-01   2.0647E+00   6.5894E-01  -3.6720E+02
   254   2.3936E+02   2.1698E-03   4.6868E+01   1.0522E+15   1.1473E+00   6.6874E+00   6.5317E-01   2.0570E+00   6.5695E-01  -3.6957E+02
   255   2.3925E+02   2.0846E-03   4.8796E+01   1.0962E+15   1.1473E+00   6.7552E+00   6.5059E-01   2.0488E+00   6.5509E-01  -3.7200E+02
   256   2.3913E+02   2.0023E-03   5.0817E+01   1.1424E+15   1.1473E+00   6.8242E+00   6.4839E-01   2.0418E+00   6.5283E-01  -3.7478E+02
   257   2.3901E+02   1.9226E-03   5.2940E+01   1.1909E+15   1.1473E+00   6.8945E+00   6.4647E-01   2.0358E+00   6.5024E-01  -3.7790E+02
   258   2.3890E+02   1.8455E-03   5.5169E+01   1.2419E+15   1.1473E+00   6.9661E+00   6.4446E-01   2.0294E+00   6.4770E-01  -3.8101E+02
   259   2.3878E+02   1.7709E-03   5.7510E+01   1.2955E+15   1.1474E+00   7.0392E+00   6.4234E-01   2.0227E+00   6.4521E-01  -3.8407E+02
   260   2.3866E+02   1.6988E-03   5.9971E+01   1.3519E+15   1.1474E+00   7.1137E+00   6.4011E-01   2.0157E+00   6.4279E-01  -3.8708E+02
   261   2.3854E+02   1.6291E-03   6.2556E+01   1.4111E+15   1.1474E+00   7.1896E+00   6.3777E-01   2.0083E+00   6.4043E-01  -3.9001E+02
   262   2.3841E+02   1.5618E-03   6.5275E+01   1.4734E+15   1.1474E+00   7.2671E+00   6.3532E-01   2.0005E+00   6.3816E-01  -3.9287E+02
   263   2.3829E+02   1.4969E-03   6.8133E+01   1.5389E+15   1.1474E+00   7.3461E+00   6.3273E-01   1.9923E+00   6.3598E-01  -3.9564E+02
   264   2.3816E+02   1.4343E-03   7.1138E+01   1.6078E+15   1.1474E+00   7.4266E+00   6.3001E-01   1.9837E+00   6.3391E-01  -3.9834E+02
   265   2.3804E+02   1.3740E-03   7.4302E+01   1.6802E+15   1.1475E+00   7.5087E+00   6.2837E-01   1.9785E+00   6.3179E-01  -4.0103E+02
   266   2.3791E+02   1.3158E-03   7.7637E+01   1.7563E+15   1.1475E+00   7.5927E+00   6.2680E-01   1.9735E+00   6.2974E-01  -4.0360E+02
   267   2.3778E+02   1.2599E-03   8.1153E+01   1.8362E+15   1.1475E+00   7.6784E+00   6.2513E-01   1.9683E+00   6.2797E-01  -4.0609E+02
   268   2.3765E+02   1.2061E-03   8.4862E+01   1.9203E+15   1.1475E+00   7.7660E+00   6.2338E-01   1.9627E+00   6.2603E-01  -4.0847E+02
   269   2.3751E+02   1.1544E-03   8.8774E+01   2.0085E+15   1.1475E+00   7.8554E+00   6.2196E-01   1.9582E+00   6.2544E-01  -4.0955E+02
   270   2.3738E+02   1.1050E-03   9.2905E+01   2.1007E+15   1.1475E+00   7.9467E+00   6.2084E-01   1.9547E+00   6.2609E-01  -4.0957E+02
   271   2.3724E+02   1.0581E-03   9.7268E+01   2.1964E+15   1.1476E+00   8.0411E+00   6.1963E-01   1.9508E+00   6.2457E-01  -4.1168E+02
   272   2.3711E+02   1.0124E-03   1.0188E+02   2.2981E+15   1.1476E+00   8.1355E+00   6.1927E-01   1.9497E+00   6.2249E-01  -4.1499E+02
