!
! Note: The effective temperature and surface gravity are defined
! at the reference radius, which (except when using the old
! velocity) is the location where Tau=2/3.
!
! Effective temperature (10^4 K) is:    2.450000E+00
!      Log surface gravity (cgs) is:    2.700000E+00
!         Core radius (10^10 cm) is:    1.674488E+02
!    Reference radius (10^10 cm) is:    1.905416E+02
!              Luminosity (Lsun) is:    2.436321E+05
!            Mass (Msun) of star is:    1.371040E+01
!       Mass loss rate (Msun/yr) is:    1.462500E-07
!         Mean atomic mass (amu) is:    1.704835E+00
!            Eddington parameter is:    3.194092E-01
!                   Atom density is:    0.000000E+00
! Ratio of inner to outer radius is:  238.62629589
!
      70          !Number of depth points
!
!    R(10^10cm)       V(km/s)         Sigma           Tau     Index
 39957.67757603  1.928853E+03 -9.901750E-01  2.302739E-06         1
 39545.61406787  1.928656E+03 -9.900528E-01  2.326740E-06         2
 38733.65984272  1.928253E+03 -9.898317E-01  2.375518E-06         3
 37161.84953485  1.927426E+03 -9.894213E-01  2.476071E-06         4
 34210.11880870  1.925682E+03 -9.884450E-01  2.690170E-06         5
 28985.04673004  1.921731E+03 -9.857236E-01  3.175700E-06         6
 21031.80738543  1.911899E+03 -9.792609E-01  4.379596E-06         7
 15281.93760916  1.898361E+03 -9.713331E-01  6.039886E-06         8
 11124.66041534  1.879929E+03 -9.604646E-01  8.329586E-06         9
  8115.25058303  1.854927E+03 -9.455704E-01  1.148730E-05        10
  5939.97606323  1.821366E+03 -9.254832E-01  1.584210E-05        11
  4370.09007545  1.777088E+03 -8.989364E-01  2.184778E-05        12
  3234.93130022  1.719854E+03 -8.626697E-01  3.013020E-05        13
  2409.66823205  1.646045E+03 -8.123872E-01  4.155245E-05        14
  1808.06936327  1.551964E+03 -7.422226E-01  5.730484E-05        15
  1369.10300892  1.434056E+03 -6.422440E-01  7.902891E-05        16
  1049.08271414  1.289375E+03 -5.143847E-01  1.089885E-04        17
   817.26036856  1.126705E+03 -3.537871E-01  1.503056E-04        18
   648.36881843  9.529621E+02 -1.202688E-01  2.072860E-04        19
   525.10883679  7.698105E+02  2.014984E-01  2.858674E-04        20
   435.44420594  5.939054E+02  6.291311E-01  3.942387E-04        21
   369.95808689  4.359530E+02  1.201165E+00  5.436932E-04        22
   322.32396412  3.060988E+02  1.968838E+00  7.491394E-04        23
   289.36222913  2.110382E+02  2.934253E+00  1.011780E-03        24
   266.46290008  1.455651E+02  4.048285E+00  1.333299E-03        25
   249.71058402  1.006076E+02  5.301210E+00  1.731646E-03        26
   236.88941597  6.948007E+01  6.661173E+00  2.231633E-03        27
   226.66961106  4.798858E+01  7.999329E+00  2.873542E-03        28
   218.11836846  3.311052E+01  8.680026E+00  3.731974E-03        29
   209.36968506  2.267549E+01  7.903483E+00  5.127803E-03        30
   201.21754648  1.655011E+01  1.323549E+01  7.179194E-03        31
   197.82196204  1.198104E+01  4.343490E+01  8.302615E-03        32
   197.41487089  8.298444E+00  2.792818E+02  8.510242E-03        33
   197.21430241  5.665051E+00  3.718843E+02  8.663125E-03        34
   197.00031970  3.925141E+00  3.417883E+02  8.900608E-03        35
   196.77904611  2.711592E+00  3.259974E+02  9.256973E-03        36
   196.53271505  1.869930E+00  2.906367E+02  9.850572E-03        37
   196.24917388  1.292684E+00  2.533850E+02  1.086915E-02        38
   195.93725730  8.936333E-01  2.308024E+02  1.253966E-02        39
   195.59864856  6.173105E-01  2.117730E+02  1.525023E-02        40
   195.22446841  4.258096E-01  1.906863E+02  1.974570E-02        41
   194.82070439  2.978207E-01  1.687139E+02  2.700506E-02        42
   194.42758297  2.178567E-01  1.515680E+02  3.727243E-02        43
   194.04120625  1.641292E-01  1.397707E+02  5.140228E-02        44
   193.65211074  1.256298E-01  1.308873E+02  7.088871E-02        45
   193.25545017  9.710401E-02  1.232812E+02  9.776237E-02        46
   192.84784668  7.561613E-02  1.159317E+02  1.348237E-01        47
   192.42631844  5.928354E-02  1.082822E+02  1.859349E-01        48
   191.98769867  4.683364E-02  9.986962E+01  2.564222E-01        49
   191.52829433  3.734733E-02  9.040487E+01  3.536310E-01        50
   191.04349814  3.015202E-02  7.961644E+01  4.876913E-01        51
   190.52722940  2.474792E-02  6.729591E+01  6.725733E-01        52
   189.97064848  2.076843E-02  5.342153E+01  9.275435E-01        53
   189.35966966  1.793838E-02  3.801739E+01  1.279172E+00        54
   188.66923437  1.611654E-02  2.181582E+01  1.764102E+00        55
   187.85294543  1.519123E-02  9.328926E+00  2.432866E+00        56
   186.83669643  1.471977E-02  6.539244E+00  3.355157E+00        57
   185.53886791  1.373334E-02  1.200744E+01  4.627086E+00        58
   183.94290463  1.179887E-02  1.846358E+01  6.381198E+00        59
   182.11616767  9.442186E-03  2.272323E+01  8.800288E+00        60
   180.14532632  7.145941E-03  2.610174E+01  1.213645E+01        61
   178.11801367  5.154237E-03  2.904055E+01  1.673733E+01        62
   176.11334061  3.635884E-03  3.049302E+01  2.308239E+01        63
   174.16245904  2.571042E-03  3.045772E+01  3.183285E+01        64
   172.25484245  1.837072E-03  2.988296E+01  4.390057E+01        65
   170.34757800  1.314527E-03  2.939571E+01  6.076760E+01        66
   168.77672373  9.970756E-04  2.883709E+01  7.955654E+01        67
   167.97904581  8.669299E-04  2.830101E+01  9.125788E+01        68
   167.58124308  8.091416E-04  2.787702E+01  9.773893E+01        69
   167.44876094  7.909275E-04  2.769509E+01  1.000000E+02        70
