
 24-FEB-2004                           !Format date

 1.8730779027E+02     1.5683E+05       64       70

 3.1543812624E+04   1.0246942E-01   1.4535973E+06   9.4345244E-01   1.2321407E+00   9.7188426E+02   5.0000000E-02     1 
    6.6107167E-20   7.1842145E-23   9.9396637E-23   6.0558052E-16   1.0128089E-14
    1.0258125E-14   7.2226477E-15   7.1604940E-15   9.8375408E-10   4.0438446E-09
    4.0594183E-09   2.9908545E-09   2.9938981E-09   4.8947275E-09   6.1056866E-07
    1.4198280E-06   9.6858817E-07   2.1466556E-06   1.8937258E-05   3.6822328E-05
    2.3621519E-05   5.9737678E-05   1.5048065E-04   2.6537686E-04   1.6201262E-04
    4.1404985E-04   7.5640771E-04   9.6561523E-04   5.6624574E-04   1.8390245E-03
    1.9001661E-03   2.3413942E-03   1.3207885E-03   4.6554633E-03   3.6874047E-03
    4.4479714E-03   2.4318960E-03   9.0814577E-03   6.0480640E-03   7.2066029E-03
    3.8207868E-03   1.5073226E-02   8.7344203E-03   1.0566724E-02   5.4385065E-03
    2.1657144E-02   2.3584842E-02   3.0863132E-02   3.8485937E-02   4.6321518E-02
    5.4113409E-02   6.1793635E-02   6.9241098E-02   7.6274814E-02   8.3081255E-02
    8.9255575E-02   9.5022561E-02   1.0029953E-01   1.0463245E-01   1.0827179E-01
    1.1063415E-01   9.8180959E-02   1.1424545E-01   1.2702378E-01

 3.1246497010E+04   1.0465864E-01   1.4816452E+06   9.4392988E-01   1.2337732E+00   9.7176705E+02   5.0000000E-02     2 
    6.7651797E-20   7.4550385E-23   1.0313869E-22   6.1617956E-16   1.0295010E-14
    1.0427208E-14   7.3354509E-15   7.2722576E-15   9.9329771E-10   4.0824142E-09
    4.0981098E-09   3.0175844E-09   3.0206581E-09   4.9383881E-09   6.1439845E-07
    1.4283735E-06   9.7427508E-07   2.1591994E-06   1.9021662E-05   3.6980131E-05
    2.3720980E-05   5.9987124E-05   1.5098763E-04   2.6624474E-04   1.6253293E-04
    4.1536196E-04   7.5843551E-04   9.6815925E-04   5.6770037E-04   1.8436533E-03
    1.9043813E-03   2.3464386E-03   1.3235975E-03   4.6650866E-03   3.6943602E-03
    4.4561412E-03   2.4362855E-03   9.0972855E-03   6.0579595E-03   7.2180850E-03
    3.8267936E-03   1.5095782E-02   8.7469898E-03   1.0581788E-02   5.4460927E-03
    2.1685526E-02   2.3612502E-02   3.0895704E-02   3.8522870E-02   4.6362432E-02
    5.4157702E-02   6.1840574E-02   6.9290112E-02   7.6325744E-02   8.3133849E-02
    8.9309233E-02   9.5077327E-02   1.0035422E-01   1.0468673E-01   1.0832557E-01
    1.1068599E-01   9.8228128E-02   1.1429715E-01   1.2707955E-01

 3.0659885390E+04   1.0916486E-01   1.5394201E+06   9.4489197E-01   1.2373631E+00   9.7152868E+02   5.0000000E-02     3 
    7.0901318E-20   8.0331863E-23   1.1112689E-22   6.3809201E-16   1.0639974E-14
    1.0776640E-14   7.5677961E-15   7.5024560E-15   1.0127853E-09   4.1616441E-09
    4.1775877E-09   3.0720945E-09   3.0752300E-09   5.0274216E-09   6.2217753E-07
    1.4457476E-06   9.8581943E-07   2.1846617E-06   1.9192648E-05   3.7299493E-05
    2.3922389E-05   6.0492216E-05   1.5201305E-04   2.6800003E-04   1.6358503E-04
    4.1801490E-04   7.6253281E-04   9.7330052E-04   5.7063891E-04   1.8530033E-03
    1.9128932E-03   2.3566178E-03   1.3292679E-03   4.6845132E-03   3.7083974E-03
    4.4726326E-03   2.4451432E-03   9.1292185E-03   6.0779213E-03   7.2412524E-03
    3.8389122E-03   1.5141270E-02   8.7723399E-03   1.0612345E-02   5.4613913E-03
    2.1742763E-02   2.3668271E-02   3.0961356E-02   3.8597359E-02   4.6444890E-02
    5.4246953E-02   6.1935135E-02   6.9388898E-02   7.6428389E-02   8.3239837E-02
    8.9417345E-02   9.5187597E-02   1.0046441E-01   1.0479606E-01   1.0843388E-01
    1.1079036E-01   9.8323197E-02   1.1440132E-01   1.2719190E-01

 2.9521320519E+04   1.1873633E-01   1.6616267E+06   9.4681293E-01   1.2452213E+00   9.7104027E+02   5.0000000E-02     4 
    7.7865323E-20   9.3259946E-23   1.2898666E-22   6.8410920E-16   1.1364794E-14
    1.1510696E-14   8.0524797E-15   7.9826340E-15   1.0527314E-09   4.3251027E-09
    4.3415553E-09   3.1835590E-09   3.1868226E-09   5.2094696E-09   6.3795964E-07
    1.4809868E-06   1.0092113E-06   2.2362496E-06   1.9537671E-05   3.7943998E-05
    2.4328490E-05   6.1510494E-05   1.5407557E-04   2.7152974E-04   1.6570021E-04
    4.2334760E-04   7.7075788E-04   9.8362166E-04   5.7653562E-04   1.8717630E-03
    1.9299611E-03   2.3770311E-03   1.3406308E-03   4.7234425E-03   3.7365105E-03
    4.5056688E-03   2.4628783E-03   9.1931360E-03   6.1178645E-03   7.2876720E-03
    3.8631666E-03   1.5232248E-02   8.8230427E-03   1.0673593E-02   5.4919863E-03
    2.1857229E-02   2.3779757E-02   3.1092516E-02   3.8746249E-02   4.6609585E-02
    5.4425182E-02   6.2123926E-02   6.9586239E-02   7.6633358E-02   8.3451492E-02
    8.9633214E-02   9.5407519E-02   1.0068448E-01   1.0501421E-01   1.0865013E-01
    1.1099847E-01   9.8513350E-02   1.1460943E-01   1.2741630E-01

 2.7371469755E+04   1.4046756E-01   1.9357314E+06   9.5050551E-01   1.2616711E+00   9.7001410E+02   5.0000000E-02     5 
    9.2605600E-20   1.2414835E-22   1.7164184E-22   7.8153462E-16   1.2880187E-14
    1.3046553E-14   9.0669115E-15   8.9874909E-15   1.1335251E-09   4.6571806E-09
    4.6744202E-09   3.4079805E-09   3.4115116E-09   5.5759634E-09   6.6925039E-07
    1.5507982E-06   1.0554822E-06   2.3382727E-06   2.0214615E-05   3.9208026E-05
    2.5124161E-05   6.3505090E-05   1.5809736E-04   2.7840881E-04   1.6982129E-04
    4.3373455E-04   7.8673588E-04   1.0036635E-03   5.8798358E-04   1.9081741E-03
    1.9630498E-03   2.4166118E-03   1.3626311E-03   4.7988294E-03   3.7908832E-03
    4.5695910E-03   2.4971625E-03   9.3166356E-03   6.1949876E-03   7.3773908E-03
    3.9100210E-03   1.5407768E-02   8.9208598E-03   1.0791924E-02   5.5510006E-03
    2.2078056E-02   2.3994668E-02   3.1345088E-02   3.9033120E-02   4.6926574E-02
    5.4768174E-02   6.2487074E-02   6.9966163E-02   7.7027852E-02   8.3858907E-02
    9.0048688E-02   9.5829940E-02   1.0110840E-01   1.0543383E-01   1.0906646E-01
    1.1139767E-01   9.8881629E-02   1.1501078E-01   1.2784879E-01

 2.3527070688E+04   1.9782941E-01   2.6287410E+06   9.5674061E-01   1.2867655E+00   9.6770956E+02   5.0000000E-02     6 
    1.1733061E-19   1.9959519E-22   2.7571569E-22   9.7550265E-16   1.5917225E-14
    1.6125847E-14   1.1056061E-14   1.0957124E-14   1.2826172E-09   5.2500055E-09
    5.2689700E-09   3.8190985E-09   3.8231770E-09   6.2472285E-09   7.2503561E-07
    1.6750096E-06   1.1376583E-06   2.5193922E-06   2.1399577E-05   4.1417600E-05
    2.6513903E-05   6.6987410E-05   1.6506200E-04   2.9030926E-04   1.7695018E-04
    4.5169470E-04   8.1423038E-04   1.0381083E-03   6.0766764E-04   1.9707645E-03
    2.0198214E-03   2.4844907E-03   1.4002752E-03   4.9279443E-03   3.8837410E-03
    4.6789050E-03   2.5556820E-03   9.5272727E-03   6.3263094E-03   7.5303279E-03
    3.9899413E-03   1.5706406E-02   9.0872436E-03   1.0992715E-02   5.6513785E-03
    2.2453992E-02   2.4360161E-02   3.1773732E-02   3.9520678E-02   4.7464591E-02
    5.5350060E-02   6.3102753E-02   7.0611973E-02   7.7698209E-02   8.4551156E-02
    9.0754728E-02   9.6545435E-02   1.0183105E-01   1.0614798E-01   1.0977609E-01
    1.1206993E-01   9.9522843E-02   1.1569719E-01   1.2858796E-01

 1.7555150765E+04   3.8000040E-01   4.7563968E+06   9.6695710E-01   1.3489511E+00   9.6210028E+02   5.0000000E-02     7 
    1.5785456E-19   4.3375599E-22   5.9821859E-22   1.3971178E-15   2.2571122E-14
    2.2875884E-14   1.5221897E-14   1.5079847E-14   1.5654407E-09   6.4148075E-09
    6.4359701E-09   4.5889342E-09   4.5943275E-09   7.5036983E-09   8.2494626E-07
    1.8967910E-06   1.2839299E-06   2.8414932E-06   2.3459282E-05   4.5250253E-05
    2.8921153E-05   7.3013378E-05   1.7695878E-04   3.1061026E-04   1.8910921E-04
    4.8229472E-04   8.6074569E-04   1.0962741E-03   6.4088727E-04   2.0763242E-03
    2.1152091E-03   2.5987858E-03   1.4632766E-03   5.1441997E-03   4.0383955E-03
    4.8615117E-03   2.6534075E-03   9.8776412E-03   6.5441718E-03   7.7842699E-03
    4.1231533E-03   1.6202074E-02   9.3636117E-03   1.1326901E-02   5.8180211E-03
    2.3077980E-02   2.4967358E-02   3.2483638E-02   4.0329077E-02   4.8355952E-02
    5.6309793E-02   6.4118867E-02   7.1682451E-02   7.8808347E-02   8.5694844E-02
    9.1921327E-02   9.7723241E-02   1.0302868E-01   1.0734045E-01   1.1095933E-01
    1.1315591E-01   1.0064841E-01   1.1683928E-01   1.2981995E-01

 1.3119274867E+04   7.2786442E-01   8.5954529E+06   9.7482106E-01   1.4309389E+00   9.5458383E+02   5.0000000E-02     8 
    1.7512407E-19   7.9440073E-22   1.0927335E-21   1.8371131E-15   2.9769059E-14
    3.0191387E-14   1.9385720E-14   1.9199419E-14   1.8202679E-09   7.5187824E-09
    7.5423000E-09   5.2733112E-09   5.2803491E-09   8.6198175E-09   9.0961079E-07
    2.0845775E-06   1.4071957E-06   3.1124439E-06   2.5150193E-05   4.8390149E-05
    3.0892276E-05   7.7938285E-05   1.8655284E-04   3.2697020E-04   1.9891119E-04
    5.0692885E-04   8.9798322E-04   1.1427199E-03   6.6733099E-04   2.1602989E-03
    2.1905405E-03   2.6897160E-03   1.5130412E-03   5.3146789E-03   4.1596817E-03
    5.0048151E-03   2.7306097E-03   1.0152622E-02   6.7146847E-03   7.9825317E-03
    4.2277851E-03   1.6591200E-02   9.5809763E-03   1.1591978E-02   5.9490297E-03
    2.3566212E-02   2.5444585E-02   3.3042576E-02   4.0961754E-02   4.9057561E-02
    5.7063588E-02   6.4919209E-02   7.2523125E-02   7.9681580E-02   8.6597930E-02
    9.2844223E-02   9.8657473E-02   1.0397203E-01   1.0829403E-01   1.1189214E-01
    1.1394051E-01   1.0165909E-01   1.1775416E-01   1.3081386E-01

 9.8277821701E+03   1.3849500E+00   1.5493250E+07   9.8118695E-01   1.5317697E+00   9.4482131E+02   5.0000000E-02     9 
    1.7283030E-19   1.3093891E-21   1.7964200E-21   2.2894260E-15   3.7639545E-14
    3.8210936E-14   2.3513448E-14   2.3284295E-14   2.0534523E-09   8.5682015E-09
    8.5969093E-09   5.8937910E-09   5.9023917E-09   9.6302319E-09   9.8350504E-07
    2.2486479E-06   1.5145013E-06   3.3476430E-06   2.6591085E-05   5.1061160E-05
    3.2571399E-05   8.2121530E-05   1.9463289E-04   3.4075536E-04   2.0715768E-04
    5.2765603E-04   9.2926147E-04   1.1816021E-03   6.8932963E-04   2.2301113E-03
    2.2526601E-03   2.7649833E-03   1.5543873E-03   5.4554644E-03   4.2597745E-03
    5.1224871E-03   2.7946146E-03   1.0380088E-02   6.8555496E-03   8.1453591E-03
    4.3139264E-03   1.6913727E-02   9.7608256E-03   1.1813341E-02   6.0574931E-03
    2.3968323E-02   2.5837411E-02   3.3506437E-02   4.1481545E-02   4.9638616E-02
    5.7693176E-02   6.5587921E-02   7.3223186E-02   8.0412880E-02   8.7358353E-02
    9.3625440E-02   9.9455951E-02   1.0476996E-01   1.0909481E-01   1.1265673E-01
    1.1448064E-01   1.0268714E-01   1.1854105E-01   1.3167144E-01

 7.3750117197E+03   2.6220400E+00   2.7913932E+07   9.8671021E-01   1.6531815E+00   9.3212641E+02   5.0000000E-02    10 
    1.6001579E-19   2.0396902E-21   2.7916292E-21   2.7683661E-15   4.6652860E-14
    4.7419692E-14   2.7748114E-14   2.7476278E-14   2.2774344E-09   9.6030096E-09
    9.6405780E-09   6.4856765E-09   6.4949397E-09   1.0592046E-08   1.0518208E-06
    2.4006069E-06   1.6135047E-06   3.5640472E-06   2.7898874E-05   5.3479971E-05
    3.4093412E-05   8.5904752E-05   2.0191834E-04   3.5319904E-04   2.1454217E-04
    5.4625153E-04   9.5721210E-04   1.2165192E-03   7.0890213E-04   2.2921305E-03
    2.3076088E-03   2.8311900E-03   1.5912486E-03   5.5802967E-03   4.3487803E-03
    5.2263247E-03   2.8511924E-03   1.0582562E-02   6.9809023E-03   8.2895345E-03
    4.3903235E-03   1.7200346E-02   9.9192369E-03   1.2011746E-02   6.1538732E-03
    2.4325140E-02   2.6184686E-02   3.3916177E-02   4.1943628E-02   5.0156746E-02
    5.8255436E-02   6.6185658E-02   7.3856000E-02   8.1078693E-02   8.8044868E-02
    9.4334945E-02   1.0018780E-01   1.0550373E-01   1.0982102E-01   1.1331763E-01
    1.1482041E-01   1.0386725E-01   1.1927061E-01   1.3247247E-01

 5.5470501531E+03   4.9363562E+00   5.0283231E+07   9.9177328E-01   1.7955293E+00   9.1541127E+02   5.0000000E-02    11 
    1.4319877E-19   3.0886015E-21   4.2046069E-21   3.2902310E-15   5.7293360E-14
    5.8309371E-14   3.2248539E-14   3.1932107E-14   2.5020559E-09   1.0634917E-08
    1.0684008E-08   7.0751597E-09   7.0840129E-09   1.1548940E-08   1.1182017E-06
    2.5483854E-06   1.7092046E-06   3.7731523E-06   2.9151859E-05   5.5789562E-05
    3.5541840E-05   8.9508037E-05   2.0885508E-04   3.6504419E-04   2.2149181E-04
    5.6376491E-04   9.8325404E-04   1.2496142E-03   7.2732732E-04   2.3504205E-03
    2.3592400E-03   2.8928511E-03   1.6258237E-03   5.6976210E-03   4.4326524E-03
    5.3238169E-03   2.9041410E-03   1.0772657E-02   7.0983522E-03   8.4254500E-03
    4.4625515E-03   1.7467837E-02   1.0066777E-02   1.2199953E-02   6.2452999E-03
    2.4659717E-02   2.6512975E-02   3.4300546E-02   4.2383432E-02   5.0649285E-02
    5.8788483E-02   6.6756061E-02   7.4460817E-02   8.1723211E-02   8.8708948E-02
    9.5024015E-02   1.0089854E-01   1.0621458E-01   1.1051598E-01   1.1389125E-01
    1.1499257E-01   1.0530171E-01   1.1998750E-01   1.3327155E-01

 4.1868228485E+03   9.2271767E+00   9.0481826E+07   9.9666574E-01   1.9573714E+00   8.9352619E+02   5.0000000E-02    12 
    1.2658093E-19   4.6341927E-21   6.2413841E-21   3.8782435E-15   7.0040653E-14
    7.1346139E-14   3.7240561E-14   3.6875049E-14   2.7379647E-09   1.1661181E-08
    1.1724061E-08   7.6896032E-09   7.6979287E-09   1.2547628E-08   1.1861180E-06
    2.6993524E-06   1.8061610E-06   3.9856442E-06   3.0417839E-05   5.8117685E-05
    3.6990994E-05   9.3124297E-05   2.1575426E-04   3.7679489E-04   2.2838150E-04
    5.8109941E-04   1.0087243E-03   1.2823813E-03   7.4560358E-04   2.4082716E-03
    2.4104578E-03   2.9538400E-03   1.6598691E-03   5.8138346E-03   4.5152166E-03
    5.4205964E-03   2.9567845E-03   1.0959461E-02   7.2133693E-03   8.5602686E-03
    4.5346511E-03   1.7730932E-02   1.0213088E-02   1.2387017E-02   6.3376498E-03
    2.4988825E-02   2.6841014E-02   3.4685911E-02   4.2825293E-02   5.1141820E-02
    5.9328168E-02   6.7336164E-02   7.5075371E-02   8.2384650E-02   8.9399233E-02
    9.5744636E-02   1.0163822E-01   1.0694287E-01   1.1120260E-01   1.1438168E-01
    1.1508374E-01   1.0704224E-01   1.2072481E-01   1.3411698E-01

 3.1748452218E+03   1.7111015E+01   1.6260176E+08   1.0016226E+00   2.1358355E+00   8.6513028E+02   5.0000000E-02    13 
    1.1228559E-19   7.0000691E-21   9.2479937E-21   4.5622862E-15   8.5339262E-14
    8.6924456E-14   4.3031773E-14   4.2609486E-14   2.9971066E-09   1.2652411E-08
    1.2728892E-08   8.3602077E-09   8.3685329E-09   1.3640083E-08   1.2590123E-06
    2.8608736E-06   1.9090832E-06   4.2121837E-06   3.1752604E-05   6.0582600E-05
    3.8513117E-05   9.6931309E-05   2.2287643E-04   3.8889871E-04   2.3557284E-04
    5.9913026E-04   1.0350248E-03   1.3161657E-03   7.6457313E-04   2.4683598E-03
    2.4634662E-03   3.0174642E-03   1.6952156E-03   5.9341750E-03   4.5998400E-03
    5.5207040E-03   3.0117553E-03   1.1152257E-02   7.3320885E-03   8.6986484E-03
    4.6104098E-03   1.8004028E-02   1.0365215E-02   1.2580044E-02   6.4364792E-03
    2.5329079E-02   2.7183268E-02   3.5090199E-02   4.3289534E-02   5.1660446E-02
    5.9899250E-02   6.7953511E-02   7.5742702E-02   8.3102565E-02   9.0155513E-02
    9.6540752E-02   1.0245022E-01   1.0772286E-01   1.1189523E-01   1.1481286E-01
    1.1524418E-01   1.0905895E-01   1.2151045E-01   1.3506012E-01

 2.4217432084E+03   3.1460987E+01   2.9172891E+08   1.0070313E+00   2.3284678E+00   8.2904729E+02   5.0000000E-02    14 
    1.0274737E-19   1.0947616E-20   1.3990184E-20   5.4191674E-15   1.0456287E-13
    1.0633703E-13   5.0309622E-14   4.9816050E-14   3.3046038E-09   1.3645975E-08
    1.3732395E-08   9.1514964E-09   9.1603431E-09   1.4931616E-08   1.3430848E-06
    3.0469462E-06   2.0271558E-06   4.4728579E-06   3.3254724E-05   6.3377415E-05
    4.0235581E-05   1.0123669E-04   2.3080956E-04   4.0236559E-04   2.4367577E-04
    6.1940389E-04   1.0645277E-03   1.3537450E-03   7.8579216E-04   2.5353248E-03
    2.5223890E-03   3.0885728E-03   1.7349194E-03   6.0681702E-03   4.6939050E-03
    5.6316297E-03   3.0734879E-03   1.1367435E-02   7.4650250E-03   8.8510663E-03
    4.6970699E-03   1.8307639E-02   1.0534318E-02   1.2791503E-02   6.5521677E-03
    2.5706822E-02   2.7569495E-02   3.5542102E-02   4.3813887E-02   5.2253362E-02
    6.0549317E-02   6.8664925E-02   7.6521460E-02   8.3942648E-02   9.1045010E-02
    9.7482449E-02   1.0340155E-01   1.0860525E-01   1.1263466E-01   1.1528278E-01
    1.1565709E-01   1.1126872E-01   1.2239255E-01   1.3618266E-01

 1.8615895522E+03   5.7303733E+01   5.2108118E+08   1.0139061E+00   2.5333499E+00   7.8572255E+02   5.0000000E-02    15 
    1.0465258E-19   1.9073729E-20   2.3305721E-20   6.7095587E-15   1.3330274E-13
    1.3510323E-13   6.1218552E-14   6.0618273E-14   3.7355433E-09   1.4889562E-08
    1.4979720E-08   1.0252348E-08   1.0262274E-08   1.6729759E-08   1.4559691E-06
    3.2963993E-06   2.1860840E-06   4.8236174E-06   3.5225467E-05   6.7035775E-05
    4.2504441E-05   1.0689623E-04   2.4118627E-04   4.1995088E-04   2.5425181E-04
    6.4594415E-04   1.1030869E-03   1.4023713E-03   8.1337754E-04   2.6219093E-03
    2.5983276E-03   3.1797061E-03   1.7864591E-03   6.2406196E-03   4.8155646E-03
    5.7738434E-03   3.1539621E-03   1.1643640E-02   7.6360068E-03   9.0465244E-03
    4.8113570E-03   1.8693754E-02   1.0752478E-02   1.3055900E-02   6.7080329E-03
    2.6185872E-02   2.8069645E-02   3.6124999E-02   4.4490584E-02   5.3022577E-02
    6.1399437E-02   6.9600038E-02   7.7543128E-02   8.5050910E-02   9.2219378E-02
    9.8720383E-02   1.0463192E-01   1.0971920E-01   1.1356801E-01   1.1600830E-01
    1.1651498E-01   1.1363510E-01   1.2349308E-01   1.3765133E-01

 1.4411724230E+03   1.0378856E+02   9.3164117E+08   1.0245274E+00   2.7542111E+00   7.3343785E+02   5.0000000E-02    16 
    1.3894105E-19   4.2653878E-20   4.9825263E-20   9.2835082E-15   1.9014811E-13
    1.9184985E-13   8.2450947E-14   8.1643751E-14   4.4992402E-09   1.7111405E-08
    1.7196468E-08   1.2178562E-08   1.2190652E-08   1.9873256E-08   1.6442543E-06
    3.7085600E-06   2.4510810E-06   5.4063136E-06   3.8426650E-05   7.2926935E-05
    4.6175811E-05   1.1603720E-04   2.5784904E-04   4.4811487E-04   2.7106061E-04
    6.8815044E-04   1.1639320E-03   1.4786288E-03   8.5685712E-04   2.7577834E-03
    2.7170838E-03   3.3215672E-03   1.8671895E-03   6.5085541E-03   5.0045941E-03
    5.9941266E-03   3.2799748E-03   1.2069161E-02   7.9000334E-03   9.3476554E-03
    4.9906647E-03   1.9286168E-02   1.1090738E-02   1.3452299E-02   6.9550496E-03
    2.6915350E-02   2.8834358E-02   3.7019808E-02   4.5520917E-02   5.4187823E-02
    6.2695269E-02   7.1024051E-02   7.9095802E-02   8.6736193E-02   9.3996835E-02
    1.0056653E-01   1.0643943E-01   1.1136808E-01   1.1503150E-01   1.1734870E-01
    1.1807816E-01   1.1633511E-01   1.2508912E-01   1.3980671E-01

 1.1254035434E+03   1.8667071E+02   1.6751828E+09   1.0421663E+00   2.9987396E+00   6.6902115E+02   5.0000000E-02    17 
    2.9717642E-19   1.4547082E-19   1.6555862E-19   1.5752651E-14   3.3115750E-13
    3.3294840E-13   1.3334563E-13   1.3204754E-13   6.0773816E-09   2.1917767E-08
    2.1985051E-08   1.6076734E-08   1.6093502E-08   2.6224658E-08   2.0000990E-06
    4.4772185E-06   2.9470955E-06   6.4934910E-06   4.4218503E-05   8.3507437E-05
    5.2766782E-05   1.3240956E-04   2.8717539E-04   4.9752557E-04   3.0044590E-04
    7.6157788E-04   1.2683631E-03   1.6090575E-03   9.3159264E-04   2.9901182E-03
    2.9193027E-03   3.5628519E-03   2.0044633E-03   6.9611547E-03   5.3229431E-03
    6.3642888E-03   3.4929688E-03   1.2780614E-02   8.3429360E-03   9.8474493E-03
    5.2944584E-03   2.0268861E-02   1.1654214E-02   1.4096757E-02   7.3753303E-03
    2.8114894E-02   3.0093042E-02   3.8486077E-02   4.7199960E-02   5.6077329E-02
    6.4796001E-02   7.3332566E-02   8.1610446E-02   8.9449845E-02   9.6836990E-02
    1.0346859E-01   1.0926602E-01   1.1401284E-01   1.1750857E-01   1.1976370E-01
    1.2071195E-01   1.1975284E-01   1.2760030E-01   1.4313618E-01

 8.9051856848E+02   3.3054659E+02   3.0161201E+09   1.0699474E+00   3.2932723E+00   5.9353057E+02   5.0000002E-02    18 
    1.2167714E-18   8.9735197E-19   9.7860636E-19   3.5233244E-14   7.5092872E-13
    7.5335341E-13   2.7544650E-13   2.7280067E-13   9.5711465E-09   3.2926834E-08
    3.2949517E-08   2.4438288E-08   2.4465128E-08   3.9823338E-08   2.6883310E-06
    5.9431992E-06   3.8899987E-06   8.5560727E-06   5.4667141E-05   1.0246346E-04
    6.4529518E-05   1.6154785E-04   3.3773452E-04   5.8235660E-04   3.5087752E-04
    8.8701571E-04   1.4436151E-03   1.8268855E-03   1.0567189E-03   3.3768311E-03
    3.2529027E-03   3.9598374E-03   2.2310455E-03   7.7008671E-03   5.8422053E-03
    6.9643621E-03   3.8424089E-03   1.3927994E-02   9.0585435E-03   1.0648422E-02
    5.7936076E-03   2.1834031E-02   1.2560147E-02   1.5110012E-02   8.0727025E-03
    3.0008783E-02   3.2091325E-02   4.0796763E-02   4.9838720E-02   5.9041653E-02
    6.8091359E-02   7.6958642E-02   8.5554342E-02   9.3670441E-02   1.0121482E-01
    1.0788921E-01   1.1358331E-01   1.1814814E-01   1.2150067E-01   1.2371976E-01
    1.2483184E-01   1.2437085E-01   1.3150268E-01   1.4813545E-01

 7.1630933514E+02   5.6848351E+02   5.3615145E+09   1.1110063E+00   3.6924433E+00   5.1612351E+02   5.0000032E-02    19 
    1.0768916E-17   1.1292578E-17   1.0939815E-17   1.0852303E-13   2.3370656E-12
    2.3410736E-12   7.5471579E-13   7.4745296E-13   1.7983919E-08   5.9642222E-08
    5.9525992E-08   4.3702201E-08   4.3750001E-08   7.1087300E-08   4.0557373E-06
    8.8093803E-06   5.7193094E-06   1.2546739E-05   7.3429548E-05   1.3621270E-04
    8.5357228E-05   2.1291329E-04   4.2306524E-04   7.2470245E-04   4.3532228E-04
    1.0962844E-03   1.7290426E-03   2.1796459E-03   1.2594857E-03   3.9983331E-03
    3.7819955E-03   4.5862059E-03   2.5911825E-03   8.8598273E-03   6.6518677E-03
    7.8946353E-03   4.3936100E-03   1.5692628E-02   1.0160429E-02   1.1872672E-02
    6.5816005E-03   2.4208616E-02   1.3949981E-02   1.6632553E-02   9.1917452E-03
    3.2852499E-02   3.5107149E-02   4.4263349E-02   5.3789393E-02   6.3480663E-02
    7.3029401E-02   8.2394821E-02   9.1439972E-02   9.9908361E-02   1.0763103E-01
    1.1433151E-01   1.1991881E-01   1.2432528E-01   1.2756311E-01   1.2975448E-01
    1.3096977E-01   1.3080380E-01   1.3739439E-01   1.5532263E-01

 5.8516146134E+02   9.3713826E+02   9.6137994E+09   1.1647134E+00   4.1805121E+00   4.3135692E+02   5.0000541E-02    20 
    1.6296896E-16   2.2614129E-16   1.7847668E-16   4.2262863E-13   8.9288836E-12
    8.9328573E-12   2.5504580E-12   2.5217731E-12   3.8438096E-08   1.2384372E-07
    1.2328313E-07   8.8059302E-08   8.8147469E-08   1.4290945E-07   6.6642584E-06
    1.4159767E-05   9.1110060E-06   1.9916701E-05   1.0491851E-04   1.9220483E-04
    1.1976812E-04   2.9719703E-04   5.5594224E-04   9.4471651E-04   5.6546583E-04
    1.4169651E-03   2.1529065E-03   2.6994870E-03   1.5601850E-03   4.9073196E-03
    4.5430719E-03   5.4826501E-03   3.1146967E-03   1.0504782E-02   7.7932874E-03
    9.1951354E-03   5.1940510E-03   1.8143841E-02   1.1696428E-02   1.3548612E-02
    7.7456814E-03   2.7453773E-02   1.5878958E-02   1.8661681E-02   1.0898536E-02
    3.6687846E-02   3.9254655E-02   4.9014356E-02   5.9215182E-02   6.9613695E-02
    7.9895982E-02   8.9971893E-02   9.9613013E-02   1.0850363E-01   1.1642334E-01
    1.2314588E-01   1.2863949E-01   1.3291821E-01   1.3606772E-01   1.3823641E-01
    1.3951542E-01   1.3952731E-01   1.4570805E-01   1.6503532E-01

 4.8752635658E+02   1.4424515E+03   1.7182997E+10   1.2392528E+00   4.7372018E+00   3.4764746E+02   5.0008811E-02    21 
    5.4063636E-15   8.5782495E-15   5.2976538E-15   2.3114005E-12   4.4723440E-11
    4.4745693E-11   1.1740534E-11   1.1522104E-11   9.9124221E-08   3.0811670E-07
    3.0626523E-07   2.1115004E-07   2.1131179E-07   3.4164988E-07   1.2399176E-05
    2.5615165E-05   1.6310825E-05   3.5489057E-05   1.6408575E-04   2.9585025E-04
    1.8311887E-04   4.5115509E-04   7.8369477E-04   1.3183287E-03   7.8554953E-04
    1.9545457E-03   2.8370926E-03   3.5312111E-03   2.0445798E-03   6.3465990E-03
    5.7255738E-03   6.8665142E-03   3.9371574E-03   1.3013505E-02   9.5239916E-03
    1.1143083E-02   6.4475687E-03   2.1782875E-02   1.3987082E-02   1.5997822E-02
    9.5990607E-03   3.2172608E-02   1.8724190E-02   2.1561033E-02   1.3655786E-02
    4.2182194E-02   4.5289192E-02   5.5911959E-02   6.7103913E-02   7.8564849E-02
    8.9926327E-02   1.0098605E-01   1.1139270E-01   1.2078289E-01   1.2894168E-01
    1.3572231E-01   1.4117045E-01   1.4537353E-01   1.4847241E-01   1.5063154E-01
    1.5195128E-01   1.5206527E-01   1.5797610E-01   1.7869443E-01

 4.1456791545E+02   2.0087656E+03   3.0551465E+10   1.3475124E+00   5.3129331E+00   2.6981366E+02   5.0117970E-02    22 
    4.9461878E-13   6.2462720E-13   3.5780569E-13   1.9667742E-11   3.0975961E-10
    3.1110196E-10   8.0555900E-11   7.8170138E-11   3.2712280E-07   9.5751145E-07
    9.5217479E-07   6.3561995E-07   6.3593467E-07   1.0246334E-06   2.7166298E-05
    5.4133361E-05   3.4011241E-05   7.3586066E-05   2.8916610E-04   5.1109775E-04
    3.1318067E-04   7.6509341E-04   1.2125393E-03   2.0132602E-03   1.1927409E-03
    2.9383367E-03   4.0320034E-03   4.9685271E-03   2.8875387E-03   8.7980903E-03
    7.6956470E-03   9.1495143E-03   5.3245725E-03   1.7089172E-02   1.2318714E-02
    1.4241120E-02   8.5474901E-03   2.7495360E-02   1.7600438E-02   1.9792754E-02
    1.2727207E-02   3.9395605E-02   2.3140130E-02   2.6003524E-02   1.8309600E-02
    5.0466564E-02   5.4484990E-02   6.6415639E-02   7.9120198E-02   9.2195883E-02
    1.0511261E-01   1.1749641E-01   1.2887635E-01   1.3888591E-01   1.4737616E-01
    1.5429921E-01   1.5978529E-01   1.6398597E-01   1.6708616E-01   1.6926216E-01
    1.7061960E-01   1.7079289E-01   1.7657965E-01   1.9869647E-01

 3.5994861469E+02   2.3708799E+03   5.3176347E+10   1.4813305E+00   5.7702500E+00   2.0146637E+02   5.1151328E-02    23 
    5.3682698E-11   4.1259429E-11   3.0935596E-11   1.8349955E-10   2.0579505E-09
    2.0830360E-09   5.9284553E-10   5.7795203E-10   1.1342225E-06   3.0472778E-06
    3.0367530E-06   2.0017062E-06   2.0031989E-06   3.2157668E-06   6.1684283E-05
    1.1825388E-04   7.3286839E-05   1.5765599E-04   5.2419720E-04   9.0810286E-04
    5.4965991E-04   1.3316642E-03   1.9227604E-03   3.1475614E-03   1.8548291E-03
    4.5158363E-03   5.8501259E-03   7.1298865E-03   4.1751325E-03   1.2428101E-02
    1.0546124E-02   1.2411786E-02   7.3931755E-03   2.2821992E-02   1.6230378E-02
    1.8492064E-02   1.1695324E-02   3.5249575E-02   2.2540406E-02   2.4890442E-02
    1.7493696E-02   4.8948516E-02   2.9118861E-02   3.2034288E-02   2.5401176E-02
    6.1314417E-02   6.6861013E-02   8.0654913E-02   9.5512963E-02   1.1083480E-01
    1.2578174E-01   1.3979256E-01   1.5232810E-01   1.6307819E-01   1.7200520E-01
    1.7916855E-01   1.8478074E-01   1.8905181E-01   1.9220440E-01   1.9442601E-01
    1.9582776E-01   1.9603842E-01   2.0182200E-01   2.2526809E-01

 3.1917050262E+02   2.1289755E+03   8.3464052E+10   1.6008515E+00   6.1307630E+00   1.4517075E+02   5.7519028E-02    24 
    1.7748135E-09   6.9975014E-10   7.4779804E-10   9.9545765E-10   7.9175144E-09
    8.0549675E-09   2.6419730E-09   2.6331125E-09   2.9152759E-06   7.2191526E-06
    7.2076279E-06   4.7850718E-06   4.7901454E-06   7.6716855E-06   1.1532928E-04
    2.1464018E-04   1.3169714E-04   2.8226888E-04   8.2765550E-04   1.4128935E-03
    8.4654516E-04   2.0394348E-03   2.7489086E-03   4.4480998E-03   2.6161990E-03
    6.3023259E-03   7.8105487E-03   9.4385968E-03   5.5930845E-03   1.6267382E-02
    1.3504653E-02   1.5751009E-02   9.6674559E-03   2.8644845E-02   2.0190293E-02
    2.2711145E-02   1.5240477E-02   4.2923000E-02   2.7477934E-02   2.9962820E-02
    2.2984521E-02   5.8253693E-02   3.5193437E-02   3.8349889E-02   3.3558813E-02
    7.1954187E-02   7.9586100E-02   9.5569747E-02   1.1287291E-01   1.3063414E-01
    1.4766649E-01   1.6327010E-01   1.7691558E-01   1.8838725E-01   1.9776088E-01
    2.0519642E-01   2.1097262E-01   2.1534823E-01   2.1857550E-01   2.2085294E-01
    2.2229794E-01   2.2253292E-01   2.2836998E-01   2.5275826E-01

 2.8986216832E+02   1.3201573E+03   1.0185049E+11   1.6737843E+00   6.7498848E+00   1.0349670E+02   8.0161668E-02    25 
    1.3132487E-08   3.1596581E-09   4.3080338E-09   2.5736800E-09   1.6430077E-08
    1.6695719E-08   5.9987470E-09   6.1098633E-09   4.8691858E-06   1.1467636E-05
    1.1457552E-05   7.6877380E-06   7.6962038E-06   1.2309769E-05   1.6223485E-04
    2.9682974E-04   1.8139289E-04   3.8789368E-04   1.0632533E-03   1.7986522E-03
    1.0731818E-03   2.5758235E-03   3.3491182E-03   5.3772445E-03   3.1666517E-03
    7.5769753E-03   9.1651162E-03   1.1015025E-02   6.5890321E-03   1.8872477E-02
    1.5503691E-02   1.7986571E-02   1.1249291E-02   3.2511818E-02   2.2830460E-02
    2.5521818E-02   1.7680871E-02   4.7950826E-02   3.0765307E-02   3.3405079E-02
    2.6687854E-02   6.4323959E-02   3.9302522E-02   4.2752172E-02   3.8917392E-02
    7.8980097E-02   8.8052007E-02   1.0546080E-01   1.2422376E-01   1.4339802E-01
    1.6161515E-01   1.7812754E-01   1.9243431E-01   2.0437128E-01   2.1406433E-01
    2.2172282E-01   2.2765537E-01   2.3214262E-01   2.3545224E-01   2.3778908E-01
    2.3927506E-01   2.3952656E-01   2.4545689E-01   2.7027058E-01

 2.6860552765E+02   5.2478694E+02   1.0179109E+11   1.7072345E+00   8.1972361E+00   7.3979260E+01   1.3067967E-01    26 
    3.9468290E-08   8.4324653E-09   1.2827329E-08   4.3710918E-09   2.3414017E-08
    2.3664735E-08   9.0019225E-09   9.4554848E-09   6.0659045E-06   1.3868867E-05
    1.3859682E-05   9.4215134E-06   9.4318408E-06   1.5072417E-05   1.8777644E-04
    3.4040569E-04   2.0809902E-04   4.4430212E-04   1.1842968E-03   1.9918132E-03
    1.1884044E-03   2.8452269E-03   3.6473008E-03   5.8259850E-03   3.4396740E-03
    8.2019267E-03   9.8217121E-03   1.1760017E-02   7.0654613E-03   2.0094979E-02
    1.6464463E-02   1.9060833E-02   1.1962520E-02   3.4319799E-02   2.4096483E-02
    2.6906413E-02   1.8669330E-02   5.0294254E-02   3.2341469E-02   3.5101574E-02
    2.8004563E-02   6.7146077E-02   4.1190024E-02   4.4762032E-02   4.0643680E-02
    8.2230689E-02   9.1704137E-02   1.0945158E-01   1.2847085E-01   1.4790850E-01
    1.6638600E-01   1.8315672E-01   1.9771604E-01   2.0988997E-01   2.1979219E-01
    2.2763064E-01   2.3371283E-01   2.3831904E-01   2.4172128E-01   2.4412571E-01
    2.4565675E-01   2.4592325E-01   2.5198472E-01   2.7693931E-01

 2.5235304230E+02   1.2178888E+02   9.8985902E+10   1.7157349E+00   1.5526268E+01   5.2880486E+01   2.1300472E-01    27 
    9.6210111E-08   2.1400856E-08   3.2912326E-08   7.2430139E-09   3.3402809E-08
    3.3522703E-08   1.2115205E-08   1.3569145E-08   6.4163281E-06   1.4466854E-05
    1.4457715E-05   9.9359925E-06   9.9474429E-06   1.5884538E-05   1.9495618E-04
    3.5225560E-04   2.1583093E-04   4.6047054E-04   1.2189406E-03   2.0442710E-03
    1.2224345E-03   2.9225628E-03   3.7356278E-03   5.9487900E-03   3.5263394E-03
    8.3945679E-03   1.0014499E-02   1.1970364E-02   7.2240484E-03   2.0453472E-02
    1.6764288E-02   1.9397588E-02   1.2206419E-02   3.4889573E-02   2.4521485E-02
    2.7392848E-02   1.8991127E-02   5.1081535E-02   3.2916033E-02   3.5757793E-02
    2.8386738E-02   6.8147188E-02   4.1917878E-02   4.5570217E-02   4.1103974E-02
    8.3475227E-02   9.3212629E-02   1.1104566E-01   1.3008648E-01   1.4954574E-01
    1.6808434E-01   1.8496408E-01   1.9967005E-01   2.1201079E-01   2.2207873E-01
    2.3006992E-01   2.3628490E-01   2.4099937E-01   2.4448668E-01   2.4695350E-01
    2.4852609E-01   2.4880692E-01   2.5498815E-01   2.7994357E-01

 2.3914265668E+02   1.4992566E+01   1.0278159E+11   1.7077908E+00   1.0073392E+02   3.7607539E+01   3.2120564E-01    28 
    4.8719993E-07   1.2053311E-07   1.8317290E-07   3.2212196E-08   1.2518167E-07
    1.2483683E-07   3.5910673E-08   4.7077694E-08   6.1881268E-06   1.3923460E-05
    1.3914306E-05   9.6227913E-06   9.6435700E-06   1.5321560E-05   1.8937106E-04
    3.4264934E-04   2.1067047E-04   4.4941884E-04   1.1960191E-03   2.0057269E-03
    1.2042100E-03   2.8770009E-03   3.6901904E-03   5.8681267E-03   3.4991572E-03
    8.3230672E-03   9.9155544E-03   1.1856452E-02   7.2114102E-03   2.0308443E-02
    1.6664289E-02   1.9286015E-02   1.2257993E-02   3.4765913E-02   2.4461593E-02
    2.7334551E-02   1.9173618E-02   5.1040112E-02   3.2957408E-02   3.5845788E-02
    2.8785208E-02   6.8240378E-02   4.2183543E-02   4.5959095E-02   4.1819041E-02
    8.3851510E-02   9.4230202E-02   1.1238718E-01   1.3174678E-01   1.5149233E-01
    1.7029648E-01   1.8741199E-01   2.0232223E-01   2.1483887E-01   2.2505387E-01
    2.3316588E-01   2.3947752E-01   2.4426715E-01   2.4781125E-01   2.5031916E-01
    2.5191934E-01   2.5221171E-01   2.5845980E-01   2.8335549E-01

 2.2622812342E+02   1.2765062E+00   1.1803226E+11   1.6907515E+00   1.3851029E+03   2.6733444E+01   4.3968830E-01    29 
    3.6919233E-06   1.1256095E-06   1.7275174E-06   4.1795732E-07   1.3132514E-06
    1.3108753E-06   4.1336192E-07   5.8035896E-07   6.6340273E-06   1.3969632E-05
    1.4008469E-05   1.0030695E-05   1.0208787E-05   1.5192569E-05   1.7804905E-04
    3.2340334E-04   1.9992891E-04   4.2617385E-04   1.1462973E-03   1.9256306E-03
    1.1632056E-03   2.7772416E-03   3.5857170E-03   5.6972225E-03   3.4282082E-03
    8.1460718E-03   9.6869096E-03   1.1605797E-02   7.1582714E-03   1.9975072E-02
    1.6405787E-02   1.8995580E-02   1.2342144E-02   3.4423723E-02   2.4244772E-02
    2.7085442E-02   1.9596482E-02   5.0803957E-02   3.2903937E-02   3.5847586E-02
    2.9817257E-02   6.8228643E-02   4.2613408E-02   4.6631539E-02   4.3718140E-02
    8.4358827E-02   9.6030432E-02   1.1502549E-01   1.3526243E-01   1.5579684E-01
    1.7526140E-01   1.9287528E-01   2.0813632E-01   2.2089065E-01   2.3126091E-01
    2.3947320E-01   2.4584759E-01   2.5067721E-01   2.5424599E-01   2.5676974E-01
    2.5838030E-01   2.5867979E-01   2.6493333E-01   2.8974846E-01

 2.1531678700E+02   1.8838979E-01   1.4309868E+11   1.6815036E+00   1.1716435E+04   1.9758591E+01   5.4168698E-01    30 
    2.0001416E-05   7.7444802E-06   1.2196622E-05   4.0695715E-06   9.9746451E-06
    9.9948510E-06   3.9605232E-06   5.6957909E-06   1.5938735E-05   2.3552665E-05
    2.4858382E-05   2.0656520E-05   2.2388611E-05   2.8108885E-05   1.7736037E-04
    3.2080287E-04   2.0059122E-04   4.2345808E-04   1.1332036E-03   1.9033271E-03
    1.1587830E-03   2.7571825E-03   3.5677134E-03   5.6555116E-03   3.4421453E-03
    8.1569409E-03   9.6446096E-03   1.1577422E-02   7.2702275E-03   2.0016243E-02
    1.6429222E-02   1.9019087E-02   1.2734052E-02   3.4653391E-02   2.4419865E-02
    2.7266214E-02   2.0572844E-02   5.1350634E-02   3.3413605E-02   3.6496796E-02
    3.1788244E-02   6.9245402E-02   4.3956536E-02   4.8374983E-02   4.7050423E-02
    8.6199744E-02   9.9595595E-02   1.1988813E-01   1.4144457E-01   1.6313568E-01
    1.8352700E-01   2.0180632E-01   2.1750714E-01   2.3053385E-01   2.4106085E-01
    2.4935790E-01   2.5577213E-01   2.6061809E-01   2.6418973E-01   2.6671175E-01
    2.6831999E-01   2.6862140E-01   2.7484499E-01   2.9959559E-01

 2.0669446366E+02   5.2736190E-02   1.7582991E+11   1.6901193E+00   5.6517873E+04   1.5177052E+01   6.2281354E-01    31 
    9.9100061E-05   4.7175033E-05   7.5983329E-05   2.8200188E-05   5.3996729E-05
    5.4329148E-05   2.6623337E-05   3.8954560E-05   7.3546901E-05   7.9123250E-05
    9.3884067E-05   8.5165812E-05   9.6975000E-05   1.2639039E-04   2.1380435E-04
    3.6807075E-04   2.4088289E-04   4.9049160E-04   1.2124679E-03   2.0176579E-03
    1.2471011E-03   2.9253308E-03   3.7445443E-03   5.8910658E-03   3.6483115E-03
    8.5889855E-03   1.0010001E-02   1.2016751E-02   7.7068397E-03   2.0825560E-02
    1.7040322E-02   1.9687734E-02   1.3659009E-02   3.6000978E-02   2.5361701E-02
    2.8310665E-02   2.2345207E-02   5.3354277E-02   3.4964212E-02   3.8318257E-02
    3.4931279E-02   7.2077457E-02   4.6777014E-02   5.1760890E-02   5.2004883E-02
    9.0204548E-02   1.0562560E-01   1.2758510E-01   1.5077188E-01   1.7384919E-01
    1.9532151E-01   2.1436334E-01   2.3056311E-01   2.4389651E-01   2.5459934E-01
    2.6299080E-01   2.6944878E-01   2.7431158E-01   2.7788478E-01   2.8040280E-01
    2.8200606E-01   2.8230671E-01   2.8849987E-01   3.1323530E-01

 2.0236165765E+02   2.6913258E-02   2.0285420E+11   1.7114607E+00   1.4574772E+05   1.2729071E+01   6.7151473E-01    32 
    3.9148378E-04   2.0563334E-04   3.3476935E-04   1.0727720E-04   1.7626223E-04
    1.7784271E-04   9.7598539E-05   1.4394312E-04   2.4032838E-04   2.2788683E-04
    2.9756989E-04   2.6680272E-04   3.0934021E-04   4.3418149E-04   3.1535540E-04
    4.8481169E-04   3.4884956E-04   6.7882500E-04   1.3944098E-03   2.2683553E-03
    1.4401967E-03   3.2828324E-03   4.0863831E-03   6.3425069E-03   4.0251136E-03
    9.3853482E-03   1.0691356E-02   1.2797573E-02   8.3506064E-03   2.2171154E-02
    1.8050652E-02   2.0772413E-02   1.4846856E-02   3.8019940E-02   2.6735989E-02
    2.9855325E-02   2.4304610E-02   5.6105916E-02   3.7015960E-02   4.0650522E-02
    3.8136313E-02   7.5701372E-02   5.0074932E-02   5.5563917E-02   5.6822117E-02
    9.4888525E-02   1.1192533E-01   1.3525703E-01   1.5974423E-01   1.8390387E-01
    2.0621421E-01   2.2585117E-01   2.4245031E-01   2.5603939E-01   2.6689847E-01
    2.7538224E-01   2.8189142E-01   2.8678099E-01   2.9036589E-01   2.9288796E-01
    2.9449148E-01   2.9479144E-01   3.0098083E-01   3.2576678E-01

 2.0184044653E+02   2.3371405E-02   2.7317146E+11   1.6865195E+00   1.4345762E+05   8.2747841E+00   7.7099763E-01    33 
    1.4664372E-04   7.9970470E-05   1.3290535E-04   5.5890169E-05   8.8674292E-05
    8.9353286E-05   5.0671216E-05   7.5906914E-05   1.3599669E-04   1.2281405E-04
    1.7599016E-04   1.5187183E-04   1.7472267E-04   2.6237070E-04   2.4925116E-04
    4.1196605E-04   2.7866229E-04   5.7238170E-04   1.2728967E-03   2.1104917E-03
    1.3245930E-03   3.0813370E-03   3.8839902E-03   6.0805997E-03   3.8590682E-03
    9.0322488E-03   1.0304552E-02   1.2415366E-02   8.2947234E-03   2.1733613E-02
    1.7637848E-02   2.0353798E-02   1.5217203E-02   3.7666921E-02   2.6511533E-02
    2.9670449E-02   2.5783864E-02   5.6113921E-02   3.7478661E-02   4.1544257E-02
    4.1366423E-02   7.6478001E-02   5.2518956E-02   5.8682994E-02   6.2285399E-02
    9.7182832E-02   1.1697869E-01   1.4282286E-01   1.6962215E-01   1.9556766E-01
    2.1903698E-01   2.3927657E-01   2.5607983E-01   2.6962948E-01   2.8032424E-01
    2.8859957E-01   2.9490035E-01   2.9960757E-01   3.0304441E-01   3.0545587E-01
    3.0698616E-01   3.0726891E-01   3.1317865E-01   3.3750706E-01

 2.0170737411E+02   2.1598371E-02   3.6297352E+11   1.6694218E+00   1.3995729E+05   5.7648198E+00   8.3391557E-01    34 
    6.7314363E-05   3.8123601E-05   6.4098281E-05   3.2717023E-05   5.0602179E-05
    5.0944200E-05   2.9687575E-05   4.4862050E-05   8.4863360E-05   7.6435813E-05
    1.1367579E-04   9.5992229E-05   1.0979549E-04   1.7167560E-04   2.1515828E-04
    3.7225831E-04   2.4418728E-04   5.1383708E-04   1.2087747E-03   2.0297691E-03
    1.2696598E-03   2.9863932E-03   3.7941427E-03   5.9620689E-03   3.8069079E-03
    8.9065393E-03   1.0134642E-02   1.2272259E-02   8.4345185E-03   2.1709361E-02
    1.7540869E-02   2.0285088E-02   1.5955806E-02   3.7935280E-02   2.6764195E-02
    3.0100785E-02   2.7844492E-02   5.7002412E-02   3.8870963E-02   4.3525373E-02
    4.5463781E-02   7.8525138E-02   5.6601455E-02   6.3484412E-02   6.8997960E-02
    1.0126204E-01   1.2429614E-01   1.5308977E-01   1.8241726E-01   2.1016415E-01
    2.3470938E-01   2.5544996E-01   2.7237653E-01   2.8583781E-01   2.9634650E-01
    3.0440991E-01   3.1050943E-01   3.1504540E-01   3.1834572E-01   3.2065613E-01
    3.2211961E-01   3.2238669E-01   3.2803154E-01   3.5178682E-01

 2.0157267595E+02   1.9438707E-02   4.7852511E+11   1.6515183E+00   1.3804902E+05   4.1636136E+00   8.7689264E-01    35 
    3.0482155E-05   1.8038764E-05   3.0703673E-05   1.9222334E-05   2.8449979E-05
    2.8621152E-05   1.7357980E-05   2.6473191E-05   5.2934525E-05   4.8402736E-05
    7.4204569E-05   6.0999287E-05   6.9252471E-05   1.1389273E-04   1.9038341E-04
    3.4163123E-04   2.1973463E-04   4.7085687E-04   1.1563378E-03   1.9625439E-03
    1.2285519E-03   2.9135329E-03   3.7265317E-03   5.8632465E-03   3.7862018E-03
    8.8373867E-03   1.0009196E-02   1.2176251E-02   8.6662553E-03   2.1807066E-02
    1.7544734E-02   2.0353840E-02   1.6939790E-02   3.8455387E-02   2.7322122E-02
    3.0973369E-02   3.0380840E-02   5.8394026E-02   4.1138627E-02   4.6502475E-02
    5.0373476E-02   8.1533545E-02   6.2367750E-02   6.9961344E-02   7.7020134E-02
    1.0694482E-01   1.3380202E-01   1.6594105E-01   1.9792265E-01   2.2741640E-01
    2.5292176E-01   2.7405670E-01   2.9103393E-01   3.0436799E-01   3.1467636E-01
    3.2252828E-01   3.2843440E-01   3.3280902E-01   3.3598221E-01   3.3819882E-01
    3.3959998E-01   3.3985267E-01   3.4524170E-01   3.6830304E-01

 2.0142089156E+02   1.6667020E-02   6.4702475E+11   1.6338798E+00   1.4203561E+05   2.9698911E+00   9.1045870E-01    36 
    1.3993997E-05   8.6807145E-06   1.4959933E-05   1.1513713E-05   1.6096448E-05
    1.6181430E-05   1.0269170E-05   1.5807624E-05   3.3738015E-05   3.2216502E-05
    5.0136407E-05   3.9898523E-05   4.4879709E-05   7.7606428E-05   1.7352063E-04
    3.2032692E-04   2.0410552E-04   4.4279210E-04   1.1217506E-03   1.9212357E-03
    1.2089788E-03   2.8842943E-03   3.7082160E-03   5.8232269E-03   3.8316828E-03
    8.8944814E-03   9.9958722E-03   1.2213911E-02   9.1107537E-03   2.2212355E-02
    1.7807688E-02   2.0768613E-02   1.8476978E-02   3.9591843E-02   2.8609586E-02
    3.2789196E-02   3.4042489E-02   6.0957516E-02   4.5240762E-02   5.1500681E-02
    5.7293748E-02   8.6657366E-02   7.1493911E-02   7.9842179E-02   8.8258773E-02
    1.1599687E-01   1.4785272E-01   1.8412511E-01   2.1912557E-01   2.5044805E-01
    2.7686833E-01   2.9831759E-01   3.1527148E-01   3.2842230E-01   3.3849172E-01
    3.4610694E-01   3.5180373E-01   3.5600681E-01   3.5904618E-01   3.6116418E-01
    3.6249945E-01   3.6273699E-01   3.6784613E-01   3.9001699E-01

 2.0126195254E+02   1.3469950E-02   8.8445591E+11   1.6178403E+00   1.5629351E+05   2.1180633E+00   9.3524096E-01    37 
    7.0481713E-06   4.5812401E-06   7.9792180E-06   7.4559624E-06   9.7871812E-06
    9.8310546E-06   6.5333817E-06   1.0135825E-05   2.3254673E-05   2.3733113E-05
    3.6910392E-05   2.8369701E-05   3.1593552E-05   5.7000285E-05   1.6365636E-04
    3.0854018E-04   1.9631829E-04   4.2948808E-04   1.1087903E-03   1.9123386E-03
    1.2149546E-03   2.9097726E-03   3.7552330E-03   5.8621925E-03   3.9631846E-03
    9.1125467E-03   1.0140766E-02   1.2442008E-02   9.8362679E-03   2.3019207E-02
    1.8467490E-02   2.1712208E-02   2.0719402E-02   4.1551509E-02   3.1040893E-02
    3.5972288E-02   3.9133410E-02   6.5122919E-02   5.1964563E-02   5.9237222E-02
    6.6798922E-02   9.4639605E-02   8.4951232E-02   9.4021739E-02   1.0351972E-01
    1.2935571E-01   1.6726668E-01   2.0818346E-01   2.4627960E-01   2.7930629E-01
    3.0647487E-01   3.2809828E-01   3.4493051E-01   3.5783594E-01   3.6762990E-01
    3.7498823E-01   3.8046527E-01   3.8449147E-01   3.8739420E-01   3.8941168E-01
    3.9067930E-01   3.9090123E-01   3.9571318E-01   4.1681989E-01

 2.0109805314E+02   1.0062433E-02   1.2171459E+12   1.6044394E+00   1.8923816E+05   1.5121129E+00   9.5330316E-01    38 
    4.1614376E-06   2.8276605E-06   4.9550824E-06   5.4556952E-06   6.7154869E-06
    6.7402689E-06   4.6874925E-06   7.3040508E-06   1.7932742E-05   1.9625768E-05
    3.0330132E-05   2.2569303E-05   2.4899047E-05   4.6487626E-05   1.5985944E-04
    3.0631158E-04   1.9551896E-04   4.3073131E-04   1.1216432E-03   1.9429796E-03
    1.2517352E-03   3.0031277E-03   3.8880702E-03   6.0044838E-03   4.2094669E-03
    9.5366043E-03   1.0507917E-02   1.2944124E-02   1.0949453E-02   2.4358506E-02
    1.9751172E-02   2.3459312E-02   2.3927335E-02   4.4643273E-02   3.5255900E-02
    4.1153845E-02   4.6223776E-02   7.1542812E-02   6.2431565E-02   7.0776456E-02
    7.9905633E-02   1.0653721E-01   1.0404963E-01   1.1376336E-01   1.2405369E-01
    1.4823568E-01   1.9307950E-01   2.3886053E-01   2.7989087E-01   3.1435409E-01
    3.4203090E-01   3.6365423E-01   3.8025138E-01   3.9284253E-01   4.0232126E-01
    4.0940062E-01   4.1464617E-01   4.1848918E-01   4.2125175E-01   4.2316622E-01
    4.2436403E-01   4.2456972E-01   4.2906508E-01   4.4894251E-01

 2.0092950010E+02   6.7389288E-03   1.6872729E+12   1.5944084E+00   2.6295122E+05   1.0774312E+00   9.6648675E-01    39 
    3.0810867E-06   2.1882144E-06   3.8198224E-06   4.7795773E-06   5.5296594E-06
    5.5460061E-06   4.0376503E-06   6.2726418E-06   1.6062661E-05   1.8385340E-05
    2.8544650E-05   2.0672354E-05   2.2649847E-05   4.3588279E-05   1.6219366E-04
    3.1462777E-04   2.0201555E-04   4.4816143E-04   1.1668356E-03   2.0226258E-03
    1.3279611E-03   3.1826553E-03   4.1359002E-03   6.2825759E-03   4.6152888E-03
    1.0229731E-02   1.1198519E-02   1.3851865E-02   1.2617345E-02   2.6419979E-02
    2.2043500E-02   2.6440942E-02   2.8529888E-02   4.9337816E-02   4.2247695E-02
    4.9308221E-02   5.6258755E-02   8.1194879E-02   7.8223153E-02   8.7648066E-02
    9.8117974E-02   1.2378648E-01   1.3044459E-01   1.4067956E-01   1.5146261E-01
    1.7411079E-01   2.2647966E-01   2.7703084E-01   3.2062563E-01   3.5614785E-01
    3.8403973E-01   4.0546265E-01   4.2169696E-01   4.3389548E-01   4.4301208E-01
    4.4978476E-01   4.5478261E-01   4.5843268E-01   4.6104894E-01   4.6285604E-01
    4.6398056E-01   4.6416891E-01   4.6832215E-01   4.8680001E-01

 2.0075626618E+02   3.8804299E-03   2.3466927E+12   1.5885410E+00   4.4621444E+05   7.6820546E-01   9.7598231E-01    40 
    3.1430865E-06   2.3464078E-06   4.0039484E-06   5.5245122E-06   6.0435512E-06
    6.0577022E-06   4.6320521E-06   7.0749377E-06   1.7887509E-05   2.0142577E-05
    3.2510195E-05   2.3022406E-05   2.5168039E-05   5.0140293E-05   1.7209073E-04
    3.3606627E-04   2.1747908E-04   4.8631264E-04   1.2539455E-03   2.1632228E-03
    1.4558851E-03   3.4710520E-03   4.5359723E-03   6.7375674E-03   5.2399812E-03
    1.1266131E-02   1.2364402E-02   1.5354129E-02   1.5053503E-02   2.9430604E-02
    2.5917126E-02   3.1250178E-02   3.5086152E-02   5.6223159E-02   5.3291001E-02
    6.1652571E-02   7.0390809E-02   9.5204384E-02   1.0094048E-01   1.1136931E-01
    1.2288550E-01   1.4770026E-01   1.6526753E-01   1.7584500E-01   1.8679254E-01
    2.0790009E-01   2.6781381E-01   3.2262133E-01   3.6818226E-01   4.0428251E-01
    4.3205478E-01   4.5306200E-01   4.6880072E-01   4.8052678E-01   4.8923403E-01
    4.9567229E-01   5.0040627E-01   5.0385368E-01   5.0631753E-01   5.0801287E-01
    5.0906067E-01   5.0923049E-01   5.1301653E-01   5.2994339E-01

 2.0057752164E+02   1.8163720E-03   3.2704353E+12   1.5891450E+00   1.0203714E+06   5.4817339E-01   9.8279881E-01    41 
    5.2524503E-06   4.1587386E-06   6.7311925E-06   9.9514187E-06   1.0427831E-05
    1.0447374E-05   8.4235881E-06   1.2365794E-05   2.8813403E-05   2.8988010E-05
    5.1484546E-05   3.5817115E-05   3.9251711E-05   8.1725613E-05   1.9621092E-04
    3.8078210E-04   2.4894835E-04   5.6285077E-04   1.4078032E-03   2.3974230E-03
    1.6653476E-03   3.9247584E-03   5.1666155E-03   7.4638506E-03   6.1994735E-03
    1.2804727E-02   1.4306299E-02   1.7803663E-02   1.8631812E-02   3.3820344E-02
    3.2325459E-02   3.8849332E-02   4.4531176E-02   6.6281415E-02   7.0149108E-02
    7.9884567E-02   9.0256500E-02   1.1513128E-01   1.3233990E-01   1.4361784E-01
    1.5582723E-01   1.7974004E-01   2.0946857E-01   2.2017534E-01   2.3095881E-01
    2.5043125E-01   3.1732838E-01   3.7554593E-01   4.2232859E-01   4.5847433E-01
    4.8577736E-01   5.0615038E-01   5.2126057E-01   5.3243452E-01   5.4068518E-01
    5.4676102E-01   5.5121441E-01   5.5444884E-01   5.5675369E-01   5.5833266E-01
    5.5930023E-01   5.5945033E-01   5.6284499E-01   5.7808532E-01

 2.0039094423E+02   6.4580598E-04   4.5677894E+12   1.5992320E+00   3.5595718E+06   3.9113309E-01   9.8769451E-01    42 
    1.7819089E-05   1.5093179E-05   2.2294396E-05   3.4318184E-05   3.5156213E-05
    3.5210655E-05   3.0003280E-05   4.1074978E-05   8.6445544E-05   7.2947256E-05
    1.4671399E-04   1.0175245E-04   1.1133684E-04   2.4102454E-04   2.6577274E-04
    4.9050501E-04   3.2679967E-04   7.5551076E-04   1.6939395E-03   2.8080045E-03
    2.0310919E-03   4.6801149E-03   6.1857418E-03   8.6507030E-03   7.7243363E-03
    1.5171525E-02   1.7584861E-02   2.1823972E-02   2.4003508E-02   4.0336147E-02
    4.2773362E-02   5.0736302E-02   5.8341234E-02   8.1006571E-02   9.5045996E-02
    1.0614293E-01   1.1791344E-01   1.4288358E-01   1.7408392E-01   1.8598051E-01
    1.9848234E-01   2.2129654E-01   2.6364711E-01   2.7425398E-01   2.8456860E-01
    3.0226979E-01   3.7503352E-01   4.3554814E-01   4.8270217E-01   5.1832308E-01
    5.4479298E-01   5.6430675E-01   5.7865143E-01   5.8919023E-01   5.9693379E-01
    6.0261600E-01   6.0676931E-01   6.0977829E-01   6.1191609E-01   6.1337324E-01
    6.1425681E-01   6.1438607E-01   6.1736673E-01   6.3079904E-01

 2.0019341949E+02   1.6488940E-04   6.3918164E+12   1.6212484E+00   2.1049793E+07   2.7902526E-01   9.9120516E-01    43 
    1.4503883E-04   1.3232247E-04   1.7142517E-04   2.6779953E-04   2.7426821E-04
    2.7463355E-04   2.4760285E-04   3.0588007E-04   6.0932240E-04   4.6554924E-04
    9.7451653E-04   6.9559955E-04   7.4622253E-04   1.6204737E-03   6.8385626E-04
    1.0349549E-03   7.3473210E-04   1.7660758E-03   2.5130935E-03   3.8755500E-03
    2.9726850E-03   6.4612902E-03   8.1761172E-03   1.0969211E-02   1.0651946E-02
    1.9657219E-02   2.3601798E-02   2.8885486E-02   3.2682814E-02   5.0763629E-02
    5.9887719E-02   6.9498701E-02   7.9102630E-02   1.0296266E-01   1.3073053E-01
    1.4306270E-01   1.5588842E-01   1.8079938E-01   2.2760396E-01   2.3980849E-01
    2.5218015E-01   2.7359990E-01   3.2795432E-01   3.3821881E-01   3.4779435E-01
    3.6357574E-01   4.4049926E-01   5.0191186E-01   5.4845615E-01   5.8291746E-01
    6.0815567E-01   6.2656300E-01   6.3998873E-01   6.4979584E-01   6.5697104E-01
    6.6222004E-01   6.6604752E-01   6.6881404E-01   6.7077363E-01   6.7210171E-01
    6.7289685E-01   6.7300436E-01   6.7555160E-01   6.8707410E-01

 1.9997921729E+02   3.0671155E-05   8.9731540E+12   1.6572610E+00   2.1605521E+08   1.9868709E-01   9.9372903E-01    44 
    2.9856555E-03   2.9417307E-03   3.2465855E-03   5.0424695E-03   5.2485747E-03
    5.2547841E-03   5.0150865E-03   5.4439879E-03   1.0607849E-02   8.1099759E-03
    1.5943314E-02   1.2058380E-02   1.2455028E-02   2.6176993E-02   7.9422330E-03
    9.5196233E-03   7.5790751E-03   1.7330857E-02   1.1426306E-02   1.4374958E-02
    1.2238214E-02   2.1672254E-02   2.0021732E-02   2.4329818E-02   2.7207552E-02
    4.5132678E-02   4.5814555E-02   5.2741913E-02   5.8882930E-02   8.2773446E-02
    9.9721320E-02   1.1128166E-01   1.2382216E-01   1.5000572E-01   1.9155875E-01
    2.0499819E-01   2.1856950E-01   2.4358786E-01   3.0482142E-01   3.1679417E-01
    3.2870618E-01   3.4856464E-01   4.1196260E-01   4.2144835E-01   4.2991246E-01
    4.4342669E-01   5.2105054E-01   5.8066911E-01   6.2476477E-01   6.5683388E-01
    6.8002228E-01   6.9676363E-01   7.0888597E-01   7.1769330E-01   7.2411298E-01
    7.2879681E-01   7.3220573E-01   7.3466383E-01   7.3639947E-01   7.3756815E-01
    7.3825732E-01   7.3834101E-01   7.4040421E-01   7.4978262E-01

 1.9976333503E+02   7.4869096E-06   1.2277626E+13   1.7047561E+00   2.0252893E+09   1.4531881E-01   9.9540937E-01    45 
    7.4987865E-02   7.8756714E-02   7.5096546E-02   1.1427320E-01   1.2116381E-01
    1.2129749E-01   1.2156484E-01   1.1689515E-01   2.2129691E-01   1.7471907E-01
    3.1209267E-01   2.5178953E-01   2.4908016E-01   4.9894653E-01   1.6309103E-01
    1.7996178E-01   1.5564389E-01   3.1405707E-01   1.8548449E-01   2.0915970E-01
    1.9206927E-01   2.8521517E-01   2.2288194E-01   2.4516226E-01   2.9164967E-01
    4.2064192E-01   3.1951620E-01   3.3244358E-01   3.4875700E-01   4.2681911E-01
    4.1175786E-01   4.2652641E-01   4.5413920E-01   4.9443436E-01   4.9588098E-01
    5.1051148E-01   5.2533777E-01   5.5577187E-01   5.9792346E-01   6.0588963E-01
    6.1730608E-01   6.3650587E-01   6.7932004E-01   6.8438126E-01   6.8894719E-01
    6.9651476E-01   7.4664019E-01   7.8245992E-01   8.0878747E-01   8.2764794E-01
    8.4118330E-01   8.5074259E-01   8.5757840E-01   8.6248527E-01   8.6604637E-01
    8.6863555E-01   8.7052251E-01   8.7187091E-01   8.7281779E-01   8.7344848E-01
    8.7381371E-01   8.7385195E-01   8.7485940E-01   8.7953591E-01

 1.9955800480E+02   1.6819033E-05   1.6087273E+13   1.7592314E+00   2.2567124E+09   1.1105536E-01   9.9648975E-01    46 
    2.5978237E-01   2.8387569E-01   2.4733473E-01   3.6411547E-01   3.8855646E-01
    3.8900230E-01   4.0340591E-01   3.5942935E-01   6.4396070E-01   5.2845245E-01
    8.5980119E-01   7.3047700E-01   6.9865334E-01   1.3276275E+00   4.8856047E-01
    5.0858075E-01   4.7383365E-01   8.4477056E-01   5.3247351E-01   5.7479493E-01
    5.5535684E-01   7.5111022E-01   6.2174723E-01   6.6354328E-01   7.6936072E-01
    1.0119519E+00   7.8985067E-01   8.0729872E-01   8.3496926E-01   9.5601251E-01
    8.9713195E-01   9.0951292E-01   9.4629066E-01   9.9037059E-01   9.2573240E-01
    9.3695074E-01   9.4953226E-01   9.7912594E-01   9.7202263E-01   9.7378736E-01
    9.8236621E-01   9.9731862E-01   9.9651903E-01   9.9589448E-01   9.9577584E-01
    9.9665594E-01   1.0010241E+00   1.0016113E+00   1.0027195E+00   1.0034860E+00
    1.0040782E+00   1.0042691E+00   1.0043268E+00   1.0042992E+00   1.0042702E+00
    1.0042408E+00   1.0042281E+00   1.0042019E+00   1.0041788E+00   1.0041584E+00
    1.0041452E+00   1.0041431E+00   1.0041047E+00   1.0040601E+00

 1.9935502238E+02   1.1483362E-04   2.0503080E+13   1.8206944E+00   8.9199684E+08   8.7283127E-02   9.9724005E-01    47 
    3.5561709E-01   3.9533063E-01   3.3585692E-01   4.7167077E-01   4.9747536E-01
    4.9816045E-01   5.2743581E-01   4.5991197E-01   7.5519759E-01   6.4578972E-01
    9.6491914E-01   8.4825773E-01   7.9884409E-01   1.4304099E+00   5.9430750E-01
    5.8489446E-01   5.8651026E-01   9.3346062E-01   6.2863922E-01   6.5473004E-01
    6.6219643E-01   8.3351327E-01   7.2465037E-01   7.5774293E-01   8.5696603E-01
    1.0489015E+00   8.6549144E-01   8.7944324E-01   9.0605199E-01   9.9584626E-01
    9.5359789E-01   9.6131084E-01   9.8901843E-01   1.0197774E+00   9.6825465E-01
    9.7580864E-01   9.8527958E-01   1.0067164E+00   9.9691061E-01   9.9811885E-01
    1.0042670E+00   1.0147020E+00   1.0110323E+00   1.0104086E+00   1.0102393E+00
    1.0108698E+00   1.0111888E+00   1.0097533E+00   1.0092511E+00   1.0088846E+00
    1.0086423E+00   1.0083200E+00   1.0080381E+00   1.0077881E+00   1.0076011E+00
    1.0074588E+00   1.0073611E+00   1.0072797E+00   1.0072194E+00   1.0071762E+00
    1.0071507E+00   1.0071482E+00   1.0070852E+00   1.0068846E+00

 1.9914821959E+02   9.9467350E-04   2.5716322E+13   1.8896428E+00   2.9662485E+08   6.9719589E-02   9.9779478E-01    48 
    4.4492467E-01   4.9474024E-01   4.3311047E-01   5.7405354E-01   5.8798599E-01
    5.8905372E-01   6.3031125E-01   5.6379892E-01   8.2796784E-01   7.3764215E-01
    1.0207476E+00   9.1439197E-01   8.6652412E-01   1.4464536E+00   6.7828728E-01
    6.3505095E-01   6.8126840E-01   9.8123407E-01   6.9949523E-01   7.0848033E-01
    7.4473850E-01   8.8638390E-01   7.9408055E-01   8.1754011E-01   9.0642094E-01
    1.0479001E+00   9.0430388E-01   9.1468415E-01   9.4013771E-01   1.0029649E+00
    9.7308108E-01   9.7744293E-01   9.9819537E-01   1.0189991E+00   9.7960604E-01
    9.8470481E-01   9.9212604E-01   1.0076939E+00   9.9812788E-01   9.9924967E-01
    1.0038483E+00   1.0113023E+00   1.0075195E+00   1.0071976E+00   1.0072934E+00
    1.0081161E+00   1.0077682E+00   1.0065625E+00   1.0060849E+00   1.0057468E+00
    1.0055110E+00   1.0052532E+00   1.0050381E+00   1.0048536E+00   1.0047167E+00
    1.0046127E+00   1.0045408E+00   1.0044823E+00   1.0044393E+00   1.0044089E+00
    1.0043913E+00   1.0043899E+00   1.0043500E+00   1.0042222E+00

 1.9893329197E+02   1.0150223E-02   3.1959728E+13   1.9669338E+00   8.8605488E+07   5.6213692E-02   9.9822157E-01    49 
    5.3574199E-01   5.8842331E-01   5.4050182E-01   6.7704661E-01   6.7409343E-01
    6.7568142E-01   7.2248297E-01   6.7305236E-01   8.8698570E-01   8.2364726E-01
    1.0592253E+00   9.6101714E-01   9.2678396E-01   1.4208895E+00   7.5640008E-01
    6.8452220E-01   7.7043592E-01   1.0160958E+00   7.6499760E-01   7.6136546E-01
    8.1970917E-01   9.3252700E-01   8.5416079E-01   8.6948601E-01   9.4675802E-01
    1.0468206E+00   9.3663878E-01   9.4395364E-01   9.6751174E-01   1.0097726E+00
    9.8735390E-01   9.8938634E-01   1.0049194E+00   1.0185978E+00   9.8763686E-01
    9.9102043E-01   9.9686625E-01   1.0081954E+00   9.9896560E-01   9.9998012E-01
    1.0034516E+00   1.0088235E+00   1.0050150E+00   1.0049014E+00   1.0051784E+00
    1.0061134E+00   1.0053961E+00   1.0043955E+00   1.0039610E+00   1.0036635E+00
    1.0034521E+00   1.0032505E+00   1.0030888E+00   1.0029544E+00   1.0028555E+00
    1.0027807E+00   1.0027286E+00   1.0026872E+00   1.0026571E+00   1.0026361E+00
    1.0026241E+00   1.0026233E+00   1.0025986E+00   1.0025186E+00

 1.9870709907E+02   1.1804574E-01   3.9524182E+13   2.0539247E+00   2.4435465E+07   4.5553965E-02   9.9855855E-01    50 
    6.3523781E-01   6.7969905E-01   6.3885081E-01   7.6656518E-01   7.6449279E-01
    7.6653763E-01   8.0403191E-01   7.6364138E-01   9.3459761E-01   9.0830499E-01
    1.0866810E+00   9.9837681E-01   9.7120486E-01   1.3483650E+00   8.2881472E-01
    7.4417734E-01   8.4757666E-01   1.0299729E+00   8.2791892E-01   8.1797815E-01
    8.8204620E-01   9.6376171E-01   9.0620321E-01   9.1480309E-01   9.7603873E-01
    1.0416016E+00   9.6275631E-01   9.6725029E-01   9.8648982E-01   1.0127167E+00
    9.9706070E-01   9.9742582E-01   1.0082722E+00   1.0165794E+00   9.9346542E-01
    9.9551938E-01   9.9978868E-01   1.0076272E+00   9.9974458E-01   1.0005417E+00
    1.0030055E+00   1.0066985E+00   1.0034062E+00   1.0033777E+00   1.0036704E+00
    1.0045139E+00   1.0037020E+00   1.0029126E+00   1.0025449E+00   1.0022991E+00
    1.0021232E+00   1.0019709E+00   1.0018519E+00   1.0017559E+00   1.0016857E+00
    1.0016329E+00   1.0015958E+00   1.0015671E+00   1.0015463E+00   1.0015320E+00
    1.0015240E+00   1.0015236E+00   1.0015087E+00   1.0014595E+00

 1.9846741182E+02   1.5820108E+00   4.8715937E+13   2.1523364E+00   6.1314966E+06   3.7044686E-02   9.9882764E-01    51 
    7.2912182E-01   7.5447177E-01   7.2923693E-01   8.3790631E-01   8.4139321E-01
    8.4350479E-01   8.6202825E-01   8.3821227E-01   9.6210691E-01   9.7662257E-01
    1.0990990E+00   1.0118309E+00   9.9705639E-01   1.2479644E+00   8.8882794E-01
    8.1235615E-01   9.0602823E-01   1.0252543E+00   8.8351215E-01   8.7335148E-01
    9.2684431E-01   9.7837959E-01   9.4574277E-01   9.4954909E-01   9.9181147E-01
    1.0302784E+00   9.7970281E-01   9.8210662E-01   9.9547998E-01   1.0099799E+00
    1.0011475E+00   1.0006216E+00   1.0073241E+00   1.0118860E+00   9.9693945E-01
    9.9799037E-01   1.0007472E+00   1.0055685E+00   1.0000611E+00   1.0005967E+00
    1.0021652E+00   1.0044246E+00   1.0021645E+00   1.0021485E+00   1.0023541E+00
    1.0029462E+00   1.0023072E+00   1.0017731E+00   1.0015144E+00   1.0013434E+00
    1.0012194E+00   1.0011170E+00   1.0010376E+00   1.0009746E+00   1.0009285E+00
    1.0008940E+00   1.0008697E+00   1.0008511E+00   1.0008377E+00   1.0008285E+00
    1.0008235E+00   1.0008234E+00   1.0008150E+00   1.0007870E+00

 1.9821283134E+02   2.3957857E+01   5.9809133E+13   2.2635808E+00   1.4126749E+06   3.0248851E-02   9.9904260E-01    52 
    8.0796921E-01   8.1583510E-01   8.0806422E-01   8.9151774E-01   8.9608125E-01
    8.9739106E-01   9.0228048E-01   8.9549651E-01   9.7247374E-01   1.0250023E+00
    1.1011826E+00   1.0088744E+00   1.0069863E+00   1.1414179E+00   9.3472841E-01
    8.7979530E-01   9.4547082E-01   1.0095683E+00   9.2851446E-01   9.2097825E-01
    9.5515684E-01   9.8144399E-01   9.7177109E-01   9.7253699E-01   9.9688464E-01
    1.0160749E+00   9.8848774E-01   9.8960030E-01   9.9723603E-01   1.0039457E+00
    1.0012643E+00   1.0004469E+00   1.0038902E+00   1.0060504E+00   9.9849716E-01
    9.9885867E-01   1.0003434E+00   1.0027901E+00   9.9993676E-01   1.0002364E+00
    1.0010893E+00   1.0022281E+00   1.0011502E+00   1.0011190E+00   1.0012057E+00
    1.0015069E+00   1.0011755E+00   1.0009019E+00   1.0007698E+00   1.0006817E+00
    1.0006145E+00   1.0005589E+00   1.0005147E+00   1.0004793E+00   1.0004533E+00
    1.0004337E+00   1.0004198E+00   1.0004092E+00   1.0004017E+00   1.0003965E+00
    1.0003937E+00   1.0003937E+00   1.0003895E+00   1.0003759E+00

 1.9794259705E+02   3.8755623E+02   7.2945500E+13   2.3883875E+00   3.0867014E+05   2.4868580E-02   9.9921282E-01    53 
    8.7325249E-01   8.7467811E-01   8.7329997E-01   9.3385736E-01   9.3339986E-01
    9.3390461E-01   9.3872566E-01   9.3783359E-01   9.7812984E-01   1.0602792E+00
    1.1027973E+00   1.0085131E+00   1.0128099E+00   1.0487791E+00   9.6896452E-01
    9.3254501E-01   9.7267472E-01   9.9474050E-01   9.6169014E-01   9.5558934E-01
    9.7361131E-01   9.8255626E-01   9.8730703E-01   9.8618262E-01   9.9814659E-01
    1.0056213E+00   9.9328197E-01   9.9365919E-01   9.9743940E-01   9.9963216E-01
    1.0005472E+00   9.9974365E-01   1.0011922E+00   1.0019885E+00   9.9913298E-01
    9.9911011E-01   9.9976880E-01   1.0007756E+00   9.9975417E-01   9.9989799E-01
    1.0002991E+00   1.0007638E+00   1.0004792E+00   1.0004405E+00   1.0004495E+00
    1.0005575E+00   1.0004649E+00   1.0003711E+00   1.0003292E+00   1.0002992E+00
    1.0002722E+00   1.0002482E+00   1.0002278E+00   1.0002108E+00   1.0001980E+00
    1.0001883E+00   1.0001814E+00   1.0001761E+00   1.0001723E+00   1.0001697E+00
    1.0001683E+00   1.0001683E+00   1.0001665E+00   1.0001608E+00

 1.9765622980E+02   6.1884339E+03   8.8035258E+13   2.5268130E+00   6.6061110E+04   2.0669489E-02   9.9934569E-01    54 
    9.2530544E-01   9.2551535E-01   9.2530787E-01   9.6681133E-01   9.6092869E-01
    9.6174450E-01   9.6953219E-01   9.6968230E-01   9.8478795E-01   1.0740984E+00
    1.0940272E+00   1.0118419E+00   1.0163396E+00   9.7559705E-01   9.9252905E-01
    9.6959842E-01   9.9086438E-01   9.8326665E-01   9.8413378E-01   9.7854038E-01
    9.8547670E-01   9.8364670E-01   9.9562840E-01   9.9352978E-01   9.9798887E-01
    9.9901107E-01   9.9594950E-01   9.9593014E-01   9.9742650E-01   9.9723505E-01
    9.9991079E-01   9.9925522E-01   9.9962877E-01   9.9968437E-01   9.9941901E-01
    9.9922702E-01   9.9941278E-01   9.9966938E-01   9.9965675E-01   9.9970941E-01
    9.9985359E-01   9.9996622E-01   1.0000966E+00   1.0000601E+00   1.0000295E+00
    1.0000345E+00   1.0000799E+00   1.0000874E+00   1.0000967E+00   1.0000997E+00
    1.0000963E+00   1.0000906E+00   1.0000842E+00   1.0000780E+00   1.0000731E+00
    1.0000693E+00   1.0000665E+00   1.0000643E+00   1.0000628E+00   1.0000617E+00
    1.0000611E+00   1.0000611E+00   1.0000605E+00   1.0000586E+00

 1.9735269589E+02   8.7574001E+04   1.0464062E+14   2.6789064E+00   1.4209764E+04   1.7459450E-02   9.9944728E-01    55 
    9.6658993E-01   9.6662257E-01   9.6658586E-01   9.9371329E-01   9.8971635E-01
    9.9094755E-01   9.9576549E-01   9.9622733E-01   9.9510828E-01   1.0626405E+00
    1.0673928E+00   1.0013235E+00   9.9563208E-01   9.2447002E-01   1.0090281E+00
    9.9550563E-01   1.0034739E+00   9.7349948E-01   9.9942247E-01   9.9381214E-01
    9.9336507E-01   9.8370376E-01   9.9992640E-01   9.9721544E-01   9.9706667E-01
    9.9403899E-01   9.9771359E-01   9.9736643E-01   9.9743733E-01   9.9586167E-01
    9.9959992E-01   9.9907805E-01   9.9887175E-01   9.9841114E-01   9.9954271E-01
    9.9928839E-01   9.9920144E-01   9.9905883E-01   9.9961998E-01   9.9961422E-01
    9.9960816E-01   9.9952952E-01   9.9988534E-01   9.9985117E-01   9.9979817E-01
    9.9974373E-01   9.9986799E-01   9.9993247E-01   9.9997144E-01   9.9999383E-01
    1.0000046E+00   1.0000099E+00   1.0000119E+00   1.0000123E+00   1.0000121E+00
    1.0000119E+00   1.0000116E+00   1.0000114E+00   1.0000112E+00   1.0000110E+00
    1.0000109E+00   1.0000109E+00   1.0000109E+00   1.0000108E+00

 1.9702920910E+02   9.6127865E+05   1.2198974E+14   2.8449171E+00   3.1130939E+03   1.5079655E-02   9.9952260E-01    56 
    9.9579660E-01   9.9580208E-01   9.9579421E-01   1.0139414E+00   1.0132958E+00
    1.0147588E+00   1.0172314E+00   1.0178868E+00   1.0034611E+00   1.0362411E+00
    1.0318999E+00   9.7330549E-01   9.5925401E-01   9.0178657E-01   1.0181086E+00
    1.0108812E+00   1.0086121E+00   9.6767804E-01   1.0078391E+00   1.0023524E+00
    9.9735834E-01   9.8348157E-01   1.0012438E+00   9.9829764E-01   9.9552260E-01
    9.9044560E-01   9.9875510E-01   9.9818350E-01   9.9741884E-01   9.9516867E-01
    9.9945059E-01   9.9904302E-01   9.9856901E-01   9.9779417E-01   9.9956584E-01
    9.9931550E-01   9.9909382E-01   9.9875939E-01   9.9961001E-01   9.9957311E-01
    9.9948828E-01   9.9931542E-01   9.9977661E-01   9.9974517E-01   9.9968287E-01
    9.9959863E-01   9.9976242E-01   9.9985483E-01   9.9990885E-01   9.9994123E-01
    9.9995985E-01   9.9997116E-01   9.9997797E-01   9.9998211E-01   9.9998468E-01
    9.9998650E-01   9.9998773E-01   9.9998858E-01   9.9998914E-01   9.9998948E-01
    9.9998966E-01   9.9998967E-01   9.9998987E-01   9.9999062E-01

 1.9667940616E+02   7.5073583E+06   1.3933070E+14   3.0253821E+00   6.9789807E+02   1.3408722E-02   9.9957549E-01    57 
    1.0072840E+00   1.0072834E+00   1.0072830E+00   1.0216420E+00   1.0220761E+00
    1.0236015E+00   1.0243127E+00   1.0249094E+00   1.0049935E+00   1.0089014E+00
    1.0017459E+00   9.5841197E-01   9.4350778E-01   9.1907532E-01   1.0168662E+00
    1.0136909E+00   1.0068165E+00   9.7278537E-01   1.0085841E+00   1.0042393E+00
    9.9847989E-01   9.8661518E-01   1.0003954E+00   9.9794759E-01   9.9472668E-01
    9.9027653E-01   9.9917974E-01   9.9866051E-01   9.9775628E-01   9.9574779E-01
    9.9940818E-01   9.9915448E-01   9.9870938E-01   9.9798322E-01   9.9961098E-01
    9.9942337E-01   9.9920490E-01   9.9888289E-01   9.9966632E-01   9.9962945E-01
    9.9953687E-01   9.9936882E-01   9.9977335E-01   9.9974995E-01   9.9969855E-01
    9.9962413E-01   9.9977179E-01   9.9985675E-01   9.9990602E-01   9.9993590E-01
    9.9995390E-01   9.9996521E-01   9.9997249E-01   9.9997723E-01   9.9998033E-01
    9.9998257E-01   9.9998412E-01   9.9998521E-01   9.9998596E-01   9.9998643E-01
    9.9998668E-01   9.9998668E-01   9.9998689E-01   9.9998768E-01

 1.9629030155E+02   4.3215246E+07   1.5671462E+14   3.2216673E+00   1.6163713E+02   1.2357264E-02   9.9960877E-01    58 
    1.0036871E+00   1.0036845E+00   1.0036867E+00   1.0169620E+00   1.0164280E+00
    1.0176522E+00   1.0153496E+00   1.0157529E+00   1.0006596E+00   9.9194150E-01
    9.8734167E-01   9.6803425E-01   9.6164412E-01   9.6332713E-01   1.0088185E+00
    1.0082665E+00   1.0034137E+00   9.8702399E-01   1.0049116E+00   1.0027230E+00
    9.9924926E-01   9.9327357E-01   9.9924315E-01   9.9791383E-01   9.9584811E-01
    9.9357188E-01   9.9943211E-01   9.9917440E-01   9.9862661E-01   9.9749158E-01
    9.9954976E-01   9.9946633E-01   9.9922437E-01   9.9881226E-01   9.9975893E-01
    9.9965869E-01   9.9952968E-01   9.9934874E-01   9.9980239E-01   9.9978283E-01
    9.9972692E-01   9.9962828E-01   9.9985583E-01   9.9984387E-01   9.9981622E-01
    9.9977770E-01   9.9986456E-01   9.9991499E-01   9.9994392E-01   9.9996144E-01
    9.9997215E-01   9.9997888E-01   9.9998333E-01   9.9998627E-01   9.9998823E-01
    9.9998967E-01   9.9999067E-01   9.9999137E-01   9.9999186E-01   9.9999218E-01
    9.9999235E-01   9.9999235E-01   9.9999249E-01   9.9999290E-01

 1.9583791101E+02   1.9998209E+08   1.7499296E+14   3.4359773E+00   3.9305820E+01   1.1761806E-02   9.9962762E-01    59 
    9.9706651E-01   9.9706401E-01   9.9706612E-01   1.0095811E+00   1.0083702E+00
    1.0092406E+00   1.0068744E+00   1.0072093E+00   9.9726856E-01   9.9060952E-01
    9.8977745E-01   9.8611681E-01   9.8629788E-01   9.8997249E-01   1.0031721E+00
    1.0032478E+00   1.0018347E+00   9.9700754E-01   1.0019340E+00   1.0012606E+00
    1.0000351E+00   9.9814409E-01   9.9906502E-01   9.9859820E-01   9.9771027E-01
    9.9695589E-01   9.9964463E-01   9.9957784E-01   9.9936907E-01   9.9893218E-01
    9.9970878E-01   9.9971734E-01   9.9963590E-01   9.9948055E-01   9.9986512E-01
    9.9982936E-01   9.9977774E-01   9.9971363E-01   9.9989719E-01   9.9989058E-01
    9.9986779E-01   9.9982947E-01   9.9992068E-01   9.9991665E-01   9.9990658E-01
    9.9989542E-01   9.9993506E-01   9.9995864E-01   9.9997232E-01   9.9998065E-01
    9.9998587E-01   9.9998916E-01   9.9999141E-01   9.9999294E-01   9.9999399E-01
    9.9999477E-01   9.9999532E-01   9.9999572E-01   9.9999599E-01   9.9999618E-01
    9.9999628E-01   9.9999628E-01   9.9999636E-01   9.9999655E-01

 1.9528353733E+02   7.9051610E+08   1.9510170E+14   3.6711066E+00   1.0115601E+01   1.1199211E-02   9.9964542E-01    60 
    9.9428064E-01   9.9427909E-01   9.9428023E-01   1.0038810E+00   1.0030074E+00
    1.0037822E+00   1.0027029E+00   1.0029967E+00   9.9735008E-01   9.9583635E-01
    9.9618937E-01   9.9638798E-01   9.9713968E-01   9.9781618E-01   1.0011828E+00
    1.0010112E+00   1.0012370E+00   1.0003021E+00   1.0005096E+00   1.0004065E+00
    1.0001891E+00   9.9981837E-01   9.9938998E-01   9.9928489E-01   9.9899359E-01
    9.9879615E-01   9.9972125E-01   9.9972772E-01   9.9967305E-01   9.9955641E-01
    9.9976421E-01   9.9979598E-01   9.9978244E-01   9.9974410E-01   9.9988490E-01
    9.9988066E-01   9.9986336E-01   9.9984835E-01   9.9991927E-01   9.9991825E-01
    9.9991072E-01   9.9990085E-01   9.9994024E-01   9.9994004E-01   9.9993698E-01
    9.9993585E-01   9.9995802E-01   9.9997204E-01   9.9998053E-01   9.9998592E-01
    9.9998948E-01   9.9999182E-01   9.9999348E-01   9.9999466E-01   9.9999550E-01
    9.9999612E-01   9.9999656E-01   9.9999688E-01   9.9999711E-01   9.9999726E-01
    9.9999734E-01   9.9999734E-01   9.9999738E-01   9.9999752E-01

 1.9458533553E+02   2.5541176E+09   2.2277132E+14   3.9272972E+00   2.8605401E+00   1.0170875E-02   9.9967798E-01    61 
    9.9562259E-01   9.9562168E-01   9.9562217E-01   1.0006282E+00   1.0000954E+00
    1.0008338E+00   1.0004628E+00   1.0007268E+00   9.9855119E-01   9.9843063E-01
    9.9885397E-01   9.9942599E-01   9.9974737E-01   9.9962043E-01   1.0004514E+00
    1.0003059E+00   1.0006516E+00   1.0005992E+00   9.9998626E-01   1.0000351E+00
    1.0000286E+00   1.0000713E+00   9.9972642E-01   9.9972516E-01   9.9964775E-01
    9.9960700E-01   9.9977992E-01   9.9980074E-01   9.9979478E-01   9.9979227E-01
    9.9982876E-01   9.9985393E-01   9.9985606E-01   9.9985524E-01   9.9991454E-01
    9.9991900E-01   9.9991360E-01   9.9991049E-01   9.9994321E-01   9.9994382E-01
    9.9994178E-01   9.9993994E-01   9.9996068E-01   9.9996141E-01   9.9996058E-01
    9.9996066E-01   9.9997368E-01   9.9998220E-01   9.9998743E-01   9.9999084E-01
    9.9999314E-01   9.9999470E-01   9.9999582E-01   9.9999663E-01   9.9999721E-01
    9.9999763E-01   9.9999794E-01   9.9999816E-01   9.9999831E-01   9.9999841E-01
    9.9999846E-01   9.9999846E-01   9.9999847E-01   9.9999857E-01

 1.9373263778E+02   6.1838813E+09   2.6825236E+14   4.2079840E+00   9.0568154E-01   8.6209716E-03   9.9972704E-01    62 
    9.9744900E-01   9.9744867E-01   9.9744853E-01   9.9987709E-01   9.9948126E-01
    1.0001543E+00   9.9995361E-01   1.0001919E+00   9.9942217E-01   9.9935170E-01
    9.9967223E-01   9.9990871E-01   1.0000496E+00   9.9990940E-01   1.0001666E+00
    1.0000894E+00   1.0002922E+00   1.0003311E+00   9.9993709E-01   9.9997520E-01
    9.9999432E-01   1.0000653E+00   9.9992726E-01   9.9993280E-01   9.9991548E-01
    9.9990442E-01   9.9988331E-01   9.9989366E-01   9.9989906E-01   9.9991531E-01
    9.9991640E-01   9.9992790E-01   9.9992956E-01   9.9993449E-01   9.9995793E-01
    9.9996189E-01   9.9996106E-01   9.9996010E-01   9.9997402E-01   9.9997434E-01
    9.9997393E-01   9.9997376E-01   9.9998282E-01   9.9998330E-01   9.9998327E-01
    9.9998310E-01   9.9998869E-01   9.9999236E-01   9.9999460E-01   9.9999608E-01
    9.9999707E-01   9.9999777E-01   9.9999826E-01   9.9999863E-01   9.9999889E-01
    9.9999908E-01   9.9999922E-01   9.9999932E-01   9.9999939E-01   9.9999943E-01
    9.9999946E-01   9.9999945E-01   9.9999946E-01   9.9999949E-01

 1.9275442674E+02   1.1299464E+10   3.4064573E+14   4.5162209E+00   3.2013889E-01   6.8884298E-03   9.9978189E-01    63 
    9.9856133E-01   9.9856187E-01   9.9856071E-01   9.9990256E-01   9.9958338E-01
    1.0001794E+00   1.0000029E+00   1.0002153E+00   9.9987967E-01   9.9977891E-01
    9.9998475E-01   9.9991860E-01   1.0000299E+00   9.9998007E-01   1.0000797E+00
    1.0000354E+00   1.0001296E+00   1.0001520E+00   9.9998850E-01   9.9999858E-01
    1.0000096E+00   1.0000430E+00   9.9999183E-01   9.9999385E-01   9.9999029E-01
    9.9998415E-01   9.9995195E-01   9.9995458E-01   9.9995936E-01   9.9997014E-01
    9.9996857E-01   9.9997244E-01   9.9997264E-01   9.9997587E-01   9.9998429E-01
    9.9998624E-01   9.9998654E-01   9.9998602E-01   9.9999110E-01   9.9999107E-01
    9.9999105E-01   9.9999112E-01   9.9999426E-01   9.9999447E-01   9.9999460E-01
    9.9999446E-01   9.9999633E-01   9.9999753E-01   9.9999826E-01   9.9999873E-01
    9.9999906E-01   9.9999929E-01   9.9999946E-01   9.9999958E-01   9.9999967E-01
    9.9999973E-01   9.9999978E-01   9.9999982E-01   9.9999984E-01   9.9999985E-01
    9.9999986E-01   9.9999986E-01   9.9999986E-01   9.9999987E-01

 1.9168969188E+02   1.7540083E+10   4.5160860E+14   4.8535361E+00   1.2576538E-01   5.2631970E-03   9.9983335E-01    64 
    9.9916848E-01   9.9916980E-01   9.9916766E-01   1.0000042E+00   9.9973189E-01
    1.0002499E+00   1.0000743E+00   1.0002611E+00   1.0000737E+00   9.9995778E-01
    1.0000917E+00   9.9989173E-01   1.0000003E+00   1.0000281E+00   1.0000557E+00
    1.0000278E+00   1.0000652E+00   1.0000729E+00   1.0000141E+00   1.0000100E+00
    1.0000127E+00   1.0000238E+00   1.0000033E+00   1.0000040E+00   1.0000029E+00
    9.9999931E-01   9.9998021E-01   9.9998021E-01   9.9998304E-01   9.9998881E-01
    9.9998830E-01   9.9998935E-01   9.9998938E-01   9.9999099E-01   9.9999409E-01
    9.9999487E-01   9.9999512E-01   9.9999491E-01   9.9999671E-01   9.9999668E-01
    9.9999675E-01   9.9999682E-01   9.9999793E-01   9.9999801E-01   9.9999808E-01
    9.9999806E-01   9.9999871E-01   9.9999913E-01   9.9999939E-01   9.9999956E-01
    9.9999967E-01   9.9999976E-01   9.9999982E-01   9.9999986E-01   9.9999990E-01
    9.9999992E-01   9.9999994E-01   9.9999995E-01   9.9999996E-01   9.9999996E-01
    9.9999997E-01   9.9999997E-01   9.9999997E-01   9.9999997E-01

 1.9057559724E+02   2.5513085E+10   6.1567159E+14   5.2214504E+00   5.4307040E-02   3.9091168E-03   9.9987622E-01    65 
    9.9955067E-01   9.9955227E-01   9.9954967E-01   1.0000605E+00   9.9981757E-01
    1.0002580E+00   1.0000850E+00   1.0002476E+00   1.0001065E+00   9.9999414E-01
    1.0000898E+00   9.9987218E-01   9.9996879E-01   1.0000267E+00   1.0000420E+00
    1.0000237E+00   1.0000359E+00   1.0000358E+00   1.0000179E+00   1.0000105E+00
    1.0000094E+00   1.0000115E+00   1.0000038E+00   1.0000034E+00   1.0000024E+00
    1.0000005E+00   9.9999124E-01   9.9999057E-01   9.9999213E-01   9.9999511E-01
    9.9999535E-01   9.9999556E-01   9.9999558E-01   9.9999627E-01   9.9999744E-01
    9.9999772E-01   9.9999781E-01   9.9999779E-01   9.9999853E-01   9.9999854E-01
    9.9999859E-01   9.9999862E-01   9.9999908E-01   9.9999911E-01   9.9999913E-01
    9.9999914E-01   9.9999943E-01   9.9999961E-01   9.9999973E-01   9.9999981E-01
    9.9999986E-01   9.9999990E-01   9.9999993E-01   9.9999995E-01   9.9999996E-01
    9.9999997E-01   9.9999998E-01   9.9999998E-01   9.9999999E-01   9.9999999E-01
    9.9999999E-01   1.0000000E+00   1.0000000E+00   1.0000000E+00

 1.8944121052E+02   3.6087774E+10   8.4729531E+14   5.6219643E+00   2.5351003E-02   2.8757888E-03   9.9990894E-01    66 
    9.9979463E-01   9.9979640E-01   9.9979355E-01   1.0000669E+00   9.9985056E-01
    1.0002164E+00   1.0000532E+00   1.0001933E+00   1.0000847E+00   9.9998489E-01
    1.0000566E+00   9.9986781E-01   9.9994507E-01   1.0000013E+00   1.0000271E+00
    1.0000151E+00   1.0000163E+00   1.0000126E+00   1.0000134E+00   1.0000069E+00
    1.0000045E+00   1.0000034E+00   1.0000021E+00   1.0000012E+00   1.0000003E+00
    9.9999928E-01   9.9999593E-01   9.9999527E-01   9.9999606E-01   9.9999738E-01
    9.9999810E-01   9.9999808E-01   9.9999801E-01   9.9999823E-01   9.9999881E-01
    9.9999891E-01   9.9999892E-01   9.9999891E-01   9.9999930E-01   9.9999931E-01
    9.9999933E-01   9.9999933E-01   9.9999956E-01   9.9999957E-01   9.9999958E-01
    9.9999958E-01   9.9999972E-01   9.9999981E-01   9.9999987E-01   9.9999991E-01
    9.9999994E-01   9.9999996E-01   9.9999997E-01   9.9999998E-01   9.9999998E-01
    9.9999999E-01   9.9999999E-01   1.0000000E+00   1.0000000E+00   1.0000000E+00
    1.0000000E+00   1.0000000E+00   1.0000000E+00   1.0000000E+00

 1.8828794977E+02   5.0309988E+10   1.1668052E+15   6.0611370E+00   1.2601119E-02   2.1144298E-03   9.9993305E-01    67 
    9.9993774E-01   9.9993970E-01   9.9993680E-01   1.0000451E+00   9.9985914E-01
    1.0001556E+00   1.0000075E+00   1.0001263E+00   1.0000558E+00   9.9997267E-01
    1.0000265E+00   9.9988326E-01   9.9993677E-01   9.9998145E-01   1.0000138E+00
    1.0000066E+00   1.0000031E+00   9.9999859E-01   1.0000073E+00   1.0000026E+00
    1.0000001E+00   9.9999826E-01   1.0000003E+00   9.9999955E-01   9.9999874E-01
    9.9999805E-01   9.9999762E-01   9.9999714E-01   9.9999752E-01   9.9999803E-01
    9.9999903E-01   9.9999897E-01   9.9999885E-01   9.9999887E-01   9.9999935E-01
    9.9999938E-01   9.9999936E-01   9.9999933E-01   9.9999962E-01   9.9999962E-01
    9.9999962E-01   9.9999960E-01   9.9999976E-01   9.9999976E-01   9.9999976E-01
    9.9999975E-01   9.9999984E-01   9.9999989E-01   9.9999993E-01   9.9999995E-01
    9.9999997E-01   9.9999998E-01   9.9999998E-01   9.9999999E-01   9.9999999E-01
    9.9999999E-01   1.0000000E+00   1.0000000E+00   1.0000000E+00   1.0000000E+00
    1.0000000E+00   1.0000000E+00   1.0000000E+00   1.0000000E+00

 1.8770098734E+02   5.9232905E+10   1.3690731E+15   6.2982859E+00   9.0696833E-03   1.8134689E-03   9.9994258E-01    68 
    9.9997791E-01   9.9997997E-01   9.9997713E-01   1.0000355E+00   9.9986575E-01
    1.0001299E+00   9.9999082E-01   1.0000994E+00   1.0000434E+00   9.9996913E-01
    1.0000155E+00   9.9989430E-01   9.9993708E-01   9.9997609E-01   1.0000095E+00
    1.0000037E+00   9.9999905E-01   9.9999459E-01   1.0000052E+00   1.0000013E+00
    9.9999887E-01   9.9999696E-01   1.0000001E+00   9.9999933E-01   9.9999855E-01
    9.9999791E-01   9.9999821E-01   9.9999780E-01   9.9999805E-01   9.9999833E-01
    9.9999933E-01   9.9999927E-01   9.9999914E-01   9.9999910E-01   9.9999953E-01
    9.9999955E-01   9.9999952E-01   9.9999948E-01   9.9999972E-01   9.9999972E-01
    9.9999972E-01   9.9999969E-01   9.9999982E-01   9.9999983E-01   9.9999982E-01
    9.9999981E-01   9.9999988E-01   9.9999992E-01   9.9999995E-01   9.9999996E-01
    9.9999998E-01   9.9999998E-01   9.9999999E-01   9.9999999E-01   9.9999999E-01
    1.0000000E+00   1.0000000E+00   1.0000000E+00   1.0000000E+00   1.0000000E+00
    1.0000000E+00   1.0000000E+00   1.0000000E+00   1.0000000E+00

 1.8740623170E+02   6.4213266E+10   1.4822965E+15   6.4206682E+00   7.7470081E-03   1.6802792E-03   9.9994679E-01    69 
    9.9997491E-01   9.9997701E-01   9.9997422E-01   1.0000339E+00   9.9987255E-01
    1.0001213E+00   9.9998730E-01   1.0000909E+00   1.0000404E+00   9.9997034E-01
    1.0000134E+00   9.9990095E-01   9.9993984E-01   9.9997607E-01   1.0000099E+00
    1.0000038E+00   9.9999875E-01   9.9999436E-01   1.0000053E+00   1.0000016E+00
    9.9999924E-01   9.9999722E-01   1.0000005E+00   9.9999963E-01   9.9999883E-01
    9.9999816E-01   9.9999850E-01   9.9999810E-01   9.9999830E-01   9.9999853E-01
    9.9999947E-01   9.9999941E-01   9.9999928E-01   9.9999922E-01   9.9999959E-01
    9.9999961E-01   9.9999958E-01   9.9999954E-01   9.9999976E-01   9.9999976E-01
    9.9999975E-01   9.9999973E-01   9.9999984E-01   9.9999985E-01   9.9999984E-01
    9.9999983E-01   9.9999989E-01   9.9999993E-01   9.9999995E-01   9.9999997E-01
    9.9999998E-01   9.9999999E-01   9.9999999E-01   9.9999999E-01   1.0000000E+00
    1.0000000E+00   1.0000000E+00   1.0000000E+00   1.0000000E+00   1.0000000E+00
    1.0000000E+00   1.0000000E+00   1.0000000E+00   1.0000000E+00

 1.8730779027E+02   6.5956405E+10   1.5219482E+15   6.4620551E+00   7.3458889E-03   1.6382417E-03   9.9994812E-01    70 
    9.9823826E-01   9.9839987E-01   9.9839511E-01   9.9939590E-01   9.9960831E-01
    9.9985514E-01   9.9937620E-01   9.9947462E-01   9.9988614E-01   1.0000217E+00
    1.0000323E+00   9.9955015E-01   9.9974063E-01   9.9951102E-01   9.9995568E-01
    9.9996233E-01   9.9989658E-01   9.9977679E-01   9.9997821E-01   9.9996864E-01
    9.9994601E-01   9.9990873E-01   9.9997409E-01   9.9997269E-01   9.9996575E-01
    9.9995639E-01   9.9999513E-01   9.9999337E-01   9.9998862E-01   9.9998164E-01
    9.9999357E-01   9.9999280E-01   9.9999174E-01   9.9999026E-01   9.9999565E-01
    9.9999569E-01   9.9999521E-01   9.9999456E-01   9.9999737E-01   9.9999740E-01
    9.9999718E-01   9.9999684E-01   9.9999832E-01   9.9999834E-01   9.9999825E-01
    9.9999809E-01   9.9999881E-01   9.9999923E-01   9.9999950E-01   9.9999966E-01
    9.9999977E-01   9.9999985E-01   9.9999989E-01   9.9999993E-01   9.9999995E-01
    9.9999997E-01   9.9999998E-01   9.9999999E-01   9.9999999E-01   9.9999999E-01
    9.9999999E-01   9.9999999E-01   9.9999999E-01   9.9999999E-01
