
 Index            R          Tau           Na        Ne/Na            T        Kross       Kr/Kes       Kf/Kes
     1   2.9303E+04   8.1204E-06   1.7022E+06   9.8917E-01   9.4795E-01   2.5092E-01   1.0793E+00   5.9050E+01
     2   2.9023E+04   8.2912E-06   1.7355E+06   9.8920E-01   9.4842E-01   2.5095E-01   1.0794E+00   5.9081E+01
     3   2.8471E+04   8.6381E-06   1.8039E+06   9.8931E-01   9.4931E-01   2.5103E-01   1.0796E+00   5.9179E+01
     4   2.7400E+04   9.3518E-06   1.9488E+06   9.8950E-01   9.5120E-01   2.5119E-01   1.0801E+00   5.9346E+01
     5   2.5377E+04   1.0866E-05   2.2745E+06   9.8999E-01   9.5450E-01   2.5151E-01   1.0809E+00   5.9608E+01
     6   2.1771E+04   1.4276E-05   3.0985E+06   9.9106E-01   9.6010E-01   2.5212E-01   1.0823E+00   6.0102E+01
     7   1.6196E+04   2.2591E-05   5.6340E+06   9.9289E-01   9.6918E-01   2.5316E-01   1.0848E+00   6.1012E+01
     8   1.2062E+04   3.3843E-05   1.0243E+07   9.9448E-01   9.7629E-01   2.5402E-01   1.0868E+00   6.1671E+01
     9   8.9960E+03   4.9062E-05   1.8624E+07   9.9580E-01   9.8224E-01   2.5478E-01   1.0885E+00   6.2112E+01
    10   6.7229E+03   6.9634E-05   3.3857E+07   9.9687E-01   9.8751E-01   2.5545E-01   1.0902E+00   6.2200E+01
    11   5.0399E+03   9.7381E-05   6.1489E+07   9.9773E-01   9.9245E-01   2.5608E-01   1.0920E+00   6.1662E+01
    12   3.7955E+03   1.3469E-04   1.1142E+08   9.9840E-01   9.9730E-01   2.5669E-01   1.0939E+00   6.0289E+01
    13   2.8749E+03   1.8475E-04   2.0125E+08   9.9892E-01   1.0024E+00   2.5731E-01   1.0959E+00   5.8471E+01
    14   2.1914E+03   2.5195E-04   3.6245E+08   9.9934E-01   1.0084E+00   2.5802E-01   1.0985E+00   5.6522E+01
    15   1.6805E+03   3.4279E-04   6.5448E+08   9.9966E-01   1.0167E+00   2.5890E-01   1.1019E+00   5.4143E+01
    16   1.2995E+03   4.6577E-04   1.1855E+09   9.9989E-01   1.0301E+00   2.6015E-01   1.1070E+00   5.0403E+01
    17   1.0169E+03   6.3219E-04   2.1499E+09   1.0001E+00   1.0516E+00   2.6195E-01   1.1144E+00   4.5976E+01
    18   8.0802E+02   8.5565E-04   3.8528E+09   1.0002E+00   1.0850E+00   2.6454E-01   1.1252E+00   4.1443E+01
    19   6.5118E+02   1.1615E-03   6.9773E+09   1.0004E+00   1.1336E+00   2.6819E-01   1.1406E+00   3.6845E+01
    20   5.3512E+02   1.5771E-03   1.2592E+10   1.0005E+00   1.1947E+00   2.7284E-01   1.1602E+00   3.1720E+01
    21   4.4881E+02   2.1453E-03   2.2619E+10   1.0005E+00   1.2870E+00   2.7937E-01   1.1880E+00   2.5985E+01
    22   3.8445E+02   2.9263E-03   4.0251E+10   1.0005E+00   1.4125E+00   2.8758E-01   1.2229E+00   2.0102E+01
    23   3.3633E+02   4.0012E-03   6.8337E+10   1.0005E+00   1.5479E+00   2.9550E-01   1.2567E+00   1.4454E+01
    24   3.0076E+02   5.4402E-03   9.7009E+10   1.0004E+00   1.6477E+00   2.9991E-01   1.2754E+00   9.6062E+00
    25   2.7515E+02   7.2346E-03   1.0559E+11   1.0005E+00   1.7002E+00   2.9914E-01   1.2721E+00   5.8767E+00
    26   2.5602E+02   9.4493E-03   1.0252E+11   1.0005E+00   1.7196E+00   2.9619E-01   1.2595E+00   3.6020E+00
    27   2.3871E+02   1.2696E-02   1.0498E+11   1.0006E+00   1.7221E+00   2.9366E-01   1.2487E+00   2.4094E+00
    28   2.2475E+02   1.6778E-02   1.1635E+11   1.0006E+00   1.7238E+00   2.9249E-01   1.2437E+00   1.9037E+00
    29   2.1333E+02   2.1735E-02   1.3540E+11   1.0006E+00   1.7326E+00   2.9237E-01   1.2431E+00   1.6484E+00
    30   2.0420E+02   2.7353E-02   1.6229E+11   1.0006E+00   1.7546E+00   2.9356E-01   1.2482E+00   1.3939E+00
    31   2.0204E+02   2.9200E-02   1.9181E+11   1.0006E+00   1.7425E+00   2.9555E-01   1.2567E+00   1.1306E+00
    32   2.0177E+02   2.9519E-02   2.3672E+11   1.0005E+00   1.7177E+00   2.9850E-01   1.2693E+00   1.0494E+00
    33   2.0166E+02   2.9718E-02   3.1329E+11   1.0004E+00   1.6973E+00   3.0314E-01   1.2892E+00   1.0984E+00
    34   2.0153E+02   3.0039E-02   4.1253E+11   1.0004E+00   1.6748E+00   3.0789E-01   1.3095E+00   1.2577E+00
    35   2.0139E+02   3.0568E-02   5.5577E+11   1.0002E+00   1.6530E+00   3.1351E-01   1.3336E+00   1.4413E+00
    36   2.0124E+02   3.1375E-02   7.5901E+11   1.0001E+00   1.6324E+00   3.2007E-01   1.3617E+00   1.6043E+00
    37   2.0108E+02   3.2569E-02   1.0460E+12   9.9990E-01   1.6139E+00   3.2778E-01   1.3947E+00   1.7507E+00
    38   2.0093E+02   3.4301E-02   1.4510E+12   9.9964E-01   1.5990E+00   3.3710E-01   1.4347E+00   1.8723E+00
    39   2.0079E+02   3.6582E-02   2.0141E+12   9.9930E-01   1.5882E+00   3.4873E-01   1.4847E+00   1.9735E+00
    40   2.0064E+02   4.0027E-02   2.8332E+12   9.9886E-01   1.5816E+00   3.6405E-01   1.5506E+00   2.0737E+00
    41   2.0047E+02   4.5998E-02   3.9695E+12   9.9841E-01   1.5840E+00   3.8307E-01   1.6324E+00   2.1655E+00
    42   2.0029E+02   5.5714E-02   5.5794E+12   9.9810E-01   1.5995E+00   4.0741E-01   1.7367E+00   2.2617E+00
    43   2.0008E+02   7.1777E-02   7.8577E+12   9.9806E-01   1.6300E+00   4.3725E-01   1.8639E+00   2.3728E+00
    44   1.9987E+02   9.6807E-02   1.0883E+13   9.9830E-01   1.6736E+00   4.6997E-01   2.0029E+00   2.5018E+00
    45   1.9968E+02   1.2979E-01   1.4262E+13   9.9868E-01   1.7231E+00   4.9911E-01   2.1263E+00   2.6252E+00
    46   1.9949E+02   1.7382E-01   1.8146E+13   9.9911E-01   1.7789E+00   5.2526E-01   2.2367E+00   2.7364E+00
    47   1.9930E+02   2.3271E-01   2.2665E+13   9.9952E-01   1.8417E+00   5.4816E-01   2.3333E+00   2.8273E+00
    48   1.9910E+02   3.1163E-01   2.7994E+13   9.9987E-01   1.9119E+00   5.6758E-01   2.4151E+00   2.8908E+00
    49   1.9889E+02   4.1746E-01   3.4406E+13   1.0002E+00   1.9905E+00   5.8405E-01   2.4845E+00   2.9326E+00
    50   1.9867E+02   5.5951E-01   4.2201E+13   1.0004E+00   2.0792E+00   5.9867E-01   2.5461E+00   2.9630E+00
    51   1.9843E+02   7.5026E-01   5.1677E+13   1.0005E+00   2.1796E+00   6.1346E-01   2.6086E+00   2.9936E+00
    52   1.9818E+02   1.0066E+00   6.3098E+13   1.0007E+00   2.2933E+00   6.3145E-01   2.6848E+00   3.0362E+00
    53   1.9791E+02   1.3513E+00   7.6602E+13   1.0008E+00   2.4209E+00   6.5612E-01   2.7892E+00   3.1046E+00
    54   1.9762E+02   1.8151E+00   9.2020E+13   1.0012E+00   2.5624E+00   6.9065E-01   2.9348E+00   3.2122E+00
    55   1.9731E+02   2.4393E+00   1.0873E+14   1.0027E+00   2.7182E+00   7.3741E-01   3.1290E+00   3.3684E+00
    56   1.9698E+02   3.2793E+00   1.2552E+14   1.0077E+00   2.8883E+00   7.9737E-01   3.3667E+00   3.5643E+00
    57   1.9662E+02   4.4090E+00   1.4052E+14   1.0237E+00   3.0735E+00   8.6806E-01   3.6077E+00   3.7561E+00
    58   1.9622E+02   5.9279E+00   1.5165E+14   1.0644E+00   3.2751E+00   9.4170E-01   3.7640E+00   3.8529E+00
    59   1.9574E+02   7.9764E+00   1.5928E+14   1.1300E+00   3.4961E+00   9.9794E-01   3.7575E+00   3.7925E+00
    60   1.9514E+02   1.0741E+01   1.6946E+14   1.1861E+00   3.7384E+00   9.9504E-01   3.5693E+00   3.5596E+00
    61   1.9439E+02   1.4466E+01   1.9187E+14   1.2140E+00   4.0038E+00   9.4904E-01   3.3260E+00   3.3109E+00
    62   1.9348E+02   1.9483E+01   2.3372E+14   1.2249E+00   4.2964E+00   9.0258E-01   3.1349E+00   3.1278E+00
    63   1.9246E+02   2.6254E+01   3.0171E+14   1.2292E+00   4.6184E+00   8.5787E-01   2.9694E+00   2.9665E+00
    64   1.9136E+02   3.5377E+01   4.0617E+14   1.2309E+00   4.9713E+00   8.1541E-01   2.8183E+00   2.8166E+00
    65   1.9022E+02   4.7657E+01   5.5898E+14   1.2318E+00   5.3559E+00   7.8214E-01   2.7015E+00   2.6988E+00
    66   1.8905E+02   6.4542E+01   7.7705E+14   1.2322E+00   5.7825E+00   7.5600E-01   2.6102E+00   2.6085E+00
    67   1.8814E+02   8.1371E+01   9.9670E+14   1.2325E+00   6.1344E+00   7.3848E-01   2.5493E+00   2.5494E+00
    68   1.8766E+02   9.2078E+01   1.1366E+15   1.2325E+00   6.3319E+00   7.2925E-01   2.5173E+00   2.5156E+00
    69   1.8742E+02   9.7948E+01   1.2134E+15   1.2326E+00   6.4332E+00   7.2460E-01   2.5012E+00   2.5052E+00
    70   1.8733E+02   9.9984E+01   1.2402E+15   1.2326E+00   6.4674E+00   7.2292E-01   2.4953E+00   2.4954E+00

 
 Old model mass absorption coeficients
 Index         Kross         Kflux          Kes
     1   2.50923E-01   1.37289E+01   2.32495E-01
     2   2.50954E-01   1.37366E+01   2.32502E-01
     3   2.51032E-01   1.37608E+01   2.32528E-01
     4   2.51190E-01   1.38023E+01   2.32572E-01
     5   2.51510E-01   1.38701E+01   2.32688E-01
     6   2.52122E-01   1.40001E+01   2.32940E-01
     7   2.53155E-01   1.42383E+01   2.33370E-01
     8   2.54023E-01   1.44153E+01   2.33744E-01
     9   2.54777E-01   1.45376E+01   2.34054E-01
    10   2.55451E-01   1.45738E+01   2.34306E-01
    11   2.56080E-01   1.44602E+01   2.34507E-01
    12   2.56688E-01   1.41477E+01   2.34665E-01
    13   2.57310E-01   1.37281E+01   2.34787E-01
    14   2.58016E-01   1.32761E+01   2.34885E-01
    15   2.58904E-01   1.27215E+01   2.34960E-01
    16   2.60150E-01   1.18454E+01   2.35014E-01
    17   2.61951E-01   1.08069E+01   2.35054E-01
    18   2.64539E-01   9.74307E+00   2.35097E-01
    19   2.68194E-01   8.66346E+00   2.35133E-01
    20   2.72836E-01   7.45905E+00   2.35156E-01
    21   2.79371E-01   6.11078E+00   2.35166E-01
    22   2.87579E-01   4.72727E+00   2.35161E-01
    23   2.95501E-01   3.39884E+00   2.35148E-01
    24   2.99910E-01   2.25883E+00   2.35142E-01
    25   2.99144E-01   1.38191E+00   2.35150E-01
    26   2.96188E-01   8.47041E-01   2.35161E-01
    27   2.93665E-01   5.66618E-01   2.35171E-01
    28   2.92494E-01   4.47713E-01   2.35178E-01
    29   2.92365E-01   3.87674E-01   2.35181E-01
    30   2.93564E-01   3.27819E-01   2.35182E-01
    31   2.95553E-01   2.65891E-01   2.35174E-01
    32   2.98498E-01   2.46786E-01   2.35163E-01
    33   3.03143E-01   2.58277E-01   2.35145E-01
    34   3.07885E-01   2.95711E-01   2.35124E-01
    35   3.13513E-01   3.38841E-01   2.35097E-01
    36   3.20074E-01   3.77114E-01   2.35062E-01
    37   3.27785E-01   4.11437E-01   2.35017E-01
    38   3.37103E-01   4.39901E-01   2.34956E-01
    39   3.48730E-01   4.63531E-01   2.34877E-01
    40   3.64046E-01   4.86840E-01   2.34773E-01
    41   3.83073E-01   5.08179E-01   2.34668E-01
    42   4.07412E-01   5.30585E-01   2.34595E-01
    43   4.37248E-01   5.56631E-01   2.34585E-01
    44   4.69968E-01   5.87025E-01   2.34641E-01
    45   4.99106E-01   6.16214E-01   2.34732E-01
    46   5.25260E-01   6.42602E-01   2.34832E-01
    47   5.48160E-01   6.64202E-01   2.34927E-01
    48   5.67577E-01   6.79357E-01   2.35010E-01
    49   5.84055E-01   6.89385E-01   2.35076E-01
    50   5.98670E-01   6.96677E-01   2.35128E-01
    51   6.13455E-01   7.03989E-01   2.35167E-01
    52   6.31445E-01   7.14100E-01   2.35197E-01
    53   6.56117E-01   7.30309E-01   2.35235E-01
    54   6.90651E-01   7.55936E-01   2.35332E-01
    55   7.37410E-01   7.93815E-01   2.35667E-01
    56   7.97374E-01   8.44177E-01   2.36841E-01
    57   8.68057E-01   9.03769E-01   2.40611E-01
    58   9.41697E-01   9.63942E-01   2.50185E-01
    59   9.97943E-01   1.00725E+00   2.65590E-01
    60   9.95045E-01   9.92331E-01   2.78779E-01
    61   9.49040E-01   9.44730E-01   2.85341E-01
    62   9.02582E-01   9.00529E-01   2.87913E-01
    63   8.57870E-01   8.57050E-01   2.88905E-01
    64   8.15408E-01   8.14915E-01   2.89323E-01
    65   7.82144E-01   7.81357E-01   2.89523E-01
    66   7.56001E-01   7.55489E-01   2.89629E-01
    67   7.38477E-01   7.38513E-01   2.89677E-01
    68   7.29246E-01   7.28765E-01   2.89697E-01
    69   7.24598E-01   7.25766E-01   2.89706E-01
    70   7.22924E-01   7.22931E-01   2.89709E-01
