 Output format date:         27-JAN-1992         
 Completion of Model:        14-Jul-2020 02:21:17
 ND:                            70
 HYD/He abundance:            1.00000E+00
    1.1282166E+06   1.1499278E+06   1.1946446E+06   1.2892188E+06   1.5012780E+06   2.0368295E+06   3.6796452E+06   6.6405137E+06
    1.1955691E+07   2.1519649E+07   3.8734234E+07   6.9656069E+07   1.2511483E+08   2.2438816E+08   4.0068061E+08   7.1620972E+08
    1.2875942E+09   2.3179622E+09   4.1198393E+09   7.3865649E+09   1.3201511E+10   2.3472354E+10   4.0856854E+10   6.4131184E+10
    7.8258061E+10   7.8209140E+10   7.6050781E+10   7.8964746E+10   9.0680189E+10   1.0993735E+11   1.3508349E+11   1.5584638E+11
    2.0988399E+11   2.7890355E+11   3.6772678E+11   4.9727385E+11   6.7986018E+11   9.3578146E+11   1.2975753E+12   1.8052937E+12
    2.5168558E+12   3.5164305E+12   4.9215142E+12   6.9087274E+12   9.4504024E+12   1.2378122E+13   1.5769614E+13   1.9772269E+13
    2.4565263E+13   3.0372388E+13   3.7429199E+13   4.5946136E+13   5.6029650E+13   6.7598790E+13   8.0265488E+13   9.3230962E+13
    1.0521669E+14   1.1461867E+14   1.2097611E+14   1.2777348E+14   1.4169900E+14   1.6864062E+14   2.1319214E+14   2.8211791E+14
    3.8427838E+14   5.2861449E+14   7.2777340E+14   8.5386094E+14   9.2444065E+14   9.4915751E+14
 Number of HI levels:           30
 HI Oscillator date:         12-OCT-1995
    8.4926756E-01   1.1356371E-07   1.4612972E-07   1.0998970E-07   1.8580751E-07   2.0381895E-07   1.5115776E-07   1.4356649E-07
    2.4482196E-07   1.6522080E-07   1.0116828E-07   6.6435747E-08   6.6784892E-08   7.9625848E-08   9.4044771E-08   1.8111949E-07
    2.0939004E-07   2.3103429E-07   2.5333761E-07   2.7736289E-07   2.9971305E-07   3.2357260E-07   3.4855355E-07   3.7575511E-07
    4.0460486E-07   4.3550323E-07   4.6796948E-07   5.0210521E-07   5.3767752E-07   5.7455225E-07   8.6537635E-01   1.1796124E-07
    1.5177086E-07   1.1421443E-07   1.9298889E-07   2.1167798E-07   1.5693852E-07   1.4909328E-07   2.5424579E-07   1.7159959E-07
    1.0507665E-07   6.9022957E-08   6.9394850E-08   8.2735233E-08   9.7853433E-08   1.8790370E-07   2.1730997E-07   2.3983276E-07
    2.6301384E-07   2.8796222E-07   3.1121941E-07   3.3604265E-07   3.6203897E-07   3.9032944E-07   4.2032946E-07   4.5244613E-07
    4.8618826E-07   5.2165850E-07   5.5861873E-07   5.9693167E-07   8.9853148E-01   1.2727254E-07   1.6372307E-07   1.2316188E-07
    2.0820501E-07   2.2832745E-07   1.6917746E-07   1.6080049E-07   2.7420752E-07   1.8511702E-07   1.1336306E-07   7.4505767E-08
    7.4932882E-08   8.9332843E-08   1.0595005E-07   2.0225054E-07   2.3406632E-07   2.5845611E-07   2.8350046E-07   3.1040682E-07
    3.3559145E-07   3.6246182E-07   3.9061489E-07   4.2121674E-07   4.5365761E-07   4.8835831E-07   5.2480602E-07   5.6310560E-07
    6.0300812E-07   6.4436987E-07   9.6857635E-01   1.4811942E-07   1.9048496E-07   1.4317851E-07   2.4227493E-07   2.6559595E-07
    1.9653951E-07   1.8699998E-07   3.1887726E-07   2.1538539E-07   1.3192292E-07   8.6798449E-08   8.7368277E-08   1.0414797E-07
    1.2419697E-07   2.3424865E-07   2.7147254E-07   3.0006736E-07   3.2929986E-07   3.6060087E-07   3.9012673E-07   4.2160489E-07
    4.5461144E-07   4.9040754E-07   5.2833009E-07   5.6882871E-07   6.1134467E-07   6.5598738E-07   7.0248499E-07   7.5068008E-07
    1.1254328E+00   2.0064463E-07   2.5783400E-07   1.9346506E-07   3.2801861E-07   3.5933981E-07   2.6517840E-07   2.5286767E-07
    4.3116383E-07   2.9156584E-07   1.7867211E-07   1.1783897E-07   1.1882171E-07   1.4164713E-07   1.7072455E-07   3.1414805E-07
    3.6503786E-07   4.0434252E-07   4.4420456E-07   4.8662795E-07   5.2721053E-07   5.7040783E-07   6.1575150E-07   6.6471567E-07
    7.1651702E-07   7.7166918E-07   8.2951004E-07   8.9015885E-07   9.5329185E-07   1.0187206E-06   1.5216307E+00   3.6925852E-07
    4.7334778E-07   3.5378116E-07   6.0249672E-07   6.5912425E-07   4.8322076E-07   4.6325548E-07   7.8963916E-07   5.3546973E-07
    3.2865512E-07   2.1808825E-07   2.2076022E-07   2.6341374E-07   3.2384191E-07   5.6593360E-07   6.6074523E-07   7.3514595E-07
    8.0968711E-07   8.8822056E-07   9.6506673E-07   1.0465774E-06   1.1321858E-06   1.2239085E-06   1.3206595E-06   1.4231151E-06
    1.5303513E-06   1.6425120E-06   1.7591411E-06   1.8799708E-06   2.7425170E+00   1.2107871E-06   1.5421068E-06   1.1416487E-06
    1.9660419E-06   2.1454961E-06   1.5441268E-06   1.5026070E-06   2.5568445E-06   1.7458379E-06   1.0764373E-06   7.2552500E-07
    7.4193607E-07   8.9004960E-07   1.1243708E-06   1.7772541E-06   2.0876086E-06   2.3423864E-06   2.5950257E-06   2.8577148E-06
    3.1217346E-06   3.3996383E-06   3.6907601E-06   3.9989069E-06   4.3221530E-06   4.6617303E-06   5.0159478E-06   5.3850516E-06
    5.7681947E-06   6.1648762E-06   4.9553610E+00   3.9468034E-06   5.0240871E-06   3.6751920E-06   6.4304224E-06   6.9930334E-06
    4.9107785E-06   4.8734262E-06   8.2693250E-06   5.6999826E-06   3.5443237E-06   2.4533869E-06   2.5391557E-06   3.0641954E-06
    3.8954117E-06   5.6214429E-06   6.6096745E-06   7.4662031E-06   8.3166854E-06   9.1947260E-06   1.0088516E-05   1.1023137E-05
    1.1998575E-05   1.3022448E-05   1.4091784E-05   1.5209164E-05   1.6371759E-05   1.7580161E-05   1.8832929E-05   2.0129228E-05
    8.9519079E+00   1.2880366E-05   1.6329429E-05   1.1774662E-05   2.0956502E-05   2.2768841E-05   1.5471302E-05   1.5739755E-05
    2.6573563E-05   1.8574307E-05   1.1732844E-05   8.4348059E-06   8.8593166E-06   1.0685104E-05   1.3415231E-05   1.7958231E-05
    2.1027467E-05   2.3827969E-05   2.6631491E-05   2.9521430E-05   3.2484002E-05   3.5569685E-05   3.8781858E-05   4.2136727E-05
    4.5630823E-05   4.9270173E-05   5.3050680E-05   5.6974094E-05   6.1038290E-05   6.5242113E-05   1.6201575E+01   4.2218997E-05
    5.3106847E-05   3.7675514E-05   6.8244266E-05   7.4452284E-05   4.8265152E-05   5.0849369E-05   8.5007861E-05   6.0621409E-05
    3.9298414E-05   2.9736976E-05   3.1661779E-05   3.7776176E-05   4.6294190E-05   5.8428623E-05   6.7845981E-05   7.6832778E-05
    8.5935799E-05   9.5346125E-05   1.0504847E-04   1.1514358E-04   1.2564455E-04   1.3658643E-04   1.4796772E-04   1.5980299E-04
    1.7208757E-04   1.8482657E-04   1.9801751E-04   2.1165938E-04   2.9396806E+01   1.3893944E-04   1.7265561E-04   1.2034042E-04
    2.2191142E-04   2.4539213E-04   1.4861990E-04   1.6440922E-04   2.6991468E-04   1.9800632E-04   1.3355615E-04   1.0747343E-04
    1.1527108E-04   1.3491558E-04   1.6076794E-04   1.9407527E-04   2.2297160E-04   2.5160126E-04   2.8098518E-04   3.1153518E-04
    3.4321844E-04   3.7622562E-04   4.1058857E-04   4.4637984E-04   4.8360496E-04   5.2229735E-04   5.6245409E-04   6.0408844E-04
    6.4719881E-04   6.9178543E-04   5.3375122E+01   4.5737021E-04   5.5776022E-04   3.8256559E-04   7.1596945E-04   8.1573945E-04
    4.4954368E-04   5.2957080E-04   8.4338568E-04   6.4314190E-04   4.5887311E-04   3.9300000E-04   4.2157465E-04   4.8268291E-04
    5.6039665E-04   6.5484152E-04   7.4414752E-04   8.3536782E-04   9.3021327E-04   1.0295135E-03   1.1331167E-03   1.2413358E-03
    1.3542143E-03   1.4718831E-03   1.5943553E-03   1.7216976E-03   1.8539097E-03   1.9910197E-03   2.1330271E-03   2.2799337E-03
    9.6750766E+01   1.4991261E-03   1.7772264E-03   1.2086608E-03   2.2728946E-03   2.7309224E-03   1.3318767E-03   1.6900994E-03
    2.5680048E-03   2.0568557E-03   1.5727531E-03   1.4233094E-03   1.5217798E-03   1.7091866E-03   1.9438327E-03   2.2206084E-03
    2.4994493E-03   2.7910621E-03   3.0977213E-03   3.4209665E-03   3.7600948E-03   4.1154374E-03   4.4869293E-03   4.8747294E-03
    5.2788115E-03   5.6992669E-03   6.1360753E-03   6.5892732E-03   7.0588464E-03   7.5447852E-03   1.7444008E+02   4.8601648E-03
    5.5189398E-03   3.7839666E-03   6.9707981E-03   9.1376256E-03   3.8872755E-03   5.3032183E-03   7.5370381E-03   6.3849864E-03
    5.2572856E-03   4.9800857E-03   5.3155977E-03   5.8944003E-03   6.6128186E-03   7.4476878E-03   8.3254595E-03   9.2584897E-03
    1.0247873E-02   1.1296182E-02   1.2400709E-02   1.3561124E-02   1.4776685E-02   1.6047291E-02   1.7372627E-02   1.8752668E-02
    2.0187237E-02   2.1676292E-02   2.3219714E-02   2.4817401E-02   3.1047852E+02   1.5663839E-02   1.6537083E-02   1.1723662E-02
    2.0089920E-02   2.9897704E-02   1.1386113E-02   1.6212280E-02   2.1161622E-02   1.8931125E-02   1.6722636E-02   1.6462620E-02
    1.7629651E-02   1.9449940E-02   2.1677780E-02   2.4237825E-02   2.6994545E-02   2.9951062E-02   3.3100262E-02   3.6446056E-02
    3.9979751E-02   4.3698068E-02   4.7597796E-02   5.1677456E-02   5.5935588E-02   6.0371474E-02   6.4984274E-02   6.9773485E-02
    7.4738512E-02   7.9878803E-02   5.4823242E+02   5.1057634E-02   4.8247944E-02   3.6675432E-02   5.3822493E-02   9.4466036E-02
    3.4750844E-02   4.9131680E-02   5.8098453E-02   5.4323336E-02   5.1061097E-02   5.2000981E-02   5.6141811E-02   6.2007242E-02
    6.9031474E-02   7.7004324E-02   8.5674996E-02   9.5001880E-02   1.0494793E-01   1.1551856E-01   1.2669030E-01   1.3845097E-01
    1.5079025E-01   1.6370206E-01   1.7718127E-01   1.9122464E-01   2.0582906E-01   2.2099217E-01   2.3671150E-01   2.5298461E-01
    9.6563003E+02   1.6609296E-01   1.3579859E-01   1.1681895E-01   1.3434071E-01   2.7963570E-01   1.1216434E-01   1.5035572E-01
    1.6168138E-01   1.5506467E-01   1.5324908E-01   1.6060972E-01   1.7515584E-01   1.9427279E-01   2.1665569E-01   2.4175924E-01
    2.6911384E-01   2.9853164E-01   3.2988283E-01   3.6317056E-01   3.9833760E-01   4.3534902E-01   4.7417599E-01   5.1479917E-01
    5.5720248E-01   6.0137416E-01   6.4730317E-01   6.9497988E-01   7.4439402E-01   7.9553455E-01   1.6778149E+03   5.1138371E-01
    3.5439208E-01   3.6823343E-01   3.2709205E-01   7.4516972E-01   3.7150022E-01   4.5529914E-01   4.5896128E-01   4.4418595E-01
    4.5501599E-01   4.8739272E-01   5.3656214E-01   5.9794358E-01   6.6851618E-01   7.4691020E-01   8.3218806E-01   9.2381038E-01
    1.0213665E+00   1.1248281E+00   1.2340501E+00   1.3489403E+00   1.4694230E+00   1.5954409E+00   1.7269444E+00   1.8638916E+00
    2.0062410E+00   2.1539513E+00   2.3069759E+00   2.4652613E+00   2.7979923E+03   1.4785661E+00   8.4065515E-01   1.0921176E+00
    8.1962548E-01   1.8570282E+00   1.1123703E+00   1.2587046E+00   1.2384830E+00   1.2294248E+00   1.2940820E+00   1.4111996E+00
    1.5682311E+00   1.7567283E+00   1.9700805E+00   2.2050990E+00   2.4598171E+00   2.7329992E+00   3.0235739E+00   3.3313928E+00
    3.6560781E+00   3.9973853E+00   4.3551170E+00   4.7291079E+00   5.1192018E+00   5.5252463E+00   5.9470765E+00   6.3845076E+00
    6.8373198E+00   7.3052470E+00   4.8105363E+03   4.6353076E+00   2.1959248E+00   2.9093999E+00   2.2319842E+00   4.6270174E+00
    3.0169303E+00   3.1755475E+00   3.1833116E+00   3.3457101E+00   3.6378734E+00   4.0506964E+00   4.5565184E+00   5.1407349E+00
    5.7904736E+00   6.4992762E+00   7.2633148E+00   8.0800760E+00   8.9473058E+00   9.8645749E+00   1.0830986E+01   1.1845908E+01
    1.2908796E+01   1.4019133E+01   1.5176365E+01   1.6379872E+01   1.7628911E+01   1.8922578E+01   2.0259740E+01   2.1638971E+01
    8.5080937E+03   1.5901449E+01   6.5045261E+00   6.1545582E+00   6.0075221E+00   1.0144215E+01   7.3440387E+00   7.6253921E+00
    8.0231042E+00   8.8886605E+00   9.9834084E+00   1.1327431E+01   1.2885942E+01   1.4635806E+01   1.6554835E+01   1.8631602E+01
    2.0859571E+01   2.3233971E+01   2.5750619E+01   2.8408432E+01   3.1205366E+01   3.4139705E+01   3.7209715E+01   4.0413467E+01
    4.3748647E+01   4.7212383E+01   5.0801021E+01   5.4509877E+01   5.8332893E+01   6.2262220E+01   1.5128596E+04   5.0367556E+01
    1.5557084E+01   1.2309713E+01   1.4887188E+01   2.0000588E+01   1.7105608E+01   1.8556380E+01   2.0439239E+01   2.3291819E+01
    2.6712639E+01   3.0696432E+01   3.5187518E+01   4.0151330E+01   4.5550727E+01   5.1365866E+01   5.7585534E+01   6.4200856E+01
    7.1203415E+01   7.8590023E+01   8.6355192E+01   9.4493218E+01   1.0299737E+02   1.1185927E+02   1.2106810E+02   1.3060974E+02
    1.4046558E+02   1.5061101E+02   1.6101337E+02   1.7162936E+02   2.6685859E+04   1.2599656E+02   3.1977001E+01   2.6333305E+01
    3.6391722E+01   4.0915467E+01   4.0447765E+01   4.4795549E+01   5.0871008E+01   5.8974657E+01   6.8391424E+01   7.9188641E+01
    9.1197371E+01   1.0436513E+02   1.1862754E+02   1.3394810E+02   1.5030543E+02   1.6768124E+02   1.8605610E+02   2.0541837E+02
    2.2574993E+02   2.4702879E+02   2.6922651E+02   2.9230546E+02   3.1621514E+02   3.4088747E+02   3.6623028E+02   3.9211862E+02
    4.1838289E+02   4.4479291E+02   4.0794215E+04   2.3387735E+02   6.4491314E+01   5.5654268E+01   7.2100408E+01   8.0529170E+01
    8.4272833E+01   9.3201476E+01   1.0804751E+02   1.2641154E+02   1.4764641E+02   1.7166727E+02   1.9824289E+02   2.2726174E+02
    2.5862192E+02   2.9225936E+02   3.2813342E+02   3.6620610E+02   4.0643316E+02   4.4877752E+02   4.9318392E+02   5.3958016E+02
    5.8786858E+02   6.3791568E+02   6.8953789E+02   7.4248198E+02   7.9639796E+02   8.5080190E+02   9.0502579E+02   9.5815217E+02
    4.4186044E+04   2.9050450E+02   9.6459341E+01   8.1536751E+01   9.0307398E+01   1.0407500E+02   1.1267706E+02   1.2592071E+02
    1.4772424E+02   1.7384239E+02   2.0390485E+02   2.3763522E+02   2.7484394E+02   3.1537854E+02   3.5912932E+02   4.0601942E+02
    4.5599654E+02   5.0900865E+02   5.6499216E+02   6.2388536E+02   6.8559737E+02   7.5000634E+02   8.1694461E+02   8.8618000E+02
    9.5738975E+02   1.0301241E+03   1.1037559E+03   1.1774109E+03   1.2498766E+03   1.3194854E+03   3.8113265E+04   2.6536302E+02
    9.8488832E+01   8.0790492E+01   8.0774467E+01   9.4959387E+01   1.0553105E+02   1.1981420E+02   1.4156659E+02   1.6730318E+02
    1.9675731E+02   2.2965431E+02   2.6585944E+02   3.0524185E+02   3.4771610E+02   3.9321728E+02   4.4170006E+02   4.9311755E+02
    5.4741149E+02   6.0452252E+02   6.6436357E+02   7.2681744E+02   7.9172215E+02   8.5885309E+02   9.2789773E+02   9.9842037E+02
    1.0698132E+03   1.1412290E+03   1.2114922E+03   1.2789863E+03   3.4675507E+04   2.3344838E+02   9.2125200E+01   7.3819611E+01
    7.1399982E+01   8.3544571E+01   9.5156081E+01   1.1027839E+02   1.3128743E+02   1.5590136E+02   1.8386275E+02   2.1495782E+02
    2.4907826E+02   2.8613313E+02   3.2606098E+02   3.6881160E+02   4.1434924E+02   4.6263434E+02   5.1361694E+02   5.6724329E+02
    6.2343501E+02   6.8208623E+02   7.4305006E+02   8.0612272E+02   8.7102073E+02   9.3734917E+02   1.0045576E+03   1.0718795E+03
    1.1382515E+03   1.2022113E+03   3.7286565E+04   2.2737003E+02   9.5285133E+01   7.5438287E+01   7.3588531E+01   8.5241116E+01
    9.9306509E+01   1.1748392E+02   1.4093823E+02   1.6813698E+02   1.9882802E+02   2.3282344E+02   2.7001742E+02   3.1034703E+02
    3.5376212E+02   4.0021903E+02   4.4968519E+02   5.0212091E+02   5.5747459E+02   6.1568621E+02   6.7666887E+02   7.4030398E+02
    8.0642600E+02   8.7480440E+02   9.4511767E+02   1.0169169E+03   1.0895753E+03   1.1622186E+03   1.2336335E+03   1.3021511E+03
    4.8968205E+04   2.5416068E+02   1.1601976E+02   9.2973478E+01   9.3136296E+01   1.0787397E+02   1.2847091E+02   1.5475335E+02
    1.8694869E+02   2.2390756E+02   2.6537157E+02   3.1114367E+02   3.6110901E+02   4.1521398E+02   4.7340778E+02   5.3564269E+02
    6.0187870E+02   6.7206238E+02   7.4612138E+02   8.2396408E+02   9.0545832E+02   9.9042105E+02   1.0785945E+03   1.1696169E+03
    1.2629803E+03   1.3579708E+03   1.4535858E+03   1.5484215E+03   1.6405256E+03   1.7272187E+03   6.9832179E+04   3.0864876E+02
    1.5349179E+02   1.2717986E+02   1.3136060E+02   1.5398864E+02   1.8633067E+02   2.2698638E+02   2.7546465E+02   3.3074341E+02
    3.9252638E+02   4.6058269E+02   5.3478265E+02   6.1506206E+02   7.0135793E+02   7.9360587E+02   8.9174311E+02   9.9568180E+02
    1.1052991E+03   1.2204303E+03   1.3408375E+03   1.4661864E+03   1.5960022E+03   1.7296124E+03   1.8660637E+03   2.0040053E+03
    2.1415272E+03   2.2759438E+03   2.4035227E+03   2.5191797E+03   1.0050657E+05   3.8505411E+02   2.0432286E+02   1.7639416E+02
    1.8834535E+02   2.2470750E+02   2.7513861E+02   3.3753661E+02   4.1090220E+02   4.9419571E+02   5.8706386E+02   6.8922554E+02
    8.0052913E+02   9.2088584E+02   1.0502087E+03   1.1884015E+03   1.3353564E+03   1.4909194E+03   1.6548706E+03   1.8269043E+03
    2.0065778E+03   2.1932605E+03   2.3860490E+03   2.5836510E+03   2.7842173E+03   2.9851059E+03   3.1825600E+03   3.3712917E+03
    3.5439958E+03   3.6908830E+03   1.2989043E+05   4.5205166E+02   2.4518685E+02   2.1735773E+02   2.3817991E+02   2.8844505E+02
    3.5591670E+02   4.3846971E+02   5.3484734E+02   6.4399654E+02   7.6552535E+02   8.9911631E+02   1.0445962E+03   1.2018579E+03
    1.3707904E+03   1.5512641E+03   1.7431218E+03   1.9461363E+03   2.1599794E+03   2.3841868E+03   2.6180834E+03   2.8606996E+03
    3.1106376E+03   3.3658836E+03   3.6235380E+03   3.8794374E+03   4.1276478E+03   4.3598343E+03   4.5645807E+03   4.7268683E+03
    2.5104677E+05   8.1661456E+02   4.3724621E+02   3.8630348E+02   4.3083938E+02   5.2517288E+02   6.5373487E+02   8.0954980E+02
    9.8979988E+02   1.1931672E+03   1.4191119E+03   1.6671909E+03   1.9371312E+03   2.2287728E+03   2.5419002E+03   2.8762345E+03
    3.2314017E+03   3.6068451E+03   4.0017471E+03   4.4149188E+03   4.8446166E+03   5.2882960E+03   5.7422370E+03   6.2010065E+03
    6.6566922E+03   7.0978613E+03   7.5082539E+03   7.8653802E+03   8.1395097E+03   8.2940520E+03   4.5200486E+05   1.4385317E+03
    7.6841931E+02   6.7948494E+02   7.6337434E+02   9.3601040E+02   1.1692393E+03   1.4503377E+03   1.7745228E+03   2.1397678E+03
    2.5452076E+03   2.9901603E+03   3.4741671E+03   3.9969059E+03   4.5579229E+03   5.1565927E+03   5.7920305E+03   6.4629056E+03
    7.1672391E+03   7.9021060E+03   8.6631652E+03   9.4439886E+03   1.0235052E+04   1.1022286E+04   1.1785063E+04   1.2493628E+04
    1.3106310E+04   1.3567514E+04   1.3808653E+04   1.3755272E+04   7.9783301E+05   2.4848071E+03   1.3291395E+03   1.1784044E+03
    1.3355749E+03   1.6477965E+03   2.0636949E+03   2.5623956E+03   3.1362647E+03   3.7821784E+03   4.4987365E+03   5.2848591E+03
    6.1397477E+03   7.0627231E+03   8.0528053E+03   9.1085851E+03   1.0227994E+04   1.1407894E+04   1.2643559E+04   1.3927900E+04
    1.5250259E+04   1.6594629E+04   1.7937008E+04   1.9241668E+04   2.0456268E+04   2.1506380E+04   2.2291391E+04   2.2686100E+04
    2.2554760E+04   2.1783707E+04   1.4684541E+06   4.4746010E+03   2.4145784E+03   2.1518302E+03   2.4636524E+03   3.0567266E+03
    3.8350546E+03   4.7643808E+03   5.8321036E+03   7.0330503E+03   8.3647516E+03   9.8253091E+03   1.1413165E+04   1.3126719E+04
    1.4963630E+04   1.6920410E+04   1.8991797E+04   2.1169722E+04   2.3441856E+04   2.5789407E+04   2.8183681E+04   3.0580965E+04
    3.2915098E+04   3.5087544E+04   3.6956053E+04   3.8326091E+04   3.8954589E+04   3.8581142E+04   3.6999504E+04   3.4159567E+04
    2.7354043E+06   8.1407509E+03   4.4609574E+03   4.0185216E+03   4.6500907E+03   5.7945220E+03   7.2784686E+03   9.0445352E+03
    1.1071328E+04   1.3349905E+04   1.5875688E+04   1.8645062E+04   2.1654718E+04   2.4900699E+04   2.8377100E+04   3.2074896E+04
    3.5980157E+04   4.0071228E+04   4.4314496E+04   4.8657822E+04   5.3020363E+04   5.7277574E+04   6.1240629E+04   6.4632389E+04
    6.7068968E+04   6.8068526E+04   6.7121934E+04   6.3852650E+04   5.8234681E+04   5.0739666E+04   5.1057524E+06   1.4830505E+04
    8.2722000E+03   7.5949191E+03   8.8849439E+03   1.1110724E+04   1.3968558E+04   1.7360788E+04   2.1250287E+04   2.5621169E+04
    3.0464652E+04   3.5773416E+04   4.1539935E+04   4.7754144E+04   5.4400660E+04   6.1455413E+04   6.8880510E+04   7.6616086E+04
    8.4567553E+04   9.2585633E+04   1.0043590E+05   1.0775602E+05   1.1400421E+05   1.1841853E+05   1.2003578E+05   1.1785002E+05
    1.1117014E+05   1.0008648E+05   8.5727531E+04   6.9984278E+04   9.5099689E+06   2.7157832E+04   1.5398175E+04   1.4505834E+04
    1.7172185E+04   2.1547427E+04   2.7113642E+04   3.3704576E+04   4.1255334E+04   4.9737050E+04   5.9132352E+04   6.9425502E+04
    8.0598317E+04   9.2624450E+04   1.0546253E+05   1.1904639E+05   1.3326979E+05   1.4796172E+05   1.6284696E+05   1.7748464E+05
    1.9117875E+05   2.0286693E+05   2.1102800E+05   2.1371897E+05   2.0892792E+05   1.9537515E+05   1.7351698E+05   1.4596973E+05
    1.1669413E+05   8.9389021E+04   1.7365974E+07   4.9832713E+04   2.8600298E+04   2.7747172E+04   3.3258883E+04   4.1879629E+04
    5.2750402E+04   6.5591426E+04   8.0290044E+04   9.6793207E+04   1.1506562E+05   1.3507182E+05   1.5676607E+05   1.8007816E+05
    2.0489475E+05   2.3103069E+05   2.5818243E+05   2.8585164E+05   3.1322276E+05   3.3897903E+05   3.6106298E+05   3.7646333E+05
    3.8127126E+05   3.7143821E+05   3.4454483E+05   3.0196018E+05   2.4951339E+05   1.9534570E+05   1.4639683E+05   1.0632014E+05
    3.0631599E+07   9.1472789E+04   5.2997008E+04   5.2971687E+04   6.4228827E+04   8.1160697E+04   1.0234503E+05   1.2731211E+05
    1.5586655E+05   1.8790949E+05   2.2336704E+05   2.6215593E+05   3.0415802E+05   3.4918366E+05   3.9691866E+05   4.4683815E+05
    4.9806287E+05   5.4912194E+05   5.9758224E+05   6.3954186E+05   6.6913702E+05   6.7857664E+05   6.5968940E+05   6.0774444E+05
    5.2610210E+05   4.2728552E+05   3.2774974E+05   2.4038589E+05   1.7095262E+05   1.1934444E+05   5.1650862E+07   1.6761251E+05
    9.8035888E+04   1.0068071E+05   1.2331301E+05   1.5636277E+05   1.9744612E+05   2.4576660E+05   3.0098233E+05   3.6290493E+05
    4.3137404E+05   5.0618695E+05   5.8703278E+05   6.7339359E+05   7.6438910E+05   8.5851412E+05   9.5319320E+05   1.0440566E+06
    1.1238933E+06   1.1815264E+06   1.2016387E+06   1.1677383E+06   1.0701961E+06   9.1628883E+05   7.3210094E+05   5.5047377E+05
    3.9524444E+05   2.7527852E+05   1.8846287E+05   1.2807235E+05   8.2804752E+07   3.0527599E+05   1.8037218E+05   1.8976855E+05
    2.3458718E+05   2.9853894E+05   3.7760758E+05   4.7043295E+05   5.7640993E+05   6.9516930E+05   8.2634991E+05   9.6944420E+05
    1.1236239E+06   1.2874630E+06   1.4584743E+06   1.6323037E+06   1.8013667E+06   1.9527576E+06   2.0657550E+06   2.1108410E+06
    2.0549111E+06   1.8775979E+06   1.5929555E+06   1.2537012E+06   9.2473301E+05   6.5019555E+05   4.4351713E+05   2.9773830E+05
    1.9870447E+05   1.3269795E+05   1.2605478E+08   5.4972449E+05   3.2944827E+05   3.5469102E+05   4.4252031E+05   5.6541773E+05
    7.1663532E+05   8.9384836E+05   1.0959729E+06   1.3222604E+06   1.5718654E+06   1.8434851E+06   2.1348828E+06   2.4420871E+06
    2.7579858E+06   3.0698545E+06   3.3553322E+06   3.5770973E+06   3.6795064E+06   3.5967132E+06   3.2845209E+06   2.7670000E+06
    2.1480055E+06   1.5551512E+06   1.0708432E+06   7.1522917E+05   4.7061019E+05   3.0829055E+05   2.0239502E+05   1.3367616E+05
    1.7553370E+08   9.2414502E+05   5.6614188E+05   6.2297871E+05   7.8426514E+05   1.0062850E+06   1.2783124E+06   1.5965758E+06
    1.9592094E+06   2.3647387E+06   2.8112655E+06   3.2956475E+06   3.8122724E+06   4.3508940E+06   4.8927233E+06   5.4036620E+06
    5.8242730E+06   6.0605463E+06   5.9913823E+06   5.5200584E+06   4.6665365E+06   3.6085552E+06   2.5844261E+06   1.7521619E+06
    1.1497297E+06   7.4288940E+05   4.7814464E+05   3.0870032E+05   2.0071669E+05   1.3170961E+05   2.2076259E+08   1.4098006E+06
    8.8937915E+05   9.9872040E+05   1.2680081E+06   1.6337040E+06   2.0801361E+06   2.6016647E+06   3.1952981E+06   3.8583392E+06
    4.5869293E+06   5.3743350E+06   6.2081551E+06   7.0652072E+06   7.9022135E+06   8.6403831E+06   9.1463091E+06   9.2280192E+06
    8.6928389E+06   7.4971958E+06   5.8723944E+06   4.2186791E+06   2.8438351E+06   1.8445760E+06   1.1745342E+06   7.4411278E+05
    4.7284575E+05   3.0273856E+05   1.9575176E+05   1.2797048E+05   2.5792449E+08   2.0126402E+06   1.3166122E+06   1.5079598E+06
    1.9305540E+06   2.4976550E+06   3.1876746E+06   3.9926223E+06   4.9078994E+06   5.9287941E+06   7.0479606E+06   8.2520436E+06
    9.5157961E+06   1.0791047E+07   1.1986811E+07   1.2939010E+07   1.3384516E+07   1.2997909E+07   1.1578509E+07   9.3198743E+06
    6.8041352E+06   4.6038949E+06   2.9688285E+06   1.8685676E+06   1.1668097E+06   7.3004176E+05   4.6019063E+05   2.9309227E+05
    1.8885112E+05   1.2316420E+05   2.8640161E+08   2.7530604E+06   1.8793558E+06   2.1952117E+06   2.8338046E+06   3.6816287E+06
    4.7100675E+06   5.9081470E+06   7.2689209E+06   8.7843425E+06   1.0440943E+07   1.2213386E+07   1.4052637E+07   1.5863498E+07
    1.7465361E+07   1.8540704E+07   1.8623531E+07   1.7265127E+07   1.4448811E+07   1.0856206E+07   7.4479756E+06   4.8053158E+06
    2.9992944E+06   1.8484054E+06   1.1389605E+06   7.0663663E+05   4.4302981E+05   2.8116014E+05   1.8072963E+05   1.1767346E+05
    3.0669880E+08   3.6605176E+06   2.6213945E+06   3.1227689E+06   4.0648283E+06   5.3034387E+06   6.8016256E+06   8.5445565E+06
    1.0521763E+07   1.2719629E+07   1.5113972E+07   1.7657914E+07   2.0258766E+07   2.2734076E+07   2.4739452E+07   2.5697161E+07
    2.4870418E+07   2.1823574E+07   1.7082152E+07   1.2020258E+07   7.8212806E+06   4.8620045E+06   2.9624804E+06   1.7984088E+06
    1.0977900E+06   6.7706303E+05   4.2286542E+05   2.6768393E+05   1.7177164E+05   1.1170753E+05   3.1970394E+08   4.7759948E+06
    3.6022402E+06   4.3763208E+06   5.7443233E+06   7.5271521E+06   9.6778218E+06   1.2176387E+07   1.5006951E+07   1.8146503E+07
    2.1552065E+07   2.5138039E+07   2.8731777E+07   3.1990466E+07   3.4278685E+07   3.4609923E+07   3.1984433E+07   2.6357607E+07
    1.9268333E+07   1.2773959E+07   7.9565241E+06   4.8062927E+06   2.8767064E+06   1.7272819E+06   1.0472215E+06   6.4309737E+05
    4.0052898E+05   2.5307147E+05   1.6218769E+05   1.0538070E+05   3.2556754E+08   6.1400810E+06   4.8898288E+06   6.0578043E+06
    8.0186015E+06   1.0553638E+07   1.3603959E+07   1.7142727E+07   2.1145542E+07   2.5573514E+07   3.0350820E+07   3.5322576E+07
    4.0170869E+07   4.4263544E+07   4.6470850E+07   4.5241691E+07   3.9549490E+07   3.0439766E+07   2.0831205E+07   1.3115341E+07
    7.8892322E+06   4.6629903E+06   2.7542715E+06   1.6405037E+06   9.8965180E+05   6.0581308E+05   3.7652262E+05   2.3757018E+05
    1.5210639E+05   9.8763296E+04   3.2415805E+08   7.7812011E+06   6.5497801E+06   8.2724231E+06   1.1042945E+07   1.4599134E+07
    1.8867912E+07   2.3813079E+07   2.9396876E+07   3.5553864E+07   4.2151596E+07   4.8913086E+07   5.5261810E+07   6.0061471E+07
    6.1402976E+07   5.7128933E+07   4.6861866E+07   3.3636106E+07   2.1679842E+07   1.3080983E+07   7.6591505E+06   4.4539288E+06
    2.6052877E+06   1.5426112E+06   9.2717193E+05   5.6622522E+05   3.5136909E+05   2.2146491E+05   1.4169084E+05   9.1952692E+04
    3.1520540E+08   9.6902244E+06   8.6185400E+06   1.1093027E+07   1.4933217E+07   1.9830748E+07   2.5696383E+07   3.2481278E+07
    4.0127066E+07   4.8525132E+07   5.7448371E+07   6.6411584E+07   7.4395976E+07   7.9438343E+07   7.8541345E+07   6.9253937E+07
    5.3061468E+07   3.5640170E+07   2.1828378E+07   1.2736917E+07   7.3081513E+06   4.1993174E+06   2.4389548E+06   1.4378866E+06
    8.6188482E+05   5.2543103E+05   3.2567385E+05   2.0510596E+05   1.3115171E+05   8.5079589E+04   2.9879599E+08   1.1793567E+07
    1.1067388E+07   1.4508548E+07   1.9693193E+07   2.6267660E+07   3.4125139E+07   4.3200126E+07   5.3403700E+07   6.4560363E+07
    7.6292577E+07   8.7778706E+07   9.7290320E+07   1.0162525E+08   9.6533729E+07   8.0196304E+07   5.7417278E+07   3.6367826E+07
    2.1378428E+07   1.2162465E+07   6.8757528E+06   3.9168230E+06   2.2632161E+06   1.3300879E+06   7.9568553E+05   4.8444599E+05
    3.0001006E+05   1.8883083E+05   1.2069461E+05   7.8272790E+04   2.7493729E+08   1.3915058E+07   1.3748817E+07   1.8344791E+07
    2.5101292E+07   3.3625905E+07   4.3794255E+07   5.5520041E+07   6.8672001E+07   8.2978414E+07   9.7840157E+07   1.1193390E+08
    1.2249310E+08   1.2468014E+08   1.1322800E+08   8.8475244E+07   5.9515856E+07   3.5910748E+07   2.0456237E+07   1.1423744E+07
    6.3896150E+06   3.6174380E+06   2.0825323E+06   1.2211244E+06   7.2944656E+05   4.4369640E+05   2.7459930E+05   1.7276112E+05
    1.1038945E+05   7.1574071E+04   2.4402094E+08   1.5773184E+07   1.6369807E+07   2.2214938E+07   3.0633629E+07   4.1208516E+07
    5.3799941E+07   6.8297753E+07   8.4517342E+07   1.0206157E+08   1.2003617E+08   1.3644463E+08   1.4717276E+08   1.4555334E+08
    1.2609588E+08   9.2921791E+07   5.9241145E+07   3.4404779E+07   1.9145900E+07   1.0549835E+07   5.8561097E+06   3.3008128E+06
    1.8952456E+06   1.1094905E+06   6.6206801E+05   4.0243487E+05   2.4894707E+05   1.5657213E+05   1.0002273E+05   6.4842228E+04
    2.0786140E+08   1.7051010E+07   1.8543708E+07   2.5576047E+07   3.5532263E+07   4.7990045E+07   6.2799174E+07   7.9824880E+07
    9.8822115E+07   1.1924688E+08   1.3985191E+08   1.5783402E+08   1.6754368E+08   1.6065535E+08   1.3271057E+08   9.2657843E+07
    5.6475283E+07   3.1835550E+07   1.7409566E+07   9.4994162E+06   5.2438773E+06   2.9462229E+06   1.6883752E+06   9.8719505E+05
    5.8863354E+05   3.5761467E+05   2.2114457E+05   1.3905296E+05   8.8816229E+04   5.7570602E+04   1.6998668E+08   1.7548842E+07
    1.9957574E+07   2.7956461E+07   3.9117920E+07   5.3036104E+07   6.9556030E+07   8.8519210E+07   1.0961647E+08   1.3214238E+08
    1.5445292E+08   1.7284274E+08   1.8008103E+08   1.6676445E+08   1.3103345E+08   8.6866586E+07   5.0886384E+07   2.7982820E+07
    1.5088869E+07   8.1690965E+06   4.4896875E+06   2.5160183E+06   1.4396024E+06   8.4091879E+05   5.0109856E+05   3.0430745E+05
    1.8812701E+05   1.1826901E+05   7.5530879E+04   4.8954427E+04   1.3474457E+08   1.7386770E+07   2.0641270E+07   2.9348337E+07
    4.1348434E+07   5.6266928E+07   7.3948004E+07   9.4209346E+07   1.1667236E+08   1.4045079E+08   1.6344723E+08   1.8094411E+08
    1.8416585E+08   1.6358975E+08   1.2162849E+08   7.6538773E+07   4.3215464E+07   2.3250331E+07   1.2386030E+07   6.6611869E+06
    3.6471797E+06   2.0393703E+06   1.1653097E+06   6.8011941E+05   4.0505645E+05   2.4589299E+05   1.5197670E+05   9.5526236E+04
    6.0999275E+04   3.9532659E+04   1.0739896E+08   1.7215017E+07   2.1299962E+07   3.0722341E+07   4.3571175E+07   5.9501535E+07
    7.8354926E+07   9.9919890E+07   1.2373320E+08   1.4868495E+08   1.7211318E+08   1.8808038E+08   1.8624017E+08   1.5794632E+08
    1.1100822E+08   6.6566975E+07   3.6413608E+07   1.9240857E+07   1.0150105E+07   5.4294552E+06   2.9637422E+06   1.6542497E+06
    9.4421308E+05   5.5069629E+05   3.2782798E+05   1.9895078E+05   1.2293843E+05   7.7263136E+04   4.9332381E+04   3.1969369E+04
    9.3057664E+07   1.8358544E+07   2.3626906E+07   3.4547458E+07   4.9305280E+07   6.7558046E+07   8.9128488E+07   1.1374731E+08
    1.4079558E+08   1.6875605E+08   1.9394814E+08   2.0831148E+08   1.9910654E+08   1.5973073E+08   1.0560009E+08   6.0377965E+07
    3.2076022E+07   1.6678681E+07   8.7229582E+06   4.6440781E+06   2.5282371E+06   1.4089230E+06   8.0339711E+05   4.6827511E+05
    2.7864889E+05   1.6905894E+05   1.0444781E+05   6.5633934E+04   4.1903440E+04   2.7153443E+04   9.2140890E+07   2.2177564E+07
    2.9632578E+07   4.3897900E+07   6.3026887E+07   8.6632247E+07   1.1447944E+08   1.4615969E+08   1.8068679E+08   2.1557925E+08
    2.4476681E+08   2.5551093E+08   2.3108523E+08   1.7134839E+08   1.0492277E+08   5.6857443E+07   2.9289459E+07   1.4981941E+07
    7.7675199E+06   4.1156511E+06   2.2344193E+06   1.2431411E+06   7.0814017E+05   4.1248144E+05   2.4534208E+05   1.4880779E+05
    9.1917819E+04   5.7752171E+04   3.6867804E+04   2.3888717E+04   1.0310984E+08   3.0031021E+07   4.1584129E+07   6.2374219E+07
    9.0066710E+07   1.2416343E+08   1.6429526E+08   2.0972370E+08   2.5857714E+08   3.0600990E+08   3.4020418E+08   3.3859702E+08
    2.8129848E+08   1.8782398E+08   1.0540009E+08   5.4099172E+07   2.7066401E+07   1.3636409E+07   7.0132943E+06   3.6995260E+06
    2.0033254E+06   1.1128279E+06   6.3328523E+05   3.6864384E+05   2.1917439E+05   1.3289785E+05   8.2073975E+04   5.1560098E+04
    3.2911698E+04   2.1323865E+04   1.2742436E+08   4.4500424E+07   6.3738006E+07   9.6737878E+07   1.4044011E+08   1.9412536E+08
    2.5711428E+08   3.2786343E+08   4.0226420E+08   4.6939907E+08   5.0347834E+08   4.6417206E+08   3.4241952E+08   2.0256168E+08
    1.0446337E+08   5.1161839E+07   2.4990763E+07   1.2437071E+07   6.3547522E+06   3.3398710E+06   1.8046682E+06   1.0011467E+06
    5.6924901E+05   3.3118422E+05   1.9683007E+05   1.1931904E+05   7.3675204E+04   4.6278214E+04   2.9537646E+04   1.9136621E+04
    1.6866788E+08   6.9932379E+07   1.0340519E+08   1.5869571E+08   2.3154878E+08   3.2081919E+08   4.2509738E+08   5.4081288E+08
    6.5800050E+08   7.4982908E+08   7.5840969E+08   6.2462645E+08   3.9906001E+08   2.0997485E+08   1.0106857E+08   4.7794841E+07
    2.2944274E+07   1.1317476E+07   5.7549696E+06   3.0163659E+06   1.6271954E+06   9.0177209E+05   5.1240853E+05   2.9798593E+05
    1.7704805E+05   1.0730578E+05   6.6248349E+04   4.1609148E+04   2.6555785E+04   1.7203955E+04   2.3044780E+08   1.1228677E+08
    1.7107320E+08   2.6529713E+08   3.8889684E+08   5.3991497E+08   7.1523122E+08   9.0620562E+08   1.0876991E+09   1.1930931E+09
    1.1040454E+09   7.8679187E+08   4.3491238E+08   2.0820199E+08   9.5453503E+07   4.4094765E+07   2.0925927E+07   1.0260535E+07
    5.2004216E+06   2.7205225E+06   1.4659049E+06   8.1179589E+05   4.6106468E+05   2.6804392E+05   1.5922467E+05   9.6489575E+04
    5.9564826E+04   3.7408854E+04   2.3873970E+04   1.5466073E+04   3.1846589E+08   1.8074459E+08   2.8325946E+08   4.4361250E+08
    6.5310518E+08   9.0819014E+08   1.2017403E+09   1.5125164E+09   1.7768524E+09   1.8370109E+09   1.5024806E+09   9.1192571E+08
    4.4515199E+08   1.9919205E+08   8.8457079E+07   4.0254646E+07   1.8962264E+07   9.2613325E+06   4.6836830E+06   2.4470241E+06
    1.3174860E+06   7.2923582E+05   4.1403863E+05   2.4065288E+05   1.4293305E+05   8.6608469E+04   5.3461511E+04   3.3574261E+04
    2.1426134E+04   1.3880043E+04   3.7523560E+08   2.2921208E+08   3.6413949E+08   5.7298186E+08   8.4529508E+08   1.1761993E+09
    1.5548349E+09   1.9477754E+09   2.2540694E+09   2.2388429E+09   1.7000202E+09   9.5286408E+08   4.4188272E+08   1.9284760E+08
    8.4672641E+07   3.8327597E+07   1.8006334E+07   8.7818534E+06   4.4375814E+06   2.3173212E+06   1.2472793E+06   6.9024455E+05
    3.9185214E+05   2.2773887E+05   1.3525563E+05   8.1953492E+04   5.0586890E+04   3.1768478E+04   2.0273531E+04   1.3133294E+04
    4.0740602E+08   2.5793818E+08   4.1250118E+08   6.5057535E+08   9.6071060E+08   1.3371575E+09   1.7665022E+09   2.2068291E+09
    2.5313991E+09   2.4571660E+09   1.7933697E+09   9.6745780E+08   4.3859376E+08   1.8939276E+08   8.2760380E+07   3.7378042E+07
    1.7540345E+07   8.5493489E+06   4.3185808E+06   2.2547061E+06   1.2134198E+06   6.7145132E+05   3.8116288E+05   2.2151867E+05
    1.3155837E+05   7.9712052E+04   4.9202838E+04   3.0899096E+04   1.9718642E+04   1.2773804E+04   4.1877739E+08   2.6825791E+08
    4.2993633E+08   6.7858643E+08   1.0023979E+09   1.3952943E+09   1.8428832E+09   2.2999705E+09   2.6299121E+09   2.5321549E+09
    1.8233336E+09   9.7145628E+08   4.3728012E+08   1.8820691E+08   8.2121422E+07   3.7063763E+07   1.7386755E+07   8.4728734E+06
    4.2794828E+06   2.2341471E+06   1.2023067E+06   6.6528472E+05   3.7765599E+05   2.1947820E+05   1.3034562E+05   7.8976862E+04
    4.8748886E+04   3.0613957E+04   1.9536653E+04   1.2655902E+04
    1.1282158E+06   1.1499269E+06   1.1946437E+06   1.2892178E+06   1.5012769E+06   2.0368280E+06   3.6796425E+06   6.6405088E+06
    1.1955682E+07   2.1519632E+07   3.8734205E+07   6.9656015E+07   1.2511473E+08   2.2438798E+08   4.0068030E+08   7.1620917E+08
    1.2875932E+09   2.3179605E+09   4.1198364E+09   7.3865598E+09   1.3201501E+10   2.3472337E+10   4.0856823E+10   6.4131132E+10
    7.8258001E+10   7.8209087E+10   7.6050732E+10   7.8964694E+10   9.0680120E+10   1.0993725E+11   1.3508334E+11   1.5584619E+11
    2.0988364E+11   2.7890292E+11   3.6772568E+11   4.9727183E+11   6.7985645E+11   9.3577459E+11   1.2975627E+12   1.8052708E+12
    2.5168155E+12   3.5163623E+12   4.9214034E+12   6.9085544E+12   9.4501522E+12   1.2377791E+13   1.5769201E+13   1.9771773E+13
    2.4564677E+13   3.0371700E+13   3.7428395E+13   4.5945198E+13   5.6028558E+13   6.7597529E+13   8.0264056E+13   9.3229378E+13
    1.0521500E+14   1.1461694E+14   1.2097441E+14   1.2777179E+14   1.4169720E+14   1.6863850E+14   2.1318939E+14   2.8211407E+14
    3.8427276E+14   5.2860616E+14   7.2776105E+14   8.5384593E+14   9.2442412E+14   9.4914044E+14
