
 24-FEB-2004                           !Format date

 1.8737376925E+02     1.5683E+05       66       70

 3.1846597744E+04   2.3039088E+00   1.4412110E+06   9.5678314E-01   3.7174730E+00   9.7204288E+02   5.0000000E-02     1 
    9.6974725E-09   7.4062640E-12   3.3255227E-12   1.3630468E-13   1.0851446E-13
    9.5818878E-12   1.0537580E-09   1.0770208E-09   4.1048358E-08   4.1999137E-08
    7.0382731E-09   7.0451018E-09   2.0318604E-07   3.5136100E-06   3.7106300E-06
    1.0647496E-05   1.0709646E-05   2.3273372E-06   2.3275339E-06   3.2385644E-06
    2.5267944E-05   4.7519483E-05   4.7998351E-05   2.3844117E-04   2.3933209E-04
    5.2257964E-05   5.2257036E-05   8.4799281E-05   4.2113829E-04   3.3732686E-04
    1.5881959E-03   3.3516849E-04   6.1139836E-04   2.5052949E-03   2.1318755E-03
    5.3999853E-03   1.1048737E-03   2.2100844E-03   8.2618639E-03   3.3174663E-03
    1.2547130E-02   5.4320412E-03   2.4558798E-03   2.0516190E-02   8.6258957E-03
    2.1873133E-02   1.0847792E-02   4.2655117E-03   8.4417027E-02   3.6955806E-02
    3.4563936E-03   7.0765723E-03   1.5838283E-02   1.4311325E-02   1.6599713E+00
    4.3948088E-03   9.9822557E-03   2.1939376E-02   2.0681742E-02   2.6536565E-02
    3.1844687E-02   3.6777004E-02   4.2969166E-02   4.8360639E-02   5.2197843E-02
    5.3834442E-02

 3.1542404457E+04   2.3518582E+00   1.4693299E+06   9.5761117E-01   3.7177004E+00   9.7192570E+02   5.0000000E-02     2 
    9.9866116E-09   7.7109746E-12   3.4680914E-12   1.4200942E-13   1.1288831E-13
    9.8247697E-12   1.0770481E-09   1.1008198E-09   4.1726068E-08   4.2695068E-08
    7.1449193E-09   7.1518506E-09   2.0629569E-07   3.5627427E-06   3.7629989E-06
    1.0760276E-05   1.0823109E-05   2.3505125E-06   2.3507112E-06   3.2706091E-06
    2.5539174E-05   4.7974487E-05   4.8458799E-05   2.4027036E-04   2.4116812E-04
    5.2631628E-05   5.2630694E-05   8.5399317E-05   4.2460867E-04   3.3981083E-04
    1.5976553E-03   3.3699905E-04   6.1468320E-04   2.5221063E-03   2.1443165E-03
    5.4261672E-03   1.1097046E-03   2.2195245E-03   8.3087527E-03   3.3324161E-03
    1.2597983E-02   5.4511397E-03   2.4646768E-03   2.0618308E-02   8.6615923E-03
    2.1948585E-02   1.0880187E-02   4.2784730E-03   8.4794479E-02   3.7097455E-02
    3.4666139E-03   7.0954867E-03   1.5879062E-02   1.4351118E-02   1.6668752E+00
    4.4054619E-03   1.0005921E-02   2.1989249E-02   2.0727588E-02   2.6590649E-02
    3.1902298E-02   3.6834990E-02   4.3032503E-02   4.8428371E-02   5.2265415E-02
    5.3900981E-02

 3.0942304587E+04   2.4509854E+00   1.5272732E+06   9.5925441E-01   3.7187600E+00   9.7168725E+02   5.0000000E-02     3 
    1.0581823E-08   8.3521876E-12   3.7673199E-12   1.5410691E-13   1.2213533E-13
    1.0327859E-11   1.1250933E-09   1.1499282E-09   4.3108355E-08   4.4115502E-08
    7.3608854E-09   7.3680247E-09   2.1267114E-07   3.6634458E-06   3.8705420E-06
    1.0987862E-05   1.1052074E-05   2.3970979E-06   2.3973008E-06   3.3350032E-06
    2.6094060E-05   4.8901312E-05   4.9396556E-05   2.4395127E-04   2.4486278E-04
    5.3379844E-05   5.3378896E-05   8.6600290E-05   4.3171880E-04   3.4486433E-04
    1.6166876E-03   3.4065623E-04   6.2124249E-04   2.5566432E-03   2.1696353E-03
    5.4788917E-03   1.1193422E-03   2.2383490E-03   8.4054075E-03   3.3629977E-03
    1.2700486E-02   5.4891929E-03   2.4822048E-03   2.0829514E-02   8.7347090E-03
    2.2100595E-02   1.0944704E-02   4.3042696E-03   8.5577060E-02   3.7386324E-02
    3.4871401E-03   7.1331197E-03   1.5960273E-02   1.4430867E-02   1.6812810E+00
    4.4266494E-03   1.0052985E-02   2.2088625E-02   2.0819729E-02   2.6699329E-02
    3.2016843E-02   3.6950423E-02   4.3158858E-02   4.8563514E-02   5.2400306E-02
    5.4033651E-02

 2.9778086663E+04   2.6621540E+00   1.6499126E+06   9.6248691E-01   3.7215330E+00   9.7119881E+02   5.0000000E-02     4 
    1.1835511E-08   9.7731274E-12   4.4322435E-12   1.8133865E-13   1.4287117E-13
    1.1397559E-11   1.2263272E-09   1.2534367E-09   4.5963389E-08   4.7052426E-08
    7.8028293E-09   7.8103942E-09   2.2587776E-07   3.8716331E-06   4.0935386E-06
    1.1448924E-05   1.1515930E-05   2.4910282E-06   2.4912395E-06   3.4647881E-06
    2.7232704E-05   5.0792364E-05   5.1309487E-05   2.5135644E-04   2.5229562E-04
    5.4876660E-05   5.4875686E-05   8.9001546E-05   4.4626938E-04   3.5514512E-04
    1.6548706E-03   3.4793858E-04   6.3429507E-04   2.6273123E-03   2.2210301E-03
    5.5845687E-03   1.1384772E-03   2.2756993E-03   8.6034180E-03   3.4250441E-03
    1.2905865E-02   5.5645548E-03   2.5169253E-03   2.1262918E-02   8.8831491E-03
    2.2404791E-02   1.1072321E-02   4.3552703E-03   8.7185648E-02   3.7964955E-02
    3.5280704E-03   7.2074698E-03   1.6120792E-02   1.4589494E-02   1.7110346E+00
    4.4684732E-03   1.0145884E-02   2.2285051E-02   2.1002930E-02   2.6915620E-02
    3.2243068E-02   3.7178499E-02   4.3408851E-02   4.8831279E-02   5.2667479E-02
    5.4296926E-02

 2.7581098549E+04   3.1422690E+00   1.9254026E+06   9.6868824E-01   3.7287303E+00   9.7017147E+02   5.0000000E-02     5 
    1.4536985E-08   1.3215866E-11   6.0600885E-12   2.5014257E-13   1.9491863E-13
    1.3780096E-11   1.4483454E-09   1.4804979E-09   5.2013492E-08   5.3282266E-08
    8.7175872E-09   8.7260321E-09   2.5374575E-07   4.3187294E-06   4.5730407E-06
    1.2383808E-05   1.2456455E-05   2.6799743E-06   2.6802029E-06   3.7257009E-06
    2.9573853E-05   5.4687043E-05   5.5246725E-05   2.6614417E-04   2.6713860E-04
    5.7842186E-05   5.7841159E-05   9.3755529E-05   4.7590559E-04   3.7602198E-04
    1.7305745E-03   3.6223802E-04   6.5990288E-04   2.7706509E-03   2.3240704E-03
    5.7934128E-03   1.1758414E-03   2.3485741E-03   9.0044628E-03   3.5497178E-03
    1.3310903E-02   5.7110841E-03   2.5844344E-03   2.2140750E-02   9.1880818E-03
    2.3002605E-02   1.1319900E-02   4.4540839E-03   9.0439952E-02   3.9146599E-02
    3.6081169E-03   7.3513488E-03   1.6431796E-02   1.4899083E-02   1.7714395E+00
    4.5492759E-03   1.0325344E-02   2.2665772E-02   2.1362303E-02   2.7340255E-02
    3.2685805E-02   3.7620604E-02   4.3894482E-02   4.9353405E-02   5.3188157E-02
    5.4810536E-02

 2.3656155615E+04   4.3861318E+00   2.6239320E+06   9.8063337E-01   3.7483775E+00   9.6784328E+02   5.0000000E-02     6 
    2.1105805E-08   2.3587096E-11   1.1080314E-11   4.7680253E-13   3.6506858E-13
    1.9799977E-11   1.9908373E-09   2.0362152E-09   6.5357692E-08   6.7051661E-08
    1.0753262E-08   1.0763676E-08   3.1537440E-07   5.2308815E-06   5.5597771E-06
    1.4367042E-05   1.4452369E-05   3.0781261E-06   3.0783911E-06   4.2751066E-06
    3.4568548E-05   6.2719555E-05   6.3407135E-05   2.9666446E-04   2.9777292E-04
    6.3911892E-05   6.3910759E-05   1.0347913E-04   5.3753622E-04   4.2023819E-04
    1.8839662E-03   3.9101039E-04   7.1138981E-04   3.0639055E-03   2.5279384E-03
    6.2134212E-03   1.2502158E-03   2.4935873E-03   9.8166878E-03   3.8227030E-03
    1.4118300E-02   6.0007817E-03   2.7177903E-03   2.3907212E-02   9.8690413E-03
    2.4182959E-02   1.1807262E-02   4.6480061E-03   9.6910108E-02   4.1877681E-02
    3.7653472E-03   7.6331480E-03   1.7042657E-02   1.5508964E-02   1.8909672E+00
    4.7070549E-03   1.0675686E-02   2.3414799E-02   2.2089490E-02   2.8194839E-02
    3.3574819E-02   3.8490515E-02   4.4855998E-02   5.0394197E-02   5.4221169E-02
    5.5829926E-02

 1.7581835969E+04   8.1954294E+00   4.7789592E+06   9.9986311E-01   3.7880896E+00   9.6215870E+02   5.0000000E-02     7 
    3.3686129E-08   5.9039267E-11   2.9159814E-11   1.5250464E-12   1.1477116E-12
    3.5472982E-11   3.2256328E-09   3.3046437E-09   9.3697088E-08   9.6431728E-08
    1.4927227E-08   1.4941693E-08   4.4793638E-07   7.0962209E-06   7.6035284E-06
    1.8173370E-05   1.8284068E-05   3.8230981E-06   3.8234342E-06   5.3008553E-06
    4.4655446E-05   7.8386902E-05   7.9364025E-05   3.5282259E-04   3.5414088E-04
    7.4726083E-05   7.4724762E-05   1.2076208E-04   6.5851344E-04   5.2085654E-04
    2.1560930E-03   4.4083549E-04   8.0024691E-04   3.6307673E-03   2.8826770E-03
    6.9485731E-03   1.3766355E-03   2.7393888E-03   1.1379482E-02   4.2021998E-03
    1.5520322E-02   6.4860254E-03   2.9416620E-03   2.7312554E-02   1.0592725E-02
    2.6230994E-02   1.2615883E-02   4.9694891E-03   1.0894580E-01   5.0802328E-02
    4.0328498E-03   8.0988561E-03   1.8048850E-02   1.6535508E-02   2.1145026E+00
    4.9666977E-03   1.1251904E-02   2.4644516E-02   2.3225995E-02   2.9606600E-02
    3.5092287E-02   4.0010863E-02   4.6581558E-02   5.2300734E-02   5.6090113E-02
    5.7683032E-02

 1.3095273031E+04   1.5224301E+01   8.6833233E+06   1.0137006E+00   3.8112213E+00   9.5467515E+02   5.0000000E-02     8 
    3.8931853E-08   1.1240982E-10   5.8873818E-11   4.2074538E-12   3.2156752E-12
    5.5679627E-11   4.6116396E-09   4.7307267E-09   1.2083626E-07   1.2487065E-07
    1.8744428E-08   1.8762603E-08   5.7558390E-07   8.8533025E-06   9.5852575E-06
    2.1379313E-05   2.1513633E-05   4.4431423E-06   4.4435374E-06   6.1530849E-06
    5.3649260E-05   9.1931668E-05   9.3258556E-05   3.9668767E-04   3.9816982E-04
    8.3294894E-05   8.3293429E-05   1.3438931E-04   7.6176011E-04   5.5091734E-04
    2.3724690E-03   4.7914175E-04   8.6799913E-04   4.1067311E-03   3.1823560E-03
    7.5220944E-03   1.4716375E-03   2.9226994E-03   1.2667901E-02   4.3722975E-03
    1.6625107E-02   6.8418259E-03   3.1075009E-03   3.0060332E-02   1.1380203E-02
    2.7852758E-02   1.3200042E-02   5.2041594E-03   1.2007239E-01   4.4908395E-02
    4.2410711E-03   8.4368717E-03   1.8765153E-02   1.7314261E-02   2.3249029E+00
    5.1549085E-03   1.1667592E-02   2.5510947E-02   2.4026289E-02   3.0599377E-02
    3.6030557E-02   4.0823441E-02   4.7396685E-02   5.3217335E-02   5.6844319E-02
    5.8361761E-02

 9.7714554875E+03   2.8264517E+01   1.5759195E+07   1.0235840E+00   3.8536615E+00   9.4489005E+02   5.0000000E-02     9 
    3.6248959E-08   1.8324642E-10   1.0368569E-10   1.0881465E-11   8.6618236E-12
    8.3121644E-11   6.1046894E-09   6.2727117E-09   1.4562615E-07   1.5124286E-07
    2.1993687E-08   2.2014960E-08   6.9943619E-07   1.0504476E-05   1.1515272E-05
    2.4055535E-05   2.4212668E-05   4.9394439E-06   4.9398899E-06   6.8329485E-06
    6.2196040E-05   1.0460253E-04   1.0637117E-04   4.3219367E-04   4.3380845E-04
    8.9958829E-05   8.9957262E-05   1.4491848E-04   8.5998671E-04   5.7037183E-04
    2.5502290E-03   5.0841734E-04   9.1941827E-04   4.5641262E-03   3.4342022E-03
    7.9975984E-03   1.5431263E-03   3.0603969E-03   1.3921293E-02   4.4788297E-03
    1.7563786E-02   7.1074588E-03   3.2309657E-03   3.2756183E-02   1.2226296E-02
    2.9231616E-02   1.3635322E-02   5.3778508E-03   1.3159222E-01   3.4432573E-02
    4.4142191E-03   8.6861975E-03   1.9303598E-02   1.7953667E-02   2.5479585E+00
    5.2956388E-03   1.1973736E-02   2.6167514E-02   2.4687978E-02   3.1490983E-02
    3.6786578E-02   4.1408193E-02   4.7995256E-02   5.3970193E-02   5.7366521E-02
    5.8837439E-02

 7.3007248569E+03   5.2575627E+01   2.8628607E+07   1.0307921E+00   3.9162767E+00   9.3189186E+02   5.0000000E-02    10 
    2.9310999E-08   2.7064959E-10   1.6854563E-10   2.6994986E-11   2.2997595E-11
    1.2625235E-10   7.7351457E-09   7.9609460E-09   1.6802547E-07   1.7557602E-07
    2.4696991E-08   2.4720598E-08   8.2035249E-07   1.2059372E-05   1.3418029E-05
    2.6318648E-05   2.6499242E-05   5.3358373E-06   5.3363301E-06   7.3732189E-06
    7.0514195E-05   1.1686934E-04   1.1921366E-04   4.6194139E-04   4.6366725E-04
    9.5194506E-05   9.5192884E-05   1.5311830E-04   9.5659849E-04   5.9305952E-04
    2.7015769E-03   5.3112684E-04   9.5917239E-04   5.0193916E-03   3.6599185E-03
    8.4097463E-03   1.5982028E-03   3.1662146E-03   1.5185482E-02   4.5928570E-03
    1.8394335E-02   7.3115664E-03   3.3253330E-03   3.5498316E-02   1.3028101E-02
    3.0459727E-02   1.3972206E-02   5.5106710E-03   1.4375415E-01   2.0536833E-02
    4.5665740E-03   8.8758366E-03   1.9727160E-02   1.8513307E-02   2.7872009E+00
    5.4063178E-03   1.2206491E-02   2.6691392E-02   2.5271707E-02   3.2377742E-02
    3.7401768E-02   4.1893893E-02   4.8493039E-02   5.4628415E-02   5.7816971E-02
    5.9236934E-02

 5.4696106928E+03   9.7786547E+01   5.1970159E+07   1.0364076E+00   3.9932122E+00   9.1472234E+02   5.0000000E-02    11 
    2.1860177E-08   3.7961456E-10   2.6425901E-10   6.5604420E-11   6.0953389E-11
    2.0766952E-10   9.5883649E-09   9.8798461E-09   1.8872415E-07   1.9867918E-07
    2.7047933E-08   2.7073549E-08   9.4219216E-07   1.3515277E-05   1.5312467E-05
    2.8328964E-05   2.8535263E-05   5.6698470E-06   5.6703892E-06   7.8258901E-06
    7.8928734E-05   1.2910221E-04   1.3218784E-04   4.8827297E-04   4.9009716E-04
    9.9549368E-05   9.9547751E-05   1.5989918E-04   1.0552389E-03   6.2046026E-04
    2.8363124E-03   5.4986666E-04   9.9205288E-04   5.4883678E-03   3.8543483E-03
    8.7849579E-03   1.6438144E-03   3.2536275E-03   1.6502342E-02   4.7055021E-03
    1.9150770E-02   7.4814027E-03   3.4033550E-03   3.8381690E-02   1.3250743E-02
    3.1607458E-02   1.4255452E-02   5.6202170E-03   1.5635970E-01   8.1967369E-03
    4.7086137E-03   9.0322439E-03   2.0089209E-02   1.9046647E-02   3.0366258E+00
    5.5027804E-03   1.2398377E-02   2.7150011E-02   2.5848087E-02   3.3307335E-02
    3.7917322E-02   4.2362431E-02   4.8976389E-02   5.5380084E-02   5.8292547E-02
    5.9682423E-02

 4.1146157104E+03   1.8143264E+02   9.4161905E+07   1.0409674E+00   4.0835219E+00   8.9221963E+02   5.0000000E-02    12 
    1.5497469E-08   5.1731756E-10   4.0519619E-10   1.5715859E-10   1.6108594E-10
    3.8232577E-10   1.1684854E-08   1.2050657E-08   2.0794635E-07   2.2088381E-07
    2.9193887E-08   2.9227022E-08   1.0671795E-06   1.4831881E-05   1.7176726E-05
    3.0180102E-05   3.0416183E-05   5.9613825E-06   5.9619908E-06   8.2183489E-06
    8.7627153E-05   1.4141782E-04   1.4546317E-04   5.1264172E-04   5.1455696E-04
    1.0330342E-04   1.0330191E-04   1.6572398E-04   1.1580077E-03   6.5220421E-04
    2.9612000E-03   5.6603873E-04   1.0203206E-03   5.9805731E-03   4.0125958E-03
    9.1447711E-03   1.6835093E-03   3.3293313E-03   1.7899085E-02   4.8119462E-03
    1.9879107E-02   7.6299044E-03   3.4714393E-03   4.1487056E-02   1.3484629E-02
    3.2697833E-02   1.4504068E-02   5.7147148E-03   1.6898390E-01   3.7532759E-03
    4.8436742E-03   9.1682555E-03   2.0413132E-02   1.9585907E-02   3.2861506E+00
    5.5962008E-03   1.2565530E-02   2.7569961E-02   2.6428720E-02   3.4343381E-02
    3.8326103E-02   4.2857450E-02   4.9406138E-02   5.6219594E-02   5.8846470E-02
    6.0189849E-02

 3.1117471964E+03   3.3505657E+02   1.7020953E+08   1.0447546E+00   4.1855079E+00   8.6307873E+02   5.0000000E-02    13 
    1.0603675E-08   6.8678914E-10   6.0150183E-10   3.6692024E-10   4.1469606E-10
    7.7721347E-10   1.4055115E-08   1.4493520E-08   2.2552196E-07   2.4217621E-07
    3.1356303E-08   3.1440805E-08   1.1891191E-06   1.5941727E-05   1.8969143E-05
    3.1878538E-05   3.2149998E-05   6.2205913E-06   6.2213262E-06   8.5666354E-06
    9.5951987E-05   1.5342020E-04   1.5868267E-04   5.3486726E-04   5.3686586E-04
    1.0661592E-04   1.0661475E-04   1.7087574E-04   1.2559056E-03   6.8543448E-04
    3.0735196E-03   5.8043716E-04   1.0453776E-03   6.4484643E-03   4.1189176E-03
    9.4773504E-03   1.7191038E-03   3.3974749E-03   1.9230325E-02   4.9322741E-03
    2.0552697E-02   7.7650006E-03   3.5328775E-03   4.4465010E-02   1.3911524E-02
    3.3686996E-02   1.4731038E-02   5.8004440E-03   1.8064326E-01   3.8499522E-03
    4.9701015E-03   9.2924330E-03   2.0718864E-02   2.0162810E-02   3.5143482E+00
    5.6995272E-03   1.2718456E-02   2.7974574E-02   2.7040571E-02   3.5568063E-02
    3.8591919E-02   4.3401398E-02   4.9885348E-02   5.7236679E-02   5.9470822E-02
    6.0716516E-02

 2.3685780177E+03   6.1456848E+02   3.0686712E+08   1.0482100E+00   4.2990037E+00   8.2630420E+02   5.0000000E-02    14 
    7.1621315E-09   8.9381210E-10   8.5446238E-10   8.3204063E-10   1.0182712E-09
    1.6633084E-09   1.6819692E-08   1.7313791E-08   2.4113902E-07   2.6238071E-07
    3.4276692E-08   3.4629383E-08   1.3029659E-06   1.6654285E-05   2.0512639E-05
    3.3486619E-05   3.3802246E-05   6.4704642E-06   6.4715396E-06   8.9037974E-06
    1.0331393E-04   1.6464176E-04   1.7144287E-04   5.5523034E-04   5.5730623E-04
    1.0979806E-04   1.0979773E-04   1.7586994E-04   1.3403293E-03   7.1699474E-04
    3.1728731E-03   5.9438489E-04   1.0697055E-03   6.8451265E-03   4.1647708E-03
    9.7723952E-03   1.7536660E-03   3.4642433E-03   2.0349263E-02   5.0726245E-03
    2.1147216E-02   7.8986806E-03   3.5929014E-03   4.6954954E-02   1.4591776E-02
    3.4541449E-02   1.4957470E-02   5.8872235E-03   1.9046642E-01   3.9015167E-03
    5.0909733E-03   9.4178669E-03   2.1031369E-02   2.0839896E-02   3.7012965E+00
    5.8323816E-03   1.2872744E-02   2.8394223E-02   2.7718484E-02   3.7044677E-02
    3.8710455E-02   4.4025263E-02   5.0382305E-02   5.8416253E-02   6.0169930E-02
    6.1355137E-02

 1.8170310150E+03   1.1171663E+03   5.5076003E+08   1.0525414E+00   4.4238122E+00   7.8232441E+02   5.0000000E-02    15 
    5.0752258E-09   1.2255824E-09   1.2424788E-09   1.9692089E-09   2.5038784E-09
    3.7590290E-09   2.0586726E-08   2.1107177E-08   2.5892530E-07   2.8628256E-07
    4.0853500E-08   4.2315640E-08   1.4256960E-06   1.7063454E-05   2.1986472E-05
    3.5387756E-05   3.5765698E-05   6.7915209E-06   6.7936146E-06   9.3389233E-06
    1.1008144E-04   1.7618072E-04   1.8503517E-04   5.7772076E-04   5.7988418E-04
    1.1382239E-04   1.1382413E-04   1.8225806E-04   1.4122039E-03   7.5355607E-04
    3.2746646E-03   6.1182917E-04   1.1005475E-03   7.1636071E-03   4.1669705E-03
    1.0059482E-02   1.7966905E-03   3.5479652E-03   2.1213093E-02   5.2553317E-03
    2.1703063E-02   8.0655953E-03   3.6683601E-03   4.8824888E-02   1.5602895E-02
    3.5308790E-02   1.5238922E-02   5.9988460E-03   1.9791559E-01   3.9606385E-03
    5.2234293E-03   9.5786250E-03   2.1416506E-02   2.1755826E-02   3.8313463E+00
    6.0328806E-03   1.3070107E-02   2.8907734E-02   2.8546153E-02   3.8851393E-02
    3.8836131E-02   4.4824525E-02   5.0996091E-02   5.9770640E-02   6.1062115E-02
    6.2185519E-02

 1.4037005767E+03   2.0189585E+03   9.9120251E+08   1.0601226E+00   4.5734434E+00   7.2837202E+02   5.0000000E-02    16 
    4.2066342E-09   1.9451205E-09   2.0297778E-09   5.2535688E-09   6.5798257E-09
    9.2310631E-09   2.7289781E-08   2.7765687E-08   2.8908877E-07   3.2570523E-07
    6.3506112E-08   6.9014555E-08   1.6092852E-06   1.7386386E-05   2.3794819E-05
    3.8461574E-05   3.8940809E-05   7.3650909E-06   7.3700334E-06   1.0114356E-05
    1.1780468E-04   1.9100360E-04   2.0285125E-04   6.1163711E-04   6.1393631E-04
    1.2074525E-04   1.2075219E-04   1.9329824E-04   1.4821481E-03   8.0279482E-04
    3.4147665E-03   6.4104350E-04   1.1526658E-03   7.4311759E-03   4.1547657E-03
    1.0418610E-02   1.8677236E-03   3.6860127E-03   2.1853172E-02   5.5142541E-03
    2.2340985E-02   8.3347006E-03   3.7932729E-03   5.0069689E-02   1.6984055E-02
    3.6148420E-02   1.5683539E-02   6.1832630E-03   2.0288655E-01   4.1833139E-03
    5.4056792E-03   9.8421759E-03   2.2007777E-02   2.3176075E-02   3.8939010E+00
    6.3721164E-03   1.3392342E-02   2.9669384E-02   2.9658523E-02   4.1125063E-02
    3.9243399E-02   4.5945565E-02   5.1929425E-02   6.1316699E-02   6.2361303E-02
    6.3385749E-02

 1.0945610430E+03   3.6213406E+03   1.7935073E+09   1.0745349E+00   4.7828666E+00   6.6198922E+02   5.0000000E-02    17 
    4.8133206E-09   3.8977454E-09   4.2109155E-09   1.6608150E-08   2.0031458E-08
    2.5432893E-08   4.3010911E-08   4.3437969E-08   3.5440567E-07   4.0807723E-07
    1.6835099E-07   1.9028605E-07   1.9797923E-06   1.8016842E-05   2.6726946E-05
    4.4414252E-05   4.5083250E-05   8.5442518E-06   8.5571100E-06   1.1694117E-05
    1.2972992E-04   2.1514915E-04   2.3201702E-04   6.7420283E-04   6.7676386E-04
    1.3421458E-04   1.3423555E-04   2.1474226E-04   1.5741325E-03   8.7784485E-04
    3.6586805E-03   6.9625213E-04   1.2508495E-03   7.7241615E-03   4.1968267E-03
    1.0996093E-02   1.9992045E-03   3.9396571E-03   2.2418507E-02   5.9203879E-03
    2.3297718E-02   8.8180240E-03   4.0216259E-03   5.0917808E-02   1.8983301E-02
    3.7356423E-02   1.6466306E-02   6.5191227E-03   2.0590533E-01   6.8210088E-03
    5.7069539E-03   1.0314807E-02   2.3016345E-02   2.5541094E-02   3.8876463E+00
    6.9648758E-03   1.3967337E-02   3.0923169E-02   3.1285436E-02   4.4095021E-02
    4.0359466E-02   4.7629222E-02   5.3528642E-02   6.3073017E-02   6.4298418E-02
    6.5271545E-02

 8.6554387207E+02   6.4104915E+03   3.2424251E+09   1.0998974E+00   5.1394873E+00   5.8551339E+02   5.0000003E-02    18 
    9.1172115E-09   1.1174895E-08   1.2984064E-08   6.6263640E-08   7.9745200E-08
    8.4595174E-08   9.2208995E-08   9.4099889E-08   5.1493772E-07   6.0897324E-07
    7.4458118E-07   8.6791450E-07   2.8871276E-06   1.9843219E-05   3.2360324E-05
    5.6553846E-05   5.7626676E-05   1.1025603E-05   1.1070384E-05   1.4986525E-05
    1.5257188E-04   2.6101445E-04   2.8750690E-04   7.9537558E-04   7.9849629E-04
    1.6027852E-04   1.6035673E-04   2.5594202E-04   1.7406793E-03   1.0128045E-03
    4.1173263E-03   7.9907701E-04   1.4321956E-03   8.2364011E-03   4.4520182E-03
    1.2036524E-02   2.2377389E-03   4.3955262E-03   2.3377672E-02   6.6286035E-03
    2.4986600E-02   9.6680336E-03   4.4282716E-03   5.2276417E-02   2.2098313E-02
    3.9471778E-02   1.7819793E-02   7.1122345E-03   2.1069294E-01   9.8943971E-03
    6.2614526E-03   1.1137630E-02   2.4719702E-02   2.9599097E-02   3.8735132E+00
    7.9839803E-03   1.4962081E-02   3.2997693E-02   3.3839526E-02   4.8176785E-02
    4.2671821E-02   5.0212140E-02   5.6221146E-02   6.5242696E-02   6.7203786E-02
    6.8245592E-02

 6.9566105700E+02   1.1208795E+04   5.7999734E+09   1.1401191E+00   5.8562628E+00   5.0664668E+02   5.0000044E-02    19 
    3.2884201E-08   5.6907615E-08   6.7393108E-08   3.9864606E-07   4.6978253E-07
    3.7895213E-07   3.2481370E-07   3.3814956E-07   1.0026598E-06   1.2050411E-06
    4.6713965E-06   5.4073057E-06   5.6683473E-06   2.5283579E-05   4.5004552E-05
    8.2285477E-05   8.4327823E-05   1.6553618E-05   1.6730956E-05   2.2385569E-05
    2.0298149E-04   3.5873088E-04   4.0578007E-04   1.0317135E-03   1.0360791E-03
    2.1013263E-04   2.1048128E-04   3.3324254E-04   2.1094392E-03   1.2869021E-03
    4.9868310E-03   9.8463544E-04   1.7544935E-03   9.4541277E-03   5.2116392E-03
    1.3971982E-02   2.6522240E-03   5.1772777E-03   2.5984407E-02   7.9622222E-03
    2.8149082E-02   1.1091481E-02   5.1192593E-03   5.6670212E-02   2.7590160E-02
    4.3437777E-02   2.0048480E-02   8.1069972E-03   2.2717906E-01   1.3310783E-02
    7.3739182E-03   1.2492975E-02   2.7495157E-02   3.6917842E-02   4.0240689E+00
    9.7710190E-03   1.6588198E-02   3.6360314E-02   3.8102976E-02   5.4260069E-02
    4.6756623E-02   5.4271031E-02   6.0479161E-02   6.8559889E-02   7.1544878E-02
    7.2766539E-02

 5.6823874416E+02   1.9466426E+04   1.0461071E+10   1.1929608E+00   7.4498857E+00   4.2091902E+02   5.0000766E-02    20 
    1.8990316E-07   4.2792897E-07   4.6809575E-07   3.1275206E-06   3.3524985E-06
    2.0346280E-06   1.9411341E-06   1.8145209E-06   2.7879301E-06   3.1530718E-06
    3.5277716E-05   3.7635426E-05   1.4746164E-05   3.9134329E-05   6.8854442E-05
    1.3344105E-04   1.3751755E-04   2.9805328E-05   3.0196781E-05   4.2604135E-05
    3.0101262E-04   5.4831116E-04   6.3698320E-04   1.4385236E-03   1.4452333E-03
    2.9982321E-04   3.0071852E-04   4.6545426E-04   2.7782311E-03   1.7959414E-03
    6.3910579E-03   1.2861667E-03   2.2644020E-03   1.1648182E-02   6.7536658E-03
    1.6984518E-02   3.2864165E-03   6.3471925E-03   3.0930603E-02   1.0251529E-02
    3.3010480E-02   1.3164611E-02   6.1507561E-03   6.5143385E-02   3.6804837E-02
    4.9378406E-02   2.3232349E-02   9.5844445E-03   2.5988234E-01   1.7827799E-02
    9.5080710E-03   1.4445614E-02   3.1444200E-02   5.0166613E-02   4.3933368E+00
    1.2918906E-02   1.8926395E-02   4.1141932E-02   4.4635336E-02   6.2570341E-02
    5.2933689E-02   6.0110640E-02   6.6397435E-02   7.3324985E-02   7.7343502E-02
    7.8798719E-02

 4.7353706257E+02   3.3958562E+04   1.8808077E+10   1.2691894E+00   1.0955826E+01   3.3696246E+02   5.0012580E-02    21 
    2.3806952E-06   5.2539015E-06   5.6161874E-06   3.1273217E-05   3.3611624E-05
    1.5365090E-05   1.6481714E-05   1.4255716E-05   1.2531776E-05   1.3364537E-05
    2.4365246E-04   2.6263440E-04   5.5979964E-05   9.8764891E-05   1.4386249E-04
    2.6637860E-04   2.7576883E-04   7.4962459E-05   7.7099239E-05   1.3147807E-04
    5.4901760E-04   1.0162686E-03   1.1903134E-03   2.2834943E-03   2.2962213E-03
    5.0911767E-04   5.1386977E-04   7.5623468E-04   4.2787030E-03   2.9519382E-03
    9.0519331E-03   1.8798167E-03   3.2319575E-03   1.6377167E-02   1.0096575E-02
    2.2439621E-02   4.4064831E-03   8.3472267E-03   4.1751348E-02   1.4800295E-02
    4.1627818E-02   1.6594143E-02   7.9093802E-03   8.3536378E-02   5.3672945E-02
    5.9655049E-02   2.8360793E-02   1.2057770E-02   3.3112679E-01   2.5233264E-02
    1.4115226E-02   1.7600691E-02   3.7715251E-02   7.7390920E-02   5.2805554E+00
    1.9259935E-02   2.2710758E-02   4.8701090E-02   5.5447697E-02   7.4464459E-02
    6.2871843E-02   6.9509655E-02   7.5665919E-02   8.1743852E-02   8.6231717E-02
    8.7787234E-02

 4.0286954685E+02   5.6846048E+04   3.3627798E+10   1.3792837E+00   1.7931830E+01   2.5951307E+02   5.0166298E-02    22 
    6.6511720E-05   1.2242710E-04   1.2081080E-04   5.1089648E-04   5.2190078E-04
    1.6017843E-04   2.0251597E-04   1.8930886E-04   9.3734777E-05   9.4640792E-05
    1.9507955E-03   2.0132910E-03   2.8790467E-04   4.5318165E-04   5.4834150E-04
    7.1784906E-04   7.3572723E-04   3.1400938E-04   3.1819295E-04   6.8391677E-04
    1.2132566E-03   2.3247074E-03   2.6255072E-03   4.2001671E-03   4.2198682E-03
    1.1793651E-03   1.1877245E-03   1.6858888E-03   7.1982334E-03   5.5454966E-03
    1.4037875E-02   3.3020731E-03   5.3614310E-03   2.4073373E-02   1.6241961E-02
    3.1600235E-02   6.5682255E-03   1.2026609E-02   5.8685708E-02   2.3061924E-02
    5.5064207E-02   2.2513335E-02   1.1129663E-02   1.0849841E-01   7.8840956E-02
    7.4776030E-02   3.6808710E-02   1.6466373E-02   4.2741672E-01   3.5843932E-02
    2.3760539E-02   2.2940781E-02   4.7592566E-02   1.2726428E-01   6.2979745E+00
    3.1138047E-02   2.9080548E-02   6.0240717E-02   7.0854434E-02   8.8297680E-02
    7.7444837E-02   8.3549742E-02   8.9392408E-02   9.4886511E-02   9.9123138E-02
    1.0061882E-01

 3.4998311405E+02   7.5874739E+04   5.8528275E+10   1.5113041E+00   3.2435126E+01   1.9213292E+02   5.1571501E-02    23 
    2.1848904E-03   3.1830032E-03   3.0482885E-03   9.3964481E-03   9.1615775E-03
    1.7610408E-03   2.7560091E-03   2.9572180E-03   8.6294152E-04   9.0406216E-04
    1.5964831E-02   1.5755865E-02   1.7776438E-03   2.7599454E-03   3.4748992E-03
    2.6376469E-03   2.6762181E-03   1.8913728E-03   1.8591536E-03   4.5044460E-03
    3.5061959E-03   6.3155269E-03   6.9164153E-03   8.9014959E-03   8.9201536E-03
    4.0135231E-03   3.9603688E-03   5.5707018E-03   1.2929117E-02   1.1040953E-02
    2.2787926E-02   7.5887224E-03   1.0922881E-02   3.3780412E-02   2.5638951E-02
    4.5044711E-02   1.1211123E-02   1.9587940E-02   7.8101550E-02   3.6095915E-02
    7.2635175E-02   3.2700532E-02   1.7475164E-02   1.2957164E-01   1.0534634E-01
    9.2703269E-02   5.0684081E-02   2.4601040E-02   5.0800423E-01   4.8462429E-02
    4.2120653E-02   3.2203825E-02   6.2593193E-02   1.9920602E-01   6.7714634E+00
    4.9718140E-02   3.9869034E-02   7.6888439E-02   9.0103445E-02   1.0372606E-01
    9.6114029E-02   1.0158429E-01   1.0691961E-01   1.1187893E-01   1.1549569E-01
    1.1684731E-01

 3.1043066521E+02   6.7293119E+04   8.9796009E+10   1.6231780E+00   6.7079545E+01   1.3728323E+02   5.9780144E-02    24 
    3.5680294E-02   4.4534699E-02   4.3281907E-02   1.0118095E-01   9.9556392E-02
    1.4517970E-02   2.5423889E-02   2.9600634E-02   6.8064959E-03   7.5778684E-03
    1.0976975E-01   1.0798728E-01   1.0806594E-02   1.4327995E-02   2.1712243E-02
    1.1352406E-02   1.1823994E-02   1.0700076E-02   1.0626090E-02   2.9463712E-02
    1.4987903E-02   1.8952674E-02   2.1458884E-02   2.2805027E-02   2.2986195E-02
    1.6031201E-02   1.5886658E-02   2.3768752E-02   3.0808151E-02   2.3799590E-02
    4.0567212E-02   2.2332528E-02   3.1578077E-02   4.9453659E-02   4.1608760E-02
    6.7231440E-02   2.4296478E-02   4.0370621E-02   1.0127676E-01   5.9771699E-02
    9.8403082E-02   5.7147863E-02   3.3978831E-02   1.4908396E-01   1.3215016E-01
    1.1695788E-01   8.0573299E-02   4.1788456E-02   5.7141723E-01   6.4614436E-02
    7.3241268E-02   5.1515651E-02   9.1641227E-02   2.8088160E-01   6.8285246E+00
    7.5975384E-02   6.1106187E-02   1.0606735E-01   1.1929186E-01   1.2877715E-01
    1.2336458E-01   1.2718978E-01   1.3170126E-01   1.3625258E-01   1.3952198E-01
    1.4075225E-01

 2.8196764249E+02   3.9299869E+04   1.0542207E+11   1.6884013E+00   1.4665928E+02   9.7339613E+01   8.7032956E-02    25 
    2.4494017E-01   2.8887137E-01   2.7556480E-01   5.7028147E-01   5.6354257E-01
    8.6151787E-02   1.5938470E-01   1.7461683E-01   4.1639273E-02   4.4727971E-02
    5.7945970E-01   5.7207197E-01   5.4706391E-02   6.1649661E-02   1.0134875E-01
    4.8155097E-02   5.0870243E-02   4.9269132E-02   4.9067342E-02   1.6456004E-01
    7.1193690E-02   6.1481004E-02   7.1367239E-02   7.2774219E-02   7.2919083E-02
    6.1788918E-02   6.1392541E-02   1.1509640E-01   1.0786668E-01   6.0523535E-02
    9.1058869E-02   7.4471599E-02   1.2725291E-01   9.0117753E-02   8.2145914E-02
    1.2622336E-01   7.3176341E-02   1.2035835E-01   1.4403011E-01   1.2777761E-01
    1.6244783E-01   1.4679196E-01   9.3380065E-02   1.8385195E-01   1.8333395E-01
    1.7622868E-01   1.8249120E-01   9.0583413E-02   6.2625923E-01   9.6611216E-02
    1.2699675E-01   1.0939979E-01   1.8638295E-01   3.4675116E-01   6.6088911E+00
    1.1539702E-01   1.1824034E-01   1.9011001E-01   1.9310565E-01   1.9611236E-01
    1.9060089E-01   1.8916655E-01   1.9118617E-01   1.9488815E-01   1.9889899E-01
    2.0022784E-01

 2.6094526751E+02   1.5833229E+04   1.0412890E+11   1.7177414E+00   3.7225061E+02   6.9106240E+01   1.4490920E-01    26 
    1.0967525E+00   1.2685079E+00   1.1734905E+00   2.2920628E+00   2.2720264E+00
    4.4184171E-01   7.4559737E-01   7.4449401E-01   2.0789617E-01   2.0912846E-01
    2.5712484E+00   2.5641601E+00   2.4748157E-01   2.5426342E-01   4.0620858E-01
    2.0568815E-01   2.1656910E-01   2.0806861E-01   2.0673010E-01   8.1150955E-01
    3.1018637E-01   2.2514423E-01   2.5744061E-01   2.7669650E-01   2.7238746E-01
    2.4054215E-01   2.3890593E-01   5.7274652E-01   4.4025536E-01   1.9833433E-01
    2.7701247E-01   2.7590426E-01   5.8836636E-01   2.3151231E-01   2.2775933E-01
    3.4933211E-01   2.8221967E-01   4.9947115E-01   2.7815755E-01   3.9714450E-01
    3.9940951E-01   5.5507550E-01   3.4688164E-01   2.9683998E-01   3.5998575E-01
    3.9534976E-01   6.3200832E-01   2.7541198E-01   6.9552633E-01   2.1166453E-01
    2.6527957E-01   3.4576363E-01   6.1212997E-01   4.7321118E-01   5.5356122E+00
    2.3256198E-01   3.2888946E-01   5.4337948E-01   4.8351029E-01   4.6071077E-01
    4.5535090E-01   4.3058011E-01   4.1994335E-01   4.1843037E-01   4.2776244E-01
    4.3015767E-01

 2.4425325796E+02   6.5368906E+03   1.0303353E+11   1.7242565E+00   9.0214677E+02   4.8836044E+01   2.3653033E-01    27 
    3.0315479E+00   3.4479732E+00   3.1474591E+00   5.9086736E+00   5.8774627E+00
    1.5640909E+00   2.1854145E+00   2.0533654E+00   6.8748052E-01   6.5944678E-01
    7.3651321E+00   7.4349938E+00   7.9649195E-01   7.9181732E-01   1.1687869E+00
    6.6181384E-01   6.9175088E-01   6.4527092E-01   6.3957666E-01   2.6579642E+00
    9.6052729E-01   6.8180396E-01   7.4983119E-01   8.5495766E-01   8.3197266E-01
    7.2473371E-01   7.1882435E-01   1.9725184E+00   1.3666835E+00   5.9846706E-01
    7.9626624E-01   8.1791502E-01   1.9903466E+00   6.0885859E-01   6.3495846E-01
    9.7162622E-01   9.0430607E-01   1.7222173E+00   6.4904496E-01   1.1743191E+00
    1.0668625E+00   1.8482997E+00   1.1092444E+00   6.2938385E-01   8.7808841E-01
    1.0159252E+00   1.9956110E+00   7.9441452E-01   8.4250283E-01   5.7510289E-01
    6.1795684E-01   1.0738122E+00   1.9285742E+00   8.5428429E-01   2.5855844E+00
    5.7888101E-01   9.2607724E-01   1.6275166E+00   1.3546915E+00   1.2375443E+00
    1.2386325E+00   1.1407187E+00   1.0912494E+00   1.0755555E+00   1.1030559E+00
    1.1093325E+00

 2.2872848316E+02   6.1677735E+03   1.1213049E+11   1.7218980E+00   1.0427621E+03   3.4997947E+01   3.4585331E-01    28 
    3.0827672E+00   3.4137414E+00   3.1784809E+00   5.6683694E+00   5.6532985E+00
    2.0721977E+00   2.4072763E+00   2.2055779E+00   8.8690766E-01   8.3180593E-01
    7.7876421E+00   7.9271847E+00   1.0267997E+00   1.0029183E+00   1.3370670E+00
    8.6186804E-01   8.9602530E-01   8.0656772E-01   7.9803945E-01   3.3060777E+00
    1.2138910E+00   8.7466501E-01   9.2103303E-01   1.1003483E+00   1.0710737E+00
    8.9524798E-01   8.8669115E-01   2.5836025E+00   1.7456661E+00   8.0653772E-01
    1.0326493E+00   1.0055020E+00   2.6258496E+00   7.6032758E-01   8.2539398E-01
    1.2303193E+00   1.2020209E+00   2.3936112E+00   8.2495451E-01   1.4901185E+00
    1.3648948E+00   2.5497103E+00   1.5040521E+00   8.1697567E-01   1.1649234E+00
    1.2959402E+00   2.6636518E+00   1.0166035E+00   9.0783135E-01   8.1707976E-01
    7.9284269E-01   1.5055513E+00   2.5873829E+00   1.0644647E+00   9.8282898E-01
    7.7688578E-01   1.2193801E+00   2.2023166E+00   1.8182773E+00   1.6325288E+00
    1.6317941E+00   1.5011954E+00   1.4373085E+00   1.4210237E+00   1.4548225E+00
    1.4625154E+00

 2.1567627183E+02   8.6792094E+03   1.3042600E+11   1.7288859E+00   8.6361640E+02   2.6211148E+01   4.4653212E-01    29 
    2.4969459E+00   2.6802389E+00   2.6023612E+00   4.2077845E+00   4.2005196E+00
    1.8852199E+00   2.0237121E+00   1.8456331E+00   8.6183073E-01   8.0324225E-01
    5.9571994E+00   6.0986076E+00   9.7915460E-01   9.3227502E-01   1.1209391E+00
    8.1399166E-01   8.4423015E-01   7.4463444E-01   7.3511716E-01   2.9442566E+00
    1.1514204E+00   8.2570734E-01   8.4473202E-01   1.0310476E+00   1.0119112E+00
    8.1075726E-01   8.0155181E-01   2.3797317E+00   1.6411859E+00   8.0174274E-01
    9.8433407E-01   9.0370040E-01   2.4352451E+00   7.0999813E-01   7.9613929E-01
    1.1405951E+00   1.1390013E+00   2.3082673E+00   7.8991742E-01   1.3428209E+00
    1.2841117E+00   2.4446630E+00   1.4749357E+00   8.1567407E-01   1.1603931E+00
    1.2206100E+00   2.5075806E+00   9.4785652E-01   8.8860829E-01   8.4819051E-01
    7.7802934E-01   1.5420100E+00   2.4390804E+00   1.0537090E+00   8.8861562E-01
    7.7877359E-01   1.1864464E+00   2.1202764E+00   1.7713331E+00   1.5874048E+00
    1.5742799E+00   1.4601278E+00   1.4049370E+00   1.3936819E+00   1.4193418E+00
    1.4251291E+00

 2.0439344693E+02   1.3049461E+04   1.5746883E+11   1.7619247E+00   6.9175091E+02   2.0185601E+01   5.3473803E-01    30 
    3.0054399E+00   3.1115273E+00   3.1628735E+00   3.9119017E+00   3.8999170E+00
    1.7287573E+00   1.9679009E+00   1.7811708E+00   9.5359692E-01   8.8006601E-01
    4.6738776E+00   4.8206497E+00   1.0075342E+00   9.3522080E-01   1.0063697E+00
    8.1833186E-01   8.4339824E-01   7.5167027E-01   7.3773647E-01   2.6311488E+00
    1.1719952E+00   8.3472207E-01   8.3884897E-01   1.0119331E+00   1.0002479E+00
    7.8134484E-01   7.6845283E-01   2.1602981E+00   1.6014185E+00   8.4486522E-01
    9.7165661E-01   8.3007160E-01   2.2071537E+00   6.8331803E-01   7.9403495E-01
    1.0748360E+00   1.0871896E+00   2.1581913E+00   7.6735401E-01   1.1958949E+00
    1.2197475E+00   2.2636513E+00   1.4791342E+00   8.3487334E-01   1.1727580E+00
    1.1601778E+00   2.2828300E+00   8.9570948E-01   8.9777649E-01   8.7033333E-01
    7.8924401E-01   1.6155330E+00   2.2184549E+00   1.0601752E+00   9.2863072E-01
    8.0180925E-01   1.1681914E+00   1.9798749E+00   1.6920511E+00   1.5290402E+00
    1.4984624E+00   1.4047135E+00   1.3579233E+00   1.3498305E+00   1.3655969E+00
    1.3688613E+00

 2.0269911402E+02   1.0809708E+04   1.8619308E+11   1.7478641E+00   9.6100529E+02   1.4675259E+01   6.3247524E-01    31 
    2.7481570E+00   2.8418219E+00   2.8445882E+00   3.3637617E+00   3.3436679E+00
    1.4986383E+00   1.7216014E+00   1.5330507E+00   8.9018852E-01   8.0788765E-01
    3.7563477E+00   3.8623292E+00   9.4553410E-01   8.9954072E-01   9.4449057E-01
    7.9658551E-01   8.1016013E-01   7.3177606E-01   7.1413573E-01   2.2347987E+00
    1.1275159E+00   8.2974305E-01   8.2384562E-01   9.8997368E-01   9.6652458E-01
    7.6314484E-01   7.4600268E-01   1.8816838E+00   1.5325012E+00   8.5591098E-01
    9.6144616E-01   7.8958281E-01   1.9624421E+00   6.7742720E-01   7.9161895E-01
    1.0424664E+00   1.0583067E+00   1.9720344E+00   7.6483329E-01   1.1449968E+00
    1.1931917E+00   2.0937970E+00   1.4660893E+00   8.4819593E-01   1.1670872E+00
    1.1293273E+00   2.1062645E+00   8.9425551E-01   9.0198146E-01   8.7320466E-01
    8.0446104E-01   1.6337663E+00   2.0529732E+00   1.0579617E+00   9.3487199E-01
    8.2227557E-01   1.1910942E+00   1.8620741E+00   1.6181509E+00   1.4751254E+00
    1.4364810E+00   1.3549687E+00   1.3148218E+00   1.3096175E+00   1.3210615E+00
    1.3233474E+00

 2.0235426719E+02   8.5039397E+03   2.2933869E+11   1.7185834E+00   1.4442533E+03   1.0513654E+01   7.1914907E-01    32 
    1.9635240E+00   2.0375746E+00   2.0136412E+00   2.5534970E+00   2.5448691E+00
    1.2158149E+00   1.3824331E+00   1.2225109E+00   7.5857973E-01   6.8310403E-01
    3.0017188E+00   3.0825889E+00   8.3042894E-01   8.1347327E-01   8.4736364E-01
    7.3466651E-01   7.4157109E-01   6.7003126E-01   6.5400125E-01   1.8923313E+00
    1.0345640E+00   7.8438597E-01   7.7359847E-01   9.3246596E-01   9.0292782E-01
    7.1504106E-01   6.9855772E-01   1.6434914E+00   1.4202260E+00   8.2585605E-01
    9.2250563E-01   7.4105631E-01   1.7578438E+00   6.5524165E-01   7.6914072E-01
    9.9665482E-01   1.0116406E+00   1.8061607E+00   7.4698387E-01   1.0979987E+00
    1.1567151E+00   1.9455394E+00   1.4166847E+00   8.3997413E-01   1.1350290E+00
    1.0849868E+00   1.9625266E+00   8.8069797E-01   8.8396490E-01   8.5717101E-01
    8.0038110E-01   1.6024736E+00   1.9198865E+00   1.0354603E+00   9.2049465E-01
    8.2344455E-01   1.1961206E+00   1.7604009E+00   1.5487695E+00   1.4219663E+00
    1.3804232E+00   1.3104219E+00   1.2767450E+00   1.2733824E+00   1.2819499E+00
    1.2836787E+00

 2.0221066229E+02   7.0332435E+03   2.9864459E+11   1.6968177E+00   2.1509105E+03   7.3195243E+00   7.9432505E-01    33 
    1.4909893E+00   1.5554430E+00   1.5192452E+00   2.0614757E+00   2.0532678E+00
    1.0300201E+00   1.1707621E+00   1.0298671E+00   6.7041888E-01   6.0012911E-01
    2.5719087E+00   2.6325446E+00   7.4946946E-01   7.4972871E-01   7.7616411E-01
    6.8767348E-01   6.8939094E-01   6.2461383E-01   6.0877832E-01   1.6899529E+00
    9.6529112E-01   7.4732954E-01   7.3347000E-01   8.8616927E-01   8.5216511E-01
    6.7908915E-01   6.6224055E-01   1.5012308E+00   1.3341778E+00   7.9723465E-01
    8.8606570E-01   7.0839386E-01   1.6341586E+00   6.3429971E-01   7.4894870E-01
    9.5886598E-01   9.7777660E-01   1.7023461E+00   7.3139437E-01   1.0600393E+00
    1.1298764E+00   1.8510857E+00   1.3753216E+00   8.3034989E-01   1.1010356E+00
    1.0453745E+00   1.8714921E+00   8.6996732E-01   8.6563938E-01   8.4028670E-01
    7.9184805E-01   1.5708629E+00   1.8331645E+00   1.0142099E+00   9.0549354E-01
    8.1971115E-01   1.2001623E+00   1.6904110E+00   1.5006959E+00   1.3864427E+00
    1.3439674E+00   1.2841915E+00   1.2558872E+00   1.2530406E+00   1.2591438E+00
    1.2603620E+00

 2.0202603214E+02   5.4180936E+03   3.9325062E+11   1.6697528E+00   3.3717679E+03   5.2129553E+00   8.4846953E-01    34 
    1.0512035E+00   1.0989202E+00   1.0639566E+00   1.5505798E+00   1.5449452E+00
    8.3344154E-01   9.4662881E-01   8.2979732E-01   5.7406300E-01   5.1149792E-01
    2.1169281E+00   2.1623074E+00   6.6193245E-01   6.7502943E-01   6.9109332E-01
    6.3204300E-01   6.2924343E-01   5.6959121E-01   5.5473492E-01   1.4719033E+00
    8.8568298E-01   7.0152926E-01   6.8524927E-01   8.2784078E-01   7.9124273E-01
    6.3452308E-01   6.1803713E-01   1.3470848E+00   1.2339586E+00   7.5949594E-01
    8.3606612E-01   6.7040671E-01   1.4980614E+00   6.0628152E-01   7.2078942E-01
    9.0990834E-01   9.3659051E-01   1.5848374E+00   7.0817460E-01   1.0087383E+00
    1.0920072E+00   1.7422381E+00   1.3256488E+00   8.1301922E-01   1.0555623E+00
    9.9762579E-01   1.7678356E+00   8.5257160E-01   8.4021943E-01   8.1819756E-01
    7.7487263E-01   1.5307758E+00   1.7351777E+00   9.8461763E-01   8.8431387E-01
    8.0822253E-01   1.1973128E+00   1.6099819E+00   1.4438671E+00   1.3438040E+00
    1.3029527E+00   1.2533309E+00   1.2300853E+00   1.2276580E+00   1.2318325E+00
    1.2326608E+00

 2.0181300862E+02   4.0081189E+03   5.2898773E+11   1.6443357E+00   5.4248151E+03   3.7031819E+00   8.8968144E-01    35 
    7.5699550E-01   7.8750597E-01   7.6353791E-01   1.1563137E+00   1.1550683E+00
    6.8119440E-01   7.6718513E-01   6.7318134E-01   4.9492168E-01   4.4081830E-01
    1.7377059E+00   1.7773212E+00   5.9281199E-01   6.1222806E-01   6.1584616E-01
    5.8470458E-01   5.7978665E-01   5.1860991E-01   5.0572493E-01   1.2827996E+00
    8.1921139E-01   6.6174846E-01   6.4440754E-01   7.7497085E-01   7.3971218E-01
    5.9179614E-01   5.7682258E-01   1.2104026E+00   1.1481995E+00   7.2666301E-01
    7.8823499E-01   6.3575293E-01   1.3732307E+00   5.8259065E-01   6.9602379E-01
    8.6480026E-01   8.9726389E-01   1.4727305E+00   6.8879278E-01   9.6102294E-01
    1.0578028E+00   1.6354932E+00   1.2778116E+00   7.9964868E-01   1.0123859E+00
    9.5354435E-01   1.6658307E+00   8.3416965E-01   8.1924485E-01   8.0170823E-01
    7.6170290E-01   1.4895228E+00   1.6383278E+00   9.5772885E-01   8.6788277E-01
    8.0081761E-01   1.1886121E+00   1.5292952E+00   1.3878060E+00   1.3027724E+00
    1.2659092E+00   1.2258713E+00   1.2071029E+00   1.2048572E+00   1.2075165E+00
    1.2080351E+00

 2.0158148519E+02   2.8369940E+03   7.2191050E+11   1.6214460E+00   8.8352129E+03   2.6289233E+00   9.2029411E-01    36 
    5.6448638E-01   5.8292596E-01   5.6876792E-01   8.6572023E-01   8.6733797E-01
    5.6765378E-01   6.2996374E-01   5.5463824E-01   4.3326875E-01   3.8655835E-01
    1.4260448E+00   1.4626271E+00   5.4118165E-01   5.6422070E-01   5.5402012E-01
    5.4798733E-01   5.4163504E-01   4.7477627E-01   4.6376302E-01   1.1172078E+00
    7.6837305E-01   6.3094282E-01   6.1306568E-01   7.3197723E-01   6.9969615E-01
    5.5357283E-01   5.4013488E-01   1.0865122E+00   1.0805394E+00   7.0202023E-01
    7.4785511E-01   6.0544569E-01   1.2555189E+00   5.6680099E-01   6.7771008E-01
    8.2742411E-01   8.6102745E-01   1.3630375E+00   6.7767072E-01   9.2317331E-01
    1.0310794E+00   1.5288287E+00   1.2340919E+00   7.9463886E-01   9.7633077E-01
    9.1693824E-01   1.5629033E+00   8.1779421E-01   8.0622418E-01   7.9270125E-01
    7.5865238E-01   1.4473939E+00   1.5407478E+00   9.3731277E-01   8.5873162E-01
    8.0367178E-01   1.1753832E+00   1.4482432E+00   1.3326303E+00   1.2631263E+00
    1.2318288E+00   1.2005142E+00   1.1856889E+00   1.1836259E+00   1.1851843E+00
    1.1854807E+00

 2.0133372521E+02   1.9624035E+03   9.9609681E+11   1.6034827E+00   1.4276038E+04   1.8640979E+00   9.4276678E-01    37 
    4.5283860E-01   4.6407384E-01   4.5602575E-01   6.6985385E-01   6.7308595E-01
    4.9390412E-01   5.3718063E-01   4.7553294E-01   3.9271779E-01   3.5146145E-01
    1.1852090E+00   1.2201296E+00   5.1074525E-01   5.3570353E-01   5.1175411E-01
    5.2533830E-01   5.1748595E-01   4.4367273E-01   4.3414589E-01   9.7923875E-01
    7.3813782E-01   6.1317401E-01   5.9506895E-01   7.0286079E-01   6.7375803E-01
    5.2469422E-01   5.1246502E-01   9.7880348E-01   1.0375862E+00   6.8990846E-01
    7.1881337E-01   5.8329346E-01   1.1484702E+00   5.6238861E-01   6.6913774E-01
    8.0119320E-01   8.3191041E-01   1.2594050E+00   6.7940112E-01   9.0034888E-01
    1.0155908E+00   1.4263594E+00   1.2000836E+00   8.0102094E-01   9.5161727E-01
    8.9153482E-01   1.4626422E+00   8.0813344E-01   8.0454817E-01   7.9386093E-01
    7.6906442E-01   1.4073632E+00   1.4463303E+00   9.2699257E-01   8.5994261E-01
    8.1931488E-01   1.1603932E+00   1.3709794E+00   1.2812714E+00   1.2270265E+00
    1.2019637E+00   1.1782430E+00   1.1667929E+00   1.1649659E+00   1.1657709E+00
    1.1659174E+00

 2.0107247949E+02   1.4064459E+03   1.3756452E+12   1.5918750E+00   2.2170792E+04   1.3303664E+00   9.5879217E-01    38 
    3.9702607E-01   4.0429743E-01   3.9985696E-01   5.4451476E-01   5.4877963E-01
    4.5486218E-01   4.8245718E-01   4.3046306E-01   3.7215043E-01   3.3463050E-01
    1.0040788E+00   1.0381811E+00   5.0057958E-01   5.2626208E-01   4.9019514E-01
    5.1708798E-01   5.0773853E-01   4.2722939E-01   4.1890709E-01   8.6633151E-01
    7.2938035E-01   6.0927802E-01   5.9119992E-01   6.8800649E-01   6.6179065E-01
    5.0717369E-01   4.9590468E-01   8.8643490E-01   1.0202835E+00   6.9185097E-01
    7.0208729E-01   5.7096585E-01   1.0520086E+00   5.7087403E-01   6.7148618E-01
    7.8679023E-01   8.1101384E-01   1.1624214E+00   6.9594086E-01   8.9381236E-01
    1.0117293E+00   1.3289830E+00   1.1773496E+00   8.1883264E-01   9.3981538E-01
    8.7886529E-01   1.3664673E+00   8.0761775E-01   8.1526234E-01   8.0688306E-01
    7.9306317E-01   1.3688875E+00   1.3573407E+00   9.2806658E-01   8.7297925E-01
    8.4655776E-01   1.1443802E+00   1.2998291E+00   1.2347716E+00   1.1947569E+00
    1.1758214E+00   1.1584380E+00   1.1497953E+00   1.1482648E+00   1.1486000E+00
    1.1486535E+00

 2.0085623681E+02   1.0840699E+03   1.9261024E+12   1.5860418E+00   3.2726424E+04   9.4026439E-01   9.7068673E-01    39 
    3.6885670E-01   3.7414806E-01   3.7178363E-01   4.6919146E-01   4.7421531E-01
    4.3707099E-01   4.5458955E-01   4.0993173E-01   3.6474388E-01   3.3025512E-01
    8.7986031E-01   9.1347377E-01   5.0009796E-01   5.2678747E-01   4.8310986E-01
    5.1613878E-01   5.0586247E-01   4.2306150E-01   4.1594430E-01   7.8277327E-01
    7.3233371E-01   6.1140892E-01   5.9424467E-01   6.7954559E-01   6.5603963E-01
    5.0035308E-01   4.9010441E-01   8.1562785E-01   1.0170497E+00   7.0030219E-01
    6.9191636E-01   5.6841524E-01   9.7477137E-01   5.8481975E-01   6.7812724E-01
    7.7905360E-01   7.9852001E-01   1.0825271E+00   7.2066007E-01   8.9605160E-01
    1.0139228E+00   1.2469368E+00   1.1604995E+00   8.3961874E-01   9.3382966E-01
    8.7531778E-01   1.2847042E+00   8.1579327E-01   8.2914773E-01   8.2131883E-01
    8.2185756E-01   1.3264001E+00   1.2819783E+00   9.3301381E-01   8.8770311E-01
    8.7675520E-01   1.1276936E+00   1.2400698E+00   1.1950665E+00   1.1668353E+00
    1.1530755E+00   1.1407072E+00   1.1343544E+00   1.1331334E+00   1.1332077E+00
    1.1332055E+00

 2.0065915049E+02   9.2452377E+02   2.6912309E+12   1.5850883E+00   4.4780094E+04   6.6825940E-01   9.7907240E-01    40 
    3.5380270E-01   3.5754378E-01   3.5696713E-01   4.2248553E-01   4.2748557E-01
    4.3234731E-01   4.4123820E-01   4.0303966E-01   3.6460357E-01   3.3311422E-01
    7.8908676E-01   8.2097474E-01   5.0290116E-01   5.3294926E-01   4.8426545E-01
    5.1916435E-01   5.0838315E-01   4.3039697E-01   4.2426391E-01   7.1679180E-01
    7.4028354E-01   6.1740954E-01   6.0163582E-01   6.7401799E-01   6.5333251E-01
    5.0324800E-01   4.9389497E-01   7.5855509E-01   1.0174118E+00   7.1277867E-01
    6.8677086E-01   5.7460812E-01   9.0981687E-01   6.0301339E-01   6.8769436E-01
    7.7557881E-01   7.9121986E-01   1.0136967E+00   7.4956756E-01   9.0238406E-01
    1.0163902E+00   1.1742587E+00   1.1438629E+00   8.6008961E-01   9.3158224E-01
    8.7819190E-01   1.2121659E+00   8.2953677E-01   8.4421812E-01   8.3658965E-01
    8.5108140E-01   1.2780313E+00   1.2156856E+00   9.3894781E-01   9.0226302E-01
    9.0491985E-01   1.1082957E+00   1.1874822E+00   1.1582913E+00   1.1394695E+00
    1.1299317E+00   1.1214427E+00   1.1169190E+00   1.1160121E+00   1.1159735E+00
    1.1159473E+00

 2.0047233130E+02   9.1108459E+02   3.7746918E+12   1.5907272E+00   5.5354792E+04   4.7424017E-01   9.8510047E-01    41 
    3.5241205E-01   3.5482765E-01   3.5560828E-01   4.0303494E-01   4.0724426E-01
    4.4357722E-01   4.4095675E-01   4.0836090E-01   3.7159210E-01   3.4291446E-01
    7.2988157E-01   7.5856568E-01   5.0859983E-01   5.4658656E-01   4.9441065E-01
    5.2885881E-01   5.1752444E-01   4.5163837E-01   4.4604294E-01   6.6847402E-01
    7.5277063E-01   6.2986329E-01   6.1556467E-01   6.7402737E-01   6.5599759E-01
    5.1817360E-01   5.0940499E-01   7.1602108E-01   1.0169251E+00   7.3057900E-01
    6.8989836E-01   5.9151241E-01   8.5796200E-01   6.2758298E-01   7.0240797E-01
    7.7805455E-01   7.9008472E-01   9.5690888E-01   7.8235732E-01   9.1183160E-01
    1.0174317E+00   1.1105772E+00   1.1246125E+00   8.8058909E-01   9.3317299E-01
    8.8715302E-01   1.1485286E+00   8.4861896E-01   8.6154992E-01   8.5453136E-01
    8.7985598E-01   1.2244514E+00   1.1575070E+00   9.4577881E-01   9.1704062E-01
    9.2994429E-01   1.0869063E+00   1.1407352E+00   1.1234873E+00   1.1118758E+00
    1.1056326E+00   1.1000942E+00   1.0970112E+00   1.0963874E+00   1.0963188E+00
    1.0962882E+00

 2.0028832410E+02   1.1018243E+03   5.2987303E+12   1.6052652E+00   5.9552149E+04   3.3688805E-01   9.8939155E-01    42 
    3.6884221E-01   3.7025490E-01   3.7178457E-01   4.1130431E-01   4.1433104E-01
    4.7695485E-01   4.5471057E-01   4.2681095E-01   3.8779128E-01   3.6139222E-01
    6.9948406E-01   7.2384125E-01   5.2115756E-01   5.7193032E-01   5.1697988E-01
    5.5042094E-01   5.3812614E-01   4.8899566E-01   4.8347548E-01   6.3668285E-01
    7.7285944E-01   6.5396123E-01   6.4081940E-01   6.8498308E-01   6.6919169E-01
    5.4784739E-01   5.3936008E-01   6.8772881E-01   1.0153865E+00   7.5696809E-01
    7.0607403E-01   6.2135862E-01   8.1876054E-01   6.6260517E-01   7.2636959E-01
    7.8952366E-01   7.9706885E-01   9.1193054E-01   8.1969452E-01   9.2524661E-01
    1.0177805E+00   1.0544613E+00   1.1039134E+00   9.0315968E-01   9.4040791E-01
    9.0257532E-01   1.0928351E+00   8.7298323E-01   8.8435610E-01   8.7948201E-01
    9.0863721E-01   1.1701966E+00   1.1066046E+00   9.5539859E-01   9.3453819E-01
    9.5190330E-01   1.0650993E+00   1.0991399E+00   1.0906998E+00   1.0843760E+00
    1.0806297E+00   1.0772521E+00   1.0752626E+00   1.0748731E+00   1.0748163E+00
    1.0747927E+00

 2.0008606115E+02   1.8314796E+03   7.4679939E+12   1.6330719E+00   5.2410265E+04   2.3874706E-01   9.9246968E-01    43 
    4.1171661E-01   4.1246175E-01   4.1415894E-01   4.5193306E-01   4.5365603E-01
    5.4200827E-01   4.8571956E-01   4.6223173E-01   4.1794590E-01   3.9308006E-01
    6.9526556E-01   7.1386728E-01   5.4893099E-01   6.1508908E-01   5.5822018E-01
    5.9144008E-01   5.7777983E-01   5.4622283E-01   5.4042029E-01   6.1945910E-01
    8.0652968E-01   6.9693345E-01   6.8449647E-01   7.1407130E-01   7.0017699E-01
    5.9659701E-01   5.8822539E-01   6.7315246E-01   1.0151626E+00   7.9650989E-01
    7.4066865E-01   6.6800211E-01   7.9112096E-01   7.1365199E-01   7.6484740E-01
    8.1390833E-01   8.1548196E-01   8.7775778E-01   8.6329565E-01   9.4456108E-01
    1.0200132E+00   1.0038144E+00   1.0850379E+00   9.3048194E-01   9.5522432E-01
    9.2530260E-01   1.0434193E+00   9.0341073E-01   9.1610424E-01   9.1560699E-01
    9.3871466E-01   1.1191411E+00   1.0617517E+00   9.6990680E-01   9.5723347E-01
    9.7178449E-01   1.0442010E+00   1.0619123E+00   1.0599951E+00   1.0574511E+00
    1.0556149E+00   1.0537942E+00   1.0526299E+00   1.0524288E+00   1.0523990E+00
    1.0523866E+00

 1.9985979895E+02   4.4842876E+03   1.0374992E+13   1.6765461E+00   3.5908046E+04   1.7191267E-01   9.9457167E-01    44 
    4.8478110E-01   4.8513263E-01   4.8661943E-01   5.2562366E-01   5.2616149E-01
    6.3619952E-01   5.3117350E-01   5.1318076E-01   4.6254192E-01   4.3852427E-01
    7.1619567E-01   7.2724157E-01   5.9466923E-01   6.7324183E-01   6.1675642E-01
    6.5197210E-01   6.3711513E-01   6.1851485E-01   6.1232256E-01   6.1856950E-01
    8.5253234E-01   7.5672202E-01   7.4471058E-01   7.6100529E-01   7.4885836E-01
    6.6087934E-01   6.5270630E-01   6.7565592E-01   1.0162734E+00   8.4527181E-01
    7.9073006E-01   7.2809149E-01   7.7940427E-01   7.7659677E-01   8.1497070E-01
    8.4962306E-01   8.4522220E-01   8.5922549E-01   9.0799788E-01   9.6719451E-01
    1.0245924E+00   9.6517311E-01   1.0708749E+00   9.5920439E-01   9.7459289E-01
    9.5159774E-01   1.0058954E+00   9.3593256E-01   9.5176505E-01   9.5663470E-01
    9.6638749E-01   1.0775948E+00   1.0274623E+00   9.8651803E-01   9.8119761E-01
    9.8790109E-01   1.0271432E+00   1.0327776E+00   1.0349269E+00   1.0346827E+00
    1.0341326E+00   1.0333138E+00   1.0327125E+00   1.0326420E+00   1.0326373E+00
    1.0326352E+00

 1.9964911071E+02   1.2750342E+04   1.3941423E+13   1.7269855E+00   2.1729645E+04   1.2806913E-01   9.9595312E-01    45 
    5.6780043E-01   5.6795455E-01   5.6909991E-01   6.0910258E-01   6.0895791E-01
    7.3112377E-01   5.7608371E-01   5.6637255E-01   5.0963702E-01   4.8723439E-01
    7.5147998E-01   7.5555959E-01   6.4017077E-01   7.2720002E-01   6.7392805E-01
    7.1351517E-01   6.9834366E-01   6.8576777E-01   6.7973541E-01   6.3223476E-01
    8.9597862E-01   8.1370589E-01   8.0231270E-01   8.0853593E-01   7.9817351E-01
    7.2157749E-01   7.1418297E-01   6.9315224E-01   1.0166195E+00   8.8780838E-01
    8.3851044E-01   7.8436537E-01   7.8451743E-01   8.3316639E-01   8.6077237E-01
    8.8388915E-01   8.7576336E-01   8.5811491E-01   9.4252426E-01   9.8484846E-01
    1.0273940E+00   9.4569376E-01   1.0597524E+00   9.8063378E-01   9.9009384E-01
    9.7278291E-01   9.8546783E-01   9.6170796E-01   9.7863592E-01   9.8684979E-01
    9.8537473E-01   1.0496074E+00   1.0074712E+00   9.9831319E-01   9.9756792E-01
    9.9768333E-01   1.0159727E+00   1.0149139E+00   1.0187341E+00   1.0195319E+00
    1.0196306E+00   1.0193346E+00   1.0190496E+00   1.0190491E+00   1.0190600E+00
    1.0190642E+00

 1.9945055261E+02   3.9609733E+04   1.8005240E+13   1.7831928E+00   1.1791021E+04   9.9309019E-02   9.9686041E-01    46 
    6.5017810E-01   6.5023798E-01   6.5105240E-01   6.9106155E-01   6.9058683E-01
    8.1705127E-01   6.1710547E-01   6.2044675E-01   5.5605757E-01   5.3789354E-01
    7.9683358E-01   7.9622096E-01   6.7605577E-01   7.7094770E-01   7.2338530E-01
    7.6918142E-01   7.5482695E-01   7.4312994E-01   7.3807971E-01   6.5804827E-01
    9.3185502E-01   8.6190927E-01   8.5148281E-01   8.5068818E-01   8.4229565E-01
    7.7333467E-01   7.6747459E-01   7.2077148E-01   1.0169256E+00   9.2147312E-01
    8.7903301E-01   8.3238471E-01   8.0127547E-01   8.7935535E-01   8.9830298E-01
    9.1281225E-01   9.0283415E-01   8.6831605E-01   9.6624207E-01   9.9630298E-01
    1.0274297E+00   9.4007137E-01   1.0498401E+00   9.9437223E-01   1.0002237E+00
    9.8740077E-01   9.7678491E-01   9.7958191E-01   9.9554207E-01   1.0049368E+00
    9.9692745E-01   1.0317552E+00   9.9721983E-01   1.0050168E+00   1.0064777E+00
    1.0028765E+00   1.0092116E+00   1.0049647E+00   1.0091366E+00   1.0102966E+00
    1.0106664E+00   1.0106226E+00   1.0105051E+00   1.0105374E+00   1.0105561E+00
    1.0105636E+00

 1.9925167081E+02   1.3170856E+05   2.2901082E+13   1.8468571E+00   5.7739559E+03   7.8211559E-02   9.9752653E-01    47 
    7.2490688E-01   7.2489860E-01   7.2548022E-01   7.6397217E-01   7.6319085E-01
    8.8812138E-01   6.5997582E-01   6.8257665E-01   6.0674481E-01   5.9798272E-01
    8.4998090E-01   8.4746101E-01   7.0574780E-01   8.0355740E-01   7.6520312E-01
    8.1557512E-01   8.0363204E-01   7.8894658E-01   7.8594710E-01   6.9433121E-01
    9.5937774E-01   8.9954858E-01   8.9082540E-01   8.8457888E-01   8.7854568E-01
    8.1542231E-01   8.1200118E-01   7.5457619E-01   1.0175943E+00   9.4705619E-01
    9.1167625E-01   8.7261479E-01   8.2530117E-01   9.1579721E-01   9.2776660E-01
    9.3625089E-01   9.2615598E-01   8.8510521E-01   9.8194420E-01   1.0029081E+00
    1.0254251E+00   9.4288726E-01   1.0407628E+00   1.0023927E+00   1.0060203E+00
    9.9680368E-01   9.7494145E-01   9.9141496E-01   1.0043325E+00   1.0130353E+00
    1.0031796E+00   1.0201356E+00   9.9264078E-01   1.0076135E+00   1.0097231E+00
    1.0050365E+00   1.0051564E+00   9.9972614E-01   1.0035795E+00   1.0047643E+00
    1.0052098E+00   1.0052797E+00   1.0052495E+00   1.0052935E+00   1.0053141E+00
    1.0053225E+00

 1.9905194783E+02   4.5136329E+05   2.9446332E+13   1.9189422E+00   2.6356539E+03   6.0935064E-02   9.9807235E-01    48 
    7.8901697E-01   7.8894127E-01   7.8939610E-01   8.2402888E-01   8.2292064E-01
    9.4250912E-01   7.1877726E-01   7.6084341E-01   6.7252588E-01   6.7756574E-01
    8.9607399E-01   8.9329891E-01   7.4269291E-01   8.3161380E-01   8.0597387E-01
    8.5350784E-01   8.4558195E-01   8.2448268E-01   8.2432335E-01   7.3191030E-01
    9.8204929E-01   9.2945078E-01   9.2312756E-01   9.1113237E-01   9.0757778E-01
    8.4991285E-01   8.4936742E-01   7.8720651E-01   1.0207870E+00   9.6764449E-01
    9.3809710E-01   9.0663153E-01   8.5051146E-01   9.4529105E-01   9.5127442E-01
    9.5525757E-01   9.4595625E-01   9.0319958E-01   9.9336681E-01   1.0072712E+00
    1.0232508E+00   9.4887030E-01   1.0336155E+00   1.0076167E+00   1.0097120E+00
    1.0032328E+00   9.7580630E-01   9.9970700E-01   1.0085506E+00   1.0153892E+00
    1.0064523E+00   1.0123628E+00   9.9061222E-01   1.0079354E+00   1.0097899E+00
    1.0054808E+00   1.0025462E+00   9.9673461E-01   1.0000509E+00   1.0011348E+00
    1.0015737E+00   1.0016943E+00   1.0017113E+00   1.0017572E+00   1.0017769E+00
    1.0017852E+00

 1.9885501120E+02   1.5514939E+06   3.7131833E+13   1.9988981E+00   1.1206245E+03   4.8412517E-02   9.9846817E-01    49 
    8.4012027E-01   8.3999035E-01   8.4038129E-01   8.6909357E-01   8.6784895E-01
    9.7807293E-01   7.9717196E-01   8.4387808E-01   7.5550758E-01   7.7172564E-01
    9.2675901E-01   9.2470586E-01   7.8930136E-01   8.6038822E-01   8.4815352E-01
    8.8458596E-01   8.8111698E-01   8.5162669E-01   8.5380498E-01   7.6678269E-01
    9.9684093E-01   9.5222309E-01   9.4796808E-01   9.3160862E-01   9.2978526E-01
    8.7825752E-01   8.7973808E-01   8.1538356E-01   1.0240414E+00   9.8327314E-01
    9.5864978E-01   9.3402760E-01   8.7360563E-01   9.6758581E-01   9.6896404E-01
    9.6971195E-01   9.6145013E-01   9.1947234E-01   1.0008691E+00   1.0097022E+00
    1.0209065E+00   9.5547705E-01   1.0278966E+00   1.0106273E+00   1.0117147E+00
    1.0071912E+00   9.7772903E-01   1.0050036E+00   1.0099403E+00   1.0147891E+00
    1.0077097E+00   1.0074261E+00   9.8999134E-01   1.0071035E+00   1.0083862E+00
    1.0050288E+00   1.0009406E+00   9.9515817E-01   9.9793459E-01   9.9888311E-01
    9.9928494E-01   9.9942340E-01   9.9946407E-01   9.9950852E-01   9.9952690E-01
    9.9953463E-01

 1.9865397213E+02   5.2898779E+06   4.5282615E+13   2.0870348E+00   4.4447636E+02   3.9776696E-02   9.9874124E-01    50 
    8.7802975E-01   8.7788248E-01   8.7821168E-01   8.9924067E-01   8.9819106E-01
    9.9143328E-01   8.7859052E-01   9.0731114E-01   8.4572722E-01   8.6369346E-01
    9.5160520E-01   9.5053563E-01   8.3570017E-01   8.8930405E-01   8.8806614E-01
    9.1004524E-01   9.1001548E-01   8.7460530E-01   8.7745955E-01   8.0825450E-01
    9.9786790E-01   9.6600855E-01   9.6283106E-01   9.4637024E-01   9.4510719E-01
    9.0247094E-01   9.0434528E-01   8.4457262E-01   1.0221638E+00   9.9214145E-01
    9.7311979E-01   9.5515262E-01   8.9694054E-01   9.8145907E-01   9.8028401E-01
    9.7932521E-01   9.7247562E-01   9.3501495E-01   1.0035557E+00   1.0090617E+00
    1.0168508E+00   9.6307981E-01   1.0214778E+00   1.0105996E+00   1.0111885E+00
    1.0082611E+00   9.8084550E-01   1.0070487E+00   1.0085443E+00   1.0117381E+00
    1.0068859E+00   1.0041584E+00   9.9061349E-01   1.0051839E+00   1.0059279E+00
    1.0038024E+00   9.9996819E-01   9.9476805E-01   9.9698031E-01   9.9776538E-01
    9.9810958E-01   9.9824292E-01   9.9829152E-01   9.9833187E-01   9.9834851E-01
    9.9835547E-01

 1.9843866584E+02   1.7969254E+07   5.4248301E+13   2.1852259E+00   1.6703169E+02   3.3273518E-02   9.9894692E-01    51 
    9.0677621E-01   9.0665315E-01   9.0689524E-01   9.1993045E-01   9.1926275E-01
    9.8968866E-01   9.3843959E-01   9.4137250E-01   9.2386080E-01   9.3426442E-01
    9.7464939E-01   9.7414972E-01   8.7516635E-01   9.1656814E-01   9.2208022E-01
    9.3301733E-01   9.3468114E-01   9.0250631E-01   9.0430258E-01   8.6422745E-01
    9.8724441E-01   9.7236069E-01   9.6945995E-01   9.5773429E-01   9.5621475E-01
    9.2574367E-01   9.2666712E-01   8.8064086E-01   1.0151104E+00   9.9513806E-01
    9.8240586E-01   9.7081085E-01   9.2283639E-01   9.8820727E-01   9.8635504E-01
    9.8496591E-01   9.7986344E-01   9.5119621E-01   1.0022286E+00   1.0056207E+00
    1.0108752E+00   9.7195212E-01   1.0137146E+00   1.0078331E+00   1.0082765E+00
    1.0067413E+00   9.8508978E-01   1.0062256E+00   1.0053212E+00   1.0073074E+00
    1.0045652E+00   1.0018126E+00   9.9223286E-01   1.0027336E+00   1.0031405E+00
    1.0021515E+00   9.9938335E-01   9.9529216E-01   9.9690838E-01   9.9750657E-01
    9.9777711E-01   9.9788946E-01   9.9793524E-01   9.9796891E-01   9.9798294E-01
    9.9798876E-01

 1.9820308498E+02   6.0970871E+07   6.4676908E+13   2.2954083E+00   6.0438950E+01   2.7973759E-02   9.9911458E-01    52 
    9.3012812E-01   9.3004548E-01   9.3019921E-01   9.3711749E-01   9.3678738E-01
    9.8686758E-01   9.7042472E-01   9.5862927E-01   9.7032532E-01   9.7205063E-01
    9.8881485E-01   9.8851713E-01   9.1223074E-01   9.4176585E-01   9.5022909E-01
    9.5621111E-01   9.5844525E-01   9.3945219E-01   9.3982525E-01   9.2661756E-01
    9.7535808E-01   9.7580441E-01   9.7319103E-01   9.6817119E-01   9.6645913E-01
    9.4851558E-01   9.4841769E-01   9.2208400E-01   1.0072021E+00   9.9534596E-01
    9.8810022E-01   9.8161506E-01   9.4939691E-01   9.9113232E-01   9.8950430E-01
    9.8828249E-01   9.8486585E-01   9.6714515E-01   9.9934506E-01   1.0013328E+00
    1.0046401E+00   9.8104756E-01   1.0061154E+00   1.0040551E+00   1.0044580E+00
    1.0039639E+00   9.8972441E-01   1.0038614E+00   1.0021789E+00   1.0033632E+00
    1.0021305E+00   1.0003034E+00   9.9438562E-01   1.0008144E+00   1.0011011E+00
    1.0008158E+00   9.9918611E-01   9.9640778E-01   9.9747278E-01   9.9788705E-01
    9.9807958E-01   9.9816324E-01   9.9819976E-01   9.9822500E-01   9.9823557E-01
    9.9823993E-01

 1.9794435244E+02   2.0422008E+08   7.7108315E+13   2.4192757E+00   2.1360182E+01   2.3525641E-02   9.9925531E-01    53 
    9.5166586E-01   9.5161563E-01   9.5170643E-01   9.5512853E-01   9.5499451E-01
    9.8886198E-01   9.8654473E-01   9.7209895E-01   9.8747146E-01   9.8518698E-01
    9.9309328E-01   9.9289106E-01   9.5010037E-01   9.6629457E-01   9.7463810E-01
    9.7829306E-01   9.8048379E-01   9.7428045E-01   9.7396553E-01   9.7141746E-01
    9.7210478E-01   9.8095359E-01   9.7894050E-01   9.7900739E-01   9.7756907E-01
    9.6925694E-01   9.6879646E-01   9.5850908E-01   1.0021813E+00   9.9561429E-01
    9.9173940E-01   9.8824963E-01   9.7097251E-01   9.9337157E-01   9.9197454E-01
    9.9092559E-01   9.8873479E-01   9.8011628E-01   9.9751973E-01   9.9852340E-01
    1.0004108E+00   9.8843718E-01   1.0009778E+00   1.0012774E+00   1.0015930E+00
    1.0016648E+00   9.9359550E-01   1.0017377E+00   1.0004009E+00   1.0010235E+00
    1.0006128E+00   9.9958522E-01   9.9636603E-01   9.9989051E-01   1.0001417E+00
    1.0001585E+00   9.9927871E-01   9.9759860E-01   9.9824880E-01   9.9851575E-01
    9.9864265E-01   9.9869971E-01   9.9872572E-01   9.9874297E-01   9.9875017E-01
    9.9875313E-01

 1.9766195712E+02   6.5063625E+08   9.1691218E+13   2.5578846E+00   7.4441222E+00   1.9846162E-02   9.9937175E-01    54 
    9.6980734E-01   9.6977661E-01   9.6983140E-01   9.7155860E-01   9.7151205E-01
    9.9298003E-01   9.9431125E-01   9.8349882E-01   9.9427764E-01   9.9178738E-01
    9.9621526E-01   9.9608970E-01   9.7992309E-01   9.8696221E-01   9.9221787E-01
    9.9354271E-01   9.9483786E-01   9.9376575E-01   9.9338965E-01   9.9218279E-01
    9.7824339E-01   9.8803721E-01   9.8671487E-01   9.8895820E-01   9.8803522E-01
    9.8551148E-01   9.8510977E-01   9.8262008E-01   1.0000228E+00   9.9663161E-01
    9.9445312E-01   9.9243894E-01   9.8520002E-01   9.9576063E-01   9.9456374E-01
    9.9368631E-01   9.9233966E-01   9.8909847E-01   9.9735722E-01   9.9777224E-01
    9.9875531E-01   9.9353089E-01   9.9886384E-01   1.0000238E+00   1.0002391E+00
    1.0005088E+00   9.9633956E-01   1.0006278E+00   9.9977043E-01   9.9998796E-01
    9.9992533E-01   9.9943553E-01   9.9786309E-01   9.9961653E-01   9.9983117E-01
    9.9994199E-01   9.9949238E-01   9.9856417E-01   9.9893743E-01   9.9909928E-01
    9.9917744E-01   9.9921359E-01   9.9923040E-01   9.9924129E-01   9.9924579E-01
    9.9924762E-01

 1.9735614393E+02   1.8186007E+09   1.0808027E+14   2.7118026E+00   2.5787382E+00   1.6910217E-02   9.9946466E-01    55 
    9.8165704E-01   9.8163622E-01   9.8167317E-01   9.8262337E-01   9.8261064E-01
    9.9587446E-01   9.9731556E-01   9.9068042E-01   9.9733705E-01   9.9573371E-01
    9.9790848E-01   9.9784266E-01   9.9535395E-01   9.9834957E-01   1.0003364E+00
    1.0007444E+00   1.0011644E+00   1.0014219E+00   1.0011548E+00   1.0003340E+00
    9.8755706E-01   9.9432029E-01   9.9367798E-01   9.9574109E-01   9.9530954E-01
    9.9507372E-01   9.9483587E-01   9.9487164E-01   9.9959539E-01   9.9807512E-01
    9.9695023E-01   9.9587907E-01   9.9382065E-01   9.9798259E-01   9.9711848E-01
    9.9650596E-01   9.9578382E-01   9.9497146E-01   9.9821189E-01   9.9836218E-01
    9.9883560E-01   9.9691047E-01   9.9880014E-01   9.9979213E-01   9.9993365E-01
    1.0001925E+00   9.9822808E-01   1.0002975E+00   9.9973048E-01   9.9972403E-01
    9.9975506E-01   9.9963473E-01   9.9896327E-01   9.9967837E-01   9.9984845E-01
    9.9995791E-01   9.9976567E-01   9.9931398E-01   9.9950171E-01   9.9958764E-01
    9.9962909E-01   9.9964856E-01   9.9965744E-01   9.9966323E-01   9.9966555E-01
    9.9966649E-01

 1.9702533428E+02   3.9740000E+09   1.2537925E+14   2.8812945E+00   8.9640685E-01   1.4694683E-02   9.9953478E-01    56 
    9.8740827E-01   9.8739001E-01   9.8742179E-01   9.8805152E-01   9.8804795E-01
    9.9699656E-01   9.9810425E-01   9.9398480E-01   9.9820068E-01   9.9718034E-01
    9.9821128E-01   9.9817603E-01   1.0006009E+00   1.0020150E+00   1.0025593E+00
    1.0026896E+00   1.0027688E+00   1.0030334E+00   1.0028470E+00   1.0023017E+00
    9.9461999E-01   9.9825552E-01   9.9807796E-01   9.9913803E-01   9.9899700E-01
    9.9910153E-01   9.9897880E-01   9.9931444E-01   9.9997689E-01   9.9941860E-01
    9.9896754E-01   9.9851640E-01   9.9818849E-01   9.9954731E-01   9.9906674E-01
    9.9871222E-01   9.9837999E-01   9.9825117E-01   9.9929948E-01   9.9936006E-01
    9.9957990E-01   9.9887050E-01   9.9954799E-01   1.0000192E+00   1.0001125E+00
    1.0002833E+00   9.9936226E-01   1.0003566E+00   9.9993816E-01   9.9986361E-01
    9.9984590E-01   9.9991471E-01   9.9965334E-01   9.9987523E-01   9.9999694E-01
    1.0000559E+00   9.9999187E-01   9.9979483E-01   9.9987191E-01   9.9990877E-01
    9.9992588E-01   9.9993388E-01   9.9993721E-01   9.9993941E-01   9.9994024E-01
    9.9994058E-01

 1.9666300152E+02   6.4319320E+09   1.4286844E+14   3.0670301E+00   3.1623786E-01   1.3142531E-02   9.9958391E-01    57 
    9.8993068E-01   9.8990951E-01   9.8994503E-01   9.9046118E-01   9.9045596E-01
    9.9740842E-01   9.9833934E-01   9.9547993E-01   9.9834821E-01   9.9762829E-01
    9.9817983E-01   9.9815342E-01   1.0014753E+00   1.0022754E+00   1.0023862E+00
    1.0024864E+00   1.0024690E+00   1.0025655E+00   1.0024260E+00   1.0020535E+00
    9.9865086E-01   1.0002241E+00   1.0002175E+00   1.0005885E+00   1.0005456E+00
    1.0005766E+00   1.0005044E+00   1.0006748E+00   1.0000731E+00   1.0001029E+00
    1.0000426E+00   9.9990413E-01   9.9991963E-01   1.0003038E+00   1.0000839E+00
    9.9988856E-01   9.9974215E-01   9.9970409E-01   9.9999963E-01   1.0000335E+00
    1.0001287E+00   9.9977760E-01   1.0001191E+00   1.0002259E+00   1.0002897E+00
    1.0003859E+00   9.9989795E-01   1.0004322E+00   1.0001344E+00   1.0000744E+00
    9.9999155E-01   1.0000909E+00   9.9998236E-01   1.0000438E+00   1.0001219E+00
    1.0001204E+00   1.0001043E+00   1.0000216E+00   1.0000434E+00   1.0000536E+00
    1.0000575E+00   1.0000592E+00   1.0000595E+00   1.0000597E+00   1.0000598E+00
    1.0000598E+00

 1.9625415987E+02   8.2218728E+09   1.6071043E+14   3.2702900E+00   1.1464420E-01   1.2194448E-02   9.9961392E-01    58 
    9.9181621E-01   9.9179745E-01   9.9183164E-01   9.9225759E-01   9.9225736E-01
    9.9784019E-01   9.9882657E-01   9.9653569E-01   9.9881071E-01   9.9824509E-01
    9.9866505E-01   9.9864502E-01   1.0011851E+00   1.0016937E+00   1.0016554E+00
    1.0018837E+00   1.0018237E+00   1.0018128E+00   1.0017004E+00   1.0014779E+00
    1.0005837E+00   1.0009626E+00   1.0009945E+00   1.0010363E+00   1.0010030E+00
    1.0009469E+00   1.0008907E+00   1.0009129E+00   9.9992504E-01   1.0002718E+00
    1.0004032E+00   1.0003854E+00   1.0003657E+00   1.0005068E+00   1.0004094E+00
    1.0002916E+00   1.0002204E+00   1.0001604E+00   1.0002473E+00   1.0002644E+00
    1.0002894E+00   1.0000652E+00   1.0002808E+00   1.0002726E+00   1.0003043E+00
    1.0003490E+00   1.0000581E+00   1.0003738E+00   1.0002180E+00   1.0001936E+00
    1.0001061E+00   1.0001273E+00   1.0000678E+00   1.0001146E+00   1.0001570E+00
    1.0001181E+00   1.0001094E+00   1.0000700E+00   1.0000709E+00   1.0000706E+00
    1.0000696E+00   1.0000692E+00   1.0000685E+00   1.0000681E+00   1.0000679E+00
    1.0000679E+00

 1.9577062136E+02   9.2466783E+09   1.7960928E+14   3.4935986E+00   4.2925598E-02   1.1646383E-02   9.9963127E-01    59 
    9.9292886E-01   9.9291958E-01   9.9294630E-01   9.9330354E-01   9.9331520E-01
    9.9807800E-01   9.9925942E-01   9.9722472E-01   9.9930844E-01   9.9881812E-01
    9.9918600E-01   9.9917324E-01   1.0006857E+00   1.0010621E+00   1.0009624E+00
    1.0013266E+00   1.0012356E+00   1.0011367E+00   1.0010398E+00   1.0009352E+00
    1.0010983E+00   1.0009987E+00   1.0010158E+00   1.0009780E+00   1.0009201E+00
    1.0008279E+00   1.0007716E+00   1.0007045E+00   9.9987813E-01   1.0002091E+00
    1.0003476E+00   1.0003379E+00   1.0002772E+00   1.0003827E+00   1.0003288E+00
    1.0002458E+00   1.0001981E+00   1.0001381E+00   1.0001791E+00   1.0001750E+00
    1.0001652E+00   1.0000349E+00   1.0001475E+00   1.0001560E+00   1.0001521E+00
    1.0001604E+00   1.0000119E+00   1.0001657E+00   1.0001550E+00   1.0001438E+00
    1.0000802E+00   1.0000390E+00   1.0000105E+00   1.0000683E+00   1.0000873E+00
    1.0000501E+00   1.0000341E+00   1.0000108E+00   1.0000112E+00   1.0000113E+00
    1.0000114E+00   1.0000117E+00   1.0000118E+00   1.0000117E+00   1.0000117E+00
    1.0000117E+00

 1.9516854620E+02   1.0141604E+10   2.0172468E+14   3.7391275E+00   1.6851011E-02   1.0958153E-02   9.9965306E-01    60 
    9.9410660E-01   9.9410187E-01   9.9412793E-01   9.9445967E-01   9.9447313E-01
    9.9827696E-01   9.9939833E-01   9.9779997E-01   9.9960467E-01   9.9921757E-01
    9.9949651E-01   9.9948546E-01   1.0001514E+00   1.0004567E+00   1.0003254E+00
    1.0007041E+00   1.0006169E+00   1.0004983E+00   1.0004223E+00   1.0003937E+00
    1.0007018E+00   1.0005785E+00   1.0005541E+00   1.0005629E+00   1.0004608E+00
    1.0003948E+00   1.0003340E+00   1.0002698E+00   9.9978302E-01   9.9999505E-01
    1.0000837E+00   1.0000578E+00   1.0000153E+00   1.0000905E+00   1.0000668E+00
    1.0000185E+00   9.9998631E-01   9.9995771E-01   9.9999102E-01   9.9998275E-01
    9.9997223E-01   9.9991463E-01   9.9995184E-01   9.9999561E-01   9.9997533E-01
    9.9996933E-01   9.9991901E-01   9.9996517E-01   1.0000307E+00   1.0000250E+00
    9.9999071E-01   9.9993618E-01   9.9993082E-01   9.9998528E-01   9.9999287E-01
    9.9997694E-01   9.9995643E-01   9.9994098E-01   9.9994759E-01   9.9995158E-01
    9.9995401E-01   9.9995574E-01   9.9995675E-01   9.9995726E-01   9.9995753E-01
    9.9995761E-01

 1.9441207617E+02   1.1637008E+10   2.3469952E+14   4.0074181E+00   7.2235374E-03   9.7160845E-03   9.9969237E-01    61 
    9.9603872E-01   9.9602988E-01   9.9605598E-01   9.9630256E-01   9.9631034E-01
    9.9873689E-01   9.9930703E-01   9.9858170E-01   9.9970593E-01   9.9951472E-01
    9.9963780E-01   9.9962995E-01   9.9989219E-01   1.0000847E+00   9.9998943E-01
    1.0002348E+00   1.0002042E+00   1.0001193E+00   1.0000841E+00   1.0000789E+00
    1.0002338E+00   1.0002079E+00   1.0001668E+00   1.0002187E+00   1.0001133E+00
    1.0000975E+00   1.0000510E+00   1.0000208E+00   9.9980661E-01   9.9991482E-01
    9.9995181E-01   9.9992823E-01   9.9991310E-01   9.9994327E-01   9.9994569E-01
    9.9992784E-01   9.9991405E-01   9.9990632E-01   9.9992837E-01   9.9992814E-01
    9.9992711E-01   9.9990563E-01   9.9991266E-01   9.9995617E-01   9.9993749E-01
    9.9992805E-01   9.9992233E-01   9.9992248E-01   9.9998568E-01   9.9998781E-01
    9.9997717E-01   9.9993496E-01   9.9993731E-01   9.9997487E-01   9.9997816E-01
    9.9997699E-01   9.9995617E-01   9.9994826E-01   9.9995528E-01   9.9995924E-01
    9.9996145E-01   9.9996291E-01   9.9996382E-01   9.9996432E-01   9.9996456E-01
    9.9996462E-01

 1.9350672151E+02   1.4207379E+10   2.8802504E+14   4.3008418E+00   3.4474082E-03   8.0627238E-03   9.9974471E-01    62 
    9.9761614E-01   9.9761272E-01   9.9762983E-01   9.9782467E-01   9.9782585E-01
    9.9909100E-01   9.9939742E-01   9.9914023E-01   9.9972978E-01   9.9965245E-01
    9.9968474E-01   9.9967657E-01   9.9977420E-01   9.9989609E-01   9.9982304E-01
    9.9998115E-01   9.9996833E-01   9.9991384E-01   9.9989872E-01   9.9990680E-01
    9.9999901E-01   1.0000099E+00   9.9997440E-01   1.0000252E+00   9.9995365E-01
    9.9994733E-01   9.9991840E-01   9.9991140E-01   9.9988379E-01   9.9991294E-01
    9.9992194E-01   9.9990140E-01   9.9989918E-01   9.9991491E-01   9.9992324E-01
    9.9991944E-01   9.9991255E-01   9.9991557E-01   9.9993695E-01   9.9994033E-01
    9.9994466E-01   9.9993445E-01   9.9993623E-01   9.9996668E-01   9.9995614E-01
    9.9995002E-01   9.9995151E-01   9.9994641E-01   9.9998332E-01   9.9998631E-01
    9.9998804E-01   9.9996073E-01   9.9996347E-01   9.9998573E-01   9.9998659E-01
    9.9999084E-01   9.9997502E-01   9.9997134E-01   9.9997623E-01   9.9997883E-01
    9.9998021E-01   9.9998108E-01   9.9998162E-01   9.9998193E-01   9.9998208E-01
    9.9998211E-01

 1.9248621879E+02   1.8297846E+10   3.7161624E+14   4.6216663E+00   1.8349145E-03   6.3367039E-03   9.9979936E-01    63 
    9.9862297E-01   9.9862852E-01   9.9863610E-01   9.9880626E-01   9.9880292E-01
    9.9937398E-01   9.9958972E-01   9.9948755E-01   9.9977801E-01   9.9974648E-01
    9.9975645E-01   9.9974804E-01   9.9978206E-01   9.9986634E-01   9.9980749E-01
    9.9991071E-01   9.9989389E-01   9.9986576E-01   9.9985659E-01   9.9986907E-01
    9.9992336E-01   9.9994776E-01   9.9992438E-01   9.9995575E-01   9.9992132E-01
    9.9991242E-01   9.9989781E-01   9.9989987E-01   9.9993409E-01   9.9993484E-01
    9.9993501E-01   9.9991987E-01   9.9992272E-01   9.9993717E-01   9.9994315E-01
    9.9994298E-01   9.9993884E-01   9.9994416E-01   9.9996042E-01   9.9996319E-01
    9.9996671E-01   9.9996251E-01   9.9996188E-01   9.9998063E-01   9.9997542E-01
    9.9997255E-01   9.9997436E-01   9.9997050E-01   9.9999041E-01   9.9999220E-01
    9.9999698E-01   9.9998052E-01   9.9998181E-01   9.9999424E-01   9.9999390E-01
    9.9999801E-01   9.9998825E-01   9.9998644E-01   9.9998924E-01   9.9999066E-01
    9.9999140E-01   9.9999184E-01   9.9999212E-01   9.9999228E-01   9.9999235E-01
    9.9999237E-01

 1.9138862936E+02   2.4552268E+10   4.9897915E+14   4.9723599E+00   1.0864997E-03   4.7801546E-03   9.9984864E-01    64 
    9.9922217E-01   9.9923441E-01   9.9923467E-01   9.9936829E-01   9.9936280E-01
    9.9959571E-01   9.9975125E-01   9.9969449E-01   9.9984056E-01   9.9982388E-01
    9.9983783E-01   9.9982862E-01   9.9984992E-01   9.9990328E-01   9.9985999E-01
    9.9992092E-01   9.9990394E-01   9.9989170E-01   9.9988467E-01   9.9989585E-01
    9.9992897E-01   9.9994873E-01   9.9993667E-01   9.9994983E-01   9.9993829E-01
    9.9992930E-01   9.9992339E-01   9.9992726E-01   9.9995758E-01   9.9995710E-01
    9.9995665E-01   9.9994809E-01   9.9995136E-01   9.9996326E-01   9.9996621E-01
    9.9996618E-01   9.9996356E-01   9.9996790E-01   9.9997741E-01   9.9997889E-01
    9.9998042E-01   9.9997984E-01   9.9997801E-01   9.9998775E-01   9.9998589E-01
    9.9998524E-01   9.9998666E-01   9.9998424E-01   9.9999495E-01   9.9999572E-01
    9.9999859E-01   9.9999043E-01   9.9999074E-01   9.9999716E-01   9.9999662E-01
    9.9999876E-01   9.9999398E-01   9.9999317E-01   9.9999462E-01   9.9999535E-01
    9.9999574E-01   9.9999597E-01   9.9999611E-01   9.9999619E-01   9.9999622E-01
    9.9999623E-01

 1.9025014786E+02   3.3728759E+10   6.8568818E+14   5.3549808E+00   7.1172723E-04   3.5225794E-03   9.9988846E-01    65 
    9.9959113E-01   9.9960521E-01   9.9960196E-01   9.9969025E-01   9.9968411E-01
    9.9977334E-01   9.9986862E-01   9.9983475E-01   9.9990695E-01   9.9989544E-01
    9.9990964E-01   9.9989967E-01   9.9992077E-01   9.9995073E-01   9.9992313E-01
    9.9995414E-01   9.9994208E-01   9.9993808E-01   9.9993305E-01   9.9994021E-01
    9.9995682E-01   9.9997003E-01   9.9996503E-01   9.9996989E-01   9.9996699E-01
    9.9996132E-01   9.9995912E-01   9.9996166E-01   9.9998043E-01   9.9998031E-01
    9.9997952E-01   9.9997522E-01   9.9997664E-01   9.9998524E-01   9.9998617E-01
    9.9998548E-01   9.9998390E-01   9.9998567E-01   9.9999097E-01   9.9999135E-01
    9.9999127E-01   9.9999133E-01   9.9999016E-01   9.9999446E-01   9.9999380E-01
    9.9999373E-01   9.9999436E-01   9.9999327E-01   9.9999859E-01   9.9999892E-01
    9.9999944E-01   9.9999613E-01   9.9999614E-01   9.9999927E-01   9.9999868E-01
    9.9999943E-01   9.9999746E-01   9.9999717E-01   9.9999778E-01   9.9999809E-01
    9.9999827E-01   9.9999837E-01   9.9999843E-01   9.9999846E-01   9.9999848E-01
    9.9999848E-01

 1.8907272830E+02   4.6894118E+10   9.5348909E+14   5.7806580E+00   5.0926848E-04   2.5657227E-03   9.9991876E-01    66 
    9.9979465E-01   9.9980692E-01   9.9980316E-01   9.9985544E-01   9.9984933E-01
    9.9988553E-01   9.9993604E-01   9.9991803E-01   9.9995406E-01   9.9994533E-01
    9.9995665E-01   9.9994629E-01   9.9996373E-01   9.9997920E-01   9.9996403E-01
    9.9997796E-01   9.9997147E-01   9.9997054E-01   9.9996743E-01   9.9997122E-01
    9.9997856E-01   9.9998616E-01   9.9998408E-01   9.9998593E-01   9.9998505E-01
    9.9998258E-01   9.9998158E-01   9.9998298E-01   9.9999293E-01   9.9999306E-01
    9.9999222E-01   9.9999014E-01   9.9999050E-01   9.9999568E-01   9.9999579E-01
    9.9999504E-01   9.9999417E-01   9.9999460E-01   9.9999732E-01   9.9999720E-01
    9.9999674E-01   9.9999684E-01   9.9999629E-01   9.9999792E-01   9.9999769E-01
    9.9999771E-01   9.9999796E-01   9.9999751E-01   9.9999996E-01   1.0000001E+00
    9.9999981E-01   9.9999863E-01   9.9999862E-01   1.0000001E+00   9.9999964E-01
    9.9999985E-01   9.9999910E-01   9.9999900E-01   9.9999923E-01   9.9999935E-01
    9.9999941E-01   9.9999945E-01   9.9999947E-01   9.9999949E-01   9.9999949E-01
    9.9999949E-01

 1.8817484691E+02   6.0063226E+10   1.2213470E+15   6.1291410E+00   4.2104351E-04   2.0224831E-03   9.9993596E-01    67 
    9.9988427E-01   9.9989430E-01   9.9989111E-01   9.9992458E-01   9.9991869E-01
    9.9993678E-01   9.9996679E-01   9.9995533E-01   9.9997672E-01   9.9996923E-01
    9.9997851E-01   9.9996812E-01   9.9998199E-01   9.9999105E-01   9.9998169E-01
    9.9998882E-01   9.9998491E-01   9.9998489E-01   9.9998276E-01   9.9998495E-01
    9.9998819E-01   9.9999284E-01   9.9999192E-01   9.9999290E-01   9.9999251E-01
    9.9999141E-01   9.9999081E-01   9.9999168E-01   9.9999755E-01   9.9999771E-01
    9.9999687E-01   9.9999568E-01   9.9999571E-01   9.9999891E-01   9.9999874E-01
    9.9999819E-01   9.9999767E-01   9.9999774E-01   9.9999925E-01   9.9999903E-01
    9.9999864E-01   9.9999871E-01   9.9999841E-01   9.9999916E-01   9.9999905E-01
    9.9999906E-01   9.9999917E-01   9.9999896E-01   1.0000003E+00   1.0000003E+00
    9.9999998E-01   9.9999945E-01   9.9999944E-01   1.0000003E+00   9.9999995E-01
    9.9999998E-01   9.9999964E-01   9.9999960E-01   9.9999969E-01   9.9999974E-01
    9.9999977E-01   9.9999979E-01   9.9999980E-01   9.9999980E-01   9.9999980E-01
    9.9999981E-01

 1.8769500519E+02   6.8414173E+10   1.3912074E+15   6.3240916E+00   3.8896590E-04   1.7847436E-03   9.9994348E-01    68 
    9.9991836E-01   9.9992722E-01   9.9992434E-01   9.9995021E-01   9.9994446E-01
    9.9995611E-01   9.9997866E-01   9.9996930E-01   9.9998544E-01   9.9997842E-01
    9.9998683E-01   9.9997649E-01   9.9998848E-01   9.9999509E-01   9.9998790E-01
    9.9999269E-01   9.9998972E-01   9.9998999E-01   9.9998824E-01   9.9998985E-01
    9.9999152E-01   9.9999509E-01   9.9999454E-01   9.9999527E-01   9.9999501E-01
    9.9999438E-01   9.9999392E-01   9.9999460E-01   9.9999892E-01   9.9999910E-01
    9.9999829E-01   9.9999741E-01   9.9999737E-01   9.9999980E-01   9.9999953E-01
    9.9999908E-01   9.9999870E-01   9.9999870E-01   9.9999974E-01   9.9999952E-01
    9.9999919E-01   9.9999927E-01   9.9999905E-01   9.9999951E-01   9.9999944E-01
    9.9999945E-01   9.9999952E-01   9.9999938E-01   1.0000003E+00   1.0000003E+00
    1.0000000E+00   9.9999967E-01   9.9999968E-01   1.0000003E+00   1.0000000E+00
    1.0000000E+00   9.9999978E-01   9.9999976E-01   9.9999982E-01   9.9999985E-01
    9.9999987E-01   9.9999988E-01   9.9999988E-01   9.9999989E-01   9.9999989E-01
    9.9999989E-01

 1.8745416626E+02   7.2994429E+10   1.4843738E+15   6.4241193E+00   3.7599570E-04   1.6770716E-03   9.9994689E-01    69 
    9.9991723E-01   9.9992703E-01   9.9992391E-01   9.9995080E-01   9.9994500E-01
    9.9995582E-01   9.9997935E-01   9.9996935E-01   9.9998577E-01   9.9997854E-01
    9.9998708E-01   9.9997666E-01   9.9998817E-01   9.9999495E-01   9.9998817E-01
    9.9999254E-01   9.9998975E-01   9.9998994E-01   9.9998826E-01   9.9998983E-01
    9.9999134E-01   9.9999499E-01   9.9999444E-01   9.9999516E-01   9.9999493E-01
    9.9999434E-01   9.9999391E-01   9.9999461E-01   9.9999880E-01   9.9999895E-01
    9.9999822E-01   9.9999738E-01   9.9999738E-01   9.9999990E-01   9.9999958E-01
    9.9999914E-01   9.9999875E-01   9.9999872E-01   9.9999981E-01   9.9999956E-01
    9.9999923E-01   9.9999929E-01   9.9999909E-01   9.9999955E-01   9.9999948E-01
    9.9999948E-01   9.9999953E-01   9.9999941E-01   1.0000004E+00   1.0000004E+00
    1.0000000E+00   9.9999969E-01   9.9999969E-01   1.0000003E+00   1.0000000E+00
    1.0000000E+00   9.9999979E-01   9.9999978E-01   9.9999983E-01   9.9999986E-01
    9.9999988E-01   9.9999989E-01   9.9999989E-01   9.9999990E-01   9.9999990E-01
    9.9999990E-01

 1.8737376925E+02   7.4583721E+10   1.5167024E+15   6.4578542E+00   3.7205474E-04   1.6427486E-03   9.9994798E-01    70 
    9.9983360E-01   9.9989445E-01   9.9989066E-01   9.9995135E-01   9.9994549E-01
    9.9995622E-01   1.0000138E+00   9.9998536E-01   9.9999965E-01   9.9998664E-01
    9.9998073E-01   9.9996970E-01   9.9999435E-01   1.0000082E+00   9.9999538E-01
    9.9999466E-01   9.9998996E-01   9.9998086E-01   9.9997832E-01   9.9997745E-01
    9.9998739E-01   9.9999300E-01   9.9999289E-01   9.9999086E-01   9.9999106E-01
    9.9998673E-01   9.9998635E-01   9.9998516E-01   1.0000000E+00   9.9999855E-01
    9.9999606E-01   9.9999330E-01   9.9999203E-01   1.0000036E+00   1.0000003E+00
    9.9999851E-01   9.9999698E-01   9.9999579E-01   1.0000008E+00   9.9999969E-01
    9.9999885E-01   9.9999767E-01   9.9999842E-01   9.9999980E-01   9.9999953E-01
    9.9999934E-01   9.9999861E-01   9.9999912E-01   1.0000026E+00   1.0000027E+00
    1.0000004E+00   9.9999931E-01   9.9999915E-01   1.0000014E+00   1.0000012E+00
    1.0000003E+00   9.9999960E-01   9.9999944E-01   9.9999961E-01   9.9999969E-01
    9.9999973E-01   9.9999976E-01   9.9999977E-01   9.9999978E-01   9.9999979E-01
    9.9999979E-01
