
 24-FEB-2004                           !Format date

 1.5133983033E+02     1.7654E+05       30       70

 3.3556603469E+04   1.8299254E+05   2.3895698E+05   9.0434694E-01   5.6925612E-08   1.9278461E+03   5.0000000E-02     1 
    1.3057598E+01   7.0369772E-01   1.4919702E+00   2.7033429E+00   2.5819485E+00
    3.0036816E+00   2.7267841E+00   2.4071630E+00   1.2769725E+00   7.8323385E-01
    6.5023115E-01   5.8418986E-01   6.6354369E-01   6.7271642E-01   6.4224114E-01
    6.4632022E-01   6.7408328E-01   6.6489328E-01   6.5940158E-01   6.7321259E-01
    6.7200586E-01   6.8754843E-01   6.9888033E-01   7.1315871E-01   7.2279503E-01
    7.3211956E-01   7.3819500E-01   7.4328668E-01   7.4647685E-01   7.4771586E-01

 3.3214818045E+04   1.8679787E+05   2.4392871E+05   9.0552842E-01   5.6879331E-08   1.9276406E+03   5.0000000E-02     2 
    1.3101024E+01   7.0846249E-01   1.4973855E+00   2.7097373E+00   2.5872155E+00
    3.0091428E+00   2.7313701E+00   2.4105388E+00   1.2789855E+00   7.8413127E-01
    6.5091473E-01   5.8476339E-01   6.6414041E-01   6.7329393E-01   6.4280776E-01
    6.4687863E-01   6.7456974E-01   6.6541799E-01   6.5998627E-01   6.7373260E-01
    6.7266484E-01   6.8815069E-01   6.9948229E-01   7.1368310E-01   7.2328220E-01
    7.3253667E-01   7.3856863E-01   7.4360897E-01   7.4676404E-01   7.4799138E-01

 3.2541174188E+04   1.9465410E+05   2.5419156E+05   9.0794268E-01   5.6784576E-08   1.9272220E+03   5.0000000E-02     3 
    1.3199039E+01   7.1829239E-01   1.5084745E+00   2.7228071E+00   2.5979747E+00
    3.0202980E+00   2.7407363E+00   2.4174307E+00   1.2830976E+00   7.8596243E-01
    6.5230958E-01   5.8593388E-01   6.6535776E-01   6.7447197E-01   6.4396429E-01
    6.4801826E-01   6.7556216E-01   6.6648926E-01   6.6117941E-01   6.7479778E-01
    6.7400604E-01   6.8937832E-01   7.0070578E-01   7.1475060E-01   7.2427300E-01
    7.3338755E-01   7.3933230E-01   7.4427103E-01   7.4735683E-01   7.4856100E-01

 3.1236767549E+04   2.1134473E+05   2.7599486E+05   9.1302121E-01   5.6585575E-08   1.9263631E+03   5.0000000E-02     4 
    1.3455437E+01   7.3926694E-01   1.5318902E+00   2.7503242E+00   2.6205915E+00
    3.0437172E+00   2.7603806E+00   2.4318914E+00   1.2917122E+00   7.8980334E-01
    6.5523588E-01   5.8838959E-01   6.6791071E-01   6.7694221E-01   6.4639106E-01
    6.5040861E-01   6.7764598E-01   6.6873912E-01   6.6367897E-01   6.7704776E-01
    6.7679656E-01   6.9194154E-01   7.0324637E-01   7.1697688E-01   7.2633764E-01
    7.3517412E-01   7.4094420E-01   7.4568464E-01   7.4863605E-01   7.4979479E-01

 2.8784763682E+04   2.4911883E+05   3.2533338E+05   9.2395730E-01   5.6160169E-08   1.9245529E+03   5.0000000E-02     5 
    1.4151270E+01   7.8578206E-01   1.5827588E+00   2.8096212E+00   2.6693270E+00
    3.0941450E+00   2.8026616E+00   2.4629265E+00   1.3102719E+00   7.9804200E-01
    6.6151637E-01   5.9365909E-01   6.7337472E-01   6.8222903E-01   6.5160042E-01
    6.5553575E-01   6.8210751E-01   6.7357373E-01   6.6904132E-01   6.8193574E-01
    6.8271808E-01   6.9740362E-01   7.0860732E-01   7.2169893E-01   7.3070649E-01
    7.3899385E-01   7.4441490E-01   7.4877724E-01   7.5147520E-01   7.5254662E-01

 2.4434739314E+04   3.4645823E+05   4.5249888E+05   9.4962192E-01   5.5197512E-08   1.9204166E+03   5.0000000E-02     6 
    1.6531477E+01   9.0216876E-01   1.7045391E+00   2.9489162E+00   2.7838987E+00
    3.2128036E+00   2.9021808E+00   2.5352282E+00   1.3541073E+00   8.1724831E-01
    6.7615673E-01   6.0592815E-01   6.8604252E-01   6.9448261E-01   6.6373097E-01
    6.6744609E-01   6.9247184E-01   6.8485802E-01   6.8148363E-01   6.9352329E-01
    6.9613586E-01   7.0986469E-01   7.2065667E-01   7.3243818E-01   7.4064651E-01
    7.4787152E-01   7.5260658E-01   7.5628275E-01   7.5853005E-01   7.5944095E-01

 1.7798380223E+04   6.5650388E+05   8.5761901E+05   1.0122406E+00   5.3112052E-08   1.9101325E+03   5.0000000E-02     7 
    2.5820195E+01   1.2292209E+00   2.0161947E+00   3.2890981E+00   3.0667891E+00
    3.5077634E+00   3.1501764E+00   2.7092697E+00   1.4652019E+00   8.6374238E-01
    7.1159265E-01   6.3554856E-01   7.1618431E-01   7.2355394E-01   6.9295049E-01
    6.9600165E-01   7.1732505E-01   7.1216626E-01   7.1130146E-01   7.2198713E-01
    7.2701388E-01   7.3870137E-01   7.4807956E-01   7.5732385E-01   7.6383132E-01
    7.6920541E-01   7.7273046E-01   7.7532932E-01   7.7689233E-01   7.7754709E-01

 1.2990090389E+04   1.2415114E+06   1.6222448E+06   1.0857112E+00   5.0994311E-08   1.8962111E+03   5.0000000E-02     8 
    4.1808651E+01   1.6941016E+00   2.4057794E+00   3.6869247E+00   3.4069632E+00
    3.8630582E+00   3.4479328E+00   2.9117190E+00   1.6041609E+00   9.1794304E-01
    7.5307229E-01   6.7019236E-01   7.5018586E-01   7.5606637E-01   7.2684274E-01
    7.2908112E-01   7.4628490E-01   7.4416997E-01   7.4576884E-01   7.5527293E-01
    7.6122249E-01   7.7069809E-01   7.7825224E-01   7.8516762E-01   7.9004223E-01
    7.9389772E-01   7.9642789E-01   7.9823022E-01   7.9930405E-01   7.9976609E-01

 9.4980908704E+03   2.3454695E+06   3.0654695E+06   1.1571728E+00   4.9280935E-08   1.8774108E+03   5.0000000E-02     9 
    5.7724669E+01   2.2329467E+00   2.8075967E+00   4.0597818E+00   3.7565075E+00
    4.2305598E+00   3.7555845E+00   3.1097001E+00   1.7618363E+00   9.7103037E-01
    7.9479532E-01   7.0500220E-01   7.8176682E-01   7.8612487E-01   7.6036134E-01
    7.6191545E-01   7.7527762E-01   7.7604312E-01   7.7945431E-01   7.8764286E-01
    7.9337504E-01   8.0066871E-01   8.0639792E-01   8.1136924E-01   8.1487655E-01
    8.1757168E-01   8.1934657E-01   8.2058315E-01   8.2131750E-01   8.2164165E-01

 6.9597393927E+03   4.4277097E+06   5.7879762E+06   1.2163307E+00   4.8233099E-08   1.8522374E+03   5.0000000E-02    10 
    6.2584336E+01   2.7416439E+00   3.1601854E+00   4.3404512E+00   4.0790501E+00
    4.5737453E+00   4.0366893E+00   3.2691734E+00   1.9305891E+00   1.0174934E+00
    8.3367814E-01   7.3740744E-01   8.0717462E-01   8.1028954E-01   7.9008995E-01
    7.9144541E-01   8.0164832E-01   8.0438094E-01   8.0868823E-01   8.1551767E-01
    8.2053072E-01   8.2600700E-01   8.3024597E-01   8.3377499E-01   8.3627150E-01
    8.3815169E-01   8.3939813E-01   8.4025375E-01   8.4076232E-01   8.4099271E-01

 5.1151758683E+03   8.3479403E+06   1.0913990E+07   1.2611393E+00   4.7851706E-08   1.8187009E+03   5.0000000E-02    11 
    5.5105791E+01   3.1514234E+00   3.4428067E+00   4.5132653E+00   4.3743369E+00
    4.8840175E+00   4.2761970E+00   3.3763629E+00   2.1140472E+00   1.0587452E+00
    8.7183148E-01   7.6924019E-01   8.2731201E-01   8.2961483E-01   8.1610066E-01
    8.1793452E-01   8.2589598E-01   8.2965823E-01   8.3416020E-01   8.3975648E-01
    8.4394800E-01   8.4804746E-01   8.5117924E-01   8.5370228E-01   8.5549324E-01
    8.5682306E-01   8.5771229E-01   8.5831675E-01   8.5867738E-01   8.5884495E-01

 3.7750171279E+03   1.5710713E+07   2.0541734E+07   1.2952658E+00   4.8036526E-08   1.7743039E+03   5.0000000E-02    12 
    4.2516060E+01   3.4397198E+00   3.6570823E+00   4.5911301E+00   4.6569158E+00
    5.1649242E+00   4.4560963E+00   3.4274444E+00   2.3155922E+00   1.1024959E+00
    9.1558058E-01   8.0531701E-01   8.4727851E-01   8.4876225E-01   8.4143834E-01
    8.4419853E-01   8.5068461E-01   8.5470622E-01   8.5889580E-01   8.6339555E-01
    8.6680157E-01   8.6988667E-01   8.7222253E-01   8.7405761E-01   8.7536521E-01
    8.7632532E-01   8.7697272E-01   8.7740983E-01   8.7767175E-01   8.7779616E-01

 2.8002653676E+03   2.9520422E+07   3.8599970E+07   1.3243566E+00   4.8692125E-08   1.7160929E+03   5.0000000E-02    13 
    3.0956085E+01   3.6163905E+00   3.8049346E+00   4.6031255E+00   4.9199159E+00
    5.3944845E+00   4.5265770E+00   3.4088464E+00   2.5206185E+00   1.1626130E+00
    9.7317397E-01   8.5246985E-01   8.7508219E-01   8.7444707E-01   8.7091764E-01
    8.7404799E-01   8.7919469E-01   8.8279922E-01   8.8628211E-01   8.8974183E-01
    8.9238494E-01   8.9466672E-01   8.9638685E-01   8.9771522E-01   8.9866470E-01
    8.9935605E-01   8.9982473E-01   9.0013932E-01   9.0032837E-01   9.0041956E-01

 2.0901278279E+03   5.5425484E+07   7.2474886E+07   1.3535883E+00   4.9784912E-08   1.6406145E+03   5.0000000E-02    14 
    2.2488921E+01   3.6593384E+00   3.8605628E+00   4.5687191E+00   5.0907586E+00
    5.4940522E+00   4.4039589E+00   3.2895551E+00   2.6722583E+00   1.2568308E+00
    1.0520341E+00   9.1828072E-01   9.1884854E-01   9.1296165E-01   9.0928083E-01
    9.1102664E-01   9.1422805E-01   9.1662711E-01   9.1891776E-01   9.2118952E-01
    9.2296117E-01   9.2447317E-01   9.2561877E-01   9.2650035E-01   9.2713387E-01
    9.2759419E-01   9.2790768E-01   9.2811759E-01   9.2824393E-01   9.2830531E-01

 1.5720976364E+03   1.0408881E+08   1.3610865E+08   1.3847591E+00   5.1424995E-08   1.5441826E+03   5.0000000E-02    15 
    1.6585852E+01   3.4601675E+00   3.7902061E+00   4.4876242E+00   4.9939441E+00
    5.3643383E+00   4.0766508E+00   3.0343063E+00   2.6791541E+00   1.3950689E+00
    1.1510990E+00   1.0049015E+00   9.8069768E-01   9.6569529E-01   9.5766311E-01
    9.5571138E-01   9.5589875E-01   9.5625663E-01   9.5684738E-01   9.5769305E-01
    9.5842267E-01   9.5910628E-01   9.5964594E-01   9.6007515E-01   9.6038914E-01
    9.6062110E-01   9.6078059E-01   9.6088841E-01   9.6095360E-01   9.6098522E-01

 1.1941633731E+03   1.9562569E+08   2.5579316E+08   1.4083813E+00   5.4054456E-08   1.4239947E+03   5.0000000E-02    16 
    1.1453281E+01   2.9671169E+00   3.6951968E+00   4.4087252E+00   4.4403606E+00
    4.9882195E+00   3.7243902E+00   2.7367483E+00   2.5545417E+00   1.5743689E+00
    1.2576318E+00   1.1036509E+00   1.0530885E+00   1.0262815E+00   1.0111285E+00
    1.0037733E+00   1.0000848E+00   9.9787519E-01   9.9650054E-01   9.9581938E-01
    9.9543589E-01   9.9527113E-01   9.9519476E-01   9.9517313E-01   9.9516857E-01
    9.9517550E-01   9.9518290E-01   9.9519091E-01   9.9519651E-01   9.9519889E-01

 9.1911302449E+02   3.6637003E+08   4.7899842E+08   1.4186206E+00   5.7458142E-08   1.2835239E+03   5.0000000E-02    17 
    7.0515156E+00   2.6196004E+00   3.9160179E+00   4.4576469E+00   3.8445346E+00
    4.6907310E+00   3.7373227E+00   2.6353803E+00   2.5487100E+00   1.7980249E+00
    1.3793922E+00   1.2120070E+00   1.1338122E+00   1.0920378E+00   1.0678505E+00
    1.0539121E+00   1.0456138E+00   1.0403581E+00   1.0367863E+00   1.0345045E+00
    1.0329736E+00   1.0319585E+00   1.0312665E+00   1.0307978E+00   1.0304762E+00
    1.0302600E+00   1.0301161E+00   1.0300253E+00   1.0299721E+00   1.0299458E+00

 7.1742091090E+02   6.8509546E+08   8.9559376E+08   1.4502206E+00   5.9923475E-08   1.1265814E+03   5.0000000E-02    18 
    5.0833736E+00   2.6327255E+00   4.0437776E+00   4.4748199E+00   4.0227141E+00
    4.6099232E+00   3.9538486E+00   2.6941653E+00   2.5843918E+00   1.9370520E+00
    1.4823035E+00   1.2997278E+00   1.2032191E+00   1.1483519E+00   1.1161922E+00
    1.0966661E+00   1.0843722E+00   1.0763885E+00   1.0708722E+00   1.0672032E+00
    1.0646908E+00   1.0629618E+00   1.0617564E+00   1.0609167E+00   1.0603315E+00
    1.0599297E+00   1.0596595E+00   1.0594864E+00   1.0593846E+00   1.0593357E+00

 5.6971268673E+02   1.2926813E+09   1.6895570E+09   1.5010854E+00   6.4127826E-08   9.4680055E+02   5.0000000E-02    19 
    4.2674793E+00   2.3636487E+00   3.9200361E+00   3.8750518E+00   4.7147665E+00
    4.1168484E+00   3.2625262E+00   2.5227524E+00   2.2526386E+00   1.7430568E+00
    1.4320524E+00   1.2754878E+00   1.1929601E+00   1.1437321E+00   1.1140841E+00
    1.0959032E+00   1.0843054E+00   1.0766758E+00   1.0713726E+00   1.0677947E+00
    1.0653288E+00   1.0636162E+00   1.0624156E+00   1.0615736E+00   1.0609841E+00
    1.0605771E+00   1.0603027E+00   1.0601266E+00   1.0600239E+00   1.0599765E+00

 4.6257606075E+02   2.4269278E+09   3.1712178E+09   1.5644507E+00   6.8335984E-08   7.6495972E+02   5.0000000E-02    20 
    3.7664975E+00   2.6049005E+00   4.1199953E+00   3.5281776E+00   4.3183725E+00
    3.8272819E+00   2.5161876E+00   2.3125973E+00   1.9440852E+00   1.6009164E+00
    1.3784055E+00   1.2401909E+00   1.1697531E+00   1.1275911E+00   1.1017817E+00
    1.0856324E+00   1.0752891E+00   1.0684950E+00   1.0637668E+00   1.0605473E+00
    1.0583120E+00   1.0567469E+00   1.0556439E+00   1.0548664E+00   1.0543202E+00
    1.0539419E+00   1.0536865E+00   1.0535230E+00   1.0534293E+00   1.0533893E+00

 3.8435609065E+02   4.5462624E+09   5.9383348E+09   1.6362217E+00   7.5737901E-08   5.9147947E+02   5.0000003E-02    21 
    3.4639622E+00   2.4418874E+00   3.8663057E+00   3.4695957E+00   3.3161704E+00
    3.3939677E+00   2.5647115E+00   2.1622756E+00   1.7178909E+00   1.4503761E+00
    1.2856863E+00   1.1855592E+00   1.1300127E+00   1.0978686E+00   1.0779260E+00
    1.0653659E+00   1.0572363E+00   1.0518666E+00   1.0481265E+00   1.0455734E+00
    1.0437967E+00   1.0425468E+00   1.0416610E+00   1.0410325E+00   1.0405881E+00
    1.0402784E+00   1.0400686E+00   1.0399348E+00   1.0398601E+00   1.0398327E+00

 3.2714302295E+02   8.5134303E+09   1.1114594E+10   1.7016730E+00   9.1918808E-08   4.3599127E+02   5.0000464E-02    22 
    3.1659318E+00   2.1458744E+00   3.0579219E+00   3.3023757E+00   2.8355486E+00
    3.0651844E+00   2.2046624E+00   1.8211200E+00   1.4895531E+00   1.3039878E+00
    1.1864544E+00   1.1231496E+00   1.0854918E+00   1.0636622E+00   1.0501761E+00
    1.0416061E+00   1.0360397E+00   1.0323460E+00   1.0297613E+00   1.0279893E+00
    1.0267511E+00   1.0258756E+00   1.0252517E+00   1.0248060E+00   1.0244889E+00
    1.0242665E+00   1.0241154E+00   1.0240197E+00   1.0239684E+00   1.0239543E+00

 2.8511140729E+02   1.5985320E+10   2.0856479E+10   1.7865598E+00   1.1451303E-07   3.0549166E+02   5.0035915E-02    23 
    3.1164345E+00   2.9699733E+00   2.7914881E+00   2.6721332E+00   2.2195819E+00
    2.3493720E+00   1.7891076E+00   1.4957710E+00   1.3064401E+00   1.1862850E+00
    1.1168806E+00   1.0758843E+00   1.0518294E+00   1.0376602E+00   1.0290858E+00
    1.0236043E+00   1.0200313E+00   1.0176545E+00   1.0159854E+00   1.0148346E+00
    1.0140261E+00   1.0134506E+00   1.0130375E+00   1.0127402E+00   1.0125269E+00
    1.0123761E+00   1.0122731E+00   1.0122083E+00   1.0121754E+00   1.0121704E+00

 2.5635553017E+02   2.8084669E+10   3.6620112E+10   1.8509594E+00   1.5534934E-07   2.1177357E+02   5.0816558E-02    24 
    3.1175868E+00   2.8057872E+00   2.3195764E+00   1.9509719E+00   2.3291324E+00
    1.9599729E+00   1.5462910E+00   1.3407710E+00   1.1962453E+00   1.1184429E+00
    1.0722095E+00   1.0464165E+00   1.0309743E+00   1.0220043E+00   1.0165386E+00
    1.0130552E+00   1.0107700E+00   1.0092440E+00   1.0081688E+00   1.0074240E+00
    1.0068975E+00   1.0065205E+00   1.0062480E+00   1.0060503E+00   1.0059073E+00
    1.0058054E+00   1.0057354E+00   1.0056916E+00   1.0056702E+00   1.0056697E+00

 2.3630045825E+02   4.2417366E+10   5.5283885E+10   1.9079232E+00   1.9547160E-07   1.4682829E+02   5.7114860E-02    25 
    3.2130186E+00   2.2411544E+00   2.2044924E+00   2.0669341E+00   2.0614433E+00
    1.7379889E+00   1.4318621E+00   1.2372270E+00   1.1430681E+00   1.0841776E+00
    1.0513985E+00   1.0325415E+00   1.0215692E+00   1.0150190E+00   1.0110034E+00
    1.0084673E+00   1.0068014E+00   1.0056874E+00   1.0048999E+00   1.0043530E+00
    1.0039650E+00   1.0036859E+00   1.0034832E+00   1.0033354E+00   1.0032278E+00
    1.0031507E+00   1.0030975E+00   1.0030642E+00   1.0030484E+00   1.0030493E+00

 2.2158847194E+02   4.8508753E+10   6.3206209E+10   1.9489852E+00   1.8533729E-07   1.0180207E+02   8.1914471E-02    26 
    2.8499556E+00   2.3228834E+00   2.3747494E+00   2.2843024E+00   1.8305348E+00
    1.6524465E+00   1.4092603E+00   1.2161930E+00   1.1293314E+00   1.0758450E+00
    1.0464189E+00   1.0291185E+00   1.0194644E+00   1.0135211E+00   1.0098264E+00
    1.0075034E+00   1.0059731E+00   1.0049481E+00   1.0042233E+00   1.0037194E+00
    1.0033615E+00   1.0031036E+00   1.0029160E+00   1.0027789E+00   1.0026789E+00
    1.0026071E+00   1.0025575E+00   1.0025264E+00   1.0025118E+00   1.0025130E+00

 2.1036529469E+02   4.5339245E+10   5.9067644E+10   1.9836583E+00   1.5420058E-07   7.0679204E+01   1.4006112E-01    27 
    2.7021711E+00   2.5914165E+00   2.5175123E+00   2.2630256E+00   1.6765701E+00
    1.6152060E+00   1.4027380E+00   1.2213915E+00   1.1279594E+00   1.0756322E+00
    1.0464445E+00   1.0291948E+00   1.0197024E+00   1.0137768E+00   1.0100713E+00
    1.0077406E+00   1.0062022E+00   1.0051685E+00   1.0044372E+00   1.0039280E+00
    1.0035665E+00   1.0033059E+00   1.0031164E+00   1.0029779E+00   1.0028770E+00
    1.0028045E+00   1.0027545E+00   1.0027232E+00   1.0027084E+00   1.0027094E+00

 2.0144762910E+02   4.2421622E+10   5.5263428E+10   2.0108752E+00   1.3616116E-07   4.9036236E+01   2.3528975E-01    28 
    2.7613469E+00   2.8948580E+00   2.4342515E+00   2.1228437E+00   1.5936254E+00
    1.5398377E+00   1.3596733E+00   1.2029181E+00   1.1153635E+00   1.0689800E+00
    1.0427014E+00   1.0270631E+00   1.0183727E+00   1.0129160E+00   1.0094986E+00
    1.0073457E+00   1.0059227E+00   1.0049642E+00   1.0042858E+00   1.0038126E+00
    1.0034767E+00   1.0032346E+00   1.0030584E+00   1.0029297E+00   1.0028360E+00
    1.0027688E+00   1.0027224E+00   1.0026933E+00   1.0026795E+00   1.0026804E+00

 1.9407715385E+02   4.3582052E+10   5.6774707E+10   2.0225968E+00   1.3707431E-07   3.4051684E+01   3.5533388E-01    29 
    2.8266930E+00   3.1181112E+00   2.2582819E+00   1.9175439E+00   1.4803587E+00
    1.4033600E+00   1.2685904E+00   1.1541456E+00   1.0884056E+00   1.0529929E+00
    1.0329615E+00   1.0210312E+00   1.0142888E+00   1.0100431E+00   1.0073840E+00
    1.0057067E+00   1.0045968E+00   1.0038479E+00   1.0033175E+00   1.0029471E+00
    1.0026840E+00   1.0024942E+00   1.0023560E+00   1.0022549E+00   1.0021813E+00
    1.0021284E+00   1.0020919E+00   1.0020691E+00   1.0020582E+00   1.0020590E+00

 1.8686302224E+02   5.0224093E+10   6.5427322E+10   2.0238505E+00   1.5533944E-07   2.3166960E+01   4.8888174E-01    30 
    2.7571645E+00   3.1738910E+00   2.0954808E+00   1.7106643E+00   1.3384850E+00
    1.2532851E+00   1.1655053E+00   1.0955719E+00   1.0561750E+00   1.0333646E+00
    1.0207290E+00   1.0132566E+00   1.0089644E+00   1.0062621E+00   1.0045692E+00
    1.0035003E+00   1.0027923E+00   1.0023139E+00   1.0019750E+00   1.0017378E+00
    1.0015693E+00   1.0014475E+00   1.0013586E+00   1.0012935E+00   1.0012459E+00
    1.0012117E+00   1.0011881E+00   1.0011733E+00   1.0011663E+00   1.0011669E+00

 1.8016478928E+02   6.1522116E+10   8.0145385E+10   2.0327172E+00   1.8351814E-07   1.6764669E+01   5.9328807E-01    31 
    2.6742152E+00   3.0141692E+00   1.9804197E+00   1.5531072E+00   1.2334187E+00
    1.1541291E+00   1.0977531E+00   1.0562300E+00   1.0338156E+00   1.0197806E+00
    1.0122298E+00   1.0078117E+00   1.0052422E+00   1.0036300E+00   1.0026194E+00
    1.0019805E+00   1.0015572E+00   1.0012709E+00   1.0010679E+00   1.0009255E+00
    1.0008244E+00   1.0007511E+00   1.0006975E+00   1.0006580E+00   1.0006292E+00
    1.0006084E+00   1.0005939E+00   1.0005849E+00   1.0005807E+00   1.0005812E+00

 1.7502678186E+02   7.6711882E+10   9.9932839E+10   2.0310088E+00   2.2775781E-07   1.2496456E+01   6.7635259E-01    32 
    2.6470064E+00   2.6693437E+00   1.7807259E+00   1.3553343E+00   1.1187767E+00
    1.0667325E+00   1.0420852E+00   1.0245619E+00   1.0156087E+00   1.0089485E+00
    1.0055187E+00   1.0035289E+00   1.0023515E+00   1.0016136E+00   1.0011502E+00
    1.0008574E+00   1.0006635E+00   1.0005322E+00   1.0004392E+00   1.0003738E+00
    1.0003274E+00   1.0002937E+00   1.0002689E+00   1.0002507E+00   1.0002373E+00
    1.0002276E+00   1.0002209E+00   1.0002166E+00   1.0002147E+00   1.0002150E+00

 1.7455248015E+02   9.9370178E+10   1.2944794E+11   1.9989168E+00   3.0964794E-07   8.5938669E+00   7.6336967E-01    33 
    2.5069924E+00   2.5163521E+00   1.6543341E+00   1.2429998E+00   1.0503032E+00
    1.0215373E+00   1.0139663E+00   1.0087620E+00   1.0065290E+00   1.0035689E+00
    1.0021895E+00   1.0014003E+00   1.0009267E+00   1.0006281E+00   1.0004401E+00
    1.0003221E+00   1.0002443E+00   1.0001918E+00   1.0001546E+00   1.0001285E+00
    1.0001101E+00   1.0000966E+00   1.0000868E+00   1.0000794E+00   1.0000740E+00
    1.0000701E+00   1.0000674E+00   1.0000657E+00   1.0000649E+00   1.0000650E+00

 1.7437195899E+02   1.3403134E+11   1.7459802E+11   1.9664156E+00   4.2958390E-07   5.8624362E+00   8.3136895E-01    34 
    2.2460593E+00   2.3854101E+00   1.5879495E+00   1.1922131E+00   1.0235879E+00
    1.0048991E+00   1.0035876E+00   1.0028194E+00   1.0028459E+00   1.0014460E+00
    1.0008817E+00   1.0005644E+00   1.0003706E+00   1.0002477E+00   1.0001700E+00
    1.0001217E+00   1.0000902E+00   1.0000690E+00   1.0000541E+00   1.0000437E+00
    1.0000364E+00   1.0000311E+00   1.0000272E+00   1.0000242E+00   1.0000221E+00
    1.0000205E+00   1.0000194E+00   1.0000187E+00   1.0000184E+00   1.0000184E+00

 1.7416987474E+02   1.8109759E+11   2.3590603E+11   1.9350280E+00   5.8978038E-07   4.1170993E+00   8.7817571E-01    35 
    1.9660145E+00   2.2551176E+00   1.5409741E+00   1.1591389E+00   1.0133361E+00
    9.9912497E-01   9.9981250E-01   1.0005408E+00   1.0012278E+00   1.0005499E+00
    1.0003325E+00   1.0002138E+00   1.0001390E+00   1.0000913E+00   1.0000610E+00
    1.0000425E+00   1.0000307E+00   1.0000228E+00   1.0000174E+00   1.0000136E+00
    1.0000111E+00   1.0000092E+00   1.0000078E+00   1.0000067E+00   1.0000060E+00
    1.0000054E+00   1.0000050E+00   1.0000047E+00   1.0000046E+00   1.0000046E+00

 1.7394490803E+02   2.5134437E+11   3.2740662E+11   1.9087500E+00   8.1378071E-07   2.8586174E+00   9.1365617E-01    36 
    1.6938382E+00   2.1321766E+00   1.5312757E+00   1.1518724E+00   1.0206515E+00
    1.0029207E+00   1.0010852E+00   1.0008524E+00   1.0010242E+00   1.0004660E+00
    1.0002747E+00   1.0001722E+00   1.0001098E+00   1.0000714E+00   1.0000473E+00
    1.0000324E+00   1.0000230E+00   1.0000168E+00   1.0000125E+00   1.0000095E+00
    1.0000074E+00   1.0000059E+00   1.0000048E+00   1.0000040E+00   1.0000034E+00
    1.0000029E+00   1.0000026E+00   1.0000024E+00   1.0000023E+00   1.0000023E+00

 1.7370746638E+02   3.5313693E+11   4.5999326E+11   1.8811229E+00   1.1192712E-06   1.9847251E+00   9.3918426E-01    37 
    1.4088525E+00   1.9768948E+00   1.5332355E+00   1.1564224E+00   1.0343656E+00
    1.0096505E+00   1.0038222E+00   1.0019410E+00   1.0013097E+00   1.0006498E+00
    1.0003772E+00   1.0002310E+00   1.0001457E+00   1.0000947E+00   1.0000630E+00
    1.0000432E+00   1.0000304E+00   1.0000219E+00   1.0000160E+00   1.0000119E+00
    1.0000090E+00   1.0000069E+00   1.0000053E+00   1.0000042E+00   1.0000034E+00
    1.0000028E+00   1.0000023E+00   1.0000020E+00   1.0000018E+00   1.0000018E+00

 1.7345796138E+02   5.0082950E+11   6.5235839E+11   1.8490526E+00   1.5369041E-06   1.3767818E+00   9.5738720E-01    38 
    1.1265545E+00   1.7836809E+00   1.5085552E+00   1.1561740E+00   1.0432262E+00
    1.0143502E+00   1.0057979E+00   1.0027411E+00   1.0015375E+00   1.0007945E+00
    1.0004584E+00   1.0002780E+00   1.0001745E+00   1.0001132E+00   1.0000753E+00
    1.0000514E+00   1.0000360E+00   1.0000257E+00   1.0000184E+00   1.0000134E+00
    1.0000098E+00   1.0000073E+00   1.0000054E+00   1.0000041E+00   1.0000031E+00
    1.0000023E+00   1.0000018E+00   1.0000014E+00   1.0000012E+00   1.0000011E+00

 1.7319706207E+02   7.1391237E+11   9.2988209E+11   1.8164591E+00   2.0951293E-06   9.5596366E-01   9.7020505E-01    39 
    8.8932435E-01   1.5858938E+00   1.4440202E+00   1.1425545E+00   1.0431527E+00
    1.0152211E+00   1.0062430E+00   1.0028977E+00   1.0015184E+00   1.0007992E+00
    1.0004600E+00   1.0002777E+00   1.0001738E+00   1.0001124E+00   1.0000746E+00
    1.0000507E+00   1.0000352E+00   1.0000248E+00   1.0000176E+00   1.0000125E+00
    1.0000090E+00   1.0000064E+00   1.0000046E+00   1.0000033E+00   1.0000023E+00
    1.0000016E+00   1.0000010E+00   1.0000006E+00   1.0000004E+00   1.0000002E+00

 1.7291921839E+02   1.0238974E+12   1.3335997E+12   1.7911260E+00   2.8164826E-06   6.6251213E-01   9.7925041E-01    40 
    7.2020718E-01   1.4202296E+00   1.3577500E+00   1.1163745E+00   1.0369243E+00
    1.0133640E+00   1.0055449E+00   1.0025696E+00   1.0013113E+00   1.0006977E+00
    1.0004013E+00   1.0002417E+00   1.0001510E+00   1.0000974E+00   1.0000644E+00
    1.0000435E+00   1.0000300E+00   1.0000209E+00   1.0000146E+00   1.0000102E+00
    1.0000071E+00   1.0000050E+00   1.0000034E+00   1.0000023E+00   1.0000014E+00
    1.0000008E+00   1.0000004E+00   9.9999999E-01   9.9999973E-01   9.9999958E-01

 1.7262274923E+02   1.4694777E+12   1.9138974E+12   1.7798669E+00   3.6889033E-06   4.6025488E-01   9.8553649E-01    41 
    6.1729898E-01   1.3017491E+00   1.2736441E+00   1.0874654E+00   1.0284698E+00
    1.0104990E+00   1.0043966E+00   1.0020446E+00   1.0010356E+00   1.0005548E+00
    1.0003193E+00   1.0001920E+00   1.0001198E+00   1.0000770E+00   1.0000507E+00
    1.0000341E+00   1.0000232E+00   1.0000160E+00   1.0000110E+00   1.0000075E+00
    1.0000051E+00   1.0000034E+00   1.0000022E+00   1.0000014E+00   1.0000007E+00
    1.0000002E+00   9.9999984E-01   9.9999954E-01   9.9999932E-01   9.9999919E-01

 1.7230595464E+02   2.1150251E+12   2.7546031E+12   1.7836180E+00   4.6989228E-06   3.1952644E-01   9.8993536E-01    42 
    5.5701479E-01   1.2236837E+00   1.2033900E+00   1.0630548E+00   1.0205518E+00
    1.0076706E+00   1.0032378E+00   1.0015127E+00   1.0007661E+00   1.0004118E+00
    1.0002371E+00   1.0001424E+00   1.0000887E+00   1.0000568E+00   1.0000372E+00
    1.0000248E+00   1.0000167E+00   1.0000114E+00   1.0000077E+00   1.0000051E+00
    1.0000034E+00   1.0000021E+00   1.0000013E+00   1.0000006E+00   1.0000001E+00
    9.9999973E-01   9.9999943E-01   9.9999920E-01   9.9999904E-01   9.9999894E-01

 1.7197589660E+02   3.0209225E+12   3.9343679E+12   1.8005614E+00   5.7793700E-06   2.2388913E-01   9.9293657E-01    43 
    5.1983176E-01   1.1765192E+00   1.1502286E+00   1.0448072E+00   1.0144644E+00
    1.0054003E+00   1.0022861E+00   1.0010707E+00   1.0005426E+00   1.0002920E+00
    1.0001680E+00   1.0001008E+00   1.0000626E+00   1.0000399E+00   1.0000260E+00
    1.0000171E+00   1.0000114E+00   1.0000076E+00   1.0000050E+00   1.0000032E+00
    1.0000020E+00   1.0000011E+00   1.0000005E+00   1.0000000E+00   9.9999965E-01
    9.9999935E-01   9.9999912E-01   9.9999896E-01   9.9999885E-01   9.9999878E-01

 1.7166472367E+02   4.1472119E+12   5.4011960E+12   1.8266435E+00   6.7798410E-06   1.6336419E-01   9.9484086E-01    44 
    4.9815028E-01   1.1505437E+00   1.1138924E+00   1.0326640E+00   1.0103962E+00
    1.0038527E+00   1.0016254E+00   1.0007600E+00   1.0003848E+00   1.0002069E+00
    1.0001190E+00   1.0000712E+00   1.0000441E+00   1.0000279E+00   1.0000180E+00
    1.0000118E+00   1.0000077E+00   1.0000050E+00   1.0000032E+00   1.0000020E+00
    1.0000011E+00   1.0000005E+00   1.0000000E+00   9.9999965E-01   9.9999936E-01
    9.9999913E-01   9.9999897E-01   9.9999885E-01   9.9999878E-01   9.9999874E-01

 1.7136196020E+02   5.5513743E+12   7.2300055E+12   1.8607236E+00   7.7052138E-06   1.2231538E-01   9.9613457E-01    45 
    4.8670484E-01   1.1350710E+00   1.0876771E+00   1.0241667E+00   1.0075496E+00
    1.0027649E+00   1.0011575E+00   1.0005388E+00   1.0002721E+00   1.0001461E+00
    1.0000839E+00   1.0000501E+00   1.0000308E+00   1.0000194E+00   1.0000124E+00
    1.0000080E+00   1.0000052E+00   1.0000033E+00   1.0000020E+00   1.0000011E+00
    1.0000005E+00   1.0000001E+00   9.9999970E-01   9.9999941E-01   9.9999919E-01
    9.9999903E-01   9.9999892E-01   9.9999884E-01   9.9999879E-01   9.9999876E-01

 1.7106091965E+02   7.3005733E+12   9.5083412E+12   1.9028567E+00   8.5572607E-06   9.3250641E-02   9.9705165E-01    46 
    4.8426943E-01   1.1240503E+00   1.0678724E+00   1.0179470E+00   1.0054824E+00
    1.0019791E+00   1.0008208E+00   1.0003800E+00   1.0001913E+00   1.0001024E+00
    1.0000587E+00   1.0000349E+00   1.0000214E+00   1.0000134E+00   1.0000085E+00
    1.0000054E+00   1.0000034E+00   1.0000021E+00   1.0000012E+00   1.0000006E+00
    1.0000001E+00   9.9999977E-01   9.9999948E-01   9.9999927E-01   9.9999911E-01
    9.9999900E-01   9.9999892E-01   9.9999887E-01   9.9999884E-01   9.9999882E-01

 1.7075677628E+02   9.4741196E+12   1.2339576E+13   1.9537284E+00   9.3346916E-06   7.2064933E-02   9.9772068E-01    47 
    4.9102619E-01   1.1138413E+00   1.0523206E+00   1.0132356E+00   1.0039437E+00
    1.0014023E+00   1.0005765E+00   1.0002655E+00   1.0001331E+00   1.0000711E+00
    1.0000406E+00   1.0000240E+00   1.0000146E+00   1.0000091E+00   1.0000057E+00
    1.0000035E+00   1.0000022E+00   1.0000013E+00   1.0000007E+00   1.0000002E+00
    9.9999985E-01   9.9999957E-01   9.9999935E-01   9.9999919E-01   9.9999908E-01
    9.9999901E-01   9.9999896E-01   9.9999892E-01   9.9999890E-01   9.9999889E-01

 1.7044541152E+02   1.2155958E+13   1.5833123E+13   2.0144465E+00   1.0025791E-05   5.6343321E-02   9.9821747E-01    48 
    5.0756083E-01   1.1026547E+00   1.0398150E+00   1.0096076E+00   1.0027897E+00
    1.0009781E+00   1.0003991E+00   1.0001830E+00   1.0000914E+00   1.0000487E+00
    1.0000277E+00   1.0000163E+00   1.0000098E+00   1.0000060E+00   1.0000037E+00
    1.0000023E+00   1.0000013E+00   1.0000007E+00   1.0000003E+00   9.9999993E-01
    9.9999965E-01   9.9999943E-01   9.9999927E-01   9.9999916E-01   9.9999908E-01
    9.9999903E-01   9.9999899E-01   9.9999897E-01   9.9999896E-01   9.9999895E-01

 1.7012286444E+02   1.5437837E+13   2.0108574E+13   2.0864583E+00   1.0614101E-05   4.4517169E-02   9.9859134E-01    49 
    5.3443904E-01   1.0900917E+00   1.0296908E+00   1.0068177E+00   1.0019310E+00
    1.0006691E+00   1.0002714E+00   1.0001239E+00   1.0000617E+00   1.0000327E+00
    1.0000185E+00   1.0000108E+00   1.0000065E+00   1.0000039E+00   1.0000024E+00
    1.0000014E+00   1.0000008E+00   1.0000004E+00   1.0000000E+00   9.9999974E-01
    9.9999951E-01   9.9999934E-01   9.9999922E-01   9.9999914E-01   9.9999909E-01
    9.9999905E-01   9.9999903E-01   9.9999902E-01   9.9999901E-01   9.9999900E-01

 1.6978520887E+02   1.9411035E+13   2.5285044E+13   2.1713723E+00   1.1079998E-05   3.5535896E-02   9.9887536E-01    50 
    5.7176820E-01   1.0765927E+00   1.0215539E+00   1.0047052E+00   1.0013038E+00
    1.0004476E+00   1.0001807E+00   1.0000822E+00   1.0000408E+00   1.0000216E+00
    1.0000122E+00   1.0000071E+00   1.0000042E+00   1.0000025E+00   1.0000015E+00
    1.0000008E+00   1.0000004E+00   1.0000001E+00   9.9999982E-01   9.9999960E-01
    9.9999942E-01   9.9999929E-01   9.9999920E-01   9.9999914E-01   9.9999910E-01
    9.9999908E-01   9.9999906E-01   9.9999905E-01   9.9999904E-01   9.9999904E-01

 1.6942840278E+02   2.4150390E+13   3.1460912E+13   2.2709019E+00   1.1404010E-05   2.8676399E-02   9.9909235E-01    51 
    6.1919908E-01   1.0631255E+00   1.0151956E+00   1.0031590E+00   1.0008600E+00
    1.0002932E+00   1.0001179E+00   1.0000535E+00   1.0000265E+00   1.0000139E+00
    1.0000078E+00   1.0000045E+00   1.0000026E+00   1.0000016E+00   1.0000009E+00
    1.0000005E+00   1.0000002E+00   9.9999990E-01   9.9999967E-01   9.9999948E-01
    9.9999933E-01   9.9999923E-01   9.9999917E-01   9.9999912E-01   9.9999910E-01
    9.9999908E-01   9.9999907E-01   9.9999906E-01   9.9999905E-01   9.9999905E-01

 1.6904821452E+02   2.9694570E+13   3.8690432E+13   2.3865183E+00   1.1573878E-05   2.3423439E-02   9.9925855E-01    52 
    6.7539710E-01   1.0507030E+00   1.0104361E+00   1.0020763E+00   1.0005577E+00
    1.0001891E+00   1.0000758E+00   1.0000343E+00   1.0000169E+00   1.0000089E+00
    1.0000049E+00   1.0000028E+00   1.0000016E+00   1.0000009E+00   1.0000005E+00
    1.0000002E+00   9.9999996E-01   9.9999973E-01   9.9999952E-01   9.9999935E-01
    9.9999923E-01   9.9999915E-01   9.9999910E-01   9.9999906E-01   9.9999904E-01
    9.9999903E-01   9.9999902E-01   9.9999901E-01   9.9999901E-01   9.9999901E-01

 1.6863999878E+02   3.5994134E+13   4.6925662E+13   2.5191920E+00   1.1583161E-05   1.9415154E-02   9.9938539E-01    53 
    7.3789944E-01   1.0400896E+00   1.0070620E+00   1.0013548E+00   1.0003602E+00
    1.0001215E+00   1.0000485E+00   1.0000218E+00   1.0000106E+00   1.0000056E+00
    1.0000031E+00   1.0000017E+00   1.0000010E+00   1.0000005E+00   1.0000002E+00
    9.9999999E-01   9.9999974E-01   9.9999950E-01   9.9999928E-01   9.9999911E-01
    9.9999900E-01   9.9999893E-01   9.9999888E-01   9.9999885E-01   9.9999884E-01
    9.9999882E-01   9.9999882E-01   9.9999881E-01   9.9999881E-01   9.9999880E-01

 1.6819785783E+02   4.2836206E+13   5.5956877E+13   2.6689883E+00   1.1429869E-05   1.6398360E-02   9.9948086E-01    54 
    8.0203049E-01   1.0315017E+00   1.0047911E+00   1.0008940E+00   1.0002357E+00
    1.0000791E+00   1.0000314E+00   1.0000140E+00   1.0000066E+00   1.0000035E+00
    1.0000019E+00   1.0000011E+00   1.0000006E+00   1.0000002E+00   9.9999997E-01
    9.9999968E-01   9.9999933E-01   9.9999899E-01   9.9999870E-01   9.9999849E-01
    9.9999836E-01   9.9999828E-01   9.9999823E-01   9.9999820E-01   9.9999818E-01
    9.9999817E-01   9.9999816E-01   9.9999815E-01   9.9999815E-01   9.9999814E-01

 1.6771289886E+02   4.9773751E+13   6.5454181E+13   2.8343783E+00   1.1126392E-05   1.4193478E-02   9.9955065E-01    55 
    8.5953509E-01   1.0242758E+00   1.0032546E+00   1.0005953E+00   1.0001560E+00
    1.0000522E+00   1.0000206E+00   1.0000090E+00   1.0000041E+00   1.0000022E+00
    1.0000012E+00   1.0000006E+00   1.0000002E+00   9.9999991E-01   9.9999951E-01
    9.9999896E-01   9.9999830E-01   9.9999766E-01   9.9999717E-01   9.9999685E-01
    9.9999665E-01   9.9999653E-01   9.9999646E-01   9.9999642E-01   9.9999639E-01
    9.9999637E-01   9.9999636E-01   9.9999635E-01   9.9999634E-01   9.9999634E-01

 1.6716943045E+02   5.5905722E+13   7.5013159E+13   3.0154700E+00   1.0672540E-05   1.2718388E-02   9.9959734E-01    56 
    9.0538279E-01   1.0181534E+00   1.0022017E+00   1.0003973E+00   1.0001037E+00
    1.0000346E+00   1.0000136E+00   1.0000059E+00   1.0000026E+00   1.0000014E+00
    1.0000007E+00   1.0000003E+00   9.9999986E-01   9.9999933E-01   9.9999850E-01
    9.9999730E-01   9.9999591E-01   9.9999469E-01   9.9999382E-01   9.9999328E-01
    9.9999295E-01   9.9999277E-01   9.9999265E-01   9.9999258E-01   9.9999254E-01
    9.9999251E-01   9.9999249E-01   9.9999248E-01   9.9999247E-01   9.9999246E-01

 1.6653742261E+02   6.0071994E+13   8.4417905E+13   3.2145313E+00   1.0077307E-05   1.1926024E-02   9.9962242E-01    57 
    9.3962185E-01   1.0130853E+00   1.0014657E+00   1.0002618E+00   1.0000682E+00
    1.0000227E+00   1.0000089E+00   1.0000039E+00   1.0000017E+00   1.0000009E+00
    1.0000004E+00   9.9999995E-01   9.9999945E-01   9.9999862E-01   9.9999723E-01
    9.9999529E-01   9.9999322E-01   9.9999155E-01   9.9999044E-01   9.9998977E-01
    9.9998938E-01   9.9998916E-01   9.9998902E-01   9.9998894E-01   9.9998889E-01
    9.9998885E-01   9.9998883E-01   9.9998881E-01   9.9998880E-01   9.9998879E-01

 1.6576190382E+02   6.2926645E+13   9.4074063E+13   3.4346695E+00   9.4268203E-06   1.1491631E-02   9.9963617E-01    58 
    9.6199501E-01   1.0087788E+00   1.0009232E+00   1.0001634E+00   1.0000425E+00
    1.0000142E+00   1.0000056E+00   1.0000024E+00   1.0000011E+00   1.0000005E+00
    1.0000002E+00   9.9999988E-01   9.9999947E-01   9.9999874E-01   9.9999756E-01
    9.9999602E-01   9.9999453E-01   9.9999341E-01   9.9999270E-01   9.9999229E-01
    9.9999206E-01   9.9999192E-01   9.9999184E-01   9.9999179E-01   9.9999175E-01
    9.9999173E-01   9.9999172E-01   9.9999171E-01   9.9999170E-01   9.9999169E-01

 1.6477259153E+02   6.8616346E+13   1.0696478E+14   3.6778065E+00   8.9635909E-06   1.0665397E-02   9.9966232E-01    59 
    9.7595235E-01   1.0050719E+00   1.0005093E+00   1.0000892E+00   1.0000232E+00
    1.0000077E+00   1.0000030E+00   1.0000013E+00   1.0000006E+00   1.0000003E+00
    1.0000001E+00   9.9999997E-01   9.9999978E-01   9.9999946E-01   9.9999897E-01
    9.9999839E-01   9.9999787E-01   9.9999751E-01   9.9999730E-01   9.9999718E-01
    9.9999711E-01   9.9999707E-01   9.9999704E-01   9.9999702E-01   9.9999701E-01
    9.9999701E-01   9.9999700E-01   9.9999700E-01   9.9999700E-01   9.9999700E-01

 1.6354637904E+02   8.1366535E+13   1.2911593E+14   3.9487457E+00   8.8759510E-06   9.1290540E-03   9.9971096E-01    60 
    9.8692802E-01   1.0024860E+00   1.0002413E+00   1.0000418E+00   1.0000109E+00
    1.0000036E+00   1.0000014E+00   1.0000006E+00   1.0000003E+00   1.0000001E+00
    1.0000001E+00   1.0000000E+00   9.9999994E-01   9.9999984E-01   9.9999971E-01
    9.9999957E-01   9.9999945E-01   9.9999938E-01   9.9999934E-01   9.9999932E-01
    9.9999931E-01   9.9999930E-01   9.9999929E-01   9.9999929E-01   9.9999929E-01
    9.9999929E-01   9.9999928E-01   9.9999928E-01   9.9999928E-01   9.9999928E-01

 1.6213403575E+02   1.0350692E+14   1.6532977E+14   4.2521603E+00   9.1123161E-06   7.3014726E-03   9.9976881E-01    61 
    9.9428592E-01   1.0010998E+00   1.0001038E+00   1.0000178E+00   1.0000047E+00
    1.0000016E+00   1.0000006E+00   1.0000003E+00   1.0000001E+00   1.0000001E+00
    1.0000000E+00   1.0000000E+00   1.0000000E+00   9.9999998E-01   9.9999997E-01
    9.9999995E-01   9.9999994E-01   9.9999993E-01   9.9999993E-01   9.9999993E-01
    9.9999993E-01   9.9999993E-01   9.9999993E-01   9.9999993E-01   9.9999993E-01
    9.9999993E-01   9.9999993E-01   9.9999993E-01   9.9999993E-01   9.9999993E-01

 1.6060354010E+02   1.3864217E+14   2.2199577E+14   4.5893623E+00   9.6198507E-06   5.5551837E-03   9.9982410E-01    62 
    9.9807597E-01   1.0004475E+00   1.0000411E+00   1.0000071E+00   1.0000018E+00
    1.0000006E+00   1.0000002E+00   1.0000001E+00   1.0000000E+00   1.0000000E+00
    1.0000000E+00   1.0000000E+00   1.0000000E+00   1.0000000E+00   1.0000001E+00
    1.0000001E+00   1.0000001E+00   1.0000001E+00   1.0000001E+00   1.0000001E+00
    1.0000001E+00   1.0000001E+00   1.0000001E+00   1.0000001E+00   1.0000001E+00
    1.0000001E+00   1.0000001E+00   1.0000001E+00   1.0000001E+00   1.0000001E+00

 1.5901401687E+02   1.9290075E+14   3.0919444E+14   4.9621323E+00   1.0371026E-05   4.0726636E-03   9.9987104E-01    63 
    9.9954422E-01   1.0001676E+00   1.0000150E+00   1.0000026E+00   1.0000007E+00
    1.0000002E+00   1.0000001E+00   1.0000000E+00   1.0000000E+00   1.0000000E+00
    1.0000000E+00   1.0000000E+00   1.0000001E+00   1.0000001E+00   1.0000001E+00
    1.0000002E+00   1.0000002E+00   1.0000002E+00   1.0000002E+00   1.0000002E+00
    1.0000002E+00   1.0000002E+00   1.0000002E+00   1.0000002E+00   1.0000002E+00
    1.0000002E+00   1.0000002E+00   1.0000002E+00   1.0000002E+00   1.0000002E+00

 1.5741340442E+02   2.7330844E+14   4.3829604E+14   5.3733940E+00   1.1283512E-05   2.9331262E-03   9.9990712E-01    64 
    9.9996965E-01   1.0000597E+00   1.0000052E+00   1.0000009E+00   1.0000002E+00
    1.0000001E+00   1.0000000E+00   1.0000000E+00   1.0000000E+00   1.0000000E+00
    1.0000000E+00   1.0000001E+00   1.0000001E+00   1.0000002E+00   1.0000002E+00
    1.0000002E+00   1.0000002E+00   1.0000002E+00   1.0000002E+00   1.0000002E+00
    1.0000002E+00   1.0000002E+00   1.0000002E+00   1.0000002E+00   1.0000002E+00
    1.0000002E+00   1.0000002E+00   1.0000002E+00   1.0000002E+00   1.0000002E+00

 1.5582364383E+02   3.8711617E+14   6.2096619E+14   5.8262446E+00   1.2252491E-05   2.1132335E-03   9.9993308E-01    65 
    1.0000481E+00   1.0000209E+00   1.0000018E+00   1.0000003E+00   1.0000001E+00
    1.0000000E+00   1.0000000E+00   1.0000000E+00   1.0000000E+00   1.0000000E+00
    1.0000000E+00   1.0000001E+00   1.0000002E+00   1.0000002E+00   1.0000002E+00
    1.0000003E+00   1.0000003E+00   1.0000003E+00   1.0000003E+00   1.0000003E+00
    1.0000003E+00   1.0000003E+00   1.0000003E+00   1.0000003E+00   1.0000003E+00
    1.0000003E+00   1.0000003E+00   1.0000003E+00   1.0000003E+00   1.0000003E+00

 1.5424279488E+02   5.4475650E+14   8.7397362E+14   6.3236507E+00   1.3233366E-05   1.5326215E-03   9.9995147E-01    66 
    1.0000472E+00   1.0000073E+00   1.0000006E+00   1.0000001E+00   1.0000000E+00
    1.0000000E+00   1.0000000E+00   1.0000000E+00   1.0000000E+00   1.0000000E+00
    1.0000001E+00   1.0000001E+00   1.0000002E+00   1.0000002E+00   1.0000003E+00
    1.0000003E+00   1.0000003E+00   1.0000003E+00   1.0000003E+00   1.0000003E+00
    1.0000003E+00   1.0000003E+00   1.0000003E+00   1.0000003E+00   1.0000003E+00
    1.0000003E+00   1.0000003E+00   1.0000003E+00   1.0000003E+00   1.0000003E+00

 1.5264099386E+02   7.6530784E+14   1.2279854E+15   6.8756318E+00   1.4240382E-05   1.1139415E-03   9.9996473E-01    67 
    1.0000304E+00   1.0000028E+00   1.0000002E+00   1.0000000E+00   1.0000000E+00
    1.0000000E+00   1.0000000E+00   1.0000000E+00   1.0000000E+00   1.0000000E+00
    1.0000001E+00   1.0000002E+00   1.0000002E+00   1.0000002E+00   1.0000002E+00
    1.0000002E+00   1.0000002E+00   1.0000002E+00   1.0000002E+00   1.0000002E+00
    1.0000002E+00   1.0000002E+00   1.0000002E+00   1.0000002E+00   1.0000003E+00
    1.0000003E+00   1.0000003E+00   1.0000003E+00   1.0000003E+00   1.0000003E+00

 1.5186117904E+02   9.0093020E+14   1.4456984E+15   7.1626345E+00   1.4733980E-05   9.5599109E-04   9.9996973E-01    68 
    1.0000254E+00   1.0000017E+00   1.0000001E+00   1.0000000E+00   1.0000000E+00
    1.0000000E+00   1.0000000E+00   1.0000000E+00   1.0000000E+00   1.0000000E+00
    1.0000001E+00   1.0000001E+00   1.0000002E+00   1.0000002E+00   1.0000002E+00
    1.0000002E+00   1.0000002E+00   1.0000002E+00   1.0000002E+00   1.0000002E+00
    1.0000002E+00   1.0000002E+00   1.0000002E+00   1.0000002E+00   1.0000002E+00
    1.0000002E+00   1.0000002E+00   1.0000002E+00   1.0000002E+00   1.0000002E+00

 1.5147027463E+02   9.7698522E+14   1.5677941E+15   7.3109586E+00   1.4981232E-05   8.8612428E-04   9.9997194E-01    69 
    1.0000279E+00   1.0000016E+00   1.0000001E+00   1.0000000E+00   1.0000000E+00
    1.0000000E+00   1.0000000E+00   1.0000000E+00   1.0000000E+00   1.0000000E+00
    1.0000001E+00   1.0000001E+00   1.0000002E+00   1.0000002E+00   1.0000002E+00
    1.0000002E+00   1.0000002E+00   1.0000002E+00   1.0000002E+00   1.0000002E+00
    1.0000002E+00   1.0000002E+00   1.0000002E+00   1.0000002E+00   1.0000002E+00
    1.0000002E+00   1.0000002E+00   1.0000002E+00   1.0000002E+00   1.0000002E+00

 1.5133983033E+02   1.0037062E+15   1.6106924E+15   7.3619579E+00   1.5061511E-05   8.6402045E-04   9.9997264E-01    70 
    1.0003886E+00   1.0000510E+00   1.0000048E+00   1.0000008E+00   1.0000002E+00
    1.0000001E+00   1.0000000E+00   1.0000000E+00   1.0000000E+00   1.0000000E+00
    1.0000001E+00   1.0000001E+00   1.0000002E+00   1.0000002E+00   1.0000002E+00
    1.0000002E+00   1.0000002E+00   1.0000002E+00   1.0000002E+00   1.0000002E+00
    1.0000002E+00   1.0000002E+00   1.0000002E+00   1.0000002E+00   1.0000002E+00
    1.0000002E+00   1.0000002E+00   1.0000002E+00   1.0000002E+00   1.0000002E+00
