 Index            R         Vel          Tau           Na        Ne/Na            T        Kross       Kr/Kes        Gamma       dpdR/ROH
     1   2.9530E+04   1.4621E+03   3.4696E-05   1.6704E+05   1.0012E+00   1.1228E+00   2.6237E-01   1.0565E+00   4.8200E-01  -7.8285E-03
     2   2.8754E+04   1.4618E+03   3.5632E-05   1.7621E+05   1.0012E+00   1.1228E+00   2.6237E-01   1.0565E+00   4.8200E-01  -8.1059E-03
     3   2.7143E+04   1.4612E+03   3.7747E-05   1.9784E+05   1.0012E+00   1.1228E+00   2.6237E-01   1.0565E+00   4.8200E-01  -8.7125E-03
     4   2.3563E+04   1.4593E+03   4.3490E-05   2.6286E+05   1.0012E+00   1.1228E+00   2.6237E-01   1.0565E+00   4.8200E-01  -1.0808E-02
     5   1.7596E+04   1.4546E+03   5.8269E-05   4.7289E+05   1.0012E+00   1.1228E+00   2.6237E-01   1.0565E+00   4.8200E-01  -1.6058E-02
     6   1.2569E+04   1.4471E+03   8.1688E-05   9.3166E+05   1.0012E+00   1.1228E+00   2.6237E-01   1.0565E+00   4.8200E-01  -2.2668E-02
     7   8.9776E+03   1.4367E+03   1.1468E-04   1.8393E+06   1.0012E+00   1.1228E+00   2.6237E-01   1.0565E+00   4.8200E-01  -3.1804E-02
     8   6.4126E+03   1.4221E+03   1.6124E-04   3.6421E+06   1.0012E+00   1.1228E+00   2.6237E-01   1.0565E+00   4.8200E-01  -4.4661E-02
     9   4.5804E+03   1.4017E+03   2.2749E-04   7.2421E+06   1.0012E+00   1.1694E+00   2.6413E-01   1.0636E+00   4.8200E-01  -6.8037E-02
    10   3.2717E+03   1.3734E+03   3.2255E-04   1.4488E+07   1.0012E+00   1.2193E+00   2.6613E-01   1.0716E+00   4.8200E-01  -9.9974E-02
    11   2.3369E+03   1.3340E+03   4.5988E-04   2.9235E+07   1.0012E+00   1.2574E+00   2.6773E-01   1.0781E+00   4.8200E-01  -1.4401E-01
    12   1.6692E+03   1.2793E+03   6.6014E-04   5.9746E+07   1.0012E+00   1.2898E+00   2.6916E-01   1.0838E+00   4.8200E-01  -2.0825E-01
    13   1.1923E+03   1.2040E+03   9.5666E-04   1.2443E+08   1.0012E+00   1.3213E+00   2.7058E-01   1.0895E+00   4.8200E-01  -3.0337E-01
    14   8.5165E+02   1.1008E+03   1.4063E-03   2.6674E+08   1.0012E+00   1.3549E+00   2.7213E-01   1.0958E+00   4.8200E-01  -4.4687E-01
    15   6.0832E+02   9.6096E+02   2.1140E-03   5.9890E+08   1.0012E+00   1.3926E+00   2.7393E-01   1.1030E+00   4.8200E-01  -6.6844E-01
    16   4.4150E+02   7.8481E+02   3.2284E-03   1.3922E+09   1.0012E+00   1.4340E+00   2.7601E-01   1.1114E+00   4.8200E-01  -1.0316E+00
    17   3.5118E+02   6.2950E+02   4.5340E-03   2.7433E+09   1.0012E+00   1.4701E+00   2.7801E-01   1.1194E+00   4.8200E-01  -1.6943E+00
    18   2.9655E+02   4.9862E+02   6.0217E-03   4.8572E+09   1.0012E+00   1.5025E+00   2.7994E-01   1.1272E+00   4.8200E-01  -2.2877E+00
    19   2.6087E+02   3.9140E+02   7.6923E-03   7.9956E+09   1.0012E+00   1.5337E+00   2.8191E-01   1.1351E+00   4.8200E-01  -3.0000E+00
    20   2.3628E+02   3.0519E+02   9.5537E-03   1.2500E+10   1.0012E+00   1.5659E+00   2.8397E-01   1.1435E+00   4.8200E-01  -3.8889E+00
    21   2.1863E+02   2.3676E+02   1.1619E-02   1.8819E+10   1.0012E+00   1.5999E+00   2.8616E-01   1.1523E+00   4.8200E-01  -5.0180E+00
    22   2.0556E+02   1.8295E+02   1.3908E-02   2.7549E+10   1.0012E+00   1.6398E+00   2.8871E-01   1.1625E+00   4.8200E-01  -6.4405E+00
    23   1.9565E+02   1.4092E+02   1.6448E-02   3.9482E+10   1.0012E+00   1.6848E+00   2.9160E-01   1.1742E+00   4.8200E-01  -8.2041E+00
    24   1.8797E+02   1.0826E+02   1.9273E-02   5.5679E+10   1.0012E+00   1.7336E+00   2.9485E-01   1.1872E+00   4.8200E-01  -1.0393E+01
    25   1.8192E+02   8.2962E+01   2.2431E-02   7.7565E+10   1.0012E+00   1.7871E+00   2.9851E-01   1.2020E+00   4.8200E-01  -1.3167E+01
    26   1.7708E+02   6.3430E+01   2.5989E-02   1.0708E+11   1.0012E+00   1.8502E+00   3.0295E-01   1.2199E+00   4.8200E-01  -1.6533E+01
    27   1.7312E+02   4.8368E+01   3.0052E-02   1.4692E+11   1.0012E+00   1.9191E+00   3.0801E-01   1.2403E+00   4.8200E-01  -2.0229E+01
    28   1.6981E+02   3.6748E+01   3.4792E-02   2.0099E+11   1.0012E+00   1.9833E+00   3.1359E-01   1.2627E+00   4.8200E-01  -2.4089E+01
    29   1.6692E+02   2.7728E+01   4.0576E-02   2.7568E+11   1.0012E+00   2.0458E+00   3.1979E-01   1.2877E+00   4.8200E-01  -2.7344E+01
    30   1.6418E+02   2.0697E+01   4.8244E-02   3.8175E+11   1.0012E+00   2.1102E+00   3.2689E-01   1.3162E+00   4.8200E-01  -3.6471E+01
    31   1.6302E+02   1.7449E+01   5.2481E-02   4.5929E+11   1.0013E+00   2.1467E+00   3.3122E-01   1.3336E+00   4.8200E-01  -6.9566E+01
    32   1.6255E+02   1.4367E+01   5.4561E-02   5.6104E+11   1.0013E+00   2.1855E+00   3.3550E-01   1.3508E+00   4.8200E-01  -1.8666E+02
    33   1.6228E+02   1.1356E+01   5.6131E-02   7.1217E+11   1.0014E+00   2.2296E+00   3.4015E-01   1.3695E+00   4.8200E-01  -2.9447E+02
    34   1.6207E+02   8.7309E+00   5.7630E-02   9.2867E+11   1.0019E+00   2.2757E+00   3.3313E-01   1.3404E+00   4.8200E-01  -5.1912E+02
    35   1.6203E+02   7.9226E+00   5.8005E-02   1.0240E+12   1.0019E+00   2.2791E+00   3.3252E-01   1.3380E+00   4.9772E-01  -5.2313E+02
    36   1.6198E+02   7.2183E+00   5.8417E-02   1.1245E+12   1.0019E+00   2.2776E+00   3.3283E-01   1.3392E+00   4.9608E-01  -4.9413E+02
    37   1.6194E+02   6.6049E+00   5.8870E-02   1.2296E+12   1.0019E+00   2.2759E+00   3.3317E-01   1.3406E+00   4.9395E-01  -4.7421E+02
    38   1.6190E+02   6.0615E+00   5.9364E-02   1.3405E+12   1.0019E+00   2.2740E+00   3.3358E-01   1.3423E+00   4.9150E-01  -4.5943E+02
    39   1.6186E+02   5.5728E+00   5.9903E-02   1.4588E+12   1.0018E+00   2.2707E+00   3.3495E-01   1.3479E+00   4.9161E-01  -4.4727E+02
    40   1.6181E+02   5.1333E+00   6.0491E-02   1.5846E+12   1.0017E+00   2.2672E+00   3.3645E-01   1.3540E+00   4.9131E-01  -4.3757E+02
    41   1.6177E+02   4.7351E+00   6.1131E-02   1.7187E+12   1.0017E+00   2.2634E+00   3.3808E-01   1.3607E+00   4.9093E-01  -4.2977E+02
    42   1.6173E+02   4.3732E+00   6.1827E-02   1.8619E+12   1.0016E+00   2.2594E+00   3.4036E-01   1.3699E+00   4.9345E-01  -4.2101E+02
    43   1.6168E+02   4.0462E+00   6.2585E-02   2.0135E+12   1.0015E+00   2.2553E+00   3.4341E-01   1.3823E+00   4.9969E-01  -4.1097E+02
    44   1.6164E+02   3.7499E+00   6.3411E-02   2.1737E+12   1.0015E+00   2.2508E+00   3.4674E-01   1.3958E+00   5.0670E-01  -4.0104E+02
    45   1.6160E+02   3.4827E+00   6.4307E-02   2.3418E+12   1.0014E+00   2.2470E+00   3.4937E-01   1.4065E+00   5.1468E-01  -3.9138E+02
    46   1.6156E+02   3.2398E+00   6.5277E-02   2.5186E+12   1.0014E+00   2.2430E+00   3.5212E-01   1.4176E+00   5.2331E-01  -3.8179E+02
    47   1.6151E+02   3.0187E+00   6.6327E-02   2.7045E+12   1.0014E+00   2.2386E+00   3.5511E-01   1.4297E+00   5.3245E-01  -3.7251E+02
    48   1.6147E+02   2.8180E+00   6.7460E-02   2.8987E+12   1.0013E+00   2.2348E+00   3.5777E-01   1.4404E+00   5.4080E-01  -3.6403E+02
    49   1.6143E+02   2.6348E+00   6.8679E-02   3.1019E+12   1.0013E+00   2.2311E+00   3.6031E-01   1.4507E+00   5.4923E-01  -3.5590E+02
    50   1.6139E+02   2.4668E+00   6.9991E-02   3.3148E+12   1.0013E+00   2.2272E+00   3.6305E-01   1.4618E+00   5.5832E-01  -3.4756E+02
    51   1.6135E+02   2.3129E+00   7.1400E-02   3.5373E+12   1.0013E+00   2.2230E+00   3.6600E-01   1.4737E+00   5.6812E-01  -3.3908E+02
    52   1.6130E+02   2.1730E+00   7.2912E-02   3.7669E+12   1.0012E+00   2.2199E+00   3.6858E-01   1.4841E+00   5.7686E-01  -3.3143E+02
    53   1.6126E+02   2.0449E+00   7.4528E-02   4.0049E+12   1.0012E+00   2.2176E+00   3.7095E-01   1.4936E+00   5.8496E-01  -3.2441E+02
    54   1.6122E+02   1.9268E+00   7.6255E-02   4.2527E+12   1.0012E+00   2.2151E+00   3.7348E-01   1.5039E+00   5.9360E-01  -3.1715E+02
    55   1.6118E+02   1.8178E+00   7.8098E-02   4.5100E+12   1.0012E+00   2.2125E+00   3.7618E-01   1.5148E+00   6.0281E-01  -3.0952E+02
    56   1.6114E+02   1.7173E+00   8.0064E-02   4.7765E+12   1.0012E+00   2.2096E+00   3.7907E-01   1.5264E+00   6.1297E-01  -3.0145E+02
    57   1.6109E+02   1.6260E+00   8.2158E-02   5.0474E+12   1.0012E+00   2.2084E+00   3.8163E-01   1.5367E+00   6.2154E-01  -2.9464E+02
    58   1.6105E+02   1.5422E+00   8.4380E-02   5.3244E+12   1.0012E+00   2.2087E+00   3.8391E-01   1.5459E+00   6.2810E-01  -2.8919E+02
    59   1.6101E+02   1.4641E+00   8.6737E-02   5.6110E+12   1.0012E+00   2.2090E+00   3.8633E-01   1.5557E+00   6.3502E-01  -2.8366E+02
    60   1.6097E+02   1.3915E+00   8.9237E-02   5.9069E+12   1.0012E+00   2.2093E+00   3.8890E-01   1.5660E+00   6.4230E-01  -2.7788E+02
    61   1.6093E+02   1.3239E+00   9.1885E-02   6.2116E+12   1.0012E+00   2.2096E+00   3.9161E-01   1.5770E+00   6.4998E-01  -2.7182E+02
    62   1.6088E+02   1.2611E+00   9.4689E-02   6.5247E+12   1.0012E+00   2.2100E+00   3.9449E-01   1.5885E+00   6.5807E-01  -2.6551E+02
    63   1.6084E+02   1.2028E+00   9.7655E-02   6.8443E+12   1.0012E+00   2.2107E+00   3.9741E-01   1.6003E+00   6.6602E-01  -2.5992E+02
    64   1.6080E+02   1.1496E+00   1.0078E-01   7.1651E+12   1.0012E+00   2.2138E+00   3.9959E-01   1.6091E+00   6.7049E-01  -2.5590E+02
    65   1.6076E+02   1.0995E+00   1.0408E-01   7.4955E+12   1.0012E+00   2.2172E+00   4.0189E-01   1.6183E+00   6.7512E-01  -2.5230E+02
    66   1.6072E+02   1.0523E+00   1.0756E-01   7.8353E+12   1.0012E+00   2.2207E+00   4.0431E-01   1.6281E+00   6.7995E-01  -2.4857E+02
    67   1.6068E+02   1.0080E+00   1.1121E-01   8.1842E+12   1.0012E+00   2.2244E+00   4.0686E-01   1.6384E+00   6.8498E-01  -2.4469E+02
    68   1.6063E+02   9.6630E-01   1.1507E-01   8.5417E+12   1.0012E+00   2.2283E+00   4.0955E-01   1.6492E+00   6.9023E-01  -2.4064E+02
    69   1.6059E+02   9.2713E-01   1.1912E-01   8.9074E+12   1.0012E+00   2.2323E+00   4.1237E-01   1.6605E+00   6.9570E-01  -2.3643E+02
    70   1.6055E+02   8.9032E-01   1.2338E-01   9.2805E+12   1.0012E+00   2.2366E+00   4.1535E-01   1.6725E+00   7.0142E-01  -2.3206E+02
    71   1.6051E+02   8.5577E-01   1.2786E-01   9.6602E+12   1.0012E+00   2.2412E+00   4.1841E-01   1.6848E+00   7.0718E-01  -2.2815E+02
    72   1.6046E+02   8.2354E-01   1.3256E-01   1.0044E+13   1.0012E+00   2.2470E+00   4.2066E-01   1.6939E+00   7.1036E-01  -2.2531E+02
    73   1.6042E+02   7.9297E-01   1.3748E-01   1.0436E+13   1.0012E+00   2.2531E+00   4.2303E-01   1.7034E+00   7.1354E-01  -2.2289E+02
    74   1.6038E+02   7.6396E-01   1.4264E-01   1.0838E+13   1.0012E+00   2.2594E+00   4.2551E-01   1.7134E+00   7.1679E-01  -2.2043E+02
    75   1.6034E+02   7.3645E-01   1.4804E-01   1.1249E+13   1.0012E+00   2.2661E+00   4.2810E-01   1.7238E+00   7.2013E-01  -2.1791E+02
    76   1.6029E+02   7.1034E-01   1.5370E-01   1.1669E+13   1.0012E+00   2.2730E+00   4.3082E-01   1.7347E+00   7.2355E-01  -2.1532E+02
    77   1.6025E+02   6.8559E-01   1.5962E-01   1.2097E+13   1.0012E+00   2.2803E+00   4.3367E-01   1.7462E+00   7.2708E-01  -2.1265E+02
    78   1.6021E+02   6.6211E-01   1.6582E-01   1.2532E+13   1.0012E+00   2.2879E+00   4.3664E-01   1.7581E+00   7.3072E-01  -2.0990E+02
    79   1.6016E+02   6.3986E-01   1.7231E-01   1.2975E+13   1.0012E+00   2.2958E+00   4.3976E-01   1.7707E+00   7.3447E-01  -2.0710E+02
    80   1.6012E+02   6.1875E-01   1.7910E-01   1.3425E+13   1.0013E+00   2.3041E+00   4.4272E-01   1.7826E+00   7.3783E-01  -2.0468E+02
    81   1.6008E+02   5.9861E-01   1.8619E-01   1.3884E+13   1.0013E+00   2.3125E+00   4.4525E-01   1.7927E+00   7.4026E-01  -2.0275E+02
    82   1.6003E+02   5.7940E-01   1.9358E-01   1.4353E+13   1.0013E+00   2.3213E+00   4.4789E-01   1.8033E+00   7.4274E-01  -2.0091E+02
    83   1.5999E+02   5.6108E-01   2.0131E-01   1.4829E+13   1.0013E+00   2.3304E+00   4.5064E-01   1.8143E+00   7.4526E-01  -1.9903E+02
    84   1.5995E+02   5.4362E-01   2.0936E-01   1.5314E+13   1.0014E+00   2.3400E+00   4.5352E-01   1.8258E+00   7.4783E-01  -1.9712E+02
    85   1.5990E+02   5.2696E-01   2.1777E-01   1.5807E+13   1.0014E+00   2.3499E+00   4.5651E-01   1.8378E+00   7.5046E-01  -1.9516E+02
    86   1.5986E+02   5.1109E-01   2.2655E-01   1.6307E+13   1.0014E+00   2.3602E+00   4.5964E-01   1.8504E+00   7.5314E-01  -1.9315E+02
    87   1.5981E+02   4.9595E-01   2.3570E-01   1.6814E+13   1.0015E+00   2.3710E+00   4.6290E-01   1.8635E+00   7.5589E-01  -1.9110E+02
    88   1.5977E+02   4.8152E-01   2.4524E-01   1.7328E+13   1.0015E+00   2.3821E+00   4.6625E-01   1.8769E+00   7.5867E-01  -1.8914E+02
    89   1.5972E+02   4.6757E-01   2.5519E-01   1.7855E+13   1.0016E+00   2.3927E+00   4.6907E-01   1.8881E+00   7.6095E-01  -1.8733E+02
    90   1.5968E+02   4.5423E-01   2.6555E-01   1.8390E+13   1.0016E+00   2.4037E+00   4.7200E-01   1.8998E+00   7.6327E-01  -1.8561E+02
    91   1.5963E+02   4.4148E-01   2.7633E-01   1.8931E+13   1.0017E+00   2.4152E+00   4.7505E-01   1.9119E+00   7.6562E-01  -1.8387E+02
    92   1.5959E+02   4.2929E-01   2.8756E-01   1.9480E+13   1.0018E+00   2.4270E+00   4.7822E-01   1.9245E+00   7.6801E-01  -1.8209E+02
    93   1.5954E+02   4.1765E-01   2.9924E-01   2.0034E+13   1.0018E+00   2.4393E+00   4.8153E-01   1.9377E+00   7.7043E-01  -1.8029E+02
    94   1.5949E+02   4.0653E-01   3.1140E-01   2.0595E+13   1.0019E+00   2.4521E+00   4.8496E-01   1.9514E+00   7.7290E-01  -1.7845E+02
    95   1.5945E+02   3.9590E-01   3.2406E-01   2.1160E+13   1.0020E+00   2.4654E+00   4.8853E-01   1.9656E+00   7.7529E-01  -1.7675E+02
    96   1.5940E+02   3.8573E-01   3.3722E-01   2.1730E+13   1.0021E+00   2.4791E+00   4.9224E-01   1.9804E+00   7.7740E-01  -1.7510E+02
    97   1.5935E+02   3.7579E-01   3.5092E-01   2.2318E+13   1.0022E+00   2.4918E+00   4.9551E-01   1.9931E+00   7.7995E-01  -1.7321E+02
    98   1.5931E+02   3.6626E-01   3.6515E-01   2.2912E+13   1.0025E+00   2.5046E+00   4.9879E-01   2.0059E+00   7.8256E-01  -1.7126E+02
    99   1.5926E+02   3.5715E-01   3.7993E-01   2.3511E+13   1.0027E+00   2.5179E+00   5.0219E-01   2.0192E+00   7.8517E-01  -1.6931E+02
   100   1.5921E+02   3.4845E-01   3.9528E-01   2.4113E+13   1.0029E+00   2.5316E+00   5.0572E-01   2.0330E+00   7.8778E-01  -1.6735E+02
   101   1.5916E+02   3.4013E-01   4.1122E-01   2.4717E+13   1.0031E+00   2.5457E+00   5.0938E-01   2.0473E+00   7.9041E-01  -1.6537E+02
   102   1.5912E+02   3.3218E-01   4.2777E-01   2.5324E+13   1.0033E+00   2.5604E+00   5.1317E-01   2.0621E+00   7.9304E-01  -1.6339E+02
   103   1.5907E+02   3.2459E-01   4.4495E-01   2.5932E+13   1.0035E+00   2.5755E+00   5.1711E-01   2.0775E+00   7.9569E-01  -1.6140E+02
   104   1.5902E+02   3.1734E-01   4.6278E-01   2.6541E+13   1.0036E+00   2.5911E+00   5.2119E-01   2.0935E+00   7.9836E-01  -1.5937E+02
   105   1.5897E+02   3.1029E-01   4.8128E-01   2.7160E+13   1.0041E+00   2.6059E+00   5.2500E-01   2.1080E+00   8.0128E-01  -1.5715E+02
   106   1.5892E+02   3.0348E-01   5.0046E-01   2.7787E+13   1.0046E+00   2.6201E+00   5.2865E-01   2.1214E+00   8.0443E-01  -1.5477E+02
   107   1.5887E+02   2.9699E-01   5.2033E-01   2.8412E+13   1.0052E+00   2.6347E+00   5.3240E-01   2.1353E+00   8.0758E-01  -1.5238E+02
   108   1.5882E+02   2.9080E-01   5.4090E-01   2.9035E+13   1.0058E+00   2.6498E+00   5.3628E-01   2.1497E+00   8.1073E-01  -1.4998E+02
   109   1.5877E+02   2.8490E-01   5.6220E-01   2.9655E+13   1.0063E+00   2.6652E+00   5.4029E-01   2.1645E+00   8.1388E-01  -1.4758E+02
   110   1.5872E+02   2.7928E-01   5.8425E-01   3.0272E+13   1.0069E+00   2.6811E+00   5.4442E-01   2.1799E+00   8.1703E-01  -1.4517E+02
   111   1.5867E+02   2.7392E-01   6.0707E-01   3.0883E+13   1.0074E+00   2.6973E+00   5.4869E-01   2.1957E+00   8.2019E-01  -1.4276E+02
   112   1.5862E+02   2.6882E-01   6.3067E-01   3.1490E+13   1.0080E+00   2.7141E+00   5.5308E-01   2.2121E+00   8.2336E-01  -1.4033E+02
   113   1.5857E+02   2.6396E-01   6.5509E-01   3.2090E+13   1.0086E+00   2.7311E+00   5.5755E-01   2.2287E+00   8.2656E-01  -1.3784E+02
   114   1.5851E+02   2.5926E-01   6.8031E-01   3.2694E+13   1.0100E+00   2.7465E+00   5.6135E-01   2.2406E+00   8.3005E-01  -1.3520E+02
   115   1.5846E+02   2.5479E-01   7.0634E-01   3.3289E+13   1.0115E+00   2.7622E+00   5.6524E-01   2.2528E+00   8.3353E-01  -1.3252E+02
   116   1.5841E+02   2.5054E-01   7.3320E-01   3.3876E+13   1.0130E+00   2.7782E+00   5.6923E-01   2.2654E+00   8.3697E-01  -1.2987E+02
   117   1.5836E+02   2.4651E-01   7.6090E-01   3.4453E+13   1.0145E+00   2.7946E+00   5.7332E-01   2.2784E+00   8.4038E-01  -1.2724E+02
   118   1.5830E+02   2.4267E-01   7.8946E-01   3.5021E+13   1.0159E+00   2.8113E+00   5.7751E-01   2.2917E+00   8.4377E-01  -1.2463E+02
   119   1.5825E+02   2.3903E-01   8.1889E-01   3.5578E+13   1.0174E+00   2.8284E+00   5.8179E-01   2.3054E+00   8.4714E-01  -1.2204E+02
   120   1.5820E+02   2.3558E-01   8.4920E-01   3.6124E+13   1.0189E+00   2.8457E+00   5.8618E-01   2.3194E+00   8.5047E-01  -1.1946E+02
   121   1.5814E+02   2.3230E-01   8.8043E-01   3.6659E+13   1.0203E+00   2.8634E+00   5.9067E-01   2.3338E+00   8.5377E-01  -1.1691E+02
   122   1.5809E+02   2.2920E-01   9.1257E-01   3.7181E+13   1.0221E+00   2.8811E+00   5.9508E-01   2.3473E+00   8.5697E-01  -1.1450E+02
   123   1.5803E+02   2.2629E-01   9.4561E-01   3.7685E+13   1.0252E+00   2.8975E+00   5.9873E-01   2.3543E+00   8.5974E-01  -1.1232E+02
   124   1.5798E+02   2.2352E-01   9.7954E-01   3.8180E+13   1.0284E+00   2.9142E+00   6.0242E-01   2.3615E+00   8.6243E-01  -1.1024E+02
   125   1.5792E+02   2.2087E-01   1.0144E+00   3.8665E+13   1.0316E+00   2.9310E+00   6.0618E-01   2.3689E+00   8.6506E-01  -1.0822E+02
   126   1.5786E+02   2.1834E-01   1.0501E+00   3.9140E+13   1.0348E+00   2.9481E+00   6.0999E-01   2.3764E+00   8.6761E-01  -1.0625E+02
   127   1.5781E+02   2.1593E-01   1.0868E+00   3.9605E+13   1.0381E+00   2.9654E+00   6.1385E-01   2.3840E+00   8.7010E-01  -1.0434E+02
   128   1.5775E+02   2.1363E-01   1.1244E+00   4.0061E+13   1.0413E+00   2.9829E+00   6.1777E-01   2.3918E+00   8.7250E-01  -1.0249E+02
   129   1.5769E+02   2.1143E-01   1.1630E+00   4.0507E+13   1.0445E+00   3.0006E+00   6.2174E-01   2.3997E+00   8.7484E-01  -1.0069E+02
   130   1.5764E+02   2.0933E-01   1.2026E+00   4.0943E+13   1.0477E+00   3.0185E+00   6.2576E-01   2.4078E+00   8.7709E-01  -9.8958E+01
   131   1.5758E+02   2.0733E-01   1.2431E+00   4.1370E+13   1.0510E+00   3.0367E+00   6.2984E-01   2.4160E+00   8.7926E-01  -9.7349E+01
   132   1.5752E+02   2.0542E-01   1.2846E+00   4.1786E+13   1.0550E+00   3.0540E+00   6.3325E-01   2.4199E+00   8.8079E-01  -9.6161E+01
   133   1.5746E+02   2.0357E-01   1.3271E+00   4.2198E+13   1.0596E+00   3.0707E+00   6.3622E-01   2.4207E+00   8.8185E-01  -9.5355E+01
   134   1.5740E+02   2.0177E-01   1.3705E+00   4.2607E+13   1.0642E+00   3.0876E+00   6.3920E-01   2.4215E+00   8.8282E-01  -9.4757E+01
   135   1.5734E+02   2.0000E-01   1.4149E+00   4.3016E+13   1.0688E+00   3.1046E+00   6.4220E-01   2.4223E+00   8.8335E-01  -9.4278E+01
   136   1.5728E+02   1.9827E-01   1.4602E+00   4.3424E+13   1.0735E+00   3.1217E+00   6.4522E-01   2.4231E+00   8.8408E-01  -9.3783E+01
   137   1.5722E+02   1.9658E-01   1.5066E+00   4.3832E+13   1.0782E+00   3.1389E+00   6.4825E-01   2.4240E+00   8.8473E-01  -9.3327E+01
   138   1.5716E+02   1.9492E-01   1.5540E+00   4.4241E+13   1.0828E+00   3.1562E+00   6.5130E-01   2.4248E+00   8.8532E-01  -9.2928E+01
   139   1.5709E+02   1.9329E-01   1.6024E+00   4.4650E+13   1.0875E+00   3.1736E+00   6.5436E-01   2.4257E+00   8.8584E-01  -9.2589E+01
   140   1.5703E+02   1.9168E-01   1.6519E+00   4.5060E+13   1.0922E+00   3.1911E+00   6.5743E-01   2.4266E+00   8.8624E-01  -9.2359E+01
   141   1.5697E+02   1.9009E-01   1.7024E+00   4.5472E+13   1.0970E+00   3.2087E+00   6.6051E-01   2.4275E+00   8.8643E-01  -9.2265E+01
   142   1.5690E+02   1.8851E-01   1.7541E+00   4.5890E+13   1.1016E+00   3.2263E+00   6.6346E-01   2.4280E+00   8.8648E-01  -9.2427E+01
   143   1.5684E+02   1.8682E-01   1.8068E+00   4.6343E+13   1.1057E+00   3.2431E+00   6.6500E-01   2.4247E+00   8.8586E-01  -9.2843E+01
   144   1.5678E+02   1.8513E-01   1.8605E+00   4.6806E+13   1.1097E+00   3.2599E+00   6.6651E-01   2.4214E+00   8.8538E-01  -9.3356E+01
   145   1.5671E+02   1.8343E-01   1.9153E+00   4.7279E+13   1.1138E+00   3.2767E+00   6.6801E-01   2.4180E+00   8.8483E-01  -9.3883E+01
   146   1.5665E+02   1.8172E-01   1.9712E+00   4.7762E+13   1.1178E+00   3.2935E+00   6.6949E-01   2.4145E+00   8.8422E-01  -9.4459E+01
   147   1.5658E+02   1.8001E-01   2.0281E+00   4.8257E+13   1.1219E+00   3.3104E+00   6.7095E-01   2.4111E+00   8.8354E-01  -9.5087E+01
   148   1.5651E+02   1.7830E-01   2.0862E+00   4.8763E+13   1.1259E+00   3.3273E+00   6.7239E-01   2.4076E+00   8.8281E-01  -9.5768E+01
   149   1.5645E+02   1.7657E-01   2.1454E+00   4.9282E+13   1.1300E+00   3.3443E+00   6.7382E-01   2.4040E+00   8.8201E-01  -9.6502E+01
   150   1.5638E+02   1.7483E-01   2.2059E+00   4.9814E+13   1.1340E+00   3.3613E+00   6.7522E-01   2.4004E+00   8.8115E-01  -9.7289E+01
   151   1.5631E+02   1.7309E-01   2.2675E+00   5.0360E+13   1.1381E+00   3.3784E+00   6.7659E-01   2.3967E+00   8.8022E-01  -9.8131E+01
   152   1.5624E+02   1.7133E-01   2.3304E+00   5.0921E+13   1.1421E+00   3.3955E+00   6.7795E-01   2.3931E+00   8.7923E-01  -9.9028E+01
   153   1.5617E+02   1.6956E-01   2.3945E+00   5.1498E+13   1.1462E+00   3.4127E+00   6.7929E-01   2.3893E+00   8.7818E-01  -9.9980E+01
   154   1.5610E+02   1.6772E-01   2.4600E+00   5.2110E+13   1.1494E+00   3.4299E+00   6.8009E-01   2.3853E+00   8.7710E-01  -1.0092E+02
   155   1.5603E+02   1.6579E-01   2.5267E+00   5.2762E+13   1.1518E+00   3.4471E+00   6.8029E-01   2.3811E+00   8.7614E-01  -1.0184E+02
   156   1.5596E+02   1.6386E-01   2.5947E+00   5.3432E+13   1.1542E+00   3.4643E+00   6.8045E-01   2.3767E+00   8.7465E-01  -1.0298E+02
   157   1.5589E+02   1.6191E-01   2.6640E+00   5.4125E+13   1.1566E+00   3.4816E+00   6.8058E-01   2.3723E+00   8.7349E-01  -1.0416E+02
   158   1.5582E+02   1.5995E-01   2.7346E+00   5.4839E+13   1.1589E+00   3.4989E+00   6.8068E-01   2.3678E+00   8.7233E-01  -1.0521E+02
   159   1.5575E+02   1.5798E-01   2.8066E+00   5.5574E+13   1.1613E+00   3.5162E+00   6.8074E-01   2.3633E+00   8.7117E-01  -1.0626E+02
   160   1.5568E+02   1.5600E-01   2.8801E+00   5.6331E+13   1.1636E+00   3.5336E+00   6.8077E-01   2.3587E+00   8.7000E-01  -1.0732E+02
   161   1.5561E+02   1.5401E-01   2.9550E+00   5.7111E+13   1.1659E+00   3.5510E+00   6.8077E-01   2.3540E+00   8.6882E-01  -1.0839E+02
   162   1.5554E+02   1.5202E-01   3.0314E+00   5.7914E+13   1.1682E+00   3.5685E+00   6.8073E-01   2.3492E+00   8.6764E-01  -1.0947E+02
   163   1.5546E+02   1.5002E-01   3.1093E+00   5.8741E+13   1.1705E+00   3.5860E+00   6.8065E-01   2.3444E+00   8.6646E-01  -1.1055E+02
   164   1.5539E+02   1.4801E-01   3.1888E+00   5.9592E+13   1.1727E+00   3.6035E+00   6.8053E-01   2.3394E+00   8.6526E-01  -1.1164E+02
   165   1.5531E+02   1.4601E-01   3.2700E+00   6.0470E+13   1.1750E+00   3.6211E+00   6.8038E-01   2.3345E+00   8.6406E-01  -1.1275E+02
   166   1.5524E+02   1.4399E-01   3.3528E+00   6.1374E+13   1.1772E+00   3.6388E+00   6.8019E-01   2.3294E+00   8.6284E-01  -1.1386E+02
   167   1.5517E+02   1.4194E-01   3.4373E+00   6.2321E+13   1.1786E+00   3.6570E+00   6.7987E-01   2.3255E+00   8.6169E-01  -1.1492E+02
   168   1.5509E+02   1.3988E-01   3.5236E+00   6.3300E+13   1.1797E+00   3.6753E+00   6.7948E-01   2.3220E+00   8.6060E-01  -1.1593E+02
   169   1.5501E+02   1.3782E-01   3.6117E+00   6.4308E+13   1.1808E+00   3.6938E+00   6.7907E-01   2.3184E+00   8.5953E-01  -1.1694E+02
   170   1.5494E+02   1.3577E-01   3.7016E+00   6.5344E+13   1.1819E+00   3.7123E+00   6.7863E-01   2.3148E+00   8.5847E-01  -1.1793E+02
   171   1.5486E+02   1.3373E-01   3.7934E+00   6.6409E+13   1.1830E+00   3.7309E+00   6.7816E-01   2.3111E+00   8.5743E-01  -1.1891E+02
   172   1.5478E+02   1.3169E-01   3.8872E+00   6.7504E+13   1.1841E+00   3.7496E+00   6.7766E-01   2.3073E+00   8.5640E-01  -1.1989E+02
   173   1.5471E+02   1.2966E-01   3.9830E+00   6.8631E+13   1.1851E+00   3.7684E+00   6.7712E-01   2.3034E+00   8.5539E-01  -1.2086E+02
   174   1.5463E+02   1.2763E-01   4.0808E+00   6.9788E+13   1.1862E+00   3.7873E+00   6.7656E-01   2.2995E+00   8.5438E-01  -1.2182E+02
   175   1.5455E+02   1.2562E-01   4.1808E+00   7.0979E+13   1.1872E+00   3.8062E+00   6.7597E-01   2.2954E+00   8.5338E-01  -1.2278E+02
   176   1.5447E+02   1.2362E-01   4.2830E+00   7.2202E+13   1.1882E+00   3.8253E+00   6.7534E-01   2.2913E+00   8.5239E-01  -1.2373E+02
   177   1.5439E+02   1.2162E-01   4.3873E+00   7.3460E+13   1.1892E+00   3.8444E+00   6.7468E-01   2.2871E+00   8.5140E-01  -1.2469E+02
   178   1.5431E+02   1.1964E-01   4.4940E+00   7.4754E+13   1.1902E+00   3.8636E+00   6.7399E-01   2.2829E+00   8.5042E-01  -1.2565E+02
   179   1.5423E+02   1.1767E-01   4.6031E+00   7.6084E+13   1.1912E+00   3.8830E+00   6.7326E-01   2.2785E+00   8.4936E-01  -1.2662E+02
   180   1.5415E+02   1.1571E-01   4.7146E+00   7.7453E+13   1.1921E+00   3.9026E+00   6.7252E-01   2.2744E+00   8.4835E-01  -1.2770E+02
   181   1.5407E+02   1.1376E-01   4.8286E+00   7.8869E+13   1.1925E+00   3.9227E+00   6.7180E-01   2.2711E+00   8.4698E-01  -1.2892E+02
   182   1.5399E+02   1.1181E-01   4.9452E+00   8.0328E+13   1.1930E+00   3.9430E+00   6.7106E-01   2.2677E+00   8.4566E-01  -1.3017E+02
   183   1.5391E+02   1.0987E-01   5.0645E+00   8.1832E+13   1.1935E+00   3.9634E+00   6.7029E-01   2.2642E+00   8.4438E-01  -1.3138E+02
   184   1.5383E+02   1.0794E-01   5.1865E+00   8.3383E+13   1.1939E+00   3.9840E+00   6.6949E-01   2.2607E+00   8.4315E-01  -1.3256E+02
   185   1.5375E+02   1.0603E-01   5.3114E+00   8.4980E+13   1.1944E+00   4.0047E+00   6.6867E-01   2.2570E+00   8.4195E-01  -1.3371E+02
   186   1.5366E+02   1.0412E-01   5.4392E+00   8.6626E+13   1.1948E+00   4.0255E+00   6.6781E-01   2.2533E+00   8.4080E-01  -1.3483E+02
   187   1.5358E+02   1.0224E-01   5.5701E+00   8.8321E+13   1.1952E+00   4.0465E+00   6.6693E-01   2.2495E+00   8.3969E-01  -1.3592E+02
   188   1.5349E+02   1.0037E-01   5.7040E+00   9.0066E+13   1.1957E+00   4.0676E+00   6.6601E-01   2.2456E+00   8.3861E-01  -1.3698E+02
   189   1.5341E+02   9.8512E-02   5.8412E+00   9.1862E+13   1.1961E+00   4.0889E+00   6.6507E-01   2.2416E+00   8.3758E-01  -1.3800E+02
   190   1.5333E+02   9.6675E-02   5.9816E+00   9.3711E+13   1.1965E+00   4.1103E+00   6.6409E-01   2.2376E+00   8.3658E-01  -1.3900E+02
   191   1.5324E+02   9.4857E-02   6.1255E+00   9.5613E+13   1.1969E+00   4.1319E+00   6.6308E-01   2.2334E+00   8.3563E-01  -1.3997E+02
   192   1.5315E+02   9.3059E-02   6.2729E+00   9.7570E+13   1.1973E+00   4.1537E+00   6.6204E-01   2.2291E+00   8.3471E-01  -1.4092E+02
   193   1.5307E+02   9.1280E-02   6.4238E+00   9.9583E+13   1.1977E+00   4.1756E+00   6.6096E-01   2.2248E+00   8.3366E-01  -1.4199E+02
   194   1.5298E+02   8.9519E-02   6.5785E+00   1.0166E+14   1.1980E+00   4.1979E+00   6.5979E-01   2.2203E+00   8.3208E-01  -1.4355E+02
   195   1.5289E+02   8.7764E-02   6.7370E+00   1.0381E+14   1.1982E+00   4.2207E+00   6.5854E-01   2.2157E+00   8.2996E-01  -1.4549E+02
   196   1.5281E+02   8.6014E-02   6.8995E+00   1.0604E+14   1.1984E+00   4.2436E+00   6.5726E-01   2.2110E+00   8.2790E-01  -1.4742E+02
   197   1.5272E+02   8.4272E-02   7.0661E+00   1.0836E+14   1.1986E+00   4.2668E+00   6.5594E-01   2.2062E+00   8.2592E-01  -1.4929E+02
   198   1.5263E+02   8.2540E-02   7.2369E+00   1.1076E+14   1.1988E+00   4.2901E+00   6.5458E-01   2.2013E+00   8.2399E-01  -1.5111E+02
   199   1.5254E+02   8.0818E-02   7.4122E+00   1.1325E+14   1.1990E+00   4.3137E+00   6.5318E-01   2.1962E+00   8.2212E-01  -1.5289E+02
   200   1.5245E+02   7.9109E-02   7.5920E+00   1.1584E+14   1.1992E+00   4.3375E+00   6.5173E-01   2.1910E+00   8.2029E-01  -1.5466E+02
   201   1.5236E+02   7.7414E-02   7.7766E+00   1.1851E+14   1.1994E+00   4.3615E+00   6.5025E-01   2.1857E+00   8.1847E-01  -1.5639E+02
   202   1.5227E+02   7.5733E-02   7.9661E+00   1.2129E+14   1.1995E+00   4.3857E+00   6.4872E-01   2.1803E+00   8.1676E-01  -1.5805E+02
   203   1.5218E+02   7.4069E-02   8.1607E+00   1.2416E+14   1.1997E+00   4.4102E+00   6.4715E-01   2.1746E+00   8.1510E-01  -1.5967E+02
   204   1.5209E+02   7.2422E-02   8.3606E+00   1.2714E+14   1.1999E+00   4.4350E+00   6.4553E-01   2.1689E+00   8.1349E-01  -1.6125E+02
   205   1.5200E+02   7.0795E-02   8.5659E+00   1.3022E+14   1.2001E+00   4.4599E+00   6.4386E-01   2.1630E+00   8.1193E-01  -1.6280E+02
   206   1.5190E+02   6.9186E-02   8.7769E+00   1.3341E+14   1.2002E+00   4.4852E+00   6.4214E-01   2.1569E+00   8.1041E-01  -1.6431E+02
   207   1.5181E+02   6.7598E-02   8.9937E+00   1.3671E+14   1.2004E+00   4.5107E+00   6.4037E-01   2.1507E+00   8.0894E-01  -1.6595E+02
   208   1.5172E+02   6.6030E-02   9.2166E+00   1.4013E+14   1.2005E+00   4.5367E+00   6.3898E-01   2.1458E+00   8.0666E-01  -1.6799E+02
   209   1.5162E+02   6.4474E-02   9.4460E+00   1.4369E+14   1.2006E+00   4.5632E+00   6.3761E-01   2.1410E+00   8.0430E-01  -1.7024E+02
   210   1.5153E+02   6.2932E-02   9.6822E+00   1.4740E+14   1.2007E+00   4.5899E+00   6.3621E-01   2.1362E+00   8.0201E-01  -1.7244E+02
   211   1.5143E+02   6.1406E-02   9.9253E+00   1.5125E+14   1.2008E+00   4.6170E+00   6.3476E-01   2.1311E+00   7.9978E-01  -1.7460E+02
   212   1.5133E+02   5.9895E-02   1.0176E+01   1.5526E+14   1.2009E+00   4.6444E+00   6.3326E-01   2.1259E+00   7.9761E-01  -1.7671E+02
   213   1.5124E+02   5.8403E-02   1.0434E+01   1.5943E+14   1.2010E+00   4.6721E+00   6.3172E-01   2.1206E+00   7.9551E-01  -1.7878E+02
   214   1.5114E+02   5.6929E-02   1.0700E+01   1.6377E+14   1.2011E+00   4.7002E+00   6.3012E-01   2.1151E+00   7.9345E-01  -1.8080E+02
   215   1.5104E+02   5.5475E-02   1.0974E+01   1.6828E+14   1.2011E+00   4.7287E+00   6.2848E-01   2.1094E+00   7.9145E-01  -1.8279E+02
   216   1.5094E+02   5.4041E-02   1.1257E+01   1.7297E+14   1.2012E+00   4.7576E+00   6.2678E-01   2.1036E+00   7.8951E-01  -1.8473E+02
   217   1.5085E+02   5.2629E-02   1.1549E+01   1.7784E+14   1.2013E+00   4.7868E+00   6.2502E-01   2.0975E+00   7.8761E-01  -1.8664E+02
   218   1.5075E+02   5.1239E-02   1.1850E+01   1.8291E+14   1.2014E+00   4.8165E+00   6.2321E-01   2.0913E+00   7.8576E-01  -1.8851E+02
   219   1.5065E+02   4.9871E-02   1.2160E+01   1.8818E+14   1.2015E+00   4.8465E+00   6.2134E-01   2.0849E+00   7.8397E-01  -1.9032E+02
   220   1.5055E+02   4.8527E-02   1.2481E+01   1.9365E+14   1.2015E+00   4.8770E+00   6.1940E-01   2.0783E+00   7.8224E-01  -1.9215E+02
   221   1.5044E+02   4.7206E-02   1.2812E+01   1.9934E+14   1.2016E+00   4.9080E+00   6.1817E-01   2.0740E+00   7.8034E-01  -1.9405E+02
   222   1.5034E+02   4.5909E-02   1.3155E+01   2.0525E+14   1.2016E+00   4.9396E+00   6.1708E-01   2.0703E+00   7.7847E-01  -1.9597E+02
   223   1.5024E+02   4.4635E-02   1.3509E+01   2.1139E+14   1.2017E+00   4.9717E+00   6.1594E-01   2.0664E+00   7.7664E-01  -1.9790E+02
   224   1.5014E+02   4.3383E-02   1.3876E+01   2.1779E+14   1.2018E+00   5.0042E+00   6.1476E-01   2.0623E+00   7.7470E-01  -1.9985E+02
   225   1.5003E+02   4.2155E-02   1.4255E+01   2.2445E+14   1.2018E+00   5.0373E+00   6.1354E-01   2.0582E+00   7.7296E-01  -2.0172E+02
   226   1.4993E+02   4.0952E-02   1.4648E+01   2.3137E+14   1.2019E+00   5.0710E+00   6.1228E-01   2.0538E+00   7.7128E-01  -2.0349E+02
   227   1.4982E+02   3.9773E-02   1.5056E+01   2.3856E+14   1.2019E+00   5.1052E+00   6.1097E-01   2.0493E+00   7.6965E-01  -2.0522E+02
   228   1.4971E+02   3.8618E-02   1.5477E+01   2.4604E+14   1.2019E+00   5.1399E+00   6.0961E-01   2.0447E+00   7.6808E-01  -2.0691E+02
   229   1.4961E+02   3.7489E-02   1.5915E+01   2.5381E+14   1.2020E+00   5.1753E+00   6.0820E-01   2.0399E+00   7.6657E-01  -2.0856E+02
   230   1.4950E+02   3.6385E-02   1.6367E+01   2.6189E+14   1.2020E+00   5.2112E+00   6.0673E-01   2.0349E+00   7.6511E-01  -2.1016E+02
   231   1.4939E+02   3.5306E-02   1.6837E+01   2.7029E+14   1.2021E+00   5.2477E+00   6.0522E-01   2.0297E+00   7.6372E-01  -2.1170E+02
   232   1.4928E+02   3.4252E-02   1.7324E+01   2.7902E+14   1.2021E+00   5.2848E+00   6.0364E-01   2.0244E+00   7.6241E-01  -2.1327E+02
   233   1.4917E+02   3.3222E-02   1.7829E+01   2.8809E+14   1.2022E+00   5.3226E+00   6.0258E-01   2.0208E+00   7.6072E-01  -2.1503E+02
   234   1.4906E+02   3.2215E-02   1.8353E+01   2.9754E+14   1.2022E+00   5.3610E+00   6.0162E-01   2.0175E+00   7.5899E-01  -2.1690E+02
   235   1.4895E+02   3.1231E-02   1.8898E+01   3.0737E+14   1.2022E+00   5.4002E+00   6.0063E-01   2.0141E+00   7.5731E-01  -2.1870E+02
   236   1.4884E+02   3.0270E-02   1.9464E+01   3.1761E+14   1.2023E+00   5.4400E+00   5.9960E-01   2.0106E+00   7.5607E-01  -2.2020E+02
   237   1.4872E+02   2.9334E-02   2.0052E+01   3.2824E+14   1.2023E+00   5.4806E+00   5.9852E-01   2.0070E+00   7.5484E-01  -2.2164E+02
   238   1.4861E+02   2.8422E-02   2.0664E+01   3.3930E+14   1.2023E+00   5.5219E+00   5.9740E-01   2.0032E+00   7.5342E-01  -2.2325E+02
   239   1.4850E+02   2.7532E-02   2.1299E+01   3.5080E+14   1.2023E+00   5.5639E+00   5.9624E-01   1.9992E+00   7.5204E-01  -2.2485E+02
   240   1.4838E+02   2.6666E-02   2.1960E+01   3.6277E+14   1.2024E+00   5.6068E+00   5.9503E-01   1.9951E+00   7.5070E-01  -2.2641E+02
   241   1.4826E+02   2.5821E-02   2.2648E+01   3.7522E+14   1.2024E+00   5.6504E+00   5.9377E-01   1.9908E+00   7.4940E-01  -2.2794E+02
   242   1.4815E+02   2.4999E-02   2.3363E+01   3.8818E+14   1.2024E+00   5.6948E+00   5.9246E-01   1.9864E+00   7.4817E-01  -2.2943E+02
   243   1.4803E+02   2.4199E-02   2.4107E+01   4.0166E+14   1.2024E+00   5.7401E+00   5.9110E-01   1.9818E+00   7.4699E-01  -2.3099E+02
   244   1.4791E+02   2.3419E-02   2.4881E+01   4.1571E+14   1.2025E+00   5.7859E+00   5.9000E-01   1.9781E+00   7.4531E-01  -2.3279E+02
   245   1.4779E+02   2.2658E-02   2.5688E+01   4.3037E+14   1.2025E+00   5.8327E+00   5.8892E-01   1.9744E+00   7.4359E-01  -2.3473E+02
   246   1.4767E+02   2.1916E-02   2.6528E+01   4.4566E+14   1.2025E+00   5.8803E+00   5.8779E-01   1.9706E+00   7.4192E-01  -2.3665E+02
   247   1.4754E+02   2.1194E-02   2.7404E+01   4.6162E+14   1.2025E+00   5.9288E+00   5.8661E-01   1.9666E+00   7.4030E-01  -2.3856E+02
   248   1.4742E+02   2.0490E-02   2.8317E+01   4.7827E+14   1.2026E+00   5.9782E+00   5.8538E-01   1.9624E+00   7.3872E-01  -2.4044E+02
   249   1.4730E+02   1.9805E-02   2.9268E+01   4.9564E+14   1.2026E+00   6.0286E+00   5.8410E-01   1.9581E+00   7.3721E-01  -2.4224E+02
   250   1.4717E+02   1.9139E-02   3.0261E+01   5.1377E+14   1.2026E+00   6.0800E+00   5.8277E-01   1.9536E+00   7.3578E-01  -2.4388E+02
   251   1.4704E+02   1.8492E-02   3.1296E+01   5.3265E+14   1.2026E+00   6.1324E+00   5.8137E-01   1.9489E+00   7.3463E-01  -2.4547E+02
   252   1.4692E+02   1.7864E-02   3.2376E+01   5.5235E+14   1.2027E+00   6.1858E+00   5.7991E-01   1.9440E+00   7.3330E-01  -2.4711E+02
   253   1.4679E+02   1.7254E-02   3.3504E+01   5.7289E+14   1.2027E+00   6.2402E+00   5.7839E-01   1.9388E+00   7.3203E-01  -2.4891E+02
   254   1.4666E+02   1.6659E-02   3.4680E+01   5.9438E+14   1.2027E+00   6.2953E+00   5.7702E-01   1.9342E+00   7.2991E-01  -2.5115E+02
   255   1.4653E+02   1.6080E-02   3.5909E+01   6.1692E+14   1.2027E+00   6.3514E+00   5.7563E-01   1.9295E+00   7.2768E-01  -2.5366E+02
   256   1.4639E+02   1.5515E-02   3.7193E+01   6.4053E+14   1.2028E+00   6.4086E+00   5.7417E-01   1.9246E+00   7.2551E-01  -2.5614E+02
   257   1.4626E+02   1.4965E-02   3.8535E+01   6.6529E+14   1.2028E+00   6.4669E+00   5.7265E-01   1.9194E+00   7.2340E-01  -2.5858E+02
   258   1.4613E+02   1.4430E-02   3.9937E+01   6.9123E+14   1.2028E+00   6.5265E+00   5.7106E-01   1.9140E+00   7.2134E-01  -2.6098E+02
   259   1.4599E+02   1.3909E-02   4.1404E+01   7.1843E+14   1.2028E+00   6.5872E+00   5.6939E-01   1.9084E+00   7.1935E-01  -2.6332E+02
   260   1.4585E+02   1.3403E-02   4.2939E+01   7.4693E+14   1.2029E+00   6.6492E+00   5.6764E-01   1.9025E+00   7.1744E-01  -2.6561E+02
   261   1.4571E+02   1.2913E-02   4.4545E+01   7.7681E+14   1.2029E+00   6.7124E+00   5.6581E-01   1.8963E+00   7.1561E-01  -2.6784E+02
   262   1.4558E+02   1.2436E-02   4.6226E+01   8.0812E+14   1.2029E+00   6.7770E+00   5.6390E-01   1.8899E+00   7.1386E-01  -2.7005E+02
   263   1.4543E+02   1.1973E-02   4.7986E+01   8.4099E+14   1.2029E+00   6.8424E+00   5.6238E-01   1.8848E+00   7.1184E-01  -2.7245E+02
   264   1.4529E+02   1.1523E-02   4.9831E+01   8.7555E+14   1.2030E+00   6.9091E+00   5.6105E-01   1.8803E+00   7.0968E-01  -2.7502E+02
   265   1.4515E+02   1.1086E-02   5.1766E+01   9.1184E+14   1.2030E+00   6.9771E+00   5.5966E-01   1.8755E+00   7.0755E-01  -2.7758E+02
   266   1.4500E+02   1.0663E-02   5.3797E+01   9.4997E+14   1.2030E+00   7.0467E+00   5.5819E-01   1.8706E+00   7.0545E-01  -2.8012E+02
   267   1.4486E+02   1.0252E-02   5.5929E+01   9.9003E+14   1.2030E+00   7.1177E+00   5.5665E-01   1.8654E+00   7.0341E-01  -2.8266E+02
   268   1.4471E+02   9.8540E-03   5.8167E+01   1.0321E+15   1.2031E+00   7.1904E+00   5.5503E-01   1.8599E+00   7.0146E-01  -2.8517E+02
   269   1.4456E+02   9.4685E-03   6.0517E+01   1.0764E+15   1.2031E+00   7.2647E+00   5.5333E-01   1.8542E+00   6.9954E-01  -2.8761E+02
   270   1.4441E+02   9.0955E-03   6.2987E+01   1.1229E+15   1.2031E+00   7.3406E+00   5.5155E-01   1.8482E+00   6.9770E-01  -2.8997E+02
   271   1.4425E+02   8.7347E-03   6.5581E+01   1.1717E+15   1.2031E+00   7.4182E+00   5.4975E-01   1.8421E+00   6.9596E-01  -2.9219E+02
   272   1.4410E+02   8.3855E-03   6.8312E+01   1.2232E+15   1.2031E+00   7.4969E+00   5.4895E-01   1.8394E+00   6.9457E-01  -2.9420E+02
   273   1.4394E+02   8.0488E-03   7.1189E+01   1.2771E+15   1.2032E+00   7.5775E+00   5.4811E-01   1.8366E+00   6.9326E-01  -2.9606E+02
   274   1.4379E+02   7.7244E-03   7.4220E+01   1.3336E+15   1.2032E+00   7.6600E+00   5.4723E-01   1.8336E+00   6.9243E-01  -2.9770E+02
   275   1.4363E+02   7.4123E-03   7.7415E+01   1.3929E+15   1.2032E+00   7.7446E+00   5.4629E-01   1.8304E+00   6.9127E-01  -2.9933E+02
   276   1.4346E+02   7.1118E-03   8.0784E+01   1.4550E+15   1.2032E+00   7.8312E+00   5.4531E-01   1.8271E+00   6.9015E-01  -3.0107E+02
   277   1.4330E+02   6.8225E-03   8.4336E+01   1.5202E+15   1.2033E+00   7.9198E+00   5.4432E-01   1.8237E+00   6.8911E-01  -3.0274E+02
   278   1.4314E+02   6.5437E-03   8.8085E+01   1.5886E+15   1.2033E+00   8.0101E+00   5.4393E-01   1.8224E+00   6.8825E-01  -3.0430E+02
   279   1.4297E+02   6.2758E-03   9.2045E+01   1.6602E+15   1.2033E+00   8.1027E+00   5.4351E-01   1.8210E+00   6.8744E-01  -3.0549E+02
   280   1.4280E+02   6.0188E-03   9.6229E+01   1.7352E+15   1.2033E+00   8.1974E+00   5.4321E-01   1.8199E+00   6.8834E-01  -3.0582E+02
   281   1.4263E+02   5.7735E-03   1.0065E+02   1.8133E+15   1.2033E+00   8.2942E+00   5.4298E-01   1.8192E+00   6.8712E-01  -3.0543E+02
