
 24-FEB-2004                           !Format date

   1.3981856E+02     2.9336E+05       50       60

   3.2917497E+04   1.9190693E+02   4.1113042E+06   1.1393203E+00   2.1849190E-01   1.3675703E+03   5.0000000E-02     1 
   9.5317672E-01   3.8310498E-04   2.4984347E-04   4.1552122E-04   4.6727170E-05
   9.2987973E-04   3.8088336E-07   6.1657170E-07   6.4196498E-07   1.7190494E-06
   1.7085456E-06   2.3561970E-06   6.8943233E-06   8.6214615E-05   5.4070502E-03
   4.4617504E-05   4.7496206E-05   4.7874104E-05   4.7466293E-05   1.1358473E-01
   4.7859318E-02   4.7585123E-02   4.7867057E-02   6.9229644E-04   6.9208124E-04
   6.9848360E-04   1.2251988E-02   7.5010346E-05   1.8630051E-05   3.5630360E-04
   3.7760154E-02   2.4483931E-04   2.4479273E-04   2.4101074E-04   2.0102942E+00
   5.0270021E-04   7.3643556E-04   7.3582420E-04   1.1588958E-04   1.2768248E-04
   1.2788544E-04   9.1517573E-06   9.2799997E-06   9.2790676E-06   2.8324523E-04
   5.4828081E-05   5.5066244E-05   5.7284259E-05   6.2380696E-03   6.2278056E-03

   3.2587282E+04   1.9585763E+02   4.1954271E+06   1.1411272E+00   2.1832233E-01   1.3674471E+03   5.0000000E-02     2 
   9.8749043E-01   3.9860763E-04   2.6133668E-04   4.3248536E-04   4.9053161E-05
   9.5968609E-04   4.0017180E-07   6.4513965E-07   6.7195999E-07   1.7914085E-06
   1.7864011E-06   2.4586042E-06   7.1743107E-06   8.8422929E-05   5.5392390E-03
   4.5646788E-05   4.8483917E-05   4.8869458E-05   4.8454977E-05   1.1596465E-01
   4.8624727E-02   4.8345102E-02   4.8629975E-02   7.0264220E-04   7.0242590E-04
   7.0898391E-04   1.2436152E-02   7.6153495E-05   1.8952968E-05   3.6354855E-04
   3.8300349E-02   2.4827246E-04   2.4822254E-04   2.4437648E-04   2.0363334E+00
   5.0977694E-04   7.4700992E-04   7.4639012E-04   1.1745091E-04   1.2941311E-04
   1.2961694E-04   9.2745093E-06   9.4043770E-06   9.4033373E-06   2.8652685E-04
   5.5674354E-05   5.5914611E-05   5.8162982E-05   6.3161383E-03   6.3057336E-03

   3.1936307E+04   2.0401038E+02   4.3690084E+06   1.1447053E+00   2.1798669E-01   1.3671966E+03   5.0000000E-02     3 
   1.0581241E+00   4.3099097E-04   2.8555882E-04   4.6798863E-04   5.3929180E-05
   1.0213048E-03   4.4136745E-07   7.0580493E-07   7.3571972E-07   1.9443244E-06
   1.9516655E-06   2.6752312E-06   7.7651256E-06   9.2946360E-05   5.8095575E-03
   4.7747462E-05   5.0494381E-05   5.0895543E-05   5.0467896E-05   1.2080828E-01
   5.0169604E-02   4.9878966E-02   5.0169701E-02   7.2350841E-04   7.2329158E-04
   7.3017163E-04   1.2807561E-02   7.8461494E-05   1.9606513E-05   3.7841464E-04
   3.9388647E-02   2.5518091E-04   2.5512414E-04   2.5114859E-04   2.0886931E+00
   5.2401964E-04   7.6830490E-04   7.6766817E-04   1.2059066E-04   1.3289392E-04
   1.3309944E-04   9.5214359E-06   9.6545703E-06   9.6533101E-06   2.9313566E-04
   5.7382208E-05   5.7626610E-05   5.9936041E-05   6.4730035E-03   6.4623148E-03

   3.0674227E+04   2.2133139E+02   4.7377195E+06   1.1516976E+00   2.1733062E-01   1.3666807E+03   5.0000000E-02     4 
   1.2065296E+00   5.0120426E-04   3.3901990E-04   5.4530171E-04   6.4810388E-05
   1.1523006E-03   5.3491696E-07   8.4202594E-07   8.7920111E-07   2.2845589E-06
   2.3225229E-06   3.1579362E-06   9.0753558E-06   1.0239171E-04   6.3721474E-03
   5.2102594E-05   5.4641756E-05   5.5075465E-05   5.4622539E-05   1.3079592E-01
   5.3302994E-02   5.2989809E-02   5.3292156E-02   7.6577963E-04   7.6556971E-04
   7.7313776E-04   1.3559827E-02   8.3147668E-05   2.0939363E-05   4.0963038E-04
   4.1588429E-02   2.6911038E-04   2.6903927E-04   2.6480029E-04   2.1941359E+00
   5.5274647E-04   8.1130746E-04   8.1063673E-04   1.2691317E-04   1.3990567E-04
   1.4011432E-04   1.0019011E-05   1.0158718E-05   1.0156997E-05   3.0649533E-04
   6.0845349E-05   6.1097835E-05   6.3530280E-05   6.7883992E-03   6.7771345E-03

   2.8298886E+04   2.6048426E+02   5.5708916E+06   1.1649732E+00   2.1608795E-01   1.3655925E+03   5.0000000E-02     5 
   1.5246921E+00   6.6323259E-04   4.6692037E-04   7.2552841E-04   9.2061796E-05
   1.4441586E-03   7.7396248E-07   1.1825531E-06   1.2395758E-06   3.1210518E-06
   3.2492095E-06   4.3469666E-06   1.2276273E-05   1.2273050E-04   7.5758555E-03
   6.1352786E-05   6.3385232E-05   6.3889459E-05   6.3392697E-05   1.5179228E-01
   5.9685964E-02   5.9326044E-02   5.9650965E-02   8.5179568E-04   8.5164231E-04
   8.6077819E-04   1.5088227E-02   9.2732686E-05   2.3685041E-05   4.7831640E-04
   4.6040300E-02   2.9716867E-04   2.9706666E-04   2.9228791E-04   2.4060227E+00
   6.1064827E-04   8.9818653E-04   8.9744805E-04   1.3961816E-04   1.5400530E-04
   1.5421917E-04   1.1020398E-05   1.1173296E-05   1.1170585E-05   3.3366585E-04
   6.7898006E-05   6.8165718E-05   7.0845571E-05   7.4204400E-03   7.4079993E-03

   2.4084166E+04   3.6081736E+02   7.7050537E+06   1.1887136E+00   2.1389486E-01   1.3631607E+03   5.0000000E-02     6 
   2.1899192E+00   1.0719677E-03   8.1280193E-04   1.1910691E-03   1.7486346E-04
   2.1403339E-03   1.5325184E-06   2.2208130E-06   2.3493343E-06   5.6032632E-06
   6.0768502E-06   7.8761175E-06   2.1664564E-05   1.6837696E-04   1.0245518E-02
   8.1601028E-05   8.2418369E-05   8.3089508E-05   8.2552620E-05   1.9695825E-01
   7.2625536E-02   7.2167954E-02   7.2534730E-02   1.0267756E-03   1.0270007E-03
   1.0402126E-03   1.8170010E-02   1.1249377E-04   2.9385220E-05   6.4521228E-04
   5.4951898E-02   3.5291232E-04   3.5274141E-04   3.4685652E-04   2.8247267E+00
   7.2582214E-04   1.0717650E-03   1.0708957E-03   1.6475539E-04   1.8193774E-04
   1.8215826E-04   1.3008996E-05   1.3188005E-05   1.3183062E-05   3.8973407E-04
   8.2196008E-05   8.2490255E-05   8.5660410E-05   8.6655245E-03   8.6506685E-03

   1.7614859E+04   6.7879358E+02   1.4467476E+07   1.2247299E+00   2.1112471E-01   1.3571779E+03   5.0000000E-02     7 
   3.1491521E+00   2.1165422E-03   1.8076228E-03   2.4424266E-03   4.7799350E-04
   3.8023917E-03   4.8123450E-06   6.4439308E-06   6.9446347E-06   1.5371816E-05
   1.7616920E-05   2.1638177E-05   5.7817426E-05   2.6776309E-04   1.5937057E-02
   1.2391567E-04   1.2368906E-04   1.2483487E-04   1.2459741E-04   2.8911873E-01
   9.6448038E-02   9.5802274E-02   9.6235175E-02   1.3608082E-03   1.3636981E-03
   1.3901553E-03   2.3790757E-02   1.5190132E-04   4.0562635E-05   1.1302788E-03
   7.1002628E-02   4.5238729E-04   4.5206928E-04   4.4410768E-04   3.5631314E+00
   9.3178176E-04   1.3845932E-03   1.3835146E-03   2.0935384E-04   2.3160719E-04
   2.3183063E-04   1.6578547E-05   1.6804681E-05   1.6794537E-05   5.0754651E-04
   1.0859351E-04   1.0892760E-04   1.1297268E-04   1.0865034E-02   1.0845419E-02

   1.2880502E+04   1.2785872E+03   2.7223830E+07   1.2510487E+00   2.0958946E-01   1.3488835E+03   5.0000000E-02     8 
   3.3440287E+00   3.3767901E-03   3.1407778E-03   4.0396284E-03   1.0309787E-03
   5.6724701E-03   1.2858619E-05   1.6340823E-05   1.7878504E-05   3.7813488E-05
   4.4642817E-05   5.2713070E-05   1.3912873E-04   3.7120509E-04   2.1668316E-02
   1.6582005E-04   1.7294992E-04   1.7497982E-04   1.7607392E-04   3.7810144E-01
   1.1747036E-01   1.1665107E-01   1.1713390E-01   1.6959818E-03   1.7067469E-03
   1.7595549E-03   2.8611588E-02   1.9572375E-04   5.2003081E-05   2.0059584E-03
   8.4518712E-02   5.3767238E-04   5.3719650E-04   5.2734717E-04   4.1687369E+00
   1.1087588E-03   1.6561026E-03   1.6549078E-03   2.4744898E-04   2.7415307E-04
   2.7437572E-04   1.9752673E-05   2.0022768E-05   2.0004920E-05   6.5738770E-04
   1.3221032E-04   1.3259053E-04   1.3740556E-04   1.2746925E-02   1.2722299E-02

   9.4301758E+03   2.4068215E+03   5.1217514E+07   1.2724670E+00   2.0858285E-01   1.3376182E+03   5.0000000E-02     9 
   3.0610894E+00   4.9024837E-03   4.8255663E-03   6.0239427E-03   2.0228879E-03
   7.7999896E-03   3.1600989E-05   3.8878729E-05   4.2936145E-05   8.8386489E-05
   1.0548921E-04   1.2144696E-04   3.1848392E-04   4.8662112E-04   2.7701317E-02
   2.1002037E-04   2.4283263E-04   2.4668033E-04   2.5127694E-04   4.6918329E-01
   1.3706425E-01   1.3607718E-01   1.3660309E-01   2.0943388E-03   2.1239167E-03
   2.2302186E-03   3.3231528E-02   2.5649524E-04   6.6315754E-05   3.6988249E-03
   9.7153076E-02   6.1589659E-04   6.1522161E-04   6.0352410E-04   4.7220400E+00
   1.2712360E-03   1.9083073E-03   1.9071537E-03   2.8252651E-04   3.1344057E-04
   3.1367184E-04   2.3083704E-05   2.3406601E-05   2.3371288E-05   8.9325149E-04
   1.5529222E-04   1.5579347E-04   1.6140585E-04   1.4492701E-02   1.4462113E-02

   6.9146135E+03   4.5301952E+03   9.6363244E+07   1.2924107E+00   2.0771864E-01   1.3223420E+03   5.0000000E-02    10 
   2.6570913E+00   6.9351465E-03   7.0824382E-03   8.6706791E-03   3.8279178E-03
   1.0433934E-02   7.5052519E-05   9.0561583E-05   1.0045301E-04   2.0349072E-04
   2.4221319E-04   2.7474144E-04   7.1586706E-04   6.3682105E-04   3.4685559E-02
   2.6340259E-04   3.6183887E-04   3.6958759E-04   3.8233594E-04   5.7272417E-01
   1.5742475E-01   1.5625543E-01   1.5682797E-01   2.6738146E-03   2.7451697E-03
   2.9615176E-03   3.8174951E-02   3.6097502E-04   9.0044858E-05   7.1079325E-03
   1.1000367E-01   6.9711871E-04   6.9609942E-04   6.8228595E-04   5.2629736E+00
   1.4393314E-03   2.1733257E-03   2.1726013E-03   3.1980410E-04   3.5528620E-04
   3.5557026E-04   2.8029831E-05   2.8450857E-05   2.8358644E-05   1.3221042E-03
   1.8285647E-04   1.8377630E-04   1.9056590E-04   1.6344007E-02   1.6305504E-02

   5.0839865E+03   8.5165307E+03   1.8106929E+08   1.3128753E+00   2.0669926E-01   1.3017814E+03   5.0000000E-02    11 
   2.3021644E+00   9.8728811E-03   1.0332937E-02   1.2460460E-02   7.1829587E-03
   1.4049721E-02   1.7640069E-04   2.1030241E-04   2.3337658E-04   4.6901120E-04
   5.5026070E-04   6.1935665E-04   1.6022022E-03   8.7589555E-04   4.3714481E-02
   3.4273739E-04   5.8954090E-04   6.0587640E-04   6.3679659E-04   7.0516159E-01
   1.8048662E-01   1.7909617E-01   1.7973334E-01   3.6455303E-03   3.8082197E-03
   4.2506289E-03   4.4313887E-02   5.6954735E-04   1.3956589E-04   1.4102825E-02
   1.2452246E-01   7.9185554E-04   7.9001337E-04   7.7330677E-04   5.8330663E+00
   1.6318964E-03   2.4831738E-03   2.4840514E-03   3.6653687E-04   4.0767492E-04
   4.0819839E-04   3.8988747E-05   3.9681707E-05   3.9370852E-05   2.1664905E-03
   2.2623094E-04   2.2860722E-04   2.3807017E-04   1.8540603E-02   1.8491090E-02

   3.7539269E+03   1.5968938E+04   3.3923948E+08   1.3347860E+00   2.0519672E-01   1.2744240E+03   5.0000000E-02    12 
   2.0328166E+00   1.4276104E-02   1.5198407E-02   1.8060843E-02   1.3455403E-02
   1.9167265E-02   4.1266934E-04   4.8824504E-04   5.4006046E-04   1.0838362E-03
   1.2403124E-03   1.3919589E-03   3.5641799E-03   1.3246275E-03   5.5748561E-02
   4.9042263E-04   1.0520115E-03   1.0873019E-03   1.1575252E-03   8.7704715E-01
   2.0757671E-01   2.0590138E-01   2.0664313E-01   5.4032027E-03   5.7625012E-03
   6.6621505E-03   5.3041893E-02   1.0190254E-03   2.5730352E-04   2.8527520E-02
   1.4210357E-01   9.1513179E-04   9.1081637E-04   8.8939844E-04   6.4347907E+00
   1.8685885E-03   2.8732324E-03   2.8794793E-03   4.3854882E-04   4.8754226E-04
   4.8915541E-04   7.0819078E-05   7.2485018E-05   7.1283108E-05   3.8707051E-03
   3.1865603E-04   3.2576839E-04   3.4340685E-04   2.1334264E-02   2.1268814E-02

   2.7856350E+03   2.9881304E+04   6.3391290E+08   1.3575455E+00   2.0291111E-01   1.2385506E+03   5.0000000E-02    13 
   1.7974596E+00   2.0600872E-02   2.2180938E-02   2.5904986E-02   2.4664132E-02
   2.6204646E-02   9.4910483E-04   1.1183655E-03   1.2270142E-03   2.4746259E-03
   2.7363187E-03   3.0733181E-03   7.7657622E-03   2.2836874E-03   7.1479969E-02
   8.4126365E-04   2.0055009E-03   2.0807969E-03   2.2313861E-03   1.0920018E+00
   2.3799208E-01   2.3598440E-01   2.3687476E-01   8.6585206E-03   9.4182787E-03
   1.1202653E-02   6.7038218E-02   2.0228513E-03   5.5283239E-04   5.7923769E-02
   1.6453686E-01   1.0981838E-03   1.0856152E-03   1.0555131E-03   7.0074753E+00
   2.1737197E-03   3.3860329E-03   3.4088754E-03   5.8082146E-04   6.4169476E-04
   6.4853096E-04   1.7352488E-04   1.7924997E-04   1.7430402E-04   7.3067373E-03
   5.6505019E-04   5.8571154E-04   6.3143985E-04   2.4942511E-02   2.4862695E-02

   2.0789357E+03   5.5867342E+04   1.1818925E+09   1.3818348E+00   1.9882404E-01   1.1926994E+03   5.0000000E-02    14 
   1.6041403E+00   2.9893225E-02   3.2305349E-02   3.6792950E-02   4.4773824E-02
   3.6120607E-02   2.1484004E-03   2.5381693E-03   2.7478040E-03   5.5761894E-03
   5.9095845E-03   6.6702049E-03   1.6534141E-02   4.6048451E-03   9.3024894E-02
   1.8817697E-03   4.0006342E-03   4.1532418E-03   4.4506424E-03   1.3622906E+00
   2.7221299E-01   2.6990501E-01   2.7091765E-01   1.4825367E-02   1.6319230E-02
   1.9651341E-02   9.3620517E-02   4.3384094E-03   1.3234793E-03   1.1707986E-01
   1.9946081E-01   1.4542799E-03   1.4130357E-03   1.3664264E-03   7.5327530E+00
   2.6488573E-03   4.1715698E-03   4.2442282E-03   9.4643809E-04   1.0260512E-03
   1.0584844E-03   5.1219033E-04   5.3696668E-04   5.1707871E-04   1.4225309E-02
   1.3059902E-03   1.3569700E-03   1.5014742E-03   2.9925644E-02   2.9854281E-02

   1.5612570E+03   1.0468616E+05   2.2030935E+09   1.4089142E+00   1.9164109E-01   1.1345094E+03   5.0000000E-02    15 
   1.4654709E+00   4.4344967E-02   4.7500621E-02   5.2110098E-02   8.1618234E-02
   5.0687274E-02   4.8396008E-03   5.7663023E-03   6.0981240E-03   1.2535959E-02
   1.2590518E-02   1.4313690E-02   3.4425989E-02   1.0625742E-02   1.2483098E-01
   5.3462379E-03   8.2178722E-03   8.4968582E-03   9.0076815E-03   1.7038053E+00
   3.1123826E-01   3.0874865E-01   3.0975128E-01   2.6690820E-02   2.9288783E-02
   3.4820047E-02   1.4964870E-01   9.7939986E-03   3.3794434E-03   2.3390211E-01
   2.6656296E-01   2.3434500E-03   2.2062124E-03   2.1388106E-03   7.9606741E+00
   3.6236545E-03   5.6608998E-03   5.8833348E-03   2.0287714E-03   2.1269907E-03
   2.2786893E-03   1.6123970E-03   1.7259554E-03   1.6542419E-03   2.8079048E-02
   3.5980221E-03   3.6791586E-03   4.1498217E-03   3.7361520E-02   3.7323817E-02

   1.1815354E+03   1.9737993E+05   4.1131256E+09   1.4397686E+00   1.7875633E-01   1.0610172E+03   5.0000000E-02    16 
   1.3646524E+00   6.7400455E-02   7.0386209E-02   7.3261152E-02   1.4691927E-01
   7.2625006E-02   1.0829887E-02   1.3063281E-02   1.3319373E-02   2.8276884E-02
   2.6539480E-02   3.0231481E-02   6.9434535E-02   2.5967438E-02   1.7480391E-01
   1.6836606E-02   1.6957345E-02   1.7383430E-02   1.8032579E-02   2.1222427E+00
   3.5497073E-01   3.5233222E-01   3.5324482E-01   4.9246477E-02   5.2944625E-02
   6.0001419E-02   2.6800529E-01   2.2543483E-02   8.8529551E-03   4.5198047E-01
   4.0806112E-01   4.8394235E-03   4.4372636E-03   4.4205692E-03   8.1344404E+00
   6.1249721E-03   9.0373295E-03   9.7044732E-03   5.3404889E-03   5.3658352E-03
   6.0032390E-03   5.0270721E-03   5.5197526E-03   5.3195727E-03   5.5476633E-02
   1.0473136E-02   1.0426372E-02   1.1790935E-02   4.9040635E-02   4.8717429E-02

   9.0334997E+02   3.7561241E+05   7.6987083E+09   1.4761970E+00   1.5757274E-01   9.6974077E+02   5.0000000E-02    17 
   1.2966114E+00   1.0358640E-01   1.0446155E-01   1.0185641E-01   2.5473067E-01
   1.0666619E-01   2.3815400E-02   2.8926348E-02   2.8359751E-02   6.3297411E-02
   5.5057672E-02   6.1618606E-02   1.3309852E-01   6.2127160E-02   2.5630306E-01
   5.1347953E-02   3.3798668E-02   3.4357182E-02   3.4652401E-02   2.6079954E+00
   4.0383571E-01   4.0089174E-01   4.0201779E-01   8.9393512E-02   9.3880158E-02
   9.7630075E-02   4.9988078E-01   5.0985321E-02   2.3005188E-02   8.0827384E-01
   6.8727418E-01   1.1770875E-02   1.0860695E-02   1.1529358E-02   7.9080240E+00
   1.3139344E-02   1.7303990E-02   1.9033964E-02   1.5050929E-02   1.4514208E-02
   1.6538189E-02   1.4790892E-02   1.6547764E-02   1.6292096E-02   1.0911109E-01
   2.9445953E-02   2.8630971E-02   3.1641618E-02   6.7370217E-02   6.5152157E-02

   7.0027587E+02   7.2214034E+05   1.4454374E+10   1.5188561E+00   1.2744829E-01   8.5949924E+02   5.0000000E-02    18 
   1.2175716E+00   1.4993868E-01   1.4767298E-01   1.3607489E-01   4.0180215E-01
   1.4976961E-01   4.9757291E-02   5.8340017E-02   5.5977742E-02   1.3062250E-01
   1.0845665E-01   1.1536380E-01   2.3333529E-01   1.3271358E-01   3.7017361E-01
   1.3416458E-01   6.0721951E-02   6.1465439E-02   6.0978425E-02   2.9079160E+00
   4.5426207E-01   4.5131108E-01   4.5355869E-01   1.5019509E-01   1.5543283E-01
   1.5041516E-01   8.6999725E-01   1.0322053E-01   5.4276751E-02   1.2266492E+00
   1.0856998E+00   2.8618906E-02   2.7471371E-02   3.1190933E-02   6.9168182E+00
   3.1130012E-02   3.6024434E-02   3.8356806E-02   3.8862027E-02   3.7634881E-02
   4.0358138E-02   3.9594679E-02   4.2293478E-02   4.3745708E-02   1.9961350E-01
   7.4105522E-02   7.0725698E-02   7.5201684E-02   9.0327952E-02   8.3652136E-02

   5.5310930E+02   1.3787198E+06   2.6822156E+10   1.5761287E+00   9.0308027E-02   7.4244847E+02   5.0000000E-02    19 
   1.2397146E+00   2.1002680E-01   2.0583555E-01   1.8383839E-01   6.6033181E-01
   2.1835735E-01   1.0251121E-01   1.0557087E-01   9.9301398E-02   2.3602084E-01
   1.9836218E-01   1.9783574E-01   3.6975329E-01   2.6086570E-01   5.7228534E-01
   3.5355970E-01   9.9152905E-02   9.9223698E-02   9.9199870E-02   3.0420062E+00
   5.1900734E-01   5.1688253E-01   5.2123674E-01   2.2149513E-01   2.1801332E-01
   2.1466852E-01   1.4653694E+00   1.8426736E-01   1.1995265E-01   1.6109242E+00
   1.6160672E+00   6.3219247E-02   6.2524458E-02   7.1627800E-02   5.6713680E+00
   6.9048713E-02   7.4354435E-02   7.2589028E-02   8.1704388E-02   8.5535198E-02
   8.0890340E-02   9.4360373E-02   8.7497378E-02   9.5601538E-02   3.4791124E-01
   1.5595240E-01   1.4547924E-01   1.5040430E-01   1.1169425E-01   1.0398300E-01

   4.4508354E+02   2.6287610E+06   5.0016307E+10   1.6523845E+00   5.6538907E-02   6.1487625E+02   5.0000001E-02    20 
   1.3835162E+00   2.9804858E-01   3.0150310E-01   2.7123006E-01   9.5472173E-01
   3.1855635E-01   1.9595721E-01   1.7571971E-01   1.6372526E-01   3.8733678E-01
   3.3563094E-01   3.1507421E-01   5.5374796E-01   3.9851197E-01   8.1889020E-01
   6.6091654E-01   1.6111297E-01   1.6188018E-01   1.6567507E-01   3.0557075E+00
   6.0498493E-01   6.0530369E-01   6.1113952E-01   2.8634797E-01   2.7966510E-01
   2.9570825E-01   1.9388150E+00   2.4127131E-01   2.2454283E-01   2.2160805E+00
   2.0648970E+00   1.1883179E-01   1.2931464E-01   1.3728823E-01   4.6245976E+00
   1.3973455E-01   1.4427346E-01   1.3018371E-01   1.4936891E-01   1.6108526E-01
   1.4702144E-01   1.7848395E-01   1.6674614E-01   1.6780177E-01   5.4628124E-01
   2.8413079E-01   2.6748228E-01   2.6128245E-01   1.3932755E-01   1.4158905E-01

   3.6636254E+02   4.9251846E+06   9.3253845E+10   1.7478920E+00   3.3219243E-02   4.8673879E+02   5.0000085E-02    21 
   1.6934508E+00   4.4166379E-01   4.6562875E-01   4.3714631E-01   1.2831166E+00
   4.4696186E-01   3.6987561E-01   3.1865836E-01   3.0893942E-01   5.6549481E-01
   5.4392977E-01   5.1991054E-01   7.8927121E-01   5.6290315E-01   1.0977469E+00
   9.7446038E-01   2.4921632E-01   2.5420124E-01   2.6093769E-01   2.8857255E+00
   7.2166869E-01   7.1814680E-01   7.2429598E-01   3.4614844E-01   3.5873598E-01
   3.9627133E-01   2.1878155E+00   2.6862689E-01   3.6514864E-01   2.7513128E+00
   2.2609851E+00   1.8549030E-01   2.2275603E-01   2.3054709E-01   3.8575690E+00
   2.7465578E-01   2.6168317E-01   2.3021188E-01   2.5498700E-01   2.7151435E-01
   2.8497603E-01   3.0476840E-01   3.1040514E-01   3.0939729E-01   7.0136895E-01
   4.6741587E-01   4.3522563E-01   4.3029247E-01   1.8938801E-01   1.9829296E-01

   3.0893193E+02   8.9849602E+06   1.7386659E+11   1.8713279E+00   1.8922458E-02   3.6712434E+02   5.0004603E-02    22 
   2.4421627E+00   7.6728545E-01   7.6721116E-01   7.2608726E-01   1.8869635E+00
   6.6025960E-01   6.4963591E-01   5.9970420E-01   5.7292919E-01   9.2847931E-01
   9.6336385E-01   9.2288668E-01   1.0842935E+00   8.6527318E-01   1.4756008E+00
   1.4603624E+00   3.6309948E-01   3.6717661E-01   3.6921832E-01   2.6932091E+00
   8.9491126E-01   8.8763820E-01   8.9172664E-01   4.2049447E-01   4.1036749E-01
   4.4848892E-01   2.4179196E+00   3.5186839E-01   5.6031573E-01   2.6701026E+00
   2.4346470E+00   3.3034612E-01   3.4521907E-01   4.0355985E-01   3.2193820E+00
   5.1208615E-01   4.6504539E-01   4.1442223E-01   4.3443650E-01   4.4130698E-01
   5.1576773E-01   5.3734737E-01   5.0832889E-01   5.2851081E-01   8.5897828E-01
   6.9759275E-01   6.0327763E-01   6.8775440E-01   2.6982167E-01   2.7803658E-01

   2.6697469E+02   1.5809656E+07   3.2361445E+11   1.9979974E+00   1.2132658E-02   2.6337651E+02   5.0146204E-02    23 
   3.3994665E+00   1.1563859E+00   1.1150276E+00   1.0662018E+00   2.7999710E+00
   9.8723580E-01   8.3106409E-01   8.4895257E-01   8.1420345E-01   1.3257617E+00
   1.3422056E+00   1.2747750E+00   1.3847457E+00   1.3453481E+00   1.9237318E+00
   2.3082957E+00   4.9512970E-01   4.9640501E-01   4.8790418E-01   2.5423100E+00
   1.0486002E+00   1.0439352E+00   1.0420012E+00   4.9993533E-01   4.6351602E-01
   4.4189309E-01   2.8629892E+00   4.9355779E-01   8.8650851E-01   2.5171270E+00
   2.6452212E+00   5.1279908E-01   4.7169874E-01   5.2515673E-01   2.5961500E+00
   6.7511011E-01   6.2146025E-01   5.6509804E-01   6.1612385E-01   6.0079825E-01
   6.2609912E-01   6.8672004E-01   6.3832281E-01   6.8846968E-01   1.0763728E+00
   8.5141383E-01   7.4105176E-01   8.4573921E-01   3.6419691E-01   3.6695843E-01

   2.3749364E+02   2.5173939E+07   5.6494807E+11   2.1244920E+00   7.8389493E-03   1.8353778E+02   5.2092870E-02    24 
   4.2588578E+00   1.7835885E+00   1.5830596E+00   1.5951267E+00   3.4831130E+00
   1.2814957E+00   1.1056386E+00   1.2066494E+00   1.2187913E+00   1.7963345E+00
   1.8347098E+00   1.7655412E+00   1.7536892E+00   1.7409452E+00   2.1520339E+00
   2.8502806E+00   6.8653215E-01   6.8954736E-01   6.8498773E-01   2.2648923E+00
   1.2089651E+00   1.1989710E+00   1.2039381E+00   6.0662576E-01   5.7394687E-01
   5.7875562E-01   2.6855838E+00   6.4371506E-01   1.2299177E+00   2.5998721E+00
   2.4826907E+00   7.3289475E-01   6.5493299E-01   6.5112447E-01   2.1004924E+00
   8.2873872E-01   7.4742818E-01   7.2454720E-01   8.2330879E-01   7.7461766E-01
   7.3674654E-01   8.2582022E-01   8.7805134E-01   8.7704458E-01   1.1825882E+00
   1.0800456E+00   9.9866288E-01   1.0297282E+00   4.7471392E-01   4.6977231E-01

   2.1739556E+02   3.1543093E+07   7.9569213E+11   2.2085675E+00   5.0892402E-03   1.2750446E+02   6.3549010E-02    25 
   4.0392145E+00   2.0769002E+00   1.7273541E+00   1.8299021E+00   3.2217652E+00
   1.2938433E+00   1.2359013E+00   1.3635732E+00   1.4633073E+00   2.0741605E+00
   2.0965525E+00   2.0473684E+00   1.9414674E+00   1.7984456E+00   2.0968362E+00
   2.5713346E+00   8.2557937E-01   8.3267698E-01   8.4330367E-01   1.8736507E+00
   1.2603707E+00   1.2558349E+00   1.2655882E+00   6.7707737E-01   6.6359873E-01
   7.1504555E-01   2.0150291E+00   7.3500726E-01   1.1688319E+00   2.4719599E+00
   2.1265117E+00   8.8560214E-01   9.0239637E-01   7.9209367E-01   1.7257004E+00
   9.3522420E-01   8.3658909E-01   8.3250992E-01   9.2539864E-01   8.7962181E-01
   8.4492361E-01   8.9358801E-01   1.1001072E+00   1.0177340E+00   1.0512183E+00
   1.2256075E+00   1.2118879E+00   1.1300094E+00   5.5961695E-01   5.5657116E-01

   2.0296747E+02   2.7689092E+07   8.3931301E+11   2.2617171E+00   2.9880791E-03   8.8713762E+01   9.9369685E-02    26 
   3.4316771E+00   1.9926686E+00   1.6256320E+00   1.7561804E+00   2.7726629E+00
   1.2169413E+00   1.1749630E+00   1.2993199E+00   1.4452946E+00   2.1142449E+00
   2.1068251E+00   2.0684076E+00   1.8303556E+00   1.5890644E+00   1.9530514E+00
   2.2415870E+00   8.7843754E-01   8.8782517E-01   9.0284464E-01   1.6158792E+00
   1.2371814E+00   1.2361461E+00   1.2469755E+00   7.0543302E-01   7.0775335E-01
   7.5641871E-01   1.4878952E+00   7.2614664E-01   1.0352003E+00   2.2684462E+00
   1.8657069E+00   9.7792938E-01   1.0640972E+00   9.0953123E-01   1.5152061E+00
   9.7326902E-01   8.7989234E-01   8.7671930E-01   9.4411644E-01   9.0778128E-01
   9.4578526E-01   9.0198933E-01   1.1490764E+00   1.0074164E+00   9.6076115E-01
   1.2076237E+00   1.2305127E+00   1.1098870E+00   6.2376844E-01   6.1719146E-01

   1.9205920E+02   2.0330282E+07   7.8181714E+11   2.3032131E+00   1.7880381E-03   6.1771933E+01   1.7119460E-01    27 
   3.0134794E+00   1.8619568E+00   1.5734422E+00   1.7056028E+00   2.5084019E+00
   1.1757941E+00   1.0918460E+00   1.2027263E+00   1.3463848E+00   2.0335215E+00
   2.0139715E+00   1.9847090E+00   1.6876075E+00   1.4069333E+00   1.8456697E+00
   2.0892940E+00   9.0041042E-01   9.0795624E-01   9.2005859E-01   1.5015375E+00
   1.1949614E+00   1.1922861E+00   1.2038273E+00   7.1636623E-01   7.2901674E-01
   7.6526468E-01   1.2822314E+00   6.9409306E-01   9.6187614E-01   2.1310910E+00
   1.7378335E+00   9.9608748E-01   1.0894318E+00   9.5245277E-01   1.4180220E+00
   9.6851414E-01   8.9864267E-01   8.9850643E-01   9.4695851E-01   9.1055604E-01
   1.0144777E+00   9.0618241E-01   1.1158096E+00   9.3228242E-01   9.7750363E-01
   1.1601368E+00   1.1805080E+00   1.0816964E+00   6.7328005E-01   6.6030822E-01

   1.8331528E+02   1.5751282E+07   7.6342091E+11   2.3404435E+00   1.1968953E-03   4.2947272E+01   2.7698553E-01    28 
   2.6919959E+00   1.7706540E+00   1.5677567E+00   1.7011662E+00   2.3386021E+00
   1.1551040E+00   1.0253953E+00   1.1215077E+00   1.2484638E+00   1.9046352E+00
   1.8875009E+00   1.8656918E+00   1.5760503E+00   1.2707608E+00   1.7715985E+00
   2.0322838E+00   9.1285571E-01   9.1651863E-01   9.2441227E-01   1.4304334E+00
   1.1463058E+00   1.1427506E+00   1.1532618E+00   7.2361730E-01   7.4217952E-01
   7.7603957E-01   1.2349249E+00   6.7291887E-01   9.1902816E-01   2.0167075E+00
   1.6657406E+00   9.7556116E-01   1.0524646E+00   9.4000249E-01   1.3638126E+00
   9.4978628E-01   9.0587286E-01   9.1084417E-01   9.4336739E-01   9.0680072E-01
   1.0465556E+00   9.0716637E-01   1.0699994E+00   8.7554324E-01   1.0316474E+00
   1.1330896E+00   1.1307413E+00   1.0655810E+00   7.1115926E-01   6.9349780E-01

   1.7558508E+02   1.3742835E+07   8.2742062E+11   2.3797364E+00   8.7675154E-04   2.9798781E+01   4.0183746E-01    29 
   2.3729472E+00   1.6912587E+00   1.5544680E+00   1.6862534E+00   2.1527358E+00
   1.1218086E+00   9.6880041E-01   1.0519275E+00   1.1634999E+00   1.7676181E+00
   1.7556325E+00   1.7413454E+00   1.4782271E+00   1.1538830E+00   1.6843945E+00
   1.9513347E+00   9.2338237E-01   9.2285161E-01   9.2642405E-01   1.3416158E+00
   1.0930717E+00   1.0904117E+00   1.0986320E+00   7.3207270E-01   7.5391069E-01
   7.8872450E-01   1.2148205E+00   6.6261619E-01   8.7701841E-01   1.8867600E+00
   1.5819767E+00   9.5354312E-01   1.0056837E+00   9.1012121E-01   1.3076879E+00
   9.3363127E-01   9.1102020E-01   9.2048605E-01   9.3968662E-01   9.0436881E-01
   1.0619546E+00   9.0506619E-01   1.0332408E+00   8.4501847E-01   1.0671748E+00
   1.1262414E+00   1.0952543E+00   1.0585345E+00   7.4520135E-01   7.2428483E-01

   1.6781734E+02   1.3341232E+07   9.8938336E+11   2.4280105E+00   6.7763493E-04   2.1124739E+01   5.1979856E-01    30 
   2.0987782E+00   1.6312489E+00   1.5543476E+00   1.6839460E+00   1.9163614E+00
   1.0641044E+00   9.1090048E-01   9.7695146E-01   1.0741740E+00   1.6003380E+00
   1.5934301E+00   1.5860702E+00   1.3795997E+00   1.0093747E+00   1.5668955E+00
   1.7453527E+00   9.3675086E-01   9.3145311E-01   9.3003316E-01   1.2389235E+00
   1.0274847E+00   1.0256206E+00   1.0316477E+00   7.5215670E-01   7.7590171E-01
   8.1348199E-01   1.1841761E+00   6.4866324E-01   8.1985203E-01   1.7529965E+00
   1.4756502E+00   9.2553097E-01   9.4584316E-01   8.5811782E-01   1.2475051E+00
   9.2044126E-01   9.1835899E-01   9.2990658E-01   9.3376905E-01   9.0087211E-01
   1.0703422E+00   9.0019171E-01   9.9669640E-01   8.2670001E-01   1.0654128E+00
   1.1347239E+00   1.0671365E+00   1.0567245E+00   7.8340398E-01   7.5982234E-01

   1.6481829E+02   1.6444884E+07   1.1787229E+12   2.4454914E+00   6.9143771E-04   1.5502722E+01   6.1662890E-01    31 
   2.0031680E+00   1.6030431E+00   1.5640387E+00   1.6911316E+00   1.7550873E+00
   1.0057932E+00   8.6859677E-01   9.1451316E-01   1.0037362E+00   1.4721962E+00
   1.4680487E+00   1.4549465E+00   1.3191762E+00   9.0049383E-01   1.4817873E+00
   1.5359110E+00   9.3060919E-01   9.2374928E-01   9.2023980E-01   1.1837488E+00
   9.7683713E-01   9.7454056E-01   9.7996507E-01   7.6407073E-01   7.8600035E-01
   8.2965345E-01   1.1742050E+00   6.2563316E-01   7.6846491E-01   1.7001008E+00
   1.4212555E+00   8.8811881E-01   8.8732290E-01   7.9536727E-01   1.2217745E+00
   9.0409103E-01   9.1600642E-01   9.2268900E-01   9.1730429E-01   8.8552244E-01
   1.0579494E+00   8.8207022E-01   9.6047481E-01   8.1186559E-01   1.0314306E+00
   1.1411731E+00   1.0477055E+00   1.0518688E+00   7.9652368E-01   7.7198364E-01

   1.6431746E+02   2.5053039E+07   1.4752508E+12   2.4352039E+00   8.6159365E-04   1.0755417E+01   7.1377823E-01    32 
   1.8490516E+00   1.5053165E+00   1.4821131E+00   1.5995383E+00   1.6136188E+00
   9.4033175E-01   8.2084714E-01   8.5560820E-01   9.4126937E-01   1.3787437E+00
   1.3749665E+00   1.3541113E+00   1.2580322E+00   8.3114994E-01   1.4036499E+00
   1.4112697E+00   8.9812680E-01   8.9218619E-01   8.8863733E-01   1.1343996E+00
   9.3627748E-01   9.3402498E-01   9.3914683E-01   7.5091806E-01   7.7030999E-01
   8.1634544E-01   1.1529943E+00   6.0192197E-01   7.3066640E-01   1.6539852E+00
   1.3784308E+00   8.5450089E-01   8.4592161E-01   7.5217306E-01   1.1951189E+00
   8.8040620E-01   8.9775803E-01   8.9913376E-01   8.9327526E-01   8.6137368E-01
   1.0302865E+00   8.5323351E-01   9.2775663E-01   7.9447997E-01   9.9483458E-01
   1.1273589E+00   1.0243871E+00   1.0336935E+00   7.8497154E-01   7.6099084E-01

   1.6408076E+02   4.0391059E+07   1.9510777E+12   2.4272773E+00   1.1241946E-03   7.3221820E+00   7.9425912E-01    33 
   1.7198454E+00   1.4229781E+00   1.4073735E+00   1.5149227E+00   1.5079418E+00
   8.9161980E-01   7.9002850E-01   8.1903063E-01   8.9974389E-01   1.3192836E+00
   1.3155206E+00   1.2922747E+00   1.2178945E+00   7.8785108E-01   1.3429326E+00
   1.3265658E+00   8.7586378E-01   8.7040844E-01   8.6673010E-01   1.0908466E+00
   9.0821780E-01   9.0624955E-01   9.1104035E-01   7.4044619E-01   7.5749167E-01
   8.0361832E-01   1.1303447E+00   5.8571604E-01   7.0431035E-01   1.6094656E+00
   1.3386414E+00   8.3649378E-01   8.2209530E-01   7.2732628E-01   1.1698419E+00
   8.6470926E-01   8.8561747E-01   8.8434464E-01   8.7813961E-01   8.4631167E-01
   1.0139101E+00   8.3551597E-01   9.0906746E-01   7.8492341E-01   9.6589615E-01
   1.1195346E+00   1.0110962E+00   1.0215963E+00   7.7741975E-01   7.5360812E-01

   1.6382420E+02   6.4049078E+07   2.6134412E+12   2.4206737E+00   1.4250971E-03   5.1134649E+00   8.5112193E-01    34 
   1.5448187E+00   1.3069923E+00   1.3005497E+00   1.3936592E+00   1.3877137E+00
   8.4095934E-01   7.6213614E-01   7.8588554E-01   8.5806081E-01   1.2594619E+00
   1.2549110E+00   1.2347421E+00   1.1809845E+00   7.5496782E-01   1.2753222E+00
   1.2501283E+00   8.5455411E-01   8.4924931E-01   8.4567396E-01   1.0343941E+00
   8.7911992E-01   8.7754476E-01   8.8200587E-01   7.2763917E-01   7.4235884E-01
   7.8700288E-01   1.0979834E+00   5.7250792E-01   6.8009117E-01   1.5418021E+00
   1.2853745E+00   8.2537756E-01   8.0512807E-01   7.1080109E-01   1.1353171E+00
   8.4969924E-01   8.7396915E-01   8.7186448E-01   8.6581608E-01   8.3418823E-01
   1.0016323E+00   8.2350159E-01   8.9677924E-01   7.8011731E-01   9.3922607E-01
   1.1156055E+00   1.0044993E+00   1.0122427E+00   7.7128589E-01   7.4739926E-01

   1.6354646E+02   1.0173067E+08   3.5946569E+12   2.4149379E+00   1.7233895E-03   3.5495626E+00   8.9399218E-01    35 
   1.2906163E+00   1.1314236E+00   1.1348807E+00   1.2089294E+00   1.2370042E+00
   7.8389695E-01   7.3521578E-01   7.5414191E-01   8.1448321E-01   1.1923418E+00
   1.1888007E+00   1.1769526E+00   1.1416049E+00   7.3568311E-01   1.1913052E+00
   1.1873572E+00   8.3053510E-01   8.2537622E-01   8.2206409E-01   9.5960282E-01
   8.4633598E-01   8.4528258E-01   8.4929596E-01   7.0838031E-01   7.2075354E-01
   7.6200344E-01   1.0496378E+00   5.6275614E-01   6.5763832E-01   1.4328727E+00
   1.2085212E+00   8.2280410E-01   7.9837325E-01   7.0585778E-01   1.0843445E+00
   8.3410629E-01   8.6123759E-01   8.6041631E-01   8.5695594E-01   8.2531033E-01
   9.9311621E-01   8.1893967E-01   8.9346870E-01   7.8428011E-01   9.1648379E-01
   1.1141398E+00   1.0063340E+00   1.0056014E+00   7.6573783E-01   7.4171125E-01

   1.6322308E+02   1.5770949E+08   5.0198965E+12   2.4127733E+00   1.8930988E-03   2.4653968E+00   9.2505093E-01    36 
   9.8331034E-01   9.0717213E-01   9.1718590E-01   9.6951076E-01   1.0516415E+00
   7.2171469E-01   7.0598590E-01   7.1924356E-01   7.6696143E-01   1.1166448E+00
   1.1153682E+00   1.1124210E+00   1.0927390E+00   7.3583075E-01   1.0891383E+00
   1.1253007E+00   8.0245588E-01   7.9940570E-01   7.9832353E-01   8.7529810E-01
   8.1021352E-01   8.1006628E-01   8.1357066E-01   6.8396746E-01   6.9459273E-01
   7.3227585E-01   9.8689028E-01   5.5991296E-01   6.3923997E-01   1.2814794E+00
   1.1043379E+00   8.3301487E-01   8.1025142E-01   7.2076278E-01   1.0175833E+00
   8.1495941E-01   8.4395470E-01   8.4508270E-01   8.5188833E-01   8.1711112E-01
   9.8238942E-01   8.1917124E-01   9.0047317E-01   8.0669162E-01   8.9705765E-01
   1.1077833E+00   1.0149560E+00   9.9716438E-01   7.6079117E-01   7.3724388E-01

   1.6282104E+02   2.3171481E+08   7.0757057E+12   2.4249742E+00   1.8402997E-03   1.7165888E+00   9.4716730E-01    37 
   7.2662177E-01   6.9824900E-01   7.0911416E-01   7.4346725E-01   8.6238494E-01
   6.6688386E-01   6.8339188E-01   6.8834403E-01   7.2448422E-01   1.0462087E+00
   1.0464477E+00   1.0480172E+00   1.0425579E+00   7.6204324E-01   9.8596322E-01
   1.0239522E+00   7.8172491E-01   7.8583803E-01   7.9151910E-01   8.1061066E-01
   7.8206329E-01   7.8385343E-01   7.8741970E-01   6.6959170E-01   6.8219615E-01
   7.2005696E-01   9.2415663E-01   5.6971039E-01   6.3204633E-01   1.1268215E+00
   9.8893026E-01   8.6838245E-01   8.5904236E-01   7.7392444E-01   9.4831820E-01
   7.9616602E-01   8.2547582E-01   8.2780060E-01   8.5659401E-01   8.1098863E-01
   9.6658908E-01   8.2746678E-01   9.2643304E-01   8.6414982E-01   8.7484989E-01
   1.0913821E+00   1.0324051E+00   9.8534452E-01   7.6365112E-01   7.4200436E-01

   1.6227232E+02   3.0829815E+08   1.0158528E+13   2.4738195E+00   1.5338610E-03   1.1842376E+00   9.6322966E-01    38 
   5.8184354E-01   5.5922876E-01   5.7082573E-01   5.9615921E-01   7.2616481E-01
   6.4544128E-01   6.8239068E-01   6.7159552E-01   7.0022617E-01   9.9828881E-01
   9.9963492E-01   1.0028651E+00   1.0056371E+00   8.2709178E-01   9.1954064E-01
   9.0726171E-01   7.8764703E-01   8.0480046E-01   8.2124359E-01   7.9613481E-01
   7.8188032E-01   7.8753983E-01   7.9257369E-01   6.8839601E-01   7.1010675E-01
   7.5405121E-01   8.9266395E-01   6.0826260E-01   6.5218124E-01   1.0164904E+00
   9.0214183E-01   9.4731298E-01   9.6590018E-01   8.8289912E-01   8.9985959E-01
   7.8540273E-01   8.1316856E-01   8.1381978E-01   8.7496672E-01   8.0863989E-01
   9.4126590E-01   8.4611204E-01   9.7559972E-01   9.6919878E-01   8.6417085E-01
   1.0551663E+00   1.0539193E+00   9.6506178E-01   7.8675386E-01   7.6942838E-01

   1.6167325E+02   3.2397558E+08   1.3595926E+13   2.5594499E+00   1.1260722E-03   8.8450894E-01   9.7239943E-01    39 
   5.4752697E-01   5.1965946E-01   5.3086264E-01   5.5738699E-01   6.9518180E-01
   6.7556161E-01   7.1144207E-01   6.8397558E-01   7.1208083E-01   9.9669887E-01
   9.9877476E-01   1.0030739E+00   9.9361156E-01   9.1345115E-01   9.1223090E-01
   8.8392533E-01   8.2155282E-01   8.4966581E-01   8.7251666E-01   8.3551925E-01
   8.1511040E-01   8.2467891E-01   8.3149471E-01   7.3903142E-01   7.6898739E-01
   8.1872204E-01   9.0975486E-01   6.7476767E-01   7.0048842E-01   9.6944025E-01
   8.8414448E-01   1.0381750E+00   1.0810905E+00   1.0012855E+00   8.9514952E-01
   7.9526899E-01   8.1983358E-01   8.1725856E-01   8.9971395E-01   8.1637741E-01
   9.1942525E-01   8.6756762E-01   1.0215597E+00   1.0716331E+00   8.8970338E-01
   1.0115873E+00   1.0607162E+00   9.4079972E-01   8.2914741E-01   8.1670856E-01

   1.6107206E+02   2.7025182E+08   1.6909410E+13   2.6642510E+00   7.8667669E-04   7.1592841E-01   9.7759731E-01    40 
   5.6527850E-01   5.3898218E-01   5.4511414E-01   5.7825830E-01   7.2606563E-01
   7.3620413E-01   7.5704920E-01   7.1941452E-01   7.4909754E-01   1.0278559E+00
   1.0289596E+00   1.0331603E+00   9.9511777E-01   9.9821234E-01   9.3307040E-01
   9.3359602E-01   8.6382217E-01   8.9718731E-01   9.2129876E-01   8.8973939E-01
   8.6105598E-01   8.7224163E-01   8.7960427E-01   7.9947070E-01   8.2868289E-01
   8.7843648E-01   9.4259465E-01   7.4890269E-01   7.6258161E-01   9.5497581E-01
   9.0284399E-01   1.1063619E+00   1.1638433E+00   1.0959262E+00   9.1764814E-01
   8.2204591E-01   8.4256644E-01   8.3819498E-01   9.1947289E-01   8.3338271E-01
   9.0659250E-01   8.8313862E-01   1.0485574E+00   1.1410286E+00   9.3131092E-01
   9.7401731E-01   1.0555732E+00   9.1552997E-01   8.7826237E-01   8.6994374E-01

   1.6042847E+02   1.8520700E+08   2.0178853E+13   2.7842985E+00   5.3960188E-04   6.0953908E-01   9.8089270E-01    41 
   6.1416008E-01   5.9803074E-01   5.9446492E-01   6.3469308E-01   7.8681934E-01
   8.0818924E-01   8.1374146E-01   7.7381084E-01   8.0074750E-01   1.0748448E+00
   1.0702395E+00   1.0709105E+00   1.0026271E+00   1.0583562E+00   9.5599168E-01
   1.0088194E+00   9.0459013E-01   9.4030691E-01   9.6345579E-01   9.3584274E-01
   9.0758651E-01   9.1806560E-01   9.2491770E-01   8.6088389E-01   8.8143749E-01
   9.2645615E-01   9.7108986E-01   8.2349045E-01   8.3350592E-01   9.5664102E-01
   9.3279997E-01   1.1371978E+00   1.1974975E+00   1.1576145E+00   9.5189432E-01
   8.6203244E-01   8.7778842E-01   8.7378433E-01   9.3562037E-01   8.6026521E-01
   9.0282434E-01   8.9931703E-01   1.0581611E+00   1.1692891E+00   9.6672154E-01
   9.4732250E-01   1.0424970E+00   8.9458863E-01   9.2849315E-01   9.2359032E-01

   1.5970899E+02   1.1193663E+08   2.3734283E+13   2.9169752E+00   3.7208729E-04   5.3409095E-01   9.8323678E-01    42 
   6.8538235E-01   6.8533464E-01   6.6396386E-01   7.0882048E-01   8.5193434E-01
   8.7444880E-01   8.6679963E-01   8.3323947E-01   8.5439945E-01   1.1184479E+00
   1.1033906E+00   1.0949301E+00   1.0025146E+00   1.0765191E+00   9.6988850E-01
   1.0611119E+00   9.3508067E-01   9.7072071E-01   9.9387159E-01   9.6695572E-01
   9.4600279E-01   9.5439467E-01   9.6001493E-01   9.1468876E-01   9.2411254E-01
   9.6019620E-01   9.8957354E-01   8.9061808E-01   9.0420800E-01   9.6770920E-01
   9.6156685E-01   1.1292147E+00   1.1851774E+00   1.1833940E+00   9.8792931E-01
   9.0690564E-01   9.1648853E-01   9.1348174E-01   9.4911758E-01   8.9220036E-01
   9.0195639E-01   9.1758265E-01   1.0511478E+00   1.1609841E+00   9.8083898E-01
   9.2548069E-01   1.0193692E+00   8.8040363E-01   9.7139315E-01   9.6997963E-01

   1.5888876E+02   6.5266500E+07   2.8188190E+13   3.0620921E+00   2.5763285E-04   4.7012370E-01   9.8522879E-01    43 
   7.5478274E-01   7.8707899E-01   7.3829773E-01   7.8166167E-01   9.0483279E-01
   9.2780742E-01   9.0222968E-01   8.8078525E-01   8.9820072E-01   1.1469939E+00
   1.1213179E+00   1.0985029E+00   9.8601937E-01   1.0567938E+00   9.7274493E-01
   1.0879993E+00   9.5380742E-01   9.8572461E-01   1.0106187E+00   9.8380324E-01
   9.7352180E-01   9.7983043E-01   9.8387486E-01   9.5461829E-01   9.5704466E-01
   9.8203222E-01   1.0003302E+00   9.4508957E-01   9.6165190E-01   9.8108002E-01
   9.8438624E-01   1.0987962E+00   1.1480247E+00   1.1794579E+00   1.0151942E+00
   9.4496748E-01   9.4758577E-01   9.4441302E-01   9.6064274E-01   9.2042216E-01
   8.9903575E-01   9.3036198E-01   1.0297586E+00   1.1260626E+00   9.8194781E-01
   9.0206848E-01   9.8572933E-01   8.7528006E-01   9.9981900E-01   1.0020493E+00

   1.5795336E+02   3.8559054E+07   3.4153361E+13   3.2234301E+00   1.7710850E-04   4.0739735E-01   9.8718629E-01    44 
   7.9873594E-01   8.9263189E-01   8.1478510E-01   8.4804026E-01   9.4161773E-01
   9.6873972E-01   9.2634122E-01   9.1608251E-01   9.3170596E-01   1.1554890E+00
   1.1238084E+00   1.0891309E+00   9.6561474E-01   1.0201405E+00   9.6902971E-01
   1.1106513E+00   9.6839374E-01   9.9394093E-01   1.0191034E+00   9.8994411E-01
   9.9226862E-01   9.9694416E-01   9.9976984E-01   9.8176161E-01   9.8243570E-01
   9.9823205E-01   1.0068479E+00   9.8525130E-01   1.0000466E+00   9.9821070E-01
   9.9901634E-01   1.0625506E+00   1.1046116E+00   1.1552506E+00   1.0238728E+00
   9.7324428E-01   9.7053359E-01   9.6604386E-01   9.7055565E-01   9.4313719E-01
   8.9900507E-01   9.3553133E-01   1.0033134E+00   1.0824136E+00   9.8738086E-01
   8.8477608E-01   9.5543630E-01   8.8417537E-01   1.0152576E+00   1.0202955E+00

   1.5689648E+02   2.3173715E+07   4.2199736E+13   3.4067537E+00   1.2185440E-04   3.4382724E-01   9.8917429E-01    45 
   8.3665661E-01   9.8825061E-01   8.9374049E-01   9.1059771E-01   9.6569719E-01
   9.9792934E-01   9.5055086E-01   9.4688213E-01   9.5995417E-01   1.1405899E+00
   1.1127742E+00   1.0773933E+00   9.5825127E-01   9.8522892E-01   9.6659120E-01
   1.1123866E+00   9.8537900E-01   1.0034381E+00   1.0238159E+00   9.9416528E-01
   1.0049351E+00   1.0081162E+00   1.0100269E+00   1.0013848E+00   1.0018157E+00
   1.0112156E+00   1.0115784E+00   1.0087269E+00   1.0199613E+00   1.0189594E+00
   1.0076994E+00   1.0350168E+00   1.0650454E+00   1.1154814E+00   1.0195917E+00
   9.9387209E-01   9.8921142E-01   9.8344913E-01   9.7882770E-01   9.6322074E-01
   9.0921669E-01   9.4197418E-01   9.8336296E-01   1.0404391E+00   9.9710453E-01
   8.8466745E-01   9.4138278E-01   9.0631303E-01   1.0226710E+00   1.0285089E+00

   1.5572094E+02   1.4036212E+07   5.3057889E+13   3.6185458E+00   8.4097513E-05   2.8221162E-01   9.9110520E-01    46 
   8.9064445E-01   1.0571221E+00   9.6874859E-01   9.6745746E-01   9.8554899E-01
   1.0161323E+00   9.7370767E-01   9.7671983E-01   9.8373859E-01   1.1075001E+00
   1.0939548E+00   1.0702379E+00   9.6977307E-01   9.6808887E-01   9.7290426E-01
   1.0864312E+00   1.0051159E+00   1.0151537E+00   1.0262900E+00   1.0012429E+00
   1.0134711E+00   1.0151744E+00   1.0161091E+00   1.0161551E+00   1.0155843E+00
   1.0196673E+00   1.0166023E+00   1.0160701E+00   1.0254722E+00   1.0361901E+00
   1.0139242E+00   1.0211505E+00   1.0353272E+00   1.0704096E+00   1.0143525E+00
   1.0076138E+00   1.0036754E+00   9.9812029E-01   9.8378225E-01   9.8059183E-01
   9.3144555E-01   9.5228738E-01   9.7372360E-01   1.0072763E+00   1.0066009E+00
   9.0447458E-01   9.4657592E-01   9.3444654E-01   1.0249077E+00   1.0295000E+00

   1.5443759E+02   8.5517622E+06   6.7512718E+13   3.8619700E+00   5.7817940E-05   2.2716638E-01   9.9283357E-01    47 
   9.5317080E-01   1.0736494E+00   1.0261511E+00   1.0094313E+00   1.0024120E+00
   1.0248063E+00   9.9260499E-01   1.0037036E+00   1.0004714E+00   1.0703849E+00
   1.0710822E+00   1.0598186E+00   9.9465738E-01   9.7001164E-01   9.8617343E-01
   1.0497993E+00   1.0202344E+00   1.0243100E+00   1.0272974E+00   1.0091071E+00
   1.0173469E+00   1.0180765E+00   1.0182177E+00   1.0231517E+00   1.0223509E+00
   1.0226402E+00   1.0199711E+00   1.0101198E+00   1.0222092E+00   1.0419838E+00
   1.0168241E+00   1.0134658E+00   1.0163900E+00   1.0334202E+00   1.0107465E+00
   1.0144426E+00   1.0119708E+00   1.0077142E+00   9.8677465E-01   9.9251245E-01
   9.6026195E-01   9.6636764E-01   9.7375228E-01   9.8556283E-01   1.0125366E+00
   9.3970399E-01   9.6646328E-01   9.6408749E-01   1.0226669E+00   1.0253571E+00

   1.5305704E+02   5.4079129E+06   8.7693041E+13   4.1381940E+00   4.0127374E-05   1.7850683E-01   9.9436407E-01    48 
   1.0030513E+00   1.0528088E+00   1.0493820E+00   1.0327157E+00   1.0133278E+00
   1.0264657E+00   1.0087362E+00   1.0212339E+00   1.0129603E+00   1.0384441E+00
   1.0450145E+00   1.0416679E+00   1.0176403E+00   9.8273018E-01   9.9960874E-01
   1.0199789E+00   1.0246592E+00   1.0255989E+00   1.0248601E+00   1.0141768E+00
   1.0160008E+00   1.0162489E+00   1.0160768E+00   1.0212351E+00   1.0208489E+00
   1.0198600E+00   1.0197771E+00   9.9815206E-01   1.0147006E+00   1.0358516E+00
   1.0162477E+00   1.0061382E+00   1.0044819E+00   1.0098427E+00   1.0092642E+00
   1.0155061E+00   1.0139829E+00   1.0105236E+00   9.9064785E-01   9.9896599E-01
   9.8598809E-01   9.8240806E-01   9.7989253E-01   9.7942734E-01   1.0135586E+00
   9.7671858E-01   9.9049480E-01   9.9139002E-01   1.0170603E+00   1.0184150E+00

   1.5160284E+02   3.7321806E+06   1.1836895E+14   4.4481216E+00   2.8994071E-05   1.3484555E-01   9.9573947E-01    49 
   1.0277683E+00   1.0300528E+00   1.0399259E+00   1.0357698E+00   1.0156521E+00
   1.0192448E+00   1.0240269E+00   1.0222835E+00   1.0208545E+00   1.0174212E+00
   1.0200684E+00   1.0229355E+00   1.0232798E+00   9.9486833E-01   1.0057620E+00
   1.0022862E+00   1.0190145E+00   1.0182942E+00   1.0176630E+00   1.0127917E+00
   1.0111975E+00   1.0111635E+00   1.0110951E+00   1.0139462E+00   1.0134615E+00
   1.0131816E+00   1.0149188E+00   9.9720365E-01   1.0061093E+00   1.0232246E+00
   1.0119263E+00   1.0012400E+00   9.9747392E-01   9.9999892E-01   1.0069286E+00
   1.0121920E+00   1.0115309E+00   1.0078018E+00   9.9561467E-01   1.0025736E+00
   9.9951979E-01   9.9659172E-01   9.8638440E-01   9.8638885E-01   1.0084658E+00
   9.9793825E-01   1.0051912E+00   1.0067876E+00   1.0104739E+00   1.0113529E+00

   1.5012158E+02   2.8578663E+06   1.6643392E+14   4.7938119E+00   2.2229194E-05   9.7771866E-02   9.9690893E-01    50 
   1.0258079E+00   1.0150324E+00   1.0242778E+00   1.0247156E+00   1.0112084E+00
   1.0093922E+00   1.0206005E+00   1.0154130E+00   1.0169562E+00   1.0056837E+00
   1.0066960E+00   1.0106946E+00   1.0163967E+00   1.0003317E+00   1.0045327E+00
   9.9686384E-01   1.0108813E+00   1.0099595E+00   1.0094810E+00   1.0072874E+00
   1.0064188E+00   1.0062789E+00   1.0062017E+00   1.0073142E+00   1.0067432E+00
   1.0065433E+00   1.0081154E+00   1.0008207E+00   1.0026012E+00   1.0117434E+00
   1.0061852E+00   1.0003492E+00   9.9705385E-01   9.9767910E-01   1.0035803E+00
   1.0067630E+00   1.0067395E+00   1.0045495E+00   9.9859498E-01   1.0032031E+00
   1.0041581E+00   1.0012895E+00   9.9241753E-01   9.9334824E-01   1.0029872E+00
   1.0037721E+00   1.0066201E+00   1.0081771E+00   1.0054659E+00   1.0057933E+00

   1.4865898E+02   2.3314041E+06   2.3794037E+14   5.1781429E+00   1.7942800E-05   6.9710748E-02   9.9779506E-01    51 
   1.0147861E+00   1.0068148E+00   1.0120994E+00   1.0126595E+00   1.0059585E+00
   1.0038148E+00   1.0112009E+00   1.0080118E+00   1.0093714E+00   1.0017075E+00
   1.0019079E+00   1.0041218E+00   1.0079005E+00   1.0011764E+00   1.0020401E+00
   9.9758712E-01   1.0048045E+00   1.0043299E+00   1.0041303E+00   1.0031052E+00
   1.0031863E+00   1.0030888E+00   1.0030368E+00   1.0031573E+00   1.0028311E+00
   1.0027369E+00   1.0034520E+00   1.0013780E+00   1.0016523E+00   1.0048535E+00
   1.0025231E+00   1.0001521E+00   9.9855329E-01   9.9868751E-01   1.0015109E+00
   1.0029597E+00   1.0030753E+00   1.0023076E+00   1.0002398E+00   1.0021636E+00
   1.0034269E+00   1.0010993E+00   9.9666135E-01   9.9755976E-01   1.0007535E+00
   1.0024809E+00   1.0034512E+00   1.0043169E+00   1.0025423E+00   1.0025899E+00

   1.4722920E+02   1.9597100E+06   3.3916938E+14   5.6040672E+00   1.5062336E-05   4.9840417E-02   9.9842303E-01    52 
   1.0066410E+00   1.0030346E+00   1.0052425E+00   1.0054868E+00   1.0026857E+00
   1.0015034E+00   1.0049294E+00   1.0034942E+00   1.0040765E+00   1.0009219E+00
   1.0006399E+00   1.0012991E+00   1.0029689E+00   1.0007321E+00   1.0007286E+00
   9.9899152E-01   1.0017580E+00   1.0016270E+00   1.0016445E+00   1.0011312E+00
   1.0014537E+00   1.0014196E+00   1.0014110E+00   1.0011934E+00   1.0011047E+00
   1.0011387E+00   1.0012763E+00   1.0009566E+00   1.0009868E+00   1.0017836E+00
   1.0009247E+00   9.9998039E-01   9.9954424E-01   9.9975971E-01   1.0006005E+00
   1.0011745E+00   1.0012421E+00   1.0010652E+00   1.0005777E+00   1.0011294E+00
   1.0017138E+00   1.0003848E+00   9.9876407E-01   9.9932072E-01   1.0001970E+00
   1.0007604E+00   1.0012266E+00   1.0015007E+00   1.0011104E+00   1.0011014E+00

   1.4582397E+02   1.6884234E+06   4.7936822E+14   6.0736315E+00   1.3085035E-05   3.5937342E-02   9.9886267E-01    53 
   1.0027503E+00   1.0014111E+00   1.0021308E+00   1.0022372E+00   1.0011540E+00
   1.0006073E+00   1.0020050E+00   1.0014216E+00   1.0015815E+00   1.0006229E+00
   1.0002904E+00   1.0003536E+00   1.0009910E+00   1.0004087E+00   1.0002957E+00
   9.9967216E-01   1.0005984E+00   1.0005875E+00   1.0006536E+00   1.0004163E+00
   1.0006444E+00   1.0006390E+00   1.0006473E+00   1.0004395E+00   1.0004399E+00
   1.0005016E+00   1.0004683E+00   1.0005400E+00   1.0005138E+00   1.0006408E+00
   1.0003534E+00   9.9995812E-01   9.9992052E-01   1.0001212E+00   1.0002628E+00
   1.0004755E+00   1.0005023E+00   1.0004754E+00   1.0003971E+00   1.0005623E+00
   1.0007295E+00   1.0000940E+00   9.9957159E-01   9.9987378E-01   1.0000704E+00
   1.0001238E+00   1.0003797E+00   1.0004203E+00   1.0004813E+00   1.0004741E+00

   1.4443106E+02   1.5145922E+06   6.7587095E+14   6.5889711E+00   1.1808317E-05   2.5979422E-02   9.9917767E-01    54 
   1.0011020E+00   1.0006633E+00   1.0008429E+00   1.0009048E+00   1.0004836E+00
   1.0002711E+00   1.0007877E+00   1.0005694E+00   1.0006031E+00   1.0003605E+00
   1.0001511E+00   1.0001101E+00   1.0003079E+00   1.0002223E+00   1.0001413E+00
   9.9991106E-01   1.0002082E+00   1.0002166E+00   1.0002605E+00   1.0001667E+00
   1.0002863E+00   1.0002871E+00   1.0002950E+00   1.0001738E+00   1.0001849E+00
   1.0002259E+00   1.0001758E+00   1.0003003E+00   1.0002546E+00   1.0002394E+00
   1.0001464E+00   9.9999858E-01   1.0000228E+00   1.0001390E+00   1.0001250E+00
   1.0002049E+00   1.0002142E+00   1.0002117E+00   1.0002119E+00   1.0002654E+00
   1.0003058E+00   1.0000123E+00   9.9986630E-01   1.0000203E+00   1.0000006E+00
   1.0000078E+00   1.0001144E+00   1.0000992E+00   1.0002124E+00   1.0002097E+00

   1.4304671E+02   1.4236958E+06   9.5329765E+14   7.1529519E+00   1.1064487E-05   1.8776171E-02   9.9940561E-01    55 
   1.0004212E+00   1.0002974E+00   1.0003316E+00   1.0003702E+00   1.0001916E+00
   1.0001412E+00   1.0003024E+00   1.0002336E+00   1.0002417E+00   1.0001741E+00
   1.0000814E+00   1.0000586E+00   1.0000895E+00   1.0000995E+00   1.0000640E+00
   9.9998031E-01   1.0000799E+00   1.0000843E+00   1.0001025E+00   1.0000679E+00
   1.0001294E+00   1.0001300E+00   1.0001338E+00   1.0000771E+00   1.0000821E+00
   1.0001002E+00   1.0000623E+00   1.0001757E+00   1.0001290E+00   1.0000951E+00
   1.0000609E+00   1.0000230E+00   1.0000353E+00   1.0000833E+00   1.0000566E+00
   1.0000908E+00   1.0000934E+00   1.0000938E+00   1.0001035E+00   1.0001163E+00
   1.0001359E+00   9.9999170E-01   9.9997266E-01   1.0000404E+00   9.9996112E-01
   1.0000051E+00   1.0000388E+00   1.0000147E+00   1.0000947E+00   1.0000932E+00

   1.4164674E+02   1.3740794E+06   1.3405578E+15   7.7809548E+00   1.0618183E-05   1.3617038E-02   9.9956889E-01    56 
   1.0001641E+00   1.0001310E+00   1.0001373E+00   1.0001598E+00   1.0000754E+00
   1.0000694E+00   1.0001201E+00   1.0001016E+00   1.0001057E+00   1.0000760E+00
   1.0000414E+00   1.0000344E+00   1.0000273E+00   1.0000375E+00   1.0000260E+00
   9.9999521E-01   1.0000340E+00   1.0000353E+00   1.0000414E+00   1.0000266E+00
   1.0000599E+00   1.0000599E+00   1.0000614E+00   1.0000364E+00   1.0000377E+00
   1.0000444E+00   1.0000226E+00   1.0000973E+00   1.0000583E+00   1.0000408E+00
   1.0000250E+00   1.0000204E+00   1.0000236E+00   1.0000403E+00   1.0000238E+00
   1.0000412E+00   1.0000417E+00   1.0000422E+00   1.0000487E+00   1.0000485E+00
   1.0000607E+00   9.9999268E-01   9.9999916E-01   1.0000271E+00   9.9997121E-01
   1.0000063E+00   1.0000163E+00   9.9999854E-01   1.0000430E+00   1.0000421E+00

   1.4061881E+02   1.3408063E+06   1.7005184E+15   8.2812330E+00   1.0366545E-05   1.0891911E-02   9.9965515E-01    57 
   1.0000828E+00   1.0000716E+00   1.0000724E+00   1.0000868E+00   1.0000386E+00
   1.0000377E+00   1.0000615E+00   1.0000554E+00   1.0000585E+00   1.0000399E+00
   1.0000243E+00   1.0000218E+00   1.0000133E+00   1.0000184E+00   1.0000133E+00
   9.9999936E-01   1.0000190E+00   1.0000194E+00   1.0000220E+00   1.0000134E+00
   1.0000341E+00   1.0000340E+00   1.0000346E+00   1.0000211E+00   1.0000214E+00
   1.0000244E+00   1.0000115E+00   1.0000614E+00   1.0000290E+00   1.0000222E+00
   1.0000129E+00   1.0000145E+00   1.0000153E+00   1.0000225E+00   1.0000123E+00
   1.0000230E+00   1.0000230E+00   1.0000233E+00   1.0000276E+00   1.0000251E+00
   1.0000323E+00   9.9999766E-01   1.0000036E+00   1.0000181E+00   9.9998423E-01
   1.0000058E+00   1.0000098E+00   9.9999736E-01   1.0000238E+00   1.0000232E+00

   1.4013928E+02   1.3249147E+06   1.8917448E+15   8.5257260E+00   1.0261748E-05   9.8579028E-03   9.9968788E-01    58 
   1.0000591E+00   1.0000535E+00   1.0000527E+00   1.0000638E+00   1.0000285E+00
   1.0000274E+00   1.0000438E+00   1.0000411E+00   1.0000438E+00   1.0000291E+00
   1.0000190E+00   1.0000179E+00   1.0000104E+00   1.0000141E+00   1.0000102E+00
   1.0000016E+00   1.0000148E+00   1.0000150E+00   1.0000166E+00   1.0000100E+00
   1.0000262E+00   1.0000260E+00   1.0000264E+00   1.0000164E+00   1.0000165E+00
   1.0000184E+00   1.0000088E+00   1.0000494E+00   1.0000199E+00   1.0000165E+00
   1.0000094E+00   1.0000124E+00   1.0000124E+00   1.0000170E+00   1.0000090E+00
   1.0000174E+00   1.0000172E+00   1.0000175E+00   1.0000213E+00   1.0000184E+00
   1.0000235E+00   9.9999933E-01   1.0000051E+00   1.0000155E+00   9.9998975E-01
   1.0000058E+00   1.0000082E+00   9.9999786E-01   1.0000177E+00   1.0000173E+00

   1.3989886E+02   1.3158019E+06   1.9924556E+15   8.6507375E+00   1.0207696E-05   9.3917604E-03   9.9970264E-01    59 
   1.0000622E+00   1.0000552E+00   1.0000554E+00   1.0000673E+00   1.0000303E+00
   1.0000296E+00   1.0000483E+00   1.0000442E+00   1.0000466E+00   1.0000313E+00
   1.0000207E+00   1.0000189E+00   1.0000110E+00   1.0000152E+00   1.0000110E+00
   1.0000025E+00   1.0000159E+00   1.0000161E+00   1.0000178E+00   1.0000109E+00
   1.0000280E+00   1.0000279E+00   1.0000283E+00   1.0000175E+00   1.0000177E+00
   1.0000198E+00   1.0000095E+00   1.0000511E+00   1.0000229E+00   1.0000177E+00
   1.0000101E+00   1.0000133E+00   1.0000137E+00   1.0000185E+00   1.0000097E+00
   1.0000186E+00   1.0000185E+00   1.0000187E+00   1.0000231E+00   1.0000200E+00
   1.0000250E+00   1.0000027E+00   1.0000065E+00   1.0000166E+00   9.9999010E-01
   1.0000066E+00   1.0000091E+00   9.9999914E-01   1.0000189E+00   1.0000185E+00

   1.3981856E+02   1.3127854E+06   2.0271664E+15   8.6937164E+00   1.0190888E-05   9.2415328E-03   9.9970740E-01    60 
   1.0006676E+00   1.0005281E+00   1.0005510E+00   1.0005856E+00   1.0004534E+00
   1.0003871E+00   1.0004376E+00   1.0004104E+00   1.0004110E+00   1.0003683E+00
   1.0003406E+00   1.0003211E+00   1.0002909E+00   1.0002892E+00   1.0002648E+00
   1.0002589E+00   1.0002554E+00   1.0002568E+00   1.0002624E+00   1.0002473E+00
   1.0002475E+00   1.0002476E+00   1.0002483E+00   1.0002118E+00   1.0002148E+00
   1.0002205E+00   1.0002045E+00   1.0002728E+00   1.0002344E+00   1.0002039E+00
   1.0001907E+00   1.0001875E+00   1.0001958E+00   1.0002081E+00   1.0001907E+00
   1.0002042E+00   1.0002007E+00   1.0002012E+00   1.0002147E+00   1.0002111E+00
   1.0002131E+00   1.0002141E+00   1.0001836E+00   1.0001994E+00   1.0001346E+00
   1.0001695E+00   1.0001715E+00   1.0001610E+00   1.0001927E+00   1.0001928E+00
