  
  
    1   THI   1___   2___
 Down rate:


 Down rate

   8.2263E+00  8.2263E+00  8.2263E+00  8.2263E+00  8.2264E+00  8.2265E+00  8.2268E+00  8.2272E+00  8.2280E+00  8.2292E+00
   8.2313E+00  8.2348E+00  8.2407E+00  8.2501E+00  8.2652E+00  8.2890E+00  8.3251E+00  8.3775E+00  8.4513E+00  8.5504E+00
   8.6772E+00  8.8310E+00  9.0058E+00  9.1841E+00  9.3512E+00  9.5044E+00  9.6716E+00  9.8271E+00  9.8805E+00  9.9216E+00
   9.9841E+00  1.0078E+01  1.0203E+01  1.0376E+01  1.0599E+01  1.0828E+01  1.1068E+01  1.1325E+01  1.1602E+01  1.1903E+01
   1.2232E+01  1.2589E+01  1.2975E+01  1.3394E+01  1.3853E+01  1.4359E+01  1.4920E+01  1.5542E+01  1.6228E+01  1.6986E+01
   1.7821E+01  1.8737E+01  1.9740E+01  2.0833E+01  2.2022E+01  2.3351E+01  2.4242E+01  2.4732E+01  2.4983E+01  2.5067E+01


 Up rate

   1.0513E-06  1.1257E-06  1.2901E-06  1.9340E-06  3.5122E-06  6.3295E-06  1.1381E-05  2.0403E-05  3.6436E-05  6.4761E-05
   1.1455E-04  2.0260E-04  3.5729E-04  6.2473E-04  1.0845E-03  1.8970E-03  3.3188E-03  5.7938E-03  1.0094E-02  1.7440E-02
   2.9504E-02  4.7463E-02  7.1777E-02  9.7153E-02  1.2132E-01  1.4467E-01  1.7123E-01  1.9253E-01  1.9654E-01  1.9921E-01
   2.0368E-01  2.1126E-01  2.2380E-01  2.4722E-01  2.8986E-01  3.4665E-01  4.2018E-01  5.1469E-01  6.3524E-01  7.8736E-01
   9.7780E-01  1.2151E+00  1.5110E+00  1.8810E+00  2.3453E+00  2.9262E+00  3.6477E+00  4.5353E+00  5.6154E+00  6.9179E+00
   8.4756E+00  1.0321E+01  1.2485E+01  1.5000E+01  1.7901E+01  2.1319E+01  2.3705E+01  2.5049E+01  2.5743E+01  2.5979E+01


 Total # of down transitions

   4.8437E-06  5.4744E-06  6.9954E-06  1.4645E-05  4.4559E-05  1.3560E-04  4.1390E-04  1.2585E-03  3.8006E-03  1.1390E-02
   3.4035E-02  1.0187E-01  3.0188E-01  8.7500E-01  2.5098E+00  7.5151E+00  2.3793E+01  7.5764E+01  2.3945E+02  7.6539E+02
   2.8084E+03  9.4559E+03  2.4919E+04  3.8649E+04  3.0953E+04  2.4974E+04  2.6514E+04  3.6508E+04  5.8136E+04  1.1662E+05
   2.3795E+05  5.1134E+05  1.1104E+06  2.4995E+06  4.2136E+06  5.8307E+06  7.3527E+06  8.7427E+06  9.9932E+06  1.1211E+07
   1.2552E+07  1.4165E+07  1.6236E+07  1.9154E+07  2.3650E+07  3.1032E+07  4.3909E+07  6.7864E+07  1.1229E+08  1.9049E+08
   3.2174E+08  5.3745E+08  8.9392E+08  1.4940E+09  2.4952E+09  4.1406E+09  5.5911E+09  6.5154E+09  7.0266E+09  7.2073E+09


 Total # of upward transitions

   6.0679E-07  6.9023E-07  8.9302E-07  1.9312E-06  6.1145E-06  1.9289E-05  6.0962E-05  1.9243E-04  6.0542E-04  1.8963E-03
   5.9128E-03  1.8562E-02  5.8583E-02  1.8483E-01  5.7674E-01  1.8365E+00  5.9621E+00  1.8911E+01  6.1015E+01  2.0107E+02
   6.5759E+02  2.0989E+03  6.1678E+03  9.9958E+03  8.1261E+03  6.7250E+03  7.5424E+03  1.1108E+04  1.7736E+04  3.4952E+04
   6.9908E+04  1.5130E+05  3.3738E+05  7.9670E+05  1.4559E+06  2.2165E+06  3.1050E+06  4.1252E+06  5.2748E+06  6.5923E+06
   8.1591E+06  1.0078E+07  1.2518E+07  1.5852E+07  2.0810E+07  2.8698E+07  4.2105E+07  6.6578E+07  1.1148E+08  1.9006E+08
   3.2159E+08  5.3747E+08  8.9406E+08  1.4942E+09  2.4954E+09  4.1409E+09  5.5913E+09  6.5157E+09  7.0268E+09  7.2083E+09
  
  
    2   THeI   1s1s1Se   1s2s1Se
 Down rate:


 Down rate

   5.1908E+01  5.1908E+01  5.1908E+01  5.1908E+01  5.1908E+01  5.1909E+01  5.1909E+01  5.1910E+01  5.1912E+01  5.1914E+01
   5.1918E+01  5.1926E+01  5.1937E+01  5.1957E+01  5.1987E+01  5.2036E+01  5.2109E+01  5.2216E+01  5.2366E+01  5.2568E+01
   5.2826E+01  5.3140E+01  5.3497E+01  5.3864E+01  5.4213E+01  5.4536E+01  5.4889E+01  5.5217E+01  5.5329E+01  5.5414E+01
   5.5540E+01  5.5729E+01  5.5980E+01  5.6333E+01  5.6795E+01  5.7279E+01  5.7799E+01  5.8366E+01  5.8989E+01  5.9681E+01
   6.0448E+01  6.1297E+01  6.2231E+01  6.3262E+01  6.4412E+01  6.5701E+01  6.7152E+01  6.8785E+01  7.0617E+01  7.2666E+01
   7.4954E+01  7.7498E+01  8.0316E+01  8.3422E+01  8.6838E+01  9.0693E+01  9.3297E+01  9.4738E+01  9.5475E+01  9.5721E+01


 Up rate

   8.1027E-09  8.6893E-09  9.9895E-09  1.5099E-08  2.7702E-08  5.0378E-08  9.1417E-08  1.6550E-07  2.9880E-07  5.3755E-07
   9.6386E-07  1.7322E-06  3.1118E-06  5.5557E-06  9.8857E-06  1.7847E-05  3.2442E-05  5.9355E-05  1.0916E-04  2.0022E-04
   3.6198E-04  6.2297E-04  1.0059E-03  1.4183E-03  1.8118E-03  2.1946E-03  2.6353E-03  2.9620E-03  2.9949E-03  3.0130E-03
   3.0556E-03  3.1481E-03  3.3400E-03  3.7660E-03  4.6527E-03  5.9617E-03  7.8376E-03  1.0525E-02  1.4377E-02  1.9876E-02
   2.7705E-02  3.8890E-02  5.5012E-02  7.8521E-02  1.1313E-01  1.6419E-01  2.3909E-01  3.4758E-01  5.0189E-01  7.1726E-01
   1.0122E+00  1.4083E+00  1.9302E+00  2.6054E+00  3.4656E+00  4.5777E+00  5.4103E+00  5.8980E+00  6.1547E+00  6.2428E+00


 Total # of down transitions

   1.3284E-02  1.4156E-02  1.6073E-02  2.3537E-02  4.1744E-02  7.4081E-02  1.3218E-01  2.3684E-01  4.2593E-01  7.7056E-01
   1.4073E+00  2.6154E+00  4.9424E+00  9.4182E+00  1.7898E+01  3.4628E+01  6.8991E+01  1.3547E+02  2.7724E+02  5.8862E+02
   1.2689E+03  2.8916E+03  6.1670E+03  8.0948E+03  5.6680E+03  4.0721E+03  3.9279E+03  5.0674E+03  7.8628E+03  1.5421E+04
   3.0494E+04  6.3477E+04  1.3286E+05  2.8630E+05  4.6137E+05  6.1375E+05  7.4126E+05  8.2901E+05  8.5365E+05  7.9561E+05
   6.5744E+05  4.7744E+05  3.0912E+05  1.8609E+05  1.0989E+05  6.6809E+04  4.3718E+04  3.2210E+04  2.6551E+04  2.3246E+04
   2.0855E+04  1.9093E+04  1.8098E+04  1.8041E+04  1.8745E+04  1.9741E+04  2.0308E+04  2.0562E+04  2.0692E+04  2.0738E+04


 Total # of upward transitions

   5.6684E-08  6.4590E-08  8.3847E-08  1.8290E-07  5.8481E-07  1.8587E-06  5.9117E-06  1.8773E-05  5.9443E-05  1.8754E-04
   5.8999E-04  1.8729E-03  5.9882E-03  1.9149E-02  6.0583E-02  1.9583E-01  6.4663E-01  2.1152E+00  7.0530E+00  2.3976E+01
   8.3421E+01  2.8764E+02  9.0176E+02  1.5623E+03  1.3451E+03  1.1750E+03  1.4036E+03  2.1527E+03  3.4887E+03  7.0483E+03
   1.4521E+04  3.1634E+04  6.9162E+04  1.5603E+05  2.6479E+05  3.6529E+05  4.4992E+05  5.0484E+05  5.1637E+05  4.7952E+05
   4.0350E+05  3.0792E+05  2.1477E+05  1.4060E+05  8.9736E+04  5.8260E+04  4.0115E+04  3.0668E+04  2.5891E+04  2.2976E+04
   2.0753E+04  1.9060E+04  1.8089E+04  1.8039E+04  1.8745E+04  1.9741E+04  2.0309E+04  2.0562E+04  2.0692E+04  2.0742E+04
  
  
    3   THe2   1___   2___
 Down rate:


 Down rate

   5.2648E+02  5.2648E+02  5.2648E+02  5.2648E+02  5.2648E+02  5.2649E+02  5.2649E+02  5.2649E+02  5.2649E+02  5.2650E+02
   5.2652E+02  5.2654E+02  5.2658E+02  5.2664E+02  5.2673E+02  5.2688E+02  5.2711E+02  5.2745E+02  5.2792E+02  5.2855E+02
   5.2936E+02  5.3034E+02  5.3146E+02  5.3262E+02  5.3373E+02  5.3476E+02  5.3589E+02  5.3694E+02  5.3729E+02  5.3756E+02
   5.3795E+02  5.3854E+02  5.3931E+02  5.4041E+02  5.4187E+02  5.4342E+02  5.4510E+02  5.4696E+02  5.4903E+02  5.5136E+02
   5.5397E+02  5.5689E+02  5.6015E+02  5.6378E+02  5.6788E+02  5.7253E+02  5.7782E+02  5.8385E+02  5.9071E+02  5.9849E+02
   6.0731E+02  6.1729E+02  6.2852E+02  6.4111E+02  6.5521E+02  6.7139E+02  6.8248E+02  6.8866E+02  6.9184E+02  6.9290E+02


 Up rate

   7.6220E-13  8.2154E-13  9.5410E-13  1.4827E-12  2.8199E-12  5.3018E-12  9.9600E-12  1.8732E-11  3.5323E-11  6.6772E-11
   1.2665E-10  2.4327E-10  4.7295E-10  9.2518E-10  1.8381E-09  3.8207E-09  8.2861E-09  1.8995E-08  4.6410E-08  1.2093E-07
   3.2834E-07  8.4447E-07  1.9504E-06  3.4191E-06  4.9368E-06  6.4838E-06  8.3271E-06  9.3974E-06  9.1950E-06  9.0306E-06
   8.9481E-06  9.1060E-06  9.8645E-06  1.2174E-05  1.8381E-05  3.0313E-05  5.3023E-05  9.7091E-05  1.8337E-04  3.5070E-04
   6.6813E-04  1.2624E-03  2.3838E-03  4.5484E-03  8.8284E-03  1.7394E-02  3.4546E-02  6.8512E-02  1.3435E-01  2.5854E-01
   4.8556E-01  8.8609E-01  1.5673E+00  2.6844E+00  4.4564E+00  7.2695E+00  9.7261E+00  1.1295E+01  1.2158E+01  1.2460E+01


 Total # of down transitions

   1.0842E-05  1.2482E-05  1.6704E-05  3.9697E-05  1.4140E-04  4.9116E-04  1.6881E-03  5.7250E-03  1.9048E-02  6.2158E-02
   1.9947E-01  6.3640E-01  2.0156E+00  6.3022E+00  1.9327E+01  5.9683E+01  1.8473E+02  5.6598E+02  1.8129E+03  6.0251E+03
   2.1299E+04  7.5394E+04  2.3697E+05  5.0558E+05  6.4828E+05  7.2549E+05  9.2106E+05  1.1924E+06  1.4605E+06  2.0149E+06
   2.8849E+06  4.5412E+06  7.8056E+06  1.5775E+07  3.3971E+07  7.2261E+07  1.5512E+08  3.3290E+08  6.8940E+08  1.3036E+09
   2.1402E+09  3.0131E+09  3.7371E+09  4.2948E+09  4.8236E+09  5.5171E+09  6.6251E+09  8.5488E+09  1.1716E+10  1.6441E+10
   2.3051E+10  3.2165E+10  4.5039E+10  6.3912E+10  9.1407E+10  1.3050E+11  1.6109E+11  1.7925E+11  1.8897E+11  1.9236E+11


 Total # of upward transitions

   1.6440E-06  1.8855E-06  2.4792E-06  5.5959E-06  1.8648E-05  6.1430E-05  2.0243E-04  6.6709E-04  2.1992E-03  7.2484E-03
   2.3914E-02  8.0123E-02  2.7234E-01  9.3148E-01  3.2139E+00  1.1678E+01  4.4642E+01  1.7836E+02  7.6388E+02  3.5083E+03
   1.6900E+04  7.7448E+04  3.0448E+05  6.9114E+05  9.1104E+05  1.0871E+06  1.4701E+06  1.9957E+06  2.4855E+06  3.4852E+06
   4.9949E+06  7.6297E+06  1.2538E+07  2.4102E+07  4.9429E+07  1.0012E+08  2.0394E+08  4.1430E+08  8.1348E+08  1.4713E+09
   2.3418E+09  3.2314E+09  3.9510E+09  4.4896E+09  4.9951E+09  5.6508E+09  6.6964E+09  8.5491E+09  1.1666E+10  1.6370E+10
   2.2979E+10  3.2098E+10  4.4975E+10  6.3851E+10  9.1351E+10  1.3045E+11  1.6104E+11  1.7921E+11  1.8892E+11  1.9229E+11
            0     [N_ITS]              Number of hydro iterations remaining
            0     [ITS_DONE]           Number of hydro iterations completed
           15     [STRT_ITS]           Iteration to start first hydro iteration
           10     [FREQ_ITS]           Frequency for hydro iterations
   SPECIFY        [OB_OPT]             Outer boundary option: POW, SPECIFY, DEFAULT, NONE
            4     [NOB_PARS]           Number of outer boudary parameters
  3.10000E+01     [OB_P1]              Paremeters for outer boundary condition
  1.03300E+01     [OB_P2]              Paremeters for outer boundary condition
  4.42900E+00     [OB_P3]              Paremeters for outer boundary condition
  2.06700E+00     [OB_P4]              Paremeters for outer boundary condition
