 
  Scaling is for STEQ_VALS(NT,:). This is cgs units scaled
  by a factor of 10^10 on 4PI. The 10^9 comes from V . T
 
 SCALE=1.0D+09*BOLTZMANN_CONSTANT()/4.0D0/PI=  1.0987E-08
 T1=R(I)-R(I+1)
 GAMMA=ED/POP_ATOM
 A=1.5D0*SCALE*(POP_ATOM+ED)*V/T1 * (T(I)-T(I+1)
 B=SCALE*(POP_ATOM+ED)*V*(3.0D0+SIGMA)/R * T(I)
 C=1.5D0*SCALE*POP_ATOM*V/T1 * T(I)*(GAMMA(I)-GAMMA(I+1))
 D=SCALE*POP_ATOM*V/T1* (INT_EN(I)-INT_EN(I+1))
 
        R                  V        SIGMA            T       NU_ION            A            B            C            D
  4.4675107E+04   9.7731E+02  -9.8971E-01   9.5506E-01   3.5623E+00  -4.0587E-05   1.3047E-03  -1.0808E-05  -2.1703E-04
  4.4254043E+04   9.7721E+02  -9.8959E-01   9.5544E-01   3.5635E+00  -3.5995E-05   1.3430E-03  -1.4637E-05  -2.9356E-04
  4.3423190E+04   9.7702E+02  -9.8938E-01   9.5608E-01   3.5667E+00  -3.1935E-05   1.4231E-03  -1.9475E-05  -3.9014E-04
  4.1810582E+04   9.7662E+02  -9.8899E-01   9.5715E-01   3.5747E+00  -2.8539E-05   1.5974E-03  -2.6145E-05  -5.2309E-04
  3.8764343E+04   9.7578E+02  -9.8799E-01   9.5882E-01   3.5933E+00  -2.8387E-05   2.0120E-03  -3.5833E-05  -7.1572E-04
  3.3312913E+04   9.7387E+02  -9.8540E-01   9.6137E-01   3.6324E+00  -3.8323E-05   3.1934E-03  -5.0587E-05  -1.0080E-03
  2.4854353E+04   9.6925E+02  -9.7994E-01   9.6531E-01   3.6956E+00  -8.8906E-05   7.7835E-03  -9.4619E-05  -1.8791E-03
  1.8579526E+04   9.6324E+02  -9.7327E-01   9.6906E-01   3.7443E+00  -2.1810E-04   1.8845E-02  -1.8060E-04  -3.5750E-03
  1.3900346E+04   9.5526E+02  -9.6398E-01   9.7287E-01   3.7829E+00  -5.6767E-04   4.5532E-02  -3.4061E-04  -6.7200E-03
  1.0409066E+04   9.4462E+02  -9.5127E-01   9.7701E-01   3.8132E+00  -1.5410E-03   1.0985E-01  -6.3560E-04  -1.2493E-02
  7.8169818E+03   9.3051E+02  -9.3403E-01   9.8167E-01   3.8366E+00  -4.1542E-03   2.6333E-01  -1.1628E-03  -2.2747E-02
  5.8989393E+03   9.1203E+02  -9.1124E-01   9.8690E-01   3.8544E+00  -1.1060E-02   6.2375E-01  -2.0880E-03  -4.0587E-02
  4.4779519E+03   8.8822E+02  -8.8352E-01   9.9277E-01   3.8678E+00  -2.9732E-02   1.4551E+00  -3.7721E-03  -7.2674E-02
  3.4193330E+03   8.5875E+02  -8.4745E-01   9.9954E-01   3.8781E+00  -8.4729E-02   3.3494E+00  -6.7795E-03  -1.2886E-01
  2.6234162E+03   8.2199E+02  -7.9467E-01   1.0080E+00   3.8862E+00  -2.4882E-01   7.6675E+00  -1.1729E-02  -2.1766E-01
  2.0241565E+03   7.7525E+02  -7.1849E-01   1.0190E+00   3.8921E+00  -7.6620E-01   1.7466E+01  -1.9642E-02  -3.4916E-01
  1.5750156E+03   7.1679E+02  -6.2552E-01   1.0341E+00   3.8964E+00  -2.3526E+00   3.9172E+01  -3.3665E-02  -5.6120E-01
  1.2408524E+03   6.4983E+02  -5.1114E-01   1.0549E+00   3.8995E+00  -7.2710E+00   8.5683E+01  -5.9387E-02  -9.0664E-01
  9.8876341E+02   5.7471E+02  -3.2488E-01   1.0851E+00   3.9019E+00  -2.2069E+01   1.8727E+02  -9.6593E-02  -1.2226E+00
  8.0031460E+02   4.8746E+02  -8.0735E-02   1.1286E+00   3.9034E+00  -5.9204E+01   4.0089E+02  -1.2824E-01  -9.8556E-01
  6.6094558E+02   3.9943E+02   2.3053E-01   1.1850E+00   3.9040E+00  -1.7034E+02   8.2710E+02  -1.0683E-01   9.6644E-01
  5.5717194E+02   3.1360E+02   6.7066E-01   1.2676E+00   3.9037E+00  -4.0725E+02   1.6772E+03   8.6544E-02   7.0813E+00
  4.8023188E+02   2.3480E+02   1.2915E+00   1.3716E+00   3.9026E+00  -7.6467E+02   3.2905E+03   4.8068E-01   1.6852E+01
  4.2431287E+02   1.6824E+02   2.1560E+00   1.4778E+00   3.9011E+00  -9.4985E+02   5.8163E+03   3.0798E-01   1.5801E+01
  3.8672361E+02   1.1966E+02   3.2101E+00   1.5512E+00   3.9003E+00  -5.9944E+02   7.6852E+03  -6.7992E-01   5.3988E-01
  3.6054460E+02   8.5369E+01   4.4400E+00   1.5852E+00   3.9003E+00  -1.3826E+02   7.4612E+03  -8.5498E-01  -5.8926E+00
  3.4135741E+02   6.0960E+01   5.8583E+00   1.5929E+00   3.9005E+00   1.0741E+02   6.3403E+03  -5.1999E-01  -5.2806E+00
  3.2667514E+02   4.3510E+01   7.3910E+00   1.5860E+00   3.9007E+00   1.8433E+02   5.4061E+03  -1.2292E-01  -1.2493E+00
  3.1493373E+02   3.1053E+01   8.6737E+00   1.5726E+00   3.9008E+00   1.4780E+02   4.7318E+03   1.9735E-01   2.9207E+00
  3.0419642E+02   2.1863E+01   9.1138E+00   1.5596E+00   3.9006E+00   1.4137E+01   4.1179E+03   6.1421E-01   8.5000E+00
  2.9380043E+02   1.5605E+01   2.1666E+01   1.5581E+00   3.9001E+00   3.1217E+02   7.6895E+03   3.2670E+00   4.4154E+01
  2.9108692E+02   1.1375E+01   7.8775E+01   1.5485E+00   3.8992E+00   2.2694E+03   2.2868E+04   2.2765E+01   3.0169E+02
  2.9070855E+02   8.1909E+00   4.3981E+02   1.5376E+00   3.8983E+00   4.3729E+03   1.1180E+05   6.4391E+01   8.4034E+02
  2.9053626E+02   5.7370E+00   6.0027E+02   1.5271E+00   3.8971E+00   4.8975E+03   1.4034E+05   8.0036E+01   1.0351E+03
  2.9036296E+02   4.0926E+00   5.6312E+02   1.5143E+00   3.8954E+00   5.0721E+03   1.2423E+05   1.0525E+02   1.3540E+03
  2.9017792E+02   2.9251E+00   5.2826E+02   1.4994E+00   3.8929E+00   5.4259E+03   1.1146E+05   1.5321E+02   1.9701E+03
  2.8998337E+02   2.0864E+00   5.0937E+02   1.4821E+00   3.8890E+00   5.8938E+03   1.0366E+05   2.3925E+02   3.0918E+03
  2.8978556E+02   1.4885E+00   5.0286E+02   1.4624E+00   3.8825E+00   6.0069E+03   9.9249E+04   3.8508E+02   5.0233E+03
  2.8958747E+02   1.0621E+00   5.0154E+02   1.4420E+00   3.8719E+00   5.2670E+03   9.6414E+04   6.1402E+02   8.1059E+03
  2.8938854E+02   7.5726E-01   4.9850E+02   1.4238E+00   3.8544E+00   3.6015E+03   9.3770E+04   9.2457E+02   1.2349E+04
  2.8918676E+02   5.3963E-01   4.8968E+02   1.4111E+00   3.8272E+00   1.2708E+03   9.0651E+04   1.2341E+03   1.6625E+04
  2.8898065E+02   3.8521E-01   4.7296E+02   1.4065E+00   3.7895E+00  -1.7208E+03   8.6771E+04   1.2272E+03   1.6579E+04
  2.8876336E+02   2.7481E-01   4.4418E+02   1.4131E+00   3.7498E+00  -5.4893E+03   8.1533E+04   4.6909E+02   6.2969E+03
  2.8852208E+02   1.9520E-01   3.9745E+02   1.4368E+00   3.7331E+00  -8.8231E+03   7.4130E+04  -5.2101E+02  -6.9081E+03
  2.8829310E+02   1.4660E-01   3.4669E+02   1.4730E+00   3.7505E+00  -1.1328E+04   6.6519E+04  -1.0717E+03  -1.3843E+04
  2.8807427E+02   1.1533E-01   3.0255E+02   1.5174E+00   3.7840E+00  -1.3361E+04   6.0123E+04  -1.1667E+03  -1.4626E+04
  2.8785386E+02   9.3285E-02   2.6498E+02   1.5700E+00   3.8196E+00  -1.5096E+04   5.4810E+04  -9.7882E+02  -1.1864E+04
  2.8762373E+02   7.6768E-02   2.3285E+02   1.6317E+00   3.8498E+00  -1.6577E+04   5.0358E+04  -6.8726E+02  -8.0268E+03
  2.8737715E+02   6.3849E-02   2.0567E+02   1.7041E+00   3.8716E+00  -1.7703E+04   4.6717E+04  -4.1758E+02  -4.6929E+03
  2.8710834E+02   5.3405E-02   1.8391E+02   1.7882E+00   3.8855E+00  -1.8305E+04   4.4071E+04  -2.2939E+02  -2.4925E+03
  2.8681232E+02   4.4676E-02   1.6845E+02   1.8836E+00   3.8936E+00  -1.8373E+04   4.2730E+04  -1.2268E+02  -1.3069E+03
  2.8648550E+02   3.7166E-02   1.5855E+02   1.9891E+00   3.8983E+00  -1.8341E+04   4.2669E+04  -6.7608E+01  -7.1391E+02
  2.8612659E+02   3.0636E-02   1.5115E+02   2.1044E+00   3.9011E+00  -1.8514E+04   4.3238E+04  -3.8211E+01  -4.0660E+02
  2.8573694E+02   2.5094E-02   1.4250E+02   2.2306E+00   3.9028E+00  -1.8938E+04   4.3433E+04  -2.6845E+01  -3.3210E+02
  2.8531956E+02   2.0558E-02   1.3101E+02   2.3684E+00   3.9043E+00  -1.9524E+04   4.2658E+04  -4.3889E+01  -6.9415E+02
  2.8487727E+02   1.6986E-02   1.1589E+02   2.5185E+00   3.9077E+00  -2.0198E+04   4.0433E+04  -1.4778E+02  -2.4228E+03
  2.8441057E+02   1.4278E-02   9.6964E+01   2.6818E+00   3.9199E+00  -2.0843E+04   3.6395E+04  -5.6794E+02  -8.8817E+03
  2.8391583E+02   1.2309E-02   7.4451E+01   2.8599E+00   3.9674E+00  -2.1211E+04   3.0281E+04  -2.0183E+03  -2.9683E+04
  2.8338254E+02   1.0972E-02   4.9230E+01   3.0542E+00   4.1378E+00  -2.0965E+04   2.2072E+04  -5.5843E+03  -7.6961E+04
  2.8278820E+02   1.0189E-02   2.5907E+01   3.2660E+00   4.6285E+00  -1.9950E+04   1.3388E+04  -9.1730E+03  -1.1824E+05
  2.8209029E+02   9.7980E-03   1.4575E+01   3.4975E+00   5.5100E+00  -1.8196E+04   9.0675E+03  -7.1908E+03  -8.6564E+04
  2.8121896E+02   9.3471E-03   1.9030E+01   3.7515E+00   6.3117E+00  -1.6081E+04   1.2658E+04  -2.9976E+03  -3.3649E+04
  2.8010618E+02   8.3954E-03   3.0051E+01   4.0285E+00   6.7072E+00  -1.4688E+04   2.0920E+04  -9.9836E+02  -1.0451E+04
  2.7875086E+02   7.0095E-03   3.8715E+01   4.3300E+00   6.8557E+00  -1.4260E+04   2.8942E+04  -3.5460E+02  -3.4784E+03
  2.7721385E+02   5.5162E-03   4.4072E+01   4.6572E+00   6.9111E+00  -1.4587E+04   3.5779E+04  -1.4917E+02  -1.3940E+03
  2.7556295E+02   4.1680E-03   4.7059E+01   5.0120E+00   6.9348E+00  -1.5472E+04   4.1720E+04  -7.4725E+01  -6.7990E+02
  2.7381703E+02   3.0645E-03   4.7680E+01   5.4051E+00   6.9468E+00  -1.6483E+04   4.6442E+04  -5.0563E+01  -4.4365E+02
  2.7315454E+02   2.7255E-03   4.7276E+01   5.5619E+00   6.9498E+00  -1.6912E+04   4.7758E+04  -4.3457E+01  -3.7639E+02
  2.7282225E+02   2.5704E-03   4.7133E+01   5.6422E+00   6.9510E+00  -1.7037E+04   4.8488E+04  -4.2119E+01  -3.6213E+02
  2.7271154E+02   2.5207E-03   4.7116E+01   5.6691E+00   6.9514E+00  -1.7051E+04   4.8762E+04  -4.2354E+01  -3.6242E+02
