
 24-FEB-2004                           !Format date

 2.7271153668E+02     1.9566E+05       30       70

 4.4675106629E+04   8.6256719E+02   1.3719726E+06   9.5506382E-01   2.9023991E+02   9.7730755E+02   5.0000000E-02     1 
    9.1527285E-12   1.0878655E-05   1.5531918E-04   3.1689850E-03   1.4047789E-02
    3.3511966E-02   5.6002824E-02   8.0330261E-02   1.0555718E-01   1.3592654E-01
    1.4666174E-01   1.6618073E-01   1.8437913E-01   2.0308868E-01   2.1614590E-01
    2.2846109E-01   2.3622954E-01   1.9338297E-01   2.4385480E-01   2.8376228E-01
    2.9979282E-01   3.2323579E-01   3.3685637E-01   3.2938224E-01   3.3516772E-01
    3.5365867E-01   3.5350792E-01   3.6602449E-01   3.8138354E-01   3.9835543E-01

 4.4254043195E+04   8.8110373E+02   1.3986442E+06   9.5543891E-01   2.8993356E+02   9.7721176E+02   5.0000000E-02     2 
    9.2100026E-12   1.1048310E-05   1.5574032E-04   3.1751334E-03   1.4067735E-02
    3.3535351E-02   5.6061802E-02   8.0410335E-02   1.0564069E-01   1.3603532E-01
    1.4676809E-01   1.6628340E-01   1.8446872E-01   2.0318098E-01   2.1624386E-01
    2.2856365E-01   2.3632195E-01   1.9342838E-01   2.4389744E-01   2.8378141E-01
    2.9978859E-01   3.2325415E-01   3.3688169E-01   3.2941957E-01   3.3517511E-01
    3.5356170E-01   3.5348681E-01   3.6597198E-01   3.8128632E-01   3.9815168E-01

 4.3423189642E+04   9.2013266E+02   1.4537910E+06   9.5608297E-01   2.8930152E+02   9.7701685E+02   5.0000000E-02     3 
    9.2532341E-12   1.1358216E-05   1.5656569E-04   3.1862046E-03   1.4103769E-02
    3.3594854E-02   5.6168554E-02   8.0554886E-02   1.0580377E-01   1.3623882E-01
    1.4697371E-01   1.6649141E-01   1.8466581E-01   2.0339050E-01   2.1646020E-01
    2.2878758E-01   2.3651847E-01   1.9353820E-01   2.4400245E-01   2.8383645E-01
    2.9980459E-01   3.2331412E-01   3.3694934E-01   3.2953544E-01   3.3526053E-01
    3.5346163E-01   3.5354735E-01   3.6600182E-01   3.8128497E-01   3.9798475E-01

 4.1810581758E+04   1.0049797E+03   1.5709411E+06   9.5715042E-01   2.8798627E+02   9.7661774E+02   5.0000000E-02     4 
    9.1912686E-12   1.1989268E-05   1.5797764E-04   3.2055154E-03   1.4168019E-02
    3.3707406E-02   5.6367445E-02   8.0828479E-02   1.0612660E-01   1.3665160E-01
    1.4740725E-01   1.6694516E-01   1.8511466E-01   2.0386124E-01   2.1694782E-01
    2.2928501E-01   2.3694423E-01   1.9379039E-01   2.4425032E-01   2.8399720E-01
    2.9990944E-01   3.2346052E-01   3.3709795E-01   3.2979918E-01   3.3549232E-01
    3.5340812E-01   3.5394622E-01   3.6648886E-01   3.8179677E-01   3.9819698E-01

 3.8764342966E+04   1.2022790E+03   1.8351374E+06   9.5882004E-01   2.8523995E+02   9.7577792E+02   5.0000000E-02     5 
    8.7646994E-12   1.3338141E-05   1.6026095E-04   3.2376076E-03   1.4277761E-02
    3.3906994E-02   5.6728108E-02   8.1338933E-02   1.0675791E-01   1.3747439E-01
    1.4828945E-01   1.6788914E-01   1.8606674E-01   2.0484785E-01   2.1796822E-01
    2.3032792E-01   2.3786679E-01   1.9437784E-01   2.4487299E-01   2.8448432E-01
    3.0027060E-01   3.2385088E-01   3.3750049E-01   3.3053475E-01   3.3628095E-01
    3.5375604E-01   3.5527034E-01   3.6801963E-01   3.8335488E-01   3.9916589E-01

 3.3312912862E+04   1.7235804E+03   2.5069532E+06   9.6137140E-01   2.7980169E+02   9.7387071E+02   5.0000000E-02     6 
    7.5256234E-12   1.6409345E-05   1.6390689E-04   3.2899397E-03   1.4460758E-02
    3.4249293E-02   5.7359798E-02   8.2258228E-02   1.0791608E-01   1.3902853E-01
    1.4997587E-01   1.6972796E-01   1.8795104E-01   2.0681344E-01   2.2001398E-01
    2.3245522E-01   2.3981122E-01   1.9573814E-01   2.4634851E-01   2.8571968E-01
    3.0130411E-01   3.2486747E-01   3.3853107E-01   3.3242106E-01   3.3831519E-01
    3.5494774E-01   3.5839057E-01   3.7152684E-01   3.8679988E-01   4.0146115E-01

 2.4854352984E+04   3.3888109E+03   4.5752022E+06   9.6530564E-01   2.7146416E+02   9.6924947E+02   5.0000000E-02     7 
    5.2610499E-12   2.3620939E-05   1.6972755E-04   3.3725355E-03   1.4748821E-02
    3.4788487E-02   5.8355371E-02   8.3712110E-02   1.0976162E-01   1.4154862E-01
    1.5270916E-01   1.7275524E-01   1.9108774E-01   2.1010383E-01   2.2343712E-01
    2.3604562E-01   2.4315465E-01   1.9851449E-01   2.4910246E-01   2.8797530E-01
    3.0340922E-01   3.2651833E-01   3.4022390E-01   3.3643271E-01   3.4266121E-01
    3.5756862E-01   3.6384980E-01   3.7686932E-01   3.9104670E-01   4.0331663E-01

 1.8579525928E+04   6.5158996E+03   8.3077934E+06   9.6905441E-01   2.6472055E+02   9.6324269E+02   5.0000000E-02     8 
    3.6602326E-12   3.2972780E-05   1.7545849E-04   3.4499929E-03   1.5011555E-02
    3.5274973E-02   5.9211152E-02   8.4938741E-02   1.1131572E-01   1.4368687E-01
    1.5497244E-01   1.7526560E-01   1.9370177E-01   2.1286380E-01   2.2634577E-01
    2.3909860E-01   2.4592206E-01   2.0182374E-01   2.5182571E-01   2.9008032E-01
    3.0597236E-01   3.2807938E-01   3.4182795E-01   3.4113209E-01   3.4788543E-01
    3.6098011E-01   3.6843894E-01   3.8002701E-01   3.9193102E-01   4.0158688E-01

 1.3900346250E+04   1.2355799E+04   1.5065325E+07   9.7287089E-01   2.5937715E+02   9.5526365E+02   5.0000000E-02     9 
    2.5688992E-12   4.5036027E-05   1.8155674E-04   3.5283047E-03   1.5269356E-02
    3.5748782E-02   6.0001153E-02   8.6049711E-02   1.1271846E-01   1.4565303E-01
    1.5698023E-01   1.7749715E-01   1.9604051E-01   2.1534849E-01   2.2902506E-01
    2.4186938E-01   2.4821048E-01   2.0628385E-01   2.5485504E-01   2.9226200E-01
    3.0928494E-01   3.3011995E-01   3.4397704E-01   3.4660130E-01   3.5387799E-01
    3.6499823E-01   3.7215673E-01   3.8148329E-01   3.9062558E-01   3.9778673E-01

 1.0409065670E+04   2.3176118E+04   2.7309059E+07   9.7700589E-01   2.5531633E+02   9.4461612E+02   5.0000000E-02    10 
    1.8477466E-12   6.0248759E-05   1.8860418E-04   3.6135172E-03   1.5540224E-02
    3.6247989E-02   6.0793123E-02   8.7141997E-02   1.1408269E-01   1.4763252E-01
    1.5889009E-01   1.7962656E-01   1.9831051E-01   2.1777454E-01   2.3168016E-01
    2.4455024E-01   2.5018973E-01   2.1264275E-01   2.5870829E-01   2.9494836E-01
    3.1354414E-01   3.3324668E-01   3.4719700E-01   3.5258517E-01   3.6005280E-01
    3.6911212E-01   3.7514495E-01   3.8207020E-01   3.8859413E-01   3.9362629E-01

 7.8169818289E+03   4.2938361E+04   4.9352093E+07   9.8166740E-01   2.5251359E+02   9.3051012E+02   5.0000000E-02    11 
    1.3843676E-12   7.8911692E-05   1.9735194E-04   3.7119362E-03   1.5842452E-02
    3.6808537E-02   6.1653785E-02   8.8308344E-02   1.1552789E-01   1.4980107E-01
    1.6086670E-01   1.8182921E-01   2.0072799E-01   2.2038312E-01   2.3458527E-01
    2.4742815E-01   2.5237211E-01   2.2170691E-01   2.6430151E-01   2.9903199E-01
    3.1914406E-01   3.3799993E-01   3.5184223E-01   3.5896248E-01   3.6617861E-01
    3.7332389E-01   3.7806057E-01   3.8296657E-01   3.8740805E-01   3.9080861E-01

 5.8989392926E+03   7.8403887E+04   8.8685280E+07   9.8690113E-01   2.5108022E+02   9.1202617E+02   5.0000000E-02    12 
    1.0860770E-12   1.0110091E-04   2.0869290E-04   3.8287743E-03   1.6191062E-02
    3.7460648E-02   6.2636264E-02   8.9623989E-02   1.1716920E-01   1.5232783E-01
    1.6310442E-01   1.8432589E-01   2.0353984E-01   2.2347205E-01   2.3812530E-01
    2.5099398E-01   2.5585720E-01   2.3421990E-01   2.7292669E-01   3.0581643E-01
    3.2686473E-01   3.4496481E-01   3.5838051E-01   3.6623928E-01   3.7289924E-01
    3.7845747E-01   3.8208296E-01   3.8551819E-01   3.8848957E-01   3.9074005E-01

 4.4779518876E+03   1.4102208E+05   1.5838113E+08   9.9277114E-01   2.5121131E+02   8.8822471E+02   5.0000000E-02    13 
    8.9622264E-13   1.2724796E-04   2.2427885E-04   3.9727648E-03   1.6610241E-02
    3.8256569E-02   6.3811221E-02   9.1198834E-02   1.1916112E-01   1.5545673E-01
    1.6588399E-01   1.8746915E-01   2.0717209E-01   2.2756046E-01   2.4297617E-01
    2.5628877E-01   2.6248883E-01   2.5100492E-01   2.8614081E-01   3.1695506E-01
    3.3812557E-01   3.5534150E-01   3.6804045E-01   3.7595099E-01   3.8194422E-01
    3.8628968E-01   3.8908233E-01   3.9153177E-01   3.9354091E-01   3.9502709E-01

 3.4193329850E+03   2.5016545E+05   2.8144052E+08   9.9953795E-01   2.5312046E+02   8.5875361E+02   5.0000000E-02    14 
    7.8971903E-13   1.5919871E-04   2.4765872E-04   4.1628926E-03   1.7149860E-02
    3.9299715E-02   6.5318540E-02   9.3238402E-02   1.2178016E-01   1.5958856E-01
    1.6967908E-01   1.9184196E-01   2.1238268E-01   2.3362492E-01   2.5048731E-01
    2.6534108E-01   2.7480071E-01   2.7338693E-01   3.0579975E-01   3.3454641E-01
    3.5518958E-01   3.7138429E-01   3.8321737E-01   3.9081963E-01   3.9617756E-01
    3.9965099E-01   4.0186382E-01   4.0368405E-01   4.0509397E-01   4.0609486E-01

 2.6234161613E+03   4.3921421E+05   5.0017790E+08   1.0079842E+00   2.5740289E+02   8.2199155E+02   5.0000000E-02    15 
    7.7700226E-13   2.0219229E-04   2.8701721E-04   4.4412193E-03   1.7917512E-02
    4.0794154E-02   6.7445058E-02   9.6117059E-02   1.2553701E-01   1.6542446E-01
    1.7534628E-01   1.9849792E-01   2.2054883E-01   2.4354318E-01   2.6323022E-01
    2.8146314E-01   2.9600662E-01   3.0374170E-01   3.3442073E-01   3.6135634E-01
    3.8115424E-01   3.9630640E-01   4.0726792E-01   4.1442821E-01   4.1924417E-01
    4.2211496E-01   4.2393562E-01   4.2535850E-01   4.2640061E-01   4.2709905E-01

 2.0241565190E+03   7.6247133E+05   8.9175117E+08   1.0189700E+00   2.6530053E+02   7.7524880E+02   5.0000000E-02    16 
    8.9709481E-13   2.6573714E-04   3.5913228E-04   4.8762059E-03   1.9082493E-02
    4.3031842E-02   7.0598426E-02   1.0035608E-01   1.3114277E-01   1.7395881E-01
    1.8420300E-01   2.0919062E-01   2.3405823E-01   2.6060112E-01   2.8530777E-01
    3.0904033E-01   3.2982616E-01   3.4532659E-01   3.7505005E-01   4.0049283E-01
    4.1934439E-01   4.3350128E-01   4.4364624E-01   4.5033287E-01   4.5469896E-01
    4.5715751E-01   4.5870968E-01   4.5987500E-01   4.6068681E-01   4.6119543E-01

 1.5750155585E+03   1.3022965E+06   1.5942006E+09   1.0340560E+00   2.7845944E+02   7.1678719E+02   5.0000000E-02    17 
    1.3298873E-12   3.7117946E-04   5.0047399E-04   5.5986213E-03   2.0953386E-02
    4.6473518E-02   7.5423027E-02   1.0678921E-01   1.3965953E-01   1.8659753E-01
    1.9838909E-01   2.2694653E-01   2.5699742E-01   2.8984341E-01   3.2195395E-01
    3.5262578E-01   3.7968860E-01   4.0119843E-01   4.3022520E-01   4.5427936E-01
    4.7206913E-01   4.8522051E-01   4.9456359E-01   5.0075025E-01   5.0471952E-01
    5.0688458E-01   5.0824078E-01   5.0922724E-01   5.0988655E-01   5.1027248E-01

 1.2408523964E+03   2.1673467E+06   2.8347596E+09   1.0549138E+00   2.9820347E+02   6.4982622E+02   5.0000000E-02    18 
    2.7606880E-12   5.6339653E-04   7.8130122E-04   6.8404272E-03   2.4004233E-02
    5.1694346E-02   8.2736533E-02   1.1649359E-01   1.5234043E-01   2.0483970E-01
    2.2086648E-01   2.5601904E-01   2.9451627E-01   3.3623707E-01   3.7682631E-01
    4.1414260E-01   4.4610573E-01   4.7142091E-01   4.9936246E-01   5.2177906E-01
    5.3824438E-01   5.5025824E-01   5.5873050E-01   5.6435453E-01   5.6793107E-01
    5.6986088E-01   5.7105614E-01   5.7190429E-01   5.7245340E-01   5.7275646E-01

 9.8876340844E+02   3.5243816E+06   5.0503838E+09   1.0850896E+00   3.2738006E+02   5.7470835E+02   5.0000005E-02    19 
    9.3784537E-12   9.7126755E-04   1.3698071E-03   9.1177347E-03   2.9176760E-02
    5.9651810E-02   9.4019037E-02   1.3146204E-01   1.7159426E-01   2.3126303E-01
    2.5638665E-01   3.0223093E-01   3.5216215E-01   4.0347749E-01   4.5132512E-01
    4.9311999E-01   5.2751666E-01   5.5418633E-01   5.8013638E-01   6.0035197E-01
    6.1507487E-01   6.2570093E-01   6.3315075E-01   6.3810544E-01   6.4124732E-01
    6.4294954E-01   6.4398965E-01   6.4471322E-01   6.4517049E-01   6.4541108E-01

 8.0031459894E+02   5.5532271E+06   9.0918069E+09   1.1285538E+00   3.7472406E+02   4.8745730E+02   5.0000083E-02    20 
    5.9496968E-11   1.9664719E-03   2.6944695E-03   1.3303026E-02   3.7799752E-02
    7.1325802E-02   1.1167661E-01   1.5517666E-01   2.0233853E-01   2.7034242E-01
    3.1055240E-01   3.7031266E-01   4.3224009E-01   4.9086133E-01   5.4241844E-01
    5.8513858E-01   6.1891887E-01   6.4446917E-01   6.6731878E-01   6.8466819E-01
    6.9719893E-01   7.0616279E-01   7.1242027E-01   7.1659079E-01   7.1923856E-01
    7.2069298E-01   7.2156874E-01   7.2216801E-01   7.2253927E-01   7.2272656E-01

 6.6094557914E+02   8.2799133E+06   1.6270931E+10   1.1850389E+00   4.5046560E+02   3.9943463E+02   5.0001568E-02    21 
    6.1925084E-10   4.4534628E-03   5.6743781E-03   2.0881890E-02   5.1007776E-02
    8.7927531E-02   1.3754165E-01   1.9163361E-01   2.4749055E-01   3.2607018E-01
    3.8568338E-01   4.5846147E-01   5.2785611E-01   5.8838142E-01   6.3874139E-01
    6.7849050E-01   7.0886214E-01   7.3133098E-01   7.5031347E-01   7.6442734E-01
    7.7454976E-01   7.8174284E-01   7.8675166E-01   7.9009975E-01   7.9223433E-01
    7.9343019E-01   7.9414021E-01   7.9461952E-01   7.9491146E-01   7.9505302E-01

 5.5717194466E+02   1.1500008E+07   2.9150447E+10   1.2675629E+00   5.8178908E+02   3.1360241E+02   5.0027407E-02    22 
    1.5862025E-08   1.2451519E-02   1.3137712E-02   3.6450201E-02   7.3466622E-02
    1.2186980E-01   1.7592928E-01   2.4185259E-01   3.0978427E-01   4.0297802E-01
    4.8160491E-01   5.6156398E-01   6.3089236E-01   6.8718464E-01   7.3184742E-01
    7.6560499E-01   7.9075129E-01   8.0899679E-01   8.2383446E-01   8.3468212E-01
    8.4241526E-01   8.4788778E-01   8.5169690E-01   8.5425480E-01   8.5589843E-01
    8.5684396E-01   8.5739755E-01   8.5776688E-01   8.5798824E-01   8.5809101E-01

 4.8023187606E+02   1.4012150E+07   5.2042110E+10   1.3715689E+00   8.5329844E+02   2.3479506E+02   5.0379068E-02    23 
    6.4134767E-07   3.8087896E-02   2.9379865E-02   6.9719897E-02   1.1422365E-01
    1.8389253E-01   2.2911800E-01   3.0132321E-01   3.9101375E-01   4.9642929E-01
    5.8587272E-01   6.6419199E-01   7.2709098E-01   7.7497407E-01   8.1151600E-01
    8.3816253E-01   8.5761147E-01   8.7146613E-01   8.8244005E-01   8.9036270E-01
    8.9598482E-01   8.9995484E-01   9.0272086E-01   9.0458974E-01   9.0580381E-01
    9.0652373E-01   9.0693971E-01   9.0721441E-01   9.0737628E-01   9.0744746E-01

 4.2431287182E+02   1.3433690E+07   8.7622946E+10   1.4777507E+00   1.4996901E+03   1.6824142E+02   5.3484814E-02    24 
    2.0469804E-05   1.0428167E-01   5.9625005E-02   1.3229982E-01   1.8110415E-01
    2.4988964E-01   2.9769379E-01   3.6965630E-01   4.7792520E-01   5.8788536E-01
    6.7690272E-01   7.4735099E-01   8.0112412E-01   8.4004541E-01   8.6883780E-01
    8.8920331E-01   9.0382781E-01   9.1412271E-01   9.2212053E-01   9.2783652E-01
    9.3188397E-01   9.3474237E-01   9.3673779E-01   9.3809557E-01   9.3898840E-01
    9.3953349E-01   9.3984510E-01   9.4004915E-01   9.4016731E-01   9.4021587E-01

 3.8672361190E+02   9.1154137E+06   1.1734216E+11   1.5512372E+00   2.9614829E+03   1.1965826E+02   6.7599200E-02    25 
    2.4582041E-04   1.9622713E-01   9.2687196E-02   1.9996806E-01   2.4860916E-01
    2.8835093E-01   3.6762532E-01   4.3134013E-01   5.5086464E-01   6.5058994E-01
    7.2901362E-01   7.9131304E-01   8.3850391E-01   8.7201283E-01   8.9643615E-01
    9.1332448E-01   9.2533228E-01   9.3376766E-01   9.4027195E-01   9.4488857E-01
    9.4815514E-01   9.5046590E-01   9.5208332E-01   9.5318984E-01   9.5392360E-01
    9.5437986E-01   9.5463916E-01   9.5480823E-01   9.5490503E-01   9.5494293E-01

 3.6054460410E+02   4.0101620E+06   1.2160696E+11   1.5851475E+00   6.9799640E+03   8.5369225E+01   1.0519217E-01    26 
    1.3796553E-03   2.5516348E-01   1.1058254E-01   2.3873564E-01   2.8718627E-01
    2.9314779E-01   4.0501572E-01   4.6019300E-01   5.9029215E-01   6.7830077E-01
    7.4467837E-01   8.0309420E-01   8.4752321E-01   8.7932214E-01   9.0254492E-01
    9.1847387E-01   9.2979009E-01   9.3777623E-01   9.4395477E-01   9.4832830E-01
    9.5142189E-01   9.5361353E-01   9.5515105E-01   9.5620527E-01   9.5690630E-01
    9.5734459E-01   9.5759329E-01   9.5775539E-01   9.5784809E-01   9.5788424E-01

 3.4135741297E+02   9.9137730E+05   1.1451974E+11   1.5929005E+00   2.6598262E+04   6.0960119E+01   1.7451896E-01    27 
    6.8271666E-03   2.6654571E-01   1.2096988E-01   2.5128090E-01   3.0807056E-01
    2.9534142E-01   4.1157075E-01   4.6789536E-01   6.0490439E-01   6.8811009E-01
    7.4585858E-01   8.0330113E-01   8.4658550E-01   8.7800072E-01   9.0108132E-01
    9.1697163E-01   9.2832413E-01   9.3637818E-01   9.4264615E-01   9.4708267E-01
    9.5022144E-01   9.5244667E-01   9.5401003E-01   9.5508262E-01   9.5579594E-01
    9.5624174E-01   9.5649476E-01   9.5665988E-01   9.5675452E-01   9.5679193E-01

 3.2667513721E+02   1.1344601E+05   1.1209659E+11   1.5860456E+00   2.2755513E+05   4.3510378E+01   2.7276470E-01    28 
    4.9950059E-02   2.6494106E-01   1.3750343E-01   2.6698343E-01   3.3815018E-01
    3.1563778E-01   4.1781365E-01   4.8165081E-01   6.2240455E-01   7.0326504E-01
    7.5452628E-01   8.1041163E-01   8.5135250E-01   8.8132393E-01   9.0337176E-01
    9.1865556E-01   9.2965233E-01   9.3748004E-01   9.4359556E-01   9.4792285E-01
    9.5098533E-01   9.5315716E-01   9.5468456E-01   9.5573308E-01   9.5643044E-01
    9.5686595E-01   9.5711330E-01   9.5727486E-01   9.5736752E-01   9.5740428E-01

 3.1493373391E+02   6.1279820E+03   1.1897978E+11   1.5725803E+00   4.4715793E+06   3.1053496E+01   3.8742574E-01    29 
    6.4924617E-01   5.3499701E-01   3.2298278E-01   5.6298648E-01   6.8583080E-01
    5.5462941E-01   6.3191603E-01   6.7789995E-01   8.5225009E-01   8.8869208E-01
    8.8959460E-01   9.1882755E-01   9.3456136E-01   9.4616410E-01   9.5506993E-01
    9.6092264E-01   9.6542128E-01   9.6880686E-01   9.7167588E-01   9.7366523E-01
    9.7507147E-01   9.7608081E-01   9.7680238E-01   9.7730279E-01   9.7763941E-01
    9.7785133E-01   9.7797278E-01   9.7805322E-01   9.7809940E-01   9.7811754E-01

 3.0419642238E+02   1.8575422E+03   1.3803701E+11   1.5595456E+00   1.7114123E+07   2.1863027E+01   5.0837811E-01    30 
    1.5121414E+00   1.1291339E+00   8.1357744E-01   1.3249802E+00   1.5922203E+00
    1.2281201E+00   1.1775153E+00   1.1937980E+00   1.4253965E+00   1.3493301E+00
    1.2289265E+00   1.1892143E+00   1.1412731E+00   1.1068673E+00   1.0825300E+00
    1.0649992E+00   1.0534559E+00   1.0458040E+00   1.0405838E+00   1.0367781E+00
    1.0340838E+00   1.0322121E+00   1.0309319E+00   1.0300679E+00   1.0295037E+00
    1.0291549E+00   1.0289607E+00   1.0288381E+00   1.0287690E+00   1.0287432E+00

 2.9380043173E+02   2.1180219E+03   1.7144743E+11   1.5580650E+00   1.8639645E+07   1.5605138E+01   6.1469779E-01    31 
    1.2741182E+00   9.5169197E-01   8.1979474E-01   1.2627940E+00   1.5555335E+00
    1.2986646E+00   1.1266224E+00   1.1874735E+00   1.3639203E+00   1.3011161E+00
    1.2041744E+00   1.1683427E+00   1.1251875E+00   1.0947500E+00   1.0723563E+00
    1.0570151E+00   1.0470582E+00   1.0403411E+00   1.0356636E+00   1.0322793E+00
    1.0298878E+00   1.0282199E+00   1.0270715E+00   1.0262930E+00   1.0257811E+00
    1.0254612E+00   1.0252835E+00   1.0251710E+00   1.0251082E+00   1.0250859E+00

 2.9108692148E+02   2.0182165E+03   2.1031681E+11   1.5484547E+00   2.3989999E+07   1.1375404E+01   7.0020120E-01    32 
    1.0298596E+00   8.2213037E-01   7.8582674E-01   1.1887513E+00   1.5094965E+00
    1.3079202E+00   1.0867784E+00   1.1642082E+00   1.3051610E+00   1.2519091E+00
    1.1726977E+00   1.1409325E+00   1.1039470E+00   1.0783523E+00   1.0591637E+00
    1.0464163E+00   1.0382513E+00   1.0326984E+00   1.0288068E+00   1.0260047E+00
    1.0240276E+00   1.0226469E+00   1.0216924E+00   1.0210433E+00   1.0206144E+00
    1.0203440E+00   1.0201941E+00   1.0200991E+00   1.0200467E+00   1.0200292E+00

 2.9070855033E+02   1.9093914E+03   2.6522277E+11   1.5375631E+00   3.1966675E+07   8.1909249E+00   7.7301586E-01    33 
    8.0657441E-01   7.4413875E-01   7.5177501E-01   1.1393446E+00   1.4759666E+00
    1.2970546E+00   1.0644340E+00   1.1428070E+00   1.2598377E+00   1.2123365E+00
    1.1450493E+00   1.1163742E+00   1.0849072E+00   1.0634921E+00   1.0474583E+00
    1.0369853E+00   1.0303272E+00   1.0257922E+00   1.0226170E+00   1.0203394E+00
    1.0187341E+00   1.0176120E+00   1.0168340E+00   1.0163030E+00   1.0159502E+00
    1.0157255E+00   1.0156010E+00   1.0155224E+00   1.0154794E+00   1.0154662E+00

 2.9053626373E+02   1.7945230E+03   3.5105308E+11   1.5270413E+00   4.4996523E+07   5.7370195E+00   8.3464235E-01    34 
    6.3971172E-01   6.7828456E-01   7.1851477E-01   1.0961277E+00   1.4402922E+00
    1.2785308E+00   1.0464786E+00   1.1200613E+00   1.2141612E+00   1.1726175E+00
    1.1169267E+00   1.0919887E+00   1.0662955E+00   1.0490772E+00   1.0362876E+00
    1.0280347E+00   1.0228135E+00   1.0192580E+00   1.0167753E+00   1.0150000E+00
    1.0137491E+00   1.0128734E+00   1.0122640E+00   1.0118458E+00   1.0115658E+00
    1.0113850E+00   1.0112849E+00   1.0112217E+00   1.0111878E+00   1.0111787E+00

 2.9036295633E+02   1.6126138E+03   4.6778463E+11   1.5142570E+00   6.6671518E+07   4.0925759E+00   8.7885298E-01    35 
    4.9540792E-01   6.0876651E-01   6.8218591E-01   1.0530155E+00   1.4011645E+00
    1.2562368E+00   1.0301219E+00   1.0976331E+00   1.1723178E+00   1.1371801E+00
    1.0921371E+00   1.0712615E+00   1.0507797E+00   1.0372227E+00   1.0272250E+00
    1.0208326E+00   1.0168033E+00   1.0140597E+00   1.0121474E+00   1.0107827E+00
    1.0098205E+00   1.0091454E+00   1.0086734E+00   1.0083475E+00   1.0081273E+00
    1.0079828E+00   1.0079029E+00   1.0078526E+00   1.0078260E+00   1.0078200E+00

 2.9017791700E+02   1.3682047E+03   6.3143128E+11   1.4993879E+00   1.0594398E+08   2.9250676E+00   9.1174528E-01    36 
    3.7999338E-01   5.3808337E-01   6.4373050E-01   1.0104158E+00   1.3590765E+00
    1.2301569E+00   1.0152665E+00   1.0758597E+00   1.1344699E+00   1.1059697E+00
    1.0705855E+00   1.0538118E+00   1.0379459E+00   1.0275421E+00   1.0199201E+00
    1.0150778E+00   1.0120330E+00   1.0099597E+00   1.0085163E+00   1.0074869E+00
    1.0067601E+00   1.0062486E+00   1.0058891E+00   1.0056391E+00   1.0054682E+00
    1.0053543E+00   1.0052912E+00   1.0052516E+00   1.0052311E+00   1.0052274E+00

 2.8998336581E+02   1.0783019E+03   8.6272193E+11   1.4820566E+00   1.8329532E+08   2.0864437E+00   9.3617448E-01    37 
    2.8895401E-01   4.6677870E-01   6.0314386E-01   9.6758147E-01   1.3145330E+00
    1.2013589E+00   1.0023129E+00   1.0556795E+00   1.1014210E+00   1.0794053E+00
    1.0525082E+00   1.0395802E+00   1.0276463E+00   1.0198717E+00   1.0142047E+00
    1.0106200E+00   1.0083698E+00   1.0068368E+00   1.0057697E+00   1.0050085E+00
    1.0044698E+00   1.0040892E+00   1.0038201E+00   1.0036315E+00   1.0035012E+00
    1.0034126E+00   1.0033636E+00   1.0033328E+00   1.0033172E+00   1.0033151E+00

 2.8978556008E+02   7.9095363E+02   1.1870276E+12   1.4624230E+00   3.4263099E+08   1.4884805E+00   9.5401501E-01    38 
    2.1716103E-01   3.9747157E-01   5.6140863E-01   9.2484845E-01   1.2686556E+00
    1.1713251E+00   9.9205619E-01   1.0382848E+00   1.0740992E+00   1.0579220E+00
    1.0380930E+00   1.0284920E+00   1.0197382E+00   1.0140565E+00   1.0099271E+00
    1.0073224E+00   1.0056895E+00   1.0045760E+00   1.0038001E+00   1.0032459E+00
    1.0028526E+00   1.0025735E+00   1.0023750E+00   1.0022347E+00   1.0021366E+00
    1.0020687E+00   1.0020312E+00   1.0020076E+00   1.0019958E+00   1.0019948E+00

 2.8958746886E+02   5.5387370E+02   1.6406342E+12   1.4420188E+00   6.7227331E+08   1.0620768E+00   9.6695594E-01    39 
    1.6384434E-01   3.3551835E-01   5.2152076E-01   8.8446341E-01   1.2237361E+00
    1.1421424E+00   9.8539202E-01   1.0246309E+00   1.0527608E+00   1.0413844E+00
    1.0271270E+00   1.0201994E+00   1.0138975E+00   1.0098125E+00   1.0068468E+00
    1.0049794E+00   1.0038101E+00   1.0030114E+00   1.0024536E+00   1.0020545E+00
    1.0017704E+00   1.0015680E+00   1.0014231E+00   1.0013199E+00   1.0012469E+00
    1.0011956E+00   1.0011672E+00   1.0011493E+00   1.0011405E+00   1.0011401E+00

 2.8938854446E+02   3.8748396E+02   2.2753623E+12   1.4238177E+00   1.3194951E+09   7.5726047E-01   9.7632021E-01    40 
    1.2997177E-01   2.8675424E-01   4.8796535E-01   8.5022682E-01   1.1828537E+00
    1.1160961E+00   9.8287656E-01   1.0151730E+00   1.0370777E+00   1.0292727E+00
    1.0191583E+00   1.0142303E+00   1.0097344E+00   1.0068196E+00   1.0047044E+00
    1.0033738E+00   1.0025411E+00   1.0019713E+00   1.0015721E+00   1.0012859E+00
    1.0010816E+00   1.0009354E+00   1.0008303E+00   1.0007549E+00   1.0007010E+00
    1.0006626E+00   1.0006413E+00   1.0006278E+00   1.0006213E+00   1.0006212E+00

 2.8918676317E+02   2.8705342E+02   3.1609000E+12   1.4110700E+00   2.4350925E+09   5.3962516E-01   9.8306464E-01    41 
    1.1410874E-01   2.5416767E-01   4.6445752E-01   8.2534759E-01   1.1480386E+00
    1.0945034E+00   9.8410257E-01   1.0095748E+00   1.0262075E+00   1.0207939E+00
    1.0135917E+00   1.0100674E+00   1.0068522E+00   1.0047670E+00   1.0032552E+00
    1.0023043E+00   1.0017093E+00   1.0013015E+00   1.0010146E+00   1.0008087E+00
    1.0006614E+00   1.0005556E+00   1.0004793E+00   1.0004242E+00   1.0003846E+00
    1.0003560E+00   1.0003400E+00   1.0003300E+00   1.0003251E+00   1.0003252E+00

 2.8898064570E+02   2.4064873E+02   4.3843347E+12   1.4064396E+00   3.9378345E+09   3.8521397E-01   9.8787954E-01    42 
    1.1424460E-01   2.3817917E-01   4.5306007E-01   8.1134225E-01   1.1195388E+00
    1.0774343E+00   9.8781200E-01   1.0069067E+00   1.0190146E+00   1.0150396E+00
    1.0097998E+00   1.0072219E+00   1.0048929E+00   1.0033822E+00   1.0022900E+00
    1.0016028E+00   1.0011724E+00   1.0008773E+00   1.0006689E+00   1.0005193E+00
    1.0004121E+00   1.0003350E+00   1.0002792E+00   1.0002388E+00   1.0002096E+00
    1.0001883E+00   1.0001764E+00   1.0001688E+00   1.0001651E+00   1.0001652E+00

 2.8876335797E+02   2.5544776E+02   6.0916401E+12   1.4130951E+00   5.0267246E+09   2.7481380E-01   9.9133730E-01    43 
    1.3060342E-01   2.4012065E-01   4.5533465E-01   8.0800703E-01   1.0950250E+00
    1.0631692E+00   9.9233605E-01   1.0058128E+00   1.0140907E+00   1.0109815E+00
    1.0071167E+00   1.0052055E+00   1.0035101E+00   1.0024115E+00   1.0016213E+00
    1.0011238E+00   1.0008121E+00   1.0005985E+00   1.0004471E+00   1.0003385E+00
    1.0002608E+00   1.0002048E+00   1.0001642E+00   1.0001347E+00   1.0001133E+00
    1.0000976E+00   1.0000888E+00   1.0000832E+00   1.0000804E+00   1.0000803E+00

 2.8852208035E+02   4.2005264E+02   8.5438157E+12   1.4367954E+00   4.2411106E+09   1.9520457E-01   9.9383859E-01    44 
    1.6835163E-01   2.6694721E-01   4.7466328E-01   8.1468911E-01   1.0708800E+00
    1.0492655E+00   9.9610433E-01   1.0049941E+00   1.0102303E+00   1.0078035E+00
    1.0050245E+00   1.0036462E+00   1.0024465E+00   1.0016709E+00   1.0011167E+00
    1.0007678E+00   1.0005491E+00   1.0003995E+00   1.0002932E+00   1.0002170E+00
    1.0001626E+00   1.0001233E+00   1.0000949E+00   1.0000743E+00   1.0000593E+00
    1.0000482E+00   1.0000420E+00   1.0000380E+00   1.0000358E+00   1.0000356E+00

 2.8829309956E+02   9.8044566E+02   1.1411789E+13   1.4730291E+00   2.4547260E+09   1.4659521E-01   9.9536914E-01    45 
    2.2325679E-01   3.1505185E-01   5.0530141E-01   8.2622468E-01   1.0493197E+00
    1.0371455E+00   9.9788383E-01   1.0040080E+00   1.0074500E+00   1.0055923E+00
    1.0035825E+00   1.0025872E+00   1.0017295E+00   1.0011763E+00   1.0007828E+00
    1.0005352E+00   1.0003800E+00   1.0002741E+00   1.0001987E+00   1.0001448E+00
    1.0001062E+00   1.0000785E+00   1.0000584E+00   1.0000439E+00   1.0000333E+00
    1.0000255E+00   1.0000211E+00   1.0000182E+00   1.0000166E+00   1.0000162E+00

 2.8807426694E+02   2.7826685E+03   1.4597107E+13   1.5174197E+00   1.1300181E+09   1.1532873E-01   9.9635493E-01    46 
    2.9443958E-01   3.8048737E-01   5.4229782E-01   8.3928694E-01   1.0309752E+00
    1.0270321E+00   9.9844527E-01   1.0030139E+00   1.0054206E+00   1.0040314E+00
    1.0025741E+00   1.0018552E+00   1.0012371E+00   1.0008390E+00   1.0005567E+00
    1.0003791E+00   1.0002679E+00   1.0001921E+00   1.0001381E+00   1.0000994E+00
    1.0000719E+00   1.0000521E+00   1.0000377E+00   1.0000274E+00   1.0000199E+00
    1.0000144E+00   1.0000113E+00   1.0000092E+00   1.0000079E+00   1.0000076E+00

 2.8785386489E+02   9.1994490E+03   1.8171874E+13   1.5699742E+00   4.3487943E+08   9.3284859E-02   9.9705057E-01    47 
    3.8579784E-01   4.6506079E-01   5.8461188E-01   8.5303602E-01   1.0157012E+00
    1.0185072E+00   9.9843893E-01   1.0021212E+00   1.0038780E+00   1.0028750E+00
    1.0018333E+00   1.0013219E+00   1.0008801E+00   1.0005959E+00   1.0003944E+00
    1.0002678E+00   1.0001885E+00   1.0001346E+00   1.0000961E+00   1.0000686E+00
    1.0000490E+00   1.0000349E+00   1.0000248E+00   1.0000175E+00   1.0000122E+00
    1.0000084E+00   1.0000062E+00   1.0000047E+00   1.0000038E+00   1.0000035E+00

 2.8762372831E+02   3.5071732E+04   2.2218835E+13   1.6317356E+00   1.4197569E+08   7.6768364E-02   9.9757211E-01    48 
    5.0030413E-01   5.7127460E-01   6.3122437E-01   8.6661555E-01   1.0031555E+00
    1.0111621E+00   9.9816513E-01   1.0013354E+00   1.0026663E+00   1.0019875E+00
    1.0012696E+00   1.0009187E+00   1.0006114E+00   1.0004137E+00   1.0002734E+00
    1.0001851E+00   1.0001300E+00   1.0000925E+00   1.0000658E+00   1.0000466E+00
    1.0000329E+00   1.0000232E+00   1.0000161E+00   1.0000111E+00   1.0000075E+00
    1.0000049E+00   1.0000034E+00   1.0000024E+00   1.0000018E+00   1.0000015E+00

 2.8737715495E+02   1.5416361E+05   2.6848518E+13   1.7041414E+00   3.9517006E+07   6.3848723E-02   9.9798027E-01    49 
    6.3684339E-01   6.9989983E-01   6.8037806E-01   8.7878617E-01   9.9282608E-01
    1.0047098E+00   9.9772781E-01   1.0006093E+00   1.0016778E+00   1.0012826E+00
    1.0008261E+00   1.0006041E+00   1.0004029E+00   1.0002730E+00   1.0001802E+00
    1.0001218E+00   1.0000854E+00   1.0000607E+00   1.0000430E+00   1.0000303E+00
    1.0000212E+00   1.0000147E+00   1.0000101E+00   1.0000068E+00   1.0000045E+00
    1.0000027E+00   1.0000018E+00   1.0000011E+00   1.0000007E+00   1.0000006E+00

 2.8710833807E+02   7.7095439E+05   3.2223621E+13   1.7881732E+00   9.5558972E+06   5.3404633E-02   9.9831036E-01    50 
    7.8691108E-01   8.4506779E-01   7.3024787E-01   8.8847094E-01   9.8449467E-01
    9.9914620E-01   9.9718632E-01   9.9991153E-01   1.0008519E+00   1.0007119E+00
    1.0004708E+00   1.0003545E+00   1.0002387E+00   1.0001628E+00   1.0001076E+00
    1.0000726E+00   1.0000509E+00   1.0000362E+00   1.0000256E+00   1.0000179E+00
    1.0000124E+00   1.0000085E+00   1.0000058E+00   1.0000038E+00   1.0000024E+00
    1.0000014E+00   1.0000008E+00   1.0000004E+00   1.0000002E+00   1.0000001E+00

 2.8681232239E+02   4.2196297E+06   3.8640233E+13   1.8835963E+00   2.1020718E+06   4.4675627E-02   9.9858632E-01    51 
    9.3391694E-01   9.8606230E-01   7.8393212E-01   8.9722656E-01   9.7889126E-01
    9.9487980E-01   9.9671224E-01   9.9929750E-01   1.0001885E+00   1.0002638E+00
    1.0001937E+00   1.0001616E+00   1.0001127E+00   1.0000786E+00   1.0000522E+00
    1.0000353E+00   1.0000249E+00   1.0000178E+00   1.0000126E+00   1.0000088E+00
    1.0000061E+00   1.0000041E+00   1.0000027E+00   1.0000017E+00   1.0000011E+00
    1.0000006E+00   1.0000003E+00   1.0000000E+00   9.9999991E-01   9.9999984E-01

 2.8648550264E+02   2.4333890E+07   4.6577510E+13   1.9890829E+00   4.4024909E+05   3.7166015E-02   9.9882380E-01    52 
    1.0421030E+00   1.0790595E+00   8.5614701E-01   9.1307938E-01   9.7812205E-01
    9.9284308E-01   9.9670391E-01   9.9895213E-01   9.9976117E-01   9.9996797E-01
    1.0000090E+00   1.0000316E+00   1.0000277E+00   1.0000218E+00   1.0000149E+00
    1.0000103E+00   1.0000075E+00   1.0000055E+00   1.0000040E+00   1.0000028E+00
    1.0000019E+00   1.0000013E+00   1.0000008E+00   1.0000005E+00   1.0000003E+00
    1.0000001E+00   9.9999997E-01   9.9999987E-01   9.9999980E-01   9.9999975E-01

 2.8612658555E+02   1.4816985E+08   5.6660577E+13   2.1044460E+00   8.8033124E+04   3.0635574E-02   9.9903037E-01    53 
    1.0625387E+00   1.0813315E+00   9.5044518E-01   9.4583875E-01   9.8396486E-01
    9.9385063E-01   9.9753367E-01   9.9906795E-01   9.9965240E-01   9.9986170E-01
    9.9993572E-01   9.9997456E-01   9.9998892E-01   9.9999522E-01   9.9999744E-01
    9.9999850E-01   9.9999926E-01   9.9999975E-01   9.9999996E-01   1.0000000E+00
    1.0000000E+00   1.0000000E+00   1.0000000E+00   9.9999997E-01   9.9999994E-01
    9.9999991E-01   9.9999986E-01   9.9999982E-01   9.9999979E-01   9.9999976E-01

 2.8573694261E+02   9.0799540E+08   6.9367367E+13   2.2305523E+00   1.7593863E+04   2.5093811E-02   9.9920569E-01    54 
    1.0325366E+00   1.0407161E+00   1.0019122E+00   9.8305083E-01   9.9267709E-01
    9.9660751E-01   9.9875539E-01   9.9946780E-01   9.9976165E-01   9.9988978E-01
    9.9994288E-01   9.9997094E-01   9.9998425E-01   9.9999104E-01   9.9999450E-01
    9.9999648E-01   9.9999776E-01   9.9999862E-01   9.9999914E-01   9.9999946E-01
    9.9999965E-01   9.9999977E-01   9.9999984E-01   9.9999987E-01   9.9999988E-01
    9.9999988E-01   9.9999986E-01   9.9999984E-01   9.9999982E-01   9.9999980E-01

 2.8531955917E+02   5.2534104E+09   8.4922001E+13   2.3683575E+00   3.7226427E+03   2.0558195E-02   9.9934921E-01    55 
    1.0139664E+00   1.0179946E+00   1.0058385E+00   9.9795525E-01   9.9823700E-01
    9.9890606E-01   9.9962654E-01   9.9980154E-01   9.9989035E-01   9.9994257E-01
    9.9996785E-01   9.9998181E-01   9.9998947E-01   9.9999366E-01   9.9999604E-01
    9.9999746E-01   9.9999836E-01   9.9999896E-01   9.9999933E-01   9.9999958E-01
    9.9999973E-01   9.9999982E-01   9.9999987E-01   9.9999989E-01   9.9999990E-01
    9.9999989E-01   9.9999987E-01   9.9999986E-01   9.9999984E-01   9.9999983E-01

 2.8487726579E+02   2.8433382E+10   1.0311547E+14   2.5184768E+00   8.3429633E+02   1.6986483E-02   9.9946225E-01    56 
    1.0057614E+00   1.0079329E+00   1.0037161E+00   9.9985357E-01   9.9983484E-01
    9.9985185E-01   9.9995126E-01   9.9995443E-01   9.9996443E-01   9.9997752E-01
    9.9998597E-01   9.9999108E-01   9.9999442E-01   9.9999645E-01   9.9999773E-01
    9.9999854E-01   9.9999904E-01   9.9999938E-01   9.9999960E-01   9.9999974E-01
    9.9999983E-01   9.9999988E-01   9.9999991E-01   9.9999991E-01   9.9999990E-01
    9.9999989E-01   9.9999987E-01   9.9999986E-01   9.9999985E-01   9.9999984E-01

 2.8441056858E+02   1.4397439E+11   1.2318289E+14   2.6818315E+00   1.9589828E+02   1.4278269E-02   9.9954796E-01    57 
    1.0005734E+00   1.0016782E+00   1.0016478E+00   9.9999424E-01   1.0000351E+00
    1.0000032E+00   9.9999956E-01   9.9999309E-01   9.9999240E-01   9.9999416E-01
    9.9999586E-01   9.9999702E-01   9.9999796E-01   9.9999862E-01   9.9999908E-01
    9.9999940E-01   9.9999960E-01   9.9999973E-01   9.9999982E-01   9.9999988E-01
    9.9999991E-01   9.9999993E-01   9.9999992E-01   9.9999990E-01   9.9999988E-01
    9.9999986E-01   9.9999984E-01   9.9999983E-01   9.9999982E-01   9.9999981E-01

 2.8391582915E+02   6.7607954E+11   1.4389634E+14   2.8598810E+00   4.7807422E+01   1.2309157E-02   9.9961029E-01    58 
    9.9719466E-01   9.9783341E-01   1.0005150E+00   1.0000448E+00   1.0000471E+00
    1.0000191E+00   1.0000073E+00   1.0000021E+00   1.0000003E+00   9.9999978E-01
    9.9999967E-01   9.9999966E-01   9.9999972E-01   9.9999978E-01   9.9999984E-01
    9.9999989E-01   9.9999992E-01   9.9999994E-01   9.9999995E-01   9.9999995E-01
    9.9999993E-01   9.9999991E-01   9.9999987E-01   9.9999982E-01   9.9999978E-01
    9.9999974E-01   9.9999971E-01   9.9999969E-01   9.9999967E-01   9.9999966E-01

 2.8338254183E+02   2.8338707E+12   1.6412069E+14   3.0541731E+00   1.2111970E+01   1.0972176E-02   9.9965261E-01    59 
    9.9603466E-01   9.9665399E-01   1.0003623E+00   1.0001550E+00   1.0000701E+00
    1.0000286E+00   1.0000124E+00   1.0000057E+00   1.0000028E+00   1.0000015E+00
    1.0000008E+00   1.0000005E+00   1.0000003E+00   1.0000002E+00   1.0000001E+00
    1.0000001E+00   1.0000000E+00   9.9999999E-01   9.9999996E-01   9.9999991E-01
    9.9999984E-01   9.9999974E-01   9.9999963E-01   9.9999951E-01   9.9999940E-01
    9.9999931E-01   9.9999925E-01   9.9999921E-01   9.9999918E-01   9.9999916E-01

 2.8278820140E+02   9.5381567E+12   1.8397977E+14   3.2660307E+00   3.2128989E+00   1.0188664E-02   9.9967741E-01    60 
    9.9663463E-01   9.9727340E-01   1.0004718E+00   1.0002144E+00   1.0000813E+00
    1.0000321E+00   1.0000139E+00   1.0000066E+00   1.0000033E+00   1.0000018E+00
    1.0000010E+00   1.0000006E+00   1.0000004E+00   1.0000002E+00   1.0000001E+00
    1.0000001E+00   1.0000000E+00   9.9999994E-01   9.9999985E-01   9.9999972E-01
    9.9999953E-01   9.9999928E-01   9.9999900E-01   9.9999873E-01   9.9999850E-01
    9.9999833E-01   9.9999820E-01   9.9999812E-01   9.9999806E-01   9.9999802E-01

 2.8209028587E+02   2.2136103E+13   2.0446101E+14   3.4974970E+00   8.9702744E-01   9.7979501E-03   9.9968978E-01    61 
    9.9755663E-01   9.9817239E-01   1.0004358E+00   1.0001823E+00   1.0000653E+00
    1.0000253E+00   1.0000108E+00   1.0000051E+00   1.0000026E+00   1.0000014E+00
    1.0000008E+00   1.0000005E+00   1.0000003E+00   1.0000002E+00   1.0000001E+00
    1.0000000E+00   9.9999995E-01   9.9999986E-01   9.9999972E-01   9.9999950E-01
    9.9999920E-01   9.9999882E-01   9.9999842E-01   9.9999805E-01   9.9999776E-01
    9.9999755E-01   9.9999740E-01   9.9999730E-01   9.9999724E-01   9.9999720E-01

 2.8121896231E+02   3.5023309E+13   2.2735123E+14   3.7515044E+00   2.6461857E-01   9.3471132E-03   9.9970405E-01    62 
    9.9821048E-01   9.9877936E-01   1.0003297E+00   1.0001277E+00   1.0000442E+00
    1.0000168E+00   1.0000071E+00   1.0000033E+00   1.0000017E+00   1.0000009E+00
    1.0000005E+00   1.0000003E+00   1.0000002E+00   1.0000001E+00   1.0000000E+00
    1.0000000E+00   9.9999994E-01   9.9999986E-01   9.9999974E-01   9.9999955E-01
    9.9999929E-01   9.9999899E-01   9.9999869E-01   9.9999843E-01   9.9999823E-01
    9.9999809E-01   9.9999800E-01   9.9999794E-01   9.9999790E-01   9.9999787E-01

 2.8010617647E+02   4.5762963E+13   2.6160833E+14   4.0284815E+00   8.6099618E-02   8.3954192E-03   9.9973418E-01    63 
    9.9890534E-01   9.9927433E-01   1.0001992E+00   1.0000726E+00   1.0000245E+00
    1.0000091E+00   1.0000038E+00   1.0000018E+00   1.0000009E+00   1.0000005E+00
    1.0000003E+00   1.0000002E+00   1.0000001E+00   1.0000001E+00   1.0000000E+00
    9.9999999E-01   9.9999995E-01   9.9999990E-01   9.9999981E-01   9.9999968E-01
    9.9999952E-01   9.9999934E-01   9.9999917E-01   9.9999903E-01   9.9999894E-01
    9.9999887E-01   9.9999883E-01   9.9999880E-01   9.9999878E-01   9.9999877E-01

 2.7875085798E+02   5.8260801E+13   3.1930836E+14   4.3300214E+00   3.1703509E-02   7.0095330E-03   9.9977806E-01    64 
    9.9941973E-01   9.9968318E-01   1.0001061E+00   1.0000361E+00   1.0000119E+00
    1.0000044E+00   1.0000018E+00   1.0000008E+00   1.0000004E+00   1.0000002E+00
    1.0000001E+00   1.0000001E+00   1.0000000E+00   1.0000000E+00   1.0000000E+00
    9.9999998E-01   9.9999995E-01   9.9999991E-01   9.9999984E-01   9.9999974E-01
    9.9999962E-01   9.9999950E-01   9.9999940E-01   9.9999933E-01   9.9999928E-01
    9.9999924E-01   9.9999922E-01   9.9999921E-01   9.9999920E-01   9.9999919E-01

 2.7721384756E+02   7.6220821E+13   4.1164465E+14   4.6571748E+00   1.3189163E-02   5.5161802E-03   9.9982534E-01    65 
    9.9966707E-01   9.9989963E-01   1.0000514E+00   1.0000162E+00   1.0000052E+00
    1.0000019E+00   1.0000008E+00   1.0000004E+00   1.0000002E+00   1.0000001E+00
    1.0000001E+00   1.0000000E+00   1.0000000E+00   1.0000000E+00   9.9999999E-01
    9.9999998E-01   9.9999995E-01   9.9999990E-01   9.9999983E-01   9.9999974E-01
    9.9999964E-01   9.9999955E-01   9.9999949E-01   9.9999945E-01   9.9999942E-01
    9.9999940E-01   9.9999939E-01   9.9999938E-01   9.9999937E-01   9.9999937E-01

 2.7556295057E+02   1.0280223E+14   5.5209686E+14   5.0120284E+00   6.1002164E-03   4.1680079E-03   9.9986802E-01    66 
    9.9980288E-01   9.9998205E-01   1.0000238E+00   1.0000069E+00   1.0000022E+00
    1.0000008E+00   1.0000003E+00   1.0000001E+00   1.0000001E+00   1.0000000E+00
    1.0000000E+00   1.0000000E+00   1.0000000E+00   1.0000000E+00   9.9999999E-01
    9.9999997E-01   9.9999994E-01   9.9999989E-01   9.9999983E-01   9.9999975E-01
    9.9999969E-01   9.9999964E-01   9.9999960E-01   9.9999958E-01   9.9999957E-01
    9.9999956E-01   9.9999955E-01   9.9999955E-01   9.9999954E-01   9.9999954E-01

 2.7381702836E+02   1.4203635E+14   7.6100306E+14   5.4050474E+00   3.0380245E-03   3.0645095E-03   9.9990296E-01    67 
    9.9989746E-01   9.9999850E-01   1.0000109E+00   1.0000030E+00   1.0000009E+00
    1.0000003E+00   1.0000001E+00   1.0000001E+00   1.0000000E+00   1.0000000E+00
    1.0000000E+00   1.0000000E+00   1.0000000E+00   1.0000000E+00   9.9999999E-01
    9.9999998E-01   9.9999996E-01   9.9999993E-01   9.9999990E-01   9.9999987E-01
    9.9999985E-01   9.9999983E-01   9.9999982E-01   9.9999981E-01   9.9999981E-01
    9.9999981E-01   9.9999981E-01   9.9999980E-01   9.9999980E-01   9.9999980E-01

 2.7315454081E+02   1.6058209E+14   8.5994305E+14   5.5618648E+00   2.3815915E-03   2.7255058E-03   9.9991370E-01    68 
    9.9991984E-01   1.0000037E+00   1.0000078E+00   1.0000021E+00   1.0000006E+00
    1.0000002E+00   1.0000001E+00   1.0000000E+00   1.0000000E+00   1.0000000E+00
    1.0000000E+00   1.0000000E+00   1.0000000E+00   1.0000000E+00   9.9999999E-01
    9.9999998E-01   9.9999997E-01   9.9999995E-01   9.9999992E-01   9.9999990E-01
    9.9999989E-01   9.9999988E-01   9.9999987E-01   9.9999987E-01   9.9999987E-01
    9.9999987E-01   9.9999987E-01   9.9999987E-01   9.9999987E-01   9.9999987E-01

 2.7282224913E+02   1.7072819E+14   9.1409660E+14   5.6421690E+00   2.1163429E-03   2.5704493E-03   9.9991861E-01    69 
    9.9991428E-01   1.0000055E+00   1.0000081E+00   1.0000021E+00   1.0000006E+00
    1.0000002E+00   1.0000001E+00   1.0000000E+00   1.0000000E+00   1.0000000E+00
    1.0000000E+00   1.0000000E+00   1.0000000E+00   1.0000000E+00   9.9999999E-01
    9.9999998E-01   9.9999997E-01   9.9999995E-01   9.9999993E-01   9.9999992E-01
    9.9999990E-01   9.9999990E-01   9.9999989E-01   9.9999989E-01   9.9999989E-01
    9.9999989E-01   9.9999988E-01   9.9999988E-01   9.9999988E-01   9.9999988E-01

 2.7271153668E+02   1.7425147E+14   9.3290317E+14   5.6690567E+00   2.0332768E-03   2.5207264E-03   9.9992018E-01    70 
    9.9825664E-01   9.9964060E-01   9.9988287E-01   9.9996367E-01   9.9998872E-01
    9.9999600E-01   9.9999839E-01   9.9999927E-01   9.9999964E-01   9.9999981E-01
    9.9999990E-01   9.9999994E-01   9.9999997E-01   9.9999998E-01   9.9999998E-01
    9.9999998E-01   9.9999997E-01   9.9999995E-01   9.9999993E-01   9.9999992E-01
    9.9999991E-01   9.9999990E-01   9.9999990E-01   9.9999989E-01   9.9999989E-01
    9.9999989E-01   9.9999989E-01   9.9999989E-01   9.9999989E-01   9.9999989E-01
