
 24-FEB-2004                           !Format date

 2.4510378384E+02     1.7252E+05       70       70

 3.8512948558E+04   2.6817436E-02   1.8626249E+06   9.6294948E-01   1.5633421E+01   9.7700195E+02   5.0000000E-02     1 
    2.1654824E-24   4.2931140E-27   4.2931140E-27   4.2931140E-27   4.1272173E-27
    2.0314974E-28   2.0314974E-28   2.0314974E-28   3.8719500E-28   7.2961518E-27
    2.2419860E-17   8.0016846E-17   9.0183743E-16   2.9649634E-14   2.9649634E-14
    2.9649634E-14   1.3291998E-15   1.3291998E-15   1.3291998E-15   3.9966844E-15
    7.0698103E-13   7.0698103E-13   7.0698103E-13   3.7216293E-12   2.0884168E-11
    1.9291256E-11   1.9291256E-11   1.9291256E-11   1.6711134E-09   1.8865872E-10
    1.8865872E-10   1.8865872E-10   3.8277455E-10   1.1143318E-08   1.1143318E-08
    1.1143318E-08   7.7959433E-12   1.7012877E-10   8.2230309E-11   4.9932292E-10
    4.9932292E-10   4.9932292E-10   1.8721528E-10   1.8721528E-10   1.8721528E-10
    1.6651867E-10   1.0689597E-09   8.4103033E-10   8.4103033E-10   8.4103033E-10
    1.7725924E-11   1.7725924E-11   1.7725924E-11   1.5326110E-09   7.9018367E-03
    4.1701404E-09   4.1701404E-09   4.1701404E-09   2.9668443E-10   1.1550458E-09
    2.9443367E-07   3.4416586E-07   4.9143500E-06   9.9127028E-07   6.8362048E-07
    1.0669117E-06   2.4875338E-06   2.7845159E-06   1.8322157E-06   1.4887182E-06

 3.8149961880E+04   2.7468114E-02   1.8987960E+06   9.6328376E-01   1.5587028E+01   9.7690305E+02   5.0000000E-02     2 
    2.1888122E-24   4.4078331E-27   4.4078331E-27   4.4078331E-27   4.2285167E-27
    2.1113496E-28   2.1113496E-28   2.1113496E-28   3.9631012E-28   7.4541163E-27
    2.2717657E-17   8.1019863E-17   9.1338005E-16   2.9998931E-14   2.9998931E-14
    2.9998931E-14   1.3439427E-15   1.3439427E-15   1.3439427E-15   4.0384999E-15
    7.1311382E-13   7.1311382E-13   7.1311382E-13   3.7513476E-12   2.1047968E-11
    1.9441843E-11   1.9441843E-11   1.9441843E-11   1.6836266E-09   1.9003728E-10
    1.9003728E-10   1.9003728E-10   3.8546668E-10   1.1223989E-08   1.1223989E-08
    1.1223989E-08   7.8501495E-12   1.7133807E-10   8.2795174E-11   5.0264460E-10
    5.0264460E-10   5.0264460E-10   1.8847520E-10   1.8847520E-10   1.8847520E-10
    1.6762600E-10   1.0722705E-09   8.4629680E-10   8.4629680E-10   8.4629680E-10
    1.7837564E-11   1.7837564E-11   1.7837564E-11   1.5419518E-09   7.7995984E-03
    4.1954173E-09   4.1954173E-09   4.1954173E-09   2.9830089E-10   1.1616839E-09
    2.9576018E-07   3.4568200E-07   4.9354665E-06   9.9536298E-07   6.8646754E-07
    1.0711918E-06   2.4978342E-06   2.7960464E-06   1.8397059E-06   1.4947777E-06

 3.7433714082E+04   2.8837553E-02   1.9735611E+06   9.6384986E-01   1.5485341E+01   9.7670180E+02   5.0000000E-02     3 
    2.2119929E-24   4.6011293E-27   4.6011293E-27   4.6011293E-27   4.3996402E-27
    2.2625083E-28   2.2625083E-28   2.2625083E-28   4.1219172E-28   7.7304186E-27
    2.3230541E-17   8.2740596E-17   9.3192942E-16   3.0599307E-14   3.0599307E-14
    3.0599307E-14   1.3692609E-15   1.3692609E-15   1.3692609E-15   4.1101374E-15
    7.2361127E-13   7.2361127E-13   7.2361127E-13   3.8016952E-12   2.1327998E-11
    1.9699305E-11   1.9699305E-11   1.9699305E-11   1.7050115E-09   1.9239264E-10
    1.9239264E-10   1.9239264E-10   3.9005957E-10   1.1361808E-08   1.1361808E-08
    1.1361808E-08   7.9427220E-12   1.7340370E-10   8.3759721E-11   5.0831511E-10
    5.0831511E-10   5.0831511E-10   1.9062621E-10   1.9062621E-10   1.9062621E-10
    1.6951628E-10   1.0769857E-09   8.5528259E-10   8.5528259E-10   8.5528259E-10
    1.8028060E-11   1.8028060E-11   1.8028060E-11   1.5578901E-09   7.5849938E-03
    4.2385423E-09   4.2385423E-09   4.2385423E-09   3.0101221E-10   1.1730020E-09
    2.9801821E-07   3.4826251E-07   4.9714011E-06   1.0023219E-06   6.9131165E-07
    1.0784727E-06   2.5153589E-06   2.8156639E-06   1.8524490E-06   1.5050920E-06

 3.6043554904E+04   3.1885187E-02   2.1323363E+06   9.6477294E-01   1.5244605E+01   9.7628970E+02   5.0000000E-02     4 
    2.2067726E-24   4.9073405E-27   4.9073405E-27   4.9073405E-27   4.6731968E-27
    2.5527342E-28   2.5527342E-28   2.5527342E-28   4.3958683E-28   8.2082004E-27
    2.4090457E-17   8.5612416E-17   9.6576358E-16   3.1602597E-14   3.1602597E-14
    3.1602597E-14   1.4115087E-15   1.4115087E-15   1.4115087E-15   4.2291416E-15
    7.4103355E-13   7.4103355E-13   7.4103355E-13   3.8834699E-12   2.1791794E-11
    2.0125795E-11   2.0125795E-11   2.0125795E-11   1.7404113E-09   1.9629001E-10
    1.9629001E-10   1.9629001E-10   3.9763715E-10   1.1589820E-08   1.1589820E-08
    1.1589820E-08   8.0957818E-12   1.7682013E-10   8.5354152E-11   5.1768476E-10
    5.1768476E-10   5.1768476E-10   1.9418087E-10   1.9418087E-10   1.9418087E-10
    1.7263953E-10   1.0818003E-09   8.7011740E-10   8.7011740E-10   8.7011740E-10
    1.8342588E-11   1.8342588E-11   1.8342588E-11   1.5841999E-09   7.1473505E-03
    4.3097285E-09   4.3097285E-09   4.3097285E-09   3.0533184E-10   1.1916658E-09
    3.0173164E-07   3.5250535E-07   5.0304677E-06   1.0137242E-06   6.9927181E-07
    1.0904331E-06   2.5441542E-06   2.8478979E-06   1.8733864E-06   1.5220521E-06

 3.3417652361E+04   3.9317237E-02   2.4902170E+06   9.6620102E-01   1.4679966E+01   9.7542272E+02   5.0000000E-02     5 
    2.0929921E-24   5.3420834E-27   5.3420834E-27   5.3420834E-27   5.0729413E-27
    3.1350265E-28   3.1350265E-28   3.1350265E-28   4.8588366E-28   9.0224541E-27
    2.5480510E-17   9.0218423E-17   1.0259235E-15   3.3215991E-14   3.3215991E-14
    3.3215991E-14   1.4792927E-15   1.4792927E-15   1.4792927E-15   4.4188299E-15
    7.6874872E-13   7.6874872E-13   7.6874872E-13   4.0084928E-12   2.2527218E-11
    2.0802218E-11   2.0802218E-11   2.0802218E-11   1.7964947E-09   2.0246052E-10
    2.0246052E-10   2.0246052E-10   4.0958372E-10   1.1950729E-08   1.1950729E-08
    1.1950729E-08   8.3378225E-12   1.8222541E-10   8.7874602E-11   5.3248650E-10
    5.3248650E-10   5.3248650E-10   1.9979746E-10   1.9979746E-10   1.9979746E-10
    1.7757309E-10   1.0828887E-09   8.9352079E-10   8.9352079E-10   8.9352079E-10
    1.8838880E-11   1.8838880E-11   1.8838880E-11   1.6256926E-09   6.2994424E-03
    4.4220129E-09   4.4220129E-09   4.4220129E-09   3.1175219E-10   1.2210560E-09
    3.0755433E-07   3.5915590E-07   5.1230117E-06   1.0314928E-06   7.1173821E-07
    1.1091542E-06   2.5892439E-06   2.8983725E-06   1.9061699E-06   1.5486413E-06

 2.8718617906E+04   6.0773792E-02   3.3995188E+06   9.6843789E-01   1.3486542E+01   9.7345559E+02   5.0000000E-02     6 
    1.7523158E-24   5.9331595E-27   5.9331595E-27   5.9331595E-27   5.6683203E-27
    4.4920431E-28   4.4920431E-28   4.4920431E-28   5.6921625E-28   1.0530542E-26
    2.7811640E-17   9.7867016E-17   1.1386585E-15   3.5899815E-14   3.5899815E-14
    3.5899815E-14   1.5916502E-15   1.5916502E-15   1.5916502E-15   4.7307543E-15
    8.1408171E-13   8.1408171E-13   8.1408171E-13   4.2029907E-12   2.3724322E-11
    2.1903480E-11   2.1903480E-11   2.1903480E-11   1.8876462E-09   2.1247919E-10
    2.1247919E-10   2.1247919E-10   4.2888909E-10   1.2536489E-08   1.2536489E-08
    1.2536489E-08   8.7300786E-12   1.9099206E-10   9.1957082E-11   5.5643693E-10
    5.5643693E-10   5.5643693E-10   2.0888823E-10   2.0888823E-10   2.0888823E-10
    1.8555485E-10   1.0737514E-09   9.3130931E-10   9.3130931E-10   9.3130931E-10
    1.9640485E-11   1.9640485E-11   1.9640485E-11   1.6926238E-09   4.8373102E-03
    4.6032574E-09   4.6032574E-09   4.6032574E-09   3.2141760E-10   1.2683761E-09
    3.1686718E-07   3.6978759E-07   5.2708460E-06   1.0597346E-06   7.3163950E-07
    1.1390153E-06   2.6612074E-06   2.9789311E-06   1.9584909E-06   1.5911344E-06

 2.1426222359E+04   1.4054596E-01   6.1970363E+06   9.7212145E-01   1.1550584E+01   9.6867912E+02   5.0000000E-02     7 
    1.1770579E-24   6.9246011E-27   6.9246011E-27   6.9246011E-27   6.7943666E-27
    8.7102758E-28   8.7102758E-28   8.7102758E-28   7.4246450E-28   1.3963062E-26
    3.2096427E-17   1.1186840E-16   1.3803805E-15   4.0768785E-14   4.0768785E-14
    4.0768785E-14   1.7943292E-15   1.7943292E-15   1.7943292E-15   5.2912750E-15
    8.9412035E-13   8.9412035E-13   8.9412035E-13   4.5394323E-12   2.5822905E-11
    2.3833304E-11   2.3833304E-11   2.3833304E-11   2.0469377E-09   2.2995868E-10
    2.2995868E-10   2.2995868E-10   4.6254725E-10   1.3557813E-08   1.3557813E-08
    1.3557813E-08   9.4124264E-12   2.0626032E-10   9.9052438E-11   5.9799486E-10
    5.9799486E-10   5.9799486E-10   2.2466888E-10   2.2466888E-10   2.2466888E-10
    1.9940073E-10   1.0646992E-09   9.9665699E-10   9.9665699E-10   9.9665699E-10
    2.1027556E-11   2.1027556E-11   2.1027556E-11   1.8081026E-09   2.8729918E-03
    4.9164641E-09   4.9164641E-09   4.9164641E-09   3.3793015E-10   1.3498282E-09
    3.3272724E-07   3.8788061E-07   5.5221147E-06   1.1077009E-06   7.6543039E-07
    1.1896491E-06   2.7833404E-06   3.1156536E-06   2.0473042E-06   1.6632100E-06

 1.6017937540E+04   3.2397668E-01   1.1240385E+07   9.7589322E-01   1.0079379E+01   9.6246562E+02   5.0000000E-02     8 
    8.1431387E-25   8.2870358E-27   8.2870358E-27   8.2870358E-27   8.4622795E-27
    1.7315023E-27   1.7315023E-27   1.7315023E-27   9.8167649E-28   1.9411154E-26
    3.7127595E-17   1.2833370E-16   1.7051534E-15   4.6393842E-14   4.6393842E-14
    4.6393842E-14   2.0268201E-15   2.0268201E-15   2.0268201E-15   5.9340730E-15
    9.8351640E-13   9.8351640E-13   9.8351640E-13   4.9215231E-12   2.8146957E-11
    2.5968728E-11   2.5968728E-11   2.5968728E-11   2.2225954E-09   2.4919480E-10
    2.4919480E-10   2.4919480E-10   4.9968369E-10   1.4680876E-08   1.4680876E-08
    1.4680876E-08   1.0160647E-11   2.2302618E-10   1.0682319E-10   6.4342146E-10
    6.4342146E-10   6.4342146E-10   2.4192645E-10   2.4192645E-10   2.4192645E-10
    2.1452932E-10   1.0838607E-09   1.0677913E-09   1.0677913E-09   1.0677913E-09
    2.2538783E-11   2.2538783E-11   2.2538783E-11   1.9334246E-09   1.7161555E-03
    5.2568645E-09   5.2568645E-09   5.2568645E-09   3.5677154E-10   1.4379730E-09
    3.4966403E-07   4.0718656E-07   5.7897799E-06   1.1589655E-06   8.0138303E-07
    1.2434323E-06   2.9131973E-06   3.2610269E-06   2.1418038E-06   1.7395524E-06

 1.1986329559E+04   7.4818743E-01   2.0359800E+07   9.7992591E-01   8.9782137E+00   9.5424240E+02   5.0000000E-02     9 
    5.8870461E-25   1.0319718E-26   1.0319718E-26   1.0319718E-26   1.1158048E-26
    3.5742285E-27   3.5742285E-27   3.5742285E-27   1.3399470E-27   2.9192886E-26
    4.3329327E-17   1.4864997E-16   2.1647251E-15   5.3211578E-14   5.3211578E-14
    5.3211578E-14   2.3065249E-15   2.3065249E-15   2.3065249E-15   6.7057657E-15
    1.0881256E-12   1.0881256E-12   1.0881256E-12   5.3760803E-12   3.0842092E-11
    2.8443485E-11   2.8443485E-11   2.8443485E-11   2.4254394E-09   2.7136086E-10
    2.7136086E-10   2.7136086E-10   5.4252039E-10   1.5973885E-08   1.5973885E-08
    1.5973885E-08   1.1019768E-11   2.4230163E-10   1.1573267E-10   6.9540936E-10
    6.9540936E-10   6.9540936E-10   2.6168281E-10   2.6168281E-10   2.6168281E-10
    2.3183300E-10   1.1283560E-09   1.1488564E-09   1.1488564E-09   1.1488564E-09
    2.4263084E-11   2.4263084E-11   2.4263084E-11   2.0758419E-09   1.0313124E-03
    5.6437566E-09   5.6437566E-09   5.6437566E-09   3.7903292E-10   1.5377922E-09
    3.6858212E-07   4.2873765E-07   6.0879946E-06   1.2162039E-06   8.4139680E-07
    1.3031883E-06   3.0575741E-06   3.4226630E-06   2.2470485E-06   1.8241763E-06

 8.9779825931E+03   1.7246953E+00   3.6870513E+07   9.8440166E-01   8.2113020E+00   9.4327806E+02   5.0000000E-02    10 
    4.5430460E-25   1.3636182E-26   1.3636182E-26   1.3636182E-26   1.5812614E-26
    7.7824411E-27   7.7824411E-27   7.7824411E-27   1.9337995E-27   4.9171461E-26
    5.1357771E-17   1.7496715E-16   2.8534099E-15   6.1877624E-14   6.1877624E-14
    6.1877624E-14   2.6592461E-15   2.6592461E-15   2.6592461E-15   7.6753055E-15
    1.2161297E-12   1.2161297E-12   1.2161297E-12   5.9407895E-12   3.4107483E-11
    3.1440246E-11   3.1440246E-11   3.1440246E-11   2.6701206E-09   2.9803667E-10
    2.9803667E-10   2.9803667E-10   5.9406162E-10   1.7528454E-08   1.7528454E-08
    1.7528454E-08   1.2050037E-11   2.6544121E-10   1.2639695E-10   7.5752797E-10
    7.5752797E-10   7.5752797E-10   2.8529063E-10   2.8529063E-10   2.8529063E-10
    2.5249030E-10   1.1990290E-09   1.2452689E-09   1.2452689E-09   1.2452689E-09
    2.6317826E-11   2.6317826E-11   2.6317826E-11   2.2447624E-09   6.2532289E-04
    6.1023325E-09   6.1023325E-09   6.1023325E-09   4.0627737E-10   1.6556914E-09
    3.9059864E-07   4.5381200E-07   6.4341162E-06   1.2827361E-06   8.8780145E-07
    1.3723631E-06   3.2247314E-06   3.6098169E-06   2.3691601E-06   1.9219866E-06

 6.7443358288E+03   3.9329731E+00   6.6576485E+07   9.8943761E-01   7.7441836E+00   9.2876385E+02   5.0000000E-02    11 
    3.8060273E-25   1.9355052E-26   1.9355052E-26   1.9355052E-26   2.4541486E-26
    1.7985521E-26   1.7985521E-26   1.7985521E-26   3.0367284E-27   9.5573066E-26
    6.2071260E-17   2.1009025E-16   3.9242065E-15   7.3209754E-14   7.3209754E-14
    7.3209754E-14   3.1165091E-15   3.1165091E-15   3.1165091E-15   8.9258935E-15
    1.3765966E-12   1.3765966E-12   1.3765966E-12   6.6560766E-12   3.8155873E-11
    3.5153900E-11   3.5153900E-11   3.5153900E-11   2.9720486E-09   3.3086714E-10
    3.3086714E-10   3.3086714E-10   6.5741701E-10   1.9439529E-08   1.9439529E-08
    1.9439529E-08   1.3313821E-11   2.9384077E-10   1.3944323E-10   8.3341016E-10
    8.3341016E-10   8.3341016E-10   3.1411727E-10   3.1411727E-10   3.1411727E-10
    2.7768817E-10   1.2984706E-09   1.3623741E-09   1.3623741E-09   1.3623741E-09
    2.8822174E-11   2.8822174E-11   2.8822174E-11   2.4494207E-09   3.8472314E-04
    6.6573470E-09   6.6573470E-09   6.6573470E-09   4.4001830E-10   1.7978354E-09
    4.1671421E-07   4.8357071E-07   6.8435173E-06   1.3614691E-06   9.4266482E-07
    1.4539873E-06   3.4218274E-06   3.8305173E-06   2.5132388E-06   2.0372037E-06

 5.0905650001E+03   8.7946563E+00   1.1959900E+08   9.9502155E-01   7.5361442E+00   9.0974194E+02   5.0000000E-02    12 
    3.4622536E-25   2.9376444E-26   2.9376444E-26   2.9376444E-26   4.1379218E-26
    4.3766646E-26   4.3766646E-26   4.3766646E-26   5.3363241E-27   2.1427458E-25
    7.6415782E-17   2.5712154E-16   5.6088711E-15   8.8045413E-14   8.8045413E-14
    8.8045413E-14   3.7096466E-15   3.7096466E-15   3.7096466E-15   1.0538727E-14
    1.5770964E-12   1.5770964E-12   1.5770964E-12   7.5542215E-12   4.3152223E-11
    3.9735431E-11   3.9735431E-11   3.9735431E-11   3.3428187E-09   3.7106184E-10
    3.7106184E-10   3.7106184E-10   7.3483265E-10   2.1776120E-08   2.1776120E-08
    2.1776120E-08   1.4857229E-11   3.2850315E-10   1.5531016E-10   9.2563628E-10
    9.2563628E-10   9.2563628E-10   3.4910296E-10   3.4910296E-10   3.4910296E-10
    3.0823655E-10   1.4289065E-09   1.5036743E-09   1.5036743E-09   1.5036743E-09
    3.1860626E-11   3.1860626E-11   3.1860626E-11   2.6958308E-09   2.4091614E-04
    7.3242401E-09   7.3242401E-09   7.3242401E-09   4.8116839E-10   1.9680069E-09
    4.4742920E-07   5.1864385E-07   7.3236212E-06   1.4537320E-06   1.0069604E-06
    1.5494394E-06   3.6519868E-06   4.0882914E-06   2.6811720E-06   2.1716848E-06

 3.8644067414E+03   1.9216086E+01   2.1368290E+08   1.0012500E+00   7.5394312E+00   8.8520592E+02   5.0000000E-02    13 
    3.4329527E-25   4.7618911E-26   4.7618911E-26   4.7618911E-26   7.5691699E-26
    1.1165511E-25   1.1165511E-25   1.1165511E-25   1.0882220E-26   5.4716581E-25
    9.6105306E-17   3.2167358E-16   8.3087073E-15   1.0791003E-13   1.0791003E-13
    1.0791003E-13   4.4966327E-15   4.4966327E-15   4.4966327E-15   1.2664473E-14
    1.8321281E-12   1.8321281E-12   1.8321281E-12   8.6973221E-12   4.9421417E-11
    4.5482713E-11   4.5482713E-11   4.5482713E-11   3.8055516E-09   4.2105892E-10
    4.2105892E-10   4.2105892E-10   8.3089092E-10   2.4677809E-08   2.4677809E-08
    2.4677809E-08   1.6774756E-11   3.7146931E-10   1.7490221E-10   1.0395908E-09
    1.0395908E-09   1.0395908E-09   3.9220166E-10   3.9220166E-10   3.9220166E-10
    3.4582792E-10   1.5972753E-09   1.6767353E-09   1.6767353E-09   1.6767353E-09
    3.5606754E-11   3.5606754E-11   3.5606754E-11   2.9970588E-09   1.5403690E-04
    8.1364831E-09   8.1364831E-09   8.1364831E-09   5.3174079E-10   2.1746575E-09
    4.8402145E-07   5.6056574E-07   7.8935257E-06   1.5630867E-06   1.0830631E-06
    1.6621561E-06   3.9237913E-06   4.3928026E-06   2.8788697E-06   2.3305135E-06

 2.9509009371E+03   4.1184531E+01   3.8005728E+08   1.0085504E+00   7.7159837E+00   8.5474073E+02   5.0000000E-02    14 
    3.8250223E-25   8.4494654E-26   8.4494654E-26   8.4494654E-26   1.5443928E-25
    3.0416075E-25   3.0416075E-25   3.0416075E-25   2.6956450E-26   1.5998596E-24
    1.2529010E-16   4.1725883E-16   1.2891239E-14   1.3653760E-13   1.3653760E-13
    1.3653760E-13   5.6215011E-15   5.6215011E-15   5.6215011E-15   1.5672512E-14
    2.1789191E-12   2.1789191E-12   2.1789191E-12   1.0246782E-11   5.7815494E-11
    5.3177202E-11   5.3177202E-11   5.3177202E-11   4.4211203E-09   4.8735252E-10
    4.8735252E-10   4.8735252E-10   9.5786966E-10   2.8517718E-08   2.8517718E-08
    2.8517718E-08   1.9315561E-11   4.2821185E-10   2.0066341E-10   1.1896470E-09
    1.1896470E-09   1.1896470E-09   4.4872100E-10   4.4872100E-10   4.4872100E-10
    3.9507189E-10   1.8244959E-09   1.9024228E-09   1.9024228E-09   1.9024228E-09
    4.0523015E-11   4.0523015E-11   4.0523015E-11   3.3890708E-09   1.0124550E-04
    9.1881575E-09   9.1881575E-09   9.1881575E-09   5.9747532E-10   2.4415351E-09
    5.3028736E-07   6.1354622E-07   8.6091196E-06   1.7002579E-06   1.1781071E-06
    1.8025251E-06   4.2636802E-06   4.7737582E-06   3.1254872E-06   2.5291936E-06

 2.2648210815E+03   8.7032048E+01   6.7573103E+08   1.0174289E+00   8.0530511E+00   8.1701318E+02   5.0000000E-02    15 
    4.9521237E-25   1.6866077E-25   1.6866077E-25   1.6866077E-25   3.6311181E-25
    9.0460249E-25   9.0460249E-25   9.0460249E-25   8.3232165E-26   5.4452446E-24
    1.7209869E-16   5.7025189E-16   2.1214076E-14   1.8095720E-13   1.8095720E-13
    1.8095720E-13   7.3561775E-15   7.3561775E-15   7.3561775E-15   2.0227473E-14
    2.6813370E-12   2.6813370E-12   2.6813370E-12   1.2476364E-11   6.9756995E-11
    6.4124401E-11   6.4124401E-11   6.4124401E-11   5.2893949E-09   5.8059754E-10
    5.8059754E-10   5.8059754E-10   1.1357657E-09   3.3905270E-08   3.3905270E-08
    3.3905270E-08   2.2887263E-11   5.0763502E-10   2.3653468E-10   1.3986509E-09
    1.3986509E-09   1.3986509E-09   5.2717944E-10   5.2717944E-10   5.2717944E-10
    4.6335681E-10   2.1453986E-09   2.2137794E-09   2.2137794E-09   2.2137794E-09
    4.7361161E-11   4.7361161E-11   4.7361161E-11   3.9280504E-09   6.8792856E-05
    1.0627410E-08   1.0627410E-08   1.0627410E-08   6.8734609E-10   2.8055371E-09
    5.9187270E-07   6.8339747E-07   9.5498581E-06   1.8805135E-06   1.3025395E-06
    1.9855649E-06   4.7098978E-06   5.2741772E-06   3.4488050E-06   2.7898105E-06

 1.7482630184E+03   1.8077805E+02   1.2056399E+09   1.0291959E+00   8.5328895E+00   7.6913559E+02   5.0000000E-02    16 
    8.2165834E-25   4.1059157E-25   4.1059157E-25   4.1059157E-25   1.0547591E-24
    3.1290646E-24   3.1290646E-24   3.1290646E-24   3.3120709E-25   2.2590338E-23
    2.5992374E-16   8.5506018E-16   3.7994961E-14   2.6090331E-13   2.6090331E-13
    2.6090331E-13   1.0464085E-14   1.0464085E-14   1.0464085E-14   2.8147631E-14
    3.5106845E-12   3.5106845E-12   3.5106845E-12   1.6112267E-11   8.9022561E-11
    8.1787859E-11   8.1787859E-11   8.1787859E-11   6.6749114E-09   7.2891657E-10
    7.2891657E-10   7.2891657E-10   1.4172229E-09   4.2447142E-08   4.2447142E-08
    4.2447142E-08   2.8565773E-11   6.3318656E-10   2.9286171E-10   1.7254608E-09
    1.7254608E-09   1.7254608E-09   6.4992241E-10   6.4992241E-10   6.4992241E-10
    5.7001913E-10   2.6490182E-09   2.6959602E-09   2.6959602E-09   2.6959602E-09
    5.8078049E-11   5.8078049E-11   5.8078049E-11   4.7574447E-09   4.9303862E-05
    1.2840039E-08   1.2840039E-08   1.2840039E-08   8.2457677E-10   3.3612041E-09
    6.8300895E-07   7.8535395E-07   1.0922557E-05   2.1429034E-06   1.4837409E-06
    2.2507375E-06   5.3604641E-06   6.0041562E-06   3.9196327E-06   3.1684146E-06

 1.3611983962E+03   3.6667515E+02   2.1579782E+09   1.0456716E+00   9.1244925E+00   7.0927124E+02   5.0000000E-02    17 
    1.9906357E-24   1.3616283E-24   1.3616283E-24   1.3616283E-24   4.1208778E-24
    1.3803363E-23   1.3803363E-23   1.3803363E-23   1.7494764E-24   1.1857957E-22
    4.5587777E-16   1.4806602E-15   7.6595623E-14   4.2955979E-13   4.2955979E-13
    4.2955979E-13   1.6997927E-14   1.6997927E-14   1.6997927E-14   4.4097345E-14
    5.0682231E-12   5.0682231E-12   5.0682231E-12   2.2812980E-11   1.2410706E-10
    1.1395638E-10   1.1395638E-10   1.1395638E-10   9.1629674E-09   9.9395739E-10
    9.9395739E-10   9.9395739E-10   1.9166078E-09   5.7641132E-08   5.7641132E-08
    5.7641132E-08   3.8713788E-11   8.5567411E-10   3.9177802E-10   2.2945270E-09
    2.2945270E-09   2.2945270E-09   8.6442156E-10   8.6442156E-10   8.6442156E-10
    7.5588410E-10   3.5206758E-09   3.5246342E-09   3.5246342E-09   3.5246342E-09
    7.6808859E-11   7.6808859E-11   7.6808859E-11   6.1706813E-09   3.8418499E-05
    1.6616132E-08   1.6616132E-08   1.6616132E-08   1.0559707E-09   4.2973059E-09
    8.2987641E-07   9.4847228E-07   1.3112180E-05   2.5592617E-06   1.7719825E-06
    2.6698099E-06   6.3933951E-06   7.1637041E-06   4.6660780E-06   3.7670348E-06

 1.0734748694E+03   7.2296476E+02   3.8430639E+09   1.0689283E+00   9.8424799E+00   6.4068797E+02   5.0000001E-02    18 
    8.0886509E-24   6.9784285E-24   6.9784285E-24   6.9784285E-24   2.3887029E-23
    8.6542762E-23   8.6542762E-23   8.6542762E-23   1.2925382E-23   7.9217088E-22
    9.7854468E-16   3.1128767E-15   1.8233225E-13   8.4609119E-13   8.4609119E-13
    8.4609119E-13   3.3154349E-14   3.3154349E-14   3.3154349E-14   8.1126565E-14
    8.3486543E-12   8.3486543E-12   8.3486543E-12   3.6569332E-11   1.9495095E-10
    1.7892240E-10   1.7892240E-10   1.7892240E-10   1.4095506E-08   1.5155786E-09
    1.5155786E-09   1.5155786E-09   2.8904006E-09   8.7345715E-08   8.7345715E-08
    8.7345715E-08   5.8699354E-11   1.2885012E-09   5.8184563E-10   3.3765932E-09
    3.3765932E-09   3.3765932E-09   1.2738404E-09   1.2738404E-09   1.2738404E-09
    1.1090274E-09   5.1619184E-09   5.0703970E-09   5.0703970E-09   5.0703970E-09
    1.1251299E-10   1.1251299E-10   1.1251299E-10   8.7810752E-09   3.3601600E-05
    2.3591886E-08   2.3591886E-08   2.3591886E-08   1.4768359E-09   5.9956473E-09
    1.0802315E-06   1.2259255E-06   1.6808960E-05   3.2572270E-06   2.2561604E-06
    3.3679052E-06   8.1211370E-06   9.1045482E-06   5.9126039E-06   4.7654515E-06

 8.5689034626E+02   1.3896952E+03   6.8477203E+09   1.1031606E+00   1.0785436E+01   5.6451943E+02   5.0000006E-02    19 
    7.0891806E-23   6.9947614E-23   6.9947614E-23   6.9947614E-23   2.5166461E-22
    9.2557441E-22   9.2557441E-22   9.2557441E-22   1.6016640E-22   7.4929905E-21
    2.8418213E-15   8.7505539E-15   5.6513519E-13   2.1789545E-12   2.1789545E-12
    2.1789545E-12   8.5489818E-14   8.5489818E-14   8.5489818E-14   1.8996749E-13
    1.6753767E-11   1.6753767E-11   1.6753767E-11   7.0599284E-11   3.6609711E-10
    3.3593990E-10   3.3593990E-10   3.3593990E-10   2.5721352E-08   2.7319819E-09
    2.7319819E-09   2.7319819E-09   5.1337640E-09   1.5596606E-07   1.5596606E-07
    1.5596606E-07   1.0526565E-10   2.2813875E-09   1.0103971E-09   5.7874279E-09
    5.7874279E-09   5.7874279E-09   2.1885131E-09   2.1885131E-09   2.1885131E-09
    1.8929997E-09   8.7716291E-09   8.4214066E-09   8.4214066E-09   8.4214066E-09
    1.9192367E-10   1.9192367E-10   1.9192367E-10   1.4368023E-08   3.4429649E-05
    3.8482269E-08   3.8482269E-08   3.8482269E-08   2.3568655E-09   9.5383416E-09
    1.5598559E-06   1.7553544E-06   2.3778611E-05   4.5607193E-06   3.1612757E-06
    4.6589487E-06   1.1335606E-05   1.2719229E-05   8.2274082E-06   6.6170332E-06

 6.9500380282E+02   2.5393023E+03   1.2326329E+10   1.1529643E+00   1.1932487E+01   4.7685730E+02   5.0000119E-02    20 
    1.5726273E-21   1.5479770E-21   1.5479770E-21   1.5479770E-21   5.3867761E-21
    1.6793544E-20   1.6793544E-20   1.6793544E-20   3.5976258E-21   1.2265754E-19
    1.1982311E-14   3.5026791E-14   2.3399199E-12   7.8101442E-12   7.8101442E-12
    7.8101442E-12   3.1175623E-13   3.1175623E-13   3.1175623E-13   5.9915761E-13
    4.2879644E-11   4.2879644E-11   4.2879644E-11   1.7113589E-10   8.5655925E-10
    7.8633939E-10   7.8633939E-10   7.8633939E-10   5.7961245E-08   6.0540245E-09
    6.0540245E-09   6.0540245E-09   1.1165894E-08   3.4093569E-07   3.4093569E-07
    3.4093569E-07   2.3188271E-10   4.9319199E-09   2.1274049E-09   1.1986173E-08
    1.1986173E-08   1.1986173E-08   4.5431732E-09   4.5431732E-09   4.5431732E-09
    3.8940899E-09   1.7791772E-08   1.6711800E-08   1.6711800E-08   1.6711800E-08
    3.9517302E-10   3.9517302E-10   3.9517302E-10   2.7952759E-08   4.2940644E-05
    7.4482208E-08   7.4482208E-08   7.4482208E-08   4.4188840E-09   1.7853579E-08
    2.5638194E-06   2.8537891E-06   3.7986661E-05   7.1832935E-06   4.9842161E-06
    7.2209418E-06   1.7774854E-05   1.9971002E-05   1.2852727E-05   1.0307137E-05

 5.7526116638E+02   4.2630671E+03   2.2081187E+10   1.2194647E+00   1.2988674E+01   3.8859401E+02   5.0002250E-02    21 
    7.2967319E-20   7.0245073E-20   7.0245073E-20   7.0245073E-20   1.9376137E-19
    4.6079492E-19   4.6079492E-19   4.6079492E-19   1.1930633E-19   4.0203470E-18
    6.8283669E-14   1.8496152E-13   1.1542253E-11   3.6565254E-11   3.6565254E-11
    3.6565254E-11   1.5329397E-12   1.5329397E-12   1.5329397E-12   2.4036008E-12
    1.3350012E-10   1.3350012E-10   1.3350012E-10   4.9699688E-10   2.3914987E-09
    2.1993349E-09   2.1993349E-09   2.1993349E-09   1.5484941E-07   1.5857713E-08
    1.5857713E-08   1.5857713E-08   2.8605700E-08   8.7683453E-07   8.7683453E-07
    8.7683453E-07   6.0606748E-10   1.2522973E-08   5.2306643E-09   2.8968392E-08
    2.8968392E-08   2.8968392E-08   1.0986267E-08   1.0986267E-08   1.0986267E-08
    9.3104527E-09   4.1280413E-08   3.8307276E-08   3.8307276E-08   3.8307276E-08
    9.5215867E-10   9.5215867E-10   9.5215867E-10   6.2596214E-08   6.3619577E-05
    1.6550325E-07   1.6550325E-07   1.6550325E-07   9.4087540E-09   3.8132606E-08
    4.6881341E-06   5.1451196E-06   6.6934748E-05   1.2438566E-05   8.6460187E-06
    1.2266624E-05   3.0614014E-05   3.4464504E-05   2.2045765E-05   1.7614551E-05

 4.8622535436E+02   6.3903189E+03   3.9578517E+10   1.3176043E+00   1.3523535E+01   3.0326275E+02   5.0038685E-02    22 
    1.1520404E-17   1.1089223E-17   1.1089223E-17   1.1089223E-17   1.8696342E-17
    4.0945735E-17   4.0945735E-17   4.0945735E-17   8.6949862E-18   2.5847907E-16
    6.4868244E-13   1.5603962E-12   7.7212418E-11   2.6939646E-10   2.6939646E-10
    2.6939646E-10   1.2136490E-11   1.2136490E-11   1.2136490E-11   1.4491013E-11
    5.7910930E-10   5.7910930E-10   5.7910930E-10   1.9604607E-09   9.0031763E-09
    8.3164077E-09   8.3164077E-09   8.3164077E-09   5.5242380E-07   5.5131358E-08
    5.5131358E-08   5.5131358E-08   9.6524705E-08   2.9727037E-06   2.9727037E-06
    2.9727037E-06   2.1117722E-09   4.1764236E-08   1.6719769E-08   9.0969178E-08
    9.0969178E-08   9.0969178E-08   3.4411665E-08   3.4411665E-08   3.4411665E-08
    2.8716594E-08   1.2063127E-07   1.1211200E-07   1.1211200E-07   1.1211200E-07
    2.9638323E-09   2.9638323E-09   2.9638323E-09   1.7783091E-07   1.2313928E-04
    4.6464771E-07   4.6464771E-07   4.6464771E-07   2.4857377E-08   1.0184482E-07
    1.0273780E-05   1.1057715E-05   1.3929071E-04   2.5293535E-05   1.7638910E-05
    2.4348527E-05   6.1819519E-05   6.9761373E-05   4.4302164E-05   3.5230771E-05

 4.2028721502E+02   8.0619531E+03   7.0528173E+10   1.4341717E+00   1.3079860E+01   2.2561066E+02   5.0514843E-02    23 
    1.8124192E-15   1.6332147E-15   1.6332147E-15   1.6332147E-15   1.4040867E-15
    3.5186706E-15   3.5186706E-15   3.5186706E-15   4.4058888E-16   1.0578676E-14
    6.3277938E-12   1.3213239E-11   4.1407640E-10   2.0306646E-09   2.0306646E-09
    2.0306646E-09   8.6315724E-11   8.6315724E-11   8.6315724E-11   8.9172536E-11
    2.5511123E-09   2.5511123E-09   2.5511123E-09   7.7970500E-09   3.4332407E-08
    3.1964600E-08   3.1964600E-08   3.1964600E-08   2.0014096E-06   1.9391911E-07
    1.9391911E-07   1.9391911E-07   3.3068059E-07   1.0199068E-05   1.0199068E-05
    1.0199068E-05   7.4611372E-09   1.4117925E-07   5.4062450E-08   2.9078529E-07
    2.9078529E-07   2.9078529E-07   1.0923471E-07   1.0923471E-07   1.0923471E-07
    8.9643182E-08   3.5016084E-07   3.3298012E-07   3.3298012E-07   3.3298012E-07
    9.4361212E-09   9.4361212E-09   9.4361212E-09   5.1261804E-07   2.5098670E-04
    1.3214857E-06   1.3214857E-06   1.3214857E-06   6.5952128E-08   2.7548447E-07
    2.2854596E-05   2.4100667E-05   2.9258034E-04   5.1881200E-05   3.6336581E-05
    4.8780869E-05   1.2579849E-04   1.4237759E-04   8.9816524E-05   7.1098055E-05

 3.7255343102E+02   7.7305625E+03   1.1680903E+11   1.5394720E+00   1.2061559E+01   1.6074946E+02   5.4473390E-02    24 
    8.1284422E-14   7.2795239E-14   7.2795239E-14   7.2795239E-14   2.8267545E-14
    1.0459748E-13   1.0459748E-13   1.0459748E-13   7.9172091E-15   1.3867731E-13
    3.6912384E-11   6.8271397E-11   1.0825998E-09   9.6892701E-09   9.6892701E-09
    9.6892701E-09   3.3707234E-10   3.3707234E-10   3.3707234E-10   3.6404225E-10
    8.0342356E-09   8.0342356E-09   8.0342356E-09   2.2614070E-08   9.6600873E-08
    9.0767280E-08   9.0767280E-08   9.0767280E-08   5.4162019E-06   5.1183466E-07
    5.1183466E-07   5.1183466E-07   8.5980418E-07   2.6393817E-05   2.6393817E-05
    2.6393817E-05   1.9635599E-08   3.6248305E-07   1.3394184E-07   7.1802614E-07
    7.1802614E-07   7.1802614E-07   2.6726273E-07   2.6726273E-07   2.6726273E-07
    2.1629336E-07   7.9211834E-07   7.7544153E-07   7.7544153E-07   7.7544153E-07
    2.3674782E-08   2.3674782E-08   2.3674782E-08   1.1665945E-06   4.2496881E-04
    2.9738110E-06   2.9738110E-06   2.9738110E-06   1.3990554E-07   5.9597163E-07
    4.2690290E-05   4.4260680E-05   5.2009665E-04   9.0571795E-05   6.3688232E-05
    8.3667718E-05   2.1792094E-04   2.4760744E-04   1.5536356E-04   1.2256593E-04

 3.4085976994E+02   5.2554218E+03   1.5050784E+11   1.6021209E+00   1.1506919E+01   1.1448430E+02   7.0911906E-02    25 
    6.2445522E-13   5.5898612E-13   5.5898612E-13   5.5898612E-13   1.5388121E-13
    7.0230874E-13   7.0230874E-13   7.0230874E-13   4.4787241E-14   6.1821546E-13
    9.4449790E-11   1.6358381E-10   1.3210207E-09   2.2230207E-08   2.2230207E-08
    2.2230207E-08   6.2713899E-10   6.2713899E-10   6.2713899E-10   7.7072294E-10
    1.4811385E-08   1.4811385E-08   1.4811385E-08   3.9871746E-08   1.6758962E-07
    1.5858690E-07   1.5858690E-07   1.5858690E-07   9.1700333E-06   8.5721811E-07
    8.5721811E-07   8.5721811E-07   1.4329527E-06   4.3652321E-05   4.3652321E-05
    4.3652321E-05   3.2455484E-08   5.9928392E-07   2.1727874E-07   1.1652220E-06
    1.1652220E-06   1.1652220E-06   4.3073419E-07   4.3073419E-07   4.3073419E-07
    3.4589135E-07   1.2228475E-06   1.2185447E-06   1.2185447E-06   1.2185447E-06
    3.9844763E-08   3.9844763E-08   3.9844763E-08   1.8105417E-06   5.2905431E-04
    4.5879273E-06   4.5879273E-06   4.5879273E-06   2.0891465E-07   8.9972842E-07
    5.9738642E-05   6.1305227E-05   7.0658365E-04   1.2196263E-04   8.5970056E-05
    1.1161653E-04   2.9182119E-04   3.3289389E-04   2.0811538E-04   1.6389868E-04

 3.1860288584E+02   2.3460778E+03   1.5240669E+11   1.6282437E+00   1.1399580E+01   8.1770505E+01   1.1222635E-01    26 
    1.5375088E-12   1.3586990E-12   1.3586990E-12   1.3586990E-12   3.7291529E-13
    1.6652973E-12   1.6652973E-12   1.6652973E-12   1.1849638E-13   1.3834484E-12
    1.3656729E-10   2.2990431E-10   9.3662195E-10   3.0701651E-08   3.0701651E-08
    3.0701651E-08   7.3106338E-10   7.3106338E-10   7.3106338E-10   1.0352160E-09
    1.8861145E-08   1.8861145E-08   1.8861145E-08   4.9820747E-08   2.0826265E-07
    1.9816665E-07   1.9816665E-07   1.9816665E-07   1.1214103E-05   1.0492862E-06
    1.0492862E-06   1.0492862E-06   1.7518739E-06   5.3030332E-05   5.3030332E-05
    5.3030332E-05   3.9579916E-08   7.3078124E-07   2.6306755E-07   1.4118228E-06
    1.4118228E-06   1.4118228E-06   5.2001504E-07   5.2001504E-07   5.2001504E-07
    4.1625059E-07   1.4436074E-06   1.4581014E-06   1.4581014E-06   1.4581014E-06
    5.0598702E-08   5.0598702E-08   5.0598702E-08   2.1532192E-06   5.3111318E-04
    5.4472719E-06   5.4472719E-06   5.4472719E-06   2.4462817E-07   1.0585384E-06
    6.8246067E-05   6.9702816E-05   7.9689788E-04   1.3713616E-04   9.6783794E-05
    1.2505101E-04   3.2721093E-04   3.7442105E-04   2.3350050E-04   1.8377230E-04

 3.0219618307E+02   6.1584758E+02   1.4344945E+11   1.6308621E+00   1.1059091E+01   5.8424726E+01   1.8549993E-01    27 
    1.7357066E-12   1.5236233E-12   1.5236233E-12   1.5236233E-12   4.8368402E-13
    1.8858000E-12   1.8858000E-12   1.8858000E-12   1.7558918E-13   1.7480972E-12
    1.4118288E-10   2.3610692E-10   4.3726913E-10   3.1468065E-08   3.1468065E-08
    3.1468065E-08   6.7038859E-10   6.7038859E-10   6.7038859E-10   1.0646483E-09
    1.9323599E-08   1.9323599E-08   1.9323599E-08   5.0849827E-08   2.1276475E-07
    2.0345648E-07   2.0345648E-07   2.0345648E-07   1.1329376E-05   1.0690278E-06
    1.0690278E-06   1.0690278E-06   1.7846302E-06   5.3740777E-05   5.3740777E-05
    5.3740777E-05   4.0983982E-08   7.4524073E-07   2.6815958E-07   1.4407780E-06
    1.4407780E-06   1.4407780E-06   5.2978504E-07   5.2978504E-07   5.2978504E-07
    4.2387273E-07   1.4556896E-06   1.4871453E-06   1.4871453E-06   1.4871453E-06
    5.4288240E-08   5.4288240E-08   5.4288240E-08   2.1900501E-06   4.6979983E-04
    5.5458698E-06   5.5458698E-06   5.5458698E-06   2.4821163E-07   1.0758860E-06
    6.9231967E-05   7.0569263E-05   8.0556832E-04   1.3869228E-04   9.7948945E-05
    1.2645493E-04   3.3065015E-04   3.7922606E-04   2.3610501E-04   1.8582226E-04

 2.8958244626E+02   8.7019177E+01   1.4166783E+11   1.6194664E+00   1.2034254E+01   4.1718626E+01   2.8647467E-01    28 
    1.2846667E-12   1.1453865E-12   1.1453865E-12   1.1453865E-12   4.2606028E-13
    1.4993857E-12   1.4993857E-12   1.4993857E-12   1.8257814E-13   1.5779988E-12
    1.1993726E-10   2.0219305E-10   2.4131255E-10   2.7084280E-08   2.7084280E-08
    2.7084280E-08   5.6478585E-10   5.6478585E-10   5.6478585E-10   9.3676104E-10
    1.7425386E-08   1.7425386E-08   1.7425386E-08   4.6103690E-08   1.9374411E-07
    1.8625208E-07   1.8625208E-07   1.8625208E-07   1.0233311E-05   9.7862692E-07
    9.7862692E-07   9.7862692E-07   1.6339991E-06   4.8946476E-05   4.8946476E-05
    4.8946476E-05   3.8558532E-08   6.8423638E-07   2.4708691E-07   1.3299321E-06
    1.3299321E-06   1.3299321E-06   4.8852658E-07   4.8852658E-07   4.8852658E-07
    3.9133578E-07   1.3408035E-06   1.3812514E-06   1.3812514E-06   1.3812514E-06
    5.2764667E-08   5.2764667E-08   5.2764667E-08   2.0327842E-06   3.8635165E-04
    5.1603379E-06   5.1603379E-06   5.1603379E-06   2.3159843E-07   1.0037868E-06
    6.5575392E-05   6.6774056E-05   7.6354148E-04   1.3182849E-04   9.3148706E-05
    1.2043215E-04   3.1435573E-04   3.6119863E-04   2.2463683E-04   1.7686787E-04

 2.7946541695E+02   7.9705415E+00   1.5182237E+11   1.6017590E+00   4.4149661E+01   2.9795485E+01   4.0187611E-01    29 
    2.3432181E-12   2.1585771E-12   2.1585771E-12   2.1585771E-12   9.1379527E-13
    3.1019294E-12   3.1019294E-12   3.1019294E-12   4.6901095E-13   3.6319428E-12
    9.3818270E-11   1.5922355E-10   1.8067245E-10   2.1463983E-08   2.1463983E-08
    2.1463983E-08   4.5656398E-10   4.5656398E-10   4.5656398E-10   7.6619241E-10
    1.4796467E-08   1.4796467E-08   1.4796467E-08   3.9515339E-08   1.6707294E-07
    1.6154933E-07   1.6154933E-07   1.6154933E-07   8.7650590E-06   8.5152432E-07
    8.5152432E-07   8.5152432E-07   1.4228008E-06   4.2370543E-05   4.2370543E-05
    4.2370543E-05   3.4532205E-08   5.9776371E-07   2.1706840E-07   1.1711477E-06
    1.1711477E-06   1.1711477E-06   4.2972278E-07   4.2972278E-07   4.2972278E-07
    3.4495130E-07   1.1823675E-06   1.2275019E-06   1.2275019E-06   1.2275019E-06
    4.9010774E-08   4.9010774E-08   4.9010774E-08   1.8073575E-06   3.0792338E-04
    4.6024010E-06   4.6024010E-06   4.6024010E-06   2.0768789E-07   8.9949683E-07
    6.0182041E-05   6.1218712E-05   7.0191680E-04   1.2169177E-04   8.6035126E-05
    1.1150526E-04   2.9034326E-04   3.3418877E-04   2.0767983E-04   1.6361722E-04

 2.7006561272E+02   9.9185766E-01   1.7756994E+11   1.5859267E+00   3.0140733E+02   2.1030311E+01   5.2127963E-01    30 
    7.6969938E-12   7.4016034E-12   7.4016034E-12   7.4016034E-12   3.4936155E-12
    1.1731996E-11   1.1731996E-11   1.1731996E-11   2.1659212E-12   1.5252119E-11
    7.9418111E-11   1.3027522E-10   1.5140340E-10   1.7329778E-08   1.7329778E-08
    1.7329778E-08   3.8232293E-10   3.8232293E-10   3.8232293E-10   6.4044698E-10
    1.2756944E-08   1.2756944E-08   1.2756944E-08   3.4339067E-08   1.4595174E-07
    1.4218672E-07   1.4218672E-07   1.4218672E-07   7.5865992E-06   7.5013510E-07
    7.5013510E-07   7.5013510E-07   1.2542422E-06   3.7054514E-05   3.7054514E-05
    3.7054514E-05   3.1283203E-08   5.2842066E-07   1.9290484E-07   1.0440936E-06
    1.0440936E-06   1.0440936E-06   3.8227048E-07   3.8227048E-07   3.8227048E-07
    3.0745224E-07   1.0551084E-06   1.1033828E-06   1.1033828E-06   1.1033828E-06
    4.6395291E-08   4.6395291E-08   4.6395291E-08   1.6243738E-06   2.4563339E-04
    4.1488840E-06   4.1488840E-06   4.1488840E-06   1.8812139E-07   8.1422483E-07
    5.5774933E-05   5.6594329E-05   6.4967246E-04   1.1314806E-04   8.0066940E-05
    1.0396981E-04   2.6998013E-04   3.1143406E-04   1.9335746E-04   1.5242782E-04

 2.6109218772E+02   2.3765869E-01   2.2130890E+11   1.5864392E+00   1.0846378E+03   1.5051231E+01   6.2522099E-01    31 
    2.2626462E-11   2.2697306E-11   2.2697306E-11   2.2697306E-11   1.0690229E-11
    3.4817220E-11   3.4817220E-11   3.4817220E-11   7.8397813E-12   4.6640199E-11
    9.2043773E-11   1.3711679E-10   1.6461649E-10   1.7244731E-08   1.7244731E-08
    1.7244731E-08   3.9843665E-10   3.9843665E-10   3.9843665E-10   6.5126790E-10
    1.2857509E-08   1.2857509E-08   1.2857509E-08   3.4536125E-08   1.4662562E-07
    1.4439785E-07   1.4439785E-07   1.4439785E-07   7.4839634E-06   7.5398509E-07
    7.5398509E-07   7.5398509E-07   1.2588250E-06   3.6760469E-05   3.6760469E-05
    3.6760469E-05   3.2186330E-08   5.3060697E-07   1.9381529E-07   1.0530865E-06
    1.0530865E-06   1.0530865E-06   3.8380566E-07   3.8380566E-07   3.8380566E-07
    3.0860973E-07   1.0608430E-06   1.1137295E-06   1.1137295E-06   1.1137295E-06
    5.0104853E-08   5.0104853E-08   5.0104853E-08   1.6323638E-06   2.1239598E-04
    4.1743144E-06   4.1743144E-06   4.1743144E-06   1.8907521E-07   8.1841841E-07
    5.6372895E-05   5.6838030E-05   6.4946097E-04   1.1348038E-04   8.0425839E-05
    1.0430019E-04   2.7032258E-04   3.1271962E-04   1.9386852E-04   1.5286422E-04

 2.5894958076E+02   1.4721858E-01   2.7332561E+11   1.5787481E+00   1.3492741E+03   1.0899481E+01   7.1059830E-01    32 
    1.7169392E-11   1.7590896E-11   1.7590896E-11   1.7590896E-11   8.6417815E-12
    2.6675782E-11   2.6675782E-11   2.6675782E-11   6.9488069E-12   3.8197778E-11
    8.0328943E-11   1.2237068E-10   1.4580633E-10   1.5514196E-08   1.5514196E-08
    1.5514196E-08   3.5993131E-10   3.5993131E-10   3.5993131E-10   5.9438678E-10
    1.1944037E-08   1.1944037E-08   1.1944037E-08   3.2227386E-08   1.3717744E-07
    1.3569737E-07   1.3569737E-07   1.3569737E-07   6.9659569E-06   7.0843830E-07
    7.0843830E-07   7.0843830E-07   1.1838991E-06   3.4392126E-05   3.4392126E-05
    3.4392126E-05   3.0482278E-08   4.9933510E-07   1.8287533E-07   9.9640793E-07
    9.9640793E-07   9.9640793E-07   3.6230375E-07   3.6230375E-07   3.6230375E-07
    2.9162649E-07   1.0039230E-06   1.0581364E-06   1.0581364E-06   1.0581364E-06
    4.8766104E-08   4.8766104E-08   4.8766104E-08   1.5500308E-06   1.9135124E-04
    3.9669615E-06   3.9669615E-06   3.9669615E-06   1.8008814E-07   7.7977201E-07
    5.4492472E-05   5.4744476E-05   6.2472298E-04   1.0951479E-04   7.7692717E-05
    1.0081098E-04   2.6082694E-04   3.0192865E-04   1.8722858E-04   1.4768257E-04

 2.5866065897E+02   1.3027284E-01   3.4576765E+11   1.5674694E+00   1.2856165E+03   7.8539116E+00   7.8118385E-01    33 
    8.4986013E-12   8.7591050E-12   8.7591050E-12   8.7591050E-12   4.6500967E-12
    1.3752627E-11   1.3752627E-11   1.3752627E-11   3.9532785E-12   2.1451151E-11
    6.3455480E-11   1.0248524E-10   1.2109407E-10   1.3345176E-08   1.3345176E-08
    1.3345176E-08   3.0802728E-10   3.0802728E-10   3.0802728E-10   5.1797445E-10
    1.0698315E-08   1.0698315E-08   1.0698315E-08   2.9070019E-08   1.2425643E-07
    1.2310375E-07   1.2310375E-07   1.2310375E-07   6.3207481E-06   6.4552025E-07
    6.4552025E-07   6.4552025E-07   1.0814867E-06   3.1334450E-05   3.1334450E-05
    3.1334450E-05   2.7864397E-08   4.5627025E-07   1.6770272E-07   9.1601248E-07
    9.1601248E-07   9.1601248E-07   3.3257118E-07   3.3257118E-07   3.3257118E-07
    2.6814738E-07   9.2452984E-07   9.7779689E-07   9.7779689E-07   9.7779689E-07
    4.5261975E-08   4.5261975E-08   4.5261975E-08   1.4348538E-06   1.7553300E-04
    3.6742223E-06   3.6742223E-06   3.6742223E-06   1.6739645E-07   7.2522682E-07
    5.1659258E-05   5.1754583E-05   5.9053093E-04   1.0386593E-04   7.3746625E-05
    9.5818803E-05   2.4749185E-04   2.8644498E-04   1.7778597E-04   1.4029421E-04

 2.5853096897E+02   1.1646393E-01   4.5864347E+11   1.5561110E+00   1.1894721E+03   5.5063506E+00   8.4069868E-01    34 
    3.8609629E-12   3.9793093E-12   3.9793093E-12   3.9793093E-12   2.3038849E-12
    6.5629329E-12   6.5629329E-12   6.5629329E-12   2.0590520E-12   1.1217507E-11
    5.0679319E-11   8.5798707E-11   1.0117995E-10   1.1450611E-08   1.1450611E-08
    1.1450611E-08   2.6389043E-10   2.6389043E-10   2.6389043E-10   4.5052955E-10
    9.5619366E-09   9.5619366E-09   9.5619366E-09   2.6164985E-08   1.1231162E-07
    1.1146577E-07   1.1146577E-07   1.1146577E-07   5.7270664E-06   5.8697838E-07
    5.8697838E-07   5.8697838E-07   9.8658969E-07   2.8487852E-05   2.8487852E-05
    2.8487852E-05   2.5405882E-08   4.1610792E-07   1.5350059E-07   8.4100664E-07
    8.4100664E-07   8.4100664E-07   3.0471771E-07   3.0471771E-07   3.0471771E-07
    2.4612667E-07   8.5029736E-07   9.0212280E-07   9.0212280E-07   9.0212280E-07
    4.1870109E-08   4.1870109E-08   4.1870109E-08   1.3266216E-06   1.6147583E-04
    3.3978458E-06   3.3978458E-06   3.3978458E-06   1.5535279E-07   6.7362862E-07
    4.9033556E-05   4.8900923E-05   5.5728280E-04   9.8408215E-05   6.9957412E-05
    9.0994051E-05   2.3459266E-04   2.7146001E-04   1.6866306E-04   1.3315525E-04

 2.5839437674E+02   9.8551737E-02   6.1302371E+11   1.5422228E+00   1.0853903E+03   3.9230358E+00   8.8355036E-01    35 
    1.5472277E-12   1.5932833E-12   1.5932833E-12   1.5932833E-12   1.0302715E-12
    2.8228686E-12   2.8228686E-12   2.8228686E-12   9.7787912E-13   5.4139859E-12
    3.9469005E-11   6.9323007E-11   8.2173875E-11   9.4664291E-09   9.4664291E-09
    9.4664291E-09   2.1918336E-10   2.1918336E-10   2.1918336E-10   3.7941447E-10
    8.3192051E-09   8.3192051E-09   8.3192051E-09   2.2957214E-08   9.9056121E-08
    9.8543929E-08   9.8543929E-08   9.8543929E-08   5.0652756E-06   5.2156494E-07
    5.2156494E-07   5.2156494E-07   8.8004825E-07   2.5301089E-05   2.5301089E-05
    2.5301089E-05   2.2652969E-08   3.7109445E-07   1.3751636E-07   7.5612064E-07
    7.5612064E-07   7.5612064E-07   2.7334087E-07   2.7334087E-07   2.7334087E-07
    2.2125373E-07   7.6616563E-07   8.1596952E-07   8.1596952E-07   8.1596952E-07
    3.8003775E-08   3.8003775E-08   3.8003775E-08   1.2032164E-06   1.4559437E-04
    3.0830195E-06   3.0830195E-06   3.0830195E-06   1.4159018E-07   6.1445259E-07
    4.5977060E-05   4.5567676E-05   5.1840370E-04   9.2016235E-05   6.5523904E-05
    8.5328407E-05   2.1948063E-04   2.5392745E-04   1.5795876E-04   1.2477710E-04

 2.5824859109E+02   7.6617921E-02   8.2810749E+11   1.5268917E+00   1.0067294E+03   2.8059078E+00   9.1517494E-01    36 
    5.8346580E-13   5.9969513E-13   5.9969513E-13   5.9969513E-13   4.4031615E-13
    1.1616888E-12   1.1616888E-12   1.1616888E-12   4.4670372E-13   2.5402076E-12
    3.0370392E-11   5.4822478E-11   6.5682765E-11   7.6420082E-09   7.6420082E-09
    7.6420082E-09   1.7862276E-10   1.7862276E-10   1.7862276E-10   3.1311829E-10
    7.1147859E-09   7.1147859E-09   7.1147859E-09   1.9817297E-08   8.6004966E-08
    8.5841306E-08   8.5841306E-08   8.5841306E-08   4.4099523E-06   4.5664663E-07
    4.5664663E-07   4.5664663E-07   7.7391974E-07   2.2125415E-05   2.2125415E-05
    2.2125415E-05   1.9911698E-08   3.2625479E-07   1.2151687E-07   6.7089249E-07
    6.7089249E-07   6.7089249E-07   2.4189553E-07   2.4189553E-07   2.4189553E-07
    1.9625886E-07   6.8149452E-07   7.2876786E-07   7.2876786E-07   7.2876786E-07
    3.4100634E-08   3.4100634E-08   3.4100634E-08   1.0781226E-06   1.2949084E-04
    2.7638246E-06   2.7638246E-06   2.7638246E-06   1.2756481E-07   5.5403071E-07
    4.2853742E-05   4.2103754E-05   4.7753376E-04   8.5320557E-05   6.0900435E-05
    7.9380645E-05   2.0363015E-04   2.3555562E-04   1.4672406E-04   1.1598560E-04

 2.5809605204E+02   5.2186248E-02   1.1318065E+12   1.5098511E+00   9.7622877E+02   2.0028853E+00   9.3864616E-01    37 
    2.0966902E-13   2.1502183E-13   2.1502183E-13   2.1502183E-13   1.8256110E-13
    4.6355782E-13   4.6355782E-13   4.6355782E-13   1.9961742E-13   1.1770400E-12
    2.2841596E-11   4.2164439E-11   5.1269246E-11   5.9922338E-09   5.9922338E-09
    5.9922338E-09   1.4197821E-10   1.4197821E-10   1.4197821E-10   2.5203018E-10
    5.9583480E-09   5.9583480E-09   5.9583480E-09   1.6770651E-08   7.3259693E-08
    7.3453570E-08   7.3453570E-08   7.3453570E-08   3.7658192E-06   3.9268680E-07
    3.9268680E-07   3.9268680E-07   6.6888123E-07   1.8983668E-05   1.8983668E-05
    1.8983668E-05   1.7195806E-08   2.8188526E-07   1.0559806E-07   5.8583753E-07
    5.8583753E-07   5.8583753E-07   2.1056521E-07   2.1056521E-07   2.1056521E-07
    1.7127987E-07   5.9671459E-07   6.4092049E-07   6.4092049E-07   6.4092049E-07
    3.0174592E-08   3.0174592E-08   3.0174592E-08   9.5185938E-07   1.1324280E-04
    2.4415132E-06   2.4415132E-06   2.4415132E-06   1.1332259E-07   4.9258335E-07
    3.9676684E-05   3.8509299E-05   4.3452623E-04   7.8306460E-05   5.6081660E-05
    7.3135629E-05   1.8700427E-04   2.1629340E-04   1.3493387E-04   1.0675883E-04

 2.5794072451E+02   2.9049181E-02   1.5587791E+12   1.4911789E+00   1.0465148E+03   1.4285231E+00   9.5582357E-01    38 
    7.6083868E-14   7.7861758E-14   7.7861758E-14   7.7861758E-14   7.7707617E-14
    1.8992498E-13   1.8992498E-13   1.8992498E-13   9.2394981E-14   5.6960952E-13
    1.6717623E-11   3.1493488E-11   3.8976822E-11   4.5598713E-09   4.5598713E-09
    4.5598713E-09   1.0991493E-10   1.0991493E-10   1.0991493E-10   1.9772392E-10
    4.8837741E-09   4.8837741E-09   4.8837741E-09   1.3907117E-08   6.1194312E-08
    6.1740677E-08   6.1740677E-08   6.1740677E-08   3.1517446E-06   3.3153650E-07
    3.3153650E-07   3.3153650E-07   5.6793214E-07   1.5967070E-05   1.5967070E-05
    1.5967070E-05   1.4579786E-08   2.3925303E-07   9.0207608E-08   5.0340288E-07
    5.0340288E-07   5.0340288E-07   1.8022631E-07   1.8022631E-07   1.8022631E-07
    1.4700967E-07   5.1417387E-07   5.5482881E-07   5.5482881E-07   5.5482881E-07
    2.6330676E-08   2.6330676E-08   2.6330676E-08   8.2780850E-07   9.7282335E-05
    2.1245115E-06   2.1245115E-06   2.1245115E-06   9.9231606E-08   4.3175124E-07
    3.6537437E-05   3.4864587E-05   3.9021860E-04   7.1117998E-05   5.1171281E-05
    6.6720246E-05   1.6994262E-04   1.9652744E-04   1.2283496E-04   9.7285065E-05

 2.5778435347E+02   1.1839123E-02   2.1572608E+12   1.4724920E+00   1.4039002E+03   1.0186112E+00   9.6828544E-01    39 
    3.3707668E-14   3.4423722E-14   3.4423722E-14   3.4423722E-14   4.0431486E-14
    9.5558658E-14   9.5558658E-14   9.5558658E-14   5.2468365E-14   3.3910673E-13
    1.2183466E-11   2.3387849E-11   2.9482635E-11   3.4432175E-09   3.4432175E-09
    3.4432175E-09   8.4601477E-11   8.4601477E-11   8.4601477E-11   1.5426436E-10
    3.9829612E-09   3.9829612E-09   3.9829612E-09   1.1477291E-08   5.0876086E-08
    5.1768679E-08   5.1768679E-08   5.1768679E-08   2.6218301E-06   2.7868062E-07
    2.7868062E-07   2.7868062E-07   4.8029505E-07   1.3339085E-05   1.3339085E-05
    1.3339085E-05   1.2295015E-08   2.0220565E-07   7.6745721E-08   4.3132206E-07
    4.3132206E-07   4.3132206E-07   1.5364017E-07   1.5364017E-07   1.5364017E-07
    1.2566574E-07   4.4156517E-07   4.7853323E-07   4.7853323E-07   4.7853323E-07
    2.2946315E-08   2.2946315E-08   2.2946315E-08   7.1758941E-07   8.2955155E-05
    1.8421116E-06   1.8421116E-06   1.8421116E-06   8.6598620E-08   3.7727005E-07
    3.3822953E-05   3.1524827E-05   3.4842791E-04   6.4426868E-05   4.6653106E-05
    6.0740614E-05   1.5402629E-04   1.7808195E-04   1.1156671E-04   8.8456753E-05

 2.5762585201E+02   2.9253813E-03   2.9980057E+12   1.4568766E+00   3.0200112E+03   7.2531445E-01   9.7730714E-01    40 
    2.6710995E-14   2.7212676E-14   2.7212676E-14   2.7212676E-14   3.6495347E-14
    8.4606397E-14   8.4606397E-14   8.4606397E-14   5.1303384E-14   3.4488713E-13
    9.3218864E-12   1.8173647E-11   2.3269021E-11   2.7047128E-09   2.7047128E-09
    2.7047128E-09   6.7676621E-11   6.7676621E-11   6.7676621E-11   1.2490993E-10
    3.3466979E-09   3.3466979E-09   3.3466979E-09   9.7408859E-09   4.3443449E-08
    4.4715989E-08   4.4715989E-08   4.4715989E-08   2.2335592E-06   2.4021198E-07
    2.4021198E-07   2.4021198E-07   4.1647306E-07   1.1384730E-05   1.1384730E-05
    1.1384730E-05   1.0602601E-08   1.7511031E-07   6.6842550E-08   3.7874887E-07
    3.7874887E-07   3.7874887E-07   1.3404221E-07   1.3404221E-07   1.3404221E-07
    1.0987409E-07   3.8812422E-07   4.2185386E-07   4.2185386E-07   4.2185386E-07
    2.0503773E-08   2.0503773E-08   2.0503773E-08   6.3565569E-07   7.1817345E-05
    1.6309137E-06   1.6309137E-06   1.6309137E-06   7.7091670E-08   3.3643954E-07
    3.2125262E-05   2.9004370E-05   3.1443804E-04   5.9211098E-05   4.3246797E-05
    5.6092982E-05   1.4155835E-04   1.6361592E-04   1.0279393E-04   8.1587360E-05

 2.5746452334E+02   3.4355648E-04   4.1680219E+12   1.4477925E+00   1.4775312E+04   5.1707969E-01   9.8376612E-01    41 
    6.3256242E-14   6.4254306E-14   6.4254306E-14   6.4254306E-14   9.2181998E-14
    2.1448389E-13   2.1448389E-13   2.1448389E-13   1.3748789E-13   9.4195473E-13
    8.0418304E-12   1.5793288E-11   2.0362606E-11   2.3387373E-09   2.3387373E-09
    2.3387373E-09   5.9404775E-11   5.9404775E-11   5.9404775E-11   1.1055901E-10
    3.0213984E-09   3.0213984E-09   3.0213984E-09   8.8438423E-09   3.9568548E-08
    4.1347961E-08   4.1347961E-08   4.1347961E-08   2.0195653E-06   2.1998169E-07
    2.1998169E-07   2.1998169E-07   3.8337895E-07   1.0269103E-05   1.0269103E-05
    1.0269103E-05   9.6682453E-09   1.6082185E-07   6.1605142E-08   3.5216397E-07
    3.5216397E-07   3.5216397E-07   1.2364984E-07   1.2364984E-07   1.2364984E-07
    1.0145731E-07   3.6044527E-07   3.9191883E-07   3.9191883E-07   3.9191883E-07
    1.9386069E-08   1.9386069E-08   1.9386069E-08   5.9278624E-07   6.4840182E-05
    1.5181836E-06   1.5181836E-06   1.5181836E-06   7.1993125E-08   3.1487836E-07
    3.2039160E-05   2.7763062E-05   2.9251105E-04   5.6336683E-05   4.1616812E-05
    5.3588094E-05   1.3457711E-04   1.5548021E-04   9.8004306E-05   7.7858576E-05

 2.5729768658E+02   1.6373200E-05   5.7935076E+12   1.4478837E+00   2.1591421E+05   3.6907462E-01   9.8838423E-01    42 
    6.6771413E-13   6.7595556E-13   6.7595556E-13   6.7595556E-13   9.5832103E-13
    2.2799112E-12   2.2799112E-12   2.2799112E-12   1.4716745E-12   9.9632162E-12
    9.2771080E-12   1.7529365E-11   2.1881815E-11   2.3279827E-09   2.3279827E-09
    2.3279827E-09   6.0718467E-11   6.0718467E-11   6.0718467E-11   1.1283438E-10
    3.0336120E-09   3.0336120E-09   3.0336120E-09   8.8674132E-09   3.9609583E-08
    4.2206993E-08   4.2206993E-08   4.2206993E-08   1.9926362E-06   2.2011982E-07
    2.2011982E-07   2.2011982E-07   3.8508275E-07   1.0048945E-05   1.0048945E-05
    1.0048945E-05   9.5757434E-09   1.6095940E-07   6.1679534E-08   3.5582054E-07
    3.5582054E-07   3.5582054E-07   1.2376056E-07   1.2376056E-07   1.2376056E-07
    1.0147786E-07   3.6268237E-07   3.9311760E-07   3.9311760E-07   3.9311760E-07
    1.9896375E-08   1.9896375E-08   1.9896375E-08   5.9583466E-07   6.2251235E-05
    1.5207049E-06   1.5207049E-06   1.5207049E-06   7.2122858E-08   3.1619409E-07
    3.4150894E-05   2.8139477E-05   2.8473868E-04   5.6386347E-05   4.2269495E-05
    5.3791957E-05   1.3443265E-04   1.5522470E-04   9.8216297E-05   7.8086762E-05

 2.5712001317E+02   3.4053697E-07   8.0693866E+12   1.4604792E+00   1.0337883E+07   2.6340406E-01   9.9169538E-01    43 
    3.9700009E-11   4.0053238E-11   4.0053238E-11   4.0053238E-11   5.3212446E-11
    1.2683254E-10   1.2683254E-10   1.2683254E-10   8.0933856E-11   5.1838829E-10
    8.1185928E-11   1.1076964E-10   1.0533872E-10   2.8808129E-09   2.8808129E-09
    2.8808129E-09   1.4160001E-10   1.4160001E-10   1.4160001E-10   2.2559134E-10
    3.7516339E-09   3.7516339E-09   3.7516339E-09   1.0497317E-08   4.5200458E-08
    4.9368149E-08   4.9368149E-08   4.9368149E-08   2.2135845E-06   2.4857929E-07
    2.4857929E-07   2.4857929E-07   4.3608855E-07   1.0984434E-05   1.0984434E-05
    1.0984434E-05   1.0778217E-08   1.8120145E-07   6.9206234E-08   4.0267667E-07
    4.0267667E-07   4.0267667E-07   1.3861565E-07   1.3861565E-07   1.3861565E-07
    1.1326668E-07   4.0709789E-07   4.3802376E-07   4.3802376E-07   4.3802376E-07
    2.3039692E-08   2.3039692E-08   2.3039692E-08   6.6312477E-07   6.4863609E-05
    1.6830127E-06   1.6830127E-06   1.6830127E-06   8.0259818E-08   3.4958382E-07
    3.9663741E-05   3.0808606E-05   2.9495212E-04   6.0454484E-05   4.6175772E-05
    5.7750894E-05   1.4362263E-04   1.6571696E-04   1.0532681E-04   8.3782361E-05

 2.5692298320E+02   4.6690928E-09   1.1304377E+13   1.4907539E+00   1.3544436E+09   1.8774134E-01   9.9407342E-01    44 
    1.3344636E-08   1.3423569E-08   1.3423569E-08   1.3423569E-08   1.6511801E-08
    3.6701531E-08   3.6701531E-08   3.6701531E-08   2.3723522E-08   1.3516866E-07
    2.0834643E-08   2.4908467E-08   2.2904625E-08   2.7477408E-08   2.7477408E-08
    2.7477408E-08   2.0673615E-08   2.0673615E-08   2.0673615E-08   2.5377137E-08
    6.8187249E-08   6.8187249E-08   6.8187249E-08   9.7011738E-08   9.4542191E-08
    1.0314776E-07   1.0314776E-07   1.0314776E-07   2.9857464E-06   3.6704433E-07
    3.6704433E-07   3.6704433E-07   7.6671008E-07   1.3983293E-05   1.3983293E-05
    1.3983293E-05   5.6390086E-08   2.7535141E-07   1.1761541E-07   5.9378192E-07
    5.9378192E-07   5.9378192E-07   2.3780972E-07   2.3780972E-07   2.3780972E-07
    1.8161390E-07   5.8682141E-07   6.6358299E-07   6.6358299E-07   6.6358299E-07
    8.8252313E-08   8.8252313E-08   8.8252313E-08   8.7378434E-07   7.5279416E-05
    2.2197442E-06   2.2197442E-06   2.2197442E-06   2.8874682E-07   5.0136961E-07
    5.1479455E-05   3.7437919E-05   3.3251702E-04   7.1171146E-05   5.5651641E-05
    6.7904407E-05   1.6797355E-04   1.9368913E-04   1.2377968E-04   9.8457939E-05

 2.5673735022E+02   7.2857045E-11   1.5027881E+13   1.5327507E+00   2.4821749E+11   1.4164514E-01   9.9552514E-01    45 
    9.9853052E-06   1.0025189E-05   1.0025189E-05   1.0025189E-05   1.1634466E-05
    2.2937563E-05   2.2937563E-05   2.2937563E-05   1.5449715E-05   7.5356917E-05
    1.3993959E-05   1.5858239E-05   1.4976299E-05   1.4898122E-05   1.4898122E-05
    1.4898122E-05   1.3860951E-05   1.3860951E-05   1.3860951E-05   1.6019375E-05
    3.5626897E-05   3.5626897E-05   3.5626897E-05   4.4579425E-05   2.0675938E-05
    2.1214112E-05   2.1214112E-05   2.1214112E-05   6.0786701E-05   2.2896226E-05
    2.2896226E-05   2.2896226E-05   1.0287264E-04   5.1909745E-05   5.1909745E-05
    5.1909745E-05   2.5016123E-05   2.2068554E-05   1.7370845E-05   3.7047687E-05
    3.7047687E-05   3.7047687E-05   3.3118049E-05   3.3118049E-05   3.3118049E-05
    2.1229259E-05   3.4130110E-05   5.6256652E-05   5.6256652E-05   5.6256652E-05
    3.2659792E-05   3.2659792E-05   3.2659792E-05   1.8487829E-05   1.3400264E-04
    5.4390605E-05   5.4390605E-05   5.4390605E-05   9.5776960E-05   3.5290098E-05
    1.0103238E-04   7.2019372E-05   4.2936065E-04   1.2747209E-04   1.0180380E-04
    1.0370677E-04   2.3354984E-04   2.8700723E-04   1.8321434E-04   1.4095887E-04

 2.5655891761E+02   1.6018048E-12   1.9166833E+13   1.5831633E+00   4.3298117E+13   1.1158218E-01   9.9647313E-01    46 
    9.2486596E-03   9.2744646E-03   9.2744646E-03   9.2744646E-03   1.0334105E-02
    1.7769086E-02   1.7769086E-02   1.7769086E-02   1.2662663E-02   5.1487862E-02
    1.1975798E-02   1.3084174E-02   1.2558239E-02   1.2297076E-02   1.2297076E-02
    1.2297076E-02   1.1897112E-02   1.1897112E-02   1.1897112E-02   1.3204845E-02
    2.5441542E-02   2.5441542E-02   2.5441542E-02   3.0523891E-02   1.6269634E-02
    1.6584779E-02   1.6584779E-02   1.6584779E-02   3.8683375E-02   1.7308467E-02
    1.7308467E-02   1.7308467E-02   6.8678325E-02   2.4376509E-02   2.4376509E-02
    2.4376509E-02   1.8866957E-02   1.6486419E-02   1.3991286E-02   2.6078167E-02
    2.6078167E-02   2.6078167E-02   2.3716247E-02   2.3716247E-02   2.3716247E-02
    1.6040922E-02   2.3998058E-02   3.7537988E-02   3.7537988E-02   3.7537988E-02
    2.3406272E-02   2.3406272E-02   2.3406272E-02   1.4004846E-02   2.8811886E-02
    3.7276819E-02   3.7276819E-02   3.7276819E-02   6.0941607E-02   2.4762059E-02
    2.2477220E-02   1.8124931E-02   2.4499966E-02   2.7315992E-02   2.2669415E-02
    1.5587010E-02   1.9588401E-02   3.4714208E-02   2.1985407E-02   1.5265569E-02

 2.5637825846E+02   1.4979282E-12   2.3835318E+13   1.6426080E+00   2.2395109E+14   9.0159470E-02   9.9714924E-01    47 
    3.1591511E-01   3.1655727E-01   3.1655727E-01   3.1655727E-01   3.4320022E-01
    5.1367745E-01   5.1367745E-01   5.1367745E-01   3.9072931E-01   1.2885806E+00
    3.8535798E-01   4.1138741E-01   3.9842115E-01   3.8551639E-01   3.8551639E-01
    3.8551639E-01   3.8420197E-01   3.8420197E-01   3.8420197E-01   4.1498293E-01
    6.8861253E-01   6.8861253E-01   6.8861253E-01   7.9496941E-01   4.9023011E-01
    4.9546687E-01   4.9546687E-01   4.9546687E-01   9.9139451E-01   5.1001480E-01
    5.1001480E-01   5.1001480E-01   1.7232985E+00   6.8587530E-01   6.8587530E-01
    6.8587530E-01   5.4511789E-01   4.8011901E-01   4.3359295E-01   7.0910798E-01
    7.0910798E-01   7.0910798E-01   6.5340963E-01   6.5340963E-01   6.5340963E-01
    4.6999227E-01   6.4403818E-01   9.4965186E-01   9.4965186E-01   9.4965186E-01
    6.3858126E-01   6.3858126E-01   6.3858126E-01   4.3302219E-01   7.5297141E-01
    1.0294340E+00   1.0294340E+00   1.0294340E+00   1.4530093E+00   6.7562576E-01
    6.0728991E-01   5.1944935E-01   6.3985312E-01   7.0982193E-01   6.1080535E-01
    4.6464813E-01   5.3541835E-01   9.2482721E-01   6.0158969E-01   4.5579964E-01

 2.5618907044E+02   4.8541106E-11   2.9154632E+13   1.7123082E+00   3.9672837E+13   7.4016518E-02   9.9765903E-01    48 
    4.4901735E-01   4.4973035E-01   4.4973035E-01   4.4973035E-01   4.7916746E-01
    6.2970016E-01   6.2970016E-01   6.2970016E-01   5.1345688E-01   1.3358788E+00
    5.2374616E-01   5.5217880E-01   5.3710221E-01   5.1479230E-01   5.1479230E-01
    5.1479230E-01   5.2434886E-01   5.2434886E-01   5.2434886E-01   5.5673085E-01
    7.9964387E-01   7.9964387E-01   7.9964387E-01   8.9017286E-01   6.3224638E-01
    6.3284583E-01   6.3284583E-01   6.3284583E-01   1.0786409E+00   6.4513242E-01
    6.4513242E-01   6.4513242E-01   1.8211898E+00   8.2486481E-01   8.2486481E-01
    8.2486481E-01   6.7853924E-01   6.0445689E-01   5.7486700E-01   8.2549268E-01
    8.2549268E-01   8.2549268E-01   7.7706503E-01   7.7706503E-01   7.7706503E-01
    5.9532492E-01   7.3108273E-01   1.0170361E+00   1.0170361E+00   1.0170361E+00
    7.4948674E-01   7.4948674E-01   7.4948674E-01   5.7351860E-01   8.4402877E-01
    1.2197814E+00   1.2197814E+00   1.2197814E+00   1.4613674E+00   7.9594217E-01
    7.0453483E-01   6.4248134E-01   7.3484527E-01   7.9179299E-01   7.0174427E-01
    5.9991038E-01   6.4809532E-01   1.0724077E+00   7.1782980E-01   5.9294289E-01

 2.5598630709E+02   2.1628462E-09   3.5305093E+13   1.7932680E+00   5.5200745E+12   6.1326570E-02   9.9805998E-01    49 
    5.8657591E-01   5.8738252E-01   5.8738252E-01   5.8738252E-01   6.1909145E-01
    7.2676234E-01   7.2676234E-01   7.2676234E-01   6.3458809E-01   1.2738448E+00
    6.6097121E-01   6.9338319E-01   6.7562743E-01   6.4275959E-01   6.4275959E-01
    6.4275959E-01   6.6455050E-01   6.6455050E-01   6.6455050E-01   6.9842759E-01
    8.8145811E-01   8.8145811E-01   8.8145811E-01   9.4853368E-01   7.6586405E-01
    7.5972749E-01   7.5972749E-01   7.5972749E-01   1.1037771E+00   7.6999782E-01
    7.6999782E-01   7.6999782E-01   1.7952249E+00   9.3482056E-01   9.3482056E-01
    9.3482056E-01   8.0001942E-01   7.2296662E-01   7.1416500E-01   9.0984388E-01
    9.0984388E-01   9.0984388E-01   8.7345431E-01   8.7345431E-01   8.7345431E-01
    7.1604140E-01   7.8216069E-01   1.0268172E+00   1.0268172E+00   1.0268172E+00
    8.3618373E-01   8.3618373E-01   8.3618373E-01   7.1237331E-01   8.9795940E-01
    1.3566492E+00   1.3566492E+00   1.3566492E+00   1.3707777E+00   8.9335256E-01
    7.7542914E-01   7.5195706E-01   8.0430560E-01   8.3963459E-01   7.6227010E-01
    7.3043019E-01   7.5536118E-01   1.1781061E+00   8.1638319E-01   7.2830522E-01

 2.5576581830E+02   1.0702015E-07   4.2598749E+13   1.8854078E+00   6.7114935E+11   5.0964184E-02   9.9838750E-01    50 
    7.2988208E-01   7.3084475E-01   7.3084475E-01   7.3084475E-01   7.6440059E-01
    8.2026821E-01   8.2026821E-01   8.2026821E-01   7.6011474E-01   1.1695754E+00
    7.9889816E-01   8.3692764E-01   8.1604164E-01   7.7323403E-01   7.7323403E-01
    7.7323403E-01   8.0628054E-01   8.0628054E-01   8.0628054E-01   8.4178416E-01
    9.5518367E-01   9.5518367E-01   9.5518367E-01   9.9598726E-01   8.9620938E-01
    8.8358681E-01   8.8358681E-01   8.8358681E-01   1.1078364E+00   8.9312470E-01
    8.9312470E-01   8.9312470E-01   1.7201157E+00   1.0326529E+00   1.0326529E+00
    1.0326529E+00   9.2000931E-01   8.4243821E-01   8.5392097E-01   9.8342727E-01
    9.8342727E-01   9.8342727E-01   9.4751765E-01   9.4751765E-01   9.4751765E-01
    8.3832483E-01   8.2494001E-01   1.0241924E+00   1.0241924E+00   1.0241924E+00
    9.1681735E-01   9.1681735E-01   9.1681735E-01   8.5189642E-01   9.4311126E-01
    1.4543347E+00   1.4543347E+00   1.4543347E+00   1.2479916E+00   9.8468967E-01
    8.4153028E-01   8.5791084E-01   8.6880985E-01   8.8212512E-01   8.1699016E-01
    8.6085716E-01   8.6866299E-01   1.2615154E+00   9.1258246E-01   8.6548342E-01

 2.5552453137E+02   5.1336387E-06   5.1539284E+13   1.9876556E+00   7.6960092E+10   4.2223618E-02   9.9866386E-01    51 
    8.5725424E-01   8.5842152E-01   8.5842152E-01   8.5842152E-01   8.9235109E-01
    8.9810472E-01   8.9810472E-01   8.9810472E-01   8.6631012E-01   1.0377042E+00
    9.1566256E-01   9.5832888E-01   9.3441093E-01   8.8671574E-01   8.8671574E-01
    8.8671574E-01   9.2663501E-01   9.2663501E-01   9.2663501E-01   9.6266345E-01
    1.0093194E+00   1.0093194E+00   1.0093194E+00   1.0187922E+00   1.0010291E+00
    9.8408937E-01   9.8408937E-01   9.8408937E-01   1.0920230E+00   9.9377444E-01
    9.9377444E-01   9.9377444E-01   1.6034675E+00   1.1015774E+00   1.1015774E+00
    1.1015774E+00   1.0176810E+00   9.3784559E-01   9.7046459E-01   1.0345397E+00
    1.0345397E+00   1.0345397E+00   9.8713070E-01   9.8713070E-01   9.8713070E-01
    9.3678267E-01   8.6405300E-01   1.0191490E+00   1.0191490E+00   1.0191490E+00
    9.7893975E-01   9.7893975E-01   9.7893975E-01   9.6806864E-01   9.7542514E-01
    1.4882388E+00   1.4882388E+00   1.4882388E+00   1.1038144E+00   1.0490792E+00
    8.9879743E-01   9.4415822E-01   9.2222983E-01   9.1800642E-01   8.6715455E-01
    9.6871724E-01   9.6273914E-01   1.3031897E+00   9.9185342E-01   9.7919021E-01

 2.5526097279E+02   2.3253871E-04   6.2765583E+13   2.0997019E+00   8.5735445E+09   3.4750546E-02   9.9890020E-01    52 
    9.3352799E-01   9.3480980E-01   9.3480980E-01   9.3480980E-01   9.6545020E-01
    9.4766194E-01   9.4766194E-01   9.4766194E-01   9.1580419E-01   8.7994220E-01
    9.7763968E-01   1.0191537E+00   9.9427856E-01   9.5224457E-01   9.5224457E-01
    9.5224457E-01   9.9029972E-01   9.9029972E-01   9.9029972E-01   1.0229891E+00
    1.0316319E+00   1.0316319E+00   1.0316319E+00   9.9129718E-01   1.0450760E+00
    1.0286138E+00   1.0286138E+00   1.0286138E+00   1.0507579E+00   1.0383326E+00
    1.0383326E+00   1.0383326E+00   1.4375088E+00   1.1129835E+00   1.1129835E+00
    1.1129835E+00   1.0589504E+00   9.7191756E-01   1.0266092E+00   1.0497179E+00
    1.0497179E+00   1.0497179E+00   9.9227757E-01   9.9227757E-01   9.9227757E-01
    9.7361464E-01   9.0469895E-01   1.0189816E+00   1.0189816E+00   1.0189816E+00
    1.0105658E+00   1.0105658E+00   1.0105658E+00   1.0240681E+00   9.8638999E-01
    1.4292428E+00   1.4292428E+00   1.4292428E+00   9.3732127E-01   1.0523212E+00
    9.4070798E-01   9.8667470E-01   9.5616893E-01   9.3987862E-01   9.1344085E-01
    1.0197558E+00   9.9641357E-01   1.2736685E+00   1.0306056E+00   1.0305168E+00

 2.5497547992E+02   9.9138457E-03   7.6889026E+13   2.2223241E+00   9.5332053E+08   2.8432810E-02   9.9910005E-01    53 
    9.5679406E-01   9.5788682E-01   9.5788682E-01   9.5788682E-01   9.8054115E-01
    9.7768774E-01   9.7768774E-01   9.7768774E-01   9.1921436E-01   7.3842012E-01
    9.8671038E-01   1.0186628E+00   9.9621968E-01   9.6976556E-01   9.6976556E-01
    9.6976556E-01   9.9760875E-01   9.9760875E-01   9.9760875E-01   1.0214266E+00
    1.0332723E+00   1.0332723E+00   1.0332723E+00   9.3535007E-01   1.0310490E+00
    1.0203188E+00   1.0203188E+00   1.0203188E+00   1.0046845E+00   1.0294999E+00
    1.0294999E+00   1.0294999E+00   1.2590838E+00   1.0766680E+00   1.0766680E+00
    1.0766680E+00   1.0467480E+00   9.5835685E-01   1.0224322E+00   1.0411481E+00
    1.0411481E+00   1.0411481E+00   9.8354029E-01   9.8354029E-01   9.8354029E-01
    9.6146123E-01   9.3969988E-01   1.0206402E+00   1.0206402E+00   1.0206402E+00
    1.0219302E+00   1.0219302E+00   1.0219302E+00   1.0201803E+00   9.7850850E-01
    1.3083927E+00   1.3083927E+00   1.3083927E+00   7.8908357E-01   1.0119721E+00
    9.6544396E-01   9.8775878E-01   9.7208030E-01   9.4623221E-01   9.4910695E-01
    1.0147257E+00   9.8006004E-01   1.1925298E+00   1.0296192E+00   1.0217038E+00

 2.5466985573E+02   3.8221217E-01   9.4215513E+13   2.3564582E+00   1.1181424E+08   2.3260038E-02   9.9926372E-01    54 
    9.7165442E-01   9.7228273E-01   9.7228273E-01   9.7228273E-01   9.8403625E-01
    9.9199985E-01   9.9199985E-01   9.9199985E-01   9.4596882E-01   7.0559595E-01
    9.9127178E-01   1.0085197E+00   9.9243023E-01   9.7989471E-01   9.7989471E-01
    9.7989471E-01   9.9786988E-01   9.9786988E-01   9.9786988E-01   1.0085356E+00
    1.0241018E+00   1.0241018E+00   1.0241018E+00   9.2576422E-01   1.0121389E+00
    1.0080561E+00   1.0080561E+00   1.0080561E+00   9.8139176E-01   1.0160025E+00
    1.0160025E+00   1.0160025E+00   1.1354145E+00   1.0449841E+00   1.0449841E+00
    1.0449841E+00   1.0309183E+00   9.7097872E-01   1.0100236E+00   1.0257396E+00
    1.0257396E+00   1.0257396E+00   9.7431922E-01   9.7431922E-01   9.7431922E-01
    9.7300026E-01   9.6557675E-01   1.0210843E+00   1.0210843E+00   1.0210843E+00
    1.0200066E+00   1.0200066E+00   1.0200066E+00   1.0083857E+00   9.7765983E-01
    1.2033388E+00   1.2033388E+00   1.2033388E+00   7.4922550E-01   1.0030751E+00
    9.8133178E-01   9.8632226E-01   9.8392060E-01   9.5766424E-01   9.7344063E-01
    1.0032059E+00   9.8420408E-01   1.1234541E+00   1.0239263E+00   1.0100747E+00

 2.5434618866E+02   1.3132689E+01   1.1470292E+14   2.5026227E+00   1.4039718E+07   1.9156270E-02   9.9939358E-01    55 
    9.8341411E-01   9.8359846E-01   9.8359846E-01   9.8359846E-01   9.8726433E-01
    9.9868876E-01   9.9868876E-01   9.9868876E-01   9.7888381E-01   8.5084347E-01
    9.9568744E-01   1.0021204E+00   9.9472538E-01   9.8797975E-01   9.8797975E-01
    9.8797975E-01   9.9839342E-01   9.9839342E-01   9.9839342E-01   9.9751537E-01
    1.0134764E+00   1.0134764E+00   1.0134764E+00   9.6378818E-01   1.0008207E+00
    9.9947026E-01   9.9947026E-01   9.9947026E-01   9.7822123E-01   1.0061826E+00
    1.0061826E+00   1.0061826E+00   1.0634384E+00   1.0235844E+00   1.0235844E+00
    1.0235844E+00   1.0190853E+00   9.9300101E-01   1.0023694E+00   1.0124821E+00
    1.0124821E+00   1.0124821E+00   9.7357422E-01   9.7357422E-01   9.7357422E-01
    9.9318391E-01   9.8382612E-01   1.0174646E+00   1.0174646E+00   1.0174646E+00
    1.0146311E+00   1.0146311E+00   1.0146311E+00   1.0017928E+00   9.9035083E-01
    1.1236068E+00   1.1236068E+00   1.1236068E+00   8.7607509E-01   1.0095280E+00
    9.9088175E-01   9.9207782E-01   9.9213632E-01   9.7966977E-01   9.8759482E-01
    9.9885954E-01   9.9702402E-01   1.0731498E+00   1.0180307E+00   1.0043731E+00

 2.5400551299E+02   3.9802265E+02   1.3774925E+14   2.6615804E+00   1.8881865E+06   1.6003902E-02   9.9949334E-01    56 
    9.9069550E-01   9.9069866E-01   9.9069866E-01   9.9069866E-01   9.9168155E-01
    1.0004274E+00   1.0004274E+00   1.0004274E+00   9.9037840E-01   9.5244422E-01
    9.9838046E-01   1.0006332E+00   9.9757851E-01   9.9346950E-01   9.9346950E-01
    9.9346950E-01   9.9866225E-01   9.9866225E-01   9.9866225E-01   9.9238438E-01
    1.0047017E+00   1.0047017E+00   1.0047017E+00   9.8656924E-01   9.9674099E-01
    9.9483947E-01   9.9483947E-01   9.9483947E-01   9.8468269E-01   1.0008834E+00
    1.0008834E+00   1.0008834E+00   1.0219693E+00   1.0103797E+00   1.0103797E+00
    1.0103797E+00   1.0117422E+00   9.9750839E-01   1.0000679E+00   1.0033491E+00
    1.0033491E+00   1.0033491E+00   9.7897372E-01   9.7897372E-01   9.7897372E-01
    9.9702938E-01   9.9389021E-01   1.0122993E+00   1.0122993E+00   1.0122993E+00
    1.0089171E+00   1.0089171E+00   1.0089171E+00   1.0001098E+00   9.9795918E-01
    1.0652862E+00   1.0652862E+00   1.0652862E+00   9.6330245E-01   1.0051552E+00
    9.9648414E-01   9.9723672E-01   9.9738537E-01   9.9295314E-01   9.9549881E-01
    9.9872904E-01   9.9757602E-01   1.0376882E+00   1.0123120E+00   1.0008225E+00

 2.5364649552E+02   1.0352302E+04   1.6220996E+14   2.8347143E+00   2.7056412E+05   1.3663622E-02   9.9956742E-01    57 
    9.9408756E-01   9.9407075E-01   9.9407075E-01   9.9407075E-01   9.9434599E-01
    9.9796132E-01   9.9796132E-01   9.9796132E-01   9.9458998E-01   9.8966040E-01
    1.0000230E+00   1.0001836E+00   9.9955116E-01   9.9700291E-01   9.9700291E-01
    9.9700291E-01   9.9894394E-01   9.9894394E-01   9.9894394E-01   9.9202133E-01
    9.9822432E-01   9.9822432E-01   9.9822432E-01   9.9583274E-01   9.9494743E-01
    9.9282950E-01   9.9282950E-01   9.9282950E-01   9.9084300E-01   9.9869886E-01
    9.9869886E-01   9.9869886E-01   1.0012102E+00   1.0024492E+00   1.0024492E+00
    1.0024492E+00   1.0080941E+00   9.9826121E-01   9.9962192E-01   9.9751718E-01
    9.9751718E-01   9.9751718E-01   9.8426128E-01   9.8426128E-01   9.8426128E-01
    9.9768182E-01   9.9831549E-01   1.0070702E+00   1.0070702E+00   1.0070702E+00
    1.0028938E+00   1.0028938E+00   1.0028938E+00   1.0003539E+00   1.0007715E+00
    1.0233814E+00   1.0233814E+00   1.0233814E+00   9.9412255E-01   1.0010787E+00
    9.9933329E-01   9.9997538E-01   1.0001039E+00   9.9867250E-01   9.9947342E-01
    9.9959906E-01   9.9672413E-01   1.0128350E+00   1.0070202E+00   9.9983714E-01

 2.5326392092E+02   2.1198979E+05   1.8677992E+14   3.0235660E+00   4.1269369E+04   1.2011783E-02   9.9961970E-01    58 
    9.9549801E-01   9.9549119E-01   9.9549119E-01   9.9549119E-01   9.9556091E-01
    9.9642598E-01   9.9642598E-01   9.9642598E-01   9.9571541E-01   9.9554300E-01
    1.0006287E+00   9.9981884E-01   9.9983215E-01   9.9940137E-01   9.9940137E-01
    9.9940137E-01   1.0005408E+00   1.0005408E+00   1.0005408E+00   9.9493480E-01
    9.9663029E-01   9.9663029E-01   9.9663029E-01   9.9806375E-01   9.9334498E-01
    9.9336514E-01   9.9336514E-01   9.9336514E-01   9.9554353E-01   9.9785887E-01
    9.9785887E-01   9.9785887E-01   9.9432089E-01   9.9783492E-01   9.9783492E-01
    9.9783492E-01   1.0055305E+00   9.9836234E-01   9.9975379E-01   9.9650095E-01
    9.9650095E-01   9.9650095E-01   9.9006066E-01   9.9006066E-01   9.9006066E-01
    9.9825509E-01   9.9930665E-01   1.0019582E+00   1.0019582E+00   1.0019582E+00
    1.0002203E+00   1.0002203E+00   1.0002203E+00   1.0009728E+00   1.0012707E+00
    9.9405953E-01   9.9405953E-01   9.9405953E-01   9.9853750E-01   9.9811096E-01
    1.0005823E+00   1.0007172E+00   1.0010248E+00   1.0002964E+00   1.0007523E+00
    1.0002603E+00   9.9617141E-01   9.9580608E-01   1.0026939E+00   1.0003060E+00

 2.5284580367E+02   2.9503796E+06   2.1128589E+14   3.2296921E+00   6.7493223E+03   1.0949987E-02   9.9965331E-01    59 
    9.9632922E-01   9.9632705E-01   9.9632705E-01   9.9632705E-01   9.9634598E-01
    9.9653873E-01   9.9653873E-01   9.9653873E-01   9.9640033E-01   9.9630643E-01
    1.0009286E+00   9.9943593E-01   9.9995098E-01   1.0014099E+00   1.0014099E+00
    1.0014099E+00   1.0022849E+00   1.0022849E+00   1.0022849E+00   9.9833800E-01
    9.9778331E-01   9.9778331E-01   9.9778331E-01   9.9904131E-01   9.9432151E-01
    9.9608807E-01   9.9608807E-01   9.9608807E-01   9.9910334E-01   9.9753612E-01
    9.9753612E-01   9.9753612E-01   9.9456947E-01   9.9597497E-01   9.9597497E-01
    9.9597497E-01   1.0000666E+00   9.9905149E-01   9.9927739E-01   9.9788015E-01
    9.9788015E-01   9.9788015E-01   9.9583115E-01   9.9583115E-01   9.9583115E-01
    1.0012568E+00   9.9882563E-01   9.9795841E-01   9.9795841E-01   9.9795841E-01
    9.9984793E-01   9.9984793E-01   9.9984793E-01   1.0012277E+00   1.0011887E+00
    9.8173570E-01   9.8173570E-01   9.8173570E-01   9.9899462E-01   9.9504987E-01
    1.0007963E+00   1.0004789E+00   1.0009171E+00   1.0004791E+00   1.0006017E+00
    1.0005718E+00   9.9722652E-01   9.8872625E-01   9.9982023E-01   1.0008566E+00

 2.5236848945E+02   2.6092202E+07   2.3656566E+14   3.4543780E+00   1.1972156E+03   1.0369384E-02   9.9967169E-01    60 
    9.9679226E-01   9.9679143E-01   9.9679143E-01   9.9679143E-01   9.9679812E-01
    9.9685253E-01   9.9685253E-01   9.9685253E-01   9.9681585E-01   9.9675391E-01
    1.0019799E+00   9.9968850E-01   1.0003239E+00   1.0030382E+00   1.0030382E+00
    1.0030382E+00   1.0029943E+00   1.0029943E+00   1.0029943E+00   1.0005774E+00
    9.9858002E-01   9.9858002E-01   9.9858002E-01   9.9971110E-01   9.9657968E-01
    9.9819885E-01   9.9819885E-01   9.9819885E-01   1.0005177E+00   9.9734589E-01
    9.9734589E-01   9.9734589E-01   9.9541643E-01   9.9705276E-01   9.9705276E-01
    9.9705276E-01   9.9382112E-01   9.9961306E-01   9.9830889E-01   9.9886657E-01
    9.9886657E-01   9.9886657E-01   9.9846169E-01   9.9846169E-01   9.9846169E-01
    1.0016002E+00   9.9840693E-01   9.9691351E-01   9.9691351E-01   9.9691351E-01
    9.9963645E-01   9.9963645E-01   9.9963645E-01   1.0007833E+00   1.0007386E+00
    9.8894054E-01   9.8894054E-01   9.8894054E-01   9.9920502E-01   9.9221486E-01
    1.0006586E+00   9.9986739E-01   1.0007485E+00   1.0001741E+00   1.0003183E+00
    1.0005710E+00   9.9763197E-01   9.9307865E-01   9.9973231E-01   1.0008810E+00

 2.5179002090E+02   1.6831174E+08   2.6370423E+14   3.7009715E+00   2.2918790E+02   9.9084068E-03   9.9968629E-01    61 
    9.9711478E-01   9.9711434E-01   9.9711434E-01   9.9711434E-01   9.9711743E-01
    9.9713707E-01   9.9713707E-01   9.9713707E-01   9.9712332E-01   9.9709947E-01
    1.0022939E+00   1.0000966E+00   1.0006064E+00   1.0027466E+00   1.0027466E+00
    1.0027466E+00   1.0024515E+00   1.0024515E+00   1.0024515E+00   1.0015695E+00
    9.9859697E-01   9.9859697E-01   9.9859697E-01   9.9963248E-01   9.9806972E-01
    9.9832260E-01   9.9832260E-01   9.9832260E-01   1.0003135E+00   9.9702625E-01
    9.9702625E-01   9.9702625E-01   9.9548016E-01   9.9812813E-01   9.9812813E-01
    9.9812813E-01   9.9194533E-01   9.9985217E-01   9.9761478E-01   9.9904612E-01
    9.9904612E-01   9.9904612E-01   9.9908347E-01   9.9908347E-01   9.9908347E-01
    9.9800514E-01   9.9859430E-01   9.9810482E-01   9.9810482E-01   9.9810482E-01
    9.9930626E-01   9.9930626E-01   9.9930626E-01   1.0002352E+00   1.0002840E+00
    9.9648199E-01   9.9648199E-01   9.9648199E-01   9.9947103E-01   9.9277398E-01
    1.0003140E+00   9.9954961E-01   1.0004909E+00   9.9995087E-01   1.0000459E+00
    1.0004488E+00   9.9669513E-01   9.9754081E-01   1.0001263E+00   1.0005030E+00

 2.5105691671E+02   9.0046696E+08   2.9936149E+14   3.9699778E+00   4.9022660E+01   9.0749369E-03   9.9971267E-01    62 
    9.9805981E-01   9.9805957E-01   9.9805957E-01   9.9805957E-01   9.9806102E-01
    9.9806835E-01   9.9806835E-01   9.9806835E-01   9.9806308E-01   9.9805116E-01
    1.0011540E+00   9.9993860E-01   1.0001346E+00   1.0012666E+00   1.0012666E+00
    1.0012666E+00   1.0011983E+00   1.0011983E+00   1.0011983E+00   1.0007249E+00
    9.9887723E-01   9.9887723E-01   9.9887723E-01   9.9915439E-01   9.9884092E-01
    9.9852341E-01   9.9852341E-01   9.9852341E-01   9.9971690E-01   9.9770356E-01
    9.9770356E-01   9.9770356E-01   9.9672897E-01   9.9878434E-01   9.9878434E-01
    9.9878434E-01   9.9539163E-01   9.9941680E-01   9.9806832E-01   9.9924504E-01
    9.9924504E-01   9.9924504E-01   9.9925604E-01   9.9925604E-01   9.9925604E-01
    9.9822774E-01   9.9907096E-01   9.9914782E-01   9.9914782E-01   9.9914782E-01
    9.9918554E-01   9.9918554E-01   9.9918554E-01   9.9972523E-01   9.9994821E-01
    9.9877914E-01   9.9877914E-01   9.9877914E-01   9.9956055E-01   9.9642669E-01
    1.0000073E+00   9.9952046E-01   1.0001414E+00   9.9981846E-01   9.9987746E-01
    1.0000396E+00   9.9802744E-01   9.9898873E-01   9.9992337E-01   9.9997231E-01

 2.5014486927E+02   4.0869699E+09   3.5731097E+14   4.2628593E+00   1.2106531E+01   7.7596627E-03   9.9975431E-01    63 
    9.9897353E-01   9.9897341E-01   9.9897341E-01   9.9897341E-01   9.9897400E-01
    9.9897655E-01   9.9897655E-01   9.9897655E-01   9.9897470E-01   9.9896835E-01
    1.0003261E+00   9.9990135E-01   9.9986489E-01   1.0003658E+00   1.0003658E+00
    1.0003658E+00   1.0003416E+00   1.0003416E+00   1.0003416E+00   1.0000550E+00
    9.9947458E-01   9.9947458E-01   9.9947458E-01   9.9941831E-01   9.9942338E-01
    9.9925722E-01   9.9925722E-01   9.9925722E-01   9.9963395E-01   9.9895159E-01
    9.9895159E-01   9.9895159E-01   9.9867841E-01   9.9942746E-01   9.9942746E-01
    9.9942746E-01   9.9828637E-01   9.9950607E-01   9.9910460E-01   9.9958887E-01
    9.9958887E-01   9.9958887E-01   9.9953777E-01   9.9953777E-01   9.9953777E-01
    9.9936773E-01   9.9951324E-01   9.9963105E-01   9.9963105E-01   9.9963105E-01
    9.9944078E-01   9.9944078E-01   9.9944078E-01   9.9961398E-01   9.9985562E-01
    9.9956333E-01   9.9956333E-01   9.9956333E-01   9.9992428E-01   9.9882947E-01
    9.9989996E-01   9.9967896E-01   9.9995454E-01   9.9981234E-01   9.9984878E-01
    9.9984355E-01   9.9930848E-01   9.9959145E-01   9.9984004E-01   9.9979431E-01

 2.4907895991E+02   1.4628329E+10   4.5051994E+14   4.5814117E+00   3.4624202E+00   6.2370537E-03   9.9980251E-01    64 
    9.9947513E-01   9.9947506E-01   9.9947506E-01   9.9947506E-01   9.9947528E-01
    9.9947618E-01   9.9947618E-01   9.9947618E-01   9.9947549E-01   9.9947203E-01
    1.0000464E+00   9.9992029E-01   9.9981120E-01   1.0000628E+00   1.0000628E+00
    1.0000628E+00   1.0000488E+00   1.0000488E+00   1.0000488E+00   9.9983817E-01
    9.9985707E-01   9.9985707E-01   9.9985707E-01   9.9968686E-01   9.9972749E-01
    9.9975708E-01   9.9975708E-01   9.9975708E-01   9.9975838E-01   9.9967851E-01
    9.9967851E-01   9.9967851E-01   9.9953956E-01   9.9979881E-01   9.9979881E-01
    9.9979881E-01   9.9942804E-01   9.9972676E-01   9.9961995E-01   9.9980734E-01
    9.9980734E-01   9.9980734E-01   9.9977908E-01   9.9977908E-01   9.9977908E-01
    9.9962222E-01   9.9972681E-01   9.9982883E-01   9.9982883E-01   9.9982883E-01
    9.9963523E-01   9.9963523E-01   9.9963523E-01   9.9964040E-01   9.9986798E-01
    9.9983588E-01   9.9983588E-01   9.9983588E-01   1.0001199E+00   9.9961705E-01
    9.9990263E-01   9.9980269E-01   9.9991805E-01   9.9985720E-01   9.9988714E-01
    9.9982553E-01   9.9968790E-01   9.9984523E-01   9.9989102E-01   9.9978498E-01

 2.4790286243E+02   3.7457017E+10   5.9380658E+14   4.9272097E+00   1.1339548E+00   4.7861628E-03   9.9984845E-01    65 
    9.9971956E-01   9.9971950E-01   9.9971950E-01   9.9971950E-01   9.9971961E-01
    9.9971999E-01   9.9971999E-01   9.9971999E-01   9.9971966E-01   9.9971678E-01
    9.9997908E-01   9.9990878E-01   9.9981285E-01   9.9998712E-01   9.9998712E-01
    9.9998712E-01   9.9998361E-01   9.9998361E-01   9.9998361E-01   9.9979566E-01
    9.9999535E-01   9.9999535E-01   9.9999535E-01   9.9980498E-01   9.9983851E-01
    9.9995016E-01   9.9995016E-01   9.9995016E-01   9.9986286E-01   9.9993771E-01
    9.9993771E-01   9.9993771E-01   9.9977465E-01   9.9994255E-01   9.9994255E-01
    9.9994255E-01   9.9978330E-01   9.9983372E-01   9.9978403E-01   9.9990136E-01
    9.9990136E-01   9.9990136E-01   9.9992112E-01   9.9992112E-01   9.9992112E-01
    9.9967337E-01   9.9980357E-01   9.9990495E-01   9.9990495E-01   9.9990495E-01
    9.9972315E-01   9.9972315E-01   9.9972315E-01   9.9969006E-01   9.9992011E-01
    9.9992083E-01   9.9992083E-01   9.9992083E-01   1.0001040E+00   9.9981439E-01
    9.9993027E-01   9.9988857E-01   9.9993425E-01   9.9992450E-01   9.9992489E-01
    9.9986793E-01   9.9979558E-01   9.9993078E-01   9.9993469E-01   9.9982719E-01

 2.4662281099E+02   7.0400741E+10   8.1186080E+14   5.3132361E+00   4.0605036E-01   3.5401934E-03   9.9988790E-01    66 
    9.9986148E-01   9.9986144E-01   9.9986144E-01   9.9986144E-01   9.9986156E-01
    9.9986157E-01   9.9986157E-01   9.9986157E-01   9.9986150E-01   9.9985845E-01
    9.9997045E-01   9.9988994E-01   9.9982188E-01   9.9997568E-01   9.9997568E-01
    9.9997568E-01   9.9997595E-01   9.9997595E-01   9.9997595E-01   9.9979096E-01
    1.0000167E+00   1.0000167E+00   1.0000167E+00   9.9985010E-01   9.9987188E-01
    9.9999539E-01   9.9999539E-01   9.9999539E-01   9.9989604E-01   1.0000030E+00
    1.0000030E+00   1.0000030E+00   9.9984296E-01   9.9997947E-01   9.9997947E-01
    9.9997947E-01   9.9988731E-01   9.9987004E-01   9.9983523E-01   9.9992997E-01
    9.9992997E-01   9.9992997E-01   9.9999133E-01   9.9999133E-01   9.9999133E-01
    9.9969610E-01   9.9984276E-01   9.9992870E-01   9.9992870E-01   9.9992870E-01
    9.9975638E-01   9.9975638E-01   9.9975638E-01   9.9973973E-01   9.9996086E-01
    9.9994312E-01   9.9994312E-01   9.9994312E-01   1.0000378E+00   9.9987257E-01
    9.9994623E-01   9.9994289E-01   9.9994680E-01   9.9997179E-01   9.9994242E-01
    9.9990406E-01   9.9983982E-01   9.9995171E-01   9.9995009E-01   9.9986375E-01

 2.4579166555E+02   9.2679384E+10   9.9592577E+14   5.5756656E+00   2.2273962E-01   2.9063435E-03   9.9990797E-01    67 
    9.9991925E-01   9.9991924E-01   9.9991924E-01   9.9991924E-01   9.9991938E-01
    9.9991896E-01   9.9991896E-01   9.9991896E-01   9.9991921E-01   9.9991600E-01
    9.9997625E-01   9.9988813E-01   9.9983371E-01   9.9998008E-01   9.9998008E-01
    9.9998008E-01   9.9998082E-01   9.9998082E-01   9.9998082E-01   9.9979642E-01
    1.0000201E+00   1.0000201E+00   1.0000201E+00   9.9987044E-01   9.9988794E-01
    1.0000071E+00   1.0000071E+00   1.0000071E+00   9.9991040E-01   1.0000198E+00
    1.0000198E+00   1.0000198E+00   9.9987220E-01   9.9999080E-01   9.9999080E-01
    9.9999080E-01   9.9992029E-01   9.9988666E-01   9.9985646E-01   9.9994178E-01
    9.9994178E-01   9.9994178E-01   1.0000222E+00   1.0000222E+00   1.0000222E+00
    9.9971264E-01   9.9986946E-01   9.9993919E-01   9.9993919E-01   9.9993919E-01
    9.9977860E-01   9.9977860E-01   9.9977860E-01   9.9977486E-01   9.9997885E-01
    9.9995238E-01   9.9995238E-01   9.9995238E-01   1.0000168E+00   9.9989578E-01
    9.9995534E-01   9.9996633E-01   9.9995521E-01   9.9999050E-01   9.9995212E-01
    9.9992221E-01   9.9986061E-01   9.9995987E-01   9.9995794E-01   9.9988358E-01

 2.4537958515E+02   1.0330992E+11   1.1015807E+15   5.7099679E+00   1.6792911E-01   2.6367104E-03   9.9991651E-01    68 
    9.9993989E-01   9.9993992E-01   9.9993992E-01   9.9993992E-01   9.9994007E-01
    9.9993938E-01   9.9993938E-01   9.9993938E-01   9.9993984E-01   9.9993654E-01
    9.9998005E-01   9.9988907E-01   9.9983995E-01   9.9998323E-01   9.9998323E-01
    9.9998323E-01   9.9998386E-01   9.9998386E-01   9.9998386E-01   9.9979968E-01
    1.0000208E+00   1.0000208E+00   1.0000208E+00   9.9987862E-01   9.9989469E-01
    1.0000107E+00   1.0000107E+00   1.0000107E+00   9.9991660E-01   1.0000248E+00
    1.0000248E+00   1.0000248E+00   9.9988461E-01   9.9999471E-01   9.9999471E-01
    9.9999471E-01   9.9993200E-01   9.9989334E-01   9.9986443E-01   9.9994666E-01
    9.9994666E-01   9.9994666E-01   1.0000342E+00   1.0000342E+00   1.0000342E+00
    9.9972065E-01   9.9988245E-01   9.9994384E-01   9.9994384E-01   9.9994384E-01
    9.9979000E-01   9.9979000E-01   9.9979000E-01   9.9979153E-01   9.9998487E-01
    9.9995641E-01   9.9995641E-01   9.9995641E-01   1.0000102E+00   9.9990418E-01
    9.9995947E-01   9.9997433E-01   9.9995919E-01   9.9999608E-01   9.9995660E-01
    9.9992893E-01   9.9986878E-01   9.9996339E-01   9.9996156E-01   9.9989147E-01

 2.4517273222E+02   1.0841909E+11   1.1584700E+15   5.7784496E+00   1.4624471E-01   2.5115790E-03   9.9992047E-01    69 
    9.9993138E-01   9.9993144E-01   9.9993144E-01   9.9993144E-01   9.9993157E-01
    9.9993061E-01   9.9993061E-01   9.9993061E-01   9.9993128E-01   9.9992786E-01
    9.9997998E-01   9.9988909E-01   9.9984155E-01   9.9998318E-01   9.9998318E-01
    9.9998318E-01   9.9998329E-01   9.9998329E-01   9.9998329E-01   9.9980036E-01
    1.0000200E+00   1.0000200E+00   1.0000200E+00   9.9988117E-01   9.9989725E-01
    1.0000106E+00   1.0000106E+00   1.0000106E+00   9.9991776E-01   1.0000255E+00
    1.0000255E+00   1.0000255E+00   9.9988849E-01   9.9999452E-01   9.9999452E-01
    9.9999452E-01   9.9993547E-01   9.9989612E-01   9.9986699E-01   9.9994729E-01
    9.9994729E-01   9.9994729E-01   1.0000376E+00   1.0000376E+00   1.0000376E+00
    9.9972376E-01   9.9988717E-01   9.9994338E-01   9.9994338E-01   9.9994338E-01
    9.9979374E-01   9.9979374E-01   9.9979374E-01   9.9979807E-01   9.9998423E-01
    9.9995606E-01   9.9995606E-01   9.9995606E-01   1.0000087E+00   9.9990655E-01
    9.9995934E-01   9.9997581E-01   9.9995932E-01   9.9999611E-01   9.9995674E-01
    9.9993043E-01   9.9987149E-01   9.9996326E-01   9.9996148E-01   9.9989387E-01

 2.4510378384E+02   1.1008905E+11   1.1780662E+15   5.8013614E+00   1.3952777E-01   2.4712276E-03   9.9992175E-01    70 
    9.9813595E-01   9.9827484E-01   9.9827484E-01   9.9827484E-01   9.9847289E-01
    9.9850670E-01   9.9850670E-01   9.9850670E-01   9.9855333E-01   9.9866057E-01
    9.9929846E-01   9.9916214E-01   9.9950837E-01   9.9951845E-01   9.9951845E-01
    9.9951845E-01   9.9948634E-01   9.9948634E-01   9.9948634E-01   9.9915559E-01
    9.9935458E-01   9.9935458E-01   9.9935458E-01   9.9920160E-01   9.9947164E-01
    9.9974334E-01   9.9974334E-01   9.9974334E-01   9.9945728E-01   9.9979775E-01
    9.9979775E-01   9.9979775E-01   9.9967334E-01   9.9971672E-01   9.9971672E-01
    9.9971672E-01   9.9973616E-01   9.9929101E-01   9.9948863E-01   9.9950842E-01
    9.9950842E-01   9.9950842E-01   9.9948194E-01   9.9948194E-01   9.9948194E-01
    9.9904778E-01   9.9990824E-01   9.9975608E-01   9.9975608E-01   9.9975608E-01
    9.9924975E-01   9.9924975E-01   9.9924975E-01   9.9951297E-01   9.9962407E-01
    9.9956504E-01   9.9956504E-01   9.9956504E-01   9.9934189E-01   9.9938412E-01
    9.9975695E-01   9.9967363E-01   9.9978865E-01   9.9964076E-01   9.9983125E-01
    9.9963855E-01   9.9936521E-01   9.9967160E-01   9.9971556E-01   9.9948687E-01
