
 24-FEB-2004                           !Format date

 1.7914867253E+02     1.5683E+05       64       70

 3.1555934818E+04   1.2966887E-01   3.8415350E+05   8.6277802E-01   5.7846905E+00   1.3604178E+03   5.0000000E-02     1 
    6.1665914E-22   1.1525388E-24   1.8359265E-24   2.2599533E-16   2.4603219E-14
    2.3912673E-14   5.0459490E-16   5.0172453E-16   2.2496722E-10   2.1976571E-08
    2.2079606E-08   5.8111284E-10   5.8171970E-10   9.5263138E-10   1.9589976E-07
    5.4407443E-07   3.3020532E-07   7.3454357E-07   8.4138669E-06   1.8621209E-05
    1.0923073E-05   2.7779860E-05   8.1598593E-05   1.4749335E-04   9.0077241E-05
    2.3182865E-04   4.6435978E-04   6.2960801E-04   3.5454757E-04   1.1617930E-03
    1.2710793E-03   1.6389462E-03   8.9708620E-04   3.1963851E-03   2.6229846E-03
    3.2033065E-03   1.7517663E-03   6.6194839E-03   4.5012015E-03   5.5819991E-03
    2.8741469E-03   1.1489969E-02   6.7265270E-03   9.0262114E-03   4.2252442E-03
    1.7091541E-02   1.9098434E-02   2.5584360E-02   3.2580748E-02   3.9685286E-02
    4.6840031E-02   5.4051422E-02   6.1160709E-02   6.7901721E-02   7.4423062E-02
    8.0378329E-02   8.5934689E-02   9.1122777E-02   9.5436564E-02   9.9158954E-02
    1.0171281E-01   9.0431106E-02   1.0564300E-01   1.1777505E-01

 3.1234499080E+04   1.3245388E-01   3.9215300E+05   8.6374076E-01   5.7871736E+00   1.3602453E+03   5.0000000E-02     2 
    6.6680636E-22   1.2570060E-24   2.0019945E-24   2.3578707E-16   2.5599693E-14
    2.4881240E-14   5.2384011E-16   5.2085932E-16   2.3029295E-10   2.2483958E-08
    2.2589388E-08   5.9365479E-10   5.9427406E-10   9.7315068E-10   1.9884824E-07
    5.5209035E-07   3.3486485E-07   7.4486740E-07   8.5036387E-06   1.8805552E-05
    1.1033207E-05   2.8057967E-05   8.2254147E-05   1.4864876E-04   9.0767243E-05
    2.3358308E-04   4.6731785E-04   6.3348592E-04   3.5670932E-04   1.1687455E-03
    1.2777338E-03   1.6472307E-03   9.0159966E-04   3.2120305E-03   2.6346006E-03
    3.2171811E-03   1.7592376E-03   6.6467165E-03   4.5184500E-03   5.6020388E-03
    2.8847672E-03   1.1530575E-02   6.7492400E-03   9.0604693E-03   4.2390345E-03
    1.7144219E-02   1.9150968E-02   2.5647746E-02   3.2654679E-02   3.9767560E-02
    4.6928328E-02   5.4146175E-02   6.1261318E-02   6.8006953E-02   7.4531628E-02
    8.0489165E-02   8.6046933E-02   9.1235638E-02   9.5550100E-02   9.9271896E-02
    1.0182391E-01   9.0527198E-02   1.0574974E-01   1.1788985E-01

 3.0601081269E+04   1.3821089E-01   4.0866521E+05   8.6569014E-01   5.7921509E+00   1.3598944E+03   5.0000000E-02     3 
    7.8103599E-22   1.4975489E-24   2.3843544E-24   2.5685963E-16   2.7735208E-14
    2.6957177E-14   5.6494437E-16   5.6172779E-16   2.4141431E-10   2.3544179E-08
    2.3654662E-08   6.1979390E-10   6.2043907E-10   1.0159168E-09   2.0492541E-07
    5.6848797E-07   3.4446829E-07   7.6614651E-07   8.6877494E-06   1.9172511E-05
    1.1258882E-05   2.8627744E-05   8.3593442E-05   1.5100970E-04   9.2176074E-05
    2.3716454E-04   4.7334539E-04   6.4146444E-04   3.6111264E-04   1.1829050E-03
    1.2912753E-03   1.6637392E-03   9.1078005E-04   3.2438429E-03   2.6582127E-03
    3.2453636E-03   1.7744173E-03   6.7020259E-03   4.5534787E-03   5.6431747E-03
    2.9063268E-03   1.1612974E-02   6.7953286E-03   9.1306014E-03   4.2670128E-03
    1.7251039E-02   1.9257551E-02   2.5775847E-02   3.2804279E-02   3.9934241E-02
    4.7106932E-02   5.4337661E-02   6.1464843E-02   6.8219819E-02   7.4751282E-02
    8.0713465E-02   8.6274110E-02   9.1464140E-02   9.5779682E-02   9.9500136E-02
    1.0204836E-01   9.0721385E-02   1.0596540E-01   1.1812186E-01

 2.9374272420E+04   1.5048267E-01   4.4375620E+05   8.6968522E-01   5.8021337E+00   1.3591724E+03   5.0000000E-02     4 
    1.0792570E-21   2.1388594E-24   3.4036962E-24   3.0575518E-16   3.2649819E-14
    3.1735018E-14   6.5885281E-16   6.5509685E-16   2.6570217E-10   2.5860182E-08
    2.5981708E-08   6.7660628E-10   6.7730782E-10   1.1088681E-09   2.1786583E-07
    6.0270865E-07   3.6487662E-07   8.1136218E-07   9.0749914E-06   1.9930622E-05
    1.1732715E-05   2.9823702E-05   8.6388366E-05   1.5593299E-04   9.5112623E-05
    2.4462714E-04   4.8586288E-04   6.5798888E-04   3.7024840E-04   1.2122688E-03
    1.3193091E-03   1.6975648E-03   9.2976840E-04   3.3096010E-03   2.7069836E-03
    3.3035517E-03   1.8057430E-03   6.8160911E-03   4.6256980E-03   5.7291974E-03
    2.9507446E-03   1.1782608E-02   6.8901965E-03   9.2770317E-03   4.3245865E-03
    1.7470640E-02   1.9476477E-02   2.6038419E-02   3.3110857E-02   4.0275894E-02
    4.7473354E-02   5.4729306E-02   6.1881478E-02   6.8655683E-02   7.5200826E-02
    8.1172299E-02   8.6738990E-02   9.1931850E-02   9.6249261E-02   9.9966573E-02
    1.0250679E-01   9.1118186E-02   1.0640572E-01   1.1859566E-01

 2.7069293622E+04   1.7840762E-01   5.2315018E+05   8.7802145E-01   5.8229748E+00   1.3576511E+03   5.0000000E-02     5 
    2.1099253E-21   4.4547367E-24   7.0829132E-24   4.3769305E-16   4.5686888E-14
    4.4410217E-14   9.0411073E-16   8.9894100E-16   3.2369414E-10   3.1372894E-08
    3.1520536E-08   8.1044029E-10   8.1127505E-10   1.3277657E-09   2.4708507E-07
    6.8131046E-07   4.1075791E-07   9.1298976E-07   9.9262193E-06   2.1561601E-05
    1.2771674E-05   3.2444776E-05   9.2432013E-05   1.6656846E-04   1.0145500E-04
    2.6073757E-04   5.1268299E-04   6.9206935E-04   3.8979545E-04   1.2750447E-03
    1.3789661E-03   1.7691690E-03   9.7013212E-04   3.4492464E-03   2.8102825E-03
    3.4267793E-03   1.8720120E-03   7.0571803E-03   4.7782157E-03   5.8989857E-03
    3.0444267E-03   1.2139842E-02   7.0899257E-03   9.5878472E-03   4.4457332E-03
    1.7931770E-02   1.9934534E-02   2.6587248E-02   3.3752811E-02   4.0987474E-02
    4.8237073E-02   5.5546939E-02   6.2750887E-02   6.9564300E-02   7.6136594E-02
    8.2125363E-02   8.7704615E-02   9.2902106E-02   9.7223656E-02   1.0093398E-01
    1.0345740E-01   9.1942440E-02   1.0731988E-01   1.1957975E-01

 2.2989257114E+04   2.5101791E-01   7.2720864E+05   8.9600241E-01   5.8683794E+00   1.3542427E+03   5.0000000E-02     6 
    8.7244394E-21   2.0719078E-23   3.2905649E-23   9.2794625E-16   9.2487974E-14
    8.9930221E-14   1.7541398E-15   1.7440312E-15   4.8976603E-10   4.7018521E-08
    4.7240618E-08   1.1828777E-09   1.1840857E-09   1.9365270E-09   3.2186612E-07
    8.8141684E-07   5.2651472E-07   1.1691153E-06   1.1981118E-05   2.5583978E-05
    1.5258362E-05   3.8709687E-05   1.0653387E-04   1.9125409E-04   1.1616785E-04
    2.9804783E-04   5.7391210E-04   7.7103732E-04   4.3424299E-04   1.4174997E-03
    1.5132147E-03   1.9322282E-03   1.0606717E-03   3.7617698E-03   3.0404611E-03
    3.7001589E-03   2.0192114E-03   7.5914733E-03   5.1155188E-03   6.2833056E-03
    3.2510968E-03   1.2925558E-02   7.5288153E-03   1.0270209E-02   4.7116874E-03
    1.8940403E-02   2.0931484E-02   2.7781242E-02   3.5142863E-02   4.2527441E-02
    4.9887486E-02   5.7309635E-02   6.4618670E-02   7.1515869E-02   7.8144347E-02
    8.4170037E-02   8.9779012E-02   9.4978461E-02   9.9306724E-02   1.0299963E-01
    1.0548442E-01   9.3704069E-02   1.0927333E-01   1.2168342E-01

 1.6760118217E+04   4.8494037E-01   1.3769373E+06   9.3277852E-01   5.9617232E+00   1.3458438E+03   5.0000000E-02     7 
    1.3391475E-19   4.0026193E-22   6.3562497E-22   3.9479863E-15   3.6219226E-13
    3.5261606E-13   6.2887194E-15   6.2516132E-15   1.0879089E-09   1.0245542E-07
    1.0295038E-07   2.4517848E-09   2.4542968E-09   4.0081815E-09   5.3620749E-07
    1.4437061E-06   8.4999259E-07   1.8835409E-06   1.7236312E-05   3.5563437E-05
    2.1512314E-05   5.4423080E-05   1.4021656E-04   2.5001200E-04   1.5092545E-04
    3.8589483E-04   7.1392979E-04   9.5795591E-04   5.3513041E-04   1.7395859E-03
    1.8117478E-03   2.2889305E-03   1.2606889E-03   4.4491437E-03   3.5422625E-03
    4.2945188E-03   2.3381440E-03   8.7436642E-03   5.8399058E-03   7.1211398E-03
    3.6930022E-03   1.4594071E-02   8.4599251E-03   1.1686808E-02   5.2745909E-03
    2.1060474E-02   2.3014102E-02   3.0246241E-02   3.7997865E-02   4.5693581E-02
    5.3267801E-02   6.0895344E-02   6.8399259E-02   7.5467208E-02   8.2213683E-02
    8.8313799E-02   9.3981153E-02   9.9165101E-02   1.0348441E-01   1.0713880E-01
    1.0953088E-01   9.7240598E-02   1.1320035E-01   1.2591286E-01

 1.2230917281E+04   9.3348582E-01   2.6083675E+06   9.6786071E-01   6.0567412E+00   1.3342373E+03   5.0000000E-02     8 
    1.3912377E-18   5.4538814E-21   8.6683702E-21   1.4254004E-14   1.2281485E-12
    1.1975929E-12   1.9449767E-14   1.9330937E-14   2.2064003E-09   2.0445862E-07
    2.0549102E-07   4.6722493E-09   4.6772406E-09   7.6279736E-09   8.4294226E-07
    2.2370734E-06   1.2990618E-06   2.8730008E-06   2.3800484E-05   4.7698809E-05
    2.9171142E-05   7.3602413E-05   1.7898085E-04   3.1724452E-04   1.9041135E-04
    4.8527775E-04   8.6694155E-04   1.1650024E-03   6.4435068E-04   2.0865683E-03
    2.1272567E-03   2.6611460E-03   1.4701752E-03   5.1654124E-03   4.0594289E-03
    4.9055080E-03   2.6646091E-03   9.9148959E-03   6.5727695E-03   7.9660826E-03
    4.1384076E-03   1.6259086E-02   9.3891348E-03   1.3125382E-02   5.8342992E-03
    2.3152112E-02   2.5049645E-02   3.2630074E-02   4.0750564E-02   4.8736503E-02
    5.6497468E-02   6.4296069E-02   7.1977289E-02   7.9206307E-02   8.6064513E-02
    9.2229916E-02   9.7929734E-02   1.0310495E-01   1.0739085E-01   1.1101242E-01
    1.1328870E-01   1.0058067E-01   1.1688622E-01   1.2987615E-01

 8.9455205839E+03   1.7843420E+00   4.9347222E+06   9.9771640E-01   6.1532629E+00   1.3185301E+03   5.0000000E-02     9 
    7.9092249E-18   4.3943157E-20   6.9653735E-20   3.9844206E-14   3.3174506E-12
    3.2426312E-12   4.7820727E-14   4.7518352E-14   3.8806344E-09   3.5549251E-07
    3.5739230E-07   7.8115782E-09   7.8207894E-09   1.2738567E-08   1.2097113E-06
    3.1734913E-06   1.8223120E-06   4.0231909E-06   3.0802203E-05   6.0428085E-05
    3.7205254E-05   9.3659112E-05   2.1758876E-04   3.8387194E-04   2.2931746E-04
    5.8282179E-04   1.0129100E-03   1.3659694E-03   7.4768020E-04   2.4134054E-03
    2.4197795E-03   3.0034266E-03   1.6628813E-03   5.8214284E-03   4.5283289E-03
    5.4584012E-03   2.9595873E-03   1.0965066E-02   7.2273137E-03   8.7150621E-03
    4.5357022E-03   1.7730854E-02   1.0211493E-02   1.4399952E-02   6.3279647E-03
    2.4983538E-02   2.6821287E-02   3.4686286E-02   4.3113937E-02   5.1352643E-02
    5.9254034E-02   6.7178450E-02   7.5005816E-02   8.2374791E-02   8.9322370E-02
    9.5544009E-02   1.0125932E-01   1.0643100E-01   1.1069032E-01   1.1428007E-01
    1.1640660E-01   1.0347651E-01   1.1998737E-01   1.3320821E-01

 6.5592332981E+03   3.3895346E+00   9.3289664E+06   1.0232333E+00   6.2557795E+00   1.2973459E+03   5.0000000E-02    10 
    2.8683401E-17   2.3847575E-19   3.7583492E-19   9.2026133E-14   7.5966979E-12
    7.4544224E-12   9.9022679E-14   9.8390386E-14   6.1349975E-09   5.5690249E-07
    5.6013573E-07   1.1844961E-08   1.1860933E-08   1.9294995E-08   1.6218711E-06
    4.2175736E-06   2.3978781E-06   5.2850826E-06   3.7974402E-05   7.3491171E-05
    4.5327108E-05   1.1387296E-04   2.5502932E-04   4.4819808E-04   2.6673331E-04
    6.7630793E-04   1.1498102E-03   1.5569003E-03   8.4380743E-04   2.7162949E-03
    2.6871150E-03   3.3177761E-03   1.8382750E-03   6.4153729E-03   4.9497513E-03
    5.9536341E-03   3.2244939E-03   1.1901118E-02   7.8091785E-03   9.3748991E-03
    4.8882247E-03   1.9029287E-02   1.0938427E-02   1.5506919E-02   6.7631595E-03
    2.6584145E-02   2.8364870E-02   3.6471024E-02   4.5143403E-02   5.3613505E-02
    6.1629168E-02   6.9647856E-02   7.7582120E-02   8.5078060E-02   9.2104257E-02
    9.8378735E-02   1.0411315E-01   1.0926570E-01   1.1351102E-01   1.1705484E-01
    1.1896925E-01   1.0608697E-01   1.2263594E-01   1.3605719E-01

 4.8284548278E+03   6.3884172E+00   1.7599910E+07   1.0447716E+00   6.3687728E+00   1.2690795E+03   5.0000000E-02    11 
    7.2139834E-17   9.4012337E-19   1.4609358E-18   1.8162688E-13   1.5243360E-11
    1.5040832E-11   1.7804923E-13   1.7693444E-13   8.8805368E-09   7.9887005E-07
    8.0404943E-07   1.6580728E-08   1.6605082E-08   2.6979111E-08   2.0562698E-06
    5.3152920E-06   2.9941429E-06   6.5882889E-06   4.4984828E-05   8.6372243E-05
    5.3185847E-05   1.3336932E-04   2.9006920E-04   5.0817574E-04   3.0149761E-04
    7.6296065E-04   1.2746290E-03   1.7319438E-03   9.3073540E-04   2.9892384E-03
    2.9252112E-03   3.6005816E-03   1.9943999E-03   6.9408614E-03   5.3209270E-03
    6.3876228E-03   3.4574965E-03   1.2720476E-02   8.3176637E-03   9.9458136E-03
    5.1952386E-03   2.0156972E-02   1.1570036E-02   1.6444161E-02   7.1408191E-03
    2.7962291E-02   2.9689019E-02   3.8002057E-02   4.6862294E-02   5.5543676E-02
    6.3663131E-02   7.1751021E-02   7.9760441E-02   8.7375054E-02   9.4468519E-02
    1.0079503E-01   1.0656085E-01   1.1168781E-01   1.1590603E-01   1.1938586E-01
    1.2099532E-01   1.0854947E-01   1.2491019E-01   1.3850202E-01

 3.5738201624E+03   1.1924323E+01   3.3094861E+07   1.0625040E+00   6.5002586E+00   1.2319664E+03   5.0000000E-02    12 
    1.3273712E-16   2.8352435E-18   4.2525910E-18   3.1252940E-13   2.7277829E-11
    2.7127067E-11   2.8328243E-13   2.8158249E-13   1.1901364E-08   1.0586652E-06
    1.0665742E-06   2.1664468E-08   2.1695335E-08   3.5208373E-08   2.4841336E-06
    6.3963440E-06   3.5733851E-06   7.8499069E-06   5.1486652E-05   9.8373530E-05
    6.0412356E-05   1.5124661E-04   3.2149948E-04   5.6181731E-04   3.3242756E-04
    8.3993963E-04   1.3839379E-03   1.8855077E-03   1.0065384E-03   3.2263891E-03
    3.1303915E-03   3.8457574E-03   2.1289900E-03   7.3915291E-03   5.6385594E-03
    6.7569226E-03   3.6561202E-03   1.3417976E-02   8.7500593E-03   1.0428822E-02
    5.4560230E-03   2.1109722E-02   1.2102882E-02   1.7217372E-02   7.4606733E-03
    2.9120998E-02   3.0800724E-02   3.9283579E-02   4.8292118E-02   5.7160997E-02
    6.5371216E-02   7.3511670E-02   8.1580617E-02   8.9306723E-02   9.6448482E-02
    1.0282387E-01   1.0862968E-01   1.1374315E-01   1.1792332E-01   1.2130034E-01
    1.2249742E-01   1.1100356E-01   1.2686016E-01   1.4060216E-01

 2.6626273355E+03   2.2025469E+01   6.2012504E+07   1.0765237E+00   6.6546773E+00   1.1844660E+03   5.0000000E-02    13 
    1.8510337E-16   6.7930968E-18   9.5118240E-18   4.7400088E-13   4.3792711E-11
    4.3989332E-11   4.0377611E-13   4.0148448E-13   1.4868109E-08   1.3006318E-06
    1.3119009E-06   2.6618688E-08   2.6652990E-08   4.3206357E-08   2.8747909E-06
    7.3809489E-06   4.0957987E-06   8.9837254E-06   5.7153940E-05   1.0881538E-04
    6.6654210E-05   1.6666077E-04   3.4818238E-04   6.0721555E-04   3.5846825E-04
    9.0462438E-04   1.4745170E-03   2.0128018E-03   1.0695654E-03   3.4228416E-03
    3.2995330E-03   4.0478984E-03   2.2397336E-03   7.7615893E-03   5.8989175E-03
    7.0586633E-03   3.8188426E-03   1.3986711E-02   9.1020581E-03   1.0824824E-02
    5.6699284E-03   2.1881551E-02   1.2535913E-02   1.7831017E-02   7.7235099E-03
    3.0058269E-02   3.1708108E-02   4.0325309E-02   4.9449782E-02   5.8479165E-02
    6.6773017E-02   7.4958089E-02   8.3070233E-02   9.0902456E-02   9.8088760E-02
    1.0450961E-01   1.1035475E-01   1.1546271E-01   1.1959333E-01   1.2279830E-01
    1.2352497E-01   1.1356189E-01   1.2853249E-01   1.4241636E-01

 1.9979359990E+03   4.0294290E+01   1.1597447E+08   1.0874776E+00   6.8352566E+00   1.1248197E+03   5.0000000E-02    14 
    2.0791345E-16   1.3741660E-17   1.7286378E-17   6.4619376E-13   6.3720391E-11
    6.4754497E-11   5.2761219E-13   5.2475617E-13   1.7543623E-08   1.4928544E-06
    1.5077480E-06   3.1179043E-08   3.1216032E-08   5.0541721E-08   3.2183440E-06
    8.2379898E-06   4.5494424E-06   9.9641782E-06   6.1959892E-05   1.1762840E-04
    7.1900267E-05   1.7959698E-04   3.7023604E-04   6.4456893E-04   3.7995951E-04
    9.5781611E-04   1.5481295E-03   2.1154718E-03   1.1211695E-03   3.5830879E-03
    3.4370429E-03   4.2121613E-03   2.3297619E-03   8.0616867E-03   6.1089151E-03
    7.3027797E-03   3.9517211E-03   1.4444933E-02   9.3853615E-03   1.1148201E-02
    5.8451539E-03   2.2503340E-02   1.2887798E-02   1.8310992E-02   7.9414031E-03
    3.0811440E-02   3.2451814E-02   4.1180655E-02   5.0393686E-02   5.9558779E-02
    6.7941672E-02   7.6170374E-02   8.4328286E-02   9.2255443E-02   9.9494952E-02
    1.0596512E-01   1.1184602E-01   1.1694826E-01   1.2100008E-01   1.2395297E-01
    1.2428600E-01   1.1631666E-01   1.3003180E-01   1.4407376E-01

 1.5110650300E+03   7.3053644E+01   2.1720030E+08   1.0956123E+00   7.0582370E+00   1.0499101E+03   5.0000000E-02    15 
    1.9323784E-16   2.4032702E-17   2.6517407E-17   7.9233766E-13   8.3287480E-11
    8.5555091E-11   6.3843730E-13   6.3499879E-13   1.9642492E-08   1.5949167E-06
    1.6138165E-06   3.5045889E-08   3.5081824E-08   5.6714397E-08   3.5014358E-06
    8.9288446E-06   4.9187377E-06   1.0755729E-05   6.5790222E-05   1.2462811E-04
    7.6068170E-05   1.8982989E-04   3.8741692E-04   6.7348929E-04   3.9687203E-04
    9.9939844E-04   1.6052621E-03   2.1939910E-03   1.1615853E-03   3.7075514E-03
    3.5436903E-03   4.3399618E-03   2.4004902E-03   8.2947522E-03   6.2711701E-03
    7.4917463E-03   4.0570382E-03   1.4801368E-02   9.6063739E-03   1.1400827E-02
    5.9865344E-03   2.2988838E-02   1.3165274E-02   1.8668232E-02   8.1225353E-03
    3.1398811E-02   3.3054367E-02   4.1872448E-02   5.1158612E-02   6.0443720E-02
    6.8914498E-02   7.7199039E-02   8.5425692E-02   9.3434299E-02   1.0073854E-01
    1.0727024E-01   1.1318381E-01   1.1826568E-01   1.2219872E-01   1.2486364E-01
    1.2503578E-01   1.1922803E-01   1.3144204E-01   1.4569113E-01

 1.1545441165E+03   1.3087734E+02   4.0793231E+08   1.1001604E+00   7.3314860E+00   9.5745685E+02   5.0000000E-02    16 
    1.4261878E-16   3.4802881E-17   3.4784863E-17   8.3436637E-13   9.3067012E-11
    9.6691741E-11   7.0242710E-13   6.9851237E-13   2.0533141E-08   1.5217609E-06
    1.5461747E-06   3.7484372E-08   3.7510164E-08   6.0528360E-08   3.6783512E-06
    9.3345775E-06   5.1483445E-06   1.1236438E-05   6.8108707E-05   1.2880710E-04
    7.8629485E-05   1.9598635E-04   3.9771063E-04   6.9056812E-04   4.0727251E-04
    1.0247251E-03   1.6400734E-03   2.2400441E-03   1.1868358E-03   3.7830322E-03
    3.6086411E-03   4.4174338E-03   2.4456310E-03   8.4385912E-03   6.3716298E-03
    7.6075556E-03   4.1267080E-03   1.5025303E-02   9.7465887E-03   1.1558467E-02
    6.0859751E-03   2.3294794E-02   1.3347438E-02   1.8861538E-02   8.2611546E-03
    3.1771614E-02   3.3486372E-02   4.2363355E-02   5.1710462E-02   6.1101530E-02
    6.9664245E-02   7.8029371E-02   8.6342781E-02   9.4429372E-02   1.0181511E-01
    1.0842577E-01   1.1436668E-01   1.1939781E-01   1.2318886E-01   1.2562820E-01
    1.2592389E-01   1.2209517E-01   1.3277768E-01   1.4732319E-01

 8.9415619662E+02   2.3086393E+02   7.6954178E+08   1.1032789E+00   7.6728086E+00   8.4604395E+02   5.0000000E-02    17 
    9.6290308E-17   4.7116896E-17   4.4566138E-17   7.5957582E-13   8.7707700E-11
    9.2589216E-11   7.4027618E-13   7.3555579E-13   2.0546267E-08   1.2641499E-06
    1.2934616E-06   3.9350556E-08   3.9366580E-08   6.3370437E-08   3.8111885E-06
    9.6022265E-06   5.3307476E-06   1.1594475E-05   6.9838954E-05   1.3178908E-04
    8.0670822E-05   2.0056295E-04   4.0546986E-04   7.0315943E-04   4.1529148E-04
    1.0442533E-03   1.6671698E-03   2.2723722E-03   1.2073791E-03   3.8409427E-03
    3.6585487E-03   4.4758423E-03   2.4834530E-03   8.5517136E-03   6.4513496E-03
    7.6979903E-03   4.1888759E-03   1.5205240E-02   9.8610901E-03   1.1684528E-02
    6.1822149E-03   2.3542878E-02   1.3508593E-02   1.8973654E-02   8.4103709E-03
    3.2075187E-02   3.3902494E-02   4.2840440E-02   5.2256526E-02   6.1755903E-02
    7.0448047E-02   7.8938445E-02   8.7373252E-02   9.5561745E-02   1.0305882E-01
    1.0976768E-01   1.1572403E-01   1.2067674E-01   1.2434343E-01   1.2668250E-01
    1.2728206E-01   1.2500655E-01   1.3435274E-01   1.4936267E-01

 7.0559854304E+02   4.0101697E+02   1.4370877E+09   1.1251629E+00   8.1367962E+00   7.2738915E+02   5.0000000E-02    18 
    2.1063192E-16   1.7266589E-16   1.5699596E-16   9.7915981E-13   1.0727643E-10
    1.1474982E-10   1.2134515E-12   1.2025427E-12   2.6580502E-08   1.1625255E-06
    1.2013611E-06   5.3257152E-08   5.3253295E-08   8.5328936E-08   4.7180442E-06
    1.1716344E-05   6.5374379E-06   1.4121008E-05   8.1408625E-05   1.5253926E-04
    9.3672152E-05   2.3124539E-04   4.5585970E-04   7.8730053E-04   4.6470221E-04
    1.1657266E-03   1.8329962E-03   2.4871627E-03   1.3249699E-03   4.1931769E-03
    3.9581068E-03   4.8316337E-03   2.6871499E-03   9.2024039E-03   6.9058533E-03
    8.2234635E-03   4.4932591E-03   1.6190721E-02   1.0478474E-02   1.2383855E-02
    6.6031093E-03   2.4865589E-02   1.4292907E-02   1.9913533E-02   8.9752238E-03
    3.3657859E-02   3.5606931E-02   4.4787601E-02   5.4451777E-02   6.4208551E-02
    7.3170617E-02   8.1921706E-02   9.0600331E-02   9.8994224E-02   1.0667298E-01
    1.1350798E-01   1.1946926E-01   1.2433126E-01   1.2790388E-01   1.3022502E-01
    1.3112430E-01   1.2986785E-01   1.3822602E-01   1.5403790E-01

 5.6738190397E+02   6.9121579E+02   2.6887700E+09   1.1917816E+00   8.8112647E+00   6.0113312E+02   5.0000002E-02    19 
    5.4713228E-15   5.2792943E-15   5.2931607E-15   3.2113205E-12   3.2714755E-10
    3.4377025E-10   5.1991832E-12   5.1727877E-12   6.1524271E-08   1.4903079E-06
    1.5571696E-06   1.2375567E-07   1.2362889E-07   1.9638716E-07   8.5544110E-06
    2.0628468E-05   1.1497888E-05   2.4489718E-05   1.2494348E-04   2.3005780E-04
    1.4185294E-04   3.4387646E-04   6.3143850E-04   1.0796351E-03   6.3427491E-04
    1.5803635E-03   2.3847795E-03   3.2043687E-03   1.7093229E-03   5.3441156E-03
    4.9227284E-03   5.9742636E-03   3.3289126E-03   1.1253879E-02   8.3321309E-03
    9.8664995E-03   5.4182445E-03   1.9215203E-02   1.2368808E-02   1.4526388E-02
    7.8354613E-03   2.8841961E-02   1.6625785E-02   2.2886168E-02   1.0561842E-02
    3.8352360E-02   4.0388636E-02   5.0193026E-02   6.0481761E-02   7.0823491E-02
    8.0328184E-02   8.9591604E-02   9.8736774E-02   1.0750701E-01   1.1547012E-01
    1.2246609E-01   1.2842916E-01   1.3319852E-01   1.3669022E-01   1.3900832E-01
    1.4011885E-01   1.3947094E-01   1.4712003E-01   1.6422857E-01

 4.6634946432E+02   1.1464859E+03   5.0378425E+09   1.2923794E+00   9.7050805E+00   4.7477790E+02   5.0000127E-02    20 
    4.8158356E-13   5.1820814E-13   4.6448883E-13   1.9300016E-11   1.9160857E-09
    1.9943727E-09   3.8276695E-11   3.7359561E-11   1.9478602E-07   2.1464379E-06
    2.2376287E-06   3.7691198E-07   3.7497454E-07   5.8938417E-07   1.8814184E-05
    4.3415593E-05   2.4332808E-05   5.0665253E-05   2.2083544E-04   3.9659569E-04
    2.4797793E-04   5.8115198E-04   9.7321357E-04   1.6413886E-03   9.5860335E-04
    2.3649253E-03   3.3890152E-03   4.4790592E-03   2.4022696E-03   7.3719286E-03
    6.5873971E-03   7.9270432E-03   4.4342959E-03   1.4700661E-02   1.0713676E-02
    1.2584463E-02   6.9680190E-03   2.4126473E-02   1.5449723E-02   1.7979025E-02
    9.8702085E-03   3.5136453E-02   2.0387263E-02   2.7444794E-02   1.3202971E-02
    4.5649000E-02   4.7804084E-02   5.8478683E-02   6.9648336E-02   8.0810880E-02
    9.1107733E-02   1.0111987E-01   1.1091358E-01   1.2017373E-01   1.2847573E-01
    1.3563933E-01   1.4160801E-01   1.4630670E-01   1.4974827E-01   1.5207930E-01
    1.5333898E-01   1.5305954E-01   1.6020363E-01   1.7898490E-01

 3.9240449144E+02   1.7502434E+03   9.4437435E+09   1.4049268E+00   1.0833537E+01   3.5754286E+02   5.0006335E-02    21 
    3.3583734E-11   4.2303062E-11   2.5479167E-11   1.3065895E-10   9.7430705E-09
    1.0078476E-08   2.8956597E-10   2.5148811E-10   6.0193860E-07   4.1302854E-06
    4.1746188E-06   1.0951785E-06   1.0782197E-06   1.6827671E-06   4.0125241E-05
    8.7444938E-05   5.0025985E-05   1.0162538E-04   3.8241780E-04   6.6819770E-04
    4.2546531E-04   9.6178134E-04   1.4786599E-03   2.4570535E-03   1.4293768E-03
    3.4886700E-03   4.7668330E-03   6.1570498E-03   3.3469240E-03   1.0059917E-02
    8.7512122E-03   1.0432164E-02   5.8825005E-03   1.9051259E-02   1.3706633E-02
    1.5955111E-02   8.9677419E-03   3.0111595E-02   1.9241748E-02   2.2128249E-02
    1.2527333E-02   4.2606556E-02   2.4993234E-02   3.2360305E-02   1.6754837E-02
    5.4137710E-02   5.6612944E-02   6.8233393E-02   8.0388405E-02   9.2509040E-02
    1.0383195E-01   1.1480945E-01   1.2538769E-01   1.3519797E-01   1.4385546E-01
    1.5118649E-01   1.5717935E-01   1.6184571E-01   1.6527509E-01   1.6763696E-01
    1.6900818E-01   1.6895903E-01   1.7576632E-01   1.9639512E-01

 3.3815556817E+02   2.3347875E+03   1.7638372E+10   1.5250969E+00   1.1942521E+01   2.5675536E+02   5.0182309E-02    22 
    1.4895920E-09   1.5612684E-09   8.6975025E-10   7.8992095E-10   3.7288286E-08
    3.8225892E-08   1.7578550E-09   1.4394746E-09   1.6831709E-06   8.7742951E-06
    8.7585591E-06   2.8538170E-06   2.8129280E-06   4.3777052E-06   7.9669813E-05
    1.6240005E-04   9.5248071E-05   1.9206703E-04   6.2849653E-04   1.0739849E-03
    6.8291759E-04   1.5270908E-03   2.1743367E-03   3.5574700E-03   2.0670130E-03
    4.9935365E-03   6.5159651E-03   8.1855076E-03   4.5432706E-03   1.3411377E-02
    1.1402587E-02   1.3457011E-02   7.6810139E-03   2.4242169E-02   1.7272079E-02
    1.9897220E-02   1.1470146E-02   3.7031265E-02   2.3683510E-02   2.6821604E-02
    1.5952330E-02   5.1035814E-02   3.0336824E-02   3.7058188E-02   2.1527940E-02
    6.3561609E-02   6.6723409E-02   7.9403852E-02   9.2699574E-02   1.0600837E-01
    1.1868270E-01   1.3089412E-01   1.4241201E-01   1.5283851E-01   1.6187259E-01
    1.6938484E-01   1.7543068E-01   1.8009992E-01   1.8354170E-01   1.8593908E-01
    1.8739069E-01   1.8748112E-01   1.9408050E-01   2.1657425E-01

 2.9970459556E+02   2.5048693E+03   3.0802923E+10   1.6382247E+00   1.2441935E+01   1.7906750E+02   5.2429160E-02    23 
    2.9291327E-08   1.9789188E-08   1.5221047E-08   3.3473422E-09   8.6631598E-08
    8.7813975E-08   6.7203436E-09   6.1139218E-09   3.8541122E-06   1.5372419E-05
    1.5263730E-05   6.1304487E-06   6.1083959E-06   9.5355230E-06   1.3818567E-04
    2.6437091E-04   1.5809044E-04   3.2322884E-04   9.3725279E-04   1.5790454E-03
    9.8261385E-04   2.2327979E-03   2.9872320E-03   4.8174142E-03   2.8038094E-03
    6.7181048E-03   8.4074817E-03   1.0282953E-02   5.8498237E-03   1.7024932E-02
    1.4216032E-02   1.6619445E-02   9.6475234E-03   2.9639697E-02   2.0980992E-02
    2.3907570E-02   1.4283599E-02   4.4048755E-02   2.8248352E-02   3.1465258E-02
    1.9978929E-02   5.9427880E-02   3.5719000E-02   4.1081796E-02   2.7345181E-02
    7.2871642E-02   7.7169988E-02   9.1039785E-02   1.0566950E-01   1.2043232E-01
    1.3470029E-01   1.4829932E-01   1.6082821E-01   1.7190074E-01   1.8132114E-01
    1.8903331E-01   1.9516249E-01   1.9986619E-01   2.0333880E-01   2.0577293E-01
    2.0728011E-01   2.0744825E-01   2.1394564E-01   2.3799443E-01

 2.7320436533E+02   2.0129269E+03   4.3009906E+10   1.7194651E+00   1.2133766E+01   1.2435202E+02   6.5050250E-02    24 
    1.9062625E-07   6.8314934E-08   7.4975449E-08   7.8745868E-09   1.1739542E-07
    1.1972142E-07   1.3879934E-08   1.4305387E-08   6.5345341E-06   2.0539317E-05
    2.0406918E-05   9.9640957E-06   9.9827584E-06   1.5718913E-05   1.9586517E-04
    3.5966785E-04   2.1652321E-04   4.5212608E-04   1.2106775E-03   2.0229370E-03
    1.2241865E-03   2.8559400E-03   3.6729268E-03   5.8610527E-03   3.4217841E-03
    8.1547890E-03   9.9072665E-03   1.1912063E-02   6.9012021E-03   1.9897721E-02
    1.6434037E-02   1.9085319E-02   1.1251014E-02   3.3839386E-02   2.3873588E-02
    2.6991440E-02   1.6627261E-02   4.9427317E-02   3.1788684E-02   3.5025953E-02
    2.3399547E-02   6.5800899E-02   3.9811657E-02   4.4214506E-02   3.2287141E-02
    7.9977777E-02   8.5430566E-02   1.0032264E-01   1.1610006E-01   1.3209511E-01
    1.4762917E-01   1.6229128E-01   1.7559804E-01   1.8719326E-01   1.9694901E-01
    2.0487092E-01   2.1112534E-01   2.1591065E-01   2.1944760E-01   2.2193362E-01
    2.2348732E-01   2.2369370E-01   2.3021282E-01   2.5513273E-01

 2.5401034943E+02   1.1453998E+03   4.5066264E+10   1.7578007E+00   1.1195465E+01   8.6359220E+01   1.0340056E-01    25 
    4.4850521E-07   1.1113128E-07   1.5387733E-07   1.2102990E-08   1.0498089E-07
    1.0718692E-07   1.9330861E-08   2.1379996E-08   8.2308393E-06   2.1763739E-05
    2.1679494E-05   1.2352183E-05   1.2380360E-05   1.9602396E-05   2.2834249E-04
    4.0971499E-04   2.4870722E-04   5.2451353E-04   1.3572532E-03   2.2529851E-03
    1.3493060E-03   3.1854235E-03   4.0293352E-03   6.3862023E-03   3.7447372E-03
    8.8974652E-03   1.0664068E-02   1.2689785E-02   7.4401193E-03   2.1326309E-02
    1.7551935E-02   2.0315751E-02   1.2060383E-02   3.5927467E-02   2.5332719E-02
    2.8570348E-02   1.7754614E-02   5.2098368E-02   3.3587008E-02   3.6923342E-02
    2.4916177E-02   6.8975849E-02   4.1856041E-02   4.5910757E-02   3.4280491E-02
    8.3580063E-02   8.9604343E-02   1.0491525E-01   1.2109534E-01   1.3749821E-01
    1.5347064E-01   1.6852652E-01   1.8217319E-01   1.9406466E-01   2.0407500E-01
    2.1221658E-01   2.1865298E-01   2.2358503E-01   2.2723950E-01   2.2981169E-01
    2.3142355E-01   2.3165145E-01   2.3833015E-01   2.6348800E-01

 2.3939348016E+02   4.6020692E+02   4.2222605E+10   1.7668049E+00   1.0456401E+01   5.9800213E+01   1.7942759E-01    26 
    5.5951158E-07   1.3801928E-07   2.0691795E-07   1.5461839E-08   7.8950366E-08
    8.0042463E-08   2.2455797E-08   2.5813778E-08   8.6618570E-06   2.0397600E-05
    2.0356544E-05   1.2982332E-05   1.3005639E-05   2.0657007E-05   2.3639545E-04
    4.2004766E-04   2.5664466E-04   5.4360782E-04   1.3950811E-03   2.3073809E-03
    1.3796364E-03   3.2720131E-03   4.1251956E-03   6.5128177E-03   3.8380049E-03
    9.1065057E-03   1.0862747E-02   1.2862619E-02   7.6010253E-03   2.1705577E-02
    1.7868371E-02   2.0658264E-02   1.2307399E-02   3.6523140E-02   2.5773622E-02
    2.9075457E-02   1.8066611E-02   5.2903323E-02   3.4173686E-02   3.7627938E-02
    2.5234987E-02   6.9980399E-02   4.2558586E-02   4.6582658E-02   3.4541563E-02
    8.4816276E-02   9.1162146E-02   1.0657153E-01   1.2278966E-01   1.3920682E-01
    1.5522790E-01   1.7036988E-01   1.8415491E-01   1.9623576E-01   2.0646342E-01
    2.1482867E-01   2.2147400E-01   2.2658509E-01   2.3038455E-01   2.3306310E-01
    2.3474388E-01   2.3499184E-01   2.4188850E-01   2.6699799E-01

 2.2789087769E+02   1.5157474E+02   4.1787222E+10   1.7613396E+00   1.3954118E+01   4.1423455E+01   2.8881284E-01    27 
    6.5825781E-07   1.7600453E-07   2.6134529E-07   2.0839461E-08   7.8297016E-08
    7.8797434E-08   2.6795434E-08   3.1906881E-08   8.4003679E-06   1.8898650E-05
    1.8874372E-05   1.2651911E-05   1.2672122E-05   2.0145318E-05   2.3173636E-04
    4.1145486E-04   2.5226951E-04   5.3521794E-04   1.3779144E-03   2.2771036E-03
    1.3643895E-03   3.2395806E-03   4.0942543E-03   6.4519831E-03   3.8225928E-03
    9.0635481E-03   1.0794046E-02   1.2770854E-02   7.5983597E-03   2.1609142E-02
    1.7810186E-02   2.0589120E-02   1.2347352E-02   3.6456856E-02   2.5755199E-02
    2.9064904E-02   1.8166743E-02   5.2905922E-02   3.4235618E-02   3.7740293E-02
    2.5402012E-02   7.0075969E-02   4.2748037E-02   4.6844700E-02   3.4789249E-02
    8.5101418E-02   9.1952292E-02   1.0752380E-01   1.2389332E-01   1.4045375E-01
    1.5662861E-01   1.7193747E-01   1.8590744E-01   1.9818934E-01   2.0862237E-01
    2.1718410E-01   2.2400684E-01   2.2926776E-01   2.3318718E-01   2.3595528E-01
    2.3769640E-01   2.3796708E-01   2.4502986E-01   2.7009928E-01

 2.1714110964E+02   4.0818257E+01   4.6493721E+10   1.7516426E+00   4.5240954E+01   2.7783067E+01   4.2628986E-01    28 
    1.5028849E-06   4.5345033E-07   6.6059923E-07   5.7871777E-08   1.7301806E-07
    1.7391317E-07   6.0209036E-08   7.7234946E-08   8.0394297E-06   1.7915084E-05
    1.7902362E-05   1.2172607E-05   1.2202907E-05   1.9328812E-05   2.2407076E-04
    3.9871090E-04   2.4529643E-04   5.2058378E-04   1.3480714E-03   2.2285329E-03
    1.3410391E-03   3.1825941E-03   4.0371388E-03   6.3535596E-03   3.7900059E-03
    8.9780405E-03   1.0671122E-02   1.2635930E-02   7.5882970E-03   2.1442149E-02
    1.7688349E-02   2.0451200E-02   1.2425392E-02   3.6317352E-02   2.5684381E-02
    2.8966509E-02   1.8431967E-02   5.2860402E-02   3.4277883E-02   3.7758079E-02
    2.6001972E-02   7.0165688E-02   4.3015613E-02   4.7148893E-02   3.5907996E-02
    8.5472130E-02   9.3220612E-02   1.0921253E-01   1.2605395E-01   1.4310379E-01
    1.5975414E-01   1.7548910E-01   1.8981641E-01   2.0238527E-01   2.1304281E-01
    2.2177695E-01   2.2873096E-01   2.3409177E-01   2.3808624E-01   2.4091112E-01
    2.4269416E-01   2.4298962E-01   2.5012660E-01   2.7530407E-01

 2.0746271172E+02   9.8043954E+00   5.6571453E+10   1.7488563E+00   2.3649962E+02   1.9577686E+01   5.4466089E-01    29 
    6.0110760E-06   2.1508844E-06   3.1638778E-06   3.2847168E-07   7.9380281E-07
    8.0116689E-07   3.0848127E-07   4.1644950E-07   8.5414647E-06   1.8458381E-05
    1.8519911E-05   1.2760566E-05   1.2876937E-05   1.9948661E-05   2.2352194E-04
    3.9822305E-04   2.4585083E-04   5.2134416E-04   1.3494640E-03   2.2305233E-03
    1.3488584E-03   3.1960156E-03   4.0562985E-03   6.3708132E-03   3.8307612E-03
    9.0565838E-03   1.0712539E-02   1.2698365E-02   7.7182394E-03   2.1599518E-02
    1.7812289E-02   2.0588928E-02   1.2748514E-02   3.6665814E-02   2.5951993E-02
    2.9215138E-02   1.9128864E-02   5.3467963E-02   3.4766937E-02   3.8208834E-02
    2.7354119E-02   7.1074241E-02   4.3897447E-02   4.8081386E-02   3.8253201E-02
    8.6846309E-02   9.5840923E-02   1.1257181E-01   1.3023562E-01   1.4812616E-01
    1.6556285E-01   1.8196133E-01   1.9679783E-01   2.0972737E-01   2.2062348E-01
    2.2950787E-01   2.3655232E-01   2.4196839E-01   2.4599764E-01   2.4884795E-01
    2.5065255E-01   2.5096843E-01   2.5810580E-01   2.8350245E-01

 1.9964527876E+02   2.6476135E+00   6.9958705E+10   1.7502579E+00   1.1344800E+03   1.4760250E+01   6.3082741E-01    30 
    2.4120010E-05   1.0446413E-05   1.5684431E-05   1.8888916E-06   3.7336638E-06
    3.7967642E-06   1.7340367E-06   2.3987300E-06   1.1933269E-05   2.2037776E-05
    2.2818241E-05   1.6543614E-05   1.7177066E-05   2.5041600E-05   2.2833175E-04
    4.0602841E-04   2.5216403E-04   5.3314170E-04   1.3712027E-03   2.2641906E-03
    1.3774775E-03   3.2547704E-03   4.1249799E-03   6.4598738E-03   3.9211839E-03
    9.2432041E-03   1.0859575E-02   1.2884954E-02   7.9444550E-03   2.1967096E-02
    1.8098160E-02   2.0908483E-02   1.3242996E-02   3.7336679E-02   2.6447097E-02
    2.9713529E-02   2.0120506E-02   5.4519078E-02   3.5570175E-02   3.9016924E-02
    2.9190487E-02   7.2560302E-02   4.5244845E-02   4.9578439E-02   4.1330572E-02
    8.8958664E-02   9.9392286E-02   1.1707028E-01   1.3575262E-01   1.5465261E-01
    1.7300309E-01   1.9014962E-01   2.0554489E-01   2.1885988E-01   2.3000335E-01
    2.3903793E-01   2.4616805E-01   2.5163253E-01   2.5568914E-01   2.5855753E-01
    2.6037687E-01   2.6070772E-01   2.6783675E-01   2.9343464E-01

 1.9569474927E+02   1.1256072E+00   8.8534542E+10   1.7240766E+00   2.6484761E+03   1.0714354E+01   7.1468739E-01    31 
    2.2703043E-05   1.1575324E-05   1.7767935E-05   3.0272384E-06   5.1325957E-06
    5.2432677E-06   2.7888393E-06   3.9293593E-06   1.3506828E-05   2.1456808E-05
    2.3649728E-05   1.7859701E-05   1.8916877E-05   2.8084382E-05   2.0867463E-04
    3.7260897E-04   2.3312100E-04   4.9332498E-04   1.2843372E-03   2.1275840E-03
    1.3038171E-03   3.0796620E-03   3.9379962E-03   6.1686269E-03   3.7826033E-03
    8.9115081E-03   1.0458081E-02   1.2450785E-02   7.7971096E-03   2.1359640E-02
    1.7610439E-02   2.0368503E-02   1.3238270E-02   3.6622955E-02   2.5963013E-02
    2.9145417E-02   2.0533112E-02   5.3851099E-02   3.5224848E-02   3.8620817E-02
    3.0423008E-02   7.2081434E-02   4.5378064E-02   4.9840235E-02   4.3794589E-02
    8.8984318E-02   1.0088578E-01   1.1952850E-01   1.3926312E-01   1.5919885E-01
    1.7845028E-01   1.9628389E-01   2.1213699E-01   2.2571254E-01   2.3697156E-01
    2.4603144E-01   2.5313691E-01   2.5855774E-01   2.6256898E-01   2.6540106E-01
    2.6719829E-01   2.6753203E-01   2.7453959E-01   3.0016557E-01

 1.9539052305E+02   1.0074492E+00   1.1292398E+11   1.7038798E+00   2.6521706E+03   7.6630407E+00   7.8585074E-01    32 
    1.0469564E-05   5.5519507E-06   8.6136498E-06   1.8476113E-06   3.1156459E-06
    3.1723076E-06   1.7210027E-06   2.4438205E-06   1.0448043E-05   1.7543247E-05
    1.9222181E-05   1.4330506E-05   1.5008989E-05   2.2849646E-05   1.9238063E-04
    3.4648499E-04   2.1681552E-04   4.6027361E-04   1.2162996E-03   2.0248165E-03
    1.2432931E-03   2.9425441E-03   3.7873077E-03   5.9485306E-03   3.6615019E-03
    8.6319538E-03   1.0133232E-02   1.2108750E-02   7.6577173E-03   2.0870359E-02
    1.7193711E-02   1.9904318E-02   1.3220782E-02   3.6009129E-02   2.5510400E-02
    2.8591057E-02   2.0930851E-02   5.3215958E-02   3.4838526E-02   3.8167254E-02
    3.1659258E-02   7.1552332E-02   4.5417679E-02   4.9978232E-02   4.6241528E-02
    8.8823683E-02   1.0188372E-01   1.2148309E-01   1.4228637E-01   1.6324449E-01
    1.8331076E-01   2.0166680E-01   2.1775775E-01   2.3135137E-01   2.4248942E-01
    2.5136231E-01   2.5826452E-01   2.6349878E-01   2.6735588E-01   2.7007309E-01
    2.7179663E-01   2.7211514E-01   2.7884221E-01   3.0437471E-01

 1.9524411937E+02   9.1875287E-01   1.5615064E+11   1.6857604E+00   2.6398758E+03   5.1260689E+00   8.5078542E-01    33 
    4.6258029E-06   2.5530057E-06   3.9993808E-06   1.0592661E-06   1.7651548E-06
    1.7924473E-06   9.9610358E-07   1.4240117E-06   8.1254539E-06   1.4713045E-05
    1.5862427E-05   1.1646977E-05   1.2053795E-05   1.8755054E-05   1.7950498E-04
    3.2638108E-04   2.0424383E-04   4.3497095E-04   1.1632534E-03   1.9481747E-03
    1.1985432E-03   2.8429839E-03   3.6760850E-03   5.7911363E-03   3.5828342E-03
    8.4462653E-03   9.8929655E-03   1.1876419E-02   7.6271361E-03   2.0590809E-02
    1.6918360E-02   1.9594235E-02   1.3473279E-02   3.5741745E-02   2.5281614E-02
    2.8280258E-02   2.1935036E-02   5.3098538E-02   3.4860483E-02   3.8252202E-02
    3.4041828E-02   7.1789446E-02   4.6388918E-02   5.1309233E-02   5.0493446E-02
    8.9827626E-02   1.0476293E-01   1.2605222E-01   1.4864394E-01   1.7119735E-01
    1.9244228E-01   2.1149215E-01   2.2785874E-01   2.4143484E-01   2.5238627E-01
    2.6100206E-01   2.6763866E-01   2.7263616E-01   2.7630120E-01   2.7887665E-01
    2.8050923E-01   2.8080818E-01   2.8718264E-01   3.1244622E-01

 1.9510216691E+02   8.0974152E-01   2.1310367E+11   1.6670195E+00   2.6855917E+03   3.5832761E+00   8.9304425E-01    34 
    2.0586156E-06   1.1898834E-06   1.8831104E-06   6.2334116E-07   1.0045980E-06
    1.0172978E-06   5.8936734E-07   8.4839570E-07   6.5315125E-06   1.2639931E-05
    1.3432158E-05   9.7528148E-06   9.9992809E-06   1.5851767E-05   1.6747793E-04
    3.0748582E-04   1.9259096E-04   4.1146841E-04   1.1128316E-03   1.8757475E-03
    1.1570176E-03   2.7509240E-03   3.5731093E-03   5.6435873E-03   3.5158923E-03
    8.2837866E-03   9.6705184E-03   1.1664583E-02   7.6415027E-03   2.0372812E-02
    1.6683257E-02   1.9330012E-02   1.3861302E-02   3.5600870E-02   2.5149359E-02
    2.8132663E-02   2.3239351E-02   5.3218816E-02   3.5185091E-02   3.8828450E-02
    3.6922004E-02   7.2467796E-02   4.8173758E-02   5.3650271E-02   5.5429113E-02
    9.1617256E-02   1.0886372E-01   1.3229174E-01   1.5699404E-01   1.8128363E-01
    2.0370848E-01   2.2339236E-01   2.3997405E-01   2.5349856E-01   2.6425867E-01
    2.7263367E-01   2.7903205E-01   2.8382248E-01   2.8732211E-01   2.8977629E-01
    2.9133087E-01   2.9161331E-01   2.9767566E-01   3.2250266E-01

 1.9493994216E+02   6.6581103E-01   2.9739816E+11   1.6479089E+00   2.9018653E+03   2.4841247E+00   9.2450484E-01    35 
    9.3078490E-07   5.6624645E-07   9.0607286E-07   3.8042773E-07   5.8065782E-07
    5.8652293E-07   3.5895062E-07   5.2049321E-07   5.4169142E-06   1.1092276E-05
    1.1650354E-05   8.3964828E-06   8.5490855E-06   1.3749124E-05   1.5677025E-04
    2.9092801E-04   1.8253820E-04   3.9138460E-04   1.0688097E-03   1.8146147E-03
    1.1235530E-03   2.6783877E-03   3.4922283E-03   5.5257084E-03   3.4786553E-03
    8.1820957E-03   9.4978535E-03   1.1514429E-02   7.7601904E-03   2.0311966E-02
    1.6554249E-02   1.9195022E-02   1.4543658E-02   3.5767715E-02   2.5267380E-02
    2.8356436E-02   2.5184107E-02   5.3894493E-02   3.6215319E-02   4.0364653E-02
    4.0912514E-02   7.4129636E-02   5.1609477E-02   5.7846214E-02   6.2055351E-02
    9.5076362E-02   1.1551376E-01   1.4190168E-01   1.6929489E-01   1.9561634E-01
    2.1931112E-01   2.3961697E-01   2.5637214E-01   2.6980850E-01   2.8035575E-01
    2.8848191E-01   2.9464293E-01   2.9923126E-01   3.0257124E-01   3.0490875E-01
    3.0638786E-01   3.0665448E-01   3.1240537E-01   3.3660016E-01

 1.9476573474E+02   5.0080244E-01   4.1888729E+11   1.6292138E+00   3.4428666E+03   1.7247694E+00   9.4692269E-01    36 
    4.5768923E-07   2.9370621E-07   4.7530275E-07   2.5731235E-07   3.6970877E-07
    3.7269506E-07   2.4071754E-07   3.5167357E-07   4.6780962E-06   9.9823610E-06
    1.0412500E-05   7.4808906E-06   7.5856869E-06   1.2316704E-05   1.4790589E-04
    2.7766353E-04   1.7470061E-04   3.7609774E-04   1.0346494E-03   1.7699478E-03
    1.1019567E-03   2.6343200E-03   3.4449770E-03   5.4512729E-03   3.4845151E-03
    8.1674292E-03   9.4030922E-03   1.1456351E-02   8.0249733E-03   2.0474518E-02
    1.6590851E-02   1.9276427E-02   1.5616066E-02   3.6373606E-02   2.5811998E-02
    2.9192699E-02   2.7931302E-02   5.5378534E-02   3.8412901E-02   4.3321191E-02
    4.6271627E-02   7.7240153E-02   5.7447709E-02   6.4548353E-02   7.0825110E-02
    1.0093902E-01   1.2559420E-01   1.5578121E-01   1.8632214E-01   2.1481322E-01
    2.3974721E-01   2.6059459E-01   2.7745250E-01   2.9075716E-01   3.0107285E-01
    3.0894789E-01   3.1487799E-01   3.1927346E-01   3.2246259E-01   3.2468989E-01
    3.2609708E-01   3.2634866E-01   3.3179332E-01   3.5517260E-01

 1.9458212830E+02   3.3605193E-01   5.9359662E+11   1.6111357E+00   4.6353240E+03   1.1991733E+00   9.6277512E-01    37 
    2.5539173E-07   1.7300791E-07   2.8318757E-07   2.0157364E-07   2.7205301E-07
    2.7379360E-07   1.8615947E-07   2.7414579E-07   4.1925678E-06   9.1950507E-06
    9.5768527E-06   6.8798713E-06   6.9633298E-06   1.1398962E-05   1.4102110E-04
    2.6805000E-04   1.6931904E-04   3.6627124E-04   1.0124084E-03   1.7447223E-03
    1.0950699E-03   2.6252863E-03   3.4410847E-03   5.4304432E-03   3.5475974E-03
    8.2640730E-03   9.4132070E-03   1.1522440E-02   8.4914471E-03   2.0931112E-02
    1.6874047E-02   1.9696208E-02   1.7218208E-02   3.7581937E-02   2.7070887E-02
    3.0979980E-02   3.1753933E-02   5.8022376E-02   4.2460657E-02   4.8335979E-02
    5.3521999E-02   8.2469456E-02   6.6714567E-02   7.4693832E-02   8.2632885E-02
    1.1022404E-01   1.4027947E-01   1.7505132E-01   2.0903243E-01   2.3967856E-01
    2.6572355E-01   2.8698140E-01   3.0384778E-01   3.1696588E-01   3.2702450E-01
    3.3464062E-01   3.4034119E-01   3.4454858E-01   3.4759183E-01   3.4971245E-01
    3.5104921E-01   3.5128586E-01   3.5642177E-01   3.7880345E-01

 1.9438880145E+02   1.9586461E-01   8.4688743E+11   1.5961344E+00   7.4088519E+03   8.3233704E-01   9.7400494E-01    38 
    1.8231925E-07   1.2939153E-07   2.1401930E-07   1.9681191E-07   2.4986407E-07
    2.5111749E-07   1.7855992E-07   2.6510526E-07   3.9751748E-06   8.8199923E-06
    9.2358378E-06   6.6453889E-06   6.7270799E-06   1.1119996E-05   1.3781754E-04
    2.6532087E-04   1.6843237E-04   3.6644027E-04   1.0127708E-03   1.7561021E-03
    1.1149276E-03   2.6789753E-03   3.5150984E-03   5.5088739E-03   3.7094990E-03
    8.5512795E-03   9.6152909E-03   1.1819707E-02   9.2854773E-03   2.1876000E-02
    1.7620263E-02   2.0734820E-02   1.9636637E-02   3.9776736E-02   2.9635263E-02
    3.4347125E-02   3.7222611E-02   6.2552332E-02   4.9520455E-02   5.6520041E-02
    6.3727909E-02   9.1043157E-02   8.1021316E-02   8.9844607E-02   9.9071602E-02
    1.2458074E-01   1.6131925E-01   2.0132015E-01   2.3883973E-01   2.7148691E-01
    2.9843954E-01   3.1994220E-01   3.3670708E-01   3.4957486E-01   3.5934385E-01
    3.6668684E-01   3.7215334E-01   3.7617228E-01   3.7907036E-01   3.8108457E-01
    3.8235015E-01   3.8257120E-01   3.8738673E-01   4.0858876E-01

 1.9418707353E+02   9.7266645E-02   1.2136926E+12   1.5869584E+00   1.4773141E+04   5.7719629E-01   9.8189683E-01    39 
    1.9175789E-07   1.4052373E-07   2.3377209E-07   2.6271696E-07   3.1618950E-07
    3.1742743E-07   2.3337693E-07   3.4845840E-07   4.1384310E-06   9.0349332E-06
    9.6342982E-06   6.9455124E-06   7.0517995E-06   1.1834514E-05   1.4029203E-04
    2.7331954E-04   1.7452296E-04   3.8215638E-04   1.0488009E-03   1.8247436E-03
    1.1767782E-03   2.8294898E-03   3.7110401E-03   5.7423347E-03   4.0267074E-03
    9.1281952E-03   1.0127346E-02   1.2497295E-02   1.0584602E-02   2.3557662E-02
    1.9173330E-02   2.2807196E-02   2.3283655E-02   4.3475208E-02   3.4412141E-02
    4.0206483E-02   4.5196500E-02   6.9973505E-02   6.1191748E-02   6.9412700E-02
    7.8405774E-02   1.0455563E-01   1.0231509E-01   1.1190408E-01   1.2207038E-01
    1.4588624E-01   1.9042768E-01   2.3596411E-01   2.7684402E-01   3.1117693E-01
    3.3875651E-01   3.6030447E-01   3.7684241E-01   3.8938737E-01   3.9882763E-01
    4.0587762E-01   4.1110062E-01   4.1492664E-01   4.1767710E-01   4.1958287E-01
    4.2077498E-01   4.2097922E-01   4.2545560E-01   4.4530171E-01

 1.9397839230E+02   4.0252916E-02   1.7432824E+12   1.5843331E+00   3.8443576E+04   4.0037487E-01   9.8740569E-01    40 
    3.2047579E-07   2.4057260E-07   3.9690250E-07   5.1678264E-07   5.9617675E-07
    5.9801265E-07   4.5127032E-07   6.7083736E-07   5.0221398E-06   1.0133895E-05
    1.1356675E-05   8.1908958E-06   8.3873109E-06   1.4494149E-05   1.4978445E-04
    2.9463524E-04   1.8939239E-04   4.1765499E-04   1.1303239E-03   1.9644313E-03
    1.2935457E-03   3.1028917E-03   4.0677870E-03   6.1725901E-03   4.5594236E-03
    1.0078803E-02   1.1078518E-02   1.3722738E-02   1.2605684E-02   2.6215130E-02
    2.2023866E-02   2.6460282E-02   2.8704929E-02   4.9262186E-02   4.2656392E-02
    4.9779760E-02   5.6855053E-02   8.1488445E-02   7.9422316E-02   8.8882601E-02
    9.9390285E-02   1.2472767E-01   1.3251968E-01   1.4273274E-01   1.5348018E-01
    1.7579666E-01   2.2877998E-01   2.7967378E-01   3.2342927E-01   3.5897476E-01
    3.8682666E-01   4.0818472E-01   4.2435016E-01   4.3648582E-01   4.4554722E-01
    4.5227544E-01   4.5723840E-01   4.6086171E-01   4.6345828E-01   4.6525099E-01
    4.6636576E-01   4.6655170E-01   4.7066178E-01   4.8897597E-01

 1.9376359179E+02   1.3505832E-02   2.5045837E+12   1.5894412E+00   1.3769313E+05   2.7814994E-01   9.9123263E-01    41 
    9.3427452E-07   7.2165849E-07   1.1460997E-06   1.6528726E-06   1.8566178E-06
    1.8612423E-06   1.4418203E-06   2.0854450E-06   8.5128848E-06   1.3589701E-05
    1.7444490E-05   1.2546185E-05   1.3105356E-05   2.4038690E-05   1.6980868E-04
    3.3524780E-04   2.1715287E-04   4.8271982E-04   1.2755494E-03   2.1992987E-03
    1.4881408E-03   3.5430744E-03   4.6489834E-03   6.8707153E-03   5.4056664E-03
    1.1533439E-02   1.2699823E-02   1.5781797E-02   1.5682266E-02   3.0211400E-02
    2.6993548E-02   3.2550325E-02   3.6740232E-02   5.8011239E-02   5.6152476E-02
    6.4787104E-02   7.3861399E-02   9.8698285E-02   1.0643058E-01   1.1704709E-01
    1.2873018E-01   1.5339129E-01   1.7323548E-01   1.8386210E-01   1.9480736E-01
    2.1561639E-01   2.7695995E-01   3.3252172E-01   3.7840152E-01   4.1456660E-01
    4.4228448E-01   4.6319262E-01   4.7882492E-01   4.9045378E-01   4.9907759E-01
    5.0544871E-01   5.1013030E-01   5.1353761E-01   5.1597162E-01   5.1764502E-01
    5.1867764E-01   5.1884368E-01   5.2255624E-01   5.3916804E-01

 1.9353826930E+02   3.5767167E-03   3.6097410E+12   1.6045168E+00   7.2800717E+05   1.9288444E-01   9.9391159E-01    42 
    5.4088059E-06   4.3770612E-06   6.3791185E-06   9.8236860E-06   1.0941220E-05
    1.0964320E-05   8.8035931E-06   1.1928710E-05   3.0273081E-05   3.0972051E-05
    5.2116744E-05   3.7631137E-05   4.0293777E-05   7.9860564E-05   2.1574578E-04
    4.1756738E-04   2.7358455E-04   6.1612118E-04   1.5301027E-03   2.5886214E-03
    1.8150712E-03   4.2510844E-03   5.5857950E-03   7.9893311E-03   6.7618468E-03
    1.3760518E-02   1.5464441E-02   1.9226605E-02   2.0425003E-02   3.6228552E-02
    3.5537230E-02   4.2555217E-02   4.8862506E-02   7.1222364E-02   7.7529901E-02
    8.7775969E-02   9.8689484E-02   1.2391483E-01   1.4483983E-01   1.5642159E-01
    1.6885765E-01   1.9271594E-01   2.2603431E-01   2.3681064E-01   2.4755942E-01
    2.6669359E-01   3.3559359E-01   3.9472123E-01   4.4178321E-01   4.7789188E-01
    5.0502754E-01   5.2519937E-01   5.4011864E-01   5.5112854E-01   5.5924471E-01
    5.6521459E-01   5.6958648E-01   5.7275913E-01   5.7501805E-01   5.7656336E-01
    5.7750766E-01   5.7765199E-01   5.8093175E-01   5.9566112E-01

 1.9330469342E+02   7.8052734E-04   5.1755975E+12   1.6309910E+00   5.5858105E+06   1.3459555E-01   9.9574735E-01    43 
    6.3209531E-05   5.4895967E-05   6.9739911E-05   1.1129294E-04   1.2459321E-04
    1.2482958E-04   1.0561153E-04   1.2847609E-04   2.7540954E-04   2.1392008E-04
    4.1983964E-04   3.1345731E-04   3.3276388E-04   6.7234685E-04   4.3504791E-04
    7.2426435E-04   4.9643602E-04   1.1473373E-03   2.1005635E-03   3.3838841E-03
    2.4932400E-03   5.5938868E-03   7.2079726E-03   9.9048363E-03   9.1052196E-03
    1.7460353E-02   2.0291131E-02   2.5034991E-02   2.7820033E-02   4.5367200E-02
    4.9699575E-02   5.8445102E-02   6.6957369E-02   9.0711430E-02   1.0915017E-01
    1.2092532E-01   1.3333261E-01   1.5885362E-01   1.9545584E-01   2.0766735E-01
    2.2034201E-01   2.4306949E-01   2.8980168E-01   3.0042639E-01   3.1061043E-01
    3.2787032E-01   4.0257359E-01   4.6371094E-01   5.1082667E-01   5.4613690E-01
    5.7222292E-01   5.9137080E-01   6.0540184E-01   6.1568572E-01   6.2322815E-01
    6.2875535E-01   6.3279124E-01   6.3571224E-01   6.3778517E-01   6.3919526E-01
    6.4004675E-01   6.4016834E-01   6.4299363E-01   6.5572540E-01

 1.9308763831E+02   1.6379542E-04   7.0975300E+12   1.6648636E+00   4.9489161E+07   9.8262275E-02   9.9689345E-01    44 
    1.0703245E-03   1.0039939E-03   1.0982144E-03   1.7739413E-03   2.0013826E-03
    2.0049883E-03   1.7998027E-03   1.9398636E-03   3.9869254E-03   3.0349851E-03
    5.7431386E-03   4.4929359E-03   4.6133271E-03   9.1134046E-03   3.1258282E-03
    3.9062025E-03   3.0249960E-03   6.7298012E-03   5.5965803E-03   7.6568570E-03
    6.1606825E-03   1.1669203E-02   1.2439643E-02   1.5836453E-02   1.6383526E-02
    2.8858090E-02   3.1420321E-02   3.7374829E-02   4.1900457E-02   6.2707719E-02
    7.3575528E-02   8.4019448E-02   9.4826272E-02   1.2037784E-01   1.5174122E-01
    1.6472211E-01   1.7809513E-01   2.0378302E-01   2.5476528E-01   2.6712961E-01
    2.7962074E-01   3.0106068E-01   3.5817685E-01   3.6834403E-01   3.7770928E-01
    3.9306433E-01   4.7055999E-01   5.3162832E-01   5.7752459E-01   6.1129904E-01
    6.3592424E-01   6.5382029E-01   6.6683923E-01   6.7633013E-01   6.8326392E-01
    6.8833076E-01   6.9202260E-01   6.9468857E-01   6.9657498E-01   6.9785109E-01
    6.9861212E-01   6.9871244E-01   7.0110926E-01   7.1194677E-01

 1.9287959299E+02   3.6618902E-05   9.4286959E+12   1.7048605E+00   4.4700182E+08   7.4082062E-02   9.9765696E-01    45 
    2.1622145E-02   2.1782576E-02   2.0844595E-02   3.3538489E-02   3.7891742E-02
    3.7959189E-02   3.6137659E-02   3.4859311E-02   6.9181710E-02   5.4472079E-02
    9.5569907E-02   7.8264463E-02   7.7343554E-02   1.4839163E-01   5.0831874E-02
    5.6420219E-02   4.8024090E-02   9.6007634E-02   5.9045840E-02   6.8721372E-02
    6.0903488E-02   9.2182713E-02   7.4818733E-02   8.3565433E-02   9.7823047E-02
    1.4912699E-01   1.1954207E-01   1.2767991E-01   1.3584218E-01   1.7714811E-01
    1.8382617E-01   1.9603338E-01   2.1335957E-01   2.4586490E-01   2.7420615E-01
    2.8844894E-01   3.0279307E-01   3.3069981E-01   3.8574922E-01   3.9689400E-01
    4.0918391E-01   4.2976151E-01   4.8723479E-01   4.9559516E-01   5.0305343E-01
    5.1523342E-01   5.8567241E-01   6.3896494E-01   6.7833539E-01   7.0688626E-01
    7.2749740E-01   7.4230580E-01   7.5299962E-01   7.6074768E-01   7.6638930E-01
    7.7050150E-01   7.7349503E-01   7.7564917E-01   7.7716837E-01   7.7818954E-01
    7.7879041E-01   7.7886232E-01   7.8064574E-01   7.8876649E-01

 1.9267392602E+02   2.4326296E-05   1.2257472E+13   1.7509257E+00   1.4673483E+09   5.7088584E-02   9.9819391E-01    46 
    1.8002655E-01   1.9200947E-01   1.6717513E-01   2.6370596E-01   2.9474690E-01
    2.9528894E-01   2.9610057E-01   2.6369738E-01   4.9547422E-01   4.0639844E-01
    6.6011167E-01   5.6188974E-01   5.3690616E-01   9.9840580E-01   3.7486802E-01
    3.9045768E-01   3.5883893E-01   6.4499018E-01   4.0745752E-01   4.4707330E-01
    4.2142414E-01   5.7870102E-01   4.7173305E-01   5.0311703E-01   5.8975481E-01
    8.1074202E-01   6.1307260E-01   6.2604257E-01   6.4784129E-01   7.6543777E-01
    7.1686511E-01   7.2824244E-01   7.6511487E-01   8.1654110E-01   7.6655553E-01
    7.8020169E-01   7.9483088E-01   8.2890718E-01   8.3743424E-01   8.4174860E-01
    8.5288278E-01   8.7160989E-01   8.8629840E-01   8.8740731E-01   8.8862139E-01
    8.9192363E-01   9.1309578E-01   9.2624093E-01   9.3640067E-01   9.4367582E-01
    9.4892666E-01   9.5243999E-01   9.5488810E-01   9.5658599E-01   9.5781049E-01
    9.5869329E-01   9.5934453E-01   9.5979527E-01   9.6010713E-01   9.6031078E-01
    9.6042741E-01   9.6043893E-01   9.6075813E-01   9.6235200E-01

 1.9246588142E+02   9.6718099E-05   1.5693384E+13   1.8035768E+00   8.6897915E+08   4.4679373E-02   9.9858621E-01    47 
    3.0242035E-01   3.3474050E-01   2.7987656E-01   4.2524969E-01   4.6358484E-01
    4.6451994E-01   4.8471791E-01   4.1697869E-01   7.2203466E-01   6.1733644E-01
    9.3195255E-01   8.1598671E-01   7.6395848E-01   1.3678512E+00   5.6705483E-01
    5.5732194E-01   5.5234461E-01   8.9887510E-01   5.9915035E-01   6.3078840E-01
    6.2720577E-01   8.0654409E-01   6.8591861E-01   7.1700539E-01   8.2457382E-01
    1.0509389E+00   8.3416208E-01   8.4645648E-01   8.7411475E-01   9.8376762E-01
    9.3284693E-01   9.4003073E-01   9.7391190E-01   1.0159942E+00   9.5264977E-01
    9.6215061E-01   9.7385177E-01   1.0011662E+00   9.9048630E-01   9.9216045E-01
    1.0003769E+00   1.0138708E+00   1.0108659E+00   1.0099411E+00   1.0095088E+00
    1.0102170E+00   1.0118089E+00   1.0107416E+00   1.0105927E+00   1.0104795E+00
    1.0104225E+00   1.0101681E+00   1.0099148E+00   1.0096663E+00   1.0094775E+00
    1.0093316E+00   1.0092339E+00   1.0091480E+00   1.0090826E+00   1.0090347E+00
    1.0090057E+00   1.0090022E+00   1.0089225E+00   1.0086820E+00

 1.9225154893E+02   6.1983660E-04   1.9880095E+13   1.8637063E+00   3.4507517E+08   3.5347023E-02   9.9888134E-01    48 
    3.7852693E-01   4.2589574E-01   3.6118663E-01   5.2014077E-01   5.4581886E-01
    5.4710503E-01   5.8582626E-01   5.1007073E-01   7.9417083E-01   7.0712049E-01
    9.9605740E-01   8.8733168E-01   8.2992327E-01   1.4127720E+00   6.4830088E-01
    6.0422993E-01   6.4327715E-01   9.5567102E-01   6.6916073E-01   6.8140300E-01
    7.0966155E-01   8.6483229E-01   7.5839612E-01   7.8104317E-01   8.8213859E-01
    1.0563605E+00   8.7994935E-01   8.8986653E-01   9.1843851E-01   9.9813911E-01
    9.6169943E-01   9.6588689E-01   9.9205555E-01   1.0214010E+00   9.7203036E-01
    9.7856430E-01   9.8791598E-01   1.0080395E+00   9.9710442E-01   9.9857162E-01
    1.0047510E+00   1.0144570E+00   1.0105083E+00   1.0099282E+00   1.0098448E+00
    1.0107306E+00   1.0107268E+00   1.0093658E+00   1.0088517E+00   1.0084862E+00
    1.0082309E+00   1.0079137E+00   1.0076409E+00   1.0074007E+00   1.0072211E+00
    1.0070843E+00   1.0069902E+00   1.0069127E+00   1.0068550E+00   1.0068140E+00
    1.0067897E+00   1.0067873E+00   1.0067262E+00   1.0065272E+00

 1.9202750068E+02   4.9383318E-03   2.5005307E+13   1.9325354E+00   1.1916587E+08   2.8167952E-02   9.9910843E-01    49 
    4.5655945E-01   5.1289230E-01   4.5648038E-01   6.1817931E-01   6.2230480E-01
    6.2407404E-01   6.7584263E-01   6.1306810E-01   8.5135765E-01   7.8842801E-01
    1.0379745E+00   9.3463028E-01   8.8806448E-01   1.4119325E+00   7.2205439E-01
    6.4581133E-01   7.2888914E-01   9.9628144E-01   7.3094418E-01   7.2737646E-01
    7.8359608E-01   9.1261708E-01   8.1873359E-01   8.3387796E-01   9.2547982E-01
    1.0534276E+00   9.1427873E-01   9.2190489E-01   9.4999897E-01   1.0054947E+00
    9.7845051E-01   9.8049649E-01   1.0006238E+00   1.0205128E+00   9.8166336E-01
    9.8612710E-01   9.9367404E-01   1.0085431E+00   9.9788969E-01   9.9924178E-01
    1.0039581E+00   1.0110363E+00   1.0068673E+00   1.0066118E+00   1.0068407E+00
    1.0079328E+00   1.0073868E+00   1.0062490E+00   1.0057749E+00   1.0054476E+00
    1.0052120E+00   1.0049636E+00   1.0047580E+00   1.0045824E+00   1.0044519E+00
    1.0043528E+00   1.0042842E+00   1.0042290E+00   1.0041882E+00   1.0041596E+00
    1.0041430E+00   1.0041417E+00   1.0041032E+00   1.0039771E+00

 1.9179066694E+02   4.7440384E-02   3.1307880E+13   2.0117453E+00   3.6888933E+07   2.2553724E-02   9.9928607E-01    50 
    5.4803466E-01   6.0306731E-01   5.5335126E-01   7.1142950E-01   7.0829875E-01
    7.1059598E-01   7.6067024E-01   7.0801271E-01   9.0361999E-01   8.7361117E-01
    1.0712898E+00   9.7710559E-01   9.3880158E-01   1.3648636E+00   7.9471133E-01
    6.9791394E-01   8.0948191E-01   1.0198457E+00   7.9326145E-01   7.8019672E-01
    8.5063553E-01   9.4963105E-01   8.7497151E-01   8.8361986E-01   9.6065807E-01
    1.0486550E+00   9.4513055E-01   9.5026221E-01   9.7496202E-01   1.0109883E+00
    9.9150647E-01   9.9184767E-01   1.0065627E+00   1.0191578E+00   9.8918566E-01
    9.9202963E-01   9.9778287E-01   1.0084444E+00   9.9884177E-01   9.9995585E-01
    1.0034080E+00   1.0084318E+00   1.0045392E+00   1.0044514E+00   1.0047873E+00
    1.0058680E+00   1.0050633E+00   1.0041350E+00   1.0037162E+00   1.0034349E+00
    1.0032301E+00   1.0030394E+00   1.0028864E+00   1.0027598E+00   1.0026663E+00
    1.0025958E+00   1.0025465E+00   1.0025078E+00   1.0024795E+00   1.0024599E+00
    1.0024487E+00   1.0024480E+00   1.0024244E+00   1.0023461E+00

 1.9153827856E+02   5.5598700E-01   3.9062128E+13   2.1034254E+00   1.0110314E+07   1.8124758E-02   9.9942622E-01    51 
    6.4751314E-01   6.8660440E-01   6.4832310E-01   7.9208507E-01   7.9451331E-01
    7.9712292E-01   8.2894993E-01   7.9047595E-01   9.4270591E-01   9.5297258E-01
    1.0945957E+00   1.0029815E+00   9.7564816E-01   1.2798871E+00   8.6090867E-01
    7.6297342E-01   8.7772016E-01   1.0242120E+00   8.5309188E-01   8.3737400E-01
    9.0460102E-01   9.7134987E-01   9.2288901E-01   9.2641642E-01   9.8412746E-01
    1.0388854E+00   9.6889892E-01   9.7177622E-01   9.9061186E-01   1.0115882E+00
    9.9933893E-01   9.9858217E-01   1.0083330E+00   1.0155558E+00   9.9449927E-01
    9.9606148E-01   1.0000288E+00   1.0070563E+00   9.9960534E-01   1.0004013E+00
    1.0027233E+00   1.0060043E+00   1.0029714E+00   1.0029369E+00   1.0032274E+00
    1.0040866E+00   1.0033123E+00   1.0026235E+00   1.0022944E+00   1.0020772E+00
    1.0019180E+00   1.0017811E+00   1.0016731E+00   1.0015860E+00   1.0015220E+00
    1.0014738E+00   1.0014400E+00   1.0014140E+00   1.0013951E+00   1.0013821E+00
    1.0013749E+00   1.0013746E+00   1.0013608E+00   1.0013143E+00

 1.9126797534E+02   7.9767230E+00   4.8551417E+13   2.2096271E+00   2.4292500E+06   1.4623860E-02   9.9953702E-01    52 
    7.3949280E-01   7.5546994E-01   7.3956895E-01   8.5642332E-01   8.6256335E-01
    8.6466262E-01   8.7507975E-01   8.6019070E-01   9.6197276E-01   1.0131749E+00
    1.1045564E+00   1.0052757E+00   9.9586919E-01   1.1751762E+00   9.1436138E-01
    8.3614840E-01   9.2751149E-01   1.0128121E+00   9.0516655E-01   8.9233630E-01
    9.4142850E-01   9.7839967E-01   9.5788254E-01   9.5809503E-01   9.9456904E-01
    1.0239261E+00   9.8309823E-01   9.8445034E-01   9.9633903E-01   1.0066731E+00
    1.0015805E+00   1.0004155E+00   1.0058965E+00   1.0095093E+00   9.9744580E-01
    9.9806405E-01   1.0003902E+00   1.0043190E+00   9.9982635E-01   1.0003037E+00
    1.0016609E+00   1.0034721E+00   1.0017220E+00   1.0016826E+00   1.0018453E+00
    1.0023602E+00   1.0018595E+00   1.0014522E+00   1.0012537E+00   1.0011230E+00
    1.0010242E+00   1.0009415E+00   1.0008756E+00   1.0008229E+00   1.0007840E+00
    1.0007547E+00   1.0007340E+00   1.0007183E+00   1.0007069E+00   1.0006992E+00
    1.0006949E+00   1.0006948E+00   1.0006876E+00   1.0006631E+00

 1.9097798642E+02   1.3344134E+02   5.9998022E+13   2.3317171E+00   5.2594808E+05   1.1870283E-02   9.9962418E-01    53 
    8.1901594E-01   8.2243901E-01   8.1911762E-01   9.0713421E-01   9.0994941E-01
    9.1081756E-01   9.1507208E-01   9.1248194E-01   9.7005272E-01   1.0577559E+00
    1.1102268E+00   1.0037754E+00   1.0051107E+00   1.0732850E+00   9.5540309E-01
    9.0220924E-01   9.6168823E-01   9.9631179E-01   9.4627292E-01   9.3677854E-01
    9.6492310E-01   9.7921926E-01   9.8014306E-01   9.7832998E-01   9.9744208E-01
    1.0099638E+00   9.9058627E-01   9.9104282E-01   9.9727442E-01   1.0010170E+00
    1.0011583E+00   1.0000123E+00   1.0025029E+00   1.0039473E+00   9.9873049E-01
    9.9876090E-01   9.9986481E-01   1.0016242E+00   9.9971720E-01   9.9995417E-01
    1.0006249E+00   1.0014197E+00   1.0007930E+00   1.0007409E+00   1.0007860E+00
    1.0010062E+00   1.0008153E+00   1.0006493E+00   1.0005712E+00   1.0005180E+00
    1.0004730E+00   1.0004339E+00   1.0004011E+00   1.0003743E+00   1.0003541E+00
    1.0003389E+00   1.0003281E+00   1.0003199E+00   1.0003139E+00   1.0003099E+00
    1.0003076E+00   1.0003076E+00   1.0003044E+00   1.0002934E+00

 1.9066708662E+02   2.3900141E+03   7.3452265E+13   2.4702557E+00   1.0691857E+05   9.7292582E-03   9.9969196E-01    54 
    8.8563161E-01   8.8613018E-01   8.8564430E-01   9.4797305E-01   9.4264749E-01
    9.4338571E-01   9.5208104E-01   9.5203478E-01   9.7690127E-01   1.0825967E+00
    1.1081155E+00   1.0088275E+00   1.0138937E+00   9.8846645E-01   9.8490065E-01
    9.5121653E-01   9.8505561E-01   9.8292462E-01   9.7535129E-01   9.6757336E-01
    9.8017479E-01   9.8022861E-01   9.9260605E-01   9.8974936E-01   9.9777110E-01
    1.0008148E+00   9.9462775E-01   9.9462718E-01   9.9735752E-01   9.9756999E-01
    1.0003645E+00   9.9943759E-01   1.0002502E+00   1.0005405E+00   9.9928054E-01
    9.9903821E-01   9.9941455E-01   9.9998332E-01   9.9961407E-01   9.9970914E-01
    9.9997784E-01   1.0002197E+00   1.0002330E+00   1.0001821E+00   1.0001618E+00
    1.0002130E+00   1.0002232E+00   1.0002039E+00   1.0001999E+00   1.0001942E+00
    1.0001828E+00   1.0001703E+00   1.0001580E+00   1.0001470E+00   1.0001384E+00
    1.0001318E+00   1.0001271E+00   1.0001234E+00   1.0001208E+00   1.0001190E+00
    1.0001180E+00   1.0001180E+00   1.0001168E+00   1.0001127E+00

 1.9033386406E+02   4.0441126E+04   8.8603118E+13   2.6252592E+00   2.1229582E+04   8.0997417E-03   9.9974354E-01    55 
    9.4030902E-01   9.4037760E-01   9.4030421E-01   9.8154091E-01   9.7553759E-01
    9.7672509E-01   9.8416042E-01   9.8456098E-01   9.8819867E-01   1.0770864E+00
    1.0843601E+00   1.0057400E+00   1.0017629E+00   9.2589853E-01   1.0056905E+00
    9.8587594E-01   1.0016440E+00   9.7191334E-01   9.9545880E-01   9.8828414E-01
    9.9052264E-01   9.8082799E-01   9.9913889E-01   9.9570469E-01   9.9699637E-01
    9.9440719E-01   9.9708819E-01   9.9673456E-01   9.9733843E-01   9.9561709E-01
    9.9985736E-01   9.9915096E-01   9.9907485E-01   9.9864515E-01   9.9952307E-01
    9.9918583E-01   9.9915123E-01   9.9910262E-01   9.9957836E-01   9.9958803E-01
    9.9962774E-01   9.9958090E-01   9.9992854E-01   9.9988235E-01   9.9982677E-01
    9.9978497E-01   9.9990769E-01   9.9996909E-01   1.0000067E+00   1.0000279E+00
    1.0000362E+00   1.0000391E+00   1.0000387E+00   1.0000371E+00   1.0000353E+00
    1.0000339E+00   1.0000327E+00   1.0000318E+00   1.0000311E+00   1.0000306E+00
    1.0000303E+00   1.0000304E+00   1.0000301E+00   1.0000293E+00

 1.8997519973E+02   5.4703529E+05   1.0474053E+14   2.7967721E+00   4.2291016E+03   6.8979569E-03   9.9978159E-01    56 
    9.8192720E-01   9.8193752E-01   9.8192361E-01   1.0084864E+00   1.0067429E+00
    1.0082003E+00   1.0118895E+00   1.0125342E+00   9.9984725E-01   1.0486459E+00
    1.0448359E+00   9.7665958E-01   9.6210866E-01   8.9246056E-01   1.0188261E+00
    1.0085783E+00   1.0103138E+00   9.6358849E-01   1.0079787E+00   1.0011361E+00
    9.9652732E-01   9.8040935E-01   1.0017576E+00   9.9803323E-01   9.9523074E-01
    9.8931101E-01   9.9859645E-01   9.9792667E-01   9.9719743E-01   9.9441533E-01
    9.9958037E-01   9.9903417E-01   9.9850363E-01   9.9758063E-01   9.9957246E-01
    9.9923117E-01   9.9897470E-01   9.9859898E-01   9.9956039E-01   9.9951929E-01
    9.9943037E-01   9.9922871E-01   9.9976216E-01   9.9971918E-01   9.9964410E-01
    9.9954806E-01   9.9973596E-01   9.9984210E-01   9.9990393E-01   9.9994079E-01
    9.9996129E-01   9.9997340E-01   9.9998038E-01   9.9998444E-01   9.9998679E-01
    9.9998844E-01   9.9998954E-01   9.9999027E-01   9.9999076E-01   9.9999103E-01
    9.9999118E-01   9.9999119E-01   9.9999139E-01   9.9999212E-01

 1.8958370716E+02   5.1501692E+06   1.2099431E+14   2.9849287E+00   8.5618604E+02   6.0608090E-03   9.9980809E-01    57 
    1.0023073E+00   1.0023072E+00   1.0023059E+00   1.0217110E+00   1.0220632E+00
    1.0236426E+00   1.0252989E+00   1.0259422E+00   1.0045434E+00   1.0155774E+00
    1.0077624E+00   9.5465294E-01   9.3747775E-01   9.0298025E-01   1.0199773E+00
    1.0155825E+00   1.0092754E+00   9.6658877E-01   1.0107899E+00   1.0051820E+00
    9.9838704E-01   9.8317909E-01   1.0011132E+00   9.9789871E-01   9.9388521E-01
    9.8807679E-01   9.9919236E-01   9.9851336E-01   9.9738689E-01   9.9471168E-01
    9.9941952E-01   9.9906408E-01   9.9848966E-01   9.9753083E-01   9.9958205E-01
    9.9931735E-01   9.9902990E-01   9.9861153E-01   9.9959955E-01   9.9955043E-01
    9.9943219E-01   9.9921144E-01   9.9972532E-01   9.9969192E-01   9.9962432E-01
    9.9952790E-01   9.9971314E-01   9.9982021E-01   9.9988210E-01   9.9991958E-01
    9.9994193E-01   9.9995587E-01   9.9996477E-01   9.9997053E-01   9.9997424E-01
    9.9997692E-01   9.9997878E-01   9.9998007E-01   9.9998096E-01   9.9998152E-01
    9.9998181E-01   9.9998181E-01   9.9998209E-01   9.9998315E-01

 1.8914345241E+02   3.4285507E+07   1.3723532E+14   3.1913048E+00   1.7812856E+02   5.5425188E-03   9.9982450E-01    58 
    1.0022287E+00   1.0022252E+00   1.0022280E+00   1.0192773E+00   1.0187923E+00
    1.0200992E+00   1.0177242E+00   1.0181475E+00   1.0013779E+00   9.9286178E-01
    9.8743649E-01   9.6173499E-01   9.5329819E-01   9.5278115E-01   1.0112517E+00
    1.0104072E+00   1.0047334E+00   9.8262669E-01   1.0067332E+00   1.0037567E+00
    9.9919284E-01   9.9094211E-01   9.9947415E-01   9.9764388E-01   9.9484239E-01
    9.9164848E-01   9.9941366E-01   9.9904572E-01   9.9829332E-01   9.9669721E-01
    9.9948527E-01   9.9935615E-01   9.9901891E-01   9.9843902E-01   9.9971507E-01
    9.9956973E-01   9.9938842E-01   9.9913478E-01   9.9974689E-01   9.9971849E-01
    9.9964145E-01   9.9950327E-01   9.9981195E-01   9.9979402E-01   9.9975523E-01
    9.9970112E-01   9.9981714E-01   9.9988482E-01   9.9992361E-01   9.9994713E-01
    9.9996145E-01   9.9997043E-01   9.9997635E-01   9.9998027E-01   9.9998286E-01
    9.9998477E-01   9.9998609E-01   9.9998702E-01   9.9998766E-01   9.9998807E-01
    9.9998829E-01   9.9998828E-01   9.9998846E-01   9.9998908E-01

 1.8862349468E+02   1.7821236E+08   1.5426336E+14   3.4183747E+00   3.8895747E+01   5.2647636E-03   9.9983330E-01    59 
    9.9511642E-01   9.9511293E-01   9.9511590E-01   1.0110558E+00   1.0097227E+00
    1.0106062E+00   1.0077809E+00   1.0081187E+00   9.9696160E-01   9.8929112E-01
    9.8825525E-01   9.8314331E-01   9.8323839E-01   9.8749613E-01   1.0038733E+00
    1.0039521E+00   1.0023117E+00   9.9593217E-01   1.0025584E+00   1.0016734E+00
    1.0000743E+00   9.9750452E-01   9.9895222E-01   9.9832025E-01   9.9712469E-01
    9.9608011E-01   9.9957600E-01   9.9948402E-01   9.9920144E-01   9.9860179E-01
    9.9963175E-01   9.9963932E-01   9.9952697E-01   9.9931311E-01   9.9982753E-01
    9.9977734E-01   9.9970554E-01   9.9961690E-01   9.9986335E-01   9.9985411E-01
    9.9982313E-01   9.9977042E-01   9.9989399E-01   9.9988814E-01   9.9987396E-01
    9.9985830E-01   9.9991149E-01   9.9994333E-01   9.9996180E-01   9.9997308E-01
    9.9998014E-01   9.9998460E-01   9.9998763E-01   9.9998970E-01   9.9999112E-01
    9.9999217E-01   9.9999291E-01   9.9999344E-01   9.9999381E-01   9.9999404E-01
    9.9999417E-01   9.9999416E-01   9.9999424E-01   9.9999451E-01

 1.8797288233E+02   7.7493288E+08   1.7352933E+14   3.6694814E+00   9.0655995E+00   4.9876956E-03   9.9984207E-01    60 
    9.9239840E-01   9.9239618E-01   9.9239786E-01   1.0040587E+00   1.0031298E+00
    1.0039047E+00   1.0027230E+00   1.0030166E+00   9.9679281E-01   9.9528644E-01
    9.9567166E-01   9.9592215E-01   9.9677822E-01   9.9743644E-01   1.0012779E+00
    1.0010504E+00   1.0014067E+00   1.0003077E+00   1.0005309E+00   1.0004274E+00
    1.0001720E+00   9.9972148E-01   9.9924920E-01   9.9911912E-01   9.9874770E-01
    9.9849310E-01   9.9962149E-01   9.9963503E-01   9.9956624E-01   9.9942092E-01
    9.9968136E-01   9.9972366E-01   9.9970619E-01   9.9965811E-01   9.9984322E-01
    9.9983806E-01   9.9981481E-01   9.9979517E-01   9.9988932E-01   9.9988821E-01
    9.9987841E-01   9.9986568E-01   9.9991888E-01   9.9991870E-01   9.9991438E-01
    9.9991274E-01   9.9994262E-01   9.9996157E-01   9.9997306E-01   9.9998038E-01
    9.9998520E-01   9.9998839E-01   9.9999064E-01   9.9999225E-01   9.9999339E-01
    9.9999422E-01   9.9999482E-01   9.9999525E-01   9.9999556E-01   9.9999575E-01
    9.9999586E-01   9.9999585E-01   9.9999589E-01   9.9999611E-01

 1.8714166792E+02   2.6523905E+09   2.0176997E+14   3.9453993E+00   2.3610856E+00   4.4511905E-03   9.9985906E-01    61 
    9.9468946E-01   9.9468808E-01   9.9468893E-01   1.0003537E+00   9.9981607E-01
    1.0005546E+00   1.0002257E+00   1.0004877E+00   9.9828568E-01   9.9824161E-01
    9.9869527E-01   9.9941535E-01   9.9974855E-01   9.9953529E-01   1.0004428E+00
    1.0002748E+00   1.0007024E+00   1.0006696E+00   9.9991800E-01   9.9999550E-01
    9.9998781E-01   1.0000624E+00   9.9968336E-01   9.9968509E-01   9.9959192E-01
    9.9954361E-01   9.9971958E-01   9.9974739E-01   9.9974121E-01   9.9974436E-01
    9.9978429E-01   9.9981579E-01   9.9981797E-01   9.9981856E-01   9.9989271E-01
    9.9989850E-01   9.9989197E-01   9.9988784E-01   9.9992913E-01   9.9992991E-01
    9.9992740E-01   9.9992506E-01   9.9995120E-01   9.9995212E-01   9.9995105E-01
    9.9995093E-01   9.9996712E-01   9.9997769E-01   9.9998418E-01   9.9998841E-01
    9.9999126E-01   9.9999320E-01   9.9999459E-01   9.9999560E-01   9.9999631E-01
    9.9999683E-01   9.9999721E-01   9.9999748E-01   9.9999767E-01   9.9999780E-01
    9.9999786E-01   9.9999786E-01   9.9999788E-01   9.9999801E-01

 1.8612803051E+02   6.4468999E+09   2.4979866E+14   4.2500400E+00   7.0039121E-01   3.6723044E-03   9.9988372E-01    62 
    9.9708756E-01   9.9708704E-01   9.9708697E-01   9.9976758E-01   9.9937688E-01
    1.0000430E+00   9.9987970E-01   1.0001140E+00   9.9936045E-01   9.9931026E-01
    9.9963446E-01   9.9989527E-01   1.0000381E+00   9.9986606E-01   1.0001425E+00
    1.0000576E+00   1.0002905E+00   1.0003396E+00   9.9990297E-01   9.9995243E-01
    9.9997596E-01   1.0000618E+00   9.9992121E-01   9.9992796E-01   9.9990917E-01
    9.9989589E-01   9.9986204E-01   9.9987413E-01   9.9988090E-01   9.9990155E-01
    9.9990347E-01   9.9991641E-01   9.9991767E-01   9.9992381E-01   9.9995143E-01
    9.9995615E-01   9.9995539E-01   9.9995406E-01   9.9997042E-01   9.9997072E-01
    9.9997024E-01   9.9997005E-01   9.9998056E-01   9.9998113E-01   9.9998111E-01
    9.9998079E-01   9.9998717E-01   9.9999132E-01   9.9999385E-01   9.9999551E-01
    9.9999664E-01   9.9999742E-01   9.9999798E-01   9.9999840E-01   9.9999869E-01
    9.9999891E-01   9.9999906E-01   9.9999917E-01   9.9999925E-01   9.9999930E-01
    9.9999933E-01   9.9999933E-01   9.9999933E-01   9.9999938E-01

 1.8497639686E+02   1.1614307E+10   3.2787774E+14   4.5867296E+00   2.3544103E-01   2.8432225E-03   9.9990997E-01    63 
    9.9841896E-01   9.9841973E-01   9.9841821E-01   9.9989130E-01   9.9958225E-01
    1.0001663E+00   1.0000095E+00   1.0002158E+00   9.9991243E-01   9.9980934E-01
    1.0000037E+00   9.9989959E-01   1.0000178E+00   9.9997702E-01   1.0000767E+00
    1.0000303E+00   1.0001256E+00   1.0001480E+00   9.9998865E-01   9.9999915E-01
    1.0000101E+00   1.0000434E+00   9.9999478E-01   9.9999669E-01   9.9999258E-01
    9.9998498E-01   9.9994916E-01   9.9995178E-01   9.9995683E-01   9.9996860E-01
    9.9996747E-01   9.9997131E-01   9.9997131E-01   9.9997477E-01   9.9998379E-01
    9.9998586E-01   9.9998627E-01   9.9998559E-01   9.9999095E-01   9.9999086E-01
    9.9999085E-01   9.9999092E-01   9.9999419E-01   9.9999440E-01   9.9999456E-01
    9.9999438E-01   9.9999628E-01   9.9999749E-01   9.9999823E-01   9.9999871E-01
    9.9999904E-01   9.9999927E-01   9.9999944E-01   9.9999957E-01   9.9999966E-01
    9.9999972E-01   9.9999977E-01   9.9999981E-01   9.9999983E-01   9.9999985E-01
    9.9999986E-01   9.9999986E-01   9.9999986E-01   9.9999987E-01

 1.8373781994E+02   1.8078232E+10   4.5040951E+14   4.9580174E+00   8.8940293E-02   2.1007912E-03   9.9993348E-01    64 
    9.9912352E-01   9.9912512E-01   9.9912255E-01   1.0000194E+00   9.9975668E-01
    1.0002574E+00   1.0000906E+00   1.0002695E+00   1.0001030E+00   9.9998330E-01
    1.0001069E+00   9.9988403E-01   9.9999365E-01   1.0000406E+00   1.0000593E+00
    1.0000306E+00   1.0000637E+00   1.0000700E+00   1.0000177E+00   1.0000124E+00
    1.0000143E+00   1.0000234E+00   1.0000044E+00   1.0000049E+00   1.0000035E+00
    9.9999949E-01   9.9998017E-01   9.9997999E-01   9.9998268E-01   9.9998868E-01
    9.9998851E-01   9.9998943E-01   9.9998948E-01   9.9999103E-01   9.9999403E-01
    9.9999478E-01   9.9999502E-01   9.9999485E-01   9.9999663E-01   9.9999661E-01
    9.9999670E-01   9.9999677E-01   9.9999787E-01   9.9999795E-01   9.9999802E-01
    9.9999802E-01   9.9999868E-01   9.9999911E-01   9.9999938E-01   9.9999955E-01
    9.9999967E-01   9.9999975E-01   9.9999982E-01   9.9999986E-01   9.9999990E-01
    9.9999992E-01   9.9999994E-01   9.9999995E-01   9.9999996E-01   9.9999997E-01
    9.9999997E-01   9.9999997E-01   9.9999998E-01   9.9999998E-01

 1.8245831153E+02   2.6724659E+10   6.3457439E+14   5.3662608E+00   3.7163103E-02   1.5130945E-03   9.9995209E-01    65 
    9.9956491E-01   9.9956672E-01   9.9956377E-01   1.0000719E+00   9.9983720E-01
    1.0002555E+00   1.0000891E+00   1.0002425E+00   1.0001133E+00   1.0000006E+00
    1.0000885E+00   9.9986626E-01   9.9995871E-01   1.0000273E+00   1.0000435E+00
    1.0000247E+00   1.0000332E+00   1.0000317E+00   1.0000197E+00   1.0000116E+00
    1.0000099E+00   1.0000104E+00   1.0000042E+00   1.0000032E+00   1.0000020E+00
    1.0000002E+00   9.9999191E-01   9.9999115E-01   9.9999252E-01   9.9999533E-01
    9.9999584E-01   9.9999598E-01   9.9999598E-01   9.9999653E-01   9.9999756E-01
    9.9999780E-01   9.9999787E-01   9.9999789E-01   9.9999857E-01   9.9999860E-01
    9.9999864E-01   9.9999867E-01   9.9999910E-01   9.9999913E-01   9.9999915E-01
    9.9999916E-01   9.9999944E-01   9.9999962E-01   9.9999974E-01   9.9999982E-01
    9.9999987E-01   9.9999990E-01   9.9999993E-01   9.9999995E-01   9.9999996E-01
    9.9999997E-01   9.9999998E-01   9.9999999E-01   9.9999999E-01   1.0000000E+00
    1.0000000E+00   1.0000000E+00   1.0000000E+00   1.0000000E+00

 1.8115045010E+02   3.8731658E+10   9.0183476E+14   5.8205042E+00   1.6695700E-02   1.0804781E-03   9.9996579E-01    66 
    9.9982803E-01   9.9983000E-01   9.9982690E-01   1.0000627E+00   9.9985718E-01
    1.0001962E+00   1.0000403E+00   1.0001698E+00   1.0000794E+00   9.9998336E-01
    1.0000477E+00   9.9987011E-01   9.9993748E-01   9.9999624E-01   1.0000252E+00
    1.0000135E+00   1.0000121E+00   1.0000077E+00   1.0000129E+00   1.0000065E+00
    1.0000039E+00   1.0000019E+00   1.0000020E+00   1.0000008E+00   9.9999974E-01
    9.9999877E-01   9.9999644E-01   9.9999578E-01   9.9999641E-01   9.9999748E-01
    9.9999841E-01   9.9999837E-01   9.9999827E-01   9.9999838E-01   9.9999894E-01
    9.9999901E-01   9.9999901E-01   9.9999899E-01   9.9999937E-01   9.9999938E-01
    9.9999939E-01   9.9999938E-01   9.9999960E-01   9.9999961E-01   9.9999961E-01
    9.9999961E-01   9.9999974E-01   9.9999983E-01   9.9999988E-01   9.9999992E-01
    9.9999994E-01   9.9999996E-01   9.9999997E-01   9.9999998E-01   9.9999999E-01
    9.9999999E-01   1.0000000E+00   1.0000000E+00   1.0000000E+00   1.0000000E+00
    1.0000000E+00   1.0000000E+00   1.0000000E+00   1.0000000E+00

 1.8007476298E+02   5.1809391E+10   1.1976199E+15   6.2256000E+00   9.1825186E-03   8.2350413E-04   9.9997392E-01    67 
    9.9994504E-01   9.9994716E-01   9.9994417E-01   1.0000415E+00   9.9986337E-01
    1.0001429E+00   1.0000002E+00   1.0001115E+00   1.0000528E+00   9.9997250E-01
    1.0000224E+00   9.9988808E-01   9.9993385E-01   9.9998018E-01   1.0000140E+00
    1.0000063E+00   1.0000015E+00   9.9999669E-01   1.0000074E+00   1.0000027E+00
    1.0000001E+00   9.9999783E-01   1.0000007E+00   9.9999966E-01   9.9999875E-01
    9.9999797E-01   9.9999787E-01   9.9999738E-01   9.9999768E-01   9.9999811E-01
    9.9999918E-01   9.9999911E-01   9.9999898E-01   9.9999894E-01   9.9999940E-01
    9.9999943E-01   9.9999941E-01   9.9999937E-01   9.9999964E-01   9.9999965E-01
    9.9999964E-01   9.9999962E-01   9.9999977E-01   9.9999978E-01   9.9999977E-01
    9.9999976E-01   9.9999985E-01   9.9999990E-01   9.9999993E-01   9.9999995E-01
    9.9999997E-01   9.9999998E-01   9.9999999E-01   9.9999999E-01   9.9999999E-01
    1.0000000E+00   1.0000000E+00   1.0000000E+00   1.0000000E+00   1.0000000E+00
    1.0000000E+00   1.0000000E+00   1.0000000E+00   1.0000000E+00

 1.7952005495E+02   5.9968098E+10   1.3831706E+15   6.4458982E+00   6.8986769E-03   7.1749119E-04   9.9997728E-01    68 
    9.9997915E-01   9.9998134E-01   9.9997850E-01   1.0000321E+00   9.9986884E-01
    1.0001201E+00   9.9998566E-01   1.0000879E+00   1.0000417E+00   9.9996928E-01
    1.0000131E+00   9.9989860E-01   9.9993544E-01   9.9997562E-01   1.0000099E+00
    1.0000037E+00   9.9999812E-01   9.9999348E-01   1.0000054E+00   1.0000015E+00
    9.9999894E-01   9.9999675E-01   1.0000004E+00   9.9999949E-01   9.9999861E-01
    9.9999789E-01   9.9999836E-01   9.9999793E-01   9.9999813E-01   9.9999837E-01
    9.9999943E-01   9.9999936E-01   9.9999922E-01   9.9999914E-01   9.9999956E-01
    9.9999957E-01   9.9999955E-01   9.9999950E-01   9.9999974E-01   9.9999974E-01
    9.9999973E-01   9.9999971E-01   9.9999983E-01   9.9999983E-01   9.9999983E-01
    9.9999982E-01   9.9999988E-01   9.9999992E-01   9.9999995E-01   9.9999997E-01
    9.9999998E-01   9.9999998E-01   9.9999999E-01   9.9999999E-01   1.0000000E+00
    1.0000000E+00   1.0000000E+00   1.0000000E+00   1.0000000E+00   1.0000000E+00
    1.0000000E+00   1.0000000E+00   1.0000000E+00   1.0000000E+00

 1.7924163337E+02   6.4483562E+10   1.4860605E+15   6.5592409E+00   6.0142782E-03   6.6991094E-04   9.9997879E-01    69 
    9.9997309E-01   9.9997530E-01   9.9997253E-01   1.0000310E+00   9.9987537E-01
    1.0001132E+00   9.9998328E-01   1.0000811E+00   1.0000392E+00   9.9997063E-01
    1.0000117E+00   9.9990465E-01   9.9993865E-01   9.9997591E-01   1.0000105E+00
    1.0000039E+00   9.9999808E-01   9.9999352E-01   1.0000058E+00   1.0000018E+00
    9.9999941E-01   9.9999712E-01   1.0000009E+00   9.9999983E-01   9.9999895E-01
    9.9999819E-01   9.9999864E-01   9.9999822E-01   9.9999838E-01   9.9999858E-01
    9.9999957E-01   9.9999949E-01   9.9999936E-01   9.9999926E-01   9.9999962E-01
    9.9999963E-01   9.9999961E-01   9.9999956E-01   9.9999977E-01   9.9999977E-01
    9.9999976E-01   9.9999974E-01   9.9999985E-01   9.9999985E-01   9.9999985E-01
    9.9999984E-01   9.9999990E-01   9.9999993E-01   9.9999995E-01   9.9999997E-01
    9.9999998E-01   9.9999999E-01   9.9999999E-01   9.9999999E-01   1.0000000E+00
    1.0000000E+00   1.0000000E+00   1.0000000E+00   1.0000000E+00   1.0000000E+00
    1.0000000E+00   1.0000000E+00   1.0000000E+00   1.0000000E+00

 1.7914867253E+02   6.6061835E+10   1.5220389E+15   6.5975800E+00   5.7433674E-03   6.5476107E-04   9.9997927E-01    70 
    9.9871635E-01   9.9883168E-01   9.9882748E-01   9.9956404E-01   9.9970025E-01
    9.9993484E-01   9.9953418E-01   9.9962810E-01   9.9994855E-01   1.0000339E+00
    1.0000444E+00   9.9967409E-01   9.9980005E-01   9.9962689E-01   9.9997099E-01
    9.9997520E-01   9.9992188E-01   9.9982900E-01   9.9998703E-01   9.9997819E-01
    9.9995989E-01   9.9993002E-01   9.9998111E-01   9.9997969E-01   9.9997388E-01
    9.9996649E-01   9.9999762E-01   9.9999597E-01   9.9999204E-01   9.9998616E-01
    9.9999548E-01   9.9999478E-01   9.9999385E-01   9.9999263E-01   9.9999673E-01
    9.9999676E-01   9.9999637E-01   9.9999585E-01   9.9999801E-01   9.9999803E-01
    9.9999785E-01   9.9999758E-01   9.9999872E-01   9.9999874E-01   9.9999866E-01
    9.9999853E-01   9.9999908E-01   9.9999941E-01   9.9999961E-01   9.9999974E-01
    9.9999982E-01   9.9999988E-01   9.9999992E-01   9.9999995E-01   9.9999996E-01
    9.9999998E-01   9.9999999E-01   1.0000000E+00   1.0000000E+00   1.0000000E+00
    1.0000000E+00   1.0000000E+00   1.0000000E+00   1.0000000E+00
