
 24-FEB-2004                           !Format date

 1.7914867253E+02     1.5683E+05       30       70

 3.1555934818E+04   8.5274325E+02   3.8415350E+05   8.6277802E-01   1.0252600E+02   1.3604178E+03   5.0000000E-02     1 
    8.4066543E-15   7.8807329E-07   7.4851329E-05   2.0631081E-03   1.0481921E-02
    3.0140269E-02   4.8188193E-02   7.3447807E-02   1.0077066E-01   1.3335258E-01
    1.4805809E-01   1.7262512E-01   1.9618636E-01   2.1913753E-01   2.3922833E-01
    2.5921034E-01   2.7547046E-01   2.3234788E-01   2.9466626E-01   3.4375749E-01
    3.6082499E-01   3.7712044E-01   3.8851821E-01   3.8122637E-01   3.8999044E-01
    4.1773389E-01   4.1221640E-01   4.3149786E-01   4.5911293E-01   5.0218211E-01

 3.1234499080E+04   8.7283151E+02   3.9215300E+05   8.6374076E-01   1.0224895E+02   1.3602453E+03   5.0000000E-02     2 
    8.9259730E-15   8.1198161E-07   7.5094753E-05   2.0649370E-03   1.0506334E-02
    3.0034482E-02   4.8181068E-02   7.3280389E-02   1.0064238E-01   1.3320992E-01
    1.4791558E-01   1.7246694E-01   1.9599097E-01   2.1890477E-01   2.3898318E-01
    2.5899014E-01   2.7528598E-01   2.3226256E-01   2.9461787E-01   3.4376835E-01
    3.6090321E-01   3.7726483E-01   3.8868524E-01   3.8142179E-01   3.9020558E-01
    4.1791020E-01   4.1247456E-01   4.3174403E-01   4.5934428E-01   5.0220447E-01

 3.0601081269E+04   9.1366781E+02   4.0866521E+05   8.6569014E-01   1.0178645E+02   1.3598944E+03   5.0000000E-02     3 
    1.0086608E-14   8.6489842E-07   7.6588739E-05   2.0890113E-03   1.0594519E-02
    3.0194734E-02   4.8380731E-02   7.3410770E-02   1.0078478E-01   1.3332604E-01
    1.4798992E-01   1.7252313E-01   1.9599890E-01   2.1881105E-01   2.3880437E-01
    2.5875788E-01   2.7500494E-01   2.3205241E-01   2.9440783E-01   3.4360312E-01
    3.6083225E-01   3.7726626E-01   3.8873411E-01   3.8154914E-01   3.9038418E-01
    4.1800330E-01   4.1275114E-01   4.3207762E-01   4.5976661E-01   5.0227509E-01

 2.9374272420E+04   9.9876238E+02   4.4375620E+05   8.6968522E-01   1.0110170E+02   1.3591724E+03   5.0000000E-02     4 
    1.2988883E-14   9.8537202E-07   7.9874145E-05   2.1440955E-03   1.0795230E-02
    3.0657453E-02   4.8924299E-02   7.4009750E-02   1.0145250E-01   1.3398410E-01
    1.4861518E-01   1.7322235E-01   1.9667766E-01   2.1929397E-01   2.3896402E-01
    2.5867910E-01   2.7478476E-01   2.3180383E-01   2.9414168E-01   3.4340890E-01
    3.6072858E-01   3.7724644E-01   3.8867779E-01   3.8152253E-01   3.9042811E-01
    4.1796205E-01   4.1324330E-01   4.3275645E-01   4.6056955E-01   5.0227407E-01

 2.7069293622E+04   1.1948974E+03   5.2315018E+05   8.7802145E-01   9.9608202E+01   1.3576511E+03   5.0000000E-02     5 
    2.1940853E-14   1.2857082E-06   8.7038444E-05   2.2602664E-03   1.1208503E-02
    3.1614199E-02   5.0020227E-02   7.5140019E-02   1.0266431E-01   1.3499293E-01
    1.4924351E-01   1.7342416E-01   1.9630807E-01   2.1831250E-01   2.3746892E-01
    2.5701305E-01   2.7321483E-01   2.3071263E-01   2.9306920E-01   3.4253685E-01
    3.6036449E-01   3.7757209E-01   3.8952689E-01   3.8290404E-01   3.9228863E-01
    4.1983926E-01   4.1619872E-01   4.3606123E-01   4.6403463E-01   5.0407953E-01

 2.2989257114E+04   1.7204367E+03   7.2720864E+05   8.9600241E-01   9.6123734E+01   1.3542427E+03   5.0000000E-02     6 
    6.6499186E-14   2.2273126E-06   1.0454667E-04   2.5313000E-03   1.2156842E-02
    3.3781208E-02   5.2581443E-02   7.7860098E-02   1.0595192E-01   1.3831106E-01
    1.5225610E-01   1.7617830E-01   1.9841549E-01   2.1962027E-01   2.3801595E-01
    2.5705718E-01   2.7310232E-01   2.3100780E-01   2.9417900E-01   3.4465929E-01
    3.6344317E-01   3.8164725E-01   3.9412356E-01   3.8810418E-01   3.9806820E-01
    4.2527967E-01   4.2367293E-01   4.4382589E-01   4.7142476E-01   5.0750690E-01

 1.6760118217E+04   3.4316773E+03   1.3769373E+06   9.3277852E-01   9.1185665E+01   1.3458438E+03   5.0000000E-02     7 
    5.6975741E-13   6.2712202E-06   1.4717659E-04   3.1176368E-03   1.4086712E-02
    3.7622124E-02   5.7395173E-02   8.3327933E-02   1.1203081E-01   1.4499858E-01
    1.5828305E-01   1.8183827E-01   2.0364941E-01   2.2402735E-01   2.4096163E-01
    2.5829448E-01   2.7253170E-01   2.2997763E-01   2.9290172E-01   3.4361934E-01
    3.6365363E-01   3.8361584E-01   3.9695742E-01   3.9281161E-01   4.0420862E-01
    4.3068347E-01   4.3437767E-01   4.5552909E-01   4.8207828E-01   5.1106251E-01

 1.2230917281E+04   6.8310643E+03   2.6083675E+06   9.6786071E-01   8.6717145E+01   1.3342373E+03   5.0000000E-02     8 
    3.5174971E-12   1.5910860E-05   1.9871441E-04   3.7400355E-03   1.6017294E-02
    4.1263159E-02   6.1984584E-02   8.8746401E-02   1.1791554E-01   1.5132178E-01
    1.6413904E-01   1.8743665E-01   2.0896301E-01   2.2877429E-01   2.4433512E-01
    2.5995251E-01   2.7204504E-01   2.2890758E-01   2.9094792E-01   3.4113820E-01
    3.6215573E-01   3.8359867E-01   3.9763619E-01   3.9621852E-01   4.0935611E-01
    4.3529008E-01   4.4463150E-01   4.6626409E-01   4.9048794E-01   5.1294167E-01

 8.9455205839E+03   1.3407340E+04   4.9347222E+06   9.9771640E-01   8.3544262E+01   1.3185301E+03   5.0000000E-02     9 
    1.3209964E-11   3.4913721E-05   2.5267918E-04   4.3245853E-03   1.7754156E-02
    4.4410914E-02   6.5920459E-02   9.3250481E-02   1.2287209E-01   1.5662278E-01
    1.6901829E-01   1.9209131E-01   2.1345543E-01   2.3308516E-01   2.4773107E-01
    2.6194381E-01   2.7175710E-01   2.2815415E-01   2.8843629E-01   3.3717861E-01
    3.5893321E-01   3.8134808E-01   3.9592724E-01   3.9803802E-01   4.1303161E-01
    4.3851446E-01   4.5232263E-01   4.7337435E-01   4.9438426E-01   5.1136199E-01

 6.5592332981E+03   2.5999158E+04   9.3289664E+06   1.0232333E+00   8.1415628E+01   1.2973459E+03   5.0000000E-02    10 
    3.4283365E-11   6.8667798E-05   3.0758502E-04   4.8666606E-03   1.9346465E-02
    4.7126858E-02   6.9300812E-02   9.7126676E-02   1.2707573E-01   1.6117853E-01
    1.7317491E-01   1.9606849E-01   2.1731785E-01   2.3701605E-01   2.5120942E-01
    2.6454684E-01   2.7227311E-01   2.2893172E-01   2.8666221E-01   3.3319066E-01
    3.5551140E-01   3.7825411E-01   3.9342439E-01   3.9947848E-01   4.1599328E-01
    4.4044460E-01   4.5634505E-01   4.7552762E-01   4.9293407E-01   5.0559977E-01

 4.8284548278E+03   4.9838035E+04   1.7599910E+07   1.0447716E+00   8.0108517E+01   1.2690795E+03   5.0000000E-02    11 
    6.5843320E-11   1.2263884E-04   3.6158573E-04   5.3494599E-03   2.0647634E-02
    4.9413717E-02   7.2175404E-02   1.0043412E-01   1.3068075E-01   1.6519782E-01
    1.7679498E-01   1.9957824E-01   2.2072371E-01   2.4059992E-01   2.5467595E-01
    2.6760077E-01   2.7362688E-01   2.3226371E-01   2.8667924E-01   3.3064042E-01
    3.5366813E-01   3.7640032E-01   3.9241014E-01   4.0196492E-01   4.1883060E-01
    4.4079743E-01   4.5612122E-01   4.7226790E-01   4.8599209E-01   4.9530535E-01

 3.5738201624E+03   9.4412100E+04   3.3094861E+07   1.0625040E+00   7.9508273E+01   1.2319664E+03   5.0000000E-02    12 
    9.7739213E-11   2.0013506E-04   4.1476016E-04   5.7747307E-03   2.1755935E-02
    5.1261753E-02   7.4593587E-02   1.0327022E-01   1.3380483E-01   1.6885204E-01
    1.8002939E-01   2.0277324E-01   2.2385583E-01   2.4395055E-01   2.5808676E-01
    2.7084827E-01   2.7563898E-01   2.3893924E-01   2.8917052E-01   3.3053809E-01
    3.5456576E-01   3.7728019E-01   3.9413970E-01   4.0587469E-01   4.2149646E-01
    4.3950544E-01   4.5230188E-01   4.6477515E-01   4.7499739E-01   4.8168633E-01

 2.6626273355E+03   1.7671553E+05   6.2012504E+07   1.0765237E+00   7.9595626E+01   1.1844660E+03   5.0000000E-02    13 
    1.1548646E-10   3.0115292E-04   4.7020264E-04   6.1501605E-03   2.2701407E-02
    5.2705569E-02   7.6623373E-02   1.0574855E-01   1.3660988E-01   1.7232527E-01
    1.8308568E-01   2.0584685E-01   2.2693946E-01   2.4730890E-01   2.6167074E-01
    2.7436656E-01   2.7857695E-01   2.4971963E-01   2.9509143E-01   3.3388618E-01
    3.5881336E-01   3.8126976E-01   3.9837878E-01   4.1071574E-01   4.2400882E-01
    4.3756860E-01   4.4714691E-01   4.5605516E-01   4.6324690E-01   4.6791076E-01

 1.9979359990E+03   3.2710076E+05   1.1597447E+08   1.0874776E+00   8.0432410E+01   1.1248197E+03   5.0000000E-02    14 
    1.1439464E-10   4.2471194E-04   5.3885697E-04   6.5159849E-03   2.3589370E-02
    5.3917352E-02   7.8466483E-02   1.0813714E-01   1.3943637E-01   1.7601118E-01
    1.8645850E-01   2.0929130E-01   2.3048810E-01   2.5129482E-01   2.6615110E-01
    2.7900688E-01   2.8390903E-01   2.6552150E-01   3.0603905E-01   3.4210601E-01
    3.6715278E-01   3.8865502E-01   4.0507510E-01   4.1683210E-01   4.2760108E-01
    4.3729573E-01   4.4401033E-01   4.5003485E-01   4.5487453E-01   4.5804249E-01

 1.5110650300E+03   5.9897820E+05   2.1720030E+08   1.0956123E+00   8.2289206E+01   1.0499101E+03   5.0000000E-02    15 
    9.7258894E-11   5.6593848E-04   6.3830475E-04   6.9264439E-03   2.4558078E-02
    5.5058966E-02   8.0356351E-02   1.1074160E-01   1.4263335E-01   1.8045082E-01
    1.9081774E-01   2.1383445E-01   2.3532008E-01   2.5696278E-01   2.7285348E-01
    2.8667709E-01   2.9431086E-01   2.8750716E-01   3.2389221E-01   3.5698659E-01
    3.8110275E-01   4.0092691E-01   4.1591798E-01   4.2648716E-01   4.3507180E-01
    4.4191305E-01   4.4652741E-01   4.5051324E-01   4.5369195E-01   4.5580833E-01

 1.1545441165E+03   1.0804170E+06   4.0793231E+08   1.1001604E+00   8.5731894E+01   9.5745685E+02   5.0000000E-02    16 
    6.8895038E-11   7.0589603E-04   7.9103050E-04   7.4592146E-03   2.5736736E-02
    5.6351553E-02   8.2656297E-02   1.1378513E-01   1.4651168E-01   1.8657403E-01
    1.9700886E-01   2.2048572E-01   2.4273687E-01   2.6602645E-01   2.8416020E-01
    3.0067090E-01   3.1326255E-01   3.1743852E-01   3.5076981E-01   3.8089512E-01
    4.0337197E-01   4.2119208E-01   4.3447862E-01   4.4371837E-01   4.5060773E-01
    4.5552537E-01   4.5875830E-01   4.6143043E-01   4.6351911E-01   4.6492635E-01

 8.9415619662E+02   1.9088256E+06   7.6954178E+08   1.1032789E+00   9.1622547E+01   8.4604395E+02   5.0000000E-02    17 
    4.6101102E-11   8.5513871E-04   1.0803667E-03   8.3977667E-03   2.7588867E-02
    5.8896295E-02   8.6622008E-02   1.1796802E-01   1.5233335E-01   1.9695095E-01
    2.0704607E-01   2.3145131E-01   2.5579326E-01   2.8194476E-01   3.0462035E-01
    3.2622850E-01   3.4527114E-01   3.5865702E-01   3.8992801E-01   4.1738854E-01
    4.3800476E-01   4.5387358E-01   4.6552614E-01   4.7353879E-01   4.7916435E-01
    4.8282474E-01   4.8518131E-01   4.8704027E-01   4.8844115E-01   4.8938027E-01

 7.0559854304E+02   3.2850295E+06   1.4370877E+09   1.1251629E+00   9.9525634E+01   7.2738915E+02   5.0000000E-02    18 
    8.4078675E-11   1.3189496E-03   1.9530603E-03   1.0948842E-02   3.2148728E-02
    6.6954271E-02   9.6868167E-02   1.2812720E-01   1.6570308E-01   2.1684228E-01
    2.2748724E-01   2.5427169E-01   2.8239643E-01   3.1260471E-01   3.4227609E-01
    3.7078590E-01   3.9627141E-01   4.1636558E-01   4.4622464E-01   4.7146934E-01
    4.9033474E-01   5.0452723E-01   5.1480847E-01   5.2182547E-01   5.2657142E-01
    5.2947301E-01   5.3130724E-01   5.3269436E-01   5.3369280E-01   5.3434304E-01

 5.6738190397E+02   5.5768163E+06   2.6887700E+09   1.1917816E+00   1.0981360E+02   6.0113312E+02   5.0000002E-02    19 
    1.2455342E-09   3.4417123E-03   4.5893458E-03   1.7761735E-02   4.3045030E-02
    8.5043614E-02   1.1996497E-01   1.5197420E-01   1.9193535E-01   2.5065642E-01
    2.6788599E-01   3.0180250E-01   3.3507611E-01   3.7005866E-01   4.0699270E-01
    4.4177520E-01   4.7190742E-01   4.9595464E-01   5.2419221E-01   5.4714840E-01
    5.6412730E-01   5.7668805E-01   5.8568987E-01   5.9181159E-01   5.9587448E-01
    5.9829047E-01   5.9978613E-01   6.0087683E-01   6.0162637E-01   6.0209152E-01

 4.6634946432E+02   9.0606584E+06   5.0378425E+09   1.2923794E+00   1.2682991E+02   4.7477790E+02   5.0000127E-02    20 
    5.3619677E-08   1.1556803E-02   1.1482667E-02   3.1896406E-02   6.4062618E-02
    1.1698062E-01   1.6104020E-01   1.9658059E-01   2.4194092E-01   3.0054921E-01
    3.3158127E-01   3.7364695E-01   4.1626456E-01   4.5728696E-01   4.9919770E-01
    5.3706679E-01   5.6841463E-01   5.9302297E-01   6.1822597E-01   6.3803920E-01
    6.5256632E-01   6.6317456E-01   6.7071970E-01   6.7584422E-01   6.7921925E-01
    6.8121605E-01   6.8242561E-01   6.8328139E-01   6.8384508E-01   6.8417345E-01

 3.9240449144E+02   1.3412257E+07   9.4437435E+09   1.4049268E+00   1.6094015E+02   3.5754286E+02   5.0006335E-02    21 
    2.0620728E-06   3.6179588E-02   2.8486867E-02   5.7302631E-02   1.0012489E-01
    1.5683325E-01   2.2065862E-01   2.6923911E-01   3.1142093E-01   3.6958985E-01
    4.2089420E-01   4.7295736E-01   5.2152558E-01   5.6531897E-01   6.0841798E-01
    6.4444291E-01   6.7306719E-01   6.9518345E-01   7.1597172E-01   7.3187745E-01
    7.4342664E-01   7.5176723E-01   7.5767825E-01   7.6169095E-01   7.6432715E-01
    7.6589498E-01   7.6682625E-01   7.6746911E-01   7.6787701E-01   7.6809754E-01

 3.3815556817E+02   1.7009878E+07   1.7638372E+10   1.5250969E+00   2.3759864E+02   2.5675536E+02   5.0182309E-02    22 
    6.3655297E-05   1.0100680E-01   6.1447898E-02   1.1002417E-01   1.6448901E-01
    2.4077662E-01   2.9008992E-01   3.4037003E-01   3.9667115E-01   4.6342741E-01
    5.2937550E-01   5.8606202E-01   6.3557476E-01   6.7740988E-01   7.1650553E-01
    7.4680406E-01   7.7044251E-01   7.8819306E-01   8.0406284E-01   8.1601809E-01
    8.2458397E-01   8.3072626E-01   8.3506015E-01   8.3800550E-01   8.3994359E-01
    8.4111188E-01   8.4179460E-01   8.4225730E-01   8.4254259E-01   8.4268644E-01

 2.9970459556E+02   1.6674122E+07   3.0802923E+10   1.6382247E+00   4.2425600E+02   1.7906750E+02   5.2429160E-02    23 
    1.2645644E-03   2.3249001E-01   1.0255207E-01   2.0704274E-01   2.5987759E-01
    3.3191206E-01   3.7041307E-01   4.0645195E-01   4.7978576E-01   5.4907353E-01
    6.2480797E-01   6.8187126E-01   7.2967099E-01   7.6701828E-01   8.0006124E-01
    8.2426249E-01   8.4274572E-01   8.5636097E-01   8.6806199E-01   8.7673192E-01
    8.8291372E-01   8.8733622E-01   8.9043700E-01   8.9255613E-01   8.9395648E-01
    8.9481484E-01   8.9531056E-01   8.9564261E-01   8.9584346E-01   8.9593946E-01

 2.7320436533E+02   1.1427922E+07   4.3009906E+10   1.7194651E+00   8.6567170E+02   1.2435202E+02   6.5050250E-02    24 
    1.2280410E-02   3.9941784E-01   1.3820903E-01   3.0324559E-01   3.4792514E-01
    3.8256431E-01   4.6662341E-01   4.6804495E-01   5.6239134E-01   6.1814543E-01
    6.8265784E-01   7.3554891E-01   7.8131771E-01   8.1529729E-01   8.4465846E-01
    8.6499141E-01   8.8004595E-01   8.9115159E-01   9.0054664E-01   9.0737779E-01
    9.1222023E-01   9.1569237E-01   9.1812954E-01   9.1980565E-01   9.2091543E-01
    9.2160367E-01   9.2199890E-01   9.2226218E-01   9.2241980E-01   9.2249274E-01

 2.5401034943E+02   4.8801201E+06   4.5066264E+10   1.7578007E+00   2.1261358E+03   8.6359220E+01   1.0340056E-01    25 
    6.6281680E-02   5.0869405E-01   1.4593194E-01   3.4689621E-01   4.0271990E-01
    3.8531917E-01   5.2852553E-01   4.9655330E-01   6.2021202E-01   6.6253729E-01
    7.0147588E-01   7.5252575E-01   7.9633904E-01   8.2871530E-01   8.5697537E-01
    8.7588781E-01   8.8965377E-01   8.9995339E-01   9.0875641E-01   9.1509125E-01
    9.1954146E-01   9.2272777E-01   9.2497878E-01   9.2653348E-01   9.2756246E-01
    9.2820353E-01   9.2857188E-01   9.2881707E-01   9.2896370E-01   9.2903120E-01

 2.3939348016E+02   1.0964911E+06   4.2222605E+10   1.7668049E+00   8.8703265E+03   5.9800213E+01   1.7942759E-01    26 
    3.5718523E-01   5.4424850E-01   1.5239252E-01   3.5303717E-01   4.4541365E-01
    3.8763031E-01   5.4025941E-01   5.0661917E-01   6.4747430E-01   6.9083600E-01
    7.0834931E-01   7.6052317E-01   8.0153219E-01   8.3219116E-01   8.5931179E-01
    8.7733361E-01   8.9055270E-01   9.0058830E-01   9.0930410E-01   9.1555166E-01
    9.1990951E-01   9.2300933E-01   9.2521120E-01   9.2673659E-01   9.2774561E-01
    9.2837532E-01   9.2873852E-01   9.2898063E-01   9.2912577E-01   9.2919293E-01

 2.2789087769E+02   1.2379481E+05   4.1787222E+10   1.7613396E+00   7.7769918E+04   4.1423455E+01   2.8881284E-01    27 
    2.8189115E+00   6.5236725E-01   2.0410833E-01   4.1929418E-01   5.6846030E-01
    4.6001471E-01   5.9567399E-01   5.6920795E-01   7.2383531E-01   7.6365250E-01
    7.5954086E-01   8.0836279E-01   8.4016356E-01   8.6326007E-01   8.8448932E-01
    8.9814643E-01   9.0843014E-01   9.1646109E-01   9.2367206E-01   9.2876661E-01
    9.3226076E-01   9.3471279E-01   9.3646253E-01   9.3768402E-01   9.3849047E-01
    9.3899490E-01   9.3928928E-01   9.3948682E-01   9.3960582E-01   9.3966093E-01

 2.1714110964E+02   1.8948972E+04   4.6493721E+10   1.7516426E+00   5.6531637E+05   2.7783067E+01   4.2628986E-01    28 
    1.4976561E+01   1.4411278E+00   5.3316458E-01   9.3346582E-01   1.2951608E+00
    9.4971850E-01   1.0522240E+00   9.9112997E-01   1.2133143E+00   1.1932673E+00
    1.0922346E+00   1.1049121E+00   1.0856543E+00   1.0644032E+00   1.0518978E+00
    1.0391996E+00   1.0309389E+00   1.0260530E+00   1.0233387E+00   1.0209048E+00
    1.0188245E+00   1.0172101E+00   1.0160976E+00   1.0153742E+00   1.0148829E+00
    1.0145828E+00   1.0144285E+00   1.0143344E+00   1.0142826E+00   1.0142607E+00

 2.0746271172E+02   1.3935408E+04   5.6571453E+10   1.7488563E+00   9.3532381E+05   1.9577686E+01   5.4466089E-01    29 
    1.9182131E+01   1.9055261E+00   8.3941905E-01   1.3323504E+00   1.8582125E+00
    1.4011172E+00   1.3667549E+00   1.3628001E+00   1.5823067E+00   1.5173066E+00
    1.3594659E+00   1.3344681E+00   1.2734690E+00   1.2187031E+00   1.1782185E+00
    1.1459171E+00   1.1244510E+00   1.1100028E+00   1.0996799E+00   1.0915988E+00
    1.0854286E+00   1.0808564E+00   1.0776394E+00   1.0754682E+00   1.0740129E+00
    1.0731137E+00   1.0726224E+00   1.0723089E+00   1.0721290E+00   1.0720514E+00

 1.9964527876E+02   1.8166465E+04   6.9958705E+10   1.7502579E+00   8.8726590E+05   1.4760250E+01   6.3082741E-01    30 
    1.5164379E+01   1.7358548E+00   8.9782063E-01   1.3389100E+00   1.8438150E+00
    1.4806491E+00   1.3372001E+00   1.4144165E+00   1.5737107E+00   1.5080595E+00
    1.3697106E+00   1.3342990E+00   1.2711941E+00   1.2172427E+00   1.1752905E+00
    1.1438254E+00   1.1233138E+00   1.1091956E+00   1.0988327E+00   1.0908455E+00
    1.0848367E+00   1.0804087E+00   1.0772738E+00   1.0751435E+00   1.0737175E+00
    1.0728329E+00   1.0723473E+00   1.0720369E+00   1.0718589E+00   1.0717835E+00

 1.9569474927E+02   2.1450680E+04   8.8534542E+10   1.7240766E+00   9.5092441E+05   1.0714354E+01   7.1468739E-01    31 
    7.2588917E+00   1.3048037E+00   8.1946015E-01   1.1949379E+00   1.6639861E+00
    1.4153813E+00   1.2278854E+00   1.3546187E+00   1.4602489E+00   1.4064265E+00
    1.3019475E+00   1.2676572E+00   1.2149168E+00   1.1715652E+00   1.1367273E+00
    1.1118106E+00   1.0959463E+00   1.0848888E+00   1.0766850E+00   1.0704167E+00
    1.0657389E+00   1.0623020E+00   1.0598564E+00   1.0581875E+00   1.0570715E+00
    1.0563778E+00   1.0559967E+00   1.0557535E+00   1.0556147E+00   1.0555575E+00

 1.9539052305E+02   2.1009197E+04   1.1292398E+11   1.7038798E+00   1.2383192E+06   7.6630407E+00   7.8585074E-01    32 
    4.7167628E+00   1.1338464E+00   7.6891873E-01   1.1249630E+00   1.5939761E+00
    1.3765200E+00   1.1840815E+00   1.3187445E+00   1.4015973E+00   1.3498406E+00
    1.2586855E+00   1.2236410E+00   1.1769227E+00   1.1398030E+00   1.1101596E+00
    1.0894820E+00   1.0764443E+00   1.0673602E+00   1.0606530E+00   1.0555780E+00
    1.0518146E+00   1.0490602E+00   1.0470981E+00   1.0457563E+00   1.0448588E+00
    1.0442988E+00   1.0439911E+00   1.0437951E+00   1.0436841E+00   1.0436400E+00

 1.9524411937E+02   2.0795538E+04   1.5615064E+11   1.6857604E+00   1.7297920E+06   5.1260689E+00   8.5078542E-01    33 
    3.1482683E+00   9.9765777E-01   7.2166740E-01   1.0639333E+00   1.5278586E+00
    1.3350529E+00   1.1450885E+00   1.2782282E+00   1.3398446E+00   1.2894823E+00
    1.2111068E+00   1.1767467E+00   1.1371180E+00   1.1067934E+00   1.0830437E+00
    1.0668275E+00   1.0566667E+00   1.0496137E+00   1.0444524E+00   1.0405889E+00
    1.0377424E+00   1.0356675E+00   1.0341885E+00   1.0331741E+00   1.0324938E+00
    1.0320661E+00   1.0318310E+00   1.0316817E+00   1.0315980E+00   1.0315670E+00

 1.9510216691E+02   2.0386578E+04   2.1310367E+11   1.6670195E+00   2.4077870E+06   3.5832761E+00   8.9304425E-01    34 
    2.0723481E+00   8.7426084E-01   6.7585688E-01   1.0088562E+00   1.4650655E+00
    1.2943515E+00   1.1106451E+00   1.2387681E+00   1.2840755E+00   1.2367048E+00
    1.1700805E+00   1.1385235E+00   1.1056255E+00   1.0811896E+00   1.0623924E+00
    1.0497545E+00   1.0418709E+00   1.0364176E+00   1.0324565E+00   1.0295138E+00
    1.0273552E+00   1.0257856E+00   1.0246654E+00   1.0238941E+00   1.0233749E+00
    1.0230451E+00   1.0228639E+00   1.0227490E+00   1.0226856E+00   1.0226640E+00

 1.9493994216E+02   1.9915949E+04   2.9739816E+11   1.6479089E+00   3.4390310E+06   2.4841247E+00   9.2450484E-01    35 
    1.3434636E+00   7.6172093E-01   6.3100945E-01   9.5706735E-01   1.4028359E+00
    1.2523247E+00   1.0778003E+00   1.1973541E+00   1.2295416E+00   1.1869571E+00
    1.1321457E+00   1.1048971E+00   1.0786577E+00   1.0596589E+00   1.0453012E+00
    1.0357615E+00   1.0298270E+00   1.0257358E+00   1.0227839E+00   1.0206032E+00
    1.0190085E+00   1.0178501E+00   1.0170216E+00   1.0164484E+00   1.0160600E+00
    1.0158101E+00   1.0156727E+00   1.0155859E+00   1.0155387E+00   1.0155245E+00

 1.9476573474E+02   1.9476223E+04   4.1888729E+11   1.6292138E+00   4.9521112E+06   1.7247694E+00   9.4692269E-01    36 
    8.6978143E-01   6.6369621E-01   5.8938219E-01   9.1017003E-01   1.3442185E+00
    1.2115353E+00   1.0479619E+00   1.1567645E+00   1.1794847E+00   1.1431799E+00
    1.0995976E+00   1.0773306E+00   1.0571093E+00   1.0427617E+00   1.0320824E+00
    1.0250468E+00   1.0206763E+00   1.0176712E+00   1.0155142E+00   1.0139261E+00
    1.0127663E+00   1.0119237E+00   1.0113191E+00   1.0108981E+00   1.0106104E+00
    1.0104223E+00   1.0103188E+00   1.0102536E+00   1.0102189E+00   1.0102101E+00

 1.9458212830E+02   1.9152631E+04   5.9359662E+11   1.6111357E+00   7.1338898E+06   1.1991733E+00   9.6277512E-01    37 
    5.6285078E-01   5.7909215E-01   5.5131445E-01   8.6779958E-01   1.2894293E+00
    1.1728529E+00   1.0218783E+00   1.1187362E+00   1.1352966E+00   1.1061356E+00
    1.0727885E+00   1.0555083E+00   1.0404436E+00   1.0299145E+00   1.0221686E+00
    1.0170959E+00   1.0139459E+00   1.0117835E+00   1.0102365E+00   1.0090990E+00
    1.0082681E+00   1.0076635E+00   1.0072277E+00   1.0069220E+00   1.0067108E+00
    1.0065703E+00   1.0064929E+00   1.0064442E+00   1.0064189E+00   1.0064138E+00

 1.9438880145E+02   1.9189639E+04   8.4688743E+11   1.5961344E+00   1.0154119E+07   8.3233704E-01   9.7400494E-01    38 
    3.8308027E-01   5.1347040E-01   5.1991916E-01   8.3226791E-01   1.2406413E+00
    1.1382838E+00   1.0015426E+00   1.0854522E+00   1.0982066E+00   1.0761335E+00
    1.0516054E+00   1.0388099E+00   1.0279435E+00   1.0204282E+00   1.0149453E+00
    1.0113684E+00   1.0091460E+00   1.0076211E+00   1.0065319E+00   1.0057307E+00
    1.0051445E+00   1.0047168E+00   1.0044067E+00   1.0041874E+00   1.0040341E+00
    1.0039300E+00   1.0038726E+00   1.0038366E+00   1.0038182E+00   1.0038156E+00

 1.9418707353E+02   2.0010745E+04   1.2136926E+12   1.5869584E+00   1.3947374E+07   5.7719629E-01   9.8189683E-01    39 
    2.8956527E-01   4.7043375E-01   4.9778989E-01   8.0556003E-01   1.1993408E+00
    1.1093098E+00   9.8863440E-01   1.0586814E+00   1.0689416E+00   1.0530892E+00
    1.0356671E+00   1.0265538E+00   1.0189256E+00   1.0136836E+00   1.0098789E+00
    1.0074021E+00   1.0058610E+00   1.0048034E+00   1.0040478E+00   1.0034913E+00
    1.0030830E+00   1.0027840E+00   1.0025659E+00   1.0024103E+00   1.0023001E+00
    1.0022239E+00   1.0021817E+00   1.0021553E+00   1.0021421E+00   1.0021409E+00

 1.9397839230E+02   2.2241102E+04   1.7432824E+12   1.5843331E+00   1.8012397E+07   4.0037487E-01   9.8740569E-01    40 
    2.4313677E-01   4.4667398E-01   4.8406505E-01   7.8633685E-01   1.1633964E+00
    1.0850058E+00   9.8266473E-01   1.0385494E+00   1.0469421E+00   1.0360918E+00
    1.0241067E+00   1.0178334E+00   1.0126036E+00   1.0090200E+00   1.0064256E+00
    1.0047387E+00   1.0036874E+00   1.0029655E+00   1.0024489E+00   1.0020676E+00
    1.0017870E+00   1.0015806E+00   1.0014291E+00   1.0013201E+00   1.0012421E+00
    1.0011871E+00   1.0011566E+00   1.0011375E+00   1.0011281E+00   1.0011277E+00

 1.9376359179E+02   2.7326669E+04   2.5045837E+12   1.5894412E+00   2.1047827E+07   2.7814994E-01   9.9123263E-01    41 
    2.2586507E-01   4.4142054E-01   4.7849874E-01   7.7362764E-01   1.1308360E+00
    1.0643129E+00   9.8182599E-01   1.0243653E+00   1.0311449E+00   1.0240215E+00
    1.0159994E+00   1.0117971E+00   1.0082798E+00   1.0058715E+00   1.0041302E+00
    1.0029989E+00   1.0022927E+00   1.0018073E+00   1.0014589E+00   1.0012011E+00
    1.0010109E+00   1.0008704E+00   1.0007667E+00   1.0006915E+00   1.0006372E+00
    1.0005983E+00   1.0005768E+00   1.0005632E+00   1.0005566E+00   1.0005566E+00

 1.9353826930E+02   3.9117451E+04   3.6097410E+12   1.6045168E+00   2.1179763E+07   1.9288444E-01   9.9391159E-01    42 
    2.3232614E-01   4.5757344E-01   4.8198699E-01   7.6717334E-01   1.0999972E+00
    1.0461722E+00   9.8379605E-01   1.0147968E+00   1.0201173E+00   1.0156298E+00
    1.0104010E+00   1.0076564E+00   1.0053443E+00   1.0037613E+00   1.0026169E+00
    1.0018733E+00   1.0014084E+00   1.0010886E+00   1.0008580E+00   1.0006872E+00
    1.0005608E+00   1.0004671E+00   1.0003976E+00   1.0003471E+00   1.0003103E+00
    1.0002836E+00   1.0002688E+00   1.0002594E+00   1.0002549E+00   1.0002551E+00

 1.9330469342E+02   6.7095976E+04   5.1755975E+12   1.6309910E+00   1.7700425E+07   1.3459555E-01   9.9574735E-01    43 
    2.6290212E-01   4.9822713E-01   4.9491569E-01   7.6639322E-01   1.0701768E+00
    1.0301859E+00   9.8647941E-01   1.0086376E+00   1.0127389E+00   1.0100032E+00
    1.0066565E+00   1.0048991E+00   1.0034088E+00   1.0023865E+00   1.0016460E+00
    1.0011645E+00   1.0008632E+00   1.0006559E+00   1.0005057E+00   1.0003942E+00
    1.0003116E+00   1.0002503E+00   1.0002047E+00   1.0001714E+00   1.0001471E+00
    1.0001293E+00   1.0001194E+00   1.0001132E+00   1.0001102E+00   1.0001103E+00

 1.9308763831E+02   1.2765476E+05   7.0975300E+12   1.6648636E+00   1.2760314E+07   9.8262275E-02   9.9689345E-01    44 
    3.1335826E-01   5.5706247E-01   5.1397801E-01   7.6918787E-01   1.0436265E+00
    1.0172995E+00   9.8846671E-01   1.0049526E+00   1.0082118E+00   1.0065463E+00
    1.0043682E+00   1.0032239E+00   1.0022420E+00   1.0015655E+00   1.0010738E+00
    1.0007536E+00   1.0005532E+00   1.0004153E+00   1.0003149E+00   1.0002403E+00
    1.0001850E+00   1.0001439E+00   1.0001133E+00   1.0000910E+00   1.0000746E+00
    1.0000626E+00   1.0000560E+00   1.0000518E+00   1.0000498E+00   1.0000499E+00

 1.9287959299E+02   2.6402777E+05   9.4286959E+12   1.7048605E+00   8.1993747E+06   7.4082062E-02   9.9765696E-01    45 
    3.8243799E-01   6.3106307E-01   5.3737306E-01   7.7367660E-01   1.0195987E+00
    1.0066323E+00   9.8970236E-01   1.0024799E+00   1.0051914E+00   1.0042581E+00
    1.0028655E+00   1.0021310E+00   1.0014856E+00   1.0010372E+00   1.0007092E+00
    1.0004951E+00   1.0003610E+00   1.0002689E+00   1.0002015E+00   1.0001513E+00
    1.0001141E+00   1.0000864E+00   1.0000658E+00   1.0000508E+00   1.0000398E+00
    1.0000317E+00   1.0000272E+00   1.0000244E+00   1.0000231E+00   1.0000232E+00

 1.9267392602E+02   5.9224768E+05   1.2257472E+13   1.7509257E+00   4.7547835E+06   5.7088584E-02   9.9819391E-01    46 
    4.7050878E-01   7.1880472E-01   5.6475882E-01   7.7914499E-01   9.9819429E-01
    9.9780715E-01   9.9035690E-01   1.0006338E+00   1.0030351E+00   1.0026505E+00
    1.0018175E+00   1.0013741E+00   1.0009648E+00   1.0006757E+00   1.0004617E+00
    1.0003213E+00   1.0002334E+00   1.0001731E+00   1.0001286E+00   1.0000955E+00
    1.0000708E+00   1.0000525E+00   1.0000388E+00   1.0000289E+00   1.0000217E+00
    1.0000164E+00   1.0000134E+00   1.0000116E+00   1.0000108E+00   1.0000108E+00

 1.9246588142E+02   1.4455226E+06   1.5693384E+13   1.8035768E+00   2.4957575E+06   4.4679373E-02   9.9858621E-01    47 
    5.7795437E-01   8.1829796E-01   5.9708046E-01   7.8574633E-01   9.8005370E-01
    9.9069842E-01   9.9061127E-01   9.9917716E-01   1.0014363E+00   1.0014789E+00
    1.0010584E+00   1.0008296E+00   1.0005921E+00   1.0004185E+00   1.0002866E+00
    1.0001993E+00   1.0001447E+00   1.0001072E+00   1.0000793E+00   1.0000584E+00
    1.0000428E+00   1.0000311E+00   1.0000225E+00   1.0000162E+00   1.0000117E+00
    1.0000083E+00   1.0000065E+00   1.0000054E+00   1.0000049E+00   1.0000049E+00

 1.9225154893E+02   3.8638748E+06   1.9880095E+13   1.8637063E+00   1.1835019E+06   3.5347023E-02   9.9888134E-01    48 
    7.0329924E-01   9.2481057E-01   6.3727261E-01   7.9470030E-01   9.6605861E-01
    9.8530892E-01   9.9069355E-01   9.9804748E-01   1.0002438E+00   1.0006152E+00
    1.0005008E+00   1.0004315E+00   1.0003207E+00   1.0002319E+00   1.0001603E+00
    1.0001118E+00   1.0000815E+00   1.0000607E+00   1.0000449E+00   1.0000330E+00
    1.0000239E+00   1.0000172E+00   1.0000121E+00   1.0000085E+00   1.0000059E+00
    1.0000040E+00   1.0000030E+00   1.0000024E+00   1.0000021E+00   1.0000021E+00

 1.9202750068E+02   1.1443799E+07   2.5005307E+13   1.9325354E+00   5.0287226E+05   2.8167952E-02   9.9910843E-01    49 
    8.3862079E-01   1.0276873E+00   6.9195351E-01   8.0907394E-01   9.5732370E-01
    9.8185216E-01   9.9091479E-01   9.9727700E-01   9.9939978E-01   9.9999865E-01
    1.0001013E+00   1.0001461E+00   1.0001262E+00   1.0000984E+00   1.0000700E+00
    1.0000496E+00   1.0000369E+00   1.0000281E+00   1.0000211E+00   1.0000156E+00
    1.0000113E+00   1.0000080E+00   1.0000055E+00   1.0000038E+00   1.0000025E+00
    1.0000016E+00   1.0000012E+00   1.0000009E+00   1.0000007E+00   1.0000008E+00

 1.9179066694E+02   3.8422382E+07   3.1307880E+13   2.0117453E+00   1.8760122E+05   2.2553724E-02   9.9928607E-01    50 
    9.6089790E-01   1.1052362E+00   7.7275836E-01   8.3463014E-01   9.5532354E-01
    9.8089106E-01   9.9166501E-01   9.9696946E-01   9.9891240E-01   9.9961513E-01
    9.9984627E-01   9.9995991E-01   9.9999782E-01   1.0000098E+00   1.0000101E+00
    1.0000084E+00   1.0000075E+00   1.0000067E+00   1.0000056E+00   1.0000043E+00
    1.0000032E+00   1.0000023E+00   1.0000016E+00   1.0000011E+00   1.0000007E+00
    1.0000004E+00   1.0000003E+00   1.0000002E+00   1.0000002E+00   1.0000002E+00

 1.9153827856E+02   1.5082367E+08   3.9062128E+13   2.1034254E+00   5.9644658E+04   1.8124758E-02   9.9942622E-01    51 
    1.0283856E+00   1.1237766E+00   8.8648304E-01   8.7846999E-01   9.6188370E-01
    9.8328766E-01   9.9333059E-01   9.9726480E-01   9.9882688E-01   9.9947832E-01
    9.9973975E-01   9.9987227E-01   9.9993394E-01   9.9996420E-01   9.9997884E-01
    9.9998688E-01   9.9999204E-01   9.9999543E-01   9.9999737E-01   9.9999847E-01
    9.9999908E-01   9.9999943E-01   9.9999962E-01   9.9999975E-01   9.9999984E-01
    9.9999990E-01   9.9999993E-01   9.9999994E-01   9.9999995E-01   9.9999995E-01

 1.9126797534E+02   6.9191346E+08   4.8551417E+13   2.2096271E+00   1.6162114E+04   1.4623860E-02   9.9953702E-01    52 
    1.0219147E+00   1.0772824E+00   9.8923181E-01   9.3798750E-01   9.7623877E-01
    9.8887843E-01   9.9584774E-01   9.9812803E-01   9.9911311E-01   9.9956905E-01
    9.9977031E-01   9.9987479E-01   9.9992881E-01   9.9995769E-01   9.9997358E-01
    9.9998298E-01   9.9998894E-01   9.9999291E-01   9.9999542E-01   9.9999704E-01
    9.9999807E-01   9.9999874E-01   9.9999918E-01   9.9999948E-01   9.9999967E-01
    9.9999981E-01   9.9999987E-01   9.9999991E-01   9.9999992E-01   9.9999992E-01

 1.9097798642E+02   3.4379199E+09   5.9998022E+13   2.3317171E+00   4.0192706E+03   1.1870283E-02   9.9962418E-01    53 
    9.9557409E-01   1.0269612E+00   1.0157511E+00   9.8669245E-01   9.9079874E-01
    9.9489340E-01   9.9819659E-01   9.9907454E-01   9.9951348E-01   9.9974706E-01
    9.9985868E-01   9.9991874E-01   9.9995197E-01   9.9997055E-01   9.9998133E-01
    9.9998790E-01   9.9999205E-01   9.9999482E-01   9.9999661E-01   9.9999779E-01
    9.9999856E-01   9.9999907E-01   9.9999941E-01   9.9999963E-01   9.9999977E-01
    9.9999987E-01   9.9999991E-01   9.9999994E-01   9.9999995E-01   9.9999994E-01

 1.9066708662E+02   1.7319261E+10   7.3452265E+13   2.4702557E+00   9.7589428E+02   9.7292582E-03   9.9969196E-01    54 
    9.8337796E-01   1.0019616E+00   1.0081524E+00   1.0003172E+00   9.9873548E-01
    9.9884136E-01   9.9958588E-01   9.9970295E-01   9.9980775E-01   9.9988825E-01
    9.9993292E-01   9.9995888E-01   9.9997464E-01   9.9998396E-01   9.9998967E-01
    9.9999327E-01   9.9999555E-01   9.9999708E-01   9.9999808E-01   9.9999875E-01
    9.9999919E-01   9.9999949E-01   9.9999968E-01   9.9999980E-01   9.9999988E-01
    9.9999993E-01   9.9999995E-01   9.9999996E-01   9.9999997E-01   9.9999996E-01

 1.9033386406E+02   8.5728941E+10   8.8603118E+13   2.6252592E+00   2.3689784E+02   8.0997417E-03   9.9974354E-01    55 
    9.8087566E-01   9.9152877E-01   1.0028076E+00   1.0008971E+00   1.0004284E+00
    1.0000590E+00   1.0000129E+00   9.9996040E-01   9.9995503E-01   9.9996694E-01
    9.9997725E-01   9.9998440E-01   9.9998964E-01   9.9999310E-01   9.9999542E-01
    9.9999697E-01   9.9999797E-01   9.9999865E-01   9.9999910E-01   9.9999942E-01
    9.9999963E-01   9.9999976E-01   9.9999985E-01   9.9999991E-01   9.9999994E-01
    9.9999996E-01   9.9999997E-01   9.9999997E-01   9.9999997E-01   9.9999997E-01

 1.8997519973E+02   4.0608253E+11   1.0474053E+14   2.7967721E+00   5.8196652E+01   6.8979569E-03   9.9978159E-01    56 
    9.7990398E-01   9.8546569E-01   1.0004328E+00   1.0005813E+00   1.0004577E+00
    1.0001895E+00   1.0000790E+00   1.0000282E+00   1.0000083E+00   1.0000014E+00
    9.9999920E-01   9.9999849E-01   9.9999856E-01   9.9999883E-01   9.9999912E-01
    9.9999937E-01   9.9999955E-01   9.9999969E-01   9.9999978E-01   9.9999985E-01
    9.9999990E-01   9.9999994E-01   9.9999996E-01   9.9999997E-01   9.9999997E-01
    9.9999997E-01   9.9999997E-01   9.9999997E-01   9.9999997E-01   9.9999997E-01

 1.8958370716E+02   1.7496844E+12   1.2099431E+14   2.9849287E+00   1.4701260E+01   6.0608090E-03   9.9980809E-01    57 
    9.8074657E-01   9.8414597E-01   1.0006954E+00   1.0008037E+00   1.0004282E+00
    1.0001821E+00   1.0000803E+00   1.0000371E+00   1.0000182E+00   1.0000094E+00
    1.0000051E+00   1.0000028E+00   1.0000016E+00   1.0000009E+00   1.0000006E+00
    1.0000003E+00   1.0000002E+00   1.0000001E+00   1.0000001E+00   1.0000000E+00
    1.0000000E+00   1.0000000E+00   9.9999999E-01   9.9999997E-01   9.9999996E-01
    9.9999995E-01   9.9999995E-01   9.9999994E-01   9.9999994E-01   9.9999993E-01

 1.8914345241E+02   6.2163053E+12   1.3723532E+14   3.1913048E+00   3.8551853E+00   5.5425188E-03   9.9982450E-01    58 
    9.8465170E-01   9.8744431E-01   1.0017589E+00   1.0010491E+00   1.0004314E+00
    1.0001749E+00   1.0000767E+00   1.0000363E+00   1.0000185E+00   1.0000100E+00
    1.0000057E+00   1.0000034E+00   1.0000021E+00   1.0000013E+00   1.0000008E+00
    1.0000005E+00   1.0000003E+00   1.0000002E+00   1.0000001E+00   1.0000001E+00
    1.0000000E+00   1.0000000E+00   9.9999997E-01   9.9999995E-01   9.9999993E-01
    9.9999991E-01   9.9999990E-01   9.9999989E-01   9.9999988E-01   9.9999988E-01

 1.8862349468E+02   1.5548579E+13   1.5426336E+14   3.4183747E+00   1.0547963E+00   5.2647636E-03   9.9983330E-01    59 
    9.8910843E-01   9.9169990E-01   1.0020083E+00   1.0009371E+00   1.0003492E+00
    1.0001371E+00   1.0000592E+00   1.0000279E+00   1.0000143E+00   1.0000077E+00
    1.0000044E+00   1.0000026E+00   1.0000016E+00   1.0000010E+00   1.0000006E+00
    1.0000004E+00   1.0000003E+00   1.0000002E+00   1.0000001E+00   1.0000001E+00
    1.0000000E+00   9.9999999E-01   9.9999997E-01   9.9999994E-01   9.9999993E-01
    9.9999991E-01   9.9999991E-01   9.9999990E-01   9.9999990E-01   9.9999989E-01

 1.8797288233E+02   2.6074090E+13   1.7352933E+14   3.6694814E+00   3.0235652E-01   4.9876956E-03   9.9984207E-01    60 
    9.9231751E-01   9.9464616E-01   1.0015871E+00   1.0006552E+00   1.0002322E+00
    1.0000891E+00   1.0000379E+00   1.0000178E+00   1.0000091E+00   1.0000049E+00
    1.0000028E+00   1.0000017E+00   1.0000010E+00   1.0000006E+00   1.0000004E+00
    1.0000003E+00   1.0000002E+00   1.0000001E+00   1.0000001E+00   1.0000000E+00
    1.0000000E+00   1.0000000E+00   1.0000000E+00   9.9999999E-01   9.9999999E-01
    9.9999998E-01   9.9999998E-01   9.9999998E-01   9.9999998E-01   9.9999998E-01

 1.8714166792E+02   3.5059675E+13   2.0176997E+14   3.9453993E+00   9.4959733E-02   4.4511905E-03   9.9985906E-01    61 
    9.9534201E-01   9.9674165E-01   1.0009572E+00   1.0003649E+00   1.0001252E+00
    1.0000472E+00   1.0000198E+00   1.0000092E+00   1.0000047E+00   1.0000025E+00
    1.0000014E+00   1.0000008E+00   1.0000005E+00   1.0000003E+00   1.0000002E+00
    1.0000001E+00   1.0000001E+00   1.0000001E+00   1.0000000E+00   1.0000000E+00
    1.0000000E+00   1.0000000E+00   1.0000000E+00   1.0000000E+00   1.0000000E+00
    1.0000000E+00   1.0000000E+00   1.0000000E+00   1.0000000E+00   1.0000000E+00

 1.8612803051E+02   4.5513842E+13   2.4979866E+14   4.2500400E+00   3.3492049E-02   3.6723044E-03   9.9988372E-01    62 
    9.9765089E-01   9.9854818E-01   1.0005029E+00   1.0001767E+00   1.0000590E+00
    1.0000218E+00   1.0000091E+00   1.0000042E+00   1.0000021E+00   1.0000011E+00
    1.0000006E+00   1.0000004E+00   1.0000002E+00   1.0000001E+00   1.0000001E+00
    1.0000001E+00   1.0000000E+00   1.0000000E+00   1.0000000E+00   1.0000000E+00
    1.0000000E+00   1.0000000E+00   1.0000000E+00   1.0000000E+00   1.0000000E+00
    1.0000000E+00   1.0000000E+00   1.0000000E+00   1.0000000E+00   1.0000000E+00

 1.8497639686E+02   6.0709311E+13   3.2787774E+14   4.5867296E+00   1.3217785E-02   2.8432225E-03   9.9990997E-01    63 
    9.9871343E-01   9.9952698E-01   1.0002362E+00   1.0000764E+00   1.0000248E+00
    1.0000091E+00   1.0000038E+00   1.0000017E+00   1.0000009E+00   1.0000005E+00
    1.0000003E+00   1.0000002E+00   1.0000001E+00   1.0000001E+00   1.0000000E+00
    1.0000000E+00   1.0000000E+00   1.0000000E+00   1.0000000E+00   1.0000000E+00
    1.0000000E+00   1.0000000E+00   1.0000000E+00   1.0000000E+00   1.0000000E+00
    1.0000000E+00   1.0000000E+00   1.0000000E+00   1.0000000E+00   1.0000000E+00

 1.8373781994E+02   8.3888333E+13   4.5040951E+14   4.9580174E+00   5.7958874E-03   2.1007912E-03   9.9993348E-01    64 
    9.9925349E-01   9.9990789E-01   1.0001041E+00   1.0000308E+00   1.0000098E+00
    1.0000035E+00   1.0000015E+00   1.0000007E+00   1.0000003E+00   1.0000002E+00
    1.0000001E+00   1.0000001E+00   1.0000000E+00   1.0000000E+00   1.0000000E+00
    1.0000000E+00   1.0000000E+00   1.0000000E+00   1.0000000E+00   1.0000000E+00
    1.0000000E+00   1.0000000E+00   1.0000000E+00   1.0000000E+00   1.0000000E+00
    1.0000000E+00   1.0000000E+00   1.0000000E+00   1.0000000E+00   1.0000000E+00

 1.8245831153E+02   1.1846289E+14   6.3457439E+14   5.3662608E+00   2.7846762E-03   1.5130945E-03   9.9995209E-01    65 
    9.9961097E-01   1.0000057E+00   1.0000425E+00   1.0000117E+00   1.0000036E+00
    1.0000013E+00   1.0000005E+00   1.0000002E+00   1.0000001E+00   1.0000001E+00
    1.0000000E+00   1.0000000E+00   1.0000000E+00   1.0000000E+00   1.0000000E+00
    1.0000000E+00   1.0000000E+00   1.0000000E+00   1.0000000E+00   1.0000000E+00
    1.0000000E+00   1.0000000E+00   1.0000000E+00   1.0000000E+00   1.0000000E+00
    1.0000000E+00   1.0000000E+00   1.0000000E+00   1.0000000E+00   1.0000000E+00

 1.8115045010E+02   1.6852377E+14   9.0183476E+14   5.8205042E+00   1.4319006E-03   1.0804781E-03   9.9996579E-01    66 
    9.9981951E-01   1.0000148E+00   1.0000168E+00   1.0000044E+00   1.0000013E+00
    1.0000005E+00   1.0000002E+00   1.0000001E+00   1.0000000E+00   1.0000000E+00
    1.0000000E+00   1.0000000E+00   1.0000000E+00   1.0000000E+00   1.0000000E+00
    1.0000000E+00   1.0000000E+00   1.0000000E+00   1.0000000E+00   1.0000000E+00
    1.0000000E+00   1.0000000E+00   1.0000000E+00   1.0000000E+00   1.0000000E+00
    1.0000000E+00   1.0000000E+00   1.0000000E+00   1.0000000E+00   1.0000000E+00

 1.8007476298E+02   2.2388308E+14   1.1976199E+15   6.2256000E+00   8.7795353E-04   8.2350413E-04   9.9997392E-01    67 
    9.9990479E-01   1.0000116E+00   1.0000079E+00   1.0000020E+00   1.0000006E+00
    1.0000002E+00   1.0000001E+00   1.0000000E+00   1.0000000E+00   1.0000000E+00
    1.0000000E+00   1.0000000E+00   1.0000000E+00   1.0000000E+00   1.0000000E+00
    1.0000000E+00   1.0000000E+00   1.0000000E+00   1.0000000E+00   1.0000000E+00
    1.0000000E+00   1.0000000E+00   1.0000000E+00   1.0000000E+00   1.0000000E+00
    1.0000000E+00   1.0000000E+00   1.0000000E+00   1.0000000E+00   1.0000000E+00

 1.7952005495E+02   2.5859914E+14   1.3831706E+15   6.4458982E+00   6.9750704E-04   7.1749119E-04   9.9997728E-01    68 
    9.9992747E-01   1.0000106E+00   1.0000053E+00   1.0000013E+00   1.0000004E+00
    1.0000001E+00   1.0000001E+00   1.0000000E+00   1.0000000E+00   1.0000000E+00
    1.0000000E+00   1.0000000E+00   1.0000000E+00   1.0000000E+00   1.0000000E+00
    1.0000000E+00   1.0000000E+00   1.0000000E+00   1.0000000E+00   1.0000000E+00
    1.0000000E+00   1.0000000E+00   1.0000000E+00   1.0000000E+00   1.0000000E+00
    1.0000000E+00   1.0000000E+00   1.0000000E+00   1.0000000E+00   1.0000000E+00

 1.7924163337E+02   2.7784680E+14   1.4860605E+15   6.5592409E+00   6.2538087E-04   6.6991094E-04   9.9997879E-01    69 
    9.9991995E-01   1.0000121E+00   1.0000054E+00   1.0000013E+00   1.0000004E+00
    1.0000001E+00   1.0000001E+00   1.0000000E+00   1.0000000E+00   1.0000000E+00
    1.0000000E+00   1.0000000E+00   1.0000000E+00   1.0000000E+00   1.0000000E+00
    1.0000000E+00   1.0000000E+00   1.0000000E+00   1.0000000E+00   1.0000000E+00
    1.0000000E+00   1.0000000E+00   1.0000000E+00   1.0000000E+00   1.0000000E+00
    1.0000000E+00   1.0000000E+00   1.0000000E+00   1.0000000E+00   1.0000000E+00

 1.7914867253E+02   2.8457700E+14   1.5220389E+15   6.5975800E+00   6.0283448E-04   6.5476107E-04   9.9997927E-01    70 
    9.9861141E-01   9.9972790E-01   9.9991428E-01   9.9997586E-01   9.9999279E-01
    9.9999748E-01   9.9999899E-01   9.9999955E-01   9.9999978E-01   9.9999989E-01
    9.9999994E-01   9.9999997E-01   9.9999998E-01   9.9999999E-01   1.0000000E+00
    1.0000000E+00   1.0000000E+00   1.0000000E+00   1.0000000E+00   1.0000000E+00
    1.0000000E+00   1.0000000E+00   1.0000000E+00   1.0000000E+00   1.0000000E+00
    1.0000000E+00   1.0000000E+00   1.0000000E+00   1.0000000E+00   1.0000000E+00
