
 24-FEB-2004                           !Format date

 2.4693418248E+02     5.6522E+05       30       70

 3.9521243214E+04   6.4968183E+02   6.2018510E+05   1.0069351E+00   8.5561341E+01   1.4612381E+03   5.0000000E-02     1 
    1.9483349E-10   1.3562125E-05   2.8359544E-04   4.6696366E-03   1.8174707E-02
    4.5845771E-02   6.6678548E-02   9.5639035E-02   1.2620829E-01   1.6265630E-01
    1.7799159E-01   2.0497565E-01   2.3046742E-01   2.5502108E-01   2.7594257E-01
    2.9627242E-01   3.1220377E-01   2.6124629E-01   3.2794735E-01   3.7911763E-01
    3.9488981E-01   4.0941032E-01   4.1884652E-01   4.0938474E-01   4.1671836E-01
    4.4272438E-01   4.3721508E-01   4.5477194E-01   4.7957698E-01   5.1444838E-01

 3.9123683902E+04   6.6572580E+02   6.3293220E+05   1.0096861E+00   8.5211121E+01   1.4610622E+03   5.0000000E-02     2 
    2.2648239E-10   1.4305012E-05   2.8623606E-04   4.6986003E-03   1.8295255E-02
    4.5886249E-02   6.6839528E-02   9.5662509E-02   1.2631441E-01   1.6275803E-01
    1.7808828E-01   2.0508628E-01   2.3055545E-01   2.5508074E-01   2.7600752E-01
    2.9637733E-01   3.1235686E-01   2.6145313E-01   3.2827030E-01   3.7956492E-01
    3.9543020E-01   4.1002967E-01   4.1948992E-01   4.1004668E-01   4.1740057E-01
    4.4337308E-01   4.3795456E-01   4.5550389E-01   4.8028508E-01   5.1496764E-01

 3.8340071905E+04   6.9830509E+02   6.5923541E+05   1.0152481E+00   8.4603888E+01   1.4607044E+03   5.0000000E-02     3 
    3.0664683E-10   1.5979877E-05   2.9846107E-04   4.8185448E-03   1.8629408E-02
    4.6477752E-02   6.7499718E-02   9.6315852E-02   1.2705768E-01   1.6355205E-01
    1.7885131E-01   2.0590015E-01   2.3135860E-01   2.5578663E-01   2.7666217E-01
    2.9701882E-01   3.1297126E-01   2.6198499E-01   3.2896308E-01   3.8040487E-01
    3.9637056E-01   4.1103936E-01   4.2050111E-01   4.1106442E-01   4.1842377E-01
    4.4428709E-01   4.3905991E-01   4.5664333E-01   4.8144871E-01   5.1578860E-01

 3.6821897478E+04   7.6781703E+02   7.1508747E+05   1.0266023E+00   8.3448736E+01   1.4599691E+03   5.0000000E-02     4 
    5.6412237E-10   2.0028787E-05   3.2554900E-04   5.0836457E-03   1.9358616E-02
    4.7902352E-02   6.9071650E-02   9.8096417E-02   1.2904448E-01   1.6573207E-01
    1.8093871E-01   2.0825074E-01   2.3383819E-01   2.5807527E-01   2.7869947E-01
    2.9893560E-01   3.1479977E-01   2.6342921E-01   3.3077271E-01   3.8256730E-01
    3.9870585E-01   4.1350019E-01   4.2292187E-01   4.1343979E-01   4.2081989E-01
    4.4656572E-01   4.4183761E-01   4.5956544E-01   4.8440098E-01   5.1800522E-01

 3.3966969085E+04   9.2427648E+02   8.4125935E+05   1.0501305E+00   8.1529379E+01   1.4584208E+03   5.0000000E-02     5 
    1.9231828E-09   3.1642973E-05   3.8712755E-04   5.6589189E-03   2.0892766E-02
    5.0908409E-02   7.2273180E-02   1.0155457E-01   1.3265119E-01   1.6922823E-01
    1.8370940E-01   2.1038933E-01   2.3544090E-01   2.5917892E-01   2.7960819E-01
    3.0010459E-01   3.1629432E-01   2.6493649E-01   3.3291409E-01   3.8539036E-01
    4.0217169E-01   4.1766710E-01   4.2748547E-01   4.1836100E-01   4.2609749E-01
    4.5173155E-01   4.4802086E-01   4.6593100E-01   4.9068256E-01   5.2276265E-01

 2.8902839786E+04   1.3496242E+03   1.1647322E+06   1.0995588E+00   7.7246878E+01   1.4549432E+03   5.0000000E-02     6 
    2.1051858E-08   7.7610357E-05   5.4610230E-04   7.0105258E-03   2.4363752E-02
    5.7491234E-02   7.9402752E-02   1.0912079E-01   1.4121519E-01   1.7803870E-01
    1.9176239E-01   2.1791772E-01   2.4215694E-01   2.6534752E-01   2.8542204E-01
    3.0600381E-01   3.2261989E-01   2.7087934E-01   3.4103446E-01   3.9540400E-01
    4.1332388E-01   4.2988688E-01   4.4011152E-01   4.3143820E-01   4.3969897E-01
    4.6495511E-01   4.6330414E-01   4.8135021E-01   5.0541484E-01   5.3409463E-01

 2.1148852266E+04   2.7663135E+03   2.1884893E+06   1.1950817E+00   7.0721582E+01   1.4463792E+03   5.0000000E-02     7 
    1.1455389E-06   3.5933961E-04   9.7303131E-04   1.0020479E-02   3.1471733E-02
    6.9530769E-02   9.2657247E-02   1.2347045E-01   1.5699236E-01   1.9480231E-01
    2.0701639E-01   2.3277602E-01   2.5642519E-01   2.7864596E-01   2.9716018E-01
    3.1632735E-01   3.3157678E-01   2.7835323E-01   3.5047654E-01   4.0686756E-01
    4.2683572E-01   4.4552494E-01   4.5647792E-01   4.4961498E-01   4.5915744E-01
    4.8346775E-01   4.8677768E-01   5.0509603E-01   5.2722997E-01   5.4968707E-01

 1.5492054004E+04   5.6195917E+03   4.1124439E+06   1.2765979E+00   6.5337101E+01   1.4345901E+03   5.0000000E-02     8 
    1.8157587E-05   1.1678396E-03   1.4867192E-03   1.3013979E-02   3.8137059E-02
    7.9802517E-02   1.0400994E-01   1.3597670E-01   1.7001041E-01   2.0850377E-01
    2.1951202E-01   2.4477202E-01   2.6778240E-01   2.8887824E-01   3.0547687E-01
    3.2276772E-01   3.3603930E-01   2.8229635E-01   3.5484358E-01   4.1206639E-01
    4.3419879E-01   4.5504252E-01   4.6701033E-01   4.6349201E-01   4.7490787E-01
    4.9852671E-01   5.0673153E-01   5.2473502E-01   5.4402906E-01   5.6095674E-01

 1.1372575831E+04   1.1166080E+04   7.7175481E+06   1.3382976E+00   6.1647562E+01   1.4186802E+03   5.0000000E-02     9 
    9.5864954E-05   2.7914130E-03   1.9812551E-03   1.5519443E-02   4.3165748E-02
    8.7644390E-02   1.1260878E-01   1.4522143E-01   1.7963908E-01   2.1850275E-01
    2.2846604E-01   2.5325139E-01   2.7583351E-01   2.9628181E-01   3.1121232E-01
    3.2648729E-01   3.3707582E-01   2.8380057E-01   3.5490325E-01   4.1153608E-01
    4.3584340E-01   4.5854797E-01   4.7187690E-01   4.7297220E-01   4.8656702E-01
    5.0955115E-01   5.2125668E-01   5.3814178E-01   5.5424805E-01   5.6672539E-01

 8.3686211134E+03   2.1768318E+04   1.4471402E+07   1.3828517E+00   5.9253994E+01   1.3972965E+03   5.0000000E-02    10 
    2.3607107E-04   5.3666507E-03   2.4054843E-03   1.7453517E-02   4.6904281E-02
    9.3289045E-02   1.1885606E-01   1.5189567E-01   1.8643776E-01   2.2557963E-01
    2.3469403E-01   2.5907262E-01   2.8138061E-01   3.0163452E-01   3.1549293E-01
    3.2902742E-01   3.3658227E-01   2.8510459E-01   3.5274743E-01   4.0723604E-01
    4.3346524E-01   4.5754991E-01   4.7272661E-01   4.7899253E-01   4.9455156E-01
    5.1647788E-01   5.2969304E-01   5.4474741E-01   5.5778985E-01   5.6693482E-01

 6.1854987469E+03   4.1759845E+04   2.7037821E+07   1.4166068E+00   5.7680665E+01   1.3690009E+03   5.0000000E-02    11 
    3.7860991E-04   8.9982978E-03   2.7821909E-03   1.8995121E-02   4.9807439E-02
    9.7482010E-02   1.2359055E-01   1.5703962E-01   1.9165199E-01   2.3118502E-01
    2.3950850E-01   2.6358912E-01   2.8570188E-01   3.0606365E-01   3.1941075E-01
    3.3180818E-01   3.3659110E-01   2.8906491E-01   3.5151774E-01   4.0272668E-01
    4.3047172E-01   4.5545598E-01   4.7260478E-01   4.8324093E-01   4.9965595E-01
    5.1954722E-01   5.3236708E-01   5.4508306E-01   5.5537136E-01   5.6208668E-01

 4.5993178354E+03   7.9120349E+04   5.0245623E+07   1.4460939E+00   5.6554439E+01   1.3324570E+03   5.0000000E-02    12 
    5.1133014E-04   1.4036051E-02   3.1927752E-03   2.0471130E-02   5.2518291E-02
    1.0121014E-01   1.2784827E-01   1.6180993E-01   1.9656863E-01   2.3672308E-01
    2.4418437E-01   2.6810031E-01   2.9008046E-01   3.1068474E-01   3.2389828E-01
    3.3566515E-01   3.3851017E-01   2.9794793E-01   3.5406700E-01   4.0151568E-01
    4.3029946E-01   4.5567715E-01   4.7417223E-01   4.8728931E-01   5.0297980E-01
    5.1982018E-01   5.3091994E-01   5.4107768E-01   5.4896349E-01   5.5389048E-01

 3.4387228466E+03   1.4899629E+05   9.3170451E+07   1.4755843E+00   5.5670955E+01   1.2855137E+03   5.0000000E-02    13 
    6.6969447E-04   2.1236804E-02   3.7650917E-03   2.2210175E-02   5.5636802E-02
    1.0528402E-01   1.3237373E-01   1.6710452E-01   2.0219183E-01   2.4326508E-01
    2.4977711E-01   2.7365219E-01   2.9555807E-01   3.1646612E-01   3.2981139E-01
    3.4125186E-01   3.4357361E-01   3.1319961E-01   3.6264271E-01   4.0617588E-01
    4.3519315E-01   4.6014429E-01   4.7879300E-01   4.9239507E-01   5.0612660E-01
    5.1942363E-01   5.2821943E-01   5.3590305E-01   5.4175236E-01   5.4533776E-01

 2.5856979394E+03   2.7978386E+05   1.7291249E+08   1.5053012E+00   5.5008365E+01   1.2251122E+03   5.0000000E-02    14 
    8.5516174E-04   3.1092856E-02   4.6826103E-03   2.4445788E-02   5.9584343E-02
    1.1001448E-01   1.3749667E-01   1.7340944E-01   2.0907139E-01   2.5144270E-01
    2.5708323E-01   2.8099154E-01   3.0293011E-01   3.2424773E-01   3.3809349E-01
    3.4965637E-01   3.5356846E-01   3.3561121E-01   3.7891281E-01   4.1834062E-01
    4.4637617E-01   4.6982768E-01   4.8743261E-01   5.0016324E-01   5.1148836E-01
    5.2145723E-01   5.2800628E-01   5.3356041E-01   5.3776423E-01   5.4034153E-01

 1.9584999633E+03   5.2376658E+05   3.2154783E+08   1.5338041E+00   5.4635483E+01   1.1483391E+03   5.0000000E-02    15 
    1.0244157E-03   4.3016959E-02   6.2272105E-03   2.7457447E-02   6.4899415E-02
    1.1573917E-01   1.4366937E-01   1.8133361E-01   2.1775902E-01   2.6197361E-01
    2.6725845E-01   2.9111835E-01   3.1330508E-01   3.3548759E-01   3.5062586E-01
    3.6340671E-01   3.7129921E-01   3.6606459E-01   4.0433607E-01   4.3956205E-01
    4.6551591E-01   4.8663509E-01   5.0243964E-01   5.1370566E-01   5.2281981E-01
    5.3014588E-01   5.3488620E-01   5.3880144E-01   5.4175849E-01   5.4359292E-01

 1.4979711619E+03   9.7602182E+05   5.9966413E+08   1.5595927E+00   5.4679160E+01   1.0525620E+03   5.0000000E-02    16 
    1.1135190E-03   5.3300148E-02   8.5240209E-03   3.1422267E-02   7.1869923E-02
    1.2251945E-01   1.5165837E-01   1.9151028E-01   2.2863403E-01   2.7569800E-01
    2.8151743E-01   3.0538250E-01   3.2825990E-01   3.5265852E-01   3.7065321E-01
    3.8649900E-01   4.0007064E-01   4.0606972E-01   4.4054857E-01   4.7181895E-01
    4.9518892E-01   5.1370136E-01   5.2747707E-01   5.3719264E-01   5.4453467E-01
    5.4997499E-01   5.5342321E-01   5.5618161E-01   5.5824584E-01   5.5954381E-01

 1.1613511210E+03   1.8010776E+06   1.1181084E+09   1.5827953E+00   5.5260341E+01   9.3917128E+02   5.0000000E-02    17 
    1.1171865E-03   5.8060695E-02   1.1338469E-02   3.6110281E-02   8.0036559E-02
    1.3011779E-01   1.6250053E-01   2.0377169E-01   2.4215097E-01   2.9369480E-01
    3.0021308E-01   3.2520241E-01   3.5016804E-01   3.7859129E-01   4.0193181E-01
    4.2298411E-01   4.4274403E-01   4.5743497E-01   4.8911250E-01   5.1690825E-01
    5.3772320E-01   5.5378722E-01   5.6564713E-01   5.7395471E-01   5.7994640E-01
    5.8410503E-01   5.8668469E-01   5.8867128E-01   5.9012387E-01   5.9104132E-01

 9.1509219133E+02   3.2852969E+06   2.0688839E+09   1.6145938E+00   5.6071751E+01   8.1748724E+02   5.0000000E-02    18 
    1.3849115E-03   6.8726062E-02   1.6982420E-02   4.4284970E-02   9.2956844E-02
    1.4484276E-01   1.8176683E-01   2.2220958E-01   2.6564069E-01   3.2256267E-01
    3.2931145E-01   3.5671034E-01   3.8633504E-01   4.1943465E-01   4.4999400E-01
    4.7731813E-01   5.0247602E-01   5.2280278E-01   5.5201342E-01   5.7665819E-01
    5.9503101E-01   6.0890053E-01   6.1904264E-01   6.2612104E-01   6.3108131E-01
    6.3437751E-01   6.3638446E-01   6.3787457E-01   6.3892787E-01   6.3958453E-01

 7.3392200411E+02   6.0253049E+06   3.8672247E+09   1.6606293E+00   5.7169004E+01   6.7988555E+02   5.0000000E-02    19 
    2.3301573E-03   9.6628885E-02   3.0285204E-02   6.0871844E-02   1.1567520E-01
    1.7255119E-01   2.1759123E-01   2.5478645E-01   3.0678776E-01   3.6751447E-01
    3.7759190E-01   4.1074905E-01   4.4682354E-01   4.8356423E-01   5.1987044E-01
    5.5234722E-01   5.8057108E-01   6.0318756E-01   6.2936179E-01   6.5062556E-01
    6.6630178E-01   6.7793157E-01   6.8634329E-01   6.9219113E-01   6.9621906E-01
    6.9882647E-01   7.0038738E-01   7.0151021E-01   7.0227466E-01   7.0273744E-01

 6.0208695390E+02   1.0870317E+07   7.2079221E+09   1.7056787E+00   5.9097955E+01   5.4198289E+02   5.0000014E-02    20 
    3.6730249E-03   1.2945538E-01   4.6640935E-02   8.5413894E-02   1.4530715E-01
    2.1227102E-01   2.6699987E-01   3.0102408E-01   3.5700259E-01   4.2012445E-01
    4.4262364E-01   4.8453902E-01   5.2718380E-01   5.6795472E-01   6.0652101E-01
    6.4016975E-01   6.6782521E-01   6.8953381E-01   7.1178784E-01   7.2917046E-01
    7.4183015E-01   7.5112203E-01   7.5776677E-01   7.6236408E-01   7.6549039E-01
    7.6748469E-01   7.6866202E-01   7.6948681E-01   7.7002798E-01   7.7034067E-01

 5.0576847545E+02   1.9596356E+07   1.3433261E+10   1.7802224E+00   6.1132400E+01   4.1209729E+02   5.0001028E-02    21 
    1.0245071E-02   2.0063621E-01   7.5230722E-02   1.1425837E-01   1.8964564E-01
    2.6595760E-01   3.3924207E-01   3.7161379E-01   4.2980068E-01   4.8766464E-01
    5.2857601E-01   5.7800054E-01   6.2513268E-01   6.6738371E-01   7.0503056E-01
    7.3545223E-01   7.5896740E-01   7.7705437E-01   7.9426481E-01   8.0735629E-01
    8.1685416E-01   8.2371313E-01   8.2860209E-01   8.3196685E-01   8.3423918E-01
    8.3567915E-01   8.3652007E-01   8.3709709E-01   8.3746273E-01   8.3766097E-01

 4.3520848683E+02   3.5359154E+07   2.5129250E+10   1.8910941E+00   6.3418457E+01   2.9722645E+02   5.0047307E-02    22 
    4.9779991E-02   3.6228410E-01   1.3773294E-01   1.7586064E-01   2.3886755E-01
    3.4986427E-01   4.2882003E-01   4.6778206E-01   5.2681549E-01   5.8382567E-01
    6.3538766E-01   6.8724123E-01   7.3216175E-01   7.6961369E-01   8.0055709E-01
    8.2426655E-01   8.4197109E-01   8.5527957E-01   8.6733431E-01   8.7637465E-01
    8.8284456E-01   8.8747890E-01   8.9078328E-01   8.9304878E-01   8.9457278E-01
    8.9554212E-01   8.9610136E-01   8.9647983E-01   8.9671283E-01   8.9683028E-01

 3.8541888636E+02   5.9250808E+07   4.5114814E+10   1.9812396E+00   6.8023720E+01   2.0734957E+02   5.0946305E-02    23 
    1.4573705E-01   5.4845021E-01   1.7785442E-01   2.7819066E-01   3.1426323E-01
    4.4647204E-01   5.1563274E-01   5.5961516E-01   6.2127727E-01   6.7380202E-01
    7.2983658E-01   7.7784655E-01   8.1637986E-01   8.4654323E-01   8.7022105E-01
    8.8755670E-01   9.0024115E-01   9.0952826E-01   9.1759930E-01   9.2361813E-01
    9.2786920E-01   9.3091285E-01   9.3305920E-01   9.3453955E-01   9.3553418E-01
    9.3617282E-01   9.3653698E-01   9.3678088E-01   9.3692835E-01   9.3699803E-01

 3.5206084938E+02   8.7187347E+07   6.8431270E+10   2.0364245E+00   7.0152697E+01   1.4499119E+02   5.7564168E-02    24 
    2.4493241E-01   6.8691996E-01   2.0490016E-01   3.7434886E-01   3.4876259E-01
    5.1837254E-01   6.0591380E-01   6.3130438E-01   6.9319944E-01   7.3823343E-01
    7.9201691E-01   8.3390228E-01   8.6609786E-01   8.8998095E-01   9.0878428E-01
    9.2209136E-01   9.3160107E-01   9.3841396E-01   9.4419630E-01   9.4845689E-01
    9.5144618E-01   9.5360082E-01   9.5510694E-01   9.5615884E-01   9.5686393E-01
    9.5731828E-01   9.5757651E-01   9.5774811E-01   9.5785061E-01   9.5789688E-01

 3.2791491760E+02   1.1249699E+08   7.8706905E+10   2.0572774E+00   6.2414825E+01   1.0080708E+02   8.2990706E-02    25 
    2.6343952E-01   7.3786633E-01   2.0731330E-01   4.0692951E-01   3.6304314E-01
    5.5880461E-01   6.7721420E-01   6.6764641E-01   7.3446218E-01   7.7841880E-01
    8.2167323E-01   8.5855603E-01   8.8667113E-01   9.0699301E-01   9.2365898E-01
    9.3522985E-01   9.4337421E-01   9.4910997E-01   9.5396348E-01   9.5752591E-01
    9.6001491E-01   9.6181083E-01   9.6306574E-01   9.6395032E-01   9.6453998E-01
    9.6491911E-01   9.6513571E-01   9.6527872E-01   9.6536379E-01   9.6540166E-01

 3.0981141728E+02   1.2340342E+08   7.4230070E+10   2.0583168E+00   5.3508522E+01   7.0117895E+01   1.4176205E-01    26 
    2.4339426E-01   7.3272527E-01   2.0708021E-01   3.9997857E-01   3.9450962E-01
    5.7263437E-01   7.0417296E-01   6.7544488E-01   7.4940563E-01   7.9671217E-01
    8.2931551E-01   8.6448288E-01   8.9101288E-01   9.1020701E-01   9.2627914E-01
    9.3741864E-01   9.4527141E-01   9.5072239E-01   9.5537504E-01   9.5879940E-01
    9.6118655E-01   9.6289747E-01   9.6409520E-01   9.6494276E-01   9.6550430E-01
    9.6586501E-01   9.6607280E-01   9.6620923E-01   9.6629067E-01   9.6632727E-01

 2.9563852777E+02   1.1091930E+08   7.0149113E+10   2.0605053E+00   5.6314011E+01   4.8852497E+01   2.3642806E-01    27 
    2.8048268E-01   7.4123839E-01   2.2668595E-01   3.9344299E-01   4.3636206E-01
    5.8380517E-01   7.1492047E-01   6.8498672E-01   7.6034413E-01   8.0948710E-01
    8.3592968E-01   8.7019169E-01   8.9552073E-01   9.1399456E-01   9.2923403E-01
    9.3987119E-01   9.4742891E-01   9.5260205E-01   9.5704388E-01   9.6031468E-01
    9.6259094E-01   9.6420731E-01   9.6533949E-01   9.6614103E-01   9.6666903E-01
    9.6700949E-01   9.6720708E-01   9.6733626E-01   9.6741372E-01   9.6744878E-01

 2.8309929328E+02   7.6724404E+07   7.3026736E+10   2.0745571E+00   8.5304066E+01   3.3461278E+01   3.6140242E-01    28 
    5.0743937E-01   8.2487926E-01   2.7796519E-01   4.2041381E-01   5.0046906E-01
    6.2428485E-01   7.4980133E-01   7.2515565E-01   7.9538887E-01   8.4115600E-01
    8.6266824E-01   8.9288976E-01   9.1447622E-01   9.3010237E-01   9.4260371E-01
    9.5133582E-01   9.5755871E-01   9.6172246E-01   9.6532165E-01   9.6796070E-01
    9.6978502E-01   9.7106555E-01   9.7195884E-01   9.7259151E-01   9.7300381E-01
    9.7327189E-01   9.7342927E-01   9.7353185E-01   9.7359371E-01   9.7362173E-01

 2.7081697638E+02   4.6143613E+07   8.4586060E+10   2.0993911E+00   1.6530247E+02   2.3696770E+01   4.8119898E-01    29 
    1.2388370E+00   1.0629678E+00   3.9611992E-01   5.2306736E-01   6.3579220E-01
    7.4374049E-01   8.5937798E-01   8.3524583E-01   8.9244573E-01   9.2414375E-01
    9.3423072E-01   9.5231336E-01   9.6347245E-01   9.7081521E-01   9.7644031E-01
    9.8016551E-01   9.8276397E-01   9.8429731E-01   9.8574609E-01   9.8679225E-01
    9.8747254E-01   9.8792344E-01   9.8822439E-01   9.8844095E-01   9.8856939E-01
    9.8865591E-01   9.8871182E-01   9.8874803E-01   9.8877104E-01   9.8878182E-01

 2.6296619201E+02   2.9346226E+07   1.0127288E+11   2.1139042E+00   3.1216278E+02   1.7302777E+01   5.8363002E-01    30 
    2.4271729E+00   1.3853836E+00   5.8025222E-01   6.7665231E-01   8.2881023E-01
    9.1715717E-01   1.0171480E+00   9.9198917E-01   1.0269191E+00   1.0365108E+00
    1.0300735E+00   1.0302046E+00   1.0267322E+00   1.0226714E+00   1.0190975E+00
    1.0161782E+00   1.0139944E+00   1.0121542E+00   1.0108449E+00   1.0098598E+00
    1.0090822E+00   1.0084797E+00   1.0080273E+00   1.0077118E+00   1.0074764E+00
    1.0073275E+00   1.0072521E+00   1.0072030E+00   1.0071766E+00   1.0071662E+00

 2.6231410865E+02   1.9292569E+07   1.2509457E+11   2.0963487E+00   5.8749355E+02   1.1938138E+01   6.8811852E-01    31 
    2.8437681E+00   1.5607705E+00   6.9890350E-01   7.7321220E-01   9.5154526E-01
    1.0331635E+00   1.1321333E+00   1.0969909E+00   1.1144588E+00   1.1070643E+00
    1.0882096E+00   1.0754667E+00   1.0622303E+00   1.0509169E+00   1.0418499E+00
    1.0350685E+00   1.0301465E+00   1.0264341E+00   1.0236104E+00   1.0215304E+00
    1.0199780E+00   1.0188243E+00   1.0179810E+00   1.0173892E+00   1.0169668E+00
    1.0166956E+00   1.0165513E+00   1.0164579E+00   1.0164061E+00   1.0163856E+00

 2.6205721707E+02   1.7322492E+07   1.6032311E+11   2.0835403E+00   8.3904554E+02   8.3486252E+00   7.6922517E-01    32 
    2.6091556E+00   1.5279046E+00   7.1634482E-01   7.7415481E-01   9.5929065E-01
    1.0378787E+00   1.1345571E+00   1.1034813E+00   1.1139678E+00   1.1033946E+00
    1.0843085E+00   1.0700893E+00   1.0567551E+00   1.0458465E+00   1.0372644E+00
    1.0309883E+00   1.0264947E+00   1.0231738E+00   1.0206369E+00   1.0187764E+00
    1.0173983E+00   1.0163796E+00   1.0156364E+00   1.0151126E+00   1.0147401E+00
    1.0144996E+00   1.0143710E+00   1.0142881E+00   1.0142423E+00   1.0142250E+00

 2.6184330257E+02   1.6510884E+07   2.1338198E+11   2.0727073E+00   1.1720607E+03   5.8020777E+00   8.3294261E-01    33 
    2.3190441E+00   1.4579902E+00   7.1049941E-01   7.5766980E-01   9.4412916E-01
    1.0214044E+00   1.1150923E+00   1.0900777E+00   1.0966100E+00   1.0859505E+00
    1.0690831E+00   1.0561263E+00   1.0447124E+00   1.0356664E+00   1.0286677E+00
    1.0236371E+00   1.0200777E+00   1.0174829E+00   1.0155032E+00   1.0140557E+00
    1.0129874E+00   1.0121995E+00   1.0116243E+00   1.0112171E+00   1.0109272E+00
    1.0107388E+00   1.0106379E+00   1.0105731E+00   1.0105377E+00   1.0105251E+00

 2.6160787043E+02   1.5890045E+07   2.9010459E+11   2.0632449E+00   1.6561955E+03   4.0459110E+00   8.8014326E-01    34 
    2.0816505E+00   1.3920193E+00   7.0243574E-01   7.4311403E-01   9.2948384E-01
    1.0062184E+00   1.0962190E+00   1.0764705E+00   1.0798497E+00   1.0694847E+00
    1.0548877E+00   1.0436068E+00   1.0341742E+00   1.0269075E+00   1.0213803E+00
    1.0174639E+00   1.0147211E+00   1.0127439E+00   1.0112395E+00   1.0101422E+00
    1.0093343E+00   1.0087392E+00   1.0083043E+00   1.0079948E+00   1.0077739E+00
    1.0076290E+00   1.0075513E+00   1.0075016E+00   1.0074747E+00   1.0074661E+00

 2.6136160258E+02   1.5517957E+07   4.0101584E+11   2.0561315E+00   2.3447313E+03   2.8214999E+00   9.1472539E-01    35 
    1.9078530E+00   1.3369553E+00   6.9452020E-01   7.3197305E-01   9.1732498E-01
    9.9378741E-01   1.0792712E+00   1.0638074E+00   1.0647580E+00   1.0549881E+00
    1.0426017E+00   1.0331345E+00   1.0255542E+00   1.0198571E+00   1.0155924E+00
    1.0126049E+00   1.0105296E+00   1.0090467E+00   1.0079225E+00   1.0071038E+00
    1.0065019E+00   1.0060587E+00   1.0057340E+00   1.0055018E+00   1.0053353E+00
    1.0052249E+00   1.0051655E+00   1.0051277E+00   1.0051076E+00   1.0051018E+00

 2.6111315449E+02   1.5399134E+07   5.6101157E+11   2.0497687E+00   3.3059701E+03   1.9669076E+00   9.3971252E-01    36 
    1.7398668E+00   1.2840726E+00   6.8566441E-01   7.2230394E-01   9.0615846E-01
    9.8257018E-01   1.0629044E+00   1.0513564E+00   1.0508220E+00   1.0421614E+00
    1.0320573E+00   1.0244689E+00   1.0185967E+00   1.0142695E+00   1.0110713E+00
    1.0088500E+00   1.0073160E+00   1.0062268E+00   1.0054037E+00   1.0048044E+00
    1.0043638E+00   1.0040392E+00   1.0038007E+00   1.0036291E+00   1.0035052E+00
    1.0034220E+00   1.0033771E+00   1.0033486E+00   1.0033337E+00   1.0033301E+00

 2.6086930283E+02   1.5527740E+07   7.9131757E+11   2.0420865E+00   4.6249172E+03   1.3710038E+00   9.5756198E-01    37 
    1.5281298E+00   1.2232626E+00   6.7392914E-01   7.1215012E-01   8.9438750E-01
    9.7117512E-01   1.0461492E+00   1.0386816E+00   1.0378364E+00   1.0308692E+00
    1.0231269E+00   1.0173978E+00   1.0130643E+00   1.0099126E+00   1.0076014E+00
    1.0060049E+00   1.0049058E+00   1.0041284E+00   1.0035418E+00   1.0031142E+00
    1.0027994E+00   1.0025670E+00   1.0023955E+00   1.0022712E+00   1.0021808E+00
    1.0021190E+00   1.0020857E+00   1.0020645E+00   1.0020537E+00   1.0020517E+00

 2.6063450332E+02   1.5902874E+07   1.1222132E+12   2.0311922E+00   6.4045015E+03   9.5585756E-01   9.7020831E-01    38 
    1.2540003E+00   1.1469772E+00   6.5760481E-01   7.0001280E-01   8.8083392E-01
    9.5873772E-01   1.0287414E+00   1.0258570E+00   1.0259157E+00   1.0211249E+00
    1.0157311E+00   1.0117469E+00   1.0087548E+00   1.0065866E+00   1.0049978E+00
    1.0039020E+00   1.0031476E+00   1.0026147E+00   1.0022121E+00   1.0019176E+00
    1.0017002E+00   1.0015390E+00   1.0014194E+00   1.0013320E+00   1.0012678E+00
    1.0012233E+00   1.0011992E+00   1.0011839E+00   1.0011762E+00   1.0011752E+00

 2.6041082150E+02   1.6592718E+07   1.5975909E+12   2.0174378E+00   8.7387203E+03   6.6645329E-01   9.7912834E-01    39 
    9.6246828E-01   1.0591752E+00   6.3768046E-01   6.8624035E-01   8.6589753E-01
    9.4572073E-01   1.0115938E+00   1.0136818E+00   1.0155304E+00   1.0130939E+00
    1.0098580E+00   1.0073975E+00   1.0055139E+00   1.0041330E+00   1.0031112E+00
    1.0024038E+00   1.0019152E+00   1.0015694E+00   1.0013066E+00   1.0011133E+00
    1.0009697E+00   1.0008626E+00   1.0007826E+00   1.0007235E+00   1.0006798E+00
    1.0006490E+00   1.0006322E+00   1.0006216E+00   1.0006164E+00   1.0006160E+00

 2.6019922467E+02   1.7823791E+07   2.2802750E+12   2.0042092E+00   1.1611649E+04   4.6470589E-01   9.8539770E-01    40 
    7.2159742E-01   9.7514464E-01   6.1834147E-01   6.7325184E-01   8.5164494E-01
    9.3382496E-01   9.9643519E-01   1.0033084E+00   1.0072214E+00   1.0069327E+00
    1.0054812E+00   1.0042317E+00   1.0031981E+00   1.0024092E+00   1.0018089E+00
    1.0013886E+00   1.0010958E+00   1.0008871E+00   1.0007262E+00   1.0006068E+00
    1.0005172E+00   1.0004499E+00   1.0003991E+00   1.0003613E+00   1.0003329E+00
    1.0003127E+00   1.0003017E+00   1.0002947E+00   1.0002913E+00   1.0002912E+00

 2.5999698220E+02   2.0115904E+07   3.2620066E+12   1.9960949E+00   1.4718165E+04   3.2390462E-01   9.8979819E-01    41 
    5.5909610E-01   9.0967192E-01   6.0437909E-01   6.6384751E-01   8.4024184E-01
    9.2463619E-01   9.8457722E-01   9.9542718E-01   1.0011446E+00   1.0025456E+00
    1.0024214E+00   1.0020495E+00   1.0016221E+00   1.0012527E+00   1.0009502E+00
    1.0007318E+00   1.0005765E+00   1.0004638E+00   1.0003743E+00   1.0003067E+00
    1.0002553E+00   1.0002162E+00   1.0001863E+00   1.0001638E+00   1.0001467E+00
    1.0001345E+00   1.0001277E+00   1.0001235E+00   1.0001214E+00   1.0001214E+00

 2.5980061239E+02   2.4496213E+07   4.6696227E+12   1.9974209E+00   1.7301707E+04   2.2590513E-01   9.9287320E-01    42 
    4.6932998E-01   8.7166384E-01   5.9970860E-01   6.6018997E-01   8.3307735E-01
    9.1897966E-01   9.7650156E-01   9.9013153E-01   9.9709960E-01   9.9964456E-01
    1.0004061E+00   1.0006173E+00   1.0005965E+00   1.0005088E+00   1.0004060E+00
    1.0003229E+00   1.0002597E+00   1.0002115E+00   1.0001701E+00   1.0001377E+00
    1.0001123E+00   1.0000924E+00   1.0000770E+00   1.0000652E+00   1.0000562E+00
    1.0000496E+00   1.0000460E+00   1.0000437E+00   1.0000426E+00   1.0000426E+00

 2.5960187490E+02   3.3327441E+07   6.6924482E+12   2.0117558E+00   1.8225687E+04   1.5752337E-01   9.9502483E-01    43 
    4.3678655E-01   8.6325978E-01   6.0729412E-01   6.6360330E-01   8.3046932E-01
    9.1677768E-01   9.7184581E-01   9.8702968E-01   9.9463890E-01   9.9783609E-01
    9.9913459E-01   9.9970958E-01   9.9994861E-01   1.0000421E+00   1.0000681E+00
    1.0000727E+00   1.0000694E+00   1.0000634E+00   1.0000536E+00   1.0000445E+00
    1.0000364E+00   1.0000295E+00   1.0000238E+00   1.0000194E+00   1.0000158E+00
    1.0000132E+00   1.0000118E+00   1.0000109E+00   1.0000105E+00   1.0000105E+00

 2.5938676713E+02   5.3701848E+07   9.6204141E+12   2.0435803E+00   1.6259140E+04   1.0959645E-01   9.9653578E-01    44 
    4.5248566E-01   8.8394609E-01   6.3205946E-01   6.7625492E-01   8.3280412E-01
    9.1785224E-01   9.7004463E-01   9.8564103E-01   9.9332336E-01   9.9679193E-01
    9.9837888E-01   9.9916042E-01   9.9955339E-01   9.9975693E-01   9.9986256E-01
    9.9992187E-01   9.9995630E-01   9.9997704E-01   9.9998759E-01   9.9999348E-01
    9.9999663E-01   9.9999821E-01   9.9999894E-01   9.9999928E-01   9.9999935E-01
    9.9999942E-01   9.9999948E-01   9.9999951E-01   9.9999953E-01   9.9999952E-01

 2.5917932741E+02   9.8138107E+07   1.3037021E+13   2.0890968E+00   1.2056566E+04   8.0930930E-02   9.9744064E-01    45 
    5.0176754E-01   9.2139177E-01   6.7506521E-01   6.9853987E-01   8.4031196E-01
    9.2185481E-01   9.7053378E-01   9.8557038E-01   9.9292015E-01   9.9638132E-01
    9.9805229E-01   9.9890924E-01   9.9936659E-01   9.9961955E-01   9.9976289E-01
    9.9984871E-01   9.9990168E-01   9.9993573E-01   9.9995667E-01   9.9997033E-01
    9.9997932E-01   9.9998533E-01   9.9998941E-01   9.9999226E-01   9.9999421E-01
    9.9999567E-01   9.9999647E-01   9.9999697E-01   9.9999722E-01   9.9999720E-01

 2.5897530552E+02   1.9933137E+08   1.6713261E+13   2.1452174E+00   7.6093914E+03   6.3194084E-02   9.9800096E-01    46 
    5.6684201E-01   9.5944392E-01   7.3894950E-01   7.3258602E-01   8.5385199E-01
    9.2876519E-01   9.7258456E-01   9.8637276E-01   9.9311554E-01   9.9637472E-01
    9.9799279E-01   9.9884038E-01   9.9930556E-01   9.9957018E-01   9.9972526E-01
    9.9982021E-01   9.9987996E-01   9.9991905E-01   9.9994430E-01   9.9996125E-01
    9.9997278E-01   9.9998073E-01   9.9998630E-01   9.9999025E-01   9.9999303E-01
    9.9999507E-01   9.9999618E-01   9.9999687E-01   9.9999720E-01   9.9999717E-01

 2.5876610542E+02   4.5004267E+08   2.0663146E+13   2.2112676E+00   4.1664122E+03   5.1178304E-02   9.9838074E-01    47 
    6.3295975E-01   9.8300915E-01   8.2491153E-01   7.8216739E-01   8.7539290E-01
    9.3924428E-01   9.7615756E-01   9.8801136E-01   9.9382796E-01   9.9669171E-01
    9.9813827E-01   9.9890651E-01   9.9933513E-01   9.9958276E-01   9.9973043E-01
    9.9982188E-01   9.9987998E-01   9.9991824E-01   9.9994350E-01   9.9996066E-01
    9.9997246E-01   9.9998068E-01   9.9998647E-01   9.9999059E-01   9.9999350E-01
    9.9999561E-01   9.9999675E-01   9.9999744E-01   9.9999777E-01   9.9999774E-01

 2.5854496452E+02   1.1383483E+09   2.5082351E+13   2.2880884E+00   1.9989216E+03   4.2222930E-02   9.9866388E-01    48 
    6.8691917E-01   9.8034718E-01   9.1902666E-01   8.4853337E-01   9.0610497E-01
    9.5360634E-01   9.8136686E-01   9.9051339E-01   9.9503503E-01   9.9730252E-01
    9.9846411E-01   9.9908803E-01   9.9944036E-01   9.9964603E-01   9.9977007E-01
    9.9984744E-01   9.9989689E-01   9.9992952E-01   9.9995132E-01   9.9996622E-01
    9.9997649E-01   9.9998368E-01   9.9998874E-01   9.9999233E-01   9.9999485E-01
    9.9999666E-01   9.9999762E-01   9.9999819E-01   9.9999846E-01   9.9999844E-01

 2.5830741567E+02   3.2233038E+09   3.0250489E+13   2.3773427E+00   8.5078287E+02   3.5068465E-02   9.9889015E-01    49 
    7.2362441E-01   9.5377320E-01   9.8615001E-01   9.2274444E-01   9.4289560E-01
    9.7028575E-01   9.8766998E-01   9.9357904E-01   9.9656449E-01   9.9810470E-01
    9.9890796E-01   9.9934515E-01   9.9959512E-01   9.9974244E-01   9.9983212E-01
    9.9988841E-01   9.9992456E-01   9.9994842E-01   9.9996447E-01   9.9997547E-01
    9.9998306E-01   9.9998837E-01   9.9999209E-01   9.9999472E-01   9.9999654E-01
    9.9999784E-01   9.9999851E-01   9.9999891E-01   9.9999909E-01   9.9999908E-01

 2.5805062383E+02   9.9578908E+09   3.6337644E+13   2.4809364E+00   3.3014230E+02   2.9252162E-02   9.9907413E-01    50 
    7.5557253E-01   9.2698116E-01   1.0064495E+00   9.7961000E-01   9.7517520E-01
    9.8510924E-01   9.9344326E-01   9.9641558E-01   9.9800393E-01   9.9887106E-01
    9.9933814E-01   9.9959770E-01   9.9974891E-01   9.9983917E-01   9.9989476E-01
    9.9992993E-01   9.9995264E-01   9.9996766E-01   9.9997780E-01   9.9998476E-01
    9.9998957E-01   9.9999292E-01   9.9999526E-01   9.9999689E-01   9.9999801E-01
    9.9999880E-01   9.9999920E-01   9.9999943E-01   9.9999954E-01   9.9999953E-01

 2.5777217042E+02   3.2764952E+10   4.3397290E+13   2.6002975E+00   1.1913313E+02   2.4555489E-02   9.9922273E-01    51 
    7.8806298E-01   9.0984101E-01   1.0015569E+00   1.0033934E+00   9.9644068E-01
    9.9591755E-01   9.9782038E-01   9.9861055E-01   9.9914088E-01   9.9948460E-01
    9.9968627E-01   9.9980376E-01   9.9987515E-01   9.9991892E-01   9.9994649E-01
    9.9996421E-01   9.9997577E-01   9.9998347E-01   9.9998867E-01   9.9999227E-01
    9.9999475E-01   9.9999648E-01   9.9999768E-01   9.9999850E-01   9.9999907E-01
    9.9999945E-01   9.9999965E-01   9.9999976E-01   9.9999981E-01   9.9999981E-01

 2.5746919231E+02   1.1078034E+11   5.1410376E+13   2.7351638E+00   4.1031375E+01   2.0804668E-02   9.9934141E-01    52 
    8.1859636E-01   9.0365366E-01   9.9634909E-01   1.0085907E+00   1.0044975E+00
    1.0011774E+00   1.0002467E+00   9.9991943E-01   9.9985803E-01   9.9988379E-01
    9.9991728E-01   9.9994234E-01   9.9996075E-01   9.9997328E-01   9.9998182E-01
    9.9998759E-01   9.9999149E-01   9.9999416E-01   9.9999598E-01   9.9999726E-01
    9.9999815E-01   9.9999877E-01   9.9999920E-01   9.9999949E-01   9.9999969E-01
    9.9999983E-01   9.9999990E-01   9.9999994E-01   9.9999995E-01   9.9999995E-01

 2.5713637784E+02   3.6542149E+11   6.0171680E+13   2.8841769E+00   1.3854234E+01   1.7891269E-02   9.9943361E-01    53 
    8.4298551E-01   9.0633854E-01   9.9837741E-01   1.0093361E+00   1.0056193E+00
    1.0023513E+00   1.0009801E+00   1.0004066E+00   1.0001696E+00   1.0000730E+00
    1.0000327E+00   1.0000142E+00   1.0000062E+00   1.0000026E+00   1.0000010E+00
    1.0000004E+00   1.0000001E+00   9.9999996E-01   9.9999991E-01   9.9999992E-01
    9.9999993E-01   9.9999995E-01   9.9999997E-01   9.9999998E-01   1.0000000E+00
    1.0000000E+00   1.0000000E+00   1.0000000E+00   1.0000000E+00   1.0000000E+00

 2.5676366791E+02   1.0973275E+12   6.9909838E+13   3.0481864E+00   4.6910551E+00   1.5595122E-02   9.9950628E-01    54 
    8.6704013E-01   9.1806161E-01   1.0052890E+00   1.0099579E+00   1.0051249E+00
    1.0021909E+00   1.0009659E+00   1.0004513E+00   1.0002242E+00   1.0001170E+00
    1.0000644E+00   1.0000366E+00   1.0000216E+00   1.0000131E+00   1.0000082E+00
    1.0000052E+00   1.0000033E+00   1.0000022E+00   1.0000014E+00   1.0000009E+00
    1.0000006E+00   1.0000004E+00   1.0000002E+00   1.0000002E+00   1.0000001E+00
    1.0000001E+00   1.0000001E+00   1.0000001E+00   1.0000001E+00   1.0000001E+00

 2.5633706122E+02   2.7260343E+12   8.1874606E+13   3.2285941E+00   1.6346560E+00   1.3604507E-02   9.9956929E-01    55 
    8.9495985E-01   9.3601919E-01   1.0109524E+00   1.0092326E+00   1.0041120E+00
    1.0017096E+00   1.0007549E+00   1.0003595E+00   1.0001840E+00   1.0000995E+00
    1.0000568E+00   1.0000336E+00   1.0000206E+00   1.0000129E+00   1.0000083E+00
    1.0000054E+00   1.0000035E+00   1.0000023E+00   1.0000015E+00   1.0000010E+00
    1.0000006E+00   1.0000004E+00   1.0000003E+00   1.0000002E+00   1.0000002E+00
    1.0000001E+00   1.0000001E+00   1.0000001E+00   1.0000001E+00   1.0000002E+00

 2.5584470686E+02   5.2709601E+12   9.8026711E+13   3.4264841E+00   5.9664885E-01   1.1654250E-02   9.9963102E-01    56 
    9.2307681E-01   9.5393761E-01   1.0114869E+00   1.0069312E+00   1.0027996E+00
    1.0011284E+00   1.0004922E+00   1.0002337E+00   1.0001200E+00   1.0000652E+00
    1.0000374E+00   1.0000223E+00   1.0000138E+00   1.0000087E+00   1.0000056E+00
    1.0000037E+00   1.0000024E+00   1.0000016E+00   1.0000010E+00   1.0000007E+00
    1.0000004E+00   1.0000003E+00   1.0000002E+00   1.0000001E+00   1.0000001E+00
    1.0000001E+00   1.0000001E+00   1.0000001E+00   1.0000001E+00   1.0000001E+00

 2.5528217335E+02   8.2895464E+12   1.2035784E+14   3.6456870E+00   2.2649761E-01   9.6888500E-03   9.9969324E-01    57 
    9.4856819E-01   9.6891865E-01   1.0086929E+00   1.0042925E+00   1.0016141E+00
    1.0006317E+00   1.0002709E+00   1.0001275E+00   1.0000653E+00   1.0000354E+00
    1.0000203E+00   1.0000121E+00   1.0000075E+00   1.0000047E+00   1.0000030E+00
    1.0000020E+00   1.0000013E+00   1.0000008E+00   1.0000005E+00   1.0000003E+00
    1.0000002E+00   1.0000001E+00   1.0000001E+00   1.0000001E+00   1.0000001E+00
    1.0000001E+00   1.0000001E+00   1.0000001E+00   1.0000001E+00   1.0000001E+00

 2.5465237807E+02   1.1614215E+13   1.5095042E+14   3.8911822E+00   8.8318240E-02   7.8314922E-03   9.9975204E-01    58 
    9.6972744E-01   9.8131384E-01   1.0055814E+00   1.0023526E+00   1.0008354E+00
    1.0003173E+00   1.0001333E+00   1.0000620E+00   1.0000317E+00   1.0000171E+00
    1.0000098E+00   1.0000058E+00   1.0000036E+00   1.0000022E+00   1.0000014E+00
    1.0000009E+00   1.0000006E+00   1.0000004E+00   1.0000002E+00   1.0000002E+00
    1.0000001E+00   1.0000001E+00   1.0000000E+00   1.0000000E+00   1.0000000E+00
    1.0000000E+00   1.0000000E+00   1.0000000E+00   1.0000000E+00   1.0000000E+00

 2.5396114694E+02   1.5528009E+13   1.9279746E+14   4.1652392E+00   3.5545839E-02   6.1893324E-03   9.9980402E-01    59 
    9.8378244E-01   9.9045980E-01   1.0031910E+00   1.0011832E+00   1.0004020E+00
    1.0001486E+00   1.0000612E+00   1.0000282E+00   1.0000143E+00   1.0000077E+00
    1.0000044E+00   1.0000026E+00   1.0000016E+00   1.0000010E+00   1.0000006E+00
    1.0000004E+00   1.0000003E+00   1.0000002E+00   1.0000001E+00   1.0000001E+00
    1.0000000E+00   1.0000000E+00   1.0000000E+00   1.0000000E+00   1.0000000E+00
    1.0000000E+00   1.0000000E+00   1.0000000E+00   1.0000000E+00   1.0000000E+00

 2.5321275061E+02   2.0631932E+13   2.5150580E+14   4.4700952E+00   1.4964444E-02   4.7805990E-03   9.9984863E-01    60 
    9.9091824E-01   9.9601720E-01   1.0016567E+00   1.0005545E+00   1.0001826E+00
    1.0000665E+00   1.0000272E+00   1.0000125E+00   1.0000063E+00   1.0000034E+00
    1.0000019E+00   1.0000011E+00   1.0000007E+00   1.0000004E+00   1.0000003E+00
    1.0000002E+00   1.0000001E+00   1.0000001E+00   1.0000000E+00   1.0000000E+00
    1.0000000E+00   1.0000000E+00   1.0000000E+00   1.0000000E+00   1.0000000E+00
    1.0000000E+00   1.0000000E+00   1.0000000E+00   1.0000000E+00   1.0000000E+00

 2.5241335257E+02   2.7878392E+13   3.3734188E+14   4.8078006E+00   6.7216403E-03   3.5894348E-03   9.9988634E-01    61 
    9.9446296E-01   9.9872254E-01   1.0007826E+00   1.0002407E+00   1.0000774E+00
    1.0000281E+00   1.0000115E+00   1.0000053E+00   1.0000027E+00   1.0000014E+00
    1.0000008E+00   1.0000005E+00   1.0000003E+00   1.0000002E+00   1.0000001E+00
    1.0000001E+00   1.0000000E+00   1.0000000E+00   1.0000000E+00   1.0000000E+00
    1.0000000E+00   1.0000000E+00   1.0000000E+00   1.0000000E+00   1.0000000E+00
    1.0000000E+00   1.0000000E+00   1.0000000E+00   1.0000000E+00   1.0000000E+00

 2.5157765643E+02   3.8362166E+13   4.6278883E+14   5.1802801E+00   3.2419204E-03   2.6348859E-03   9.9991657E-01    62 
    9.9684771E-01   9.9974164E-01   1.0003418E+00   1.0000981E+00   1.0000308E+00
    1.0000112E+00   1.0000046E+00   1.0000021E+00   1.0000011E+00   1.0000006E+00
    1.0000003E+00   1.0000002E+00   1.0000001E+00   1.0000001E+00   1.0000000E+00
    1.0000000E+00   1.0000000E+00   1.0000000E+00   1.0000000E+00   1.0000000E+00
    1.0000000E+00   1.0000000E+00   1.0000000E+00   1.0000000E+00   1.0000000E+00
    1.0000000E+00   1.0000000E+00   1.0000000E+00   1.0000000E+00   1.0000000E+00

 2.5072119409E+02   5.3179364E+13   6.4069235E+14   5.5899171E+00   1.6702145E-03   1.9167032E-03   9.9993931E-01    63 
    9.9841855E-01   1.0000156E+00   1.0001422E+00   1.0000386E+00   1.0000119E+00
    1.0000043E+00   1.0000018E+00   1.0000008E+00   1.0000004E+00   1.0000002E+00
    1.0000001E+00   1.0000001E+00   1.0000000E+00   1.0000000E+00   1.0000000E+00
    1.0000000E+00   1.0000000E+00   1.0000000E+00   1.0000000E+00   1.0000000E+00
    1.0000000E+00   1.0000000E+00   1.0000000E+00   1.0000000E+00   1.0000000E+00
    1.0000000E+00   1.0000000E+00   1.0000000E+00   1.0000000E+00   1.0000000E+00

 2.4985056664E+02   7.3600568E+13   8.8618336E+14   6.0389671E+00   9.1854856E-04   1.3955877E-03   9.9995581E-01    64 
    9.9924710E-01   1.0000553E+00   1.0000575E+00   1.0000149E+00   1.0000045E+00
    1.0000016E+00   1.0000007E+00   1.0000003E+00   1.0000002E+00   1.0000001E+00
    1.0000000E+00   1.0000000E+00   1.0000000E+00   1.0000000E+00   1.0000000E+00
    1.0000000E+00   1.0000000E+00   1.0000000E+00   1.0000000E+00   1.0000000E+00
    1.0000000E+00   1.0000000E+00   1.0000000E+00   1.0000000E+00   1.0000000E+00
    1.0000000E+00   1.0000000E+00   1.0000000E+00   1.0000000E+00   1.0000000E+00

 2.4896472535E+02   1.0144885E+14   1.2211553E+15   6.5294959E+00   5.4361049E-04   1.0200788E-03   9.9996770E-01    65 
    9.9961870E-01   1.0000454E+00   1.0000232E+00   1.0000057E+00   1.0000017E+00
    1.0000006E+00   1.0000003E+00   1.0000001E+00   1.0000001E+00   1.0000000E+00
    1.0000000E+00   1.0000000E+00   1.0000000E+00   1.0000000E+00   1.0000000E+00
    1.0000000E+00   1.0000000E+00   1.0000000E+00   1.0000000E+00   1.0000000E+00
    1.0000000E+00   1.0000000E+00   1.0000000E+00   1.0000000E+00   1.0000000E+00
    1.0000000E+00   1.0000000E+00   1.0000000E+00   1.0000000E+00   1.0000000E+00

 2.4803700409E+02   1.4069981E+14   1.6934796E+15   7.0775301E+00   3.4702239E-04   7.4115928E-04   9.9997653E-01    66 
    9.9980025E-01   1.0000277E+00   1.0000097E+00   1.0000023E+00   1.0000007E+00
    1.0000002E+00   1.0000001E+00   1.0000000E+00   1.0000000E+00   1.0000000E+00
    1.0000000E+00   1.0000000E+00   1.0000000E+00   1.0000000E+00   1.0000000E+00
    1.0000000E+00   1.0000000E+00   1.0000000E+00   1.0000000E+00   1.0000000E+00
    1.0000000E+00   1.0000000E+00   1.0000000E+00   1.0000000E+00   1.0000000E+00
    1.0000000E+00   1.0000000E+00   1.0000000E+00   1.0000000E+00   1.0000000E+00

 2.4739842482E+02   1.7526746E+14   2.1095595E+15   7.4758830E+00   2.7022027E-04   5.9810063E-04   9.9998106E-01    67 
    9.9986629E-01   1.0000190E+00   1.0000054E+00   1.0000012E+00   1.0000004E+00
    1.0000001E+00   1.0000001E+00   1.0000000E+00   1.0000000E+00   1.0000000E+00
    1.0000000E+00   1.0000000E+00   1.0000000E+00   1.0000000E+00   1.0000000E+00
    1.0000000E+00   1.0000000E+00   1.0000000E+00   1.0000000E+00   1.0000000E+00
    1.0000000E+00   1.0000000E+00   1.0000000E+00   1.0000000E+00   1.0000000E+00
    1.0000000E+00   1.0000000E+00   1.0000000E+00   1.0000000E+00   1.0000000E+00

 2.4712046760E+02   1.9252839E+14   2.3173465E+15   7.6549021E+00   2.4576967E-04   5.4571652E-04   9.9998272E-01    68 
    9.9988575E-01   1.0000161E+00   1.0000041E+00   1.0000009E+00   1.0000003E+00
    1.0000001E+00   1.0000000E+00   1.0000000E+00   1.0000000E+00   1.0000000E+00
    1.0000000E+00   1.0000000E+00   1.0000000E+00   1.0000000E+00   1.0000000E+00
    1.0000000E+00   1.0000000E+00   1.0000000E+00   1.0000000E+00   1.0000000E+00
    1.0000000E+00   1.0000000E+00   1.0000000E+00   1.0000000E+00   1.0000000E+00
    1.0000000E+00   1.0000000E+00   1.0000000E+00   1.0000000E+00   1.0000000E+00

 2.4698081900E+02   2.0168154E+14   2.4275360E+15   7.7460996E+00   2.3499469E-04   5.2154411E-04   9.9998348E-01    69 
    9.9987083E-01   1.0000177E+00   1.0000044E+00   1.0000010E+00   1.0000003E+00
    1.0000001E+00   1.0000000E+00   1.0000000E+00   1.0000000E+00   1.0000000E+00
    1.0000000E+00   1.0000000E+00   1.0000000E+00   1.0000000E+00   1.0000000E+00
    1.0000000E+00   1.0000000E+00   1.0000000E+00   1.0000000E+00   1.0000000E+00
    1.0000000E+00   1.0000000E+00   1.0000000E+00   1.0000000E+00   1.0000000E+00
    1.0000000E+00   1.0000000E+00   1.0000000E+00   1.0000000E+00   1.0000000E+00

 2.4693418248E+02   2.0481468E+14   2.4652546E+15   7.7770756E+00   2.3151570E-04   5.1376149E-04   9.9998373E-01    70 
    9.9976659E-01   9.9998940E-01   9.9999394E-01   9.9999797E-01   9.9999935E-01
    9.9999976E-01   9.9999990E-01   9.9999996E-01   9.9999998E-01   9.9999999E-01
    9.9999999E-01   1.0000000E+00   1.0000000E+00   1.0000000E+00   1.0000000E+00
    1.0000000E+00   1.0000000E+00   1.0000000E+00   1.0000000E+00   1.0000000E+00
    1.0000000E+00   1.0000000E+00   1.0000000E+00   1.0000000E+00   1.0000000E+00
    1.0000000E+00   1.0000000E+00   1.0000000E+00   1.0000000E+00   1.0000000E+00
