 Output format date:         27-JAN-1992         
 Completion of Model:        23-Jun-2020 07:03:05
 ND:                            60
 HE/He abundance:             2.50000E-01
    8.4828287E+04   8.6927346E+04   9.1286008E+04   1.0065657E+05   1.2234936E+05   1.8096492E+05   3.8627694E+05   8.2277870E+05
    1.7522983E+06   3.7210482E+06   7.8598524E+06   1.6560286E+07   3.4888759E+07   7.3566320E+07   1.5523506E+08   3.2817686E+08
    6.9835956E+08   1.4979039E+09   3.2339017E+09   6.8633236E+09   1.2664888E+10   1.8234719E+10   1.7957690E+10   1.5678940E+10
    1.5318959E+10   1.7291917E+10   2.1670334E+10   2.7525171E+10   3.9281014E+10   5.6675662E+10   8.3926498E+10   1.2611223E+11
    1.9155719E+11   2.9279363E+11   4.4958351E+11   6.9292099E+11   1.0302953E+12   1.4339477E+12   1.9130895E+12   2.4872440E+12
    3.1798676E+12   4.0130956E+12   5.0057685E+12   6.1207820E+12   7.2514049E+12   8.2723389E+12   9.2968132E+12   1.0833231E+13
    1.3491996E+13   1.7814269E+13   2.4788420E+13   3.6408545E+13   5.4944092E+13   8.2698120E+13   1.2325802E+14   1.8315581E+14
    2.6221546E+14   3.0740552E+14   3.3204682E+14   3.4062395E+14
 Number of HeI levels:          69
 HeI Oscillator date:        4-OCT-1992 
    1.1581408E-01   3.7383567E-05   3.1044283E-06   1.9975704E-09   1.4514897E-10   3.3838468E-11   1.7867005E-11   3.9719093E-10
    2.5467682E-11   7.2856303E-12   6.3714479E-11   1.0515615E-11   6.9285548E-12   2.1767697E-10   2.2537836E-11   6.8751109E-12
    4.3214702E-11   1.1310988E-11   7.2148874E-11   6.1361743E-12   3.3474263E-12   1.7261882E-10   1.9932389E-11   6.1934604E-12
    1.0229241E-10   2.6212720E-11   9.8677516E-11   4.6055038E-12   2.2343520E-12   1.5060126E-10   1.8204154E-11   5.6940781E-12
    1.7911719E-10   4.4260001E-11   5.7065710E-11   4.0006128E-12   2.0164661E-12   1.3921282E-10   1.6687683E-11   5.6700046E-12
    2.7743602E-10   6.3904100E-11   8.2150648E-12   5.9362771E-11   5.0345733E-10   7.7880209E-11   6.2991968E-10   2.1366580E-10
    7.8871350E-10   2.6432568E-10   1.1807341E-09   3.1411605E-10   1.2305109E-09   4.1794007E-10   1.6291627E-09   4.8741166E-10
    1.8298472E-09   5.3174258E-10   1.9416913E-09   5.8959652E-10   2.1516487E-09   6.5814886E-10   2.4432609E-09   7.1754534E-10
    2.7158770E-09   7.8047071E-10   3.0038574E-09   7.6452616E-10   2.9894706E-09   1.1848660E-01   3.8235398E-05   3.1816265E-06
    2.0933650E-09   1.5217018E-10   3.5467851E-11   1.8735632E-11   4.1625673E-10   2.6677939E-11   7.6328741E-12   6.6781399E-11
    1.1023979E-11   7.2658212E-12   2.2813216E-10   2.3610509E-11   7.2035092E-12   4.5258758E-11   1.1847666E-11   7.5652114E-11
    6.4338182E-12   3.5104155E-12   1.8090952E-10   2.0881650E-11   6.4892159E-12   1.0712950E-10   2.7456274E-11   1.0348094E-10
    4.8294930E-12   2.3432225E-12   1.5783332E-10   1.9071331E-11   5.9659552E-12   1.8758656E-10   4.6360249E-11   5.9834683E-11
    4.1955557E-12   2.1146459E-12   1.4589594E-10   1.7482705E-11   5.9406468E-12   2.9056098E-10   6.6940283E-11   8.6166179E-12
    6.2235020E-11   5.2739923E-10   8.1632337E-11   6.5984688E-10   2.2394449E-10   8.2617067E-10   2.7702301E-10   1.2368928E-09
    3.2919702E-10   1.2890653E-09   4.3799804E-10   1.7065065E-09   5.1080420E-10   1.9166486E-09   5.5727856E-10   2.0339224E-09
    6.1790599E-10   2.2538529E-09   6.8971345E-10   2.5590229E-09   7.5196515E-10   2.8445752E-09   8.1792142E-10   3.1462217E-09
    8.0130199E-10   3.1311808E-09   1.2402874E-01   4.0000755E-05   3.3417686E-06   2.2992070E-09   1.6726998E-10   3.8970028E-11
    2.0604266E-11   4.5722744E-10   2.9276975E-11   8.3787406E-12   7.3373024E-11   1.2116959E-11   7.9914058E-12   2.5060046E-10
    2.5914295E-11   7.9090052E-12   4.9646958E-11   1.3000054E-11   8.3188277E-11   7.0739024E-12   3.8610375E-12   1.9872619E-10
    2.2920471E-11   7.1245612E-12   1.1751363E-10   3.0126494E-11   1.1381633E-10   5.3112763E-12   2.5774206E-12   1.7337479E-10
    2.0933892E-11   6.5499947E-12   2.0576835E-10   5.0870111E-11   6.5790997E-11   4.6149322E-12   2.3258340E-12   1.6025736E-10
    1.9190325E-11   6.5220136E-12   3.1873827E-10   7.3460514E-11   9.4801884E-12   6.8413973E-11   5.7881667E-10   8.9689006E-11
    7.2411441E-10   2.4603760E-10   9.0660715E-10   3.0430972E-10   1.3574987E-09   3.6160498E-10   1.4148254E-09   4.8110013E-10
    1.8725856E-09   5.6107279E-10   2.1030269E-09   6.1215762E-10   2.2319893E-09   6.7874774E-10   2.4733388E-09   7.5754182E-10
    2.8075720E-09   8.2593214E-10   3.1209051E-09   8.9840719E-10   3.4519019E-09   8.8035269E-10   3.4354610E-09   1.3588816E-01
    4.3772711E-05   3.6847274E-06   2.7727469E-09   2.0206873E-10   4.7031786E-11   2.4913508E-11   5.5149319E-10   3.5248288E-11
    1.0093279E-11   8.8547888E-11   1.4634460E-11   9.6649087E-12   3.0230077E-10   3.1208345E-11   9.5312667E-12   5.9721740E-11
    1.5647282E-11   1.0056538E-10   8.5489962E-12   4.6696265E-12   2.3972247E-10   2.7606082E-11   8.5853962E-12   1.4135341E-10
    3.6260384E-11   1.3765956E-10   6.4220309E-12   3.1175254E-12   2.0913472E-10   2.5214606E-11   7.8928243E-12   2.4750985E-10
    6.1230632E-11   7.9523404E-11   5.5821521E-12   2.8127934E-12   1.9330008E-10   2.3115101E-11   7.8585754E-12   3.8343251E-10
    8.8443047E-11   1.1473344E-11   8.2663658E-11   6.9695946E-10   1.0823948E-10   8.7176352E-10   2.9689361E-10   1.0913958E-09
    3.6709727E-10   1.6346174E-09   4.3617150E-10   1.7038315E-09   5.8026505E-10   2.2540714E-09   6.7672839E-10   2.5310937E-09
    7.3844108E-10   2.6870487E-09   8.1875838E-10   2.9776129E-09   9.1359046E-10   3.3783686E-09   9.9611840E-10   3.7555254E-09
    1.0836214E-09   4.1539623E-09   1.0623361E-09   4.1343291E-09   1.6306410E-01   5.2388201E-05   4.4717825E-06   4.0289332E-09
    2.9473194E-10   6.8445725E-11   3.6403962E-11   8.0162711E-10   5.1045659E-11   1.4633798E-11   1.2886486E-10   2.1330221E-11
    1.4128623E-11   4.3951590E-10   4.5219856E-11   1.3830428E-11   8.6334846E-11   2.2647570E-11   1.4688816E-10   1.2476582E-11
    6.8257713E-12   3.4852572E-10   4.0009744E-11   1.2456105E-11   2.0432236E-10   5.2480276E-11   2.0129129E-10   9.3821991E-12
    4.5577773E-12   3.0403434E-10   3.6547469E-11   1.1450690E-11   3.5776325E-10   8.8630336E-11   1.1612128E-10   8.1618208E-12
    4.1108613E-12   2.8097717E-10   3.3506661E-11   1.1399132E-11   5.5434124E-10   1.2808388E-10   1.6797732E-11   1.2060318E-10
    1.0095686E-09   1.5754194E-10   1.2623394E-09   4.3197910E-10   1.5801802E-09   5.3373900E-10   2.3678726E-09   6.3404657E-10
    2.4688201E-09   8.4336876E-10   3.2628133E-09   9.8360190E-10   3.6627578E-09   1.0736549E-09   3.8909422E-09   1.1904198E-09
    4.3117268E-09   1.3276117E-09   4.8870834E-09   1.4477490E-09   5.4330643E-09   1.5753187E-09   6.0099690E-09   1.5458441E-09
    5.9820250E-09   2.3520493E-01   7.5119243E-05   6.5670080E-06   8.5201685E-09   6.2883298E-10   1.4521148E-10   7.7957482E-11
    1.6964016E-09   1.0722720E-10   3.0816333E-11   2.7337072E-10   4.5397690E-11   3.0279765E-11   9.3058529E-10   9.5089276E-11
    2.9174952E-11   1.8068509E-10   4.7521008E-11   3.1434932E-10   2.6625840E-11   1.4619192E-11   7.3788296E-10   8.4174384E-11
    2.6265332E-11   4.2752700E-10   1.1011005E-10   4.3196762E-10   2.0066870E-11   9.7629110E-12   6.4358087E-10   7.6907802E-11
    2.4143006E-11   7.4857963E-10   1.8600870E-10   2.4831590E-10   1.7490283E-11   8.7979525E-12   5.9458068E-10   7.0525781E-11
    2.4023254E-11   1.1603783E-09   2.6909903E-10   3.6136609E-11   2.5733681E-10   2.1216341E-09   3.3461830E-10   2.6510190E-09
    9.1632705E-10   3.3178652E-09   1.1299868E-09   4.9759591E-09   1.3418341E-09   5.1926828E-09   1.7841329E-09   6.8456261E-09
    2.0811706E-09   7.6804909E-09   2.2739435E-09   8.1730115E-09   2.5214408E-09   9.0572018E-09   2.8087679E-09   1.0243090E-08
    3.0645742E-09   1.1389350E-08   3.3374431E-09   1.2601633E-08   3.2815106E-09   1.2545167E-08   4.8357421E-01   1.5269800E-04
    1.3822705E-05   3.6576587E-08   2.7502150E-09   6.2706058E-10   3.4425326E-10   7.2900782E-09   4.5533382E-10   1.3152200E-10
    1.1757760E-09   1.9721722E-10   1.3384487E-10   4.0037851E-09   4.0440491E-10   1.2492615E-10   7.6165008E-10   2.0139894E-10
    1.3882045E-09   1.1625617E-10   6.4371841E-11   3.1738122E-09   3.5830842E-10   1.1233199E-10   1.8015474E-09   4.6663162E-10
    1.9222577E-09   8.8029847E-11   4.2958656E-11   2.7668853E-09   3.2757442E-10   1.0326528E-10   3.1544837E-09   7.8881917E-10
    1.0931912E-09   7.7127600E-11   3.8611457E-11   2.5537877E-09   3.0074732E-10   1.0259980E-10   4.8936438E-09   1.1437555E-09
    1.6150390E-10   1.1292115E-09   9.0104617E-09   1.4556603E-09   1.1246144E-08   3.9598739E-09   1.4074306E-08   4.8557048E-09
    2.1114739E-08   5.7626301E-09   2.2116930E-08   7.6538536E-09   2.8944393E-08   8.9368066E-09   3.2449426E-08   9.7998495E-09
    3.4719025E-08   1.0875697E-08   3.8484169E-08   1.2089051E-08   4.3325235E-08   1.3220736E-08   4.8189602E-08   1.4441601E-08
    5.3352071E-08   1.4254937E-08   5.3131691E-08   1.0083180E+00   3.1571433E-04   2.9293926E-05   1.5876553E-07   1.2128791E-08
    2.7348661E-09   1.5424633E-09   3.1657637E-08   1.9662055E-09   5.7062236E-10   5.0623407E-09   8.6463177E-10   5.9987840E-10
    1.7411224E-08   1.7469888E-09   5.4355268E-10   3.2637037E-09   8.6804253E-10   6.2337154E-09   5.1202999E-10   2.8660125E-10
    1.3793887E-08   1.5490981E-09   4.8816719E-10   7.7179532E-09   2.0114702E-09   8.7143080E-09   3.8988144E-10   1.9096507E-10
    1.2015555E-08   1.4178189E-09   4.4931300E-10   1.3514317E-08   3.4031621E-09   4.8930453E-09   3.4460287E-10   1.7083918E-10
    1.1071001E-08   1.3059266E-09   4.4521873E-10   2.0978406E-08   4.9460494E-09   7.3969755E-10   5.0550359E-09   3.8831215E-08
    6.4599734E-09   4.8432113E-08   1.7301516E-08   6.0650221E-08   2.1065339E-08   9.0737718E-08   2.5002089E-08   9.5814374E-08
    3.3120295E-08   1.2383138E-07   3.8750388E-08   1.3887281E-07   4.2760646E-08   1.4988117E-07   4.7533769E-08   1.6626977E-07
    5.2803450E-08   1.8644965E-07   5.7981633E-08   2.0743070E-07   6.3594621E-08   2.2979162E-07   6.2985332E-08   2.2891081E-07
    2.1316299E+00   6.6408443E-04   6.2932451E-05   6.9863155E-07   5.4124573E-08   1.2083386E-08   7.0247402E-09   1.3928980E-07
    8.6758456E-09   2.5269917E-09   2.2017074E-08   3.8388561E-09   2.7338883E-09   7.6745982E-08   7.7000931E-09   2.4133415E-09
    1.4256292E-08   3.8193538E-09   2.8418219E-08   2.2844442E-09   1.2954259E-09   6.0729991E-08   6.8334565E-09   2.1666446E-09
    3.3708941E-08   8.8533430E-09   4.0378684E-08   1.7539245E-09   8.6338727E-10   5.2821073E-08   6.2688277E-09   2.0030789E-09
    5.9027863E-08   1.4996690E-08   2.2274892E-08   1.5755279E-09   7.6630172E-10   4.8501285E-08   5.8173351E-09   1.9750279E-09
    9.1671415E-08   2.1855073E-08   3.4789821E-09   2.3302423E-08   1.7030994E-07   2.9521993E-08   2.1236144E-07   7.6738431E-08
    2.6642651E-07   9.2660593E-08   3.9546768E-07   1.1000521E-07   4.2359866E-07   1.4476136E-07   5.3685475E-07   1.6981152E-07
    6.0348870E-07   1.8909557E-07   6.5873269E-07   2.1099229E-07   7.3228856E-07   2.3480102E-07   8.1926403E-07   2.5919044E-07
    9.1167992E-07   2.8555130E-07   1.0104358E-06   2.8359757E-07   1.0067801E-06   4.5383892E+00   1.4100320E-03   1.3686682E-04
    3.0788844E-06   2.4215360E-07   5.3498027E-08   3.2274392E-08   6.1351307E-07   3.8772210E-08   1.1312227E-08   9.5897447E-08
    1.7097003E-08   1.2580870E-08   3.3887444E-07   3.4296426E-08   1.0831289E-08   6.2646935E-08   1.6962608E-08   1.3039725E-07
    1.0245690E-08   5.9087251E-09   2.6755970E-07   3.0471325E-08   9.7456819E-09   1.4811096E-07   3.9337884E-08   1.9020593E-07
    7.9816539E-09   3.9625863E-09   2.3202175E-07   2.8086795E-08   9.1131338E-09   2.5938722E-07   6.6760035E-08   1.0215248E-07
    7.3882830E-09   3.4686888E-09   2.1153931E-07   2.6463259E-08   8.9029455E-09   4.0300124E-07   9.7657149E-08   1.6724506E-08
    1.1037003E-07   7.5076495E-07   1.3859954E-07   9.3651196E-07   3.4225275E-07   1.1791694E-06   4.0907046E-07   1.7233510E-06
    4.8531019E-07   1.8847215E-06   6.3048520E-07   2.3299565E-06   7.4249992E-07   2.6306686E-06   8.3670783E-07   2.9067843E-06
    9.3972056E-07   3.2431447E-06   1.0503882E-06   3.6270698E-06   1.1657926E-06   4.0384537E-06   1.2892604E-06   4.4779107E-06
    1.2829877E-06   4.4625370E-06   9.6739038E+00   2.9996862E-03   3.0114412E-04   1.3427023E-05   1.0793747E-06   2.3497110E-07
    1.4809742E-07   2.6730885E-06   1.7461675E-07   5.0784712E-08   4.1888257E-07   7.5775498E-08   5.7943673E-08   1.4814748E-06
    1.5335581E-07   4.8751550E-08   2.7352901E-07   7.5277934E-08   5.9455801E-07   4.5967015E-08   2.7101815E-08   1.1650166E-06
    1.3652836E-07   4.4277751E-08   6.4653251E-07   1.7464653E-07   9.0162557E-07   3.6777853E-08   1.8559251E-08   1.0044033E-06
    1.2702272E-07   4.2457127E-08   1.1323926E-06   2.9721178E-07   4.6641819E-07   3.5830538E-08   1.5871754E-08   9.0264277E-07
    1.2305719E-07   4.0812001E-08   1.7605280E-06   4.3719864E-07   8.1902162E-08   5.3498169E-07   3.2884531E-06   6.6797242E-07
    4.1082834E-06   1.5194685E-06   5.1999306E-06   1.7970353E-06   7.4115321E-06   2.1262876E-06   8.3058610E-06   2.7110859E-06
    1.0027214E-05   3.2069494E-06   1.1381546E-05   3.6598876E-06   1.2715840E-05   4.1422196E-06   1.4248946E-05   4.6536121E-06
    1.5951464E-05   5.1881380E-06   1.7775380E-05   5.7537157E-06   1.9718897E-05   5.7332876E-06   1.9654864E-05   2.0667938E+01
    6.3885795E-03   6.7482642E-04   5.7865003E-05   4.8099491E-06   1.0256727E-06   6.7704570E-07   1.1506479E-05   8.0215960E-07
    2.3020453E-07   1.8798023E-06   3.3593494E-07   2.6640485E-07   6.4061549E-06   6.9498464E-07   2.2136674E-07   1.1868654E-06
    3.3503359E-07   2.6895118E-06   2.0831209E-07   1.2637484E-07   5.0009895E-06   6.2102660E-07   2.0636723E-07   2.8038677E-06
    7.7723635E-07   4.2591876E-06   1.7459949E-07   9.0940501E-08   4.2628145E-06   5.8759266E-07   2.0766704E-07   4.9116393E-06
    1.3282323E-06   2.1103535E-06   1.8311893E-07   7.5124681E-08   3.7269813E-06   5.9479513E-07   1.9479535E-07   7.6458945E-06
    1.9704046E-06   4.1138050E-07   2.6728332E-06   1.4326925E-05   3.3306341E-06   1.7956250E-05   6.7337069E-06   2.2847845E-05
    7.9057263E-06   3.1479035E-05   9.2970773E-06   3.6096666E-05   1.1575924E-05   4.2858433E-05   1.3713924E-05   4.8896171E-05
    1.5799122E-05   5.5094220E-05   1.7990193E-05   6.1973980E-05   2.0289879E-05   6.9471840E-05   2.2688179E-05   7.7479042E-05
    2.5205928E-05   8.5986711E-05   2.5136553E-05   8.5722481E-05   4.4364928E+01   1.3606347E-02   1.5446444E-03   2.4562790E-04
    2.1314451E-05   4.4603174E-06   3.0471982E-06   4.8809325E-05   3.8252494E-06   1.0648002E-06   8.9219539E-06   1.5006458E-06
    1.2080436E-06   2.7310984E-05   3.2389109E-06   1.0236594E-06   5.1262644E-06   1.5056384E-06   1.1975173E-05   9.6611779E-07
    6.0648843E-07   2.1045621E-05   2.9115500E-06   1.0093331E-06   1.2095510E-05   3.4886511E-06   1.9499725E-05   8.6932323E-07
    4.7768668E-07   1.7558437E-05   2.8290858E-06   1.0959847E-06   2.1197243E-05   6.0030367E-06   9.3357474E-06   9.8589466E-07
    3.7977696E-07   1.4630971E-05   3.0203097E-06   1.0018575E-06   3.3091416E-05   9.0266239E-06   2.1249462E-06   1.3825769E-05
    6.2172238E-05   1.7189594E-05   7.8353036E-05   2.9983670E-05   9.9844265E-05   3.5044933E-05   1.3242462E-04   4.0842556E-05
    1.5441618E-04   4.9492319E-05   1.8169097E-04   5.8327662E-05   2.0814615E-04   6.7372189E-05   2.3587554E-04   7.6880827E-05
    2.6606414E-04   8.6841033E-05   2.9858936E-04   9.7233278E-05   3.3321977E-04   1.0811240E-04   3.6993310E-04   1.0785834E-04
    3.6885412E-04   9.5850392E+01   2.8810021E-02   3.5812221E-03   1.0154715E-03   9.0752070E-05   1.9295641E-05   1.3136892E-05
    2.0208401E-04   1.9171046E-05   5.0587056E-06   4.5149657E-05   6.7888049E-06   5.2567643E-06   1.1330783E-04   1.5698696E-05
    4.8675763E-06   2.2025623E-05   6.8741337E-06   5.1638844E-05   4.6262811E-06   2.9901843E-06   8.5519131E-05   1.4210430E-05
    5.2373120E-06   5.1807343E-05   1.5874003E-05   8.1796933E-05   4.5359190E-06   2.6572781E-06   6.8725469E-05   1.4285840E-05
    6.2056136E-06   9.0889578E-05   2.7652374E-05   3.9008003E-05   5.3578395E-06   2.0798823E-06   5.3321511E-05   1.5823905E-05
    5.6532740E-06   1.4275591E-04   4.2537713E-05   1.1147198E-05   7.3464565E-05   2.6764071E-04   9.0349681E-05   3.3940466E-04
    1.3478594E-04   4.3007893E-04   1.5672694E-04   5.5027814E-04   1.8080665E-04   6.4725309E-04   2.1324877E-04   7.5798837E-04
    2.4825680E-04   8.7064487E-04   2.8550652E-04   9.8996372E-04   3.2511981E-04   1.1185696E-03   3.6691812E-04   1.2562737E-03
    4.1077426E-04   1.4026185E-03   4.5677543E-04   1.5575653E-03   4.5575779E-04   1.5532599E-03   2.1170907E+02   6.0847450E-02
    8.1491651E-03   4.0683894E-03   3.3787005E-04   8.3813760E-05   5.3847314E-05   8.1765088E-04   1.0206089E-04   2.4681334E-05
    2.1994577E-04   3.1483398E-05   2.2110766E-05   4.5273179E-04   8.0312091E-05   2.4184134E-05   9.6078411E-05   3.2584746E-05
    2.1250121E-04   2.3066738E-05   1.5113433E-05   3.3194408E-04   7.2936978E-05   2.8724440E-05   2.2422980E-04   7.4851021E-05
    3.1651532E-04   2.4197030E-05   1.4843159E-05   2.5188680E-04   7.5391253E-05   3.6004964E-05   3.9418362E-04   1.3326193E-04
    1.4936433E-04   2.7675209E-05   1.2003585E-05   1.8048996E-04   8.2680133E-05   3.4239609E-05   6.2449940E-04   2.1236490E-04
    5.7948958E-05   3.9915439E-04   1.1517805E-03   4.7734178E-04   1.4637333E-03   6.1658711E-04   1.8333255E-03   7.1071223E-04
    2.2777928E-03   8.1439409E-04   2.6859224E-03   9.4211946E-04   3.1365362E-03   1.0830483E-03   3.6076694E-03   1.2366100E-03
    4.1096618E-03   1.4021558E-03   4.6482096E-03   1.5786684E-03   5.2231034E-03   1.7654211E-03   5.8334842E-03   1.9622812E-03
    6.4792941E-03   1.9577351E-03   6.4623033E-03   4.9533141E+02   1.3162652E-01   1.7506795E-02   1.6057597E-02   1.0068432E-03
    3.7579334E-04   2.2808709E-04   3.2902523E-03   5.8214409E-04   1.2389950E-04   8.0722219E-04   1.5320237E-04   1.0096641E-04
    1.7695306E-03   4.4158653E-04   1.2503959E-04   4.5218710E-04   1.6930806E-04   8.5237879E-04   1.2186919E-04   8.6576851E-05
    1.2452738E-03   3.9980696E-04   1.7442466E-04   1.0378845E-03   3.8868608E-04   1.4016149E-03   1.2820061E-04   9.2545040E-05
    8.8118913E-04   4.1000840E-04   2.3377397E-04   1.8261486E-03   7.1972507E-04   6.7956640E-04   1.3291687E-04   7.2696573E-05
    5.9979938E-04   4.2572090E-04   2.1904450E-04   2.8996089E-03   1.1898583E-03   2.9925472E-04   2.2793369E-03   5.1468520E-03
    2.6237258E-03   6.5098388E-03   3.0189396E-03   8.0559308E-03   3.4111291E-03   9.8109576E-03   3.8898703E-03   1.1569454E-02
    4.4586847E-03   1.3490951E-02   5.0898857E-03   1.5531438E-02   5.7820700E-03   1.7712843E-02   6.5327882E-03   2.0047440E-02
    7.3383458E-03   2.2535169E-02   8.1959148E-03   2.5174462E-02   9.1040027E-03   2.7965268E-02   9.0807434E-03   2.7893958E-02
    1.1751007E+03   2.8586062E-01   4.0105545E-02   6.0281042E-02   4.9662664E-03   1.6866722E-03   1.0333509E-03   1.2589895E-02
    3.2928088E-03   7.3532617E-04   2.2921745E-03   7.4978637E-04   4.8033938E-04   6.6413413E-03   2.4216923E-03   6.9304496E-04
    2.2553657E-03   9.6977307E-04   3.9981937E-03   6.3896729E-04   5.2496440E-04   4.4021639E-03   2.1813480E-03   1.1261909E-03
    5.0311318E-03   2.2113927E-03   5.7478171E-03   6.2686403E-04   7.3739632E-04   2.9498469E-03   2.1119634E-03   1.9350995E-03
    8.7787199E-03   4.3997488E-03   4.6101080E-03   5.7581605E-04   4.2617158E-04   2.0222160E-03   2.0493868E-03   1.3456514E-03
    1.3697007E-02   7.0604857E-03   1.4094415E-03   1.2627398E-02   2.3119985E-02   1.4149225E-02   2.8956588E-02   1.5387341E-02
    3.5452506E-02   1.6948765E-02   4.2657368E-02   1.9102653E-02   5.0232261E-02   2.1724308E-02   5.8495678E-02   2.4687757E-02
    6.7351366E-02   2.7956818E-02   7.6842690E-02   3.1513243E-02   8.6994177E-02   3.5341816E-02   9.7805882E-02   3.9432330E-02
    1.0927443E-01   4.3777600E-02   1.2139932E-01   4.3656688E-02   1.2109734E-01   2.7472069E+03   6.3004967E-01   1.1587411E-01
    2.1400507E-01   2.4692716E-02   7.4119490E-03   4.3338003E-03   4.5383201E-02   1.7708402E-02   4.4460874E-03   1.4281968E-02
    3.5795702E-03   2.1921955E-03   2.3738032E-02   1.2596455E-02   4.3057106E-03   1.1666089E-02   5.5096562E-03   1.6466782E-02
    3.0370706E-03   2.9091721E-03   1.4926632E-02   1.1035503E-02   7.1169734E-03   2.5075940E-02   1.2449738E-02   2.2849309E-02
    2.7761418E-03   3.7023922E-03   9.9881703E-03   1.0201526E-02   1.0557524E-02   4.2709839E-02   2.5495787E-02   1.7233290E-02
    2.3409004E-03   2.3280984E-03   7.2147613E-03   9.2347774E-03   7.8126513E-03   6.4097824E-02   3.8983527E-02   7.4431027E-03
    6.1524100E-02   1.0324912E-01   6.6477599E-02   1.2775896E-01   7.1818423E-02   1.5502534E-01   7.8956725E-02   1.8521715E-01
    8.8624296E-02   2.1780382E-01   1.0033691E-01   2.5333988E-01   1.1372198E-01   2.9163612E-01   1.2857958E-01   3.3276400E-01
    1.4478910E-01   3.7676240E-01   1.6227209E-01   4.2362456E-01   1.8098101E-01   4.7333900E-01   2.0088347E-01   5.2590080E-01
    2.0031746E-01   5.2462695E-01   6.5853666E+03   1.4434360E+00   3.0908922E-01   7.2903353E-01   1.0224234E-01   3.1504503E-02
    1.7701177E-02   1.5852592E-01   8.7675967E-02   2.4452219E-02   5.9075928E-02   1.6167154E-02   9.6039087E-03   8.2590906E-02
    6.0814814E-02   2.4084364E-02   5.9452014E-02   3.0245600E-02   7.0371810E-02   1.3407576E-02   1.6938233E-02   5.0782724E-02
    5.1694770E-02   4.5641919E-02   1.2362057E-01   6.6148015E-02   1.0781210E-01   1.1373444E-02   8.6922717E-03   3.5351229E-02
    4.5150113E-02   3.0255320E-02   2.0237556E-01   1.2507669E-01   2.3564115E-02   9.2955074E-03   1.4103767E-02   2.7358960E-02
    4.0070862E-02   4.8413178E-02   2.9150189E-01   2.0711360E-01   4.8391180E-02   2.8796677E-01   4.5365968E-01   2.9706782E-01
    5.5628541E-01   3.1453038E-01   6.7154250E-01   3.4778988E-01   7.9959926E-01   3.8988417E-01   9.3959976E-01   4.4092503E-01
    1.0923725E+00   4.9935928E-01   1.2574771E+00   5.6427869E-01   1.4349889E+00   6.3517073E-01   1.6249249E+00   7.1171526E-01
    1.8272372E+00   7.9369874E-01   2.0418752E+00   8.8096360E-01   2.2687957E+00   8.7849669E-01   2.2634265E+00   1.8952954E+04
    3.4242054E+00   6.2419190E-01   2.3338018E+00   5.2685276E-01   1.2396994E-01   4.7945754E-02   5.2691109E-01   3.8022749E-01
    1.2297606E-01   1.8597025E-01   6.6207188E-02   2.7994162E-02   2.7458932E-01   2.5976129E-01   9.7703708E-02   2.7191222E-01
    1.1379919E-01   1.1641729E-01   5.2887796E-02   3.8717948E-02   1.7074779E-01   2.1233563E-01   1.2811674E-01   5.4868444E-01
    2.4314911E-01   1.7319408E-01   4.2582519E-02   2.7318291E-02   1.2506645E-01   1.8086313E-01   1.0416823E-01   8.6347169E-01
    4.2813786E-01   8.3904047E-02   3.4993658E-02   2.2904607E-02   1.0196938E-01   1.5934059E-01   9.4903480E-02   1.2044614E+00
    6.1436228E-01   6.9706218E-02   9.2770660E-01   1.8396120E+00   1.0329986E+00   2.2458939E+00   1.1351554E+00   2.7061484E+00
    1.2783909E+00   3.2193149E+00   1.4571798E+00   3.7833486E+00   1.6618896E+00   4.3990793E+00   1.8921757E+00   5.0653611E+00
    2.1452835E+00   5.7819985E+00   2.4198342E+00   6.5488011E+00   2.7148874E+00   7.3654989E+00   3.0298655E+00   8.2318141E+00
    3.3643415E+00   9.1474544E+00   3.3554808E+00   9.1261359E+00   4.3054172E+04   7.3482064E+00   1.5125103E+00   6.0883401E+00
    1.3225121E+00   3.7538439E-01   1.3833285E-01   1.4156968E+00   1.2204828E+00   3.9318363E-01   6.5606122E-01   2.0360585E-01
    8.4928486E-02   7.4354274E-01   8.2552590E-01   3.3073560E-01   9.1148044E-01   3.7617170E-01   3.3787105E-01   1.5859874E-01
    1.0882143E-01   4.7390886E-01   6.5370640E-01   3.9024109E-01   1.7972557E+00   7.8502894E-01   4.1237277E-01   1.2455546E-01
    7.1080520E-02   3.6055114E-01   5.5209676E-01   2.9157165E-01   2.7517285E+00   1.3080980E+00   2.0904074E-01   1.0411178E-01
    6.9315378E-02   3.0391681E-01   4.8782475E-01   2.8773347E-01   3.7796500E+00   1.8292196E+00   2.1194528E-01   2.6249796E+00
    5.7449312E+00   2.9866362E+00   7.0153582E+00   3.3611462E+00   8.4588249E+00   3.8316272E+00   1.0069132E+01   4.3961117E+00
    1.1841367E+01   5.0376661E+00   1.3775036E+01   5.7517613E+00   1.5867501E+01   6.5327862E+00   1.8117692E+01   7.3769057E+00
    2.0524679E+01   8.2819352E+00   2.3087403E+01   9.2463826E+00   2.5804652E+01   1.0268869E+01   2.8674957E+01   1.0241810E+01
    2.8605979E+01   6.6500958E+04   1.1064499E+01   2.6547531E+00   1.0562715E+01   2.4622154E+00   7.1018271E-01   2.5467512E-01
    2.4881141E+00   2.3790154E+00   8.2009019E-01   1.6623103E+00   3.9103950E-01   1.6881813E-01   1.3291640E+00   1.6041899E+00
    6.9379242E-01   1.8439581E+00   7.4088611E-01   5.1386691E-01   2.9905126E-01   1.2133024E-01   8.7285933E-01   1.2644728E+00
    5.3917851E-01   3.6038105E+00   1.4943902E+00   3.4633920E-01   2.3676026E-01   1.2692970E-01   6.8459771E-01   1.0742705E+00
    5.4255631E-01   5.4786429E+00   2.4707548E+00   3.9050201E-01   2.0182776E-01   1.2204614E-01   5.9086792E-01   9.5877201E-01
    5.2107615E-01   7.5193116E+00   3.4471091E+00   3.7041527E-01   4.9978729E+00   1.1453427E+01   5.7336370E+00   1.4018277E+01
    6.5171061E+00   1.6926568E+01   7.4850284E+00   2.0166861E+01   8.6269714E+00   2.3730948E+01   9.9185158E+00   2.7616666E+01
    1.1343064E+01   3.1819855E+01   1.2896628E+01   3.6338265E+01   1.4572166E+01   4.1169794E+01   1.6365710E+01   4.6311985E+01
    1.8274628E+01   5.1761772E+01   2.0296078E+01   5.7515144E+01   2.0240711E+01   5.7368841E+01   5.3795290E+04   8.6412264E+00
    2.3553220E+00   9.1362875E+00   2.3101417E+00   6.3849396E-01   2.3542194E-01   2.1569965E+00   2.1340836E+00   7.7923715E-01
    1.8124526E+00   3.5597924E-01   1.6722005E-01   1.1772612E+00   1.4458115E+00   6.7682728E-01   1.7077788E+00   6.8147228E-01
    4.2412962E-01   2.7446723E-01   7.1029979E-02   7.9884547E-01   1.1659020E+00   3.9563306E-01   3.3647090E+00   1.3574472E+00
    1.1721847E-01   2.2148927E-01   1.0869588E-01   6.4119264E-01   1.0099105E+00   4.7999042E-01   5.1786333E+00   2.2269106E+00
    3.4255994E-01   1.9158148E-01   9.9106318E-02   5.6151396E-01   9.1277049E-01   4.4396334E-01   7.1723544E+00   3.1419017E+00
    2.9777324E-01   4.7400616E+00   1.0977890E+01   5.4812965E+00   1.3467822E+01   6.2344848E+00   1.6280929E+01   7.1760954E+00
    1.9409873E+01   8.2824442E+00   2.2848383E+01   9.5314173E+00   2.6594949E+01   1.0903607E+01   3.0646293E+01   1.2399418E+01
    3.5000558E+01   1.4012077E+01   3.9655919E+01   1.5737757E+01   4.4610164E+01   1.7574155E+01   4.9860471E+01   1.9518615E+01
    5.5403077E+01   1.9465636E+01   5.5262568E+01   3.8016658E+04   5.6640218E+00   1.5317983E+00   6.4514404E+00   1.7709570E+00
    4.5443436E-01   1.7051986E-01   1.5100229E+00   1.4879677E+00   5.5871122E-01   1.2250817E+00   2.5583331E-01   1.2080501E-01
    8.3762761E-01   1.0147712E+00   4.8374375E-01   1.2317533E+00   4.9155936E-01   3.0883777E-01   2.0042380E-01   5.2450206E-02
    5.8414219E-01   8.4697323E-01   2.9139180E-01   2.4619543E+00   9.8661155E-01   7.6003424E-02   1.6497794E-01   7.3297858E-02
    4.7804654E-01   7.5082216E-01   3.3370049E-01   3.8557840E+00   1.6019025E+00   2.2973318E-01   1.4460045E-01   6.6049842E-02
    4.2408419E-01   6.8890508E-01   3.0764630E-01   5.4079429E+00   2.2861762E+00   1.9712354E-01   3.5479107E+00   8.3306719E+00
    4.1506797E+00   1.0251775E+01   4.7339408E+00   1.2412053E+01   5.4619704E+00   1.4809485E+01   6.3116167E+00   1.7440748E+01
    7.2684523E+00   2.0305644E+01   8.3178971E+00   2.3402274E+01   9.4610973E+00   2.6729636E+01   1.0693063E+01   3.0286650E+01
    1.2010993E+01   3.4071915E+01   1.3413425E+01   3.8083605E+01   1.4898487E+01   4.2319244E+01   1.4859107E+01   4.2214775E+01
    3.5259381E+04   4.7983572E+00   1.2207166E+00   5.8089052E+00   1.7084193E+00   4.1149156E-01   1.5401591E-01   1.3483530E+00
    1.3284491E+00   5.0728908E-01   9.4612015E-01   2.3319518E-01   1.0554346E-01   7.5539471E-01   9.0875237E-01   4.2309747E-01
    1.1361130E+00   4.4925098E-01   2.8915687E-01   1.8472106E-01   5.0983403E-02   5.3767296E-01   7.8003770E-01   2.7217743E-01
    2.2935361E+00   9.0135050E-01   8.2074102E-02   1.5438527E-01   6.3326823E-02   4.4779526E-01   7.0390656E-01   2.9443988E-01
    3.6337540E+00   1.4547580E+00   1.9573493E-01   1.3711341E-01   5.8111139E-02   4.0262305E-01   6.5477434E-01   2.7531336E-01
    5.1443457E+00   2.0859225E+00   1.7312251E-01   3.2615146E+00   7.9664731E+00   3.8693185E+00   9.8339709E+00   4.4595844E+00
    1.1925675E+01   5.1769534E+00   1.4242073E+01   6.0015432E+00   1.6781225E+01   6.9241512E+00   1.9543672E+01   7.9337697E+00
    2.2528184E+01   9.0308542E+00   2.5734125E+01   1.0211334E+01   2.9160681E+01   1.1472903E+01   3.2806670E+01   1.2814498E+01
    3.6670469E+01   1.4234499E+01   4.0749815E+01   1.4197495E+01   4.0649953E+01   4.4458399E+04   5.4210681E+00   1.2826592E+00
    6.9708729E+00   2.1148987E+00   4.9723653E-01   1.8238815E-01   1.6044262E+00   1.5913050E+00   6.0533836E-01   9.4609057E-01
    2.8332247E-01   1.2127076E-01   9.0497823E-01   1.0928192E+00   4.8572437E-01   1.4107650E+00   5.4296188E-01   3.4647959E-01
    2.2616174E-01   6.6076164E-02   6.5554759E-01   9.6132606E-01   3.3598346E-01   2.8726156E+00   1.0877327E+00   1.3046027E-01
    1.9159555E-01   7.2016202E-02   5.5664745E-01   8.8054821E-01   3.4197704E-01   4.5889289E+00   1.7456833E+00   2.1721658E-01
    1.7278651E-01   6.8415392E-02   5.0850234E-01   8.2986634E-01   3.2727882E-01   6.5416543E+00   2.5049129E+00   2.0395079E-01
    3.9084697E+00   1.0173099E+01   4.7232457E+00   1.2594932E+01   5.5330198E+00   1.5298812E+01   6.4817239E+00   1.8287064E+01
    7.5520928E+00   2.1558912E+01   8.7383200E+00   2.5115654E+01   1.0032286E+01   2.8956512E+01   1.1432852E+01   3.3080962E+01
    1.2936298E+01   3.7488093E+01   1.4540463E+01   4.2176408E+01   1.6244300E+01   4.7143705E+01   1.8045958E+01   5.2386789E+01
    1.7998926E+01   5.2255708E+01   7.2302061E+04   8.1223639E+00   1.7471065E+00   1.0802343E+01   3.3096246E+00   7.6372244E-01
    2.6852618E-01   2.4458472E+00   2.4297336E+00   9.0837484E-01   1.1479398E+00   4.3417802E-01   1.7243386E-01   1.3762804E+00
    1.6762062E+00   6.9329351E-01   2.2166979E+00   8.2189409E-01   4.9583498E-01   3.4802200E-01   1.0240358E-01   1.0054410E+00
    1.4972664E+00   5.0719438E-01   4.5427408E+00   1.6440090E+00   2.3380018E-01   2.9797903E-01   1.0428048E-01   8.6813073E-01
    1.3852019E+00   5.0306610E-01   7.2912952E+00   2.6356839E+00   3.0974584E-01   2.7255304E-01   1.0245508E-01   8.0421114E-01
    1.3179554E+00   4.9234543E-01   1.0433287E+01   3.7878415E+00   3.0607955E-01   5.8873159E+00   1.6263324E+01   7.2217656E+00
    2.0170824E+01   8.5909229E+00   2.4524913E+01   1.0147422E+01   2.9329997E+01   1.1878966E+01   3.4587089E+01   1.3781632E+01
    4.0298612E+01   1.5850250E+01   4.6464192E+01   1.8081336E+01   5.3083131E+01   2.0471048E+01   6.0153849E+01   2.3017001E+01
    6.7673563E+01   2.5717581E+01   7.5637986E+01   2.8569903E+01   8.4040763E+01   2.8492282E+01   8.3817564E+01   1.1830150E+05
    1.3114133E+01   2.7426614E+00   1.7578109E+01   5.4107738E+00   1.2328123E+00   4.2835462E-01   3.9383987E+00   3.9369890E+00
    1.4731151E+00   1.7199040E+00   6.9812432E-01   2.7139742E-01   2.1998436E+00   2.7175017E+00   1.0993719E+00   3.6270620E+00
    1.3333130E+00   7.7623485E-01   5.5817528E-01   1.6346848E-01   1.6088831E+00   2.4302208E+00   8.0928543E-01   7.4381138E+00
    2.6479257E+00   3.9597726E-01   4.8014468E-01   1.6523721E-01   1.4018743E+00   2.2530299E+00   8.0159360E-01   1.1929009E+01
    4.2330598E+00   4.8975297E-01   4.4237112E-01   1.6265739E-01   1.3073824E+00   2.1490427E+00   7.8481146E-01   1.7058018E+01
    6.0679705E+00   4.8579274E-01   9.4034167E+00   2.6579070E+01   1.1568548E+01   3.2962564E+01   1.3844778E+01   4.0075283E+01
    1.6406864E+01   4.7923990E+01   1.9243206E+01   5.6511020E+01   2.2349718E+01   6.5839595E+01   2.5721359E+01   7.5909064E+01
    2.9352546E+01   8.6717731E+01   3.3238230E+01   9.8262160E+01   3.7374822E+01   1.1053652E+02   4.1759158E+01   1.2353186E+02
    4.6385903E+01   1.3723486E+02   4.6251334E+01   1.3684257E+02   2.4237830E+05   2.6694663E+01   5.4750164E+00   3.6081410E+01
    1.1162315E+01   2.5120428E+00   8.6635753E-01   7.9848762E+00   8.1168793E+00   3.0576942E+00   3.2998250E+00   1.4152235E+00
    5.4133809E-01   4.4067058E+00   5.5889372E+00   2.2229315E+00   7.5321902E+00   2.7597241E+00   1.5328356E+00   1.1248105E+00
    3.3041838E-01   3.2365533E+00   4.9838629E+00   1.6392761E+00   1.5410537E+01   5.4111392E+00   8.5053573E-01   9.7417327E-01
    3.3185484E-01   2.8518919E+00   4.6231491E+00   1.6184471E+00   2.4626347E+01   8.6018363E+00   9.8339030E-01   9.0413720E-01
    3.2419638E-01   2.6763094E+00   4.4138243E+00   1.5745524E+00   3.5126457E+01   1.2271241E+01   9.6733658E-01   1.8969873E+01
    5.4654545E+01   2.3363265E+01   6.7737516E+01   2.8095974E+01   8.2323867E+01   3.3386433E+01   9.8424939E+01   3.9221172E+01
    1.1604469E+02   4.5594627E+01   1.3518671E+02   5.2500033E+01   1.5584813E+02   5.9927436E+01   1.7802276E+02   6.7867892E+01
    2.0169970E+02   7.6313355E+01   2.2686141E+02   8.5254704E+01   2.5348114E+02   9.4677470E+01   2.8151912E+02   9.4366707E+01
    2.8060256E+02   5.0307434E+05   5.4739379E+01   1.1046065E+01   7.5127765E+01   2.3645163E+01   5.2157768E+00   1.7842267E+00
    1.6425696E+01   1.7252370E+01   6.5187940E+00   6.2721994E+00   2.9227805E+00   1.0942290E+00   8.9633982E+00   1.1753388E+01
    4.5630560E+00   1.6024577E+01   5.8182998E+00   3.0345848E+00   2.3112276E+00   6.9910892E-01   6.6523408E+00   1.0426286E+01
    3.4456783E+00   3.2542783E+01   1.1295367E+01   1.9004451E+00   2.0180373E+00   6.8290992E-01   5.9212997E+00   9.6652947E+00
    3.3416494E+00   5.1720014E+01   1.7836624E+01   2.0227984E+00   1.8827954E+00   6.5831575E-01   5.5791292E+00   9.2237103E+00
    3.2201058E+00   7.3538586E+01   2.5309607E+01   1.9622451E+00   3.9083961E+01   1.1423617E+02   4.8177719E+01   1.4147752E+02
    5.8139417E+01   1.7187527E+02   6.9225581E+01   2.0544503E+02   8.1418879E+01   2.4219044E+02   9.4711780E+01   2.8211195E+02
    1.0909374E+02   3.2519827E+02   1.2454637E+02   3.7142838E+02   1.4105113E+02   4.2076781E+02   1.5858712E+02   4.7316248E+02
    1.7712681E+02   5.2853017E+02   1.9662764E+02   5.8674793E+02   1.9586772E+02   5.8448936E+02   1.0818328E+06   1.1562643E+02
    2.3343245E+01   1.6294184E+02   5.2150429E+01   1.1364417E+01   3.8556911E+00   3.5262808E+01   3.9226176E+01   1.4677793E+01
    1.2585983E+01   6.3342245E+00   2.3198079E+00   1.9078360E+01   2.6033822E+01   9.8135174E+00   3.6039742E+01   1.2846482E+01
    6.2633807E+00   4.9901980E+00   1.5743967E+00   1.4386860E+01   2.2908318E+01   7.6848979E+00   7.2108096E+01   2.4787754E+01
    4.4475842E+00   4.3900780E+00   1.4796446E+00   1.2903813E+01   2.1177418E+01   7.2546249E+00   1.1370989E+02   3.8828016E+01
    4.3803722E+00   4.1081359E+00   1.4045138E+00   1.2181403E+01   2.0175360E+01   6.9159082E+00   1.6105870E+02   5.4784829E+01
    4.1825307E+00   8.4566402E+01   2.4974900E+02   1.0432145E+02   3.0906567E+02   1.2618002E+02   3.7532683E+02   1.5044698E+02
    4.4854254E+02   1.7708895E+02   5.2870456E+02   2.0609294E+02   6.1579512E+02   2.3743621E+02   7.0977114E+02   2.7107924E+02
    8.1056013E+02   3.0697445E+02   9.1804695E+02   3.4505842E+02   1.0320527E+03   3.8524024E+02   1.1523042E+03   4.2738032E+02
    1.2783888E+03   4.2532202E+02   1.2722423E+03   2.3412208E+06   2.4509043E+02   5.0546366E+01   3.5943035E+02   1.1607784E+02
    2.5496554E+01   8.5507825E+00   7.7566613E+01   9.3906956E+01   3.4168030E+01   2.6315041E+01   1.4139549E+01   5.0588114E+00
    4.1869528E+01   5.9594438E+01   2.1775318E+01   8.4106379E+01   2.9218343E+01   1.3514884E+01   1.1127570E+01   3.6251667E+00
    3.2155549E+01   5.1872968E+01   1.7589756E+01   1.6446399E+02   5.6025872E+01   1.0457172E+01   9.8424475E+00   3.2996102E+00
    2.8963994E+01   4.7725854E+01   1.6213144E+01   2.5690267E+02   8.7008675E+01   9.7658028E+00   9.2203864E+00   3.1023933E+00
    2.7350458E+01   4.5356857E+01   1.5347390E+01   3.6240575E+02   1.2222563E+02   9.2352633E+00   1.8863032E+02   5.6100939E+02
    2.3282603E+02   6.9374889E+02   2.8200633E+02   8.4219244E+02   3.3653328E+02   1.0062995E+03   3.9632740E+02   1.1860067E+03
    4.6135539E+02   1.3812227E+03   5.3155395E+02   1.5917904E+03   6.0682016E+02   1.8174577E+03   6.8701009E+02   2.0578274E+03
    7.7191242E+02   2.3122798E+03   8.6120917E+02   2.5798591E+03   9.5440902E+02   2.8590985E+03   9.4831328E+02   2.8408480E+03
    5.0066079E+06   5.1667479E+02   1.1092200E+02   7.9729825E+02   2.5740571E+02   5.8825876E+01   1.9320581E+01   1.7485221E+02
    2.3429915E+02   8.1534490E+01   5.6854506E+01   3.2474555E+01   1.1300672E+01   9.4926881E+01   1.4068143E+02   4.9770938E+01
    2.0234402E+02   6.8269395E+01   3.0438496E+01   2.5589063E+01   8.4294638E+00   7.4107622E+01   1.2075165E+02   4.0894787E+01
    3.8503335E+02   1.2985097E+02   2.4558882E+01   2.2689416E+01   7.5538723E+00   6.6813354E+01   1.1040327E+02   3.7207807E+01
    5.9535488E+02   2.0020123E+02   2.2364838E+01   2.1249628E+01   7.0863121E+00   6.3043302E+01   1.0463907E+02   3.5136174E+01
    8.3659823E+02   2.8053605E+02   2.1097852E+01   4.3286391E+02   1.2930668E+03   5.3442467E+02   1.5979723E+03   6.4781592E+02
    1.9392705E+03   7.7342445E+02   2.3167175E+03   9.1106218E+02   2.7300499E+03   1.0606155E+03   3.1789081E+03   1.2218813E+03
    3.6627286E+03   1.3945399E+03   4.1806144E+03   1.5781040E+03   4.7311420E+03   1.7718189E+03   5.3120661E+03   1.9745118E+03
    5.9198631E+03   2.1843410E+03   6.5490163E+03   2.1645818E+03   6.4897832E+03   1.0355697E+07   1.0777539E+03   2.4348886E+02
    1.7556698E+03   5.6096905E+02   1.3892899E+02   4.4162641E+01   4.0227712E+02   5.9156256E+02   1.9618099E+02   1.2619596E+02
    7.6348267E+01   2.5751919E+01   2.2093913E+02   3.3927462E+02   1.1637280E+02   4.9190917E+02   1.6237516E+02   7.0640815E+01
    6.0155027E+01   1.9741326E+01   1.7445745E+02   2.8620208E+02   9.6083826E+01   9.1568568E+02   3.0599211E+02   5.7781165E+01
    5.3338935E+01   1.7648102E+01   1.5710741E+02   2.6007525E+02   8.7098490E+01   1.4039537E+03   4.6950604E+02   5.2286706E+01
    4.9913423E+01   1.6566753E+01   1.4808867E+02   2.4593126E+02   8.2226791E+01   1.9669873E+03   6.5722350E+02   4.9336853E+01
    1.0139776E+03   3.0366377E+03   1.2519575E+03   3.7506875E+03   1.5181432E+03   4.5504414E+03   1.8127835E+03   5.4350064E+03
    2.1354382E+03   6.4034475E+03   2.4856927E+03   7.4544638E+03   2.8628500E+03   8.5860234E+03   3.2658015E+03   9.7948558E+03
    3.6927773E+03   1.1075691E+04   4.1409480E+03   1.2420062E+04   4.6057885E+03   1.3814384E+04   5.0800380E+03   1.5236884E+04
    5.0107638E+03   1.5029109E+04   2.0447504E+07   2.2444928E+03   5.2996443E+02   3.8314461E+03   1.1982841E+03   3.3389678E+02
    1.0184823E+02   9.3684312E+02   1.4620186E+03   4.6813809E+02   2.8580238E+02   1.8249945E+02   5.9712939E+01   5.2188939E+02
    8.2614034E+02   2.7620439E+02   1.1827461E+03   3.8857743E+02   1.6682619E+02   1.4314502E+02   4.6639736E+01   4.1538695E+02
    6.8412647E+02   2.2784973E+02   2.1907835E+03   7.2829773E+02   1.3681980E+02   1.2689111E+02   4.1808462E+01   3.7378481E+02
    6.1940688E+02   2.0661794E+02   3.3450605E+03   1.1150027E+03   1.2394441E+02   1.1868222E+02   3.9292206E+01   3.5212087E+02
    5.8495334E+02   1.9512676E+02   4.6793266E+03   1.5604295E+03   1.1703846E+02   2.4074490E+03   7.2191133E+03   2.9724407E+03
    8.9135821E+03   3.6048707E+03   1.0811735E+04   4.3043986E+03   1.2910780E+04   5.0698587E+03   1.5207564E+04   5.8997450E+03
    1.7697457E+04   6.7915606E+03   2.0373020E+04   7.7412168E+03   2.3222024E+04   8.7419922E+03   2.6224335E+04   9.7828366E+03
    2.9346823E+04   1.0845587E+04   3.2534984E+04   1.1900445E+04   3.5699435E+04   1.1641492E+04   3.4922617E+04   3.8231266E+07
    4.7023682E+03   1.1370087E+03   8.2623785E+03   2.5310828E+03   8.0379688E+02   2.3571161E+02   2.1714094E+03   3.4579929E+03
    1.0927264E+03   6.5141184E+02   4.3751790E+02   1.3978164E+02   1.2343672E+03   1.9965728E+03   6.5761308E+02   2.8027762E+03
    9.2393546E+02   3.9525032E+02   3.4123301E+02   1.1075416E+02   9.9052535E+02   1.6346662E+03   5.4250705E+02   5.2325611E+03
    1.7368237E+03   3.2533278E+02   3.0273695E+02   9.9556270E+01   8.9186877E+02   1.4787786E+03   4.9240855E+02   7.9861596E+03
    2.6585793E+03   2.9526198E+02   2.8318201E+02   9.3651807E+01   8.4020533E+02   1.3960231E+03   4.6521522E+02   1.1167899E+04
    3.7211922E+03   2.7899442E+02   5.7415601E+03   1.7226201E+04   7.0890188E+03   2.1266599E+04   8.5974087E+03   2.5791659E+04
    1.0264552E+04   3.0792999E+04   1.2086852E+04   3.6259980E+04   1.4058818E+04   4.2175936E+04   1.6171205E+04   4.8513129E+04
    1.8408413E+04   5.5224764E+04   2.0744077E+04   6.2231758E+04   2.3133622E+04   6.9400398E+04   2.5501927E+04   7.6505302E+04
    2.7724155E+04   8.3171963E+04   2.6714303E+04   8.0142420E+04   6.4211676E+07   9.2046756E+03   2.2341263E+03   1.6333416E+04
    4.9549520E+03   1.7531540E+03   5.0219608E+02   4.5808141E+03   7.3052113E+03   2.3091890E+03   1.3694994E+03   9.5750423E+02
    3.0232950E+02   2.6754586E+03   4.3671973E+03   1.4361170E+03   6.0785329E+03   2.0100363E+03   8.6018430E+02   7.4631744E+02
    2.4217781E+02   2.1674314E+03   3.5803725E+03   1.1880847E+03   1.1454848E+04   3.8036729E+03   7.1197792E+02   6.6364300E+02
    2.1817809E+02   1.9555480E+03   3.2434306E+03   1.0796134E+03   1.7514235E+04   5.8297301E+03   6.4724524E+02   6.2128062E+02
    2.0542089E+02   1.8435412E+03   3.0634264E+03   1.0206075E+03   2.4506337E+04   8.1643116E+03   6.1202786E+02   1.2600535E+04
    3.7809969E+04   1.5559595E+04   4.6682932E+04   1.8870901E+04   5.6615240E+04   2.2527438E+04   6.7583874E+04   2.6518343E+04
    7.9556118E+04   3.0825674E+04   9.2477820E+04   3.5418432E+04   1.0625591E+05   4.0242884E+04   1.2072915E+05   4.5205742E+04
    1.3561765E+05   5.0145404E+04   1.5043660E+05   5.4785742E+04   1.6435760E+05   5.8672633E+04   1.7601827E+05   5.5159053E+04
    1.6547750E+05   9.4047349E+07   1.5866744E+04   3.8271841E+03   2.8263878E+04   8.4978427E+03   3.2393196E+03   9.2536371E+02
    8.3228426E+03   1.3262479E+04   4.2219889E+03   2.5056558E+03   1.7994848E+03   5.6658805E+02   5.0084904E+03   8.1976734E+03
    2.7045823E+03   1.1396762E+04   3.7784511E+03   1.6176694E+03   1.4096903E+03   4.5807226E+02   4.0967548E+03   6.7706806E+03
    2.2493141E+03   2.1656459E+04   7.1986571E+03   1.3475552E+03   1.2576158E+03   4.1362872E+02   3.7070634E+03   6.1496247E+03
    2.0474187E+03   3.3204205E+04   1.1055712E+04   1.2273715E+03   1.1789319E+03   3.8986545E+02   3.4988903E+03   5.8146123E+03
    1.9372752E+03   4.6513558E+04   1.5497406E+04   1.1616997E+03   2.3930326E+04   7.1805460E+04   2.9558105E+04   8.8682561E+04
    3.5852306E+04   1.0756217E+05   4.2795591E+04   1.2839020E+05   5.0360134E+04   1.5108281E+05   5.8497891E+04   1.7549544E+05
    6.7123857E+04   2.0137291E+05   7.6087114E+04   2.2826240E+05   8.5119715E+04   2.5536001E+05   9.3750502E+04   2.8125225E+05
    1.0117762E+05   3.0353355E+05   1.0613614E+05   3.1840905E+05   9.6491023E+04   2.8947365E+05   1.2413966E+08   2.5085550E+04
    5.9932435E+03   4.4857313E+04   1.3339610E+04   5.3589075E+03   1.5444006E+03   1.3714128E+04   2.1865417E+04   7.0249190E+03
    4.1749634E+03   3.0593487E+03   9.6420255E+02   8.5148398E+03   1.3950771E+04   4.6168843E+03   1.9411290E+04   6.4474767E+03
    2.7605306E+03   2.4174729E+03   7.8681927E+02   7.0314091E+03   1.1624508E+04   3.8663440E+03   3.7179752E+04   1.2369997E+04
    2.3161079E+03   2.1648926E+03   7.1246752E+02   6.3841858E+03   1.0592290E+04   3.5276772E+03   5.7188846E+04   1.9048255E+04
    2.1147045E+03   2.0329500E+03   6.7246806E+02   6.0349145E+03   1.0029881E+04   3.3420577E+03   8.0231576E+04   2.6735018E+04
    2.0040810E+03   4.1312625E+04   1.2395665E+05   5.1049161E+04   1.5315869E+05   6.1930941E+04   1.8580004E+05   7.3920264E+04
    2.2176554E+05   8.6953716E+04   2.6086446E+05   1.0091827E+05   3.0275719E+05   1.1560942E+05   3.4683002E+05   1.3065618E+05
    3.9196988E+05   1.4538844E+05   4.3616636E+05   1.5862332E+05   4.7587079E+05   1.6839723E+05   5.0519240E+05   1.7185347E+05
    5.1556102E+05   1.4966283E+05   4.4898905E+05   1.4960704E+08   3.7347168E+04   8.8460417E+03   6.7114348E+04   1.9758704E+04
    8.2747977E+03   2.4109318E+03   2.1226010E+04   3.3900610E+04   1.0976045E+04   6.5303259E+03   4.8722468E+03   1.5394843E+03
    1.3593037E+04   2.2287128E+04   7.3910881E+03   3.1047405E+04   1.0323907E+04   4.4196459E+03   3.8921637E+03   1.2686283E+03
    1.1331896E+04   1.8739668E+04   6.2379651E+03   5.9938414E+04   1.9954319E+04   3.7368338E+03   3.5000575E+03   1.1525855E+03
    1.0326823E+04   1.7136203E+04   5.7086252E+03   9.2518506E+04   3.0823677E+04   3.4221246E+03   3.2933789E+03   1.0897289E+03
    9.7794096E+03   1.6254504E+04   5.4167112E+03   1.3002250E+05   4.3331037E+04   3.2481832E+03   6.7019190E+04   2.0107903E+05
    8.2858322E+04   2.4858822E+05   1.0054528E+05   3.0164444E+05   1.2000372E+05   3.6001685E+05   1.4109966E+05   4.2330291E+05
    1.6358784E+05   4.9076630E+05   1.8701494E+05   5.6104683E+05   2.1054269E+05   6.3162954E+05   2.3264045E+05   6.9792242E+05
    2.5063280E+05   7.5189920E+05   2.6030298E+05   7.8090956E+05   2.5630811E+05   7.6892485E+05   2.1175132E+05   6.3525439E+05
    1.6502955E+08   5.2965698E+04   1.2477822E+04   9.5826877E+04   2.8003894E+04   1.2186296E+04   3.5841010E+03   3.1415003E+04
    5.0289713E+04   1.6373310E+04   9.7491827E+03   7.3998810E+03   2.3460141E+03   2.0723761E+04   3.4005171E+04   1.1292215E+04
    4.7424342E+04   1.5779435E+04   6.7538015E+03   5.9841820E+03   1.9530190E+03   1.7442743E+04   2.8854353E+04   9.6095633E+03
    9.2294414E+04   3.0737698E+04   5.7568662E+03   5.4056541E+03   1.7811720E+03   1.5958739E+04   2.6485937E+04   8.8249846E+03
    1.4299805E+05   4.7649499E+04   5.2904020E+03   5.0981138E+03   1.6874207E+03   1.5143655E+04   2.5172868E+04   8.3893321E+03
    2.0136143E+05   6.7110136E+04   5.0308204E+03   1.0391253E+05   3.1176076E+05   1.2855449E+05   3.8567823E+05   1.5604294E+05
    4.6813845E+05   1.8623034E+05   5.5869740E+05   2.1884803E+05   6.5654850E+05   2.5339239E+05   7.6018026E+05   2.8891331E+05
    8.6674210E+05   3.2362550E+05   9.7087801E+05   3.5426139E+05   1.0627852E+06   3.7526703E+05   1.1258018E+06   3.7863937E+05
    1.1359186E+06   3.5638109E+05   1.0691437E+06   2.7689544E+05   8.3068664E+05   1.6653996E+08   7.1744372E+04   1.6876301E+04
    1.3102169E+05   3.8116477E+04   1.7246236E+04   5.1138908E+03   4.4735794E+04   7.1794632E+04   2.3476134E+04   1.3987208E+04
    1.0792747E+04   3.4343833E+03   3.0360740E+04   4.9861412E+04   1.6572882E+04   6.9602437E+04   2.3167759E+04   9.9143155E+03
    8.8409157E+03   2.8888615E+03   2.5802958E+04   4.2699123E+04   1.4224416E+04   1.3658553E+05   4.5499306E+04   8.5220954E+03
    8.0251111E+03   2.6458555E+03   2.3708091E+04   3.9354173E+04   1.3114211E+04   2.1247575E+05   7.0808157E+04   7.8619724E+03
    7.5879089E+03   2.5123452E+03   2.2548462E+04   3.7485662E+04   1.2493461E+04   2.9985389E+05   9.9940644E+04   7.4920902E+03
    1.5494523E+05   4.6485978E+05   1.9183465E+05   5.7551975E+05   2.3293518E+05   6.9881587E+05   2.7797243E+05   8.3392418E+05
    3.2643076E+05   9.7929698E+05   3.7732156E+05   1.1319679E+06   4.2874385E+05   1.2862338E+06   4.7708482E+05   1.4312560E+06
    5.1579202E+05   1.5473771E+06   5.3429798E+05   1.6028946E+06   5.1945314E+05   1.5583598E+06   4.6305281E+05   1.3891587E+06
    3.3643961E+05   1.0093191E+06   1.5363276E+08   9.2752533E+04   2.1875132E+04   1.7150096E+05   4.9811549E+04   2.3493346E+04
    7.0203718E+03   6.1369503E+04   9.8745486E+04   3.2405024E+04   1.9317360E+04   1.5147632E+04   4.8378731E+03   4.2808398E+04
    7.0368308E+04   2.3404601E+04   9.8299915E+04   3.2728923E+04   1.4004051E+04   1.2569752E+04   4.1121601E+03   3.6737362E+04
    6.0816605E+04   2.0263374E+04   1.9454855E+05   6.4818337E+04   1.2141019E+04   1.1468370E+04   3.7833397E+03   3.3905546E+04
    5.6292413E+04   1.8760073E+04   3.0392971E+05   1.0129224E+05   1.1247106E+04   1.0873521E+04   3.6014362E+03   3.2326346E+04
    5.3747183E+04   1.7913834E+04   4.2993438E+05   1.4330058E+05   1.0742839E+04   2.2248286E+05   6.6747320E+05   2.7568110E+05
    8.2705984E+05   3.3486701E+05   1.0046119E+06   3.9954911E+05   1.1986545E+06   4.6877755E+05   1.4063375E+06   5.4069224E+05
    1.6220801E+06   6.1165492E+05   1.8349670E+06   6.7471852E+05   2.0241571E+06   7.1758942E+05   2.1527692E+06   7.2208839E+05
    2.1662657E+06   6.7050201E+05   2.0115064E+06   5.6181587E+05   1.6854478E+06   3.8122818E+05   1.1436847E+06   1.2716887E+08
    1.1198474E+05   2.6593727E+04   2.1031131E+05   6.1166304E+04   3.0173684E+04   9.0840161E+03   7.9417390E+04   1.2811747E+05
    4.2162572E+04   2.5145033E+04   2.0037494E+04   6.4213548E+03   5.6882788E+04   9.3588950E+04   3.1142530E+04   1.3080922E+05
    4.3560934E+04   1.8637411E+04   1.6838121E+04   5.5148234E+03   4.9283878E+04   8.1618362E+04   2.7196999E+04   2.6110233E+05
    8.7001380E+04   1.6296547E+04   1.5442800E+04   5.0974789E+03   4.5691264E+04   7.5875437E+04   2.5287511E+04   4.0966541E+05
    1.3653696E+05   1.5161081E+04   1.4683636E+04   4.8650624E+03   4.3673814E+04   7.2622890E+04   2.4205603E+04   5.8092801E+05
    1.9363158E+05   1.4516349E+04   3.0106849E+05   9.0323053E+05   3.7337928E+05   1.1201551E+06   4.5369748E+05   1.3611037E+06
    5.4119940E+05   1.6236057E+06   6.3425393E+05   1.9027668E+06   7.2960360E+05   2.1888142E+06   8.2079101E+05   2.4623753E+06
    8.9553639E+05   2.6866106E+06   9.3303358E+05   2.7991016E+06   9.0630039E+05   2.7189017E+06   7.9850907E+05   2.3955275E+06
    6.2746895E+05   1.8824070E+06   3.9972092E+05   1.1991629E+06   9.0063724E+07   1.2053009E+05   2.8923551E+04   2.3059591E+05
    6.7289599E+04   3.4840477E+04   1.0558251E+04   9.2424196E+04   1.4947802E+05   4.9260238E+04   2.9386595E+04   2.3814366E+04
    7.6544541E+03   6.7893001E+04   1.1180295E+05   3.7212310E+04   1.5632856E+05   5.2061390E+04   2.2273630E+04   2.0255196E+04
    6.6410981E+03   5.9372437E+04   9.8364065E+04   3.2778139E+04   3.1468267E+05   1.0485924E+05   1.9642203E+04   1.8673594E+04
    6.1674496E+03   5.5294299E+04   9.1841557E+04   3.0609240E+04   4.9587460E+05   1.6527220E+05   1.8352486E+04   1.7807120E+04
    5.9019532E+03   5.2989211E+04   8.8124068E+04   2.9372509E+04   7.0492955E+05   2.3496476E+05   1.7615455E+04   3.6588740E+05
    1.0976890E+06   4.5416314E+05   1.3625083E+06   5.5203802E+05   1.6561263E+06   6.5828844E+05   1.9748735E+06   7.7043887E+05
    2.3113221E+06   8.8345897E+05   2.6503805E+06   9.8728974E+05   2.9618716E+06   1.0630696E+06   3.1892103E+06   1.0808362E+06
    3.2425095E+06   1.0084738E+06   3.0254220E+06   8.4064056E+05   2.5219219E+06   6.2142164E+05   1.8642650E+06   3.7509291E+05
    1.1252788E+06   5.0362302E+07   1.0624832E+05   2.5816547E+04   2.0749500E+05   6.0786117E+04   3.3142512E+04   1.0093987E+04
    8.8625966E+04   1.4368576E+05   4.7315131E+04   2.8228462E+04   2.3299456E+04   7.5074505E+03   6.6692262E+04   1.0991968E+05
    3.6583576E+04   1.5373909E+05   5.1189843E+04   2.1900656E+04   2.0048181E+04   6.5796344E+03   5.8851698E+04   9.7538731E+04
    3.2501599E+04   3.1205005E+05   1.0397821E+05   1.9477886E+04   1.8578296E+04   6.1392954E+03   5.5056091E+04   9.1465123E+04
    3.0483430E+04   4.9384696E+05   1.6459413E+05   1.8277828E+04   1.7767690E+04   5.8908040E+03   5.2897146E+04   8.7982103E+04
    2.9325050E+04   7.0379776E+05   2.3458607E+05   1.7587450E+04   3.6585123E+05   1.0975841E+06   4.5450659E+05   1.3635416E+06
    5.5260034E+05   1.6578152E+06   6.5864171E+05   1.9759346E+06   7.6955385E+05   2.3086678E+06   8.7898607E+05   2.6369623E+06
    9.7419452E+05   2.9225862E+06   1.0319082E+06   3.0957260E+06   1.0184798E+06   3.0554404E+06   9.0733622E+05   2.7220091E+06
    7.1340831E+05   2.1402251E+06   4.9762427E+05   1.4928729E+06   2.8673983E+05   8.6021956E+05   2.1334200E+07   7.0764830E+04
    1.7446999E+04   1.4123132E+05   4.1616552E+04   2.3927241E+04   7.3215339E+03   6.4498941E+04   1.0481724E+05   3.4475903E+04
    2.0568869E+04   1.7284775E+04   5.5817138E+03   4.9665374E+04   8.1924077E+04   2.7261825E+04   1.1460890E+05   3.8151566E+04
    1.6322558E+04   1.5038560E+04   4.9400422E+03   4.4208992E+04   7.3297742E+04   2.4422262E+04   2.3450246E+05   7.8133662E+04
    1.4637037E+04   1.4005980E+04   4.6307379E+03   4.1538642E+04   6.9022665E+04   2.3003288E+04   3.7267704E+05   1.2420640E+05
    1.3793310E+04   1.3432747E+04   4.4549533E+03   4.0009928E+04   6.6555398E+04   2.2183143E+04   5.3240130E+05   1.7745517E+05
    1.3304479E+04   2.7715352E+05   8.3148831E+05   3.4457559E+05   1.0337466E+06   4.1897604E+05   1.2569410E+06   4.9894836E+05
    1.4968537E+06   5.8152830E+05   1.7445905E+06   6.6050777E+05   1.9815269E+06   7.2348116E+05   2.1704457E+06   7.4887589E+05
    2.2466289E+06   7.1001421E+05   2.1300433E+06   5.9671916E+05   1.7901578E+06   4.3899366E+05   1.3169811E+06   2.8859661E+05
    8.6578990E+05   1.5925660E+05   4.7776985E+05   7.4901201E+06   3.7359353E+04   9.3893863E+03   7.6317873E+04   2.2755217E+04
    1.3730652E+04   4.2323115E+03   3.7308414E+04   6.0764711E+04   2.0032071E+04   1.1955949E+04   1.0177008E+04   3.2948086E+03
    2.9348256E+04   4.8448582E+04   1.6125192E+04   6.7790146E+04   2.2568819E+04   9.6560975E+03   8.9481767E+03   2.9423513E+03
    2.6341557E+04   4.3689657E+04   1.4557500E+04   1.3977991E+05   4.6574986E+04   8.7253721E+03   8.3742559E+03   2.7702429E+03
    2.4855051E+04   4.1308635E+04   1.3767173E+04   2.2304156E+05   7.4336578E+04   8.2554463E+03   8.0534602E+03   2.6717595E+03
    2.3998224E+04   3.9925076E+04   1.3307231E+04   3.1937716E+05   1.0645243E+05   7.9812791E+03   1.6648327E+05   4.9946512E+05
    2.0710566E+05   6.2132774E+05   2.5176392E+05   7.5529871E+05   2.9936758E+05   8.9810731E+05   3.4756586E+05   1.0427005E+06
    3.9137803E+05   1.1741359E+06   4.2104112E+05   1.2631244E+06   4.2106717E+05   1.2632021E+06   3.7724819E+05   1.1317448E+06
    2.9433554E+05   8.8300673E+05   2.0089057E+05   6.0267175E+05   1.2444358E+05   3.7333075E+05   6.5994278E+04   1.9798285E+05
    2.4541196E+06   1.8044216E+04   4.6427829E+03   3.7826130E+04   1.1456640E+04   7.2030558E+03   2.2404900E+03   1.9726291E+04
    3.2193137E+04   1.0661286E+04   6.3674613E+03   5.4687672E+03   1.7756471E+03   1.5824327E+04   2.6142562E+04   8.7054532E+03
    3.6584087E+04   1.2184923E+04   5.2138177E+03   4.8570984E+03   1.5988967E+03   1.4317917E+04   2.3755920E+04   7.9166199E+03
    7.6005805E+04   2.5328835E+04   4.7453542E+03   4.5673554E+03   1.5117810E+03   1.3566251E+04   2.2551307E+04   7.5162086E+03
    1.2176450E+05   4.0584429E+04   4.5072578E+03   4.4042116E+03   1.4615849E+03   1.3129650E+04   2.1845859E+04   7.2814962E+03
    1.7475494E+05   5.8249288E+04   4.3673209E+03   9.1209845E+04   2.7363486E+05   1.1350612E+05   3.4052204E+05   1.3787806E+05
    4.1363651E+05   1.6351551E+05   4.9054803E+05   1.8863007E+05   5.6589116E+05   2.0942064E+05   6.2826250E+05   2.1880547E+05
    6.5641673E+05   2.0742640E+05   6.2227936E+05   1.7152648E+05   5.1457951E+05   1.2205868E+05   3.6617607E+05   7.6876984E+04
    2.3063096E+05   4.5006371E+04   1.3501912E+05   2.3048154E+04   6.9144465E+04   8.0685353E+05   8.8704253E+03   2.3377991E+03
    1.9118233E+04   5.8724083E+03   3.8288748E+03   1.2009096E+03   1.0565986E+04   1.7274711E+04   5.7415895E+03   3.4314351E+03
    2.9735795E+03   9.6813821E+02   8.6311383E+03   1.4269105E+04   4.7539984E+03   1.9970172E+04   6.6543057E+03   2.8476847E+03
    2.6664683E+03   8.7874371E+02   7.8709498E+03   1.3063834E+04   4.3541446E+03   4.1797787E+04   1.3931038E+04   2.6101470E+03
    2.5192411E+03   8.3434315E+02   7.4883570E+03   1.2450372E+04   4.1498667E+03   6.7225657E+04   2.2407674E+04   2.4886606E+03
    2.4356409E+03   8.0854862E+02   7.2640320E+03   1.2087600E+04   4.0290474E+03   9.6694657E+04   3.2230984E+04   2.4166107E+03
    5.0522986E+04   1.5157021E+05   6.2872176E+04   1.8861738E+05   7.6249028E+04   2.2874761E+05   9.0010217E+04   2.7003098E+05
    1.0270545E+05   3.0811655E+05   1.1130827E+05   3.3392492E+05   1.1080329E+05   3.3240992E+05   9.6795512E+04   2.9038656E+05
    7.1944587E+04   2.1583377E+05   4.6175499E+04   1.3852650E+05   2.6928849E+04   8.0786549E+04   1.5020145E+04   4.5060436E+04
    7.4788022E+03   2.2436407E+04   2.9140695E+05   4.8664666E+03   1.3106547E+03   1.0782432E+04   3.3462058E+03   2.2580229E+03
    7.1285141E+02   6.2758851E+03   1.0277453E+04   3.4219049E+03   2.0460549E+03   1.7913594E+03   5.8457004E+02   5.2143926E+03
    8.6262196E+03   2.8747987E+03   1.2073489E+04   4.0240001E+03   1.7222779E+03   1.6209780E+03   5.3473022E+02   4.7911074E+03
    7.9547210E+03   2.6514883E+03   2.5451533E+04   8.4835325E+03   1.5895802E+03   1.5384454E+03   5.0978067E+02   4.5762181E+03
    7.6099578E+03   2.5365647E+03   4.1090202E+04   1.3696561E+04   1.5212244E+03   1.4910721E+03   4.9512091E+02   4.4485978E+03
    7.4033072E+03   2.4677124E+03   5.9222919E+04   1.9740859E+04   1.4801580E+03   3.0967776E+04   9.2903580E+04   3.8509692E+04
    1.1552925E+05   4.6553130E+04   1.3965949E+05   5.4494307E+04   1.6348299E+05   6.0960601E+04   1.8288184E+05   6.3280358E+04
    1.8984109E+05   5.8087311E+04   1.7426194E+05   4.5029174E+04   1.3508753E+05   2.9434575E+04   8.8303725E+04   1.7059661E+04
    5.1178984E+04   9.3190520E+03   2.7957156E+04   5.0060579E+03   1.5018174E+04   2.4409309E+03   7.3227928E+03   1.2658260E+05
    3.2164616E+03   8.8309908E+02   7.3156366E+03   2.2878854E+03   1.5953160E+03   5.0623190E+02   4.4633834E+03   7.3202923E+03
    2.4387348E+03   1.4586693E+03   1.2910327E+03   4.2210205E+02   3.7678196E+03   6.2370521E+03   2.0787414E+03   8.7298779E+03
    2.9097756E+03   1.2455191E+03   1.1782101E+03   3.8900903E+02   3.4867400E+03   5.7908996E+03   1.9302587E+03   1.8528505E+04
    6.1760431E+03   1.1572728E+03   1.1230087E+03   3.7229186E+02   3.3426541E+03   5.5595508E+03   1.8531282E+03   3.0019163E+04
    1.0006311E+04   1.1113914E+03   1.0908241E+03   3.6229153E+02   3.2553965E+03   5.4179600E+03   1.8059526E+03   4.3341204E+04
    1.4447020E+04   1.0832439E+03   2.2667199E+04   6.8001707E+04   2.8130064E+04   8.4390261E+04   3.3787505E+04   1.0136256E+05
    3.8910722E+04   1.1673219E+05   4.1892757E+04   1.2567828E+05   4.0164529E+04   1.2049359E+05   3.2333218E+04   9.6999655E+04
    2.1438509E+04   6.4315529E+04   1.2279940E+04   3.6839820E+04   6.5297918E+03   1.9589376E+04   3.3968542E+03   1.0190563E+04
    1.7769934E+03   5.3309801E+03   8.5396264E+02   2.5618879E+03   6.4343590E+04   2.4537647E+03   6.8560767E+02   5.7182884E+03
    1.8000020E+03   1.2942989E+03   4.1255191E+02   3.6433777E+03   5.9837881E+03   1.9939318E+03   1.1929461E+03   1.0669641E+03
    3.4943975E+02   3.1213813E+03   5.1700160E+03   1.7231610E+03   7.2365446E+03   2.4120795E+03   1.0325866E+03   9.8144925E+02
    3.2430673E+02   2.9078032E+03   4.8307978E+03   1.6102389E+03   1.5456740E+04   5.1521744E+03   9.6546687E+02   9.3914849E+02
    3.1146687E+02   2.7970046E+03   4.6526943E+03   1.5508578E+03   2.5122672E+04   8.3741788E+03   9.3013637E+02   9.1389083E+02
    3.0356555E+02   2.7278208E+03   4.5400492E+03   1.5133235E+03   3.6318357E+04   1.2106092E+04   9.0772452E+02   1.8980318E+04
    5.6941012E+04   2.3454565E+04   7.0363729E+04   2.7831501E+04   8.3494524E+04   3.1077536E+04   9.3232618E+04   3.1179652E+04
    9.3538962E+04   2.6227861E+04   7.8683585E+04   1.7752078E+04   5.3256236E+04   1.0063327E+04   3.0189981E+04   5.1954221E+03
    1.5586266E+04   2.6071525E+03   7.8214576E+03   1.3155580E+03   3.9466739E+03   6.7717381E+02   2.0315214E+03   3.2254405E+02
    9.6763214E+02   3.5671664E+04   1.9971940E+03   5.6706611E+02   4.7602383E+03   1.5069266E+03   1.1152281E+03   3.5691521E+02
    3.1571237E+03   5.1919356E+03   1.7302444E+03   1.0354427E+03   9.3524741E+02   3.0678591E+02   2.7421400E+03   4.5443596E+03
    1.5146736E+03   6.3609261E+03   2.1202606E+03   9.0775425E+02   8.6660823E+02   2.8657400E+02   2.5702744E+03   4.2711988E+03
    1.4237214E+03   1.3666367E+04   4.5554229E+03   8.5368519E+02   8.3220232E+02   2.7609440E+02   2.4796993E+03   4.1253586E+03
    1.3750898E+03   2.2275371E+04   7.4251041E+03   8.2473871E+02   8.1090423E+02   2.6936192E+02   2.4204385E+03   4.0283712E+03
    1.3427684E+03   3.2225127E+04   1.0741697E+04   8.0541694E+02   1.6806985E+04   5.0420980E+04   2.0609831E+04   6.1829506E+04
    2.3933784E+04   7.1801360E+04   2.5306040E+04   7.5918124E+04   2.2630829E+04   6.7892488E+04   1.5992057E+04   4.7976173E+04
    9.1038780E+03   2.7311634E+04   4.5835577E+03   1.3750673E+04   2.2168399E+03   6.6505197E+03   1.0760946E+03   3.2282837E+03
    5.3383895E+02   1.6015169E+03   2.7230979E+02   8.1692936E+02   1.2904532E+02   3.8713596E+02   2.1366572E+04   1.7102261E+03
    4.9274748E+02   4.1617427E+03   1.3239636E+03   1.0065076E+03   3.2332498E+02   2.8642713E+03   4.7160107E+03   1.5717863E+03
    9.4083892E+02   8.5753932E+02   2.8170371E+02   2.5194548E+03   4.1774276E+03   1.3924005E+03   5.8474142E+03   1.9491212E+03
    8.3456132E+02   7.9995827E+02   2.6471270E+02   2.3748656E+03   3.9474225E+03   1.3158038E+03   1.2630505E+04   4.2101568E+03
    7.8901747E+02   7.7059104E+02   2.5572329E+02   2.2969766E+03   3.8216933E+03   1.2738736E+03   2.0635758E+04   6.8785794E+03
    7.6404512E+02   7.5140400E+02   2.4956514E+02   2.2423515E+03   3.7316282E+03   1.2438551E+03   2.9851195E+04   9.9503944E+03
    7.4607040E+02   1.5506871E+04   4.6520620E+04   1.8764072E+04   5.6292219E+04   2.0989715E+04   6.2969146E+04   2.0270432E+04
    6.0811295E+04   1.5410081E+04   4.6230242E+04   9.0396638E+03   2.7118991E+04   4.4867726E+03   1.3460318E+04   2.0941877E+03
    6.2825632E+03   9.7567543E+02   2.9270263E+03   4.6497550E+02   1.3949265E+03   2.2849811E+02   6.8549432E+02   1.1595816E+02
    3.4787448E+02   5.4789393E+01   1.6436818E+02   1.4166931E+04   1.5763011E+03   4.6026949E+02   3.9096296E+03   1.2492287E+03
    9.7354502E+02   3.1379952E+02   2.7837948E+03   4.5885799E+03   1.5293895E+03   9.1565981E+02   8.4159407E+02   2.7683015E+02
    2.4772428E+03   4.1093316E+03   1.3697175E+03   5.7521824E+03   1.9173888E+03   8.2104291E+02   7.8988852E+02   2.6153606E+02
    2.3469488E+03   3.9018349E+03   1.3006106E+03   1.2484733E+04   4.1615738E+03   7.7994202E+02   7.6286964E+02   2.5320412E+02
    2.2744748E+03   3.7843988E+03   1.2614436E+03   2.0434407E+04   6.8114668E+03   7.5659487E+02   7.4374104E+02   2.4693163E+02
    2.2182347E+03   3.6907275E+03   1.2302192E+03   2.9523747E+04   9.8412473E+03   7.3785624E+02   1.5225839E+04   4.5677518E+04
    1.7999856E+04   5.3999570E+04   1.8873972E+04   5.6621916E+04   1.5843959E+04   4.7531876E+04   9.9056965E+03   2.9717090E+04
    4.9342932E+03   1.4802879E+04   2.2304463E+03   6.6913389E+03   9.9510395E+02   2.9853118E+03   4.5384536E+02   1.3615361E+03
    2.1403024E+02   6.4209073E+02   1.0460148E+02   3.1380444E+02   5.2920580E+01   1.5876174E+02   2.4959597E+01   7.4878791E+01
    1.0552032E+04   1.5499905E+03   4.5768521E+02   3.9065621E+03   1.2527721E+03   9.9699667E+02   3.2227198E+02   2.8623973E+03
    4.7225389E+03   1.5740679E+03   9.4258035E+02   8.7246558E+02   2.8730041E+02   2.5721406E+03   4.2683931E+03   1.4227430E+03
    5.9749090E+03   1.9916341E+03   8.5289436E+02   8.2300953E+02   2.7263087E+02   2.4469865E+03   4.0688023E+03   1.3562671E+03
    1.3019055E+04   4.3396832E+03   8.1334563E+02   7.9633041E+02   2.6432126E+02   2.3743224E+03   3.9504521E+03   1.3167936E+03
    2.1331013E+04   7.1103366E+03   7.8978811E+02   7.7537749E+02   2.5727303E+02   2.3103346E+03   3.8426408E+03   1.2808511E+03
    3.0738517E+04   1.0246171E+04   7.6816373E+02   1.5673719E+04   4.7021157E+04   1.7872616E+04   5.3617849E+04   1.7038620E+04
    5.1115860E+04   1.2053599E+04   3.6160798E+04   6.3161584E+03   1.8948475E+04   2.8159335E+03   8.4478004E+03   1.2066139E+03
    3.6198416E+03   5.2545238E+02   1.5763571E+03   2.3694073E+02   7.1082220E+02   1.1110437E+02   3.3331310E+02   5.4133189E+01
    1.6239957E+02   2.7339627E+01   8.2018881E+01   1.2881103E+01   3.8643309E+01   9.3703726E+03   1.5506018E+03   4.6006835E+02
    3.9350944E+03   1.2638709E+03   1.0149252E+03   3.2846601E+02   2.9189237E+03   4.8177227E+03   1.6058025E+03   9.6165837E+02
    8.9281672E+02   2.9413965E+02   2.6338966E+03   4.3715902E+03   1.4571434E+03   6.1193972E+03   2.0397976E+03   8.7354539E+02
    8.4400339E+02   2.7963845E+02   2.5100767E+03   4.1739694E+03   1.3913230E+03   1.3355591E+04   4.4518623E+03   8.3437949E+02
    8.1718113E+02   2.7123578E+02   2.4363734E+03   4.0535722E+03   1.3511659E+03   2.1887795E+04   7.2959309E+03   8.1039794E+02
    7.9487261E+02   2.6363281E+02   2.3669168E+03   3.9358783E+03   1.3119262E+03   3.1484057E+04   1.0494685E+04   7.8676079E+02
    1.5938653E+04   4.7815958E+04   1.7764202E+04   5.3292605E+04   1.6006349E+04   4.8019047E+04   1.0397319E+04   3.1191957E+04
    5.0783208E+03   1.5234962E+04   2.1812664E+03   6.5437993E+03   9.1926280E+02   2.7577884E+03   3.9736901E+02   1.1921070E+03
    1.7855784E+02   5.3567351E+02   8.3578239E+01   2.5073472E+02   4.0681888E+01   1.2204566E+02   2.0534542E+01   6.1603625E+01
    9.6715910E+00   2.9014773E+01   8.8250558E+03   1.5473994E+03   4.6018751E+02   3.9401178E+03   1.2664247E+03   1.0214396E+03
    3.3076905E+02   2.9401324E+03   4.8536693E+03   1.6177863E+03   9.6887159E+02   9.0083403E+02   2.9684821E+02   2.6584080E+03
    4.4126217E+03   1.4708212E+03   6.1768493E+03   2.0589483E+03   8.8175920E+02   8.5245693E+02   2.8246458E+02   2.5355359E+03
    4.2164274E+03   1.4054757E+03   1.3491459E+04   4.4971517E+03   8.4287200E+02   8.2560239E+02   2.7402501E+02   2.4613846E+03
    4.0951035E+03   1.3650091E+03   2.2112029E+04   7.3706757E+03   8.1869681E+02   8.0257248E+02   2.6612346E+02   2.3889717E+03
    3.9720481E+03   1.3239806E+03   3.1773217E+04   1.0591071E+04   7.9396687E+02   1.6018802E+04   4.8056408E+04   1.7622439E+04
    5.2867316E+04   1.5397036E+04   4.6191108E+04   9.5861064E+03   2.8758319E+04   4.5366401E+03   1.3609920E+04   1.9182762E+03
    5.7548286E+03   8.0292445E+02   2.4087733E+03   3.4602732E+02   1.0380820E+03   1.5526241E+02   4.6578722E+02   7.2620085E+01
    2.1786025E+02   3.5333485E+01   1.0600046E+02   1.7830647E+01   5.3491940E+01   8.3968742E+00   2.5190623E+01   8.6389452E+03
    1.5437621E+03   4.5944732E+02   3.9351633E+03   1.2651157E+03   1.0218428E+03   3.3096417E+02   2.9421186E+03   4.8572628E+03
    1.6189823E+03   9.6960028E+02   9.0195421E+02   2.9723976E+02   2.6620002E+03   4.4187017E+03   1.4728477E+03   6.1853638E+03
    2.0617863E+03   8.8297890E+02   8.5381039E+02   2.8292150E+02   2.5396681E+03   4.2233398E+03   1.4077797E+03   1.3513581E+04
    4.5045257E+03   8.4425548E+02   8.2699044E+02   2.7448342E+02   2.4654863E+03   4.1018978E+03   1.3672737E+03   2.2148709E+04
    7.3829021E+03   8.2005361E+02   8.0374542E+02   2.6648994E+02   2.3921527E+03   3.9771579E+03   1.3256831E+03   3.1814030E+04
    1.0604675E+04   7.9497969E+02   1.6015867E+04   4.8047601E+04   1.7537974E+04   5.2613922E+04   1.5160296E+04   4.5480890E+04
    9.3064961E+03   2.7919488E+04   4.3602819E+03   1.3080846E+04   1.8347484E+03   5.5042452E+03   7.6634834E+02   2.2990450E+03
    3.2995580E+02   9.8986739E+02   1.4798488E+02   4.4395464E+02   6.9200204E+01   2.0760061E+02   3.3665241E+01   1.0099572E+02
    1.6987528E+01   5.0962585E+01   7.9994723E+00   2.3998417E+01
    8.3671406E+04   8.5736957E+04   9.0029041E+04   9.9255417E+04   1.2060111E+05   1.7823472E+05   3.7996408E+05   8.0851985E+05
    1.7207599E+06   3.6523987E+06   7.7120554E+06   1.6243082E+07   3.4205809E+07   7.2081579E+07   1.5198986E+08   3.2120254E+08
    6.8308805E+08   1.4628570E+09   3.1503206E+09   6.6588553E+09   1.2263563E+10   1.7600290E+10   1.7159705E+10   1.4900641E+10
    1.4739293E+10   1.6930971E+10   2.1455268E+10   2.7341060E+10   3.9109880E+10   5.6514778E+10   8.3771699E+10   1.2595921E+11
    1.9140079E+11   2.9262670E+11   4.4939347E+11   6.9268042E+11   1.0299518E+12   1.4334126E+12   1.9121631E+12   2.4853768E+12
    3.1752933E+12   3.9995425E+12   4.9590748E+12   5.9470494E+12   6.6072499E+12   6.1934155E+12   4.3973505E+12   2.4151497E+12
    1.1652893E+12   5.4882205E+11   2.7515687E+11   1.5736779E+11   1.0077724E+11   6.8769251E+10   4.9614024E+10   3.8431355E+10
    3.2201930E+10   3.0038773E+10   2.9005655E+10   2.8633805E+10
 Number of He2 levels:          30
 He2 Oscillator date:        12-OCT-1995
    8.3671406E+04   9.4354531E-11   5.3288018E-13   7.0200490E-13   1.0689543E-12   1.7444143E-12   2.2667650E-12   3.1553351E-12
    4.2716372E-12   5.8407466E-12   6.9058688E-12   8.6860098E-12   1.0712005E-11   1.3006225E-11   1.5445854E-11   1.8217722E-11
    2.1062140E-11   1.9290667E-11   2.6522723E-11   3.3476508E-11   3.7938781E-11   4.2712229E-11   4.7288716E-11   4.9774791E-11
    5.4471461E-11   6.2244868E-11   6.5432339E-11   7.2545809E-11   8.1424236E-11   9.3830268E-11   8.5736957E+04   1.0037271E-10
    5.4480914E-13   7.3662866E-13   1.1189528E-12   1.8210595E-12   2.3747075E-12   3.3001736E-12   4.4758057E-12   6.1247487E-12
    7.2446463E-12   9.1146389E-12   1.1243480E-11   1.3655379E-11   1.6220079E-11   1.9134741E-11   2.2125768E-11   2.0269385E-11
    2.7871630E-11   3.5183172E-11   3.9878907E-11   4.4903318E-11   4.9714516E-11   5.2330121E-11   5.7267729E-11   6.5428024E-11
    6.8792961E-11   7.6264758E-11   8.5594849E-11   9.8596945E-11   9.0029041E+04   1.1379613E-10   6.0207509E-13   8.1431287E-13
    1.2364448E-12   2.0115569E-12   2.6197695E-12   3.6363223E-12   4.9318169E-12   6.7478620E-12   7.9803999E-12   1.0037960E-11
    1.2383367E-11   1.5040385E-11   1.7859187E-11   2.1060813E-11   2.4348001E-11   2.2307117E-11   3.0677740E-11   3.8730028E-11
    4.3908026E-11   4.9453662E-11   5.4756321E-11   5.7637464E-11   6.3065687E-11   7.2020261E-11   7.5767224E-11   8.4024048E-11
    9.4344842E-11   1.0860784E-10   9.9255417E+04   1.4675830E-10   7.3581928E-13   9.9507170E-13   1.5103376E-12   2.4580402E-12
    3.1910562E-12   4.4220429E-12   5.9900925E-12   8.1843598E-12   9.6657151E-12   1.2139962E-11   1.4954452E-11   1.8147453E-11
    2.1540557E-11   2.5401828E-11   2.9383239E-11   2.6944531E-11   3.7087362E-11   4.6849152E-11   5.3140796E-11   5.9896181E-11
    6.6355391E-11   6.9904176E-11   7.6555930E-11   8.7442036E-11   9.2152309E-11   1.0225460E-10   1.1486031E-10   1.3199591E-10
    1.2060111E+05   2.4570213E-10   1.1038293E-12   1.4933211E-12   2.2653991E-12   3.6873924E-12   4.7593196E-12   6.5765435E-12
    8.8906910E-12   1.2133253E-11   1.4297072E-11   1.7916253E-11   2.2021904E-11   2.6683108E-11   3.1659429E-11   3.7345298E-11
    4.3210166E-11   3.9663941E-11   5.4689042E-11   6.9224892E-11   7.8692642E-11   8.8880652E-11   9.8576321E-11   1.0397088E-10
    1.1394390E-10   1.3001580E-10   1.3736925E-10   1.5243184E-10   1.7115784E-10   1.9582827E-10   1.7823472E+05   6.9426003E-10
    2.5027317E-12   3.3807897E-12   5.1169511E-12   8.2722289E-12   1.0632171E-11   1.4636557E-11   1.9766214E-11   2.6840136E-11
    3.1523316E-11   3.9362278E-11   4.8232624E-11   5.8290648E-11   6.9008583E-11   8.1319012E-11   9.4077291E-11   8.6494546E-11
    1.1951644E-10   1.5158520E-10   1.7272688E-10   1.9559055E-10   2.1717500E-10   2.2957833E-10   2.5197451E-10   2.8694585E-10
    3.0505033E-10   3.3862563E-10   3.7975641E-10   4.3059573E-10   3.7996408E+05   4.8176137E-09   1.1763179E-11   1.5997419E-11
    2.4008238E-11   3.8475792E-11   4.9296004E-11   6.7229640E-11   9.0699833E-11   1.2257355E-10   1.4336358E-10   1.7820042E-10
    2.1741315E-10   2.6132140E-10   3.0709882E-10   3.5944050E-10   4.1337065E-10   3.7998824E-10   5.2601496E-10   6.6921270E-10
    7.6699653E-10   8.7434087E-10   9.7398874E-10   1.0368941E-09   1.1431883E-09   1.2982737E-09   1.4011627E-09   1.5587673E-09
    1.7430369E-09   1.9470660E-09   8.0851985E+05   3.1654190E-08   5.4263830E-11   7.3614400E-11   1.1054252E-10   1.7692187E-10
    2.2653558E-10   3.0765697E-10   4.1361467E-10   5.5711212E-10   6.4979759E-10   8.0496108E-10   9.7976172E-10   1.1741907E-09
    1.3714461E-09   1.5938373E-09   1.8172743E-09   1.6681756E-09   2.3032955E-09   2.9298653E-09   3.3759123E-09   3.8716434E-09
    4.3268813E-09   4.6533965E-09   5.1595007E-09   5.8512282E-09   6.4067255E-09   7.1323834E-09   7.9317953E-09   8.7501810E-09
    1.7207599E+06   2.0220998E-07   2.5030969E-10   3.3691445E-10   5.0621368E-10   8.0941405E-10   1.0360173E-09   1.4029644E-09
    1.8810010E-09   2.5284759E-09   2.9429737E-09   3.6372647E-09   4.4217403E-09   5.2965776E-09   6.1649914E-09   7.1280481E-09
    8.0530100E-09   7.3999810E-09   1.0128105E-08   1.2825473E-08   1.4843237E-08   1.7087716E-08   1.9158999E-08   2.0864601E-08
    2.3267175E-08   2.6353224E-08   2.9115392E-08   3.2344063E-08   3.5728169E-08   3.9044809E-08   3.6523987E+06   1.2444366E-06
    1.1277162E-09   1.5335021E-09   2.3007963E-09   3.6690938E-09   4.6941918E-09   6.3503334E-09   8.4967552E-09   1.1413741E-08
    1.3257603E-08   1.6357967E-08   1.9864659E-08   2.3808663E-08   2.7672874E-08   3.1915466E-08   3.5781701E-08   3.3219309E-08
    4.4737670E-08   5.6178192E-08   6.5261761E-08   7.5238711E-08   8.4674293E-08   9.3323349E-08   1.0437766E-07   1.1769821E-07
    1.3020871E-07   1.4389070E-07   1.5783108E-07   1.7130322E-07   7.7120554E+06   7.3520562E-06   5.2645581E-09   6.9856332E-09
    1.0389434E-08   1.6456362E-08   2.1035561E-08   2.8484581E-08   3.8034543E-08   5.1103089E-08   5.9199094E-08   7.2955524E-08
    8.8485075E-08   1.0613487E-07   1.2321072E-07   1.4193754E-07   1.5832481E-07   1.5082168E-07   1.9828577E-07   2.4629937E-07
    2.8711912E-07   3.3105210E-07   3.7374937E-07   4.1497756E-07   4.6312264E-07   5.1764963E-07   5.7001074E-07   6.2535171E-07
    6.8127373E-07   7.3564435E-07   1.6243082E+07   4.1266641E-05   2.5130125E-08   3.2594837E-08   4.7320915E-08   7.3843118E-08
    9.4051700E-08   1.2784940E-07   1.7031091E-07   2.2889777E-07   2.6414821E-07   3.2527617E-07   3.9373736E-07   4.7269242E-07
    5.4752773E-07   6.3002476E-07   7.0193269E-07   6.9761585E-07   8.9020494E-07   1.0913260E-06   1.2737760E-06   1.4657314E-06
    1.6550934E-06   1.8405328E-06   2.0421904E-06   2.2589976E-06   2.4703567E-06   2.6903289E-06   2.9133516E-06   3.1336005E-06
    3.4205809E+07   2.2026230E-04   1.3265064E-07   1.6069728E-07   2.2231367E-07   3.3676289E-07   4.2446997E-07   5.8096011E-07
    7.7171056E-07   1.0367596E-06   1.1897023E-06   1.4651485E-06   1.7669507E-06   2.1234286E-06   2.4511977E-06   2.8179337E-06
    3.1574413E-06   3.3021298E-06   4.0891067E-06   4.9322865E-06   5.7345821E-06   6.5619055E-06   7.3829577E-06   8.1900924E-06
    9.0297312E-06   9.9011849E-06   1.0761733E-05   1.1651242E-05   1.2558679E-05   1.3469548E-05   7.2081579E+07   1.1294470E-03
    8.3301061E-07   8.5805417E-07   1.1105021E-06   1.5913798E-06   1.9665482E-06   2.7054687E-06   3.5790406E-06   4.8045159E-06
    5.4728342E-06   6.7411832E-06   8.0830529E-06   9.7184407E-06   1.1196523E-05   1.2879857E-05   1.4611792E-05   1.5991115E-05
    1.9300415E-05   2.2856488E-05   2.6341424E-05   2.9891254E-05   3.3430495E-05   3.6930924E-05   4.0499534E-05   4.4139925E-05
    4.7775613E-05   5.1522034E-05   5.5361320E-05   5.9262130E-05   1.5198986E+08   5.6472263E-03   6.6388015E-06   4.9636731E-06
    6.1424523E-06   7.9909061E-06   9.6619351E-06   1.3175414E-05   1.7229519E-05   2.3177957E-05   2.6361254E-05   3.2238474E-05
    3.8450820E-05   4.6147936E-05   5.3484720E-05   6.1624553E-05   7.0747669E-05   7.9720881E-05   9.4245752E-05   1.0961342E-04
    1.2492436E-04   1.4047023E-04   1.5607036E-04   1.7164142E-04   1.8743715E-04   2.0348086E-04   2.1966358E-04   2.3632641E-04
    2.5344709E-04   2.7097092E-04   3.2120254E+08   2.6521057E-02   5.7946413E-05   3.0499364E-05   3.7691267E-05   4.3944207E-05
    5.2557697E-05   6.9526207E-05   8.7917530E-05   1.1859771E-04   1.3760629E-04   1.6436776E-04   1.9546240E-04   2.3382686E-04
    2.7467896E-04   3.1701700E-04   3.6555447E-04   4.1662487E-04   4.8378063E-04   5.5380496E-04   6.2407769E-04   6.9557936E-04
    7.6795630E-04   8.4095414E-04   9.1518272E-04   9.9074294E-04   1.0676236E-03   1.1468591E-03   1.2284299E-03   1.3122698E-03
    6.8308805E+08   1.1631360E-01   4.0006904E-04   1.9950003E-04   2.3405373E-04   2.6349056E-04   3.1925487E-04   3.9811571E-04
    4.9604683E-04   6.5406875E-04   7.5948430E-04   8.9687680E-04   1.0574006E-03   1.2654900E-03   1.4925867E-03   1.7188998E-03
    1.9729502E-03   2.2425001E-03   2.5609109E-03   2.8911986E-03   3.2258592E-03   3.5675367E-03   3.9167960E-03   4.2731359E-03
    4.6378317E-03   5.0111887E-03   5.3937786E-03   5.7887875E-03   6.1962226E-03   6.6160723E-03   1.4628570E+09   5.4065368E-01
    3.4450195E-03   1.4243063E-03   1.5275864E-03   1.7408103E-03   2.1648127E-03   2.4235929E-03   3.1427770E-03   3.9182396E-03
    4.4925208E-03   5.2677947E-03   6.1757928E-03   7.1826983E-03   8.3643430E-03   9.6120758E-03   1.0949136E-02   1.2350544E-02
    1.3912813E-02   1.5530632E-02   1.7190021E-02   1.8897818E-02   2.0656264E-02   2.2467818E-02   2.4336265E-02   2.6261717E-02
    2.8245993E-02   3.0298505E-02   3.2419329E-02   3.4608635E-02   3.1503206E+09   2.4381061E+00   2.0080440E-02   8.9062788E-03
    9.5200745E-03   1.1212976E-02   1.4124694E-02   1.5228472E-02   1.8665129E-02   2.2286646E-02   2.6337419E-02   3.0943076E-02
    3.5927488E-02   4.1330594E-02   4.7387442E-02   5.3852410E-02   6.0593213E-02   6.7705349E-02   7.5424849E-02   8.3464526E-02
    9.1818789E-02   1.0050160E-01   1.0951456E-01   1.1886570E-01   1.2856631E-01   1.3861993E-01   1.4902822E-01   1.5981164E-01
    1.7096962E-01   1.8250213E-01   6.6588553E+09   1.0702271E+01   1.3008731E-01   5.4047981E-02   4.6430946E-02   6.4166783E-02
    7.8360050E-02   8.7545933E-02   1.0447984E-01   1.2103816E-01   1.4330809E-01   1.6649968E-01   1.9103633E-01   2.1735277E-01
    2.4609974E-01   2.7683832E-01   3.0901956E-01   3.4315097E-01   3.7978035E-01   4.1832565E-01   4.5866951E-01   5.0086880E-01
    5.4495114E-01   5.9087899E-01   6.3868964E-01   6.8838618E-01   7.3996833E-01   7.9346350E-01   8.4885881E-01   9.0614529E-01
    1.2263563E+10   3.2489555E+01   3.9328181E-01   2.3849707E-01   1.7426713E-01   2.4015494E-01   2.9034359E-01   3.2288556E-01
    3.7891458E-01   4.3203388E-01   5.0755984E-01   5.8508827E-01   6.6731051E-01   7.5591957E-01   8.5217646E-01   9.5534046E-01
    1.0644631E+00   1.1802220E+00   1.3036723E+00   1.4340909E+00   1.5709649E+00   1.7144848E+00   1.8645852E+00   2.0212872E+00
    2.1845650E+00   2.3544346E+00   2.5308503E+00   2.7138230E+00   2.9033011E+00   3.0992236E+00   1.7600290E+10   6.5441761E+01
    7.8572981E-01   5.6332132E-01   3.5860115E-01   5.3860945E-01   6.8724057E-01   7.3547097E-01   8.5679805E-01   9.7966103E-01
    1.1409409E+00   1.3120853E+00   1.4938687E+00   1.6898882E+00   1.9042778E+00   2.1334904E+00   2.3765332E+00   2.6341915E+00
    2.9082335E+00   3.1978320E+00   3.5021039E+00   3.8213715E+00   4.1554237E+00   4.5043748E+00   4.8680170E+00   5.2463461E+00
    5.6393025E+00   6.0467889E+00   6.4686681E+00   6.9047628E+00   1.7159705E+10   7.5750121E+01   8.7224935E-01   6.4539407E-01
    4.4212122E-01   6.5056279E-01   8.6350656E-01   8.9674922E-01   1.0563954E+00   1.2259253E+00   1.4144527E+00   1.6300785E+00
    1.8578807E+00   2.1029176E+00   2.3714520E+00   2.6577696E+00   2.9611932E+00   3.2820077E+00   3.6230336E+00   3.9834653E+00
    4.3621982E+00   4.7595461E+00   5.1753842E+00   5.6098185E+00   6.0625493E+00   6.5335743E+00   7.0228786E+00   7.5302741E+00
    8.0556159E+00   8.5986895E+00   1.4900641E+10   6.2280501E+01   7.4291516E-01   4.9516625E-01   3.9706990E-01   5.3409713E-01
    7.1891399E-01   7.4277487E-01   8.8463422E-01   1.0403009E+00   1.1969328E+00   1.3867971E+00   1.5856561E+00   1.7989451E+00
    2.0312871E+00   2.2785255E+00   2.5402239E+00   2.8159560E+00   3.1089283E+00   3.4184814E+00   3.7436526E+00   4.0846429E+00
    4.4415303E+00   4.8143560E+00   5.2028719E+00   5.6071061E+00   6.0270754E+00   6.4625989E+00   6.9135901E+00   7.3798847E+00
    1.4739293E+10   4.4937883E+01   5.8697641E-01   3.3963296E-01   3.0630191E-01   3.8080126E-01   5.1051642E-01   5.3317006E-01
    6.3586411E-01   7.5127275E-01   8.6505936E-01   1.0046806E+00   1.1505426E+00   1.3069603E+00   1.4760014E+00   1.6559845E+00
    1.8465376E+00   2.0470306E+00   2.2598951E+00   2.4847437E+00   2.7209545E+00   2.9686207E+00   3.2278829E+00   3.4987214E+00
    3.7809811E+00   4.0746934E+00   4.3798699E+00   4.6963578E+00   5.0241040E+00   5.3629903E+00   1.6930971E+10   3.2478589E+01
    4.7778122E-01   2.3432521E-01   2.3152937E-01   2.6855133E-01   3.5595672E-01   3.7803798E-01   4.4798446E-01   5.2863664E-01
    6.0958541E-01   7.0705077E-01   8.0916836E-01   9.1880744E-01   1.0364610E+00   1.1620275E+00   1.2951878E+00   1.4354707E+00
    1.5842162E+00   1.7413256E+00   1.9064702E+00   2.0796766E+00   2.2610545E+00   2.4505511E+00   2.6480834E+00   2.8536667E+00
    3.0672980E+00   3.2888452E+00   3.5182630E+00   3.7554589E+00   2.1455268E+10   2.6109590E+01   4.1941891E-01   1.7655422E-01
    1.8478293E-01   2.0494280E-01   2.7007967E-01   2.9054033E-01   3.4137532E-01   4.0181980E-01   4.6449010E-01   5.3744243E-01
    6.1448968E-01   6.9732756E-01   7.8589269E-01   8.8059139E-01   9.8114641E-01   1.0873716E+00   1.1997972E+00   1.3185026E+00
    1.4433253E+00   1.5742678E+00   1.7113934E+00   1.8546453E+00   2.0039805E+00   2.1593974E+00   2.3208805E+00   2.4883217E+00
    2.6616704E+00   2.8408416E+00   2.7341060E+10   2.9170795E+01   4.7931402E-01   1.9251582E-01   2.0410984E-01   2.2428131E-01
    2.9542150E-01   3.1962583E-01   3.7451971E-01   4.4047701E-01   5.0998262E-01   5.8942743E-01   6.7383092E-01   7.6463111E-01
    8.6170690E-01   9.6552867E-01   1.0758290E+00   1.1924995E+00   1.3158944E+00   1.4461276E+00   1.5830673E+00   1.7267100E+00
    1.8771008E+00   2.0341778E+00   2.1978986E+00   2.3682457E+00   2.5451862E+00   2.7286018E+00   2.9184157E+00   3.1145125E+00
    3.9109880E+10   3.8920251E+01   6.4995484E-01   2.5344947E-01   2.7070338E-01   2.9648298E-01   3.9003047E-01   4.2522808E-01
    4.9786060E-01   5.8531285E-01   6.7873427E-01   7.8381087E-01   8.9611352E-01   1.0169841E+00   1.1462973E+00   1.2845712E+00
    1.4315482E+00   1.5871600E+00   1.7516759E+00   1.9252225E+00   2.1076774E+00   2.2990261E+00   2.4992911E+00   2.7083912E+00
    2.9262624E+00   3.1528493E+00   3.3880702E+00   3.6317541E+00   3.8837447E+00   4.1438261E+00   5.6514778E+10   5.2623615E+01
    8.9398034E-01   3.4124053E-01   3.6574604E-01   4.0009071E-01   5.2458183E-01   5.7676015E-01   6.7494745E-01   7.9273983E-01
    9.1980857E-01   1.0611744E+00   1.2129614E+00   1.3764388E+00   1.5514979E+00   1.7386845E+00   1.9377552E+00   2.1486665E+00
    2.3716123E+00   2.6067182E+00   2.8538590E+00   3.1129970E+00   3.3841167E+00   3.6670970E+00   3.9618220E+00   4.2681622E+00
    4.5859380E+00   4.9148609E+00   5.2546110E+00   5.6047613E+00   8.3771699E+10   7.3900811E+01   1.2785847E+00   4.8237001E-01
    5.1681762E-01   5.6550061E-01   7.3682135E-01   8.1730057E-01   9.5585614E-01   1.1206220E+00   1.2996920E+00   1.4976681E+00
    1.7110948E+00   1.9412063E+00   2.1879093E+00   2.4517571E+00   2.7325089E+00   3.0301217E+00   3.3447162E+00   3.6763920E+00
    4.0249946E+00   4.3904325E+00   4.7726144E+00   5.1713260E+00   5.5863286E+00   6.0173264E+00   6.4639190E+00   6.9255356E+00
    7.4014766E+00   7.8908159E+00   1.2595921E+11   1.0708272E+02   1.8936984E+00   7.0987448E-01   7.5821137E-01   8.3065377E-01
    1.0726981E+00   1.2009773E+00   1.4036215E+00   1.6421151E+00   1.9029421E+00   2.1904338E+00   2.5014236E+00   2.8371077E+00
    3.1973819E+00   3.5827839E+00   3.9930453E+00   4.4280971E+00   4.8879682E+00   5.3726899E+00   5.8820256E+00   6.4157632E+00
    6.9736444E+00   7.5552375E+00   8.1600143E+00   8.7872891E+00   9.4361385E+00   1.0105302E+01   1.0793151E+01   1.1497518E+01
    1.9140079E+11   1.6045639E+02   2.9190687E+00   1.0904234E+00   1.1581656E+00   1.2716162E+00   1.6238831E+00   1.8357532E+00
    2.1444809E+00   2.5041196E+00   2.8994341E+00   3.3345656E+00   3.8064829E+00   4.3163458E+00   4.8640013E+00   5.4499347E+00
    6.0737988E+00   6.7354541E+00   7.4347819E+00   8.1716534E+00   8.9456254E+00   9.7561986E+00   1.0602720E+01   1.1484227E+01
    1.2399472E+01   1.3346794E+01   1.4323941E+01   1.5327865E+01   1.6354492E+01   1.7398332E+01   2.9262670E+11   2.4862829E+02
    4.6995048E+00   1.7519865E+00   1.8451758E+00   2.0324095E+00   2.5620459E+00   2.9236224E+00   3.4144639E+00   3.9808863E+00
    4.6057756E+00   5.2931825E+00   6.0400472E+00   6.8474916E+00   7.7152576E+00   8.6437115E+00   9.6323310E+00   1.0680791E+01
    1.1788666E+01   1.2955444E+01   1.4180155E+01   1.5461577E+01   1.6798061E+01   1.8187270E+01   1.9626069E+01   2.1110197E+01
    2.2633792E+01   2.4188852E+01   2.5764431E+01   2.7345549E+01   4.4939347E+11   4.0221261E+02   8.0207570E+00   2.9867001E+00
    3.1072408E+00   3.4359322E+00   4.2701329E+00   4.9123526E+00   5.7356176E+00   6.6782264E+00   7.7208232E+00   8.8674904E+00
    1.0114911E+01   1.1464159E+01   1.2914742E+01   1.4466732E+01   1.6119175E+01   1.7871231E+01   1.9721726E+01   2.1669139E+01
    2.3711092E+01   2.5844399E+01   2.8064668E+01   3.0365715E+01   3.2739018E+01   3.5172743E+01   3.7650356E+01   4.0148900E+01
    4.2636443E+01   4.5068838E+01   6.9268042E+11   7.0363993E+02   1.5196657E+01   5.6561149E+00   5.7768807E+00   6.4116826E+00
    7.8489927E+00   9.0837402E+00   1.0601504E+01   1.2329780E+01   1.4245312E+01   1.6352383E+01   1.8646930E+01   2.1129803E+01
    2.3799782E+01   2.6656064E+01   2.9696497E+01   3.2918697E+01   3.6319311E+01   3.9893798E+01   4.3635465E+01   4.7535017E+01
    5.1579373E+01   5.5749939E+01   6.0020447E+01   6.4353667E+01   6.8696703E+01   7.2975042E+01   7.7084326E+01   8.0880921E+01
    1.0299518E+12   1.3218214E+03   3.2045908E+01   1.1937672E+01   1.1872136E+01   1.3197432E+01   1.5928084E+01   1.8498057E+01
    2.1578703E+01   2.5077461E+01   2.8962686E+01   3.3238691E+01   3.7899094E+01   4.2943342E+01   4.8368013E+01   5.4169776E+01
    6.0342928E+01   6.6880345E+01   7.3771944E+01   8.1003612E+01   8.8554798E+01   9.6396217E+01   1.0448581E+02   1.1276281E+02
    1.2113957E+02   1.2948975E+02   1.3763205E+02   1.4531026E+02   1.5216986E+02   1.5773831E+02   1.4334126E+12   2.5476061E+03
    7.1970379E+01   2.6939904E+01   2.5887842E+01   2.8712573E+01   3.4230931E+01   3.9813944E+01   4.6427244E+01   5.3937911E+01
    6.2294447E+01   7.1497352E+01   8.1533534E+01   9.2397643E+01   1.0408005E+02   1.1657013E+02   1.2985198E+02   1.4390444E+02
    1.5869724E+02   1.7418702E+02   1.9031030E+02   2.0697477E+02   2.2404544E+02   2.4132423E+02   2.5852125E+02   2.7521492E+02
    2.9080080E+02   3.0443657E+02   3.1499735E+02   3.2108218E+02   1.9121631E+12   5.1467261E+03   1.7697021E+02   6.7385399E+01
    6.2096169E+01   6.8366282E+01   8.0544188E+01   9.3684230E+01   1.0920551E+02   1.2686932E+02   1.4656342E+02   1.6826748E+02
    1.9194778E+02   2.1758271E+02   2.4514349E+02   2.7459632E+02   3.0589318E+02   3.3896764E+02   3.7372361E+02   4.1002065E+02
    4.4765092E+02   4.8630682E+02   5.2553138E+02   5.6464546E+02   6.0264687E+02   6.3807868E+02   6.6888111E+02   6.9227940E+02
    7.0480613E+02   7.0263368E+02   2.4853768E+12   1.1170908E+04   4.8501823E+02   1.9357283E+02   1.7058022E+02   1.8529447E+02
    2.1551688E+02   2.5035853E+02   2.9171262E+02   3.3894966E+02   3.9173933E+02   4.4996635E+02   5.1352255E+02   5.8232508E+02
    6.5627739E+02   7.3526207E+02   8.1911541E+02   9.0760486E+02   1.0003893E+03   1.0969619E+03   1.1965622E+03   1.2980471E+03
    1.3996952E+03   1.4989266E+03   1.5919296E+03   1.6732260E+03   1.7353070E+03   1.7686571E+03   1.7626695E+03   1.7079948E+03
    3.1752933E+12   2.6577732E+04   1.4681201E+03   6.4380067E+02   5.4858371E+02   5.8556298E+02   6.7207488E+02   7.7926822E+02
    9.0772122E+02   1.0551219E+03   1.2202525E+03   1.4025575E+03   1.6016220E+03   1.8171055E+03   2.0486348E+03   2.2957455E+03
    2.5577895E+03   2.8338272E+03   3.1224586E+03   3.4215706E+03   3.7279472E+03   4.0366850E+03   4.3403255E+03   4.6276554E+03
    4.8822417E+03   5.0810730E+03   5.1942857E+03   5.1877593E+03   5.0305516E+03   4.7073295E+03   3.9995425E+12   6.9842966E+04
    4.7795004E+03   2.3636529E+03   2.0076112E+03   2.1171549E+03   2.4071795E+03   2.7892593E+03   3.2507647E+03   3.7822252E+03
    4.3786578E+03   5.0375019E+03   5.7570081E+03   6.5356805E+03   7.3718939E+03   8.2635721E+03   9.2077746E+03   1.0200154E+04
    1.1234122E+04   1.2299576E+04   1.3380920E+04   1.4454094E+04   1.5482289E+04   1.6410405E+04   1.7159324E+04   1.7623268E+04
    1.7676845E+04   1.7200404E+04   1.6126456E+04   1.4491149E+04   4.9590748E+12   2.0003272E+05   1.6662885E+04   9.1430098E+03
    8.0315069E+03   8.4700316E+03   9.6011645E+03   1.1140569E+04   1.3005751E+04   1.5156504E+04   1.7571777E+04   2.0239933E+04
    2.3153190E+04   2.6304587E+04   2.9686362E+04   3.3288259E+04   3.7095420E+04   4.1085426E+04   4.5223690E+04   4.9456352E+04
    5.3699172E+04   5.7821071E+04   6.1621563E+04   6.4804833E+04   6.6961613E+04   6.7584660E+04   6.6156980E+04   6.2337533E+04
    5.6193132E+04   4.8318954E+04   5.9470494E+12   5.9880827E+05   6.0569855E+04   3.5775273E+04   3.2619290E+04   3.4887202E+04
    3.9768583E+04   4.6343717E+04   5.4271450E+04   6.3395171E+04   7.3632740E+04   8.4935373E+04   9.7269159E+04   1.1060185E+05
    1.2489556E+05   1.4009809E+05   1.5613183E+05   1.7287721E+05   1.9014658E+05   2.0764344E+05   2.2489908E+05   2.4118140E+05
    2.5537933E+05   2.6589677E+05   2.7065061E+05   2.6734479E+05   2.5418610E+05   2.3093641E+05   1.9966879E+05   1.6441104E+05
    6.6072499E+12   1.7596819E+06   2.1560864E+05   1.3433386E+05   1.2612372E+05   1.3728083E+05   1.5805411E+05   1.8535022E+05
    2.1796990E+05   2.5536348E+05   2.9724313E+05   3.4342841E+05   3.9378256E+05   4.4816604E+05   5.0640324E+05   5.6824186E+05
    6.3329638E+05   7.0096098E+05   7.7027009E+05   8.3967841E+05   9.0672556E+05   9.6757461E+05   1.0164968E+06   1.0455910E+06
    1.0453786E+06   1.0071384E+06   9.2715557E+05   8.1089193E+05   6.7322687E+05   5.3310236E+05   6.1934155E+12   4.4812150E+06
    6.5528430E+05   4.2761383E+05   4.1276121E+05   4.5729173E+05   5.3213331E+05   6.2826912E+05   7.4219312E+05   8.7228713E+05
    1.0176891E+06   1.1778352E+06   1.3522587E+06   1.5404441E+06   1.7416986E+06   1.9549868E+06   2.1786865E+06   2.4102012E+06
    2.6453318E+06   2.8772864E+06   3.0952134E+06   3.2823249E+06   3.4142319E+06   3.4592749E+06   3.3840006E+06   3.1662630E+06
    2.8122266E+06   2.3641491E+06   1.8872358E+06   1.4426869E+06   4.3973505E+12   8.4565793E+06   1.4435835E+06   9.9108317E+05
    9.8637490E+05   1.1126513E+06   1.3086426E+06   1.5554989E+06   1.8458544E+06   2.1762686E+06   2.5448505E+06   2.9502896E+06
    3.3913908E+06   3.8667141E+06   4.3742034E+06   4.9106736E+06   5.4710145E+06   6.0468937E+06   6.6246420E+06   7.1819614E+06
    7.6832861E+06   8.0746193E+06   8.2811853E+06   8.2153402E+06   7.8039122E+06   7.0333039E+06   5.9839183E+06   4.8134494E+06
    3.6896050E+06   2.7260758E+06   2.4151497E+12   1.1959276E+07   2.3544270E+06   1.7141402E+06   1.7627193E+06   2.0245785E+06
    2.4063103E+06   2.8791190E+06   3.4316190E+06   4.0583830E+06   4.7562914E+06   5.5230010E+06   6.3561215E+06   7.2525042E+06
    8.2073967E+06   9.2131869E+06   1.0257366E+07   1.1319149E+07   1.2363972E+07   1.3335209E+07   1.4143600E+07   1.4658843E+07
    1.4715793E+07   1.4155385E+07   1.2908774E+07   1.1082675E+07   8.9571460E+06   6.8650927E+06   5.0503638E+06   3.6129950E+06
    1.1652893E+12   1.4878522E+07   3.3835914E+06   2.6253452E+06   2.7900597E+06   3.2614320E+06   3.9162851E+06   4.7162093E+06
    5.6457427E+06   6.6972948E+06   7.8662141E+06   9.1486044E+06   1.0539968E+07   1.2033848E+07   1.3619998E+07   1.5281463E+07
    1.6989677E+07   1.8696251E+07   2.0319875E+07   2.1728048E+07   2.2718654E+07   2.3019822E+07   2.2344313E+07   2.0527165E+07
    1.7693044E+07   1.4289855E+07   1.0893630E+07   7.9418550E+06   5.6175932E+06   3.9039517E+06   5.4882205E+11   1.8233441E+07
    4.8236000E+06   3.9948108E+06   4.3821686E+06   5.2095677E+06   6.3179596E+06   7.6567671E+06   9.2051605E+06   1.0952481E+07
    1.2891568E+07   1.5015539E+07   1.7315381E+07   1.9777122E+07   2.2377543E+07   2.5076962E+07   2.7806800E+07   3.0448887E+07
    3.2804451E+07   3.4558250E+07   3.5265466E+07   3.4425701E+07   3.1711515E+07   2.7281501E+07   2.1876280E+07   1.6481921E+07
    1.1840483E+07   8.2426646E+06   5.6373322E+06   3.8261620E+06   2.7515687E+11   2.3513501E+07   7.2870735E+06   6.4321908E+06
    7.2697804E+06   8.7814314E+06   1.0751374E+07   1.3109341E+07   1.5825548E+07   1.8883778E+07   2.2271615E+07   2.5975038E+07
    2.9973392E+07   3.4232416E+07   3.8692661E+07   4.3249100E+07   4.7715807E+07   5.1769905E+07   5.4880428E+07   5.6268379E+07
    5.5022412E+07   5.0521439E+07   4.3048802E+07   3.3978813E+07   2.5091729E+07   1.7637538E+07   1.2017353E+07   8.0552153E+06
    5.3674846E+06   3.5792723E+06   1.5736779E+11   3.3277819E+07   1.2107938E+07   1.1352046E+07   1.3192977E+07   1.6177216E+07
    1.9984972E+07   2.4509321E+07   2.9703085E+07   3.5537906E+07   4.1987870E+07   4.9018308E+07   5.6572603E+07   6.4551020E+07
    7.2772874E+07   8.0908472E+07   8.8365520E+07   9.4135155E+07   9.6690535E+07   9.4218110E+07   8.5541140E+07   7.1440223E+07
    5.4878725E+07   3.9311700E+07   2.6815851E+07   1.7774836E+07   1.1627178E+07   7.5831910E+06   4.9619150E+06   3.2690023E+06
    1.0077724E+11   4.9958113E+07   2.1243634E+07   2.1067003E+07   2.5125456E+07   3.1243209E+07   3.8922863E+07   4.7993017E+07
    5.8373273E+07   7.0007565E+07   8.2832898E+07   9.6751355E+07   1.1158915E+08   1.2702330E+08   1.4244492E+08   1.5671889E+08
    1.6783603E+08   1.7265279E+08   1.6738673E+08   1.4976480E+08   1.2198614E+08   9.0705822E+07   6.2737781E+07   4.1388949E+07
    2.6627557E+07   1.6970574E+07   1.0820102E+07   6.9402353E+06   4.4919168E+06   2.9379476E+06   6.8769251E+10   7.5567991E+07
    3.7231937E+07   3.8892971E+07   4.7513089E+07   5.9856070E+07   7.5153653E+07   9.3131006E+07   1.1364654E+08   1.3658003E+08
    1.6176656E+08   1.8891816E+08   2.1748891E+08   2.4641607E+08   2.7363884E+08   2.9534219E+08   3.0527592E+08   2.9563067E+08
    2.6172452E+08   2.0863710E+08   1.5057316E+08   1.0076052E+08   6.4379784E+07   4.0235473E+07   2.4994360E+07   1.5579169E+07
    9.7933577E+06   6.2245748E+06   4.0046028E+06   2.6086662E+06   4.9614024E+10   1.1398562E+08   6.4385383E+07   7.0561964E+07
    8.8133712E+07   1.1237193E+08   1.4211089E+08   1.7691188E+08   2.1651520E+08   2.6064441E+08   3.0885119E+08   3.6028127E+08
    4.1322400E+08   4.6422743E+08   5.0657083E+08   5.2855958E+08   5.1453632E+08   4.5408723E+08   3.5676130E+08   2.5125304E+08
    1.6324763E+08   1.0122729E+08   6.1516276E+07   3.7256440E+07   2.2698077E+07   1.3977400E+07   8.7190694E+06   5.5140999E+06
    3.5357064E+06   2.2979848E+06   3.8431355E+10   1.7401806E+08   1.1146510E+08   1.2765750E+08   1.6272767E+08   2.0978270E+08
    2.6705444E+08   3.3382610E+08   4.0958333E+08   4.9363865E+08   5.8472251E+08   6.8024141E+08   7.7475981E+08   8.5712035E+08
    9.0650480E+08   8.9237073E+08   7.9074536E+08   6.1638962E+08   4.2551687E+08   2.6903622E+08   1.6201170E+08   9.5716308E+07
    5.6479894E+07   3.3604055E+07   2.0251948E+07   1.2386778E+07   7.6932670E+06   4.8514069E+06   3.1047392E+06   2.0151704E+06
    3.2201930E+10   2.5832085E+08   1.8395937E+08   2.1864363E+08   2.8353038E+08   3.6892601E+08   4.7223913E+08   5.9230857E+08
    7.2809816E+08   8.7794317E+08   1.0384750E+09   1.2024367E+09   1.3541660E+09   1.4620288E+09   1.4734363E+09   1.3350592E+09
    1.0541037E+09   7.2585751E+08   4.5168792E+08   2.6576661E+08   1.5306212E+08   8.8073540E+07   5.1169314E+07   3.0162941E+07
    1.8074688E+07   1.1015237E+07   6.8253320E+06   4.2973022E+06   2.7471585E+06   1.7817295E+06   3.0038773E+10   3.0797524E+08
    2.2951835E+08   2.7716672E+08   3.6207413E+08   4.7300302E+08   6.0688432E+08   7.6226024E+08   9.3768436E+08   1.1306601E+09
    1.3359582E+09   1.5420758E+09   1.7240150E+09   1.8324324E+09   1.7924480E+09   1.5493681E+09   1.1551640E+09   7.5473604E+08
    4.5211027E+08   2.5975501E+08   1.4753207E+08   8.4213663E+07   4.8698169E+07   2.8625635E+07   1.7123586E+07   1.0423962E+07
    6.4542111E+06   4.0616194E+06   2.5956002E+06   1.6830263E+06   2.9005655E+10   3.3504214E+08   2.5526362E+08   3.1064790E+08
    4.0726397E+08   5.3306559E+08   6.8472494E+08   8.6060975E+08   1.0590125E+09   1.2768884E+09   1.5077586E+09   1.7372373E+09
    1.9340142E+09   2.0372655E+09   1.9598337E+09   1.6521401E+09   1.1973180E+09   7.6360661E+08   4.4993087E+08   2.5594069E+08
    1.4453693E+08   8.2234474E+07   4.7462821E+07   2.7867340E+07   1.6658013E+07   1.0135861E+07   6.2739084E+06   3.9473365E+06
    2.5222050E+06   1.6352704E+06   2.8633805E+10   3.4429444E+08   2.6427009E+08   3.2244704E+08   4.2324292E+08   5.5434179E+08
    7.1232770E+08   8.9550611E+08   1.1020726E+09   1.3287759E+09   1.5686618E+09   1.8062430E+09   2.0078055E+09   2.1082540E+09
    2.0162742E+09   1.6851864E+09   1.2098188E+09   7.6561062E+08   4.4877830E+08   2.5449885E+08   1.4347011E+08   8.1545530E+07
    4.7037547E+07   2.7607851E+07   1.6499246E+07   1.0037823E+07   6.2126375E+06   3.9085359E+06   2.4973017E+06   1.6190738E+06
    1.1567652E+03   1.1902702E+03   1.2568434E+03   1.4010139E+03   1.7480806E+03   2.7299611E+03   6.3123761E+03   1.4257840E+04
    3.1536199E+04   6.8644960E+04   1.4778736E+05   3.1718295E+05   6.8290525E+05   1.4846455E+06   3.2449905E+06   6.9738261E+06
    1.5270328E+07   3.5044166E+07   8.3574577E+07   2.0444913E+08   4.0128170E+08   6.3436218E+08   7.9793089E+08   7.7826041E+08
    5.7963044E+08   3.6090084E+08   2.1499349E+08   1.8399186E+08   1.7088819E+08   1.6037455E+08   1.5370260E+08   1.5065124E+08
    1.5132333E+08   1.5641340E+08   1.6919125E+08   2.0140000E+08   2.7725894E+08   4.3723205E+08   7.9591461E+08   1.7077009E+09
    4.3943120E+09   1.3365083E+10   4.6509964E+10   1.7356375E+11   6.4400475E+11   2.0787763E+12   4.8992811E+12   8.4178309E+12
    1.2326353E+13   1.7264937E+13   2.4512490E+13   3.6249918E+13   5.4841189E+13   8.2625798E+13   1.2320258E+14   1.8310789E+14
    2.6216854E+14   3.0735765E+14   3.3199825E+14   3.4057515E+14
