  
  
    1   THI   1___   2___
 Down rate:


 Down rate

   2.0566E+00  2.0566E+00  2.0566E+00  2.0566E+00  2.0566E+00  2.0566E+00  2.0566E+00  2.0566E+00  2.0567E+00  2.0569E+00
   2.0571E+00  2.0575E+00  2.0583E+00  2.0596E+00  2.0618E+00  2.0654E+00  2.0712E+00  2.0804E+00  2.0942E+00  2.1140E+00
   2.1410E+00  2.1764E+00  2.2204E+00  2.2692E+00  2.3192E+00  2.3689E+00  2.4184E+00  2.4684E+00  2.5339E+00  2.6177E+00
   2.7028E+00  2.7245E+00  2.7291E+00  2.7335E+00  2.7397E+00  2.7476E+00  2.7575E+00  2.7696E+00  2.7877E+00  2.8125E+00
   2.8455E+00  2.8902E+00  2.9524E+00  3.0249E+00  3.1049E+00  3.1941E+00  3.2943E+00  3.4072E+00  3.5344E+00  3.6767E+00
   3.8346E+00  4.0098E+00  4.2049E+00  4.4228E+00  4.6668E+00  4.9421E+00  5.2551E+00  5.6124E+00  6.0219E+00  6.4923E+00
   7.0324E+00  7.6530E+00  8.3658E+00  9.1835E+00  1.0121E+01  1.1228E+01  1.2028E+01  1.2425E+01  1.2630E+01  1.2699E+01


 Up rate

   1.7225E-11  1.7909E-11  1.9359E-11  2.2617E-11  3.0857E-11  5.7396E-11  1.9032E-10  6.2947E-10  2.0660E-09  6.7235E-09
   2.1567E-08  6.7761E-08  2.0924E-07  6.3486E-07  1.8819E-06  5.4034E-06  1.4837E-05  3.9137E-05  9.7812E-05  2.2747E-04
   4.9146E-04  9.8345E-04  1.8221E-03  3.0352E-03  4.5746E-03  6.4120E-03  8.5596E-03  1.1064E-02  1.4833E-02  2.0421E-02
   2.6813E-02  2.8484E-02  2.8825E-02  2.9146E-02  2.9579E-02  3.0111E-02  3.0740E-02  3.1476E-02  3.2552E-02  3.4035E-02
   3.6082E-02  3.9043E-02  4.3573E-02  4.9507E-02  5.6973E-02  6.6581E-02  7.9177E-02  9.5939E-02  1.1849E-01  1.4901E-01
   1.9037E-01  2.4635E-01  3.2167E-01  4.2214E-01  5.5523E-01  7.3078E-01  9.6066E-01  1.2588E+00  1.6420E+00  2.1305E+00
   2.7483E+00  3.5262E+00  4.5001E+00  5.7114E+00  7.2089E+00  9.1077E+00  1.0556E+01  1.1296E+01  1.1684E+01  1.1814E+01


 Total # of down transitions

   3.9145E-08  4.0631E-08  4.3780E-08  5.0820E-08  6.8469E-08  1.2437E-07  3.9823E-07  1.2924E-06  4.2207E-06  1.3813E-05
   4.4883E-05  1.4323E-04  4.4919E-04  1.3799E-03  4.1079E-03  1.1841E-02  3.4020E-02  1.0425E-01  3.1408E-01  1.0225E+00
   3.1098E+00  8.6575E+00  3.2971E+01  1.1260E+02  2.6247E+02  4.1165E+02  4.2666E+02  3.7572E+02  3.6708E+02  4.2313E+02
   4.9397E+02  7.3735E+02  1.0735E+03  1.8002E+03  3.1798E+03  5.8485E+03  1.1007E+04  2.1216E+04  4.0546E+04  7.6801E+04
   1.4549E+05  2.7676E+05  5.2644E+05  9.0596E+05  1.4226E+06  2.1050E+06  2.9792E+06  4.0546E+06  5.3142E+06  6.7299E+06
   8.2689E+06  9.9571E+06  1.2010E+07  1.4876E+07  1.9152E+07  2.5738E+07  3.6042E+07  5.2544E+07  8.0421E+07  1.3062E+08
   2.2240E+08  3.8626E+08  6.7275E+08  1.1698E+09  2.0418E+09  3.6387E+09  5.2593E+09  6.2262E+09  6.7654E+09  6.9544E+09


 Total # of upward transitions

   3.3330E-13  3.5277E-13  3.9521E-13  4.9590E-13  7.8047E-13  1.9339E-12  1.1292E-11  6.6831E-11  3.9706E-10  2.3601E-09
   1.3888E-08  8.0045E-08  4.5469E-07  2.5533E-06  1.4107E-05  7.6234E-05  3.9672E-04  2.0231E-03  1.0177E-02  4.8171E-02
   2.1252E-01  8.9900E-01  3.5315E+00  1.2535E+01  3.6833E+01  6.9468E+01  7.8039E+01  7.3117E+01  7.8043E+01  1.0407E+02
   1.4723E+02  2.4163E+02  3.5817E+02  6.0531E+02  1.0569E+03  1.8827E+03  3.3899E+03  6.2294E+03  1.1478E+04  2.1792E+04
   4.2404E+04  8.3492E+04  1.6485E+05  2.9400E+05  4.7964E+05  7.4362E+05  1.1169E+06  1.6386E+06  2.3526E+06  3.3060E+06
   4.5365E+06  6.1039E+06  8.1838E+06  1.1151E+07  1.5578E+07  2.2393E+07  3.3059E+07  5.0065E+07  7.8534E+07  1.2930E+08
   2.2155E+08  3.8575E+08  6.7247E+08  1.1697E+09  2.0418E+09  3.6387E+09  5.2594E+09  6.2263E+09  6.7654E+09  6.9545E+09
  
  
    2   THeI   1s1s1Se   1s2s1Se
 Down rate:


 Down rate

   5.1908E+01  5.1908E+01  5.1908E+01  5.1908E+01  5.1908E+01  5.1908E+01  5.1909E+01  5.1909E+01  5.1910E+01  5.1911E+01
   5.1913E+01  5.1917E+01  5.1923E+01  5.1934E+01  5.1953E+01  5.1985E+01  5.2035E+01  5.2113E+01  5.2232E+01  5.2402E+01
   5.2634E+01  5.2934E+01  5.3308E+01  5.3720E+01  5.4138E+01  5.4553E+01  5.4965E+01  5.5380E+01  5.5923E+01  5.6617E+01
   5.7317E+01  5.7493E+01  5.7529E+01  5.7564E+01  5.7612E+01  5.7673E+01  5.7748E+01  5.7838E+01  5.7973E+01  5.8158E+01
   5.8405E+01  5.8743E+01  5.9223E+01  5.9791E+01  6.0429E+01  6.1152E+01  6.1976E+01  6.2915E+01  6.3982E+01  6.5185E+01
   6.6529E+01  6.8026E+01  6.9697E+01  7.1561E+01  7.3644E+01  7.5981E+01  7.8620E+01  8.1613E+01  8.5022E+01  8.8913E+01
   9.3349E+01  9.8405E+01  1.0416E+02  1.1071E+02  1.1814E+02  1.2684E+02  1.3308E+02  1.3616E+02  1.3775E+02  1.3828E+02


 Up rate

   8.6846E-13  9.0297E-13  9.7620E-13  1.1409E-12  1.5579E-12  2.9005E-12  9.6268E-12  3.1882E-11  1.0484E-10  3.4202E-10
   1.1008E-09  3.4739E-09  1.0789E-08  3.2971E-08  9.8554E-08  2.8552E-07  7.9094E-07  2.1063E-06  5.3206E-06  1.2490E-05
   2.7229E-05  5.4524E-05  1.0160E-04  1.7099E-04  2.5869E-04  3.6240E-04  4.8193E-04  6.1924E-04  8.2302E-04  1.1203E-03
   1.4495E-03  1.5301E-03  1.5463E-03  1.5612E-03  1.5812E-03  1.6057E-03  1.6346E-03  1.6685E-03  1.7186E-03  1.7892E-03
   1.8905E-03  2.0465E-03  2.3061E-03  2.6786E-03  3.1894E-03  3.9023E-03  4.9130E-03  6.3670E-03  8.4851E-03  1.1604E-02
   1.6238E-02  2.3175E-02  3.3606E-02  4.9367E-02  7.3358E-02  1.1008E-01  1.6626E-01  2.5176E-01  3.8059E-01  5.7179E-01
   8.5015E-01  1.2477E+00  1.8050E+00  2.5719E+00  3.6103E+00  5.0408E+00  6.2016E+00  6.8146E+00  7.1401E+00  7.2509E+00


 Total # of down transitions

   2.3420E-04  2.3879E-04  2.4825E-04  2.6823E-04  3.1289E-04  4.2504E-04  7.7130E-04  1.4118E-03  2.6090E-03  4.8712E-03
   9.1705E-03  1.7369E-02  3.3237E-02  6.4503E-02  1.2664E-01  2.4932E-01  4.7999E-01  9.1319E-01  1.8833E+00  3.9803E+00
   9.0503E+00  1.9567E+01  3.9066E+01  8.7695E+01  1.7449E+02  2.5027E+02  2.2569E+02  1.6517E+02  1.2978E+02  1.2700E+02
   1.3364E+02  1.8588E+02  2.6632E+02  4.3845E+02  7.5250E+02  1.3377E+03  2.4370E+03  4.5709E+03  8.5589E+03  1.6049E+04
   2.9864E+04  5.4800E+04  9.8912E+04  1.6130E+05  2.4116E+05  3.4144E+05  4.6418E+05  6.0805E+05  7.6589E+05  9.2433E+05
   1.0566E+06  1.1173E+06  1.0567E+06  8.7117E+05  6.2767E+05  4.1075E+05  2.5710E+05  1.6159E+05  1.0717E+05  7.8376E+04
   6.3243E+04  5.4512E+04  4.9174E+04  4.6269E+04  4.5834E+04  4.7935E+04  5.0294E+04  5.1583E+04  5.2212E+04  5.2404E+04


 Total # of upward transitions

   1.6132E-13  1.7079E-13  1.9144E-13  2.4054E-13  3.7958E-13  9.4503E-13  5.5594E-12  3.3097E-11  1.9749E-10  1.1778E-09
   6.9517E-09  4.0194E-08  2.2927E-07  1.2949E-06  7.2140E-06  3.9449E-05  2.0870E-04  1.0875E-03  5.5360E-03  2.6377E-02
   1.1590E-01  4.7153E-01  1.9449E+00  6.9809E+00  1.9309E+01  3.5305E+01  4.0084E+01  3.8498E+01  4.2956E+01  6.0490E+01
   8.8757E+01  1.4413E+02  2.1289E+02  3.5981E+02  6.3554E+02  1.1609E+03  2.1647E+03  4.1356E+03  7.8741E+03  1.4921E+04
   2.7787E+04  5.0470E+04  8.9629E+04  1.4470E+05  2.1540E+05  3.0358E+05  4.0891E+05  5.2795E+05  6.5177E+05  7.6847E+05
   8.5729E+05  8.8760E+05  8.3229E+05  6.9651E+05  5.2163E+05  3.5843E+05  2.3460E+05  1.5260E+05  1.0367E+05  7.7010E+04
   6.2709E+04  5.4311E+04  4.9102E+04  4.6245E+04  4.5825E+04  4.7931E+04  5.0292E+04  5.1581E+04  5.2210E+04  5.2401E+04
  
  
    3   THe2   1___   2___
 Down rate:


 Down rate

   1.3162E+02  1.3162E+02  1.3162E+02  1.3162E+02  1.3162E+02  1.3162E+02  1.3162E+02  1.3162E+02  1.3162E+02  1.3162E+02
   1.3162E+02  1.3163E+02  1.3163E+02  1.3164E+02  1.3166E+02  1.3168E+02  1.3172E+02  1.3178E+02  1.3187E+02  1.3201E+02
   1.3219E+02  1.3242E+02  1.3271E+02  1.3304E+02  1.3337E+02  1.3369E+02  1.3402E+02  1.3435E+02  1.3478E+02  1.3534E+02
   1.3589E+02  1.3603E+02  1.3606E+02  1.3609E+02  1.3612E+02  1.3617E+02  1.3623E+02  1.3630E+02  1.3640E+02  1.3654E+02
   1.3672E+02  1.3698E+02  1.3734E+02  1.3778E+02  1.3828E+02  1.3885E+02  1.3951E+02  1.4026E+02  1.4113E+02  1.4212E+02
   1.4323E+02  1.4449E+02  1.4591E+02  1.4750E+02  1.4930E+02  1.5133E+02  1.5364E+02  1.5628E+02  1.5929E+02  1.6274E+02
   1.6668E+02  1.7116E+02  1.7627E+02  1.8205E+02  1.8860E+02  1.9623E+02  2.0167E+02  2.0435E+02  2.0572E+02  2.0618E+02


 Up rate

   1.5748E-16  1.6374E-16  1.7702E-16  2.0686E-16  2.8238E-16  5.2592E-16  1.7487E-15  5.8049E-15  1.9149E-14  6.2745E-14
   2.0315E-13  6.4635E-13  2.0298E-12  6.2970E-12  1.9207E-11  5.7110E-11  1.6312E-10  4.5040E-10  1.1876E-09  2.9028E-09
   6.7028E-09  1.4347E-08  2.8564E-08  5.1356E-08  8.1910E-08  1.2066E-07  1.6654E-07  2.1776E-07  2.8877E-07  3.8417E-07
   4.7663E-07  4.9200E-07  4.9496E-07  4.9779E-07  5.0199E-07  5.0799E-07  5.1641E-07  5.2812E-07  5.4886E-07  5.8331E-07
   6.4052E-07  7.4099E-07  9.3083E-07  1.2422E-06  1.7415E-06  2.5819E-06  4.0679E-06  6.8156E-06  1.2120E-05  2.2711E-05
   4.4453E-05  8.9831E-05  1.8454E-04  3.7970E-04  7.8105E-04  1.6173E-03  3.3804E-03  7.0959E-03  1.4835E-02  3.0601E-02
   6.1737E-02  1.2119E-01  2.3066E-01  4.2480E-01  7.5658E-01  1.3237E+00  1.8643E+00  2.1757E+00  2.3478E+00  2.4078E+00


 Total # of down transitions

   2.8471E-08  2.9815E-08  3.2885E-08  4.0107E-08  5.9973E-08  1.3473E-07  6.1983E-07  2.7475E-06  1.1835E-05  4.9666E-05
   2.0172E-04  7.9438E-04  3.0685E-03  1.1713E-02  4.4263E-02  1.6333E-01  5.7017E-01  1.8647E+00  5.4936E+00  1.6882E+01
   5.5270E+01  1.7458E+02  5.6291E+02  1.6222E+03  3.8152E+03  6.5904E+03  7.9163E+03  7.5563E+03  6.5262E+03  6.1704E+03
   6.4251E+03  5.3752E+03  5.8281E+03  7.0070E+03  8.6528E+03  1.1029E+04  1.4432E+04  1.9445E+04  2.6626E+04  3.7507E+04
   5.5168E+04  8.7570E+04  1.5771E+05  2.9980E+05  5.9003E+05  1.2232E+06  2.6955E+06  6.3164E+06  1.5591E+07  3.9568E+07
   9.9286E+07  2.3379E+08  4.8468E+08  8.4303E+08  1.2384E+09  1.6194E+09  1.9978E+09  2.4300E+09  3.0196E+09  3.9360E+09
   5.3669E+09  7.4878E+09  1.0539E+10  1.4922E+10  2.1382E+10  3.1381E+10  4.0218E+10  4.5083E+10  4.7682E+10  4.8574E+10


 Total # of upward transitions

   1.4669E-11  1.5553E-11  1.7484E-11  2.2091E-11  3.5248E-11  8.9673E-11  5.4600E-10  3.3237E-09  2.0084E-08  1.2046E-07
   7.1191E-07  4.1130E-06  2.3416E-05  1.3182E-04  7.3082E-04  3.9541E-03  2.0440E-02  1.0238E-01  4.9424E-01  2.1980E+00
   9.2145E+00  3.5816E+01  1.2981E+02  4.1021E+02  1.0442E+03  1.9888E+03  2.7520E+03  3.2896E+03  4.2562E+03  6.1900E+03
   8.5477E+03  1.0800E+04  1.3098E+04  1.7018E+04  2.2684E+04  3.0928E+04  4.2906E+04  6.0798E+04  8.7849E+04  1.3061E+05
   2.0143E+05  3.2839E+05  5.8386E+05  1.0521E+06  1.9088E+06  3.5701E+06  6.9702E+06  1.4244E+07  3.0351E+07  6.6566E+07
   1.4673E+08  3.1164E+08  5.9937E+08  9.8958E+08  1.3987E+09  1.7723E+09  2.1288E+09  2.5314E+09  3.0893E+09  3.9789E+09
   5.3917E+09  7.5004E+09  1.0542E+10  1.4918E+10  2.1374E+10  3.1372E+10  4.0209E+10  4.5073E+10  4.7671E+10  4.8548E+10
            0     [N_ITS]              Number of hydro iterations remaining
            3     [ITS_DONE]           Number of hydro iterations completed
           15     [STRT_ITS]           Iteration to start first hydro iteration
           10     [FREQ_ITS]           Frequency for hydro iterations
   SPECIFY        [OB_OPT]             Outer boundary option: POW, SPECIFY, DEFAULT, NONE
            4     [NOB_PARS]           Number of outer boudary parameters
  3.10000E+01     [OB_P1]              Paremeters for outer boundary condition
  1.03300E+01     [OB_P2]              Paremeters for outer boundary condition
  4.42900E+00     [OB_P3]              Paremeters for outer boundary condition
  2.06700E+00     [OB_P4]              Paremeters for outer boundary condition
