
   70                    !Number of depth points
 
 !Electron density
    3.132E+05   3.200E+05   3.339E+05   3.637E+05   4.313E+05   6.065E+05   1.175E+06   2.274E+06   4.400E+06   8.510E+06
    1.642E+07   3.159E+07   6.064E+07   1.163E+08   2.234E+08   4.299E+08   8.309E+08   1.613E+09   3.128E+09   6.176E+09
    1.244E+10   2.413E+10   4.174E+10   6.640E+10   8.960E+10   9.029E+10   7.711E+10   6.892E+10   6.885E+10   7.614E+10
    9.174E+10   1.157E+11   1.549E+11   2.125E+11   2.966E+11   4.209E+11   6.030E+11   8.699E+11   1.262E+12   1.797E+12
    2.464E+12   3.298E+12   4.347E+12   5.679E+12   7.376E+12   9.541E+12   1.230E+13   1.578E+13   2.014E+13   2.552E+13
    3.206E+13   3.978E+13   4.860E+13   5.821E+13   6.815E+13   7.803E+13   8.807E+13   9.896E+13   1.135E+14   1.384E+14
    1.797E+14   2.461E+14   3.505E+14   5.060E+14   7.265E+14   1.034E+15   1.477E+15   1.710E+15   1.838E+15   1.884E+15
 
 !Radius (10^10cm)
    2.916E+04   2.885E+04   2.824E+04   2.707E+04   2.486E+04   2.098E+04   1.510E+04   1.088E+04   7.847E+03   5.668E+03
    4.105E+03   2.985E+03   2.179E+03   1.598E+03   1.179E+03   8.766E+02   6.585E+02   5.021E+02   3.908E+02   3.119E+02
    2.572E+02   2.234E+02   2.052E+02   1.944E+02   1.876E+02   1.832E+02   1.803E+02   1.784E+02   1.771E+02   1.765E+02
    1.761E+02   1.760E+02   1.758E+02   1.757E+02   1.755E+02   1.754E+02   1.752E+02   1.750E+02   1.747E+02   1.745E+02
    1.743E+02   1.741E+02   1.739E+02   1.737E+02   1.734E+02   1.732E+02   1.730E+02   1.727E+02   1.725E+02   1.722E+02
    1.719E+02   1.716E+02   1.713E+02   1.710E+02   1.706E+02   1.702E+02   1.697E+02   1.690E+02   1.683E+02   1.673E+02
    1.662E+02   1.649E+02   1.637E+02   1.624E+02   1.611E+02   1.599E+02   1.586E+02   1.580E+02   1.578E+02   1.577E+02
 
 !Temperature (10^4 K)
    9.189E-01   9.204E-01   9.232E-01   9.292E-01   9.420E-01   9.710E-01   1.036E+00   1.102E+00   1.157E+00   1.197E+00
    1.224E+00   1.245E+00   1.265E+00   1.291E+00   1.329E+00   1.388E+00   1.479E+00   1.580E+00   1.655E+00   1.752E+00
    1.859E+00   1.974E+00   2.066E+00   2.127E+00   2.153E+00   2.151E+00   2.127E+00   2.094E+00   2.053E+00   2.005E+00
    1.969E+00   1.941E+00   1.925E+00   1.912E+00   1.905E+00   1.901E+00   1.894E+00   1.880E+00   1.862E+00   1.848E+00
    1.844E+00   1.852E+00   1.868E+00   1.892E+00   1.922E+00   1.959E+00   2.005E+00   2.061E+00   2.127E+00   2.207E+00
    2.302E+00   2.413E+00   2.542E+00   2.688E+00   2.850E+00   3.030E+00   3.229E+00   3.450E+00   3.693E+00   3.966E+00
    4.275E+00   4.623E+00   5.011E+00   5.440E+00   5.913E+00   6.431E+00   7.012E+00   7.268E+00   7.399E+00   7.444E+00
 
   1.     HYD                           !Atomic Number and descriptor.
    1.000E+00   1.000E+00   1.000E+00   1.000E+00   1.000E+00   1.000E+00   1.000E+00   1.000E+00   1.000E+00   1.000E+00
    1.000E+00   1.000E+00   1.000E+00   1.000E+00   1.000E+00   1.000E+00   1.000E+00   1.000E+00   1.000E+00   1.000E+00
    1.000E+00   1.000E+00   1.000E+00   1.000E+00   1.000E+00   1.000E+00   1.000E+00   1.000E+00   1.000E+00   1.000E+00
    1.000E+00   1.000E+00   1.000E+00   1.000E+00   1.000E+00   1.000E+00   1.000E+00   1.000E+00   1.000E+00   1.000E+00
    1.000E+00   1.000E+00   1.000E+00   1.000E+00   1.000E+00   1.000E+00   1.000E+00   1.000E+00   1.000E+00   1.000E+00
    1.000E+00   1.000E+00   1.000E+00   1.000E+00   1.000E+00   1.000E+00   1.000E+00   1.000E+00   1.000E+00   1.000E+00
    1.000E+00   1.000E+00   1.000E+00   1.000E+00   1.000E+00   1.000E+00   1.000E+00   1.000E+00   1.000E+00   1.000E+00
 
   2.     HE                            !Atomic Number and descriptor.
    1.011E+00   1.011E+00   1.011E+00   1.011E+00   1.011E+00   1.011E+00   1.012E+00   1.013E+00   1.014E+00   1.015E+00
    1.015E+00   1.015E+00   1.016E+00   1.016E+00   1.016E+00   1.016E+00   1.016E+00   1.017E+00   1.016E+00   1.016E+00
    1.014E+00   1.012E+00   1.009E+00   1.006E+00   1.003E+00   1.001E+00   1.001E+00   1.000E+00   1.000E+00   1.000E+00
    1.000E+00   1.000E+00   1.000E+00   1.000E+00   9.999E-01   9.999E-01   9.998E-01   9.998E-01   9.997E-01   9.997E-01
    9.997E-01   9.996E-01   9.996E-01   9.996E-01   9.996E-01   9.996E-01   9.996E-01   9.997E-01   9.998E-01   9.999E-01
    1.000E+00   1.001E+00   1.004E+00   1.013E+00   1.043E+00   1.135E+00   1.351E+00   1.646E+00   1.853E+00   1.944E+00
    1.979E+00   1.991E+00   1.996E+00   1.998E+00   1.999E+00   1.999E+00   2.000E+00   2.000E+00   2.000E+00   2.000E+00
 
   6.     CARB                          !Atomic Number and descriptor.
    2.060E+00   2.060E+00   2.060E+00   2.061E+00   2.061E+00   2.063E+00   2.067E+00   2.070E+00   2.073E+00   2.075E+00
    2.077E+00   2.078E+00   2.080E+00   2.082E+00   2.085E+00   2.091E+00   2.099E+00   2.110E+00   2.122E+00   2.136E+00
    2.146E+00   2.153E+00   2.140E+00   2.108E+00   2.083E+00   2.079E+00   2.082E+00   2.078E+00   2.065E+00   2.048E+00
    2.034E+00   2.024E+00   2.016E+00   2.011E+00   2.007E+00   2.004E+00   2.002E+00   2.001E+00   2.000E+00   1.999E+00
    1.998E+00   1.998E+00   1.998E+00   1.998E+00   1.998E+00   1.999E+00   2.001E+00   2.003E+00   2.008E+00   2.017E+00
    2.037E+00   2.083E+00   2.185E+00   2.378E+00   2.627E+00   2.829E+00   2.943E+00   3.023E+00   3.155E+00   3.405E+00
    3.689E+00   3.866E+00   3.945E+00   3.976E+00   3.989E+00   3.995E+00   3.997E+00   3.998E+00   3.998E+00   3.998E+00
 
   7.     NIT                           !Atomic Number and descriptor.
    2.161E+00   2.161E+00   2.161E+00   2.161E+00   2.162E+00   2.162E+00   2.164E+00   2.165E+00   2.166E+00   2.167E+00
    2.168E+00   2.168E+00   2.169E+00   2.170E+00   2.171E+00   2.171E+00   2.172E+00   2.171E+00   2.168E+00   2.163E+00
    2.149E+00   2.122E+00   2.091E+00   2.060E+00   2.039E+00   2.030E+00   2.025E+00   2.021E+00   2.016E+00   2.011E+00
    2.007E+00   2.004E+00   2.001E+00   1.998E+00   1.995E+00   1.993E+00   1.991E+00   1.988E+00   1.986E+00   1.985E+00
    1.983E+00   1.981E+00   1.981E+00   1.980E+00   1.981E+00   1.982E+00   1.984E+00   1.987E+00   1.990E+00   1.994E+00
    2.000E+00   2.010E+00   2.034E+00   2.093E+00   2.230E+00   2.474E+00   2.734E+00   2.894E+00   2.970E+00   3.032E+00
    3.168E+00   3.440E+00   3.733E+00   3.925E+00   4.090E+00   4.337E+00   4.635E+00   4.734E+00   4.776E+00   4.789E+00
 
   8.     OXY                           !Atomic Number and descriptor.
    2.005E+00   2.005E+00   2.005E+00   2.005E+00   2.006E+00   2.007E+00   2.008E+00   2.009E+00   2.010E+00   2.011E+00
    2.012E+00   2.012E+00   2.012E+00   2.012E+00   2.013E+00   2.013E+00   2.014E+00   2.015E+00   2.015E+00   2.014E+00
    2.011E+00   2.006E+00   2.000E+00   1.994E+00   1.989E+00   1.988E+00   1.990E+00   1.990E+00   1.989E+00   1.987E+00
    1.984E+00   1.979E+00   1.972E+00   1.962E+00   1.949E+00   1.932E+00   1.912E+00   1.891E+00   1.868E+00   1.847E+00
    1.831E+00   1.821E+00   1.816E+00   1.819E+00   1.828E+00   1.844E+00   1.866E+00   1.892E+00   1.919E+00   1.944E+00
    1.964E+00   1.980E+00   1.992E+00   2.006E+00   2.037E+00   2.125E+00   2.336E+00   2.635E+00   2.850E+00   2.952E+00
    3.017E+00   3.134E+00   3.380E+00   3.679E+00   3.882E+00   4.014E+00   4.193E+00   4.299E+00   4.359E+00   4.380E+00
 
  14.     SIL                           !Atomic Number and descriptor.
    2.800E+00   2.801E+00   2.801E+00   2.802E+00   2.804E+00   2.810E+00   2.820E+00   2.830E+00   2.838E+00   2.843E+00
    2.847E+00   2.849E+00   2.853E+00   2.860E+00   2.876E+00   2.915E+00   2.988E+00   3.072E+00   3.127E+00   3.153E+00
    3.166E+00   3.172E+00   3.180E+00   3.169E+00   3.160E+00   3.160E+00   3.150E+00   3.120E+00   3.080E+00   3.045E+00
    3.023E+00   3.005E+00   2.990E+00   2.974E+00   2.960E+00   2.947E+00   2.934E+00   2.921E+00   2.908E+00   2.896E+00
    2.890E+00   2.891E+00   2.896E+00   2.905E+00   2.917E+00   2.930E+00   2.945E+00   2.960E+00   2.977E+00   2.997E+00
    3.027E+00   3.083E+00   3.196E+00   3.394E+00   3.637E+00   3.828E+00   3.930E+00   3.973E+00   3.989E+00   3.995E+00
    3.998E+00   3.999E+00   3.999E+00   4.000E+00   4.000E+00   4.000E+00   4.000E+00   4.000E+00   4.000E+00   4.000E+00
 
  26.     IRON                          !Atomic Number and descriptor.
    3.020E+00   3.020E+00   3.020E+00   3.021E+00   3.022E+00   3.026E+00   3.035E+00   3.046E+00   3.057E+00   3.066E+00
    3.074E+00   3.081E+00   3.089E+00   3.100E+00   3.116E+00   3.140E+00   3.167E+00   3.190E+00   3.203E+00   3.207E+00
    3.189E+00   3.146E+00   3.111E+00   3.067E+00   3.038E+00   3.022E+00   3.014E+00   3.009E+00   3.005E+00   3.002E+00
    2.999E+00   2.996E+00   2.993E+00   2.989E+00   2.983E+00   2.977E+00   2.970E+00   2.961E+00   2.952E+00   2.944E+00
    2.937E+00   2.933E+00   2.931E+00   2.932E+00   2.936E+00   2.941E+00   2.949E+00   2.958E+00   2.968E+00   2.977E+00
    2.986E+00   2.996E+00   3.010E+00   3.044E+00   3.134E+00   3.340E+00   3.631E+00   3.851E+00   3.963E+00   4.060E+00
    4.252E+00   4.559E+00   4.810E+00   4.949E+00   5.063E+00   5.261E+00   5.554E+00   5.666E+00   5.715E+00   5.731E+00
