!
!        Log(Tau)       T/T(grey)       T(10^4 K)      L
!
          70
     -4.935607E+00    7.296923E+00    1.057671E+00      1
     -4.931256E+00    7.281251E+00    1.060476E+00      2
     -4.922548E+00    7.249945E+00    1.066107E+00      3
     -4.905162E+00    7.187810E+00    1.077435E+00      4
     -4.870412E+00    7.064049E+00    1.100261E+00      5
     -4.800797E+00    6.811623E+00    1.145612E+00      6
     -4.666445E+00    6.278929E+00    1.224527E+00      7
     -4.532941E+00    5.692422E+00    1.285877E+00      8
     -4.399823E+00    5.090154E+00    1.331211E+00      9
     -4.267072E+00    4.511327E+00    1.365108E+00     10
     -4.135127E+00    3.983604E+00    1.392761E+00     11
     -4.004308E+00    3.519046E+00    1.418465E+00     12
     -3.874540E+00    3.117142E+00    1.444795E+00     13
     -3.745479E+00    2.772613E+00    1.473574E+00     14
     -3.616596E+00    2.477761E+00    1.505742E+00     15
     -3.487129E+00    2.221217E+00    1.539055E+00     16
     -3.357179E+00    1.994321E+00    1.569000E+00     17
     -3.227553E+00    1.794805E+00    1.593389E+00     18
     -3.098289E+00    1.631141E+00    1.623064E+00     19
     -2.968221E+00    1.502020E+00    1.663194E+00     20
     -2.838200E+00    1.399566E+00    1.708773E+00     21
     -2.707607E+00    1.335100E+00    1.780571E+00     22
     -2.575658E+00    1.308493E+00    1.888241E+00     23
     -2.445819E+00    1.282026E+00    1.979169E+00     24
     -2.326581E+00    1.253466E+00    2.042183E+00     25
     -2.216872E+00    1.217057E+00    2.071693E+00     26
     -2.114023E+00    1.177569E+00    2.080125E+00     27
     -2.015195E+00    1.142772E+00    2.085393E+00     28
     -1.916985E+00    1.115275E+00    2.096824E+00     29
     -1.797817E+00    1.087498E+00    2.116647E+00     30
     -1.678125E+00    1.057887E+00    2.139509E+00     31
     -1.615893E+00    1.031725E+00    2.135498E+00     32
     -1.609115E+00    1.022768E+00    2.122467E+00     33
     -1.603706E+00    1.014555E+00    2.108767E+00     34
     -1.596905E+00    1.007501E+00    2.097307E+00     35
     -1.586243E+00    1.001094E+00    2.087899E+00     36
     -1.569382E+00    9.946218E-01    2.079359E+00     37
     -1.544248E+00    9.866340E-01    2.068763E+00     38
     -1.508397E+00    9.764328E-01    2.054838E+00     39
     -1.458395E+00    9.652871E-01    2.040703E+00     40
     -1.389338E+00    9.556232E-01    2.032408E+00     41
     -1.296344E+00    9.499331E-01    2.036729E+00     42
     -1.177396E+00    9.493592E-01    2.058181E+00     43
     -1.048960E+00    9.531193E-01    2.094524E+00     44
     -9.208126E-01    9.595558E-01    2.142057E+00     45
     -7.924349E-01    9.678274E-01    2.200697E+00     46
     -6.638801E-01    9.774428E-01    2.271139E+00     47
     -5.351934E-01    9.880254E-01    2.354512E+00     48
     -4.063981E-01    9.991320E-01    2.451943E+00     49
     -2.775098E-01    1.010131E+00    2.564166E+00     50
     -1.485244E-01    1.019899E+00    2.690545E+00     51
     -1.945534E-02    1.027000E+00    2.829125E+00     52
      1.096327E-01    1.030887E+00    2.979570E+00     53
      2.386601E-01    1.031720E+00    3.142933E+00     54
      3.675805E-01    1.029495E+00    3.319325E+00     55
      4.963844E-01    1.025028E+00    3.511099E+00     56
      6.251356E-01    1.019887E+00    3.723596E+00     57
      7.540016E-01    1.015133E+00    3.961558E+00     58
      8.830615E-01    1.011108E+00    4.227707E+00     59
      1.012253E+00    1.007924E+00    4.524034E+00     60
      1.141466E+00    1.005533E+00    4.852010E+00     61
      1.270681E+00    1.003763E+00    5.212893E+00     62
      1.399907E+00    1.002485E+00    5.608318E+00     63
      1.529150E+00    1.001547E+00    6.039892E+00     64
      1.658372E+00    1.000862E+00    6.509563E+00     65
      1.787517E+00    1.000373E+00    7.019584E+00     66
      1.919601E+00    1.000026E+00    7.586162E+00     67
      1.967200E+00    1.000011E+00    7.802737E+00     68
      1.991001E+00    1.000008E+00    7.913456E+00     69
      1.998934E+00    1.000095E+00    7.951293E+00     70
