       R              V     % Error        VdVdR      dPdR/ROH         g_TOT         g_RAD        g_ELEC       Gamma
 29124.482007   1.9249E+03   198.31    1.5334E+00   -6.6224E-03   -2.9218E-02    6.7688E-03    6.7184E-03       0.19
 28827.804383   1.9246E+03   198.33    1.5667E+00   -6.7050E-03   -2.9825E-02    6.9056E-03    6.8543E-03       0.19
 28243.208047   1.9242E+03   198.33    1.6337E+00   -6.9905E-03   -3.1073E-02    7.1945E-03    7.1411E-03       0.19
 27110.768754   1.9231E+03   198.32    1.7719E+00   -7.6052E-03   -3.3723E-02    7.8081E-03    7.7503E-03       0.19
 24983.110339   1.9210E+03   198.31    2.0863E+00   -9.0448E-03   -3.9712E-02    9.1946E-03    9.1271E-03       0.19
 21219.972545   1.9163E+03   198.33    2.9790E+00   -1.2757E-02   -5.5045E-02    1.2745E-02    1.2653E-02       0.19
 15473.065326   1.9047E+03   198.99    5.8384E+00   -1.5028E-02   -1.0353E-01    2.3970E-02    2.3803E-02       0.19
 11291.384903   1.8887E+03   199.21    1.0860E+01   -2.1766E-02   -1.9441E-01    4.5014E-02    4.4710E-02       0.19
  8256.902357   1.8671E+03   199.39    1.9967E+01   -3.1053E-02   -3.6355E-01    8.4189E-02    8.3635E-02       0.19
  6053.179125   1.8378E+03   199.53    3.6312E+01   -4.3708E-02   -6.7641E-01    1.5667E-01    1.5566E-01       0.19
  4456.067963   1.7987E+03   199.63    6.4880E+01   -6.1097E-02   -1.2481E+00    2.8917E-01    2.8730E-01       0.19
  3299.918488   1.7473E+03   199.70    1.1281E+02   -8.5249E-02   -2.2757E+00    5.2746E-01    5.2402E-01       0.19
  2460.435143   1.6809E+03   199.75    1.8790E+02   -1.1870E-01   -4.0932E+00    9.4917E-01    9.4287E-01       0.19
  1848.446207   1.5979E+03   199.79    3.0247E+02   -1.6539E-01   -7.2514E+00    1.6825E+00    1.6711E+00       0.19
  1399.465600   1.4952E+03   199.81    4.7546E+02   -2.3043E-01   -1.2649E+01    2.9371E+00    2.9164E+00       0.19
  1069.349818   1.3686E+03   199.83    7.2518E+02   -3.2225E-01   -2.1660E+01    5.0342E+00    4.9970E+00       0.19
   827.101122   1.2142E+03   199.83    1.0094E+03   -4.5425E-01   -3.6199E+01    8.4223E+00    8.3564E+00       0.19
   651.213712   1.0432E+03   199.80    1.2557E+03   -6.4495E-01   -5.8382E+01    1.3598E+01    1.3486E+01       0.19
   523.017278   8.6727E+02   199.76    1.4548E+03   -9.4376E-01   -9.0491E+01    2.1099E+01    2.0916E+01       0.19
   428.943053   6.8841E+02   199.67    1.5194E+03   -1.3485E+00   -1.3451E+02    3.1395E+01    3.1107E+01       0.19
   360.087283   5.2102E+02   199.51    1.3966E+03   -1.9400E+00   -1.9083E+02    4.4592E+01    4.4146E+01       0.19
   309.689512   3.7673E+02   199.22    1.1401E+03   -2.7417E+00   -2.5791E+02    6.0363E+01    5.9680E+01       0.19
   273.587244   2.6325E+02   198.79    8.4103E+02   -3.5438E+00   -3.3029E+02    7.7522E+01    7.6451E+01       0.19
   248.682781   1.8280E+02   198.54    5.7727E+02   -3.5766E+00   -3.9948E+02    9.4107E+01    9.2503E+01       0.19
   230.588742   1.2662E+02   199.04    3.7513E+02   -2.0188E+00   -4.6453E+02    1.0956E+02    1.0757E+02       0.19
   216.957107   8.7696E+01   200.00    2.3327E+02    2.3245E-01   -5.2501E+02    1.2349E+02    1.2150E+02       0.19
   206.179442   6.0692E+01   200.00    1.3796E+02    1.0300E+00   -5.8167E+02    1.3640E+02    1.3453E+02       0.19
   197.090577   4.1815E+01   199.56    7.3823E+01   -7.8907E-01   -6.3672E+02    1.4911E+02    1.4723E+02       0.19
   188.405551   2.9067E+01   198.31    3.3942E+01   -3.0917E+00   -6.9679E+02    1.6316E+02    1.6112E+02       0.19
   180.140931   2.1776E+01   197.11    3.8420E+01   -5.8182E+00   -7.6207E+02    1.7859E+02    1.7625E+02       0.19
   177.224163   1.5494E+01   190.78    6.6745E+01   -2.0133E+01   -7.8687E+02    1.8501E+02    1.8210E+02       0.19
   176.677231   1.1057E+01   155.69    1.3314E+02   -1.1513E+02   -7.9099E+02    1.8691E+02    1.8323E+02       0.19
   176.416137   7.4234E+00   130.46    8.0494E+01   -1.8362E+02   -7.9205E+02    1.8875E+02    1.8378E+02       0.19
   176.100742   5.1747E+00   133.48    3.0152E+01   -1.6423E+02   -7.9323E+02    1.9109E+02    1.8443E+02       0.19
   175.733497   3.5921E+00   132.88    1.3177E+01   -1.6282E+02   -7.9438E+02    1.9405E+02    1.8521E+02       0.20
   175.369350   2.4878E+00   128.57    6.5480E+00   -1.7422E+02   -7.9487E+02    1.9767E+02    1.8597E+02       0.20
   175.033420   1.7277E+00   123.97    3.3581E+00   -1.8719E+02   -7.9424E+02    2.0212E+02    1.8669E+02       0.20
   174.710639   1.1992E+00   119.77    1.7013E+00   -1.9922E+02   -7.9226E+02    2.0778E+02    1.8738E+02       0.21
   174.408528   8.3239E-01   113.53    8.8204E-01   -2.1771E+02   -7.8845E+02    2.1506E+02    1.8804E+02       0.21
   174.130666   5.7744E-01   105.49    4.6373E-01   -2.4217E+02   -7.8233E+02    2.2438E+02    1.8865E+02       0.22
   173.877875   4.0075E-01    96.26    2.4486E-01   -2.7096E+02   -7.7353E+02    2.3612E+02    1.8922E+02       0.23
   173.647032   2.7826E-01    86.87    1.2808E-01   -3.0047E+02   -7.6181E+02    2.5052E+02    1.8976E+02       0.25
   173.430932   1.9301E-01    78.97    6.5063E-02   -3.2420E+02   -7.4718E+02    2.6768E+02    1.9028E+02       0.26
   173.219649   1.3364E-01    76.33    3.1173E-02   -3.2681E+02   -7.3020E+02    2.8713E+02    1.9080E+02       0.28
   173.006054   9.4129E-02    79.53    1.4274E-02   -3.0751E+02   -7.1353E+02    3.0631E+02    1.9136E+02       0.30
   172.802025   6.9686E-02    75.08    7.4044E-03   -3.1793E+02   -7.0010E+02    3.2215E+02    1.9191E+02       0.32
   172.607102   5.1498E-02    80.21    3.8170E-03   -2.9234E+02   -6.8383E+02    3.4074E+02    1.9249E+02       0.33
   172.414783   4.0884E-02    90.90    1.8923E-03   -2.5319E+02   -6.7514E+02    3.5171E+02    1.9312E+02       0.34
   172.213967   3.3456E-02    95.41    1.0887E-03   -2.3686E+02   -6.6897E+02    3.6028E+02    1.9387E+02       0.35
   172.000043   2.7508E-02    96.92    6.7366E-04   -2.2966E+02   -6.6152E+02    3.7029E+02    1.9478E+02       0.36
   171.770944   2.2711E-02    98.50    4.1734E-04   -2.2208E+02   -6.5309E+02    3.8147E+02    1.9595E+02       0.37
   171.523790   1.8853E-02   100.66    2.5695E-04   -2.1275E+02   -6.4389E+02    3.9366E+02    1.9750E+02       0.38
   171.255484   1.5772E-02   104.26    1.5608E-04   -1.9944E+02   -6.3378E+02    4.0702E+02    1.9966E+02       0.39
   170.962681   1.3381E-02   110.08    9.2594E-05   -1.8060E+02   -6.2277E+02    4.2160E+02    2.0278E+02       0.40
   170.640581   1.1594E-02   118.15    5.3035E-05   -1.5708E+02   -6.1054E+02    4.3777E+02    2.0738E+02       0.42
   170.280296   1.0338E-02   127.59    2.8316E-05   -1.3131E+02   -5.9404E+02    4.5872E+02    2.1444E+02       0.44
   169.864622   9.5579E-03   135.38    1.3815E-05   -1.0887E+02   -5.6505E+02    4.9287E+02    2.2564E+02       0.47
   169.363070   9.0944E-03   136.63    8.3711E-06   -9.9598E+01   -5.2910E+02    5.3510E+02    2.4075E+02       0.50
   168.731608   8.5161E-03   130.73    9.3902E-06   -1.1001E+02   -5.2520E+02    5.4697E+02    2.5356E+02       0.51
   167.937386   7.4537E-03   122.71    1.0424E-05   -1.3130E+02   -5.4819E+02    5.3414E+02    2.6017E+02       0.49
   166.993974   6.0661E-03   115.83    8.5115E-06   -1.5335E+02   -5.7538E+02    5.1922E+02    2.6251E+02       0.47
   165.941684   4.6691E-03   109.46    5.6869E-06   -1.7669E+02   -6.0396E+02    5.0456E+02    2.6186E+02       0.46
   164.821431   3.4353E-03   104.14    3.3513E-06   -2.0005E+02   -6.3472E+02    4.8893E+02    2.5905E+02       0.44
   163.673711   2.4636E-03   100.30    1.7972E-06   -2.2011E+02   -6.6298E+02    4.7648E+02    2.5719E+02       0.42
   162.524567   1.7601E-03    97.35    9.1819E-07   -2.3714E+02   -6.8695E+02    4.6868E+02    2.5749E+02       0.41
   161.378100   1.2655E-03    94.76    4.6533E-07   -2.5331E+02   -7.0947E+02    4.6264E+02    2.5771E+02       0.39
   160.226382   9.1568E-04    99.07    2.3612E-07   -2.4686E+02   -7.3150E+02    4.5752E+02    2.5660E+02       0.38
   159.535161   7.5648E-04    96.83    1.5779E-07   -2.5925E+02   -7.4592E+02    4.5343E+02    2.5454E+02       0.38
   159.187468   6.8775E-04    94.24    1.2897E-07   -2.6858E+02   -7.4722E+02    4.5737E+02    2.5605E+02       0.38
   159.071262   6.6635E-04    92.24    1.2044E-07   -2.7570E+02   -7.4773E+02    4.5862E+02    2.5691E+02       0.38
  
 Momentum equation is: VdV/dr = - dPdR/ROH - g + g_RAD
         or          : VdV/dr = - dPdR/ROH + g_tot
  
 Error is 200.0D0*(VdVdR+dPdR_ON_ROH-g_TOT)/( ABS(VdVdR)+ ABS(dPdR_ON_ROH)+ ABS(g_TOT) )
  
 Gamma = g_rad/g [g=g_GRAV] 
  
 Surface gravity is:     1.2064E+03
 Stars mass is:    23.00 Msun
