       R              V     % Error        VdVdR      dPdR/ROH         g_TOT         g_RAD        g_ELEC     Gamma  Depth
 22197.008995   1.9087E+03    29.63    1.6675E+00   -1.1358E-02    1.2258E+00    1.2645E+00    1.0482E-02    32.69      1
 21938.490133   1.9084E+03    29.62    1.7080E+00   -1.1543E-02    1.2558E+00    1.2954E+00    1.0731E-02    32.71      2
 21430.283417   1.9080E+03    29.40    1.7909E+00   -1.1906E-02    1.3199E+00    1.3614E+00    1.1246E-02    32.80      3
 20450.060334   1.9070E+03    29.29    1.9735E+00   -1.2718E-02    1.4566E+00    1.5021E+00    1.2350E-02    32.96      4
 18622.359362   1.9049E+03    29.60    2.4139E+00   -1.4740E-02    1.7768E+00    1.8317E+00    1.4895E-02    33.33      5
 15444.745207   1.9002E+03    31.84    3.6970E+00   -2.0802E-02    2.6608E+00    2.7407E+00    2.1658E-02    34.30      6
 10751.611459   1.8879E+03    31.00    7.9460E+00   -3.0856E-02    5.7825E+00    5.9474E+00    4.4704E-02    36.07      7
  7500.829949   1.8706E+03    26.28    1.6054E+01   -4.5799E-02    1.2279E+01    1.2618E+01    9.1869E-02    37.24      8
  5245.668181   1.8462E+03    23.21    3.2131E+01   -6.6920E-02    2.5380E+01    2.6073E+01    1.8786E-01    37.64      9
  3683.103609   1.8119E+03    21.34    6.3329E+01   -9.7417E-02    5.1022E+01    5.2427E+01    3.8111E-01    37.31     10
  2601.908746   1.7644E+03    20.64    1.2204E+02   -1.4211E-01    9.9065E+01    1.0188E+02    7.6369E-01    36.19     11
  1850.828212   1.6993E+03    20.31    2.2870E+02   -2.0816E-01    1.8632E+02    1.9188E+02    1.5093E+00    34.49     12
  1326.842766   1.6112E+03    19.07    4.1351E+02   -3.0702E-01    3.4121E+02    3.5204E+02    2.9369E+00    32.52     13
   960.898540   1.4947E+03    17.72    7.1372E+02   -4.5896E-01    5.9711E+02    6.1775E+02    5.6000E+00    29.92     14
   705.550964   1.3444E+03    16.87    1.1398E+03   -6.9579E-01    9.6180E+02    1.0001E+03    1.0387E+01    26.12     15
   528.140004   1.1620E+03    14.63    1.6464E+03   -1.0246E+00    1.4209E+03    1.4892E+03    1.8536E+01    21.79     16
   405.292527   9.5489E+02     5.96    2.1398E+03   -1.5295E+00    2.0144E+03    2.1304E+03    3.1470E+01    18.36     17
   320.517391   7.3247E+02    -5.78    2.3790E+03   -2.3475E+00    2.5184E+03    2.7039E+03    5.0308E+01    14.57     18
   262.587648   5.1960E+02   -15.83    2.2423E+03   -3.6608E+00    2.6242E+03    2.9006E+03    7.4927E+01    10.49     19
   225.163975   3.4262E+02   -29.38    1.7565E+03   -5.9953E+00    2.3554E+03    2.7314E+03    1.0184E+02     7.27     20
   203.316493   2.2554E+02   -36.42    1.2439E+03   -7.6230E+00    1.7902E+03    2.2513E+03    1.2481E+02     4.88     21
   189.608113   1.4859E+02   -32.22    8.2719E+02   -3.9588E+00    1.1410E+03    1.6712E+03    1.4341E+02     3.15     22
   180.463678   9.7963E+01    -9.10    5.2424E+02    0.0000E+00    5.7420E+02    1.1595E+03    1.5827E+02     1.98     23
   174.085739   6.4652E+01    64.90    3.2032E+02    4.5669E+00    1.6570E+02    7.9464E+02    1.7007E+02     1.26     24
   169.415998   4.2433E+01   200.00    1.8635E+02    0.0000E+00   -7.7756E+01    5.8634E+02    1.7959E+02     0.88     25
   165.867288   2.7836E+01   192.36    1.0118E+02   -5.9586E+00   -2.0495E+02    4.8786E+02    1.8737E+02     0.70     26
   162.998029   1.8517E+01   176.40    8.4300E+01   -2.3846E+01   -2.9597E+02    4.2145E+02    1.9403E+02     0.59     27
   161.736124   1.2048E+01   143.36    1.2353E+02   -7.5625E+01   -3.3495E+02    3.9370E+02    1.9703E+02     0.54     28
   161.394732   8.0077E+00    74.93    7.6684E+01   -1.9218E+02   -3.4574E+02    3.8600E+02    1.9783E+02     0.53     29
   161.003246   5.2728E+00    75.58    2.8828E+01   -1.7438E+02   -3.5741E+02    3.7790E+02    1.9876E+02     0.51     30
   160.476594   3.4694E+00    79.81    9.6745E+00   -1.6041E+02   -3.6375E+02    3.7639E+02    2.0004E+02     0.51     31
   159.914527   2.2834E+00    77.47    4.0392E+00   -1.6717E+02   -3.7453E+02    3.7082E+02    2.0143E+02     0.50     32
   159.373541   1.5041E+00    74.30    1.8291E+00   -1.7770E+02   -3.8597E+02    3.6446E+02    2.0279E+02     0.49     33
   158.861391   9.9010E-01    71.67    8.3677E-01   -1.8650E+02   -3.9397E+02    3.6129E+02    2.0409E+02     0.48     34
   158.373477   6.5140E-01    67.41    3.7939E-01   -1.9335E+02   -3.8960E+02    3.7033E+02    2.0534E+02     0.49     35
   157.911662   4.3129E-01    62.79    1.7188E-01   -1.9920E+02   -3.8134E+02    3.8304E+02    2.0654E+02     0.50     36
   157.488146   2.9284E-01    56.63    8.0404E-02   -2.0359E+02   -3.6436E+02    4.0414E+02    2.0765E+02     0.53     37
   157.090939   2.0327E-01    48.33    3.9093E-02   -2.1240E+02   -3.4772E+02    4.2467E+02    2.0870E+02     0.55     38
   156.711885   1.4237E-01    36.93    1.9585E-02   -2.2520E+02   -3.2717E+02    4.4895E+02    2.0971E+02     0.58     39
   156.346415   1.0024E-01    25.86    9.7499E-03   -2.3382E+02   -3.0326E+02    4.7651E+02    2.1069E+02     0.61     40
   155.989102   7.1776E-02    11.49    4.9654E-03   -2.5181E+02   -2.8250E+02    5.0084E+02    2.1166E+02     0.64     41
   155.637975   5.1100E-02    -4.92    2.5670E-03   -2.7101E+02   -2.5799E+02    5.2889E+02    2.1264E+02     0.67     42
   155.293976   3.6735E-02   -15.29    1.2541E-03   -2.6773E+02   -2.2969E+02    5.6067E+02    2.1364E+02     0.71     43
   154.949649   2.7606E-02   -17.52    5.8317E-04   -2.3964E+02   -2.0103E+02    5.9285E+02    2.1481E+02     0.75     44
   154.592169   2.2053E-02   -16.85    2.7334E-04   -2.0303E+02   -1.7147E+02    6.2609E+02    2.1658E+02     0.79     45
   154.203588   1.8563E-02   -18.54    1.2924E-04   -1.6560E+02   -1.3750E+02    6.6408E+02    2.2034E+02     0.83     46
   153.759170   1.6496E-02   -20.62    5.8232E-05   -1.3105E+02   -1.0655E+02    6.9967E+02    2.2920E+02     0.87     47
   153.220222   1.5326E-02    -7.80    2.9502E-05   -1.0748E+02   -9.9412E+01    7.1249E+02    2.4399E+02     0.88     48
   152.534781   1.4221E-02    17.94    2.6025E-05   -1.0607E+02   -1.2698E+02    6.9224E+02    2.5735E+02     0.85     49
   151.662275   1.2383E-02    23.86    2.7410E-05   -1.2630E+02   -1.6052E+02    6.6815E+02    2.6566E+02     0.81     50
   150.611429   9.9210E-03    19.15    2.2134E-05   -1.5293E+02   -1.8533E+02    6.5495E+02    2.7142E+02     0.78     51
   149.421622   7.4166E-03    13.32    1.4410E-05   -1.8686E+02   -2.1352E+02    6.4019E+02    2.7653E+02     0.75     52
   148.150304   5.1666E-03     9.33    7.9206E-06   -2.2038E+02   -2.4195E+02    6.2647E+02    2.8162E+02     0.72     53
   146.862944   3.5017E-03     6.22    3.8211E-06   -2.4895E+02   -2.6494E+02    6.1878E+02    2.8674E+02     0.70     54
   145.585523   2.3638E-03     4.31    1.7485E-06   -2.7136E+02   -2.8331E+02    6.1599E+02    2.9188E+02     0.68     55
   144.319785   1.6171E-03     2.73    8.0109E-07   -2.9558E+02   -3.0375E+02    6.1139E+02    2.9708E+02     0.67     56
   143.044316   1.1068E-03     3.85    3.6613E-07   -3.1567E+02   -3.2805E+02    6.0348E+02    3.0247E+02     0.65     57
   142.347590   9.0266E-04     5.11    2.3706E-07   -3.2424E+02   -3.4125E+02    5.9942E+02    3.0547E+02     0.64     58
   141.998513   8.1629E-04     3.64    1.9063E-07   -3.2986E+02   -3.4208E+02    6.0322E+02    3.0699E+02     0.64     59
   141.882013   7.8962E-04     4.36    1.7708E-07   -3.3185E+02   -3.4665E+02    6.0020E+02    3.0750E+02     0.63     60
  
 Momentum equation is: VdV/dr = - dPdR/ROH - dTPdR/ROH - g + g_RAD
         or          : VdV/dr = - dPdR/ROH - dTPdR/ROH + g_tot
  
 Error is 200.0D0*(VdVdR+dPdR_ON_ROH+dTPdR/ROH-g_TOT)/( ABS(VdVdR)+ ABS(dPdR_ON_ROH)+ ABS(dTPdR/ROH)+ ABS(g_TOT) )
  
 Gamma = g_rad/g [g=g_GRAV] 
  
          Photospheric radius is:     1.5481E+02(10^10 cm)    2.2243E+01(Rsun)
 Photospheric surface gravity is:     7.9529E+02 ( 2.9005)
    Specified surface gravity is:     7.9433E+02 ( 2.9000)
                   Stars mass is:    14.36 Msun
 Edd. fac. (e.s.) at photosphere:  0.27081
 Edd. fac. (e.s.) at inner bound:  0.32475
 Power law exponent at outer boundary (TYPE_ATM)= 2.011E+00

   I     V            100.00      150.00      200.00      227.83      258.90      300.00      504.25      911.75     1200.00     1500.00     2000.00100000000.00
   1   1.909E+03   1.421E-06   4.861E-08   2.527E-07   6.415E-07   7.162E-07   3.285E-06   4.426E-04   1.442E-01   3.438E-01   4.500E-01   5.898E-02   2.659E-03
                   1.372E-07   7.339E-11   1.143E-10   1.942E-10   3.255E-08   4.007E-07   4.590E-04   7.114E-02   2.542E-01   1.963E-01   1.660E-01   3.119E-01
                   1.250E+03   7.990E+04   2.667E+05   3.985E+05   2.654E+03   9.891E+02   1.163E+02   2.445E+02   1.632E+02   2.765E+02   4.286E+01   1.028E+00
   2   1.908E+03   1.420E-06   4.853E-08   2.520E-07   6.394E-07   7.180E-07   3.283E-06   4.426E-04   1.443E-01   3.438E-01   4.498E-01   5.905E-02   2.657E-03
                   1.371E-07   7.333E-11   1.141E-10   1.937E-10   3.255E-08   4.007E-07   4.590E-04   7.114E-02   2.542E-01   1.963E-01   1.660E-01   3.119E-01
                   1.250E+03   7.989E+04   2.666E+05   3.985E+05   2.663E+03   9.893E+02   1.164E+02   2.448E+02   1.633E+02   2.766E+02   4.294E+01   1.028E+00
   3   1.908E+03   1.415E-06   4.820E-08   2.491E-07   6.317E-07   7.187E-07   3.276E-06   4.421E-04   1.443E-01   3.441E-01   4.493E-01   5.911E-02   2.649E-03
                   1.371E-07   7.307E-11   1.131E-10   1.919E-10   3.255E-08   4.006E-07   4.590E-04   7.114E-02   2.542E-01   1.963E-01   1.660E-01   3.119E-01
                   1.249E+03   7.985E+04   2.665E+05   3.984E+05   2.673E+03   9.899E+02   1.166E+02   2.456E+02   1.639E+02   2.771E+02   4.311E+01   1.028E+00
   4   1.907E+03   1.408E-06   4.758E-08   2.435E-07   6.164E-07   7.142E-07   3.265E-06   4.413E-04   1.445E-01   3.444E-01   4.487E-01   5.929E-02   2.635E-03
                   1.371E-07   7.254E-11   1.112E-10   1.882E-10   3.256E-08   4.006E-07   4.590E-04   7.114E-02   2.542E-01   1.963E-01   1.660E-01   3.119E-01
                   1.248E+03   7.977E+04   2.663E+05   3.983E+05   2.668E+03   9.911E+02   1.169E+02   2.471E+02   1.648E+02   2.780E+02   4.344E+01   1.027E+00
   5   1.905E+03   1.390E-06   4.625E-08   2.315E-07   5.823E-07   7.049E-07   3.238E-06   4.391E-04   1.449E-01   3.448E-01   4.476E-01   5.957E-02   2.604E-03
                   1.371E-07   7.144E-11   1.071E-10   1.799E-10   3.257E-08   4.006E-07   4.591E-04   7.114E-02   2.542E-01   1.963E-01   1.660E-01   3.119E-01
                   1.247E+03   7.962E+04   2.658E+05   3.981E+05   2.662E+03   9.939E+02   1.176E+02   2.505E+02   1.668E+02   2.804E+02   4.413E+01   1.026E+00
   6   1.900E+03   1.346E-06   4.309E-08   2.024E-07   5.013E-07   6.797E-07   3.168E-06   4.326E-04   1.458E-01   3.455E-01   4.459E-01   5.981E-02   2.526E-03
                   1.370E-07   6.884E-11   9.679E-11   1.595E-10   3.259E-08   4.006E-07   4.591E-04   7.114E-02   2.542E-01   1.963E-01   1.660E-01   3.119E-01
                   1.243E+03   7.922E+04   2.646E+05   3.976E+05   2.639E+03   1.001E+03   1.192E+02   2.593E+02   1.720E+02   2.875E+02   4.560E+01   1.025E+00
   7   1.888E+03   1.271E-06   3.692E-08   1.496E-07   3.596E-07   6.386E-07   3.057E-06   4.218E-04   1.471E-01   3.452E-01   4.451E-01   5.968E-02   2.397E-03
                   1.369E-07   6.274E-11   7.588E-11   1.205E-10   3.268E-08   4.005E-07   4.594E-04   7.116E-02   2.542E-01   1.963E-01   1.660E-01   3.119E-01
                   1.236E+03   7.829E+04   2.622E+05   3.969E+05   2.600E+03   1.015E+03   1.221E+02   2.750E+02   1.807E+02   3.017E+02   4.784E+01   1.022E+00
   8   1.871E+03   1.221E-06   3.108E-08   1.097E-07   2.578E-07   6.109E-07   2.994E-06   4.148E-04   1.489E-01   3.452E-01   4.440E-01   5.912E-02   2.319E-03
                   1.367E-07   5.527E-11   5.783E-11   8.934E-11   3.281E-08   4.005E-07   4.597E-04   7.117E-02   2.543E-01   1.963E-01   1.659E-01   3.119E-01
                   1.227E+03   7.725E+04   2.605E+05   3.964E+05   2.558E+03   1.027E+03   1.239E+02   2.874E+02   1.865E+02   3.107E+02   4.893E+01   1.021E+00
   9   1.846E+03   1.196E-06   2.559E-08   7.995E-08   1.846E-07   5.944E-07   2.980E-06   4.138E-04   1.519E-01   3.425E-01   4.439E-01   5.898E-02   2.293E-03
                   1.364E-07   4.665E-11   4.278E-11   6.469E-11   3.300E-08   4.004E-07   4.602E-04   7.120E-02   2.543E-01   1.963E-01   1.659E-01   3.118E-01
                   1.217E+03   7.614E+04   2.594E+05   3.961E+05   2.500E+03   1.033E+03   1.248E+02   2.962E+02   1.869E+02   3.138E+02   4.934E+01   1.020E+00
  10   1.812E+03   1.190E-06   2.063E-08   5.863E-08   1.339E-07   5.898E-07   3.010E-06   4.178E-04   1.551E-01   3.360E-01   4.468E-01   5.934E-02   2.312E-03
                   1.359E-07   3.776E-11   3.118E-11   4.651E-11   3.325E-08   4.002E-07   4.609E-04   7.123E-02   2.544E-01   1.963E-01   1.659E-01   3.118E-01
                   1.205E+03   7.515E+04   2.587E+05   3.959E+05   2.440E+03   1.035E+03   1.247E+02   2.996E+02   1.817E+02   3.131E+02   4.922E+01   1.020E+00
  11   1.764E+03   1.206E-06   1.646E-08   4.376E-08   9.928E-08   5.972E-07   3.083E-06   4.287E-04   1.597E-01   3.241E-01   4.529E-01   6.049E-02   2.384E-03
                   1.353E-07   2.953E-11   2.260E-11   3.346E-11   3.360E-08   4.000E-07   4.618E-04   7.128E-02   2.545E-01   1.963E-01   1.658E-01   3.117E-01
                   1.189E+03   7.438E+04   2.583E+05   3.958E+05   2.372E+03   1.028E+03   1.238E+02   2.988E+02   1.699E+02   3.078E+02   4.867E+01   1.020E+00
  12   1.699E+03   1.236E-06   1.308E-08   3.326E-08   7.529E-08   6.178E-07   3.176E-06   4.479E-04   1.654E-01   3.120E-01   4.571E-01   6.252E-02   2.505E-03
                   1.343E-07   2.253E-11   1.638E-11   2.419E-11   3.402E-08   3.997E-07   4.631E-04   7.135E-02   2.547E-01   1.963E-01   1.657E-01   3.115E-01
                   1.170E+03   7.384E+04   2.582E+05   3.957E+05   2.309E+03   1.010E+03   1.230E+02   2.947E+02   1.558E+02   2.961E+02   4.797E+01   1.022E+00
  13   1.611E+03   1.271E-06   1.038E-08   2.569E-08   5.820E-08   6.459E-07   3.266E-06   4.794E-04   1.714E-01   3.047E-01   4.549E-01   6.573E-02   2.670E-03
                   1.328E-07   1.694E-11   1.193E-11   1.764E-11   3.453E-08   3.993E-07   4.647E-04   7.144E-02   2.549E-01   1.962E-01   1.656E-01   3.114E-01
                   1.148E+03   7.348E+04   2.582E+05   3.955E+05   2.242E+03   9.805E+02   1.236E+02   2.876E+02   1.433E+02   2.779E+02   4.758E+01   1.028E+00
  14   1.495E+03   1.328E-06   8.430E-09   2.056E-08   4.670E-08   6.869E-07   3.414E-06   5.364E-04   1.791E-01   3.028E-01   4.430E-01   7.155E-02   2.943E-03
                   1.305E-07   1.269E-11   8.782E-12   1.303E-11   3.510E-08   3.986E-07   4.669E-04   7.156E-02   2.552E-01   1.962E-01   1.654E-01   3.111E-01
                   1.123E+03   7.327E+04   2.582E+05   3.952E+05   2.159E+03   9.449E+02   1.267E+02   2.761E+02   1.309E+02   2.491E+02   4.771E+01   1.043E+00
  15   1.344E+03   1.445E-06   7.245E-09   1.753E-08   3.991E-08   7.631E-07   3.766E-06   6.284E-04   1.905E-01   3.012E-01   4.243E-01   7.994E-02   3.480E-03
                   1.270E-07   9.536E-12   6.535E-12   9.726E-12   3.560E-08   3.968E-07   4.697E-04   7.170E-02   2.555E-01   1.962E-01   1.653E-01   3.109E-01
                   1.095E+03   7.315E+04   2.583E+05   3.950E+05   2.064E+03   9.137E+02   1.288E+02   2.558E+02   1.135E+02   2.082E+02   4.658E+01   1.078E+00
  16   1.162E+03   1.615E-06   6.552E-09   1.580E-08   3.612E-08   8.763E-07   4.049E-06   7.338E-04   2.024E-01   3.179E-01   3.924E-01   8.211E-02   4.476E-03
                   1.214E-07   7.198E-12   4.909E-12   7.344E-12   3.574E-08   3.937E-07   4.734E-04   7.186E-02   2.559E-01   1.962E-01   1.650E-01   3.106E-01
                   1.069E+03   7.313E+04   2.586E+05   3.952E+05   1.970E+03   8.263E+02   1.245E+02   2.263E+02   9.982E+01   1.607E+02   3.998E+01   1.158E+00
  17   9.549E+02   1.729E-06   5.864E-09   1.414E-08   3.290E-08   9.616E-07   3.876E-06   8.253E-04   2.055E-01   3.485E-01   3.536E-01   8.522E-02   6.451E-03
                   1.124E-07   5.424E-12   3.695E-12   5.627E-12   3.505E-08   3.835E-07   4.776E-04   7.202E-02   2.563E-01   1.961E-01   1.647E-01   3.103E-01
                   1.042E+03   7.318E+04   2.590E+05   3.958E+05   1.857E+03   6.843E+02   1.170E+02   1.931E+02   9.204E+01   1.220E+02   3.502E+01   1.407E+00
  18   7.325E+02   1.820E-06   5.312E-09   1.285E-08   3.126E-08   1.030E-06   4.071E-06   1.003E-03   2.093E-01   3.762E-01   3.169E-01   8.691E-02   9.717E-03
                   9.632E-08   3.897E-12   2.661E-12   4.229E-12   3.231E-08   3.609E-07   4.813E-04   7.217E-02   2.567E-01   1.963E-01   1.644E-01   3.101E-01
                   1.015E+03   7.326E+04   2.596E+05   3.972E+05   1.714E+03   6.064E+02   1.120E+02   1.559E+02   7.879E+01   8.677E+01   2.842E+01   1.684E+00
  19   5.196E+02   1.750E-06   4.383E-09   1.077E-08   2.924E-08   1.033E-06   4.388E-06   1.256E-03   2.160E-01   4.093E-01   2.641E-01   9.415E-02   1.517E-02
                   6.885E-08   2.313E-12   1.598E-12   2.827E-12   2.525E-08   3.130E-07   4.832E-04   7.224E-02   2.569E-01   1.964E-01   1.641E-01   3.098E-01
                   9.839E+02   7.335E+04   2.607E+05   4.005E+05   1.583E+03   5.426E+02   1.006E+02   1.158E+02   6.167E+01   5.205E+01   2.221E+01   1.895E+00
  20   3.426E+02   1.100E-06   1.731E-09   4.549E-09   1.764E-08   7.646E-07   3.850E-06   1.572E-03   2.233E-01   4.075E-01   2.322E-01   1.113E-01   2.405E-02
                   3.274E-08   6.325E-13   4.626E-13   1.158E-12   1.337E-08   2.411E-07   4.818E-04   7.223E-02   2.570E-01   1.965E-01   1.641E-01   3.096E-01
                   9.006E+02   7.338E+04   2.637E+05   4.088E+05   1.534E+03   4.282E+02   8.750E+01   8.293E+01   4.252E+01   3.169E+01   1.819E+01   2.083E+00
  21   2.255E+02  -3.905E-07  -2.685E-09  -6.102E-09  -6.473E-09   1.322E-07   2.907E-06   2.000E-03   2.401E-01   3.969E-01   2.158E-01   1.137E-01   3.154E-02
                  -3.690E-09  -6.545E-13  -4.223E-13  -3.166E-13   1.505E-09   1.620E-07   4.771E-04   7.216E-02   2.574E-01   1.966E-01   1.640E-01   3.094E-01
                   1.909E+03   7.400E+04   2.607E+05   3.689E+05   1.585E+03   3.237E+02   7.562E+01   6.002E+01   2.781E+01   1.980E+01   1.251E+01   1.839E+00
  22   1.486E+02  -2.226E-06  -5.807E-09  -1.404E-08  -2.890E-08  -6.772E-07   1.795E-06   2.677E-03   2.664E-01   3.750E-01   1.977E-01   1.170E-01   4.112E-02
                  -2.505E-08  -9.125E-13  -6.207E-13  -8.484E-13  -5.170E-09   1.008E-07   4.705E-04   7.210E-02   2.576E-01   1.965E-01   1.640E-01   3.093E-01
                   1.036E+03   7.416E+04   2.635E+05   3.970E+05   1.526E+03   2.075E+02   6.631E+01   4.305E+01   1.696E+01   1.172E+01   8.319E+00   1.549E+00
  23   9.796E+01  -3.490E-06  -6.793E-09  -1.656E-08  -3.559E-08  -1.153E-06   1.075E-06   3.458E-03   2.840E-01   3.323E-01   1.801E-01   1.435E-01   5.660E-02
                  -2.671E-08  -6.701E-13  -4.593E-13  -6.536E-13  -5.625E-09   7.023E-08   4.624E-04   7.204E-02   2.578E-01   1.965E-01   1.639E-01   3.092E-01
                   9.573E+02   7.427E+04   2.641E+05   3.989E+05   1.502E+03   1.122E+02   5.480E+01   2.888E+01   9.441E+00   6.713E+00   6.416E+00   1.341E+00
  24   6.465E+01  -3.439E-06  -3.193E-09  -7.771E-09  -1.391E-08  -9.433E-07   1.126E-06   4.246E-03   2.790E-01   2.814E-01   1.642E-01   1.919E-01   7.933E-02
                  -1.895E-08  -2.005E-13  -1.377E-13  -1.658E-13  -3.113E-09   6.353E-08   4.536E-04   7.198E-02   2.580E-01   1.965E-01   1.639E-01   3.092E-01
                   8.478E+02   7.440E+04   2.636E+05   3.921E+05   1.416E+03   8.278E+01   4.374E+01   1.811E+01   5.096E+00   3.903E+00   5.471E+00   1.199E+00
  25   4.243E+01  -2.349E-06  -4.544E-10  -9.216E-10   6.043E-09  -3.389E-07   1.964E-06   4.980E-03   2.592E-01   2.351E-01   1.515E-01   2.435E-01   1.057E-01
                  -1.024E-08  -1.967E-14  -1.189E-14   4.394E-14  -8.791E-10   6.486E-08   4.446E-04   7.192E-02   2.581E-01   1.965E-01   1.639E-01   3.092E-01
                   7.488E+02   7.543E+04   2.531E+05   4.490E+05   1.259E+03   9.887E+01   3.657E+01   1.177E+01   2.975E+00   2.516E+00   4.851E+00   1.116E+00
  26   2.784E+01  -1.316E-06  -3.631E-11   1.975E-10   1.053E-08   8.270E-08   2.723E-06   5.340E-03   2.364E-01   2.066E-01   1.459E-01   2.774E-01   1.283E-01
                  -5.088E-09  -1.133E-15   1.496E-15   6.323E-14   8.045E-11   6.706E-08   4.350E-04   7.186E-02   2.581E-01   1.965E-01   1.638E-01   3.092E-01
                   6.734E+02   8.346E+04   3.438E+05   4.336E+05   2.677E+03   1.057E+02   3.196E+01   8.567E+00   2.084E+00   1.933E+00   4.408E+00   1.080E+00
  27   1.852E+01  -6.981E-07  -6.121E-12   1.322E-10   7.267E-09   8.751E-08   2.555E-06   5.729E-03   2.195E-01   1.696E-01   1.464E-01   3.076E-01   1.512E-01
                  -2.506E-09  -1.213E-16   8.860E-16   3.627E-14   1.052E-10   6.738E-08   4.244E-04   7.178E-02   2.581E-01   1.966E-01   1.638E-01   3.092E-01
                   6.052E+02   1.096E+05   3.241E+05   4.352E+05   1.806E+03   8.236E+01   2.933E+01   6.641E+00   1.427E+00   1.617E+00   4.079E+00   1.062E+00
  28   1.205E+01  -4.874E-07  -4.836E-12   1.386E-10   6.068E-09   1.340E-08   2.563E-06   6.149E-03   2.010E-01   1.549E-01   1.559E-01   3.181E-01   1.640E-01
                  -1.715E-09  -8.798E-17   8.741E-16   2.793E-14   7.190E-12   6.714E-08   4.174E-04   7.171E-02   2.582E-01   1.966E-01   1.638E-01   3.093E-01
                   5.680E+02   1.098E+05   3.168E+05   4.342E+05   3.723E+03   7.629E+01   2.943E+01   5.601E+00   1.199E+00   1.584E+00   3.879E+00   1.059E+00
  29   8.008E+00  -4.046E-07  -3.626E-12   8.277E-11   2.936E-09  -2.801E-08   2.309E-06   6.191E-03   1.771E-01   1.639E-01   1.688E-01   3.148E-01   1.693E-01
                  -1.437E-09  -6.452E-17   5.063E-16   1.325E-14  -3.513E-11   6.699E-08   4.140E-04   7.167E-02   2.582E-01   1.966E-01   1.638E-01   3.093E-01
                   5.494E+02   1.097E+05   3.190E+05   4.324E+05   1.556E+03   6.725E+01   2.917E+01   4.820E+00   1.239E+00   1.675E+00   3.749E+00   1.068E+00
  30   5.273E+00  -2.861E-07  -1.407E-12   5.441E-11   4.665E-10  -1.315E-08   2.388E-06   6.290E-03   1.524E-01   1.838E-01   1.782E-01   3.035E-01   1.759E-01
                  -1.060E-09  -2.418E-17   3.290E-16   2.181E-15  -1.239E-11   6.733E-08   4.082E-04   7.162E-02   2.582E-01   1.966E-01   1.638E-01   3.093E-01
                   5.130E+02   1.107E+05   3.145E+05   4.067E+05   2.018E+03   6.744E+01   2.930E+01   4.045E+00   1.353E+00   1.723E+00   3.522E+00   1.081E+00
  31   3.469E+00  -1.410E-07  -3.605E-13   1.547E-10   4.324E-09   1.467E-07   3.330E-06   6.829E-03   1.536E-01   1.984E-01   1.720E-01   2.887E-01   1.804E-01
                  -6.051E-10  -6.080E-18   9.458E-16   1.883E-14   1.599E-10   6.884E-08   3.972E-04   7.153E-02   2.582E-01   1.966E-01   1.638E-01   3.094E-01
                   4.383E+02   1.116E+05   3.078E+05   4.321E+05   1.727E+03   9.103E+01   3.235E+01   4.041E+00   1.446E+00   1.646E+00   3.315E+00   1.097E+00
  32   2.283E+00  -5.425E-08  -8.104E-14   1.431E-10   4.582E-09   1.987E-07   3.985E-06   7.547E-03   1.549E-01   2.070E-01   1.631E-01   2.793E-01   1.882E-01
                  -2.956E-10  -1.337E-18   8.561E-16   1.945E-14   2.112E-10   6.935E-08   3.801E-04   7.143E-02   2.583E-01   1.967E-01   1.638E-01   3.094E-01
                   3.379E+02   1.116E+05   3.078E+05   4.336E+05   1.732E+03   1.058E+02   3.655E+01   3.992E+00   1.475E+00   1.527E+00   3.139E+00   1.120E+00
  33   1.504E+00  -1.899E-08  -1.710E-14   8.363E-11   3.648E-09   1.760E-07   4.268E-06   8.417E-03   1.550E-01   2.105E-01   1.560E-01   2.722E-01   1.979E-01
                  -1.380E-10  -2.715E-19   4.854E-16   1.503E-14   1.818E-10   6.560E-08   3.544E-04   7.130E-02   2.583E-01   1.967E-01   1.638E-01   3.095E-01
                   2.474E+02   1.132E+05   3.097E+05   4.362E+05   1.741E+03   1.169E+02   4.269E+01   3.908E+00   1.464E+00   1.425E+00   2.986E+00   1.149E+00
  34   9.901E-01  -6.314E-09  -5.176E-15   3.230E-11   2.396E-09   9.888E-08   3.996E-06   9.220E-03   1.582E-01   2.097E-01   1.513E-01   2.641E-01   2.075E-01
                  -6.204E-11  -7.387E-20   1.814E-16   9.660E-15   1.002E-10   5.540E-08   3.159E-04   7.115E-02   2.583E-01   1.968E-01   1.638E-01   3.096E-01
                   1.802E+02   1.241E+05   3.153E+05   4.391E+05   1.747E+03   1.277E+02   5.166E+01   3.936E+00   1.437E+00   1.360E+00   2.855E+00   1.187E+00
  35   6.514E-01  -1.949E-09  -2.425E-15   2.047E-11   1.934E-09   5.077E-08   3.258E-06   9.347E-03   1.686E-01   2.131E-01   1.466E-01   2.502E-01   2.122E-01
                  -2.647E-11  -3.203E-20   1.157E-16   7.927E-15   5.149E-11   4.090E-08   2.608E-04   7.099E-02   2.584E-01   1.969E-01   1.637E-01   3.096E-01
                   1.328E+02   1.365E+05   3.192E+05   4.400E+05   1.778E+03   1.436E+02   6.464E+01   4.282E+00   1.487E+00   1.342E+00   2.757E+00   1.236E+00
  36   4.313E-01  -5.854E-10  -3.130E-16   3.496E-11   2.205E-09   5.768E-08   2.697E-06   8.448E-03   1.851E-01   2.082E-01   1.430E-01   2.378E-01   2.174E-01
                  -1.066E-11  -4.322E-21   2.075E-16   9.322E-15   5.864E-11   2.924E-08   1.908E-04   7.082E-02   2.586E-01   1.971E-01   1.636E-01   3.097E-01
                   1.018E+02   1.343E+05   3.126E+05   4.388E+05   1.824E+03   1.711E+02   8.213E+01   4.848E+00   1.493E+00   1.345E+00   2.695E+00   1.302E+00
  37   2.928E-01  -1.707E-10   1.269E-15   6.130E-11   2.869E-09   8.197E-08   2.344E-06   6.191E-03   2.041E-01   2.085E-01   1.369E-01   2.243E-01   2.200E-01
                  -4.065E-12   1.705E-20   3.849E-16   1.277E-14   8.552E-11   2.195E-08   1.161E-04   7.068E-02   2.588E-01   1.973E-01   1.635E-01   3.095E-01
                   8.175E+01   1.449E+05   3.099E+05   4.371E+05   1.865E+03   2.079E+02   1.038E+02   5.619E+00   1.568E+00   1.350E+00   2.670E+00   1.384E+00
  38   2.033E-01  -4.645E-11   2.975E-15   9.804E-11   3.997E-09   1.165E-07   2.464E-06   3.665E-03   2.219E-01   2.051E-01   1.316E-01   2.130E-01   2.247E-01
                  -1.401E-12   4.195E-20   6.456E-16   1.865E-14   1.247E-10   2.010E-08   5.545E-05   7.060E-02   2.592E-01   1.976E-01   1.633E-01   3.092E-01
                   6.747E+01   1.443E+05   3.090E+05   4.361E+05   1.900E+03   2.495E+02   1.345E+02   6.395E+00   1.610E+00   1.355E+00   2.653E+00   1.479E+00
  39   1.424E-01  -1.135E-11   6.361E-15   1.644E-10   6.113E-09   1.779E-07   3.103E-06   3.178E-03   2.401E-01   1.984E-01   1.269E-01   2.026E-01   2.288E-01
                  -4.251E-13   9.452E-20   1.141E-15   3.006E-14   1.968E-10   2.228E-08   3.850E-05   7.074E-02   2.598E-01   1.981E-01   1.631E-01   3.083E-01
                   5.715E+01   1.441E+05   3.083E+05   4.354E+05   1.936E+03   2.981E+02   1.767E+02   7.266E+00   1.635E+00   1.372E+00   2.660E+00   1.589E+00
  40   1.002E-01  -2.358E-12   1.604E-14   3.205E-10   1.074E-08   2.973E-07   4.949E-06   4.242E-03   2.554E-01   1.941E-01   1.233E-01   1.915E-01   2.315E-01
                  -1.081E-13   2.522E-19   2.357E-15   5.588E-14   3.425E-10   3.410E-08   4.475E-05   7.136E-02   2.609E-01   1.986E-01   1.627E-01   3.064E-01
                   4.933E+01   1.438E+05   3.076E+05   4.347E+05   1.963E+03   3.283E+02   2.144E+02   8.095E+00   1.683E+00   1.403E+00   2.662E+00   1.709E+00
  41   7.178E-02  -4.085E-13   5.620E-14   7.912E-10   2.316E-08   5.542E-07   8.534E-06   6.562E-03   2.675E-01   1.879E-01   1.221E-01   1.825E-01   2.334E-01
                  -2.280E-14   9.272E-19   6.108E-15   1.264E-13   6.664E-10   6.232E-08   7.040E-05   7.284E-02   2.625E-01   1.994E-01   1.623E-01   3.029E-01
                   4.239E+01   1.434E+05   3.065E+05   4.335E+05   1.968E+03   3.240E+02   2.206E+02   8.690E+00   1.694E+00   1.450E+00   2.661E+00   1.823E+00
  42   5.110E-02  -5.817E-14   2.635E-13   2.361E-09   5.880E-08   1.133E-06   1.556E-05   9.114E-03   2.789E-01   1.827E-01   1.224E-01   1.743E-01   2.325E-01
                  -4.127E-15   4.589E-18   1.927E-14   3.385E-13   1.442E-09   1.312E-07   1.123E-04   7.591E-02   2.651E-01   2.003E-01   1.616E-01   2.969E-01
                   3.506E+01   1.428E+05   3.049E+05   4.320E+05   1.955E+03   2.950E+02   2.018E+02   9.139E+00   1.714E+00   1.520E+00   2.683E+00   1.947E+00
  43   3.673E-02  -7.097E-15   1.559E-12   8.292E-09   1.701E-07   2.569E-06   3.068E-05   1.275E-02   2.913E-01   1.790E-01   1.243E-01   1.665E-01   2.262E-01
                  -6.856E-16   2.882E-17   7.193E-14   1.039E-12   3.508E-09   3.172E-07   2.023E-04   8.196E-02   2.690E-01   2.013E-01   1.604E-01   2.871E-01
                   2.717E+01   1.419E+05   3.025E+05   4.298E+05   1.922E+03   2.538E+02   1.654E+02   9.326E+00   1.746E+00   1.620E+00   2.724E+00   2.068E+00
  44   2.761E-02  -8.181E-16   1.020E-11   3.160E-08   5.285E-07   6.156E-06   6.367E-05   1.783E-02   3.044E-01   1.790E-01   1.283E-01   1.584E-01   2.120E-01
                  -1.133E-16   2.006E-16   2.921E-13   3.427E-12   9.213E-09   8.448E-07   4.043E-04   9.292E-02   2.742E-01   2.018E-01   1.583E-01   2.724E-01
                   1.993E+01   1.403E+05   2.986E+05   4.256E+05   1.844E+03   2.080E+02   1.217E+02   9.041E+00   1.802E+00   1.754E+00   2.763E+00   2.148E+00
  45   2.205E-02  -8.429E-17   6.666E-11   1.206E-07   1.631E-06   1.538E-05   1.345E-04   2.514E-02   3.206E-01   1.829E-01   1.331E-01   1.482E-01   1.900E-01
                  -1.931E-17   1.412E-15   1.203E-12   1.137E-11   2.685E-08   2.409E-06   8.873E-04   1.113E-01   2.802E-01   2.006E-01   1.546E-01   2.524E-01
                   1.262E+01   1.365E+05   2.899E+05   4.147E+05   1.656E+03   1.614E+02   8.192E+01   8.327E+00   1.887E+00   1.918E+00   2.771E+00   2.176E+00
  46   1.856E-02   2.370E-16   4.287E-10   4.532E-07   4.957E-06   3.848E-05   2.865E-04   3.677E-02   3.399E-01   1.866E-01   1.363E-01   1.360E-01   1.640E-01
                  -3.261E-18   1.029E-14   5.136E-12   3.908E-11   9.043E-08   7.445E-06   2.193E-03   1.385E-01   2.864E-01   1.964E-01   1.491E-01   2.273E-01
                  -2.190E+02   1.256E+05   2.659E+05   3.823E+05   1.283E+03   1.160E+02   5.054E+01   7.395E+00   1.964E+00   2.092E+00   2.750E+00   2.174E+00
  47   1.650E-02   4.273E-15   2.610E-09   1.634E-06   1.446E-05   9.251E-05   6.034E-04   5.627E-02   3.629E-01   1.850E-01   1.345E-01   1.211E-01   1.395E-01
                  -1.228E-19   8.140E-14   2.418E-11   1.479E-10   3.660E-07   2.511E-05   6.580E-03   1.746E-01   2.917E-01   1.885E-01   1.415E-01   1.971E-01
                  -1.062E+05   9.789E+04   2.063E+05   2.984E+05   7.717E+02   7.334E+01   2.611E+01   6.343E+00   1.937E+00   2.179E+00   2.612E+00   2.160E+00
  48   1.533E-02   6.266E-14   1.417E-08   5.345E-06   3.835E-05   2.087E-04   1.185E-03   7.807E-02   3.889E-01   1.807E-01   1.259E-01   1.063E-01   1.187E-01
                   9.758E-18   7.482E-13   1.356E-10   6.677E-10   1.644E-06   8.639E-05   2.046E-02   2.172E-01   2.934E-01   1.761E-01   1.306E-01   1.622E-01
                   1.875E+04   5.529E+04   1.151E+05   1.677E+05   3.707E+02   4.006E+01   1.114E+01   5.229E+00   1.799E+00   2.087E+00   2.376E+00   2.138E+00
  49   1.422E-02   7.919E-13   6.973E-08   1.636E-05   9.584E-05   4.530E-04   2.208E-03   9.740E-02   4.120E-01   1.802E-01   1.158E-01   9.398E-02   9.789E-02
                   2.653E-16   8.034E-12   9.388E-10   3.737E-09   7.162E-06   2.857E-04   4.882E-02   2.630E-01   2.871E-01   1.594E-01   1.161E-01   1.253E-01
                   8.028E+03   2.335E+04   4.687E+04   6.898E+04   1.701E+02   2.079E+01   5.367E+00   4.214E+00   1.688E+00   1.954E+00   2.177E+00   2.101E+00
  50   1.238E-02   9.272E-12   3.303E-07   4.957E-05   2.381E-04   9.695E-04   4.099E-03   1.254E-01   4.308E-01   1.772E-01   1.035E-01   8.047E-02   7.728E-02
                   6.947E-15   8.912E-11   7.326E-09   2.374E-08   2.939E-05   8.875E-04   8.776E-02   3.120E-01   2.689E-01   1.389E-01   9.921E-02   9.235E-02
                   3.357E+03   9.322E+03   1.702E+04   2.523E+04   8.296E+01   1.162E+01   3.593E+00   3.473E+00   1.657E+00   1.874E+00   2.040E+00   2.105E+00
  51   9.921E-03   9.875E-11   1.495E-06   1.445E-04   5.739E-04   2.036E-03   7.368E-03   1.640E-01   4.434E-01   1.663E-01   8.955E-02   6.665E-02   5.995E-02
                   1.442E-13   8.591E-10   5.516E-08   1.493E-07   1.169E-04   2.452E-03   1.347E-01   3.600E-01   2.389E-01   1.157E-01   8.201E-02   6.603E-02
                   1.652E+03   4.200E+03   6.322E+03   9.273E+03   4.204E+01   7.251E+00   2.937E+00   2.972E+00   1.680E+00   1.868E+00   1.961E+00   2.191E+00
  52   7.417E-03   9.979E-10   6.615E-06   4.040E-04   1.323E-03   4.127E-03   1.283E-02   2.098E-01   4.470E-01   1.484E-01   7.569E-02   5.397E-02   4.645E-02
                   2.261E-12   6.904E-09   3.635E-07   8.546E-07   4.588E-04   5.947E-03   1.929E-01   3.955E-01   2.026E-01   9.190E-02   6.510E-02   4.560E-02
                   1.022E+03   2.218E+03   2.573E+03   3.583E+03   2.083E+01   4.996E+00   2.519E+00   2.616E+00   1.696E+00   1.907E+00   1.919E+00   2.358E+00
  53   5.167E-03   9.353E-09   2.791E-05   1.082E-03   2.894E-03   7.731E-03   2.111E-02   2.588E-01   4.405E-01   1.270E-01   6.163E-02   4.317E-02   3.606E-02
                   2.770E-11   5.037E-08   2.046E-06   4.269E-06   1.594E-03   1.276E-02   2.631E-01   4.050E-01   1.670E-01   7.090E-02   4.925E-02   3.042E-02
                   7.511E+02   1.233E+03   1.177E+03   1.508E+03   1.079E+01   3.679E+00   2.188E+00   2.420E+00   1.692E+00   1.934E+00   1.950E+00   2.637E+00
  54   3.502E-03   7.558E-08   1.028E-04   2.654E-03   5.832E-03   1.365E-02   3.254E-02   3.077E-01   4.196E-01   1.062E-01   4.967E-02   3.419E-02   2.788E-02
                   2.721E-10   3.564E-07   1.002E-05   1.850E-05   4.697E-03   2.444E-02   3.405E-01   3.861E-01   1.345E-01   5.396E-02   3.577E-02   1.995E-02
                   5.995E+02   6.222E+02   5.715E+02   6.805E+02   6.274E+00   2.872E+00   1.950E+00   2.345E+00   1.703E+00   1.987E+00   2.063E+00   3.016E+00
  55   2.364E-03   5.269E-07   3.305E-04   5.934E-03   1.090E-02   2.255E-02   4.699E-02   3.512E-01   3.868E-01   8.736E-02   3.970E-02   2.673E-02   2.142E-02
                   2.239E-09   2.352E-06   4.376E-05   7.081E-05   1.186E-02   4.121E-02   4.145E-01   3.493E-01   1.048E-01   4.026E-02   2.512E-02   1.290E-02
                   4.967E+02   2.965E+02   2.862E+02   3.248E+02   4.012E+00   2.406E+00   1.789E+00   2.337E+00   1.760E+00   2.081E+00   2.246E+00   3.504E+00
  56   1.617E-03   3.225E-06   9.732E-04   1.236E-02   1.922E-02   3.438E-02   6.407E-02   3.833E-01   3.463E-01   7.096E-02   3.135E-02   2.071E-02   1.632E-02
                   1.721E-08   1.366E-05   1.744E-04   2.428E-04   2.593E-02   6.170E-02   4.745E-01   3.035E-01   7.912E-02   2.944E-02   1.719E-02   8.204E-03
                   3.857E+02   1.467E+02   1.459E+02   1.629E+02   2.728E+00   2.137E+00   1.663E+00   2.348E+00   1.846E+00   2.191E+00   2.479E+00   4.094E+00
  57   1.107E-03   1.435E-05   2.487E-03   2.323E-02   3.019E-02   4.821E-02   8.113E-02   4.017E-01   3.031E-01   5.693E-02   2.459E-02   1.600E-02   1.246E-02
                   1.151E-07   6.838E-05   6.267E-04   6.952E-04   4.912E-02   8.432E-02   5.125E-01   2.560E-01   5.885E-02   2.120E-02   1.151E-02   5.142E-03
                   2.487E+02   7.257E+01   7.397E+01   8.663E+01   1.958E+00   1.920E+00   1.564E+00   2.362E+00   1.930E+00   2.314E+00   2.773E+00   4.836E+00
  58   9.027E-04   2.959E-05   3.952E-03   3.085E-02   3.678E-02   5.617E-02   8.954E-02   4.058E-01   2.800E-01   5.050E-02   2.155E-02   1.397E-02   1.083E-02
                   3.293E-07   1.559E-04   1.172E-03   1.149E-03   6.475E-02   9.725E-02   5.222E-01   2.321E-01   5.024E-02   1.773E-02   9.268E-03   4.008E-03
                   1.763E+02   4.973E+01   5.168E+01   6.283E+01   1.702E+00   1.807E+00   1.525E+00   2.367E+00   1.972E+00   2.385E+00   2.959E+00   5.304E+00
  59   8.163E-04   4.973E-05   5.382E-03   3.762E-02   4.221E-02   6.158E-02   9.541E-02   4.047E-01   2.643E-01   4.654E-02   1.973E-02   1.270E-02   9.792E-03
                   6.790E-07   2.539E-04   1.698E-03   1.540E-03   7.449E-02   1.053E-01   5.245E-01   2.189E-01   4.578E-02   1.593E-02   8.156E-03   3.465E-03
                   1.439E+02   4.165E+01   4.353E+01   5.387E+01   1.624E+00   1.781E+00   1.516E+00   2.373E+00   1.998E+00   2.434E+00   3.058E+00   5.552E+00
  60   7.896E-04   5.224E-05   5.512E-03   3.798E-02   4.242E-02   6.213E-02   9.566E-02   4.053E-01   2.629E-01   4.612E-02   1.953E-02   1.260E-02   9.730E-03
                   7.647E-07   2.762E-04   1.813E-03   1.622E-03   7.635E-02   1.068E-01   5.248E-01   2.164E-01   4.497E-02   1.561E-02   7.958E-03   3.370E-03
                   1.333E+02   3.896E+01   4.089E+01   5.103E+01   1.588E+00   1.748E+00   1.508E+00   2.371E+00   2.002E+00   2.443E+00   3.091E+00   5.636E+00
