 Index            R         Vel          Tau           Na        Ne/Na            T        Kross       Kr/Kes        Gamma       dpdR/ROH
     1   2.9920E+04   1.9416E+03   3.2341E-06   1.5754E+04   1.0035E+00   9.5324E-01   2.5593E-01   1.0281E+00   2.6805E-01  -6.5859E-03
     2   2.9362E+04   1.9413E+03   3.2956E-06   1.6361E+04   1.0035E+00   9.5324E-01   2.5593E-01   1.0281E+00   2.6805E-01  -6.7380E-03
     3   2.8203E+04   1.9407E+03   3.4310E-06   1.7739E+04   1.0035E+00   9.5324E-01   2.5593E-01   1.0281E+00   2.6805E-01  -7.0622E-03
     4   2.5627E+04   1.9390E+03   3.7762E-06   2.1503E+04   1.0035E+00   9.5324E-01   2.5593E-01   1.0281E+00   2.6805E-01  -8.0069E-03
     5   2.1335E+04   1.9352E+03   4.5375E-06   3.1086E+04   1.0035E+00   9.5324E-01   2.5593E-01   1.0281E+00   2.6805E-01  -1.0606E-02
     6   1.5239E+04   1.9263E+03   6.3578E-06   6.1212E+04   1.0035E+00   9.5324E-01   2.5593E-01   1.0281E+00   2.6805E-01  -1.5882E-02
     7   1.0885E+04   1.9138E+03   8.9204E-06   1.2076E+05   1.0035E+00   9.5324E-01   2.5593E-01   1.0281E+00   2.6805E-01  -2.2278E-02
     8   7.7751E+03   1.8964E+03   1.2536E-05   2.3886E+05   1.0035E+00   9.5324E-01   2.5593E-01   1.0281E+00   2.6805E-01  -3.1274E-02
     9   5.5536E+03   1.8720E+03   1.7655E-05   4.7426E+05   1.0036E+00   9.6971E-01   2.5633E-01   1.0297E+00   2.6805E-01  -4.5485E-02
    10   3.9669E+03   1.8381E+03   2.4972E-05   9.4671E+05   1.0039E+00   1.0508E+00   2.5833E-01   1.0375E+00   2.6805E-01  -7.3500E-02
    11   2.8335E+03   1.7909E+03   3.5533E-05   1.9045E+06   1.0041E+00   1.1441E+00   2.6064E-01   1.0464E+00   2.6805E-01  -1.1325E-01
    12   2.0239E+03   1.7254E+03   5.0921E-05   3.8744E+06   1.0044E+00   1.2289E+00   2.6270E-01   1.0544E+00   2.6805E-01  -1.6999E-01
    13   1.4457E+03   1.6349E+03   7.3613E-05   8.0141E+06   1.0046E+00   1.2923E+00   2.6422E-01   1.0603E+00   2.6805E-01  -2.4932E-01
    14   1.0326E+03   1.5107E+03   1.0771E-04   1.7000E+07   1.0047E+00   1.3364E+00   2.6530E-01   1.0645E+00   2.6805E-01  -3.6352E-01
    15   7.3758E+02   1.3416E+03   1.6052E-04   3.7519E+07   1.0048E+00   1.3722E+00   2.6622E-01   1.0681E+00   2.6805E-01  -5.3661E-01
    16   5.2684E+02   1.1150E+03   2.4666E-04   8.8483E+07   1.0049E+00   1.4128E+00   2.6722E-01   1.0720E+00   2.6805E-01  -8.1427E-01
    17   4.0880E+02   8.9884E+02   3.5374E-04   1.8230E+08   1.0049E+00   1.4583E+00   2.6818E-01   1.0759E+00   2.6805E-01  -1.3516E+00
    18   3.3956E+02   7.1450E+02   4.7614E-04   3.3239E+08   1.0049E+00   1.5075E+00   2.6912E-01   1.0796E+00   2.6805E-01  -1.9730E+00
    19   2.9532E+02   5.6232E+02   6.1354E-04   5.5834E+08   1.0049E+00   1.5501E+00   2.6994E-01   1.0829E+00   2.6805E-01  -2.5751E+00
    20   2.6531E+02   4.3932E+02   7.6619E-04   8.8552E+08   1.0049E+00   1.5802E+00   2.7059E-01   1.0856E+00   2.6805E-01  -3.2738E+00
    21   2.4402E+02   3.4135E+02   9.3468E-04   1.3472E+09   1.0048E+00   1.5978E+00   2.7099E-01   1.0873E+00   2.6805E-01  -4.1523E+00
    22   2.2841E+02   2.6410E+02   1.1201E-03   1.9873E+09   1.0047E+00   1.6170E+00   2.7155E-01   1.0896E+00   2.6805E-01  -5.2612E+00
    23   2.1667E+02   2.0365E+02   1.3240E-03   2.8642E+09   1.0045E+00   1.6401E+00   2.7232E-01   1.0929E+00   2.6805E-01  -6.6477E+00
    24   2.0764E+02   1.5660E+02   1.5487E-03   4.0555E+09   1.0044E+00   1.6682E+00   2.7342E-01   1.0975E+00   2.6805E-01  -8.3534E+00
    25   2.0058E+02   1.2014E+02   1.7970E-03   5.6648E+09   1.0042E+00   1.6998E+00   2.7479E-01   1.1031E+00   2.6805E-01  -1.0386E+01
    26   1.9498E+02   9.1971E+01   2.0726E-03   7.8317E+09   1.0041E+00   1.7313E+00   2.7629E-01   1.1093E+00   2.6805E-01  -1.2849E+01
    27   1.9045E+02   7.0252E+01   2.3807E-03   1.0746E+10   1.0038E+00   1.7658E+00   2.7801E-01   1.1165E+00   2.6805E-01  -1.5961E+01
    28   1.8674E+02   5.3526E+01   2.7296E-03   1.4671E+10   1.0036E+00   1.8114E+00   2.8019E-01   1.1255E+00   2.6805E-01  -1.9629E+01
    29   1.8361E+02   4.0635E+01   3.1335E-03   1.9989E+10   1.0033E+00   1.8644E+00   2.8275E-01   1.1361E+00   2.6805E-01  -2.3353E+01
    30   1.8086E+02   3.0628E+01   3.6237E-03   2.7332E+10   1.0030E+00   1.9165E+00   2.8561E-01   1.1480E+00   2.6805E-01  -2.6156E+01
    31   1.7816E+02   2.2679E+01   4.2925E-03   3.8040E+10   1.0026E+00   1.9703E+00   2.8897E-01   1.1620E+00   2.6805E-01  -3.4508E+01
    32   1.7712E+02   1.9373E+01   4.6222E-03   4.5055E+10   1.0024E+00   1.9959E+00   2.9088E-01   1.1699E+00   2.6805E-01  -6.5980E+01
    33   1.7673E+02   1.6038E+01   4.7698E-03   5.4663E+10   1.0021E+00   2.0238E+00   2.9322E-01   1.1796E+00   2.6805E-01  -2.0199E+02
    34   1.7651E+02   1.2700E+01   4.8781E-03   6.9203E+10   1.0017E+00   2.0607E+00   2.9578E-01   1.1904E+00   2.6805E-01  -2.8763E+02
    35   1.7634E+02   9.7797E+00   4.9807E-03   9.0039E+10   1.0011E+00   2.0068E+00   2.9379E-01   1.1832E+00   2.6805E-01  -5.2753E+02
    36   1.7630E+02   8.3303E+00   5.0153E-03   1.0576E+11   1.0011E+00   1.9929E+00   2.9425E-01   1.1850E+00   2.8030E-01  -6.5492E+02
    37   1.7625E+02   7.2781E+00   5.0551E-03   1.2111E+11   1.0011E+00   1.9871E+00   2.9438E-01   1.1855E+00   2.7386E-01  -5.8609E+02
    38   1.7621E+02   6.4200E+00   5.1003E-03   1.3737E+11   1.0011E+00   1.9796E+00   2.9489E-01   1.1876E+00   2.7073E-01  -5.4613E+02
    39   1.7617E+02   5.6982E+00   5.1512E-03   1.5484E+11   1.0010E+00   1.9702E+00   2.9574E-01   1.1910E+00   2.7055E-01  -5.1871E+02
    40   1.7612E+02   5.0804E+00   5.2085E-03   1.7376E+11   1.0010E+00   1.9601E+00   2.9685E-01   1.1955E+00   2.7295E-01  -4.9542E+02
    41   1.7608E+02   4.5547E+00   5.2726E-03   1.9391E+11   1.0010E+00   1.9510E+00   2.9895E-01   1.2040E+00   2.9108E-01  -4.7181E+02
    42   1.7603E+02   4.1063E+00   5.3441E-03   2.1519E+11   1.0010E+00   1.9427E+00   3.0100E-01   1.2122E+00   3.1051E-01  -4.4952E+02
    43   1.7599E+02   3.7239E+00   5.4234E-03   2.3741E+11   1.0010E+00   1.9370E+00   3.0278E-01   1.2194E+00   3.3086E-01  -4.2956E+02
    44   1.7595E+02   3.3906E+00   5.5109E-03   2.6087E+11   1.0010E+00   1.9309E+00   3.0472E-01   1.2272E+00   3.5271E-01  -4.1204E+02
    45   1.7591E+02   3.1027E+00   5.6072E-03   2.8522E+11   1.0010E+00   1.9278E+00   3.0638E-01   1.2339E+00   3.6650E-01  -3.9840E+02
    46   1.7586E+02   2.8463E+00   5.7127E-03   3.1106E+11   1.0010E+00   1.9245E+00   3.0820E-01   1.2413E+00   3.8163E-01  -3.8610E+02
    47   1.7582E+02   2.6181E+00   5.8282E-03   3.3834E+11   1.0010E+00   1.9212E+00   3.1006E-01   1.2487E+00   3.9660E-01  -3.7550E+02
    48   1.7578E+02   2.4145E+00   5.9541E-03   3.6705E+11   1.0010E+00   1.9191E+00   3.1148E-01   1.2545E+00   4.0550E-01  -3.6744E+02
    49   1.7573E+02   2.2301E+00   6.0910E-03   3.9760E+11   1.0010E+00   1.9169E+00   3.1304E-01   1.2608E+00   4.1517E-01  -3.6006E+02
    50   1.7569E+02   2.0628E+00   6.2398E-03   4.3004E+11   1.0010E+00   1.9144E+00   3.1473E-01   1.2676E+00   4.2568E-01  -3.5257E+02
    51   1.7565E+02   1.9112E+00   6.4013E-03   4.6439E+11   1.0010E+00   1.9120E+00   3.1633E-01   1.2740E+00   4.3511E-01  -3.4615E+02
    52   1.7561E+02   1.7729E+00   6.5761E-03   5.0086E+11   1.0010E+00   1.9096E+00   3.1768E-01   1.2795E+00   4.4216E-01  -3.4091E+02
    53   1.7556E+02   1.6462E+00   6.7652E-03   5.3966E+11   1.0010E+00   1.9071E+00   3.1914E-01   1.2854E+00   4.4966E-01  -3.3575E+02
    54   1.7552E+02   1.5302E+00   6.9695E-03   5.8087E+11   1.0010E+00   1.9043E+00   3.2073E-01   1.2918E+00   4.5774E-01  -3.3035E+02
    55   1.7548E+02   1.4238E+00   7.1901E-03   6.2456E+11   1.0010E+00   1.9013E+00   3.2243E-01   1.2986E+00   4.6646E-01  -3.2508E+02
    56   1.7544E+02   1.3263E+00   7.4279E-03   6.7083E+11   1.0010E+00   1.8983E+00   3.2379E-01   1.3041E+00   4.7302E-01  -3.2050E+02
    57   1.7539E+02   1.2363E+00   7.6839E-03   7.1997E+11   1.0010E+00   1.8950E+00   3.2518E-01   1.3097E+00   4.7966E-01  -3.1623E+02
    58   1.7535E+02   1.1535E+00   7.9592E-03   7.7208E+11   1.0009E+00   1.8915E+00   3.2668E-01   1.3158E+00   4.8679E-01  -3.1173E+02
    59   1.7531E+02   1.0770E+00   8.2552E-03   8.2726E+11   1.0009E+00   1.8877E+00   3.2829E-01   1.3223E+00   4.9443E-01  -3.0695E+02
    60   1.7527E+02   1.0066E+00   8.5732E-03   8.8558E+11   1.0009E+00   1.8837E+00   3.3002E-01   1.3292E+00   5.0263E-01  -3.0220E+02
    61   1.7522E+02   9.4206E-01   8.9143E-03   9.4669E+11   1.0009E+00   1.8804E+00   3.3144E-01   1.3350E+00   5.0893E-01  -2.9809E+02
    62   1.7518E+02   8.8237E-01   9.2797E-03   1.0112E+12   1.0009E+00   1.8770E+00   3.3289E-01   1.3408E+00   5.1524E-01  -2.9422E+02
    63   1.7514E+02   8.2706E-01   9.6710E-03   1.0794E+12   1.0009E+00   1.8735E+00   3.3443E-01   1.3470E+00   5.2194E-01  -2.9013E+02
    64   1.7510E+02   7.7581E-01   1.0090E-02   1.1512E+12   1.0009E+00   1.8696E+00   3.3608E-01   1.3537E+00   5.2909E-01  -2.8580E+02
    65   1.7506E+02   7.2832E-01   1.0537E-02   1.2269E+12   1.0009E+00   1.8656E+00   3.3785E-01   1.3608E+00   5.3671E-01  -2.8124E+02
    66   1.7502E+02   6.8465E-01   1.1016E-02   1.3057E+12   1.0009E+00   1.8621E+00   3.3957E-01   1.3677E+00   5.4368E-01  -2.7722E+02
    67   1.7497E+02   6.4458E-01   1.1526E-02   1.3876E+12   1.0009E+00   1.8600E+00   3.4110E-01   1.3739E+00   5.4893E-01  -2.7393E+02
    68   1.7493E+02   6.0723E-01   1.2069E-02   1.4736E+12   1.0009E+00   1.8578E+00   3.4273E-01   1.3804E+00   5.5450E-01  -2.7060E+02
    69   1.7489E+02   5.7242E-01   1.2649E-02   1.5640E+12   1.0009E+00   1.8554E+00   3.4446E-01   1.3874E+00   5.6041E-01  -2.6707E+02
    70   1.7485E+02   5.3999E-01   1.3266E-02   1.6587E+12   1.0009E+00   1.8529E+00   3.4631E-01   1.3949E+00   5.6669E-01  -2.6333E+02
    71   1.7481E+02   5.0976E-01   1.3923E-02   1.7579E+12   1.0009E+00   1.8502E+00   3.4827E-01   1.4028E+00   5.7335E-01  -2.5939E+02
    72   1.7477E+02   4.8181E-01   1.4622E-02   1.8607E+12   1.0009E+00   1.8482E+00   3.5022E-01   1.4106E+00   5.7940E-01  -2.5601E+02
    73   1.7473E+02   4.5613E-01   1.5365E-02   1.9664E+12   1.0009E+00   1.8480E+00   3.5193E-01   1.4175E+00   5.8332E-01  -2.5351E+02
    74   1.7468E+02   4.3203E-01   1.6153E-02   2.0771E+12   1.0009E+00   1.8477E+00   3.5375E-01   1.4248E+00   5.8745E-01  -2.5109E+02
    75   1.7464E+02   4.0942E-01   1.6990E-02   2.1928E+12   1.0009E+00   1.8475E+00   3.5567E-01   1.4326E+00   5.9173E-01  -2.4855E+02
    76   1.7460E+02   3.8821E-01   1.7877E-02   2.3137E+12   1.0009E+00   1.8472E+00   3.5772E-01   1.4409E+00   5.9631E-01  -2.4587E+02
    77   1.7456E+02   3.6831E-01   1.8819E-02   2.4399E+12   1.0009E+00   1.8469E+00   3.5989E-01   1.4496E+00   6.0114E-01  -2.4301E+02
    78   1.7452E+02   3.4965E-01   1.9818E-02   2.5713E+12   1.0009E+00   1.8466E+00   3.6219E-01   1.4589E+00   6.0624E-01  -2.4036E+02
    79   1.7448E+02   3.3245E-01   2.0876E-02   2.7056E+12   1.0009E+00   1.8481E+00   3.6407E-01   1.4664E+00   6.0893E-01  -2.3851E+02
    80   1.7444E+02   3.1621E-01   2.1997E-02   2.8459E+12   1.0009E+00   1.8498E+00   3.6606E-01   1.4745E+00   6.1172E-01  -2.3690E+02
    81   1.7440E+02   3.0089E-01   2.3182E-02   2.9922E+12   1.0009E+00   1.8515E+00   3.6817E-01   1.4829E+00   6.1464E-01  -2.3522E+02
    82   1.7435E+02   2.8644E-01   2.4437E-02   3.1447E+12   1.0009E+00   1.8534E+00   3.7039E-01   1.4919E+00   6.1770E-01  -2.3344E+02
    83   1.7431E+02   2.7280E-01   2.5765E-02   3.3034E+12   1.0009E+00   1.8553E+00   3.7275E-01   1.5014E+00   6.2092E-01  -2.3158E+02
    84   1.7427E+02   2.5994E-01   2.7170E-02   3.4686E+12   1.0009E+00   1.8574E+00   3.7525E-01   1.5115E+00   6.2429E-01  -2.2983E+02
    85   1.7423E+02   2.4787E-01   2.8656E-02   3.6392E+12   1.0009E+00   1.8602E+00   3.7734E-01   1.5199E+00   6.2624E-01  -2.2856E+02
    86   1.7419E+02   2.3644E-01   3.0226E-02   3.8168E+12   1.0009E+00   1.8633E+00   3.7950E-01   1.5286E+00   6.2811E-01  -2.2752E+02
    87   1.7415E+02   2.2562E-01   3.1885E-02   4.0019E+12   1.0009E+00   1.8665E+00   3.8179E-01   1.5378E+00   6.3005E-01  -2.2643E+02
    88   1.7411E+02   2.1536E-01   3.3638E-02   4.1946E+12   1.0009E+00   1.8700E+00   3.8420E-01   1.5475E+00   6.3207E-01  -2.2529E+02
    89   1.7406E+02   2.0564E-01   3.5490E-02   4.3949E+12   1.0009E+00   1.8736E+00   3.8675E-01   1.5578E+00   6.3419E-01  -2.2411E+02
    90   1.7402E+02   1.9643E-01   3.7447E-02   4.6031E+12   1.0009E+00   1.8774E+00   3.8944E-01   1.5687E+00   6.3607E-01  -2.2315E+02
    91   1.7398E+02   1.8769E-01   3.9514E-02   4.8200E+12   1.0009E+00   1.8814E+00   3.9170E-01   1.5777E+00   6.3725E-01  -2.2245E+02
    92   1.7394E+02   1.7937E-01   4.1695E-02   5.0457E+12   1.0009E+00   1.8856E+00   3.9402E-01   1.5871E+00   6.3850E-01  -2.2178E+02
    93   1.7390E+02   1.7148E-01   4.3998E-02   5.2806E+12   1.0009E+00   1.8901E+00   3.9646E-01   1.5969E+00   6.3978E-01  -2.2110E+02
    94   1.7385E+02   1.6397E-01   4.6428E-02   5.5250E+12   1.0009E+00   1.8948E+00   3.9905E-01   1.6073E+00   6.4110E-01  -2.2040E+02
    95   1.7381E+02   1.5684E-01   4.8994E-02   5.7789E+12   1.0009E+00   1.8998E+00   4.0177E-01   1.6183E+00   6.4245E-01  -2.1967E+02
    96   1.7377E+02   1.5007E-01   5.1703E-02   6.0427E+12   1.0009E+00   1.9051E+00   4.0465E-01   1.6299E+00   6.4383E-01  -2.1900E+02
    97   1.7373E+02   1.4360E-01   5.4563E-02   6.3183E+12   1.0009E+00   1.9102E+00   4.0705E-01   1.6396E+00   6.4483E-01  -2.1843E+02
    98   1.7368E+02   1.3743E-01   5.7579E-02   6.6049E+12   1.0009E+00   1.9155E+00   4.0953E-01   1.6496E+00   6.4580E-01  -2.1793E+02
    99   1.7364E+02   1.3157E-01   6.0759E-02   6.9028E+12   1.0009E+00   1.9211E+00   4.1214E-01   1.6601E+00   6.4678E-01  -2.1743E+02
   100   1.7360E+02   1.2598E-01   6.4114E-02   7.2122E+12   1.0009E+00   1.9271E+00   4.1489E-01   1.6712E+00   6.4778E-01  -2.1692E+02
   101   1.7356E+02   1.2067E-01   6.7655E-02   7.5335E+12   1.0009E+00   1.9333E+00   4.1780E-01   1.6829E+00   6.4880E-01  -2.1640E+02
   102   1.7351E+02   1.1562E-01   7.1391E-02   7.8667E+12   1.0009E+00   1.9399E+00   4.2087E-01   1.6952E+00   6.4983E-01  -2.1593E+02
   103   1.7347E+02   1.1076E-01   7.5332E-02   8.2156E+12   1.0009E+00   1.9462E+00   4.2339E-01   1.7054E+00   6.5066E-01  -2.1547E+02
   104   1.7343E+02   1.0613E-01   7.9486E-02   8.5781E+12   1.0009E+00   1.9527E+00   4.2600E-01   1.7159E+00   6.5149E-01  -2.1507E+02
   105   1.7338E+02   1.0173E-01   8.3864E-02   8.9543E+12   1.0009E+00   1.9595E+00   4.2875E-01   1.7270E+00   6.5231E-01  -2.1467E+02
   106   1.7334E+02   9.7529E-02   8.8481E-02   9.3444E+12   1.0009E+00   1.9668E+00   4.3165E-01   1.7387E+00   6.5314E-01  -2.1427E+02
   107   1.7330E+02   9.3530E-02   9.3349E-02   9.7489E+12   1.0009E+00   1.9744E+00   4.3471E-01   1.7510E+00   6.5380E-01  -2.1406E+02
   108   1.7325E+02   8.9714E-02   9.8485E-02   1.0169E+13   1.0009E+00   1.9825E+00   4.3794E-01   1.7640E+00   6.5405E-01  -2.1390E+02
   109   1.7321E+02   8.6035E-02   1.0390E-01   1.0609E+13   1.0009E+00   1.9900E+00   4.4056E-01   1.7745E+00   6.5490E-01  -2.1351E+02
   110   1.7316E+02   8.2527E-02   1.0961E-01   1.1066E+13   1.0009E+00   1.9978E+00   4.4326E-01   1.7854E+00   6.5576E-01  -2.1309E+02
   111   1.7312E+02   7.9185E-02   1.1562E-01   1.1539E+13   1.0009E+00   2.0061E+00   4.4610E-01   1.7968E+00   6.5658E-01  -2.1269E+02
   112   1.7307E+02   7.6000E-02   1.2195E-01   1.2028E+13   1.0009E+00   2.0148E+00   4.4910E-01   1.8089E+00   6.5739E-01  -2.1230E+02
   113   1.7303E+02   7.2966E-02   1.2863E-01   1.2535E+13   1.0009E+00   2.0240E+00   4.5226E-01   1.8216E+00   6.5818E-01  -2.1192E+02
   114   1.7298E+02   7.0074E-02   1.3567E-01   1.3059E+13   1.0009E+00   2.0336E+00   4.5559E-01   1.8350E+00   6.5896E-01  -2.1155E+02
   115   1.7294E+02   6.7281E-02   1.4308E-01   1.3608E+13   1.0009E+00   2.0427E+00   4.5833E-01   1.8461E+00   6.5993E-01  -2.1105E+02
   116   1.7289E+02   6.4616E-02   1.5090E-01   1.4177E+13   1.0009E+00   2.0521E+00   4.6114E-01   1.8574E+00   6.6093E-01  -2.1055E+02
   117   1.7285E+02   6.2078E-02   1.5912E-01   1.4765E+13   1.0009E+00   2.0619E+00   4.6409E-01   1.8692E+00   6.6191E-01  -2.1005E+02
   118   1.7280E+02   5.9658E-02   1.6778E-01   1.5371E+13   1.0009E+00   2.0723E+00   4.6720E-01   1.8817E+00   6.6288E-01  -2.0956E+02
   119   1.7275E+02   5.7353E-02   1.7691E-01   1.5998E+13   1.0009E+00   2.0832E+00   4.7047E-01   1.8949E+00   6.6384E-01  -2.0907E+02
   120   1.7271E+02   5.5157E-02   1.8652E-01   1.6644E+13   1.0009E+00   2.0947E+00   4.7392E-01   1.9088E+00   6.6479E-01  -2.0859E+02
   121   1.7266E+02   5.3033E-02   1.9665E-01   1.7320E+13   1.0009E+00   2.1055E+00   4.7683E-01   1.9205E+00   6.6597E-01  -2.0796E+02
   122   1.7261E+02   5.1003E-02   2.0730E-01   1.8019E+13   1.0010E+00   2.1166E+00   4.7977E-01   1.9323E+00   6.6722E-01  -2.0730E+02
   123   1.7257E+02   4.9070E-02   2.1852E-01   1.8739E+13   1.0010E+00   2.1283E+00   4.8285E-01   1.9447E+00   6.6846E-01  -2.0664E+02
   124   1.7252E+02   4.7229E-02   2.3032E-01   1.9480E+13   1.0010E+00   2.1405E+00   4.8610E-01   1.9578E+00   6.6969E-01  -2.0599E+02
   125   1.7247E+02   4.5475E-02   2.4274E-01   2.0243E+13   1.0010E+00   2.1533E+00   4.8951E-01   1.9716E+00   6.7093E-01  -2.0533E+02
   126   1.7242E+02   4.3804E-02   2.5582E-01   2.1027E+13   1.0010E+00   2.1668E+00   4.9311E-01   1.9860E+00   6.7209E-01  -2.0484E+02
   127   1.7238E+02   4.2183E-02   2.6958E-01   2.1847E+13   1.0010E+00   2.1796E+00   4.9627E-01   1.9988E+00   6.7303E-01  -2.0421E+02
   128   1.7233E+02   4.0633E-02   2.8405E-01   2.2693E+13   1.0010E+00   2.1927E+00   4.9940E-01   2.0113E+00   6.7469E-01  -2.0335E+02
   129   1.7228E+02   3.9156E-02   2.9927E-01   2.3562E+13   1.0010E+00   2.2063E+00   5.0269E-01   2.0246E+00   6.7636E-01  -2.0243E+02
   130   1.7223E+02   3.7751E-02   3.1528E-01   2.4454E+13   1.0010E+00   2.2206E+00   5.0614E-01   2.0385E+00   6.7800E-01  -2.0151E+02
   131   1.7218E+02   3.6412E-02   3.3211E-01   2.5367E+13   1.0010E+00   2.2355E+00   5.0978E-01   2.0531E+00   6.7962E-01  -2.0061E+02
   132   1.7213E+02   3.5138E-02   3.4982E-01   2.6302E+13   1.0010E+00   2.2512E+00   5.1360E-01   2.0685E+00   6.8124E-01  -1.9969E+02
   133   1.7208E+02   3.3907E-02   3.6844E-01   2.7273E+13   1.0010E+00   2.2664E+00   5.1718E-01   2.0828E+00   6.8323E-01  -1.9857E+02
   134   1.7203E+02   3.2727E-02   3.8801E-01   2.8273E+13   1.0011E+00   2.2816E+00   5.2068E-01   2.0969E+00   6.8547E-01  -1.9729E+02
   135   1.7198E+02   3.1605E-02   4.0856E-01   2.9294E+13   1.0011E+00   2.2975E+00   5.2436E-01   2.1117E+00   6.8772E-01  -1.9600E+02
   136   1.7193E+02   3.0538E-02   4.3017E-01   3.0336E+13   1.0011E+00   2.3140E+00   5.2822E-01   2.1272E+00   6.8997E-01  -1.9470E+02
   137   1.7187E+02   2.9523E-02   4.5286E-01   3.1398E+13   1.0011E+00   2.3313E+00   5.3228E-01   2.1435E+00   6.9224E-01  -1.9339E+02
   138   1.7182E+02   2.8557E-02   4.7671E-01   3.2479E+13   1.0011E+00   2.3493E+00   5.3654E-01   2.1606E+00   6.9453E-01  -1.9206E+02
   139   1.7177E+02   2.7628E-02   5.0176E-01   3.3592E+13   1.0012E+00   2.3671E+00   5.4075E-01   2.1775E+00   6.9710E-01  -1.9054E+02
   140   1.7172E+02   2.6732E-02   5.2807E-01   3.4739E+13   1.0012E+00   2.3845E+00   5.4484E-01   2.1938E+00   7.0008E-01  -1.8880E+02
   141   1.7166E+02   2.5880E-02   5.5567E-01   3.5904E+13   1.0013E+00   2.4025E+00   5.4912E-01   2.2109E+00   7.0309E-01  -1.8702E+02
   142   1.7161E+02   2.5072E-02   5.8465E-01   3.7085E+13   1.0013E+00   2.4212E+00   5.5361E-01   2.2289E+00   7.0614E-01  -1.8521E+02
   143   1.7156E+02   2.4304E-02   6.1505E-01   3.8281E+13   1.0014E+00   2.4406E+00   5.5833E-01   2.2478E+00   7.0925E-01  -1.8337E+02
   144   1.7150E+02   2.3576E-02   6.4696E-01   3.9489E+13   1.0014E+00   2.4608E+00   5.6327E-01   2.2675E+00   7.1241E-01  -1.8149E+02
   145   1.7145E+02   2.2881E-02   6.8043E-01   4.0715E+13   1.0015E+00   2.4813E+00   5.6836E-01   2.2879E+00   7.1575E-01  -1.7945E+02
   146   1.7139E+02   2.2206E-02   7.1553E-01   4.1979E+13   1.0017E+00   2.5008E+00   5.7321E-01   2.3070E+00   7.1969E-01  -1.7712E+02
   147   1.7134E+02   2.1567E-02   7.5232E-01   4.3251E+13   1.0019E+00   2.5208E+00   5.7829E-01   2.3270E+00   7.2370E-01  -1.7471E+02
   148   1.7128E+02   2.0961E-02   7.9086E-01   4.4529E+13   1.0020E+00   2.5416E+00   5.8361E-01   2.3480E+00   7.2776E-01  -1.7225E+02
   149   1.7122E+02   2.0388E-02   8.3123E-01   4.5812E+13   1.0022E+00   2.5630E+00   5.8917E-01   2.3700E+00   7.3187E-01  -1.6981E+02
   150   1.7117E+02   1.9845E-02   8.7351E-01   4.7097E+13   1.0024E+00   2.5851E+00   5.9499E-01   2.3931E+00   7.3591E-01  -1.6735E+02
   151   1.7111E+02   1.9331E-02   9.1779E-01   4.8382E+13   1.0025E+00   2.6080E+00   6.0108E-01   2.4172E+00   7.4011E-01  -1.6477E+02
   152   1.7105E+02   1.8834E-02   9.6412E-01   4.9694E+13   1.0030E+00   2.6296E+00   6.0690E-01   2.4394E+00   7.4489E-01  -1.6188E+02
   153   1.7099E+02   1.8361E-02   1.0126E+00   5.1008E+13   1.0035E+00   2.6513E+00   6.1280E-01   2.4618E+00   7.4991E-01  -1.5881E+02
   154   1.7093E+02   1.7914E-02   1.0632E+00   5.2315E+13   1.0041E+00   2.6735E+00   6.1895E-01   2.4852E+00   7.5496E-01  -1.5572E+02
   155   1.7087E+02   1.7493E-02   1.1161E+00   5.3612E+13   1.0046E+00   2.6962E+00   6.2535E-01   2.5096E+00   7.6004E-01  -1.5260E+02
   156   1.7081E+02   1.7096E-02   1.1713E+00   5.4897E+13   1.0051E+00   2.7196E+00   6.3203E-01   2.5350E+00   7.6516E-01  -1.4945E+02
   157   1.7075E+02   1.6722E-02   1.2290E+00   5.6166E+13   1.0056E+00   2.7435E+00   6.3898E-01   2.5616E+00   7.7033E-01  -1.4627E+02
   158   1.7069E+02   1.6369E-02   1.2891E+00   5.7419E+13   1.0064E+00   2.7676E+00   6.4601E-01   2.5879E+00   7.7562E-01  -1.4298E+02
   159   1.7063E+02   1.6033E-02   1.3518E+00   5.8662E+13   1.0079E+00   2.7906E+00   6.5237E-01   2.6093E+00   7.8121E-01  -1.3956E+02
   160   1.7057E+02   1.5718E-02   1.4171E+00   5.9882E+13   1.0095E+00   2.8139E+00   6.5896E-01   2.6315E+00   7.8679E-01  -1.3610E+02
   161   1.7050E+02   1.5422E-02   1.4849E+00   6.1077E+13   1.0111E+00   2.8377E+00   6.6578E-01   2.6545E+00   7.9238E-01  -1.3264E+02
   162   1.7044E+02   1.5144E-02   1.5555E+00   6.2245E+13   1.0127E+00   2.8618E+00   6.7282E-01   2.6784E+00   7.9795E-01  -1.2919E+02
   163   1.7037E+02   1.4883E-02   1.6288E+00   6.3384E+13   1.0143E+00   2.8864E+00   6.8010E-01   2.7031E+00   8.0352E-01  -1.2573E+02
   164   1.7031E+02   1.4638E-02   1.7050E+00   6.4492E+13   1.0159E+00   2.9113E+00   6.8762E-01   2.7287E+00   8.0907E-01  -1.2228E+02
   165   1.7024E+02   1.4412E-02   1.7841E+00   6.5554E+13   1.0182E+00   2.9363E+00   6.9486E-01   2.7513E+00   8.1454E-01  -1.1890E+02
   166   1.7018E+02   1.4208E-02   1.8659E+00   6.6549E+13   1.0221E+00   2.9606E+00   7.0103E-01   2.7651E+00   8.1977E-01  -1.1565E+02
   167   1.7011E+02   1.4016E-02   1.9506E+00   6.7511E+13   1.0260E+00   2.9852E+00   7.0735E-01   2.7793E+00   8.2490E-01  -1.1245E+02
   168   1.7004E+02   1.3837E-02   2.0382E+00   6.8439E+13   1.0300E+00   3.0100E+00   7.1381E-01   2.7938E+00   8.2995E-01  -1.0930E+02
   169   1.6998E+02   1.3670E-02   2.1286E+00   6.9333E+13   1.0340E+00   3.0350E+00   7.2040E-01   2.8088E+00   8.3493E-01  -1.0620E+02
   170   1.6991E+02   1.3514E-02   2.2220E+00   7.0191E+13   1.0380E+00   3.0602E+00   7.2714E-01   2.8240E+00   8.3981E-01  -1.0315E+02
   171   1.6984E+02   1.3368E-02   2.3185E+00   7.1014E+13   1.0421E+00   3.0856E+00   7.3402E-01   2.8397E+00   8.4461E-01  -1.0017E+02
   172   1.6977E+02   1.3232E-02   2.4179E+00   7.1802E+13   1.0461E+00   3.1111E+00   7.4102E-01   2.8557E+00   8.4929E-01  -9.7434E+01
   173   1.6970E+02   1.3115E-02   2.5203E+00   7.2504E+13   1.0522E+00   3.1361E+00   7.4593E-01   2.8579E+00   8.5246E-01  -9.5298E+01
   174   1.6962E+02   1.3005E-02   2.6254E+00   7.3180E+13   1.0587E+00   3.1611E+00   7.5065E-01   2.8585E+00   8.5532E-01  -9.3531E+01
   175   1.6955E+02   1.2900E-02   2.7334E+00   7.3837E+13   1.0651E+00   3.1860E+00   7.5541E-01   2.8592E+00   8.5809E-01  -9.1824E+01
   176   1.6948E+02   1.2801E-02   2.8442E+00   7.4476E+13   1.0717E+00   3.2111E+00   7.6022E-01   2.8599E+00   8.6079E-01  -9.0168E+01
   177   1.6940E+02   1.2706E-02   2.9580E+00   7.5096E+13   1.0782E+00   3.2361E+00   7.6507E-01   2.8605E+00   8.6339E-01  -8.8568E+01
   178   1.6933E+02   1.2616E-02   3.0746E+00   7.5700E+13   1.0849E+00   3.2611E+00   7.6996E-01   2.8612E+00   8.6590E-01  -8.7027E+01
   179   1.6925E+02   1.2530E-02   3.1942E+00   7.6287E+13   1.0916E+00   3.2862E+00   7.7489E-01   2.8619E+00   8.6831E-01  -8.5546E+01
   180   1.6918E+02   1.2448E-02   3.3169E+00   7.6858E+13   1.0983E+00   3.3113E+00   7.7985E-01   2.8626E+00   8.7062E-01  -8.4406E+01
   181   1.6910E+02   1.2363E-02   3.4424E+00   7.7460E+13   1.1042E+00   3.3360E+00   7.8219E-01   2.8558E+00   8.7062E-01  -8.4244E+01
   182   1.6902E+02   1.2273E-02   3.5705E+00   7.8096E+13   1.1099E+00   3.3606E+00   7.8348E-01   2.8459E+00   8.6976E-01  -8.4837E+01
   183   1.6894E+02   1.2182E-02   3.7011E+00   7.8756E+13   1.1155E+00   3.3851E+00   7.8473E-01   2.8360E+00   8.6882E-01  -8.5526E+01
   184   1.6886E+02   1.2088E-02   3.8344E+00   7.9441E+13   1.1212E+00   3.4094E+00   7.8593E-01   2.8260E+00   8.6780E-01  -8.6270E+01
   185   1.6878E+02   1.1993E-02   3.9704E+00   8.0151E+13   1.1269E+00   3.4337E+00   7.8709E-01   2.8159E+00   8.6670E-01  -8.7069E+01
   186   1.6870E+02   1.1895E-02   4.1092E+00   8.0889E+13   1.1326E+00   3.4578E+00   7.8819E-01   2.8056E+00   8.6552E-01  -8.8139E+01
   187   1.6862E+02   1.1794E-02   4.2508E+00   8.1663E+13   1.1383E+00   3.4819E+00   7.8924E-01   2.7953E+00   8.6354E-01  -8.9247E+01
   188   1.6853E+02   1.1690E-02   4.3954E+00   8.2466E+13   1.1440E+00   3.5059E+00   7.9024E-01   2.7849E+00   8.6242E-01  -9.0112E+01
   189   1.6845E+02   1.1585E-02   4.5430E+00   8.3298E+13   1.1497E+00   3.5299E+00   7.9118E-01   2.7743E+00   8.6130E-01  -9.0989E+01
   190   1.6837E+02   1.1471E-02   4.6936E+00   8.4210E+13   1.1541E+00   3.5538E+00   7.9108E-01   2.7633E+00   8.5930E-01  -9.2362E+01
   191   1.6828E+02   1.1345E-02   4.8472E+00   8.5230E+13   1.1570E+00   3.5778E+00   7.8976E-01   2.7518E+00   8.5655E-01  -9.4204E+01
   192   1.6820E+02   1.1215E-02   5.0036E+00   8.6305E+13   1.1599E+00   3.6017E+00   7.8836E-01   2.7402E+00   8.5383E-01  -9.6083E+01
   193   1.6811E+02   1.1082E-02   5.1630E+00   8.7435E+13   1.1627E+00   3.6255E+00   7.8688E-01   2.7283E+00   8.5114E-01  -9.7946E+01
   194   1.6802E+02   1.0945E-02   5.3255E+00   8.8623E+13   1.1656E+00   3.6492E+00   7.8532E-01   2.7163E+00   8.4848E-01  -9.9796E+01
   195   1.6793E+02   1.0804E-02   5.4912E+00   8.9870E+13   1.1684E+00   3.6728E+00   7.8368E-01   2.7041E+00   8.4584E-01  -1.0164E+02
   196   1.6784E+02   1.0661E-02   5.6602E+00   9.1176E+13   1.1711E+00   3.6964E+00   7.8195E-01   2.6918E+00   8.4322E-01  -1.0347E+02
   197   1.6775E+02   1.0514E-02   5.8326E+00   9.2544E+13   1.1739E+00   3.7199E+00   7.8014E-01   2.6792E+00   8.4061E-01  -1.0530E+02
   198   1.6766E+02   1.0365E-02   6.0086E+00   9.3975E+13   1.1766E+00   3.7434E+00   7.7824E-01   2.6664E+00   8.3800E-01  -1.0713E+02
   199   1.6757E+02   1.0214E-02   6.1882E+00   9.5472E+13   1.1794E+00   3.7669E+00   7.7625E-01   2.6535E+00   8.3540E-01  -1.0897E+02
   200   1.6748E+02   1.0060E-02   6.3716E+00   9.7039E+13   1.1820E+00   3.7903E+00   7.7419E-01   2.6406E+00   8.3281E-01  -1.1076E+02
   201   1.6739E+02   9.8996E-03   6.5591E+00   9.8719E+13   1.1832E+00   3.8146E+00   7.7252E-01   2.6323E+00   8.3052E-01  -1.1249E+02
   202   1.6730E+02   9.7378E-03   6.7507E+00   1.0047E+14   1.1843E+00   3.8388E+00   7.7078E-01   2.6238E+00   8.2804E-01  -1.1419E+02
   203   1.6720E+02   9.5749E-03   6.9466E+00   1.0229E+14   1.1854E+00   3.8632E+00   7.6898E-01   2.6152E+00   8.2585E-01  -1.1588E+02
   204   1.6711E+02   9.4111E-03   7.1471E+00   1.0419E+14   1.1865E+00   3.8875E+00   7.6710E-01   2.6064E+00   8.2311E-01  -1.1764E+02
   205   1.6701E+02   9.2462E-03   7.3522E+00   1.0617E+14   1.1876E+00   3.9119E+00   7.6516E-01   2.5974E+00   8.2097E-01  -1.1931E+02
   206   1.6692E+02   9.0811E-03   7.5620E+00   1.0823E+14   1.1887E+00   3.9364E+00   7.6314E-01   2.5881E+00   8.1889E-01  -1.2083E+02
   207   1.6682E+02   8.9158E-03   7.7769E+00   1.1036E+14   1.1898E+00   3.9610E+00   7.6106E-01   2.5787E+00   8.1687E-01  -1.2231E+02
   208   1.6673E+02   8.7506E-03   7.9969E+00   1.1257E+14   1.1909E+00   3.9856E+00   7.5889E-01   2.5691E+00   8.1491E-01  -1.2376E+02
   209   1.6663E+02   8.5857E-03   8.2221E+00   1.1487E+14   1.1919E+00   4.0104E+00   7.5665E-01   2.5593E+00   8.1301E-01  -1.2517E+02
   210   1.6653E+02   8.4212E-03   8.4529E+00   1.1725E+14   1.1929E+00   4.0352E+00   7.5434E-01   2.5493E+00   8.1116E-01  -1.2656E+02
   211   1.6643E+02   8.2573E-03   8.6893E+00   1.1972E+14   1.1939E+00   4.0601E+00   7.5194E-01   2.5390E+00   8.0935E-01  -1.2801E+02
   212   1.6633E+02   8.0934E-03   8.9316E+00   1.2229E+14   1.1945E+00   4.0856E+00   7.4998E-01   2.5312E+00   8.0698E-01  -1.2967E+02
   213   1.6623E+02   7.9295E-03   9.1802E+00   1.2497E+14   1.1949E+00   4.1115E+00   7.4810E-01   2.5239E+00   8.0454E-01  -1.3145E+02
   214   1.6613E+02   7.7661E-03   9.4352E+00   1.2775E+14   1.1954E+00   4.1376E+00   7.4615E-01   2.5164E+00   8.0218E-01  -1.3320E+02
   215   1.6603E+02   7.6032E-03   9.6970E+00   1.3065E+14   1.1958E+00   4.1638E+00   7.4413E-01   2.5087E+00   7.9989E-01  -1.3490E+02
   216   1.6593E+02   7.4411E-03   9.9658E+00   1.3366E+14   1.1962E+00   4.1901E+00   7.4205E-01   2.5009E+00   7.9768E-01  -1.3656E+02
   217   1.6583E+02   7.2800E-03   1.0242E+01   1.3678E+14   1.1966E+00   4.2167E+00   7.3991E-01   2.4928E+00   7.9553E-01  -1.3818E+02
   218   1.6572E+02   7.1199E-03   1.0525E+01   1.4003E+14   1.1970E+00   4.2435E+00   7.3769E-01   2.4845E+00   7.9344E-01  -1.3976E+02
   219   1.6562E+02   6.9612E-03   1.0817E+01   1.4341E+14   1.1974E+00   4.2704E+00   7.3540E-01   2.4759E+00   7.9141E-01  -1.4131E+02
   220   1.6551E+02   6.8038E-03   1.1116E+01   1.4691E+14   1.1978E+00   4.2976E+00   7.3303E-01   2.4672E+00   7.8943E-01  -1.4283E+02
   221   1.6541E+02   6.6479E-03   1.1424E+01   1.5055E+14   1.1982E+00   4.3250E+00   7.3059E-01   2.4582E+00   7.8751E-01  -1.4432E+02
   222   1.6530E+02   6.4936E-03   1.1740E+01   1.5432E+14   1.1986E+00   4.3525E+00   7.2807E-01   2.4489E+00   7.8561E-01  -1.4580E+02
   223   1.6520E+02   6.3410E-03   1.2066E+01   1.5824E+14   1.1989E+00   4.3805E+00   7.2559E-01   2.4399E+00   7.8349E-01  -1.4755E+02
   224   1.6509E+02   6.1897E-03   1.2401E+01   1.6232E+14   1.1991E+00   4.4091E+00   7.2337E-01   2.4320E+00   7.8044E-01  -1.4969E+02
   225   1.6498E+02   6.0393E-03   1.2745E+01   1.6658E+14   1.1993E+00   4.4380E+00   7.2109E-01   2.4240E+00   7.7747E-01  -1.5191E+02
   226   1.6487E+02   5.8900E-03   1.3100E+01   1.7103E+14   1.1995E+00   4.4673E+00   7.1872E-01   2.4157E+00   7.7458E-01  -1.5408E+02
   227   1.6476E+02   5.7418E-03   1.3466E+01   1.7567E+14   1.1997E+00   4.4968E+00   7.1629E-01   2.4071E+00   7.7177E-01  -1.5621E+02
   228   1.6465E+02   5.5951E-03   1.3843E+01   1.8052E+14   1.1998E+00   4.5266E+00   7.1377E-01   2.3983E+00   7.6903E-01  -1.5829E+02
   229   1.6454E+02   5.4498E-03   1.4232E+01   1.8558E+14   1.2000E+00   4.5568E+00   7.1116E-01   2.3892E+00   7.6636E-01  -1.6034E+02
   230   1.6443E+02   5.3062E-03   1.4633E+01   1.9087E+14   1.2002E+00   4.5873E+00   7.0847E-01   2.3798E+00   7.6374E-01  -1.6235E+02
   231   1.6432E+02   5.1644E-03   1.5047E+01   1.9638E+14   1.2003E+00   4.6181E+00   7.0569E-01   2.3702E+00   7.6119E-01  -1.6433E+02
   232   1.6420E+02   5.0245E-03   1.5474E+01   2.0212E+14   1.2005E+00   4.6493E+00   7.0281E-01   2.3602E+00   7.5870E-01  -1.6627E+02
   233   1.6409E+02   4.8865E-03   1.5914E+01   2.0812E+14   1.2006E+00   4.6809E+00   6.9984E-01   2.3499E+00   7.5626E-01  -1.6818E+02
   234   1.6398E+02   4.7506E-03   1.6369E+01   2.1437E+14   1.2008E+00   4.7128E+00   6.9677E-01   2.3393E+00   7.5387E-01  -1.6997E+02
   235   1.6386E+02   4.6172E-03   1.6839E+01   2.2088E+14   1.2009E+00   4.7454E+00   6.9470E-01   2.3321E+00   7.5178E-01  -1.7187E+02
   236   1.6374E+02   4.4858E-03   1.7326E+01   2.2767E+14   1.2010E+00   4.7786E+00   6.9277E-01   2.3255E+00   7.4893E-01  -1.7402E+02
   237   1.6363E+02   4.3564E-03   1.7830E+01   2.3477E+14   1.2011E+00   4.8122E+00   6.9077E-01   2.3186E+00   7.4618E-01  -1.7617E+02
   238   1.6351E+02   4.2290E-03   1.8351E+01   2.4219E+14   1.2012E+00   4.8463E+00   6.8870E-01   2.3115E+00   7.4352E-01  -1.7821E+02
   239   1.6339E+02   4.1040E-03   1.8892E+01   2.4994E+14   1.2013E+00   4.8810E+00   6.8655E-01   2.3041E+00   7.4114E-01  -1.8020E+02
   240   1.6327E+02   3.9811E-03   1.9452E+01   2.5803E+14   1.2013E+00   4.9162E+00   6.8432E-01   2.2964E+00   7.3863E-01  -1.8220E+02
   241   1.6315E+02   3.8606E-03   2.0032E+01   2.6648E+14   1.2014E+00   4.9519E+00   6.8200E-01   2.2885E+00   7.3618E-01  -1.8417E+02
   242   1.6303E+02   3.7424E-03   2.0634E+01   2.7530E+14   1.2015E+00   4.9882E+00   6.7960E-01   2.2803E+00   7.3380E-01  -1.8611E+02
   243   1.6290E+02   3.6265E-03   2.1259E+01   2.8452E+14   1.2016E+00   5.0250E+00   6.7710E-01   2.2718E+00   7.3149E-01  -1.8800E+02
   244   1.6278E+02   3.5131E-03   2.1906E+01   2.9415E+14   1.2017E+00   5.0625E+00   6.7451E-01   2.2629E+00   7.2924E-01  -1.8986E+02
   245   1.6266E+02   3.4022E-03   2.2579E+01   3.0421E+14   1.2017E+00   5.1005E+00   6.7182E-01   2.2538E+00   7.2707E-01  -1.9172E+02
   246   1.6253E+02   3.2937E-03   2.3277E+01   3.1471E+14   1.2018E+00   5.1393E+00   6.7032E-01   2.2486E+00   7.2470E-01  -1.9363E+02
   247   1.6241E+02   3.1877E-03   2.4003E+01   3.2569E+14   1.2018E+00   5.1788E+00   6.6878E-01   2.2434E+00   7.2239E-01  -1.9555E+02
   248   1.6228E+02   3.0841E-03   2.4759E+01   3.3715E+14   1.2019E+00   5.2190E+00   6.6718E-01   2.2379E+00   7.2016E-01  -1.9743E+02
   249   1.6215E+02   2.9830E-03   2.5546E+01   3.4913E+14   1.2020E+00   5.2599E+00   6.6552E-01   2.2322E+00   7.1801E-01  -1.9926E+02
   250   1.6202E+02   2.8843E-03   2.6365E+01   3.6165E+14   1.2020E+00   5.3017E+00   6.6378E-01   2.2263E+00   7.1594E-01  -2.0103E+02
   251   1.6189E+02   2.7882E-03   2.7219E+01   3.7473E+14   1.2020E+00   5.3442E+00   6.6197E-01   2.2201E+00   7.1396E-01  -2.0276E+02
   252   1.6176E+02   2.6945E-03   2.8108E+01   3.8838E+14   1.2021E+00   5.3875E+00   6.6008E-01   2.2137E+00   7.1208E-01  -2.0442E+02
   253   1.6163E+02   2.6033E-03   2.9034E+01   4.0265E+14   1.2021E+00   5.4316E+00   6.5811E-01   2.2070E+00   7.1029E-01  -2.0590E+02
   254   1.6149E+02   2.5147E-03   2.9999E+01   4.1752E+14   1.2022E+00   5.4765E+00   6.5606E-01   2.2001E+00   7.0892E-01  -2.0737E+02
   255   1.6136E+02   2.4286E-03   3.1005E+01   4.3305E+14   1.2022E+00   5.5223E+00   6.5392E-01   2.1928E+00   7.0712E-01  -2.0901E+02
   256   1.6122E+02   2.3447E-03   3.2055E+01   4.4929E+14   1.2023E+00   5.5689E+00   6.5252E-01   2.1881E+00   7.0515E-01  -2.1071E+02
   257   1.6109E+02   2.2632E-03   3.3151E+01   4.6626E+14   1.2023E+00   5.6164E+00   6.5116E-01   2.1834E+00   7.0368E-01  -2.1223E+02
   258   1.6095E+02   2.1841E-03   3.4296E+01   4.8397E+14   1.2023E+00   5.6648E+00   6.4973E-01   2.1786E+00   7.0203E-01  -2.1379E+02
   259   1.6081E+02   2.1073E-03   3.5492E+01   5.0249E+14   1.2024E+00   5.7142E+00   6.4823E-01   2.1735E+00   7.0012E-01  -2.1550E+02
   260   1.6067E+02   2.0326E-03   3.6742E+01   5.2186E+14   1.2024E+00   5.7647E+00   6.4667E-01   2.1682E+00   6.9828E-01  -2.1720E+02
   261   1.6053E+02   1.9601E-03   3.8049E+01   5.4211E+14   1.2024E+00   5.8161E+00   6.4504E-01   2.1627E+00   6.9652E-01  -2.1884E+02
   262   1.6039E+02   1.8898E-03   3.9415E+01   5.6329E+14   1.2024E+00   5.8686E+00   6.4333E-01   2.1569E+00   6.9485E-01  -2.2043E+02
   263   1.6024E+02   1.8216E-03   4.0843E+01   5.8544E+14   1.2025E+00   5.9222E+00   6.4154E-01   2.1509E+00   6.9328E-01  -2.2196E+02
   264   1.6010E+02   1.7555E-03   4.2338E+01   6.0858E+14   1.2025E+00   5.9768E+00   6.3966E-01   2.1445E+00   6.9182E-01  -2.2350E+02
   265   1.5995E+02   1.6913E-03   4.3901E+01   6.3282E+14   1.2025E+00   6.0324E+00   6.3798E-01   2.1388E+00   6.8976E-01  -2.2534E+02
   266   1.5980E+02   1.6290E-03   4.5539E+01   6.5826E+14   1.2026E+00   6.0890E+00   6.3638E-01   2.1334E+00   6.8756E-01  -2.2736E+02
   267   1.5965E+02   1.5685E-03   4.7253E+01   6.8494E+14   1.2026E+00   6.1467E+00   6.3469E-01   2.1277E+00   6.8543E-01  -2.2932E+02
   268   1.5950E+02   1.5098E-03   4.9050E+01   7.1292E+14   1.2026E+00   6.2057E+00   6.3293E-01   2.1217E+00   6.8332E-01  -2.3129E+02
   269   1.5935E+02   1.4528E-03   5.0933E+01   7.4227E+14   1.2026E+00   6.2659E+00   6.3108E-01   2.1155E+00   6.8128E-01  -2.3322E+02
   270   1.5919E+02   1.3977E-03   5.2907E+01   7.7307E+14   1.2027E+00   6.3274E+00   6.2914E-01   2.1089E+00   6.7931E-01  -2.3511E+02
   271   1.5904E+02   1.3442E-03   5.4977E+01   8.0538E+14   1.2027E+00   6.3903E+00   6.2710E-01   2.1021E+00   6.7743E-01  -2.3695E+02
   272   1.5888E+02   1.2925E-03   5.7149E+01   8.3927E+14   1.2027E+00   6.4544E+00   6.2496E-01   2.0949E+00   6.7564E-01  -2.3873E+02
   273   1.5872E+02   1.2424E-03   5.9426E+01   8.7482E+14   1.2027E+00   6.5199E+00   6.2273E-01   2.0873E+00   6.7393E-01  -2.4068E+02
   274   1.5856E+02   1.1939E-03   6.1817E+01   9.1224E+14   1.2028E+00   6.5864E+00   6.2080E-01   2.0808E+00   6.7121E-01  -2.4297E+02
   275   1.5840E+02   1.1468E-03   6.4328E+01   9.5166E+14   1.2028E+00   6.6543E+00   6.1878E-01   2.0740E+00   6.6857E-01  -2.4542E+02
   276   1.5824E+02   1.1011E-03   6.6966E+01   9.9317E+14   1.2028E+00   6.7237E+00   6.1665E-01   2.0668E+00   6.6602E-01  -2.4770E+02
   277   1.5807E+02   1.0569E-03   6.9739E+01   1.0369E+15   1.2029E+00   6.7947E+00   6.1441E-01   2.0593E+00   6.6402E-01  -2.4985E+02
   278   1.5791E+02   1.0142E-03   7.2654E+01   1.0828E+15   1.2029E+00   6.8673E+00   6.1206E-01   2.0513E+00   6.6187E-01  -2.5206E+02
   279   1.5774E+02   9.7286E-04   7.5720E+01   1.1312E+15   1.2029E+00   6.9414E+00   6.0958E-01   2.0430E+00   6.5950E-01  -2.5436E+02
   280   1.5757E+02   9.3287E-04   7.8944E+01   1.1823E+15   1.2029E+00   7.0171E+00   6.0715E-01   2.0348E+00   6.5706E-01  -2.5678E+02
   281   1.5739E+02   8.9415E-04   8.2340E+01   1.2362E+15   1.2030E+00   7.0943E+00   6.0506E-01   2.0277E+00   6.5429E-01  -2.5937E+02
   282   1.5722E+02   8.5669E-04   8.5917E+01   1.2931E+15   1.2030E+00   7.1733E+00   6.0286E-01   2.0203E+00   6.5158E-01  -2.6197E+02
   283   1.5704E+02   8.2049E-04   8.9688E+01   1.3532E+15   1.2030E+00   7.2542E+00   6.0054E-01   2.0125E+00   6.4894E-01  -2.6421E+02
   284   1.5687E+02   7.8559E-04   9.3665E+01   1.4165E+15   1.2031E+00   7.3367E+00   5.9856E-01   2.0058E+00   6.4816E-01  -2.6579E+02
   285   1.5669E+02   7.5214E-04   9.7861E+01   1.4829E+15   1.2031E+00   7.4216E+00   5.9646E-01   1.9987E+00   6.4586E-01  -2.6807E+02
   286   1.5650E+02   7.1940E-04   1.0230E+02   1.5540E+15   1.2031E+00   7.5050E+00   5.9599E-01   1.9971E+00   6.4372E-01  -2.7067E+02
