
 24-FEB-2004                           !Format date

 2.3220092209E+02     6.1000E+05       66       60

 4.0609752550E+04   1.1711876E+01   1.1691092E+06   1.0743164E+00   4.3402059E+00   1.8521305E+03   5.0000000E-02     1 
    6.6336418E-06   1.6933909E-09   6.3936747E-10   1.6855143E-09   2.9797933E-09
    2.2913177E-07   2.5574279E-05   5.5209181E-05   1.6371486E-05   1.9372380E-05
    1.5611739E-07   1.5765816E-07   4.9279012E-05   2.0401808E-03   2.5474266E-03
    7.9412581E-04   8.3626330E-04   2.4936010E-05   2.4945735E-05   3.0655265E-05
    1.9102449E-03   2.0555505E-02   2.2343143E-02   6.0445968E-03   6.0671438E-03
    3.9007110E-04   3.9006766E-04   5.7091728E-04   1.9993342E-02   2.0000981E-02
    3.9920458E-02   1.8643042E-03   3.3944205E-03   1.0182090E-01   3.9732764E-01
    9.1508000E-02   4.9667756E-03   1.1011582E-02   2.9319425E-01   4.5692649E-01
    1.7708073E-01   2.5608093E-02   8.8299831E-03   7.1414858E-01   1.8685564E+00
    1.3735933E-01   4.8788214E-02   1.3402017E-02   1.1402212E+00   1.3847049E+01
    1.5193746E-02   2.1386025E-02   7.7808092E-02   7.7073539E-02   2.2379145E+01
    1.2667965E-02   2.8149433E-02   1.1832369E-01   1.9862597E-01   4.0604658E-01
    2.4515316E-01   4.9057764E-01   8.0154174E-01   5.5102867E-01   5.2119849E-01
    4.5441640E-01

 4.0148996633E+04   1.2003404E+01   1.1962529E+06   1.0772514E+00   4.3320131E+00   1.8518940E+03   5.0000000E-02     2 
    7.4206230E-06   1.8865965E-09   7.1909978E-10   1.8205887E-09   3.2171812E-09
    2.4436416E-07   2.7036435E-05   5.8353795E-05   1.7107823E-05   2.0243301E-05
    1.6288282E-07   1.6449045E-07   5.1207439E-05   2.1114051E-03   2.6362269E-03
    8.1742333E-04   8.6077276E-04   2.5643508E-05   2.5653526E-05   3.1521681E-05
    1.9603500E-03   2.1049660E-02   2.2878761E-02   6.1713963E-03   6.1944159E-03
    3.9800572E-04   3.9800229E-04   5.8246760E-04   2.0375389E-02   2.0360839E-02
    4.0558479E-02   1.8932309E-03   3.4467418E-03   1.0332456E-01   4.0295344E-01
    9.2665926E-02   5.0284269E-03   1.1147056E-02   2.9665814E-01   4.6210943E-01
    1.7890630E-01   2.5868675E-02   8.9202025E-03   7.2114804E-01   1.8854836E+00
    1.3860294E-01   4.9211082E-02   1.3518390E-02   1.1506165E+00   1.3954295E+01
    1.5316212E-02   2.1549778E-02   7.8394836E-02   7.7661190E-02   2.2555060E+01
    1.2756262E-02   2.8341075E-02   1.1911685E-01   1.9984450E-01   4.0831193E-01
    2.4655160E-01   4.9283478E-01   8.0513096E-01   5.5330045E-01   5.2313854E-01
    4.5605182E-01

 3.9242849983E+04   1.2608744E+01   1.2524684E+06   1.0831377E+00   4.3156173E+00   1.8514128E+03   5.0000000E-02     3 
    9.2719981E-06   2.3600958E-09   9.0671415E-10   2.1229301E-09   3.7476983E-09
    2.7778092E-07   3.0200168E-05   6.5161989E-05   1.8672899E-05   2.2095857E-05
    1.7722944E-07   1.7897898E-07   5.5270541E-05   2.2605818E-03   2.8224679E-03
    8.6580082E-04   9.1166754E-04   2.7111766E-05   2.7122391E-05   3.3320078E-05
    2.0637204E-03   2.2067965E-02   2.3982529E-02   6.4312695E-03   6.4552565E-03
    4.1428226E-04   4.1427886E-04   6.0616931E-04   2.1154235E-02   2.1093112E-02
    4.1856532E-02   1.9521658E-03   3.5533850E-03   1.0636727E-01   4.1437587E-01
    9.5008516E-02   5.1535126E-03   1.1422017E-02   3.0362653E-01   4.7260176E-01
    1.8258538E-01   2.6396095E-02   9.1027836E-03   7.3516360E-01   1.9196421E+00
    1.4110642E-01   5.0065345E-02   1.3753497E-02   1.1715876E+00   1.4166192E+01
    1.5563259E-02   2.1880228E-02   7.9578609E-02   7.8846459E-02   2.2909365E+01
    1.2934371E-02   2.8727458E-02   1.2071549E-01   2.0230097E-01   4.1284910E-01
    2.4935542E-01   4.9738208E-01   8.1235858E-01   5.5794301E-01   5.2719589E-01
    4.5940928E-01

 3.7493635610E+04   1.3911577E+01   1.3728142E+06   1.0949473E+00   4.2828215E+00   1.8504188E+03   5.0000000E-02     4 
    1.4375763E-05   3.7148471E-09   1.4341221E-09   2.8768696E-09   5.0675898E-09
    3.5787906E-07   3.7578095E-05   8.1053144E-05   2.2195633E-05   2.6270395E-05
    2.0938604E-07   2.1145408E-07   6.4263443E-05   2.5866258E-03   3.2303117E-03
    9.6989614E-04   1.0211739E-03   3.0264295E-05   3.0276236E-05   3.7181621E-05
    2.2836934E-03   2.4226416E-02   2.6321793E-02   6.9765546E-03   7.0025687E-03
    4.4843396E-04   4.4843069E-04   6.5591021E-04   2.2775531E-02   2.2611129E-02
    4.4541993E-02   2.0741412E-03   3.7741780E-03   1.1261695E-01   4.3791817E-01
    9.9803390E-02   5.4102026E-03   1.1986459E-02   3.1779884E-01   4.9406931E-01
    1.9005931E-01   2.7472724E-02   9.4753959E-03   7.6345871E-01   1.9888748E+00
    1.4618478E-01   5.1802557E-02   1.4231443E-02   1.2142658E+00   1.4586634E+01
    1.6064854E-02   2.2550335E-02   8.1979763E-02   8.1251739E-02   2.3628307E+01
    1.3295221E-02   2.9509361E-02   1.2395290E-01   2.0727695E-01   4.2201329E-01
    2.5506392E-01   5.0652716E-01   8.2690133E-01   5.6730392E-01   5.3540299E-01
    4.6625615E-01

 3.4226361602E+04   1.6934670E+01   1.6493676E+06   1.1184541E+00   4.2180681E+00   1.8482892E+03   5.0000000E-02     5 
    3.3254441E-05   8.9993026E-09   3.4979520E-09   5.1752425E-09   9.0706202E-09
    5.8343384E-07   5.7262656E-05   1.2349059E-04   3.0979890E-05   3.6682407E-05
    2.8888366E-07   2.9174035E-07   8.5957815E-05   3.3546487E-03   4.1912121E-03
    1.2076607E-03   1.2712231E-03   3.7429066E-05   3.7444058E-05   4.5953294E-05
    2.7765532E-03   2.9011324E-02   3.1504089E-02   8.1658258E-03   8.1962542E-03
    5.2262673E-04   5.2262399E-04   7.6393674E-04   2.6263705E-02   2.5895787E-02
    5.0234527E-02   2.3320940E-03   4.2411058E-03   1.2573723E-01   4.8750374E-01
    1.0975833E-01   5.9440391E-03   1.3160230E-02   3.4704880E-01   5.3844059E-01
    2.0535894E-01   2.9686772E-02   1.0241759E-02   8.2115916E-01   2.1289849E+00
    1.5657108E-01   5.5347909E-02   1.5206677E-02   1.3020610E+00   1.5424348E+01
    1.7088884E-02   2.3910990E-02   8.6853879E-02   8.6145887E-02   2.5100075E+01
    1.4026827E-02   3.1090602E-02   1.3049990E-01   2.1729328E-01   4.4045054E-01
    2.6677461E-01   5.2480605E-01   8.5602924E-01   5.8596610E-01   5.5209663E-01
    4.8042640E-01

 2.8520750143E+04   2.5081481E+01   2.3817295E+06   1.1635943E+00   4.0949984E+00   1.8433866E+03   5.0000000E-02     6 
    1.4598976E-04   4.5758874E-08   1.8046174E-08   1.5063019E-08   2.5993413E-08
    1.4113518E-06   1.2264868E-04   2.6423643E-04   5.6608879E-05   6.7082213E-05
    5.1758186E-07   5.2271589E-07   1.4548023E-04   5.3665341E-03   6.7107929E-03
    1.7969633E-03   1.8904990E-03   5.5031969E-05   5.5054841E-05   6.7488649E-05
    3.9546568E-03   4.0228102E-02   4.3631998E-02   1.0867718E-02   1.0908129E-02
    6.9019184E-04   6.9019188E-04   1.0078531E-03   3.3992793E-02   3.3216252E-02
    6.2500355E-02   2.8863189E-03   5.2445717E-03   1.5350866E-01   5.9296468E-01
    1.3040870E-01   7.0559765E-03   1.5605507E-02   4.0702520E-01   6.3002317E-01
    2.3623586E-01   3.4205438E-02   1.1806041E-02   9.3678225E-01   2.4046414E+00
    1.7759051E-01   6.2482993E-02   1.7167889E-02   1.4825065E+00   1.7016038E+01
    1.9158141E-02   2.6622897E-02   9.6568292E-02   9.5964254E-02   2.8101238E+01
    1.5483609E-02   3.4218522E-02   1.4346299E-01   2.3697283E-01   4.7663441E-01
    2.9077785E-01   5.6045460E-01   9.1231647E-01   6.2218152E-01   5.8469264E-01
    5.0885340E-01

 2.0043212954E+04   5.2958295E+01   4.8556606E+06   1.2365326E+00   3.9291279E+00   1.8309608E+03   5.0000000E-02     7 
    1.0713865E-03   5.1878785E-07   2.1327677E-07   7.4757107E-08   1.2166425E-07
    5.1307748E-06   3.7221441E-04   8.0159360E-04   1.3717324E-04   1.6298929E-04
    1.2145642E-06   1.2268528E-06   3.1608458E-04   1.0692196E-02   1.3420305E-02
    3.2338808E-03   3.3977126E-03   9.6673946E-05   9.6718838E-05   1.1813161E-04
    6.6709493E-03   6.5348372E-02   7.0680454E-02   1.6601350E-02   1.6662548E-02
    1.0366005E-03   1.0366179E-03   1.5081689E-03   4.9831769E-02   4.7973481E-02
    8.6622702E-02   3.9405249E-03   7.1392583E-03   2.0662600E-01   7.9873443E-01
    1.6854855E-01   9.0610269E-03   1.9978922E-02   5.1635124E-01   8.0121901E-01
    2.9068133E-01   4.1986562E-02   1.4524475E-02   1.1399195E+00   2.8651890E+00
    2.1557759E-01   7.4436862E-02   2.0476502E-02   1.8332494E+00   1.9413729E+01
    2.2882509E-02   3.1117743E-02   1.1247452E-01   1.1282731E-01   3.3937306E+01
    1.7921919E-02   3.9328289E-02   1.6431330E-01   2.6738351E-01   5.3428342E-01
    3.3091816E-01   6.1336308E-01   9.9978668E-01   6.7377807E-01   6.3056649E-01
    5.5007006E-01

 1.4119083367E+04   1.1034278E+02   9.8795511E+06   1.2876449E+00   3.8186497E+00   1.8135681E+03   5.0000000E-02     8 
    2.9228316E-03   2.5915848E-06   1.1142742E-06   2.2712537E-07   3.2270325E-07
    1.1434161E-05   7.3985291E-04   1.5821946E-03   2.4034926E-04   2.8577501E-04
    2.0763758E-06   2.0979905E-06   5.1779434E-04   1.6524384E-02   2.0772153E-02
    4.7028088E-03   4.9343226E-03   1.3730602E-04   1.3737988E-04   1.6712538E-04
    9.2432834E-03   8.9282479E-02   9.6274205E-02   2.1630472E-02   2.1708455E-02
    1.3338256E-03   1.3338842E-03   1.9319129E-03   6.3006512E-02   5.9156468E-02
    1.0650173E-01   4.7710078E-03   8.6120067E-03   2.4752983E-01   9.7005518E-01
    1.9772700E-01   1.0552173E-02   2.3178697E-02   5.9509569E-01   9.4256207E-01
    3.2962149E-01   4.7421171E-02   1.6470909E-02   1.2764979E+00   3.1703508E+00
    2.4526787E-01   8.2487706E-02   2.2759191E-02   2.1545967E+00   2.0153560E+01
    2.5902799E-02   3.4145218E-02   1.2279979E-01   1.2523946E-01   3.9349117E+01
    1.9676880E-02   4.2705385E-02   1.7742428E-01   2.8447205E-01   5.7090219E-01
    3.6197521E-01   6.3427934E-01   1.0492048E+00   6.9446340E-01   6.4731167E-01
    5.6894543E-01

 9.9694485334E+03   2.2824870E+02   2.0085987E+07   1.3242964E+00   3.7389246E+00   1.7892224E+03   5.0000000E-02     9 
    4.5266403E-03   8.3850569E-06   3.7642678E-06   5.8928189E-07   6.4555172E-07
    1.9517254E-05   1.1488019E-03   2.4568344E-03   3.5087123E-04   4.1742776E-04
    2.9830165E-06   3.0118472E-06   7.3158509E-04   2.2093588E-02   2.7850865E-02
    6.0473219E-03   6.3355301E-03   1.7377204E-04   1.7387518E-04   2.1038421E-04
    1.1501033E-02   1.0963967E-01   1.1785696E-01   2.5992995E-02   2.6081210E-02
    1.5801710E-03   1.5802837E-03   2.2754580E-03   7.3695543E-02   6.7323213E-02
    1.2361126E-01   5.4183668E-03   9.7434164E-03   2.7933215E-01   1.1318308E+00
    2.2054944E-01   1.1672856E-02   2.5546713E-02   6.5317256E-01   1.0683173E+00
    3.5796544E-01   5.1332437E-02   1.7908017E-02   1.3702881E+00   3.3540872E+00
    2.7120321E-01   8.8167205E-02   2.4397031E-02   2.4900968E+00   1.9624990E+01
    2.8728306E-02   3.6284330E-02   1.2994864E-01   1.3584390E-01   4.5123757E+01
    2.1189488E-02   4.5064167E-02   1.8637788E-01   2.9558250E-01   5.9924731E-01
    3.8427772E-01   6.3815533E-01   1.0767828E+00   7.0287449E-01   6.5280984E-01
    5.8278428E-01

 7.0657827420E+03   4.7038523E+02   4.0757391E+07   1.3550205E+00   3.6679162E+00   1.7554379E+03   5.0000000E-02    10 
    5.5541356E-03   2.2760472E-05   1.0542674E-05   1.6779072E-06   1.2458865E-06
    3.0220625E-05   1.5955329E-03   3.4047319E-03   4.7485402E-04   5.6430412E-04
    4.0406002E-06   4.0482787E-06   9.9876663E-04   2.7605935E-02   3.4951761E-02
    7.4730098E-03   7.8280104E-03   2.0966788E-04   2.0972473E-04   2.5156884E-04
    1.3899427E-02   1.3029548E-01   1.3992590E-01   3.0309327E-02   3.0395371E-02
    1.8083222E-03   1.8083244E-03   2.5803029E-03   8.4707093E-02   7.3288664E-02
    1.4062564E-01   5.9887198E-03   1.0700099E-02   3.1191294E-01   1.2971152E+00
    2.4264709E-01   1.2627983E-02   2.7472896E-02   7.1299116E-01   1.1980897E+00
    3.8407170E-01   5.4410750E-02   1.9107066E-02   1.4662408E+00   3.4626243E+00
    2.9958127E-01   9.2518833E-02   2.5710587E-02   2.8972868E+00   1.8620871E+01
    3.1926980E-02   3.7965541E-02   1.3523667E-01   1.4675382E-01   5.2213764E+01
    2.2940170E-02   4.6893528E-02   1.9277668E-01   3.0159561E-01   6.2190850E-01
    4.0694986E-01   6.2652287E-01   1.0918350E+00   7.1059064E-01   6.4169534E-01
    5.8285879E-01

 5.0387610194E+03   9.6442796E+02   8.2315025E+07   1.3865236E+00   3.6000969E+00   1.7092192E+03   5.0000000E-02    11 
    6.7251144E-03   6.0962975E-05   2.8766946E-05   5.7272120E-06   2.9283882E-06
    4.9344502E-05   2.1639480E-03   4.6375032E-03   6.4374976E-04   7.5922305E-04
    5.8008690E-06   5.5696163E-06   1.4587939E-03   3.3967935E-02   4.3239670E-02
    9.3936146E-03   9.8385825E-03   2.5403521E-04   2.5346446E-04   2.9940475E-04
    1.7191375E-02   1.5646735E-01   1.6808622E-01   3.5800734E-02   3.5851791E-02
    2.0742364E-03   2.0728466E-03   2.9152504E-03   9.9712116E-02   7.9662274E-02
    1.6207303E-01   6.6281549E-03   1.1715315E-02   3.5656519E-01   1.5058446E+00
    2.7056052E-01   1.3676541E-02   2.9467589E-02   7.9728510E-01   1.3569534E+00
    4.1699261E-01   5.7540564E-02   2.0401958E-02   1.6065491E+00   3.5472518E+00
    3.3773027E-01   9.6879139E-02   2.7084233E-02   3.4567958E+00   1.7613291E+01
    3.6328796E-02   3.9708651E-02   1.4045057E-01   1.6132600E-01   6.1941297E+01
    2.5784662E-02   4.8781151E-02   1.9901299E-01   3.0725894E-01   6.4095630E-01
    4.3731405E-01   6.0598659E-01   1.1047388E+00   7.2386960E-01   6.2631519E-01
    5.7549894E-01

 3.6185073439E+03   1.9731256E+03   1.6566788E+08   1.4224680E+00   3.5283791E+00   1.6467958E+03   5.0000000E-02    12 
    8.8410338E-03   1.7239699E-04   8.1769124E-05   2.2455127E-05   9.4440094E-06
    9.5865785E-05   3.0316384E-03   6.5273256E-03   9.1567869E-04   1.0549050E-03
    1.0583352E-05   8.7171283E-06   2.4987786E-03   4.1958624E-02   5.3779047E-02
    1.2390707E-02   1.2946443E-02   3.2065140E-04   3.1605539E-04   3.6290883E-04
    2.2336588E-02   1.9226178E-01   2.0779278E-01   4.3717684E-02   4.3627682E-02
    2.4363177E-03   2.4264918E-03   3.3390690E-03   1.2273227E-01   8.9319211E-02
    1.9129330E-01   7.4650494E-03   1.2967969E-02   4.2420383E-01   1.7772895E+00
    3.0949803E-01   1.5029801E-02   3.1900997E-02   9.2723584E-01   1.5543249E+00
    4.6386956E-01   6.1342734E-02   2.2059943E-02   1.8289940E+00   3.6184916E+00
    3.9269416E-01   1.0217053E-01   2.8823637E-02   4.2521056E+00   1.6921942E+01
    4.2967658E-02   4.1920974E-02   1.4682804E-01   1.8369245E-01   7.5614601E+01
    3.1278267E-02   5.1189228E-02   2.0670477E-01   3.1427882E-01   6.5923584E-01
    4.8476605E-01   5.8131488E-01   1.1193505E+00   7.6152376E-01   6.0576248E-01
    5.5893972E-01

 2.6184006632E+03   4.0368419E+03   3.3321176E+08   1.4638710E+00   3.4576265E+00   1.5637150E+03   5.0000000E-02    13 
    1.2742812E-02   5.1158829E-04   2.4296755E-04   9.3473012E-05   4.0181038E-05
    2.3293059E-04   4.3371099E-03   9.5180412E-03   1.4121831E-03   1.5414542E-03
    3.0703647E-05   1.9469707E-05   5.4040406E-03   5.1988374E-02   6.7123164E-02
    1.7541846E-02   1.7947184E-02   4.4501237E-04   4.1995217E-04   4.5191201E-04
    3.0807408E-02   2.3904696E-01   2.6195039E-01   5.5603924E-02   5.5038678E-02
    2.9931895E-03   2.9424775E-03   3.9079655E-03   1.5961607E-01   1.0500313E-01
    2.3092268E-01   8.6598059E-03   1.4623083E-02   5.2970899E-01   2.1075669E+00
    3.6490792E-01   1.6928216E-02   3.5116610E-02   1.1326414E+00   1.7881471E+00
    5.3168446E-01   6.6420456E-02   2.4388168E-02   2.1882200E+00   3.6259605E+00
    4.7256591E-01   1.0934479E-01   3.1295300E-02   5.3663463E+00   1.7359900E+01
    5.3430579E-02   4.5104418E-02   1.5577660E-01   2.2127219E-01   9.4400736E+01
    4.2790596E-02   5.4694579E-02   2.1799932E-01   3.2998861E-01   6.7451697E-01
    5.6635886E-01   5.5250213E-01   1.1118080E+00   8.3989903E-01   6.0299010E-01
    5.4853838E-01

 1.9131566512E+03   8.2742594E+03   6.7047675E+08   1.5129522E+00   3.3862339E+00   1.4557258E+03   5.0000000E-02    14 
    2.0805105E-02   1.5847072E-03   7.7118667E-04   3.9745758E-04   2.0923890E-04
    6.9180369E-04   6.1182580E-03   1.4162955E-02   2.4568934E-03   2.4639025E-03
    1.3496622E-04   8.0424647E-05   1.4834250E-02   6.4635604E-02   8.4344696E-02
    2.7553159E-02   2.5900396E-02   7.6899843E-04   6.6277136E-04   5.8943581E-04
    4.4722963E-02   2.9275721E-01   3.2835102E-01   7.3681986E-02   7.1710938E-02
    4.0813158E-03   3.8673697E-03   4.7456946E-03   2.1674223E-01   1.2734644E-01
    2.8217770E-01   1.0608411E-02   1.7038641E-02   6.8441610E-01   2.4388387E+00
    4.4301498E-01   1.9938735E-02   3.9847722E-02   1.4330371E+00   2.0453995E+00
    6.2998281E-01   7.4041795E-02   2.8097986E-02   2.7139320E+00   3.6179033E+00
    5.8396096E-01   1.2037718E-01   3.5378911E-02   6.8490268E+00   1.9193520E+01
    7.0488400E-02   5.0498499E-02   1.7021990E-01   2.8865296E-01   1.1857061E+02
    6.7255674E-02   6.0790574E-02   2.3741342E-01   3.7107395E-01   6.8714625E-01
    6.9241087E-01   5.5267203E-01   1.0552716E+00   9.5489780E-01   6.3710855E-01
    5.5396374E-01

 1.4162150480E+03   1.6978909E+04   1.3485861E+09   1.5670262E+00   3.3184640E+00   1.3208149E+03   5.0000000E-02    15 
    3.5284940E-02   4.6938167E-03   2.4225075E-03   1.6245512E-03   1.0997394E-03
    2.2263393E-03   8.2132059E-03   1.9555022E-02   4.7093751E-03   4.3539556E-03
    6.8571584E-04   4.8027043E-04   4.2345203E-02   7.8411909E-02   1.0346047E-01
    4.8193145E-02   3.5530763E-02   1.8536200E-03   1.5057002E-03   7.9485261E-04
    6.3808727E-02   3.3655310E-01   3.8712802E-01   9.8274559E-02   9.2648836E-02
    6.9583813E-03   6.1938958E-03   5.8360627E-03   2.8586480E-01   1.5096069E-01
    3.3411424E-01   1.3947068E-02   2.0061596E-02   8.5161206E-01   2.5978774E+00
    5.3177660E-01   2.4837763E-02   4.5642467E-02   1.7483358E+00   2.2452796E+00
    7.4721621E-01   8.3284666E-02   3.4029350E-02   3.2401214E+00   3.6794442E+00
    7.1620238E-01   1.3372781E-01   4.2484742E-02   8.6163260E+00   1.8401527E+01
    9.7957087E-02   5.9608394E-02   1.8798442E-01   4.0236401E-01   1.4595845E+02
    1.1317293E-01   7.1735458E-02   2.6225094E-01   4.4249768E-01   6.7084821E-01
    8.2924298E-01   6.0747300E-01   8.8754597E-01   1.0756457E+00   7.1371876E-01
    5.8646142E-01

 1.0663210636E+03   3.4946484E+04   2.7026844E+09   1.6146998E+00   3.2388367E+00   1.1625717E+03   5.0000000E-02    16 
    4.8208860E-02   1.0362957E-02   6.1987646E-03   5.1295560E-03   4.1473211E-03
    6.4294249E-03   1.0397811E-02   2.3779748E-02   8.9281142E-03   8.4134117E-03
    3.0660298E-03   2.5095549E-03   9.1975849E-02   8.9531928E-02   1.1748160E-01
    8.3444914E-02   4.3932589E-02   5.4634794E-03   4.6455682E-03   1.1349855E-03
    8.3110027E-02   3.5718137E-01   4.1810621E-01   1.2549433E-01   1.1364795E-01
    1.6583612E-02   1.4434678E-02   6.9687261E-03   3.3934238E-01   1.6944712E-01
    3.6684268E-01   2.1617014E-02   2.2940970E-02   9.4879032E-01   2.5220018E+00
    5.7902481E-01   3.4663251E-02   5.0847964E-02   1.9130559E+00   2.0461990E+00
    8.2473641E-01   9.1240450E-02   4.4724564E-02   3.4463645E+00   3.2075197E+00
    8.4644188E-01   1.4491497E-01   5.8451449E-02   1.0587244E+01   7.6231609E+00
    1.4155069E-01   7.5676466E-02   2.0281158E-01   5.7706324E-01   1.7466351E+02
    1.8099751E-01   9.2062705E-02   2.8376002E-01   5.1938349E-01   6.2436813E-01
    8.8759342E-01   6.6069588E-01   7.4291173E-01   1.1000374E+00   8.5626174E-01
    6.4722631E-01

 8.1906076735E+02   7.3867384E+04   5.4424729E+09   1.6623751E+00   3.0901177E+00   9.7853031E+02   5.0000000E-02    17 
    6.0450515E-02   1.8013903E-02   1.5113875E-02   1.1926789E-02   1.1108856E-02
    1.7327171E-02   1.2647373E-02   2.6040335E-02   1.6640290E-02   1.8768727E-02
    1.0253139E-02   9.5910048E-03   1.8778265E-01   1.0950784E-01   1.4684113E-01
    1.0932818E-01   7.4239351E-02   1.5120773E-02   1.4324114E-02   2.1552894E-03
    1.2694796E-01   3.7698434E-01   4.5273705E-01   1.6686917E-01   1.5636322E-01
    3.3610375E-02   3.1673004E-02   8.8740206E-03   4.7880616E-01   2.1390019E-01
    4.2670831E-01   4.3599003E-02   2.7330801E-02   1.2671111E+00   2.3389101E+00
    6.7325974E-01   5.8510782E-02   5.8430165E-02   2.5371068E+00   1.2965498E+00
    9.8779704E-01   1.0269700E-01   6.9823873E-02   4.4947900E+00   1.8664395E+00
    1.1106604E+00   1.6115387E-01   9.1593642E-02   1.4281450E+01   7.5449217E+00
    2.2836437E-01   1.1037708E-01   2.2536847E-01   9.9427488E-01   2.2666453E+02
    3.2857194E-01   1.3378826E-01   3.1883693E-01   6.3515458E-01   6.7414323E-01
    7.9936441E-01   6.6649266E-01   7.7896934E-01   9.6709898E-01   1.0141587E+00
    7.8294887E-01

 6.4565332556E+02   1.6336623E+05   1.0969570E+10   1.7120971E+00   2.7720576E+00   7.8132558E+02   5.0000000E-02    18 
    7.0095120E-02   3.1599902E-02   3.4448878E-02   2.8045274E-02   2.6451320E-02
    4.4493954E-02   1.7937044E-02   2.8271291E-02   3.2398661E-02   4.0852504E-02
    2.9890510E-02   2.8307770E-02   3.6642104E-01   1.3031093E-01   2.0978239E-01
    1.0325543E-01   1.0314060E-01   4.4368618E-02   4.2570346E-02   5.5611237E-03
    1.9485521E-01   3.7656579E-01   4.6168596E-01   2.2854524E-01   2.3818571E-01
    4.0257518E-02   3.9170694E-02   1.3001587E-02   6.6649839E-01   2.8668333E-01
    5.4340898E-01   7.3810592E-02   3.5555539E-02   1.6702965E+00   2.2507724E+00
    8.6995075E-01   1.1718004E-01   7.1293159E-02   3.3421160E+00   1.1568784E+00
    1.2642430E+00   1.2231156E-01   1.3103149E-01   5.7214832E+00   1.7077147E+00
    1.4963555E+00   1.8895908E-01   1.4749742E-01   1.9763998E+01   8.3141622E-01
    3.9239281E-01   1.8984969E-01   2.6571406E-01   1.9134657E+00   2.9738915E+02
    5.9022473E-01   2.1890930E-01   3.8678770E-01   8.8088034E-01   7.4173332E-01
    6.6825735E-01   6.4085567E-01   7.1901180E-01   8.3924548E-01   1.0077476E+00
    9.2254677E-01

 5.2394858203E+02   3.6276527E+05   2.2106545E+10   1.7806641E+00   2.4533304E+00   5.8879453E+02   5.0000003E-02    19 
    1.0580091E-01   6.6123135E-02   7.0625578E-02   7.5934915E-02   7.4775442E-02
    9.5396798E-02   3.4508418E-02   4.3330813E-02   6.7574346E-02   8.9755209E-02
    1.0083296E-01   9.9332519E-02   3.9404068E-01   1.3189543E-01   2.4489419E-01
    1.6405445E-01   1.6329489E-01   1.1513446E-01   1.1496853E-01   2.1323349E-02
    2.3160362E-01   3.6295871E-01   4.4753022E-01   2.8298291E-01   3.0034479E-01
    9.4538559E-02   9.4880454E-02   2.4764514E-02   6.1018609E-01   3.6182429E-01
    5.5556618E-01   1.4944643E-01   5.3951398E-02   1.4199400E+00   1.8934399E+00
    8.5205633E-01   1.9080866E-01   9.1657931E-02   2.8554238E+00   1.0583491E+00
    1.1740341E+00   1.4786407E-01   2.7334130E-01   4.5961849E+00   1.7125250E+00
    1.3528950E+00   2.2051981E-01   2.8017300E-01   1.6005248E+01   1.8906365E+00
    5.1309536E-01   3.9017389E-01   3.0371599E-01   2.4792498E+00   2.2209088E+02
    7.8502710E-01   3.6463293E-01   4.4077205E-01   9.6617558E-01   8.0357890E-01
    6.3629123E-01   6.2370713E-01   6.7426577E-01   7.9398129E-01   8.1650072E-01
    8.9565641E-01

 4.3836479881E+02   7.9531701E+05   4.4637189E+10   1.8759926E+00   2.1925737E+00   4.1663041E+02   5.0000884E-02    20 
    2.2492844E-01   1.5844825E-01   1.9236785E-01   2.0607657E-01   2.0525822E-01
    2.5985562E-01   9.5051412E-02   1.0014253E-01   1.3643489E-01   1.9669507E-01
    2.6381511E-01   2.6347115E-01   9.2075219E-01   1.6491738E-01   2.4892666E-01
    2.2626678E-01   2.6275305E-01   2.6524171E-01   2.6881534E-01   6.6678652E-02
    2.5280290E-01   3.9293100E-01   4.2237887E-01   3.5840965E-01   3.8751311E-01
    1.9779947E-01   2.0286114E-01   5.8977517E-02   4.8143590E-01   4.7705681E-01
    5.5161460E-01   2.9177796E-01   9.2090850E-02   9.1926187E-01   1.1938903E+00
    7.6122997E-01   3.6047621E-01   1.2573064E-01   1.7633277E+00   9.9424563E-01
    9.9415762E-01   1.8180082E-01   5.1219713E-01   2.5620526E+00   1.3370385E+00
    1.0486118E+00   2.5335980E-01   5.7242545E-01   8.8313668E+00   1.3445566E+00
    6.3886752E-01   5.2853816E-01   3.3038366E-01   2.2953363E+00   1.0834148E+02
    8.2943443E-01   5.3636828E-01   4.5204652E-01   8.4391434E-01   7.4672254E-01
    6.4467361E-01   6.4430169E-01   6.7744816E-01   7.3873115E-01   7.7615727E-01
    8.5203803E-01

 3.7939525303E+02   1.7172862E+06   8.8661263E+10   1.9925393E+00   1.9413630E+00   2.7961051E+02   5.0085103E-02    21 
    5.5970502E-01   4.3525299E-01   4.8007500E-01   6.3488713E-01   6.3795121E-01
    5.8706252E-01   2.5534120E-01   2.7416936E-01   3.1384762E-01   4.2136485E-01
    6.3714598E-01   6.4359567E-01   2.0650038E+00   3.2666471E-01   3.6294970E-01
    3.6848260E-01   3.8795104E-01   6.7160263E-01   6.8306930E-01   1.8577531E-01
    2.9143782E-01   6.1295897E-01   6.1806990E-01   5.3362710E-01   5.5504884E-01
    4.8062577E-01   4.9177781E-01   1.6485495E-01   4.1261382E-01   6.3963509E-01
    6.8617148E-01   7.2181372E-01   1.8653905E-01   5.8140930E-01   9.7590936E-01
    8.1264559E-01   7.4560869E-01   2.1098470E-01   1.0385967E+00   1.0645613E+00
    1.0033402E+00   2.6622711E-01   9.6323152E-01   1.1752094E+00   1.2153847E+00
    1.0201591E+00   3.3343852E-01   1.2449613E+00   3.4223974E+00   1.2882963E+00
    7.9307748E-01   1.0530907E+00   4.0158315E-01   1.6083882E+00   3.2691278E+01
    7.2895867E-01   8.5180117E-01   4.9980625E-01   7.5293105E-01   7.4229598E-01
    6.6681641E-01   6.5574808E-01   6.4606728E-01   6.4991538E-01   6.5291802E-01
    6.6452400E-01

 3.4116776719E+02   3.3899591E+06   1.5939673E+11   2.0890454E+00   1.6812251E+00   1.8539148E+02   5.1967465E-02    22 
    9.6961051E-01   8.6226098E-01   8.9870786E-01   1.2533655E+00   1.2521103E+00
    1.0043303E+00   4.8640528E-01   5.1502913E-01   5.1093400E-01   8.0696137E-01
    9.7445461E-01   9.7268426E-01   2.5702699E+00   5.6197630E-01   6.2079003E-01
    5.6601720E-01   6.0642707E-01   1.0984387E+00   1.1217125E+00   3.1350084E-01
    3.6993016E-01   7.9993922E-01   9.0443401E-01   7.2957850E-01   7.6617068E-01
    9.4073277E-01   9.7084242E-01   2.7088941E-01   4.6322922E-01   8.2161492E-01
    8.7818027E-01   1.0585576E+00   3.0372686E-01   5.3734357E-01   1.0672210E+00
    1.0095179E+00   1.1835110E+00   3.2332942E-01   9.2269325E-01   1.2419997E+00
    1.1961005E+00   3.7288656E-01   1.3597101E+00   8.0540881E-01   1.2572243E+00
    1.3727577E+00   4.4191983E-01   2.2967779E+00   1.6256282E+00   1.1042518E+00
    1.0120199E+00   1.6832784E+00   5.1688694E-01   1.2307635E+00   9.1032532E+00
    6.8762861E-01   1.0972523E+00   6.0088524E-01   7.6745788E-01   8.2687649E-01
    7.7405850E-01   7.4157253E-01   7.1232280E-01   6.9685652E-01   6.8675284E-01
    6.8336204E-01

 3.1536759784E+02   5.3292180E+06   2.2232040E+11   2.1357760E+00   1.3800662E+00   1.2324138E+02   6.5617872E-02    23 
    1.0175637E+00   9.5710200E-01   9.9633847E-01   1.4615574E+00   1.4580853E+00
    1.2191690E+00   6.2743551E-01   6.5470020E-01   5.3427132E-01   8.1851802E-01
    1.2597835E+00   1.2543874E+00   2.2657197E+00   7.1675947E-01   6.8389989E-01
    6.9561308E-01   7.4517955E-01   1.2130748E+00   1.2305773E+00   4.4273128E-01
    4.1445520E-01   8.2924213E-01   9.7829130E-01   8.1791084E-01   8.6045853E-01
    1.4574447E+00   1.4798605E+00   3.5898945E-01   5.0295929E-01   8.8072115E-01
    9.5742035E-01   1.1945101E+00   4.1524813E-01   5.6320238E-01   1.1208153E+00
    1.1123664E+00   1.3170550E+00   4.2078491E-01   9.3539370E-01   1.3577331E+00
    1.2352398E+00   4.7326250E-01   1.4712336E+00   7.8449169E-01   1.2651616E+00
    1.3889304E+00   5.3567511E-01   1.9194830E+00   1.3175967E+00   1.0120538E+00
    1.1159805E+00   2.2179179E+00   6.0977458E-01   1.1578784E+00   4.9514946E+00
    6.9556252E-01   1.0754022E+00   6.8138573E-01   8.0783297E-01   8.6347046E-01
    8.4947737E-01   8.1262804E-01   7.8443686E-01   7.6774199E-01   7.5695357E-01
    7.5310146E-01

 2.9677955386E+02   6.3074080E+06   2.2166807E+11   2.1532853E+00   1.0047473E+00   8.1945259E+01   1.1186492E-01    24 
    9.1669170E-01   8.6362712E-01   9.3709114E-01   1.3205758E+00   1.3169807E+00
    1.2751025E+00   6.7295904E-01   6.4720947E-01   5.0092025E-01   6.6460992E-01
    1.3550571E+00   1.3566506E+00   1.6410604E+00   7.2745740E-01   6.3300048E-01
    7.1673887E-01   7.5244455E-01   1.0503696E+00   1.0471901E+00   5.0681306E-01
    4.2322780E-01   8.4585701E-01   9.1058716E-01   8.4632962E-01   8.8817321E-01
    1.5103329E+00   1.5026842E+00   4.1667634E-01   5.1943546E-01   8.9126472E-01
    9.6886200E-01   1.3156598E+00   4.7228410E-01   5.9325969E-01   1.1463816E+00
    1.1452326E+00   1.2794938E+00   4.7321583E-01   9.4871104E-01   1.3732855E+00
    1.1989582E+00   5.2938287E-01   1.4021894E+00   7.9301859E-01   1.2167783E+00
    1.2651045E+00   5.8574043E-01   1.3892328E+00   1.2287447E+00   1.0275988E+00
    1.1329350E+00   2.5285012E+00   6.5331168E-01   1.1120422E+00   3.7989763E+00
    7.2112865E-01   1.0050367E+00   7.1592653E-01   8.2978747E-01   8.8456110E-01
    8.6751995E-01   8.3015066E-01   8.0343565E-01   7.8849045E-01   7.7823976E-01
    7.7467800E-01

 2.8263194096E+02   6.3920888E+06   2.0133530E+11   2.1701897E+00   7.9617882E-01   5.4580823E+01   2.0402289E-01    25 
    9.7718428E-01   8.8356380E-01   1.0153802E+00   1.2469631E+00   1.2437908E+00
    1.3838384E+00   7.0239003E-01   6.1321989E-01   4.8839207E-01   5.4558908E-01
    1.3408276E+00   1.3464936E+00   1.1894237E+00   7.2960456E-01   6.2456029E-01
    7.2804001E-01   7.5277202E-01   8.7141619E-01   8.5226474E-01   5.0896674E-01
    4.4753425E-01   9.1227811E-01   8.9911406E-01   8.9130177E-01   9.3601912E-01
    1.3383951E+00   1.3092859E+00   4.4212727E-01   5.5895510E-01   9.6212097E-01
    1.0116480E+00   1.3577546E+00   4.9157685E-01   6.6014702E-01   1.2356874E+00
    1.2146789E+00   1.2524818E+00   5.0127650E-01   9.8689505E-01   1.3713803E+00
    1.2036706E+00   5.6037482E-01   1.3395838E+00   8.3729785E-01   1.2168000E+00
    1.2738181E+00   6.1739876E-01   1.3157557E+00   1.2054616E+00   1.1194459E+00
    1.1437191E+00   2.5408496E+00   6.8249509E-01   1.1049143E+00   3.2193633E+00
    7.8807864E-01   9.9211336E-01   7.4280807E-01   8.5843377E-01   9.1905148E-01
    8.8564745E-01   8.4806054E-01   8.2161216E-01   8.0901883E-01   7.9935171E-01
    7.9603356E-01

 2.6960573354E+02   6.6842555E+06   2.0343960E+11   2.2030986E+00   7.3688271E-01   3.5212639E+01   3.4374362E-01    26 
    1.3107410E+00   1.1511761E+00   1.3678735E+00   1.4196712E+00   1.4169485E+00
    1.7605272E+00   8.4924233E-01   6.9181436E-01   5.6475675E-01   5.3896491E-01
    1.4829245E+00   1.4908467E+00   9.7497842E-01   8.3597251E-01   7.2273107E-01
    8.3021321E-01   8.4405501E-01   8.1631118E-01   7.8497852E-01   5.6154132E-01
    5.4867889E-01   1.0964978E+00   1.0302954E+00   1.0341717E+00   1.0832779E+00
    1.2558894E+00   1.2130520E+00   5.0547275E-01   6.8893086E-01   1.1642872E+00
    1.1618798E+00   1.4373878E+00   5.5728997E-01   8.1274281E-01   1.4524220E+00
    1.4012600E+00   1.3404853E+00   5.7893858E-01   1.1037854E+00   1.4568374E+00
    1.3073187E+00   6.4251984E-01   1.4013834E+00   9.6591198E-01   1.3154547E+00
    1.4060302E+00   7.0447817E-01   1.4717896E+00   1.1794179E+00   1.3506328E+00
    1.2125736E+00   2.5338194E+00   7.7097052E-01   1.1563742E+00   2.3914345E+00
    9.3930741E-01   1.0813904E+00   8.3289005E-01   9.5299872E-01   1.0185565E+00
    9.7302068E-01   9.3500080E-01   9.0845858E-01   8.9762294E-01   8.8816922E-01
    8.8492878E-01

 2.5764827333E+02   7.6444850E+06   2.3509006E+11   2.2404248E+00   7.5649976E-01   2.4111758E+01   4.7527530E-01    27 
    1.7704019E+00   1.5434806E+00   1.8754476E+00   1.6656393E+00   1.6623710E+00
    2.1818363E+00   1.0357286E+00   8.0816031E-01   6.6978168E-01   5.8759598E-01
    1.6046045E+00   1.6148454E+00   8.7726053E-01   9.8574391E-01   8.7040502E-01
    9.4817036E-01   9.5165479E-01   7.7212364E-01   7.3299738E-01   6.1354459E-01
    6.9576983E-01   1.3254380E+00   1.2179169E+00   1.1849217E+00   1.2292301E+00
    1.1618835E+00   1.1122672E+00   5.6983011E-01   8.7999158E-01   1.4162952E+00
    1.3159553E+00   1.4696443E+00   6.3321175E-01   1.0056748E+00   1.6808513E+00
    1.5702367E+00   1.4183894E+00   6.7328612E-01   1.2516070E+00   1.5296764E+00
    1.4087198E+00   7.4168970E-01   1.4714201E+00   1.1356709E+00   1.4236788E+00
    1.5428938E+00   8.1033140E-01   1.6666561E+00   1.1731026E+00   1.6123731E+00
    1.2901901E+00   2.4206208E+00   8.7923430E-01   1.2458038E+00   1.7166673E+00
    1.1233500E+00   1.1935653E+00   9.4314622E-01   1.0599883E+00   1.1261938E+00
    1.0781140E+00   1.0439923E+00   1.0200150E+00   1.0113967E+00   1.0030472E+00
    1.0002387E+00

 2.5284315310E+02   7.9978963E+06   2.8399733E+11   2.2391204E+00   1.0295836E+00   1.6406831E+01   5.9980716E-01    28 
    1.9664601E+00   1.7101829E+00   2.0635623E+00   1.6282985E+00   1.6247049E+00
    2.2222110E+00   1.0097114E+00   7.4771511E-01   6.4957287E-01   5.2854702E-01
    1.3712691E+00   1.3754743E+00   7.0977512E-01   1.0079667E+00   9.0116131E-01
    9.5941735E-01   9.5306183E-01   6.2529388E-01   5.8887283E-01   5.2137290E-01
    7.7580908E-01   1.4314899E+00   1.3003925E+00   1.2275497E+00   1.2560393E+00
    9.6037325E-01   9.1639032E-01   5.0837959E-01   9.9987664E-01   1.5524797E+00
    1.3716666E+00   1.2950528E+00   5.8701354E-01   1.1214153E+00   1.7638414E+00
    1.6076666E+00   1.3862902E+00   6.4966834E-01   1.3204187E+00   1.5037391E+00
    1.4330981E+00   7.2658100E-01   1.4334066E+00   1.2370651E+00   1.4449999E+00
    1.5864063E+00   8.0479114E-01   1.7274096E+00   1.1766714E+00   1.6952442E+00
    1.3470712E+00   2.1734616E+00   8.8254605E-01   1.2858722E+00   1.4117007E+00
    1.2376491E+00   1.2127116E+00   9.5571718E-01   1.0746817E+00   1.1432453E+00
    1.0997858E+00   1.0754996E+00   1.0572872E+00   1.0516861E+00   1.0453082E+00
    1.0433673E+00

 2.5249561080E+02   8.2741675E+06   3.5887431E+11   2.2201097E+00   1.4794740E+00   1.1025596E+01   7.0782709E-01    29 
    1.8095843E+00   1.5711850E+00   1.8677753E+00   1.4628085E+00   1.4592920E+00
    2.0649456E+00   9.0886512E-01   6.5706773E-01   5.9324094E-01   4.5293749E-01
    1.2119421E+00   1.2072538E+00   5.9098118E-01   9.5629302E-01   8.5114140E-01
    9.2307668E-01   9.1112679E-01   5.3893407E-01   5.0594568E-01   4.5779643E-01
    7.6516424E-01   1.4150438E+00   1.2785385E+00   1.2044606E+00   1.2235372E+00
    8.5288252E-01   8.1362323E-01   4.5552090E-01   1.0000310E+00   1.5512566E+00
    1.3591447E+00   1.1671588E+00   5.3868567E-01   1.1335649E+00   1.7453391E+00
    1.5877301E+00   1.3494007E+00   6.0859556E-01   1.3087981E+00   1.4729886E+00
    1.4190418E+00   6.9017178E-01   1.3969484E+00   1.2502867E+00   1.4399082E+00
    1.5752614E+00   7.7348790E-01   1.6911092E+00   1.1905227E+00   1.6678202E+00
    1.3654312E+00   2.0040281E+00   8.5802734E-01   1.2892684E+00   1.4406467E+00
    1.2548064E+00   1.1828223E+00   9.3614068E-01   1.0548739E+00   1.1194775E+00
    1.0826160E+00   1.0645308E+00   1.0504563E+00   1.0465249E+00   1.0416303E+00
    1.0402252E+00

 2.5232965034E+02   8.8224021E+06   4.8411396E+11   2.2092639E+00   2.1358175E+00   7.2812071E+00   7.9527634E-01    30 
    1.7134117E+00   1.5241816E+00   1.7369458E+00   1.3797939E+00   1.3767624E+00
    1.9863037E+00   8.5662081E-01   6.1407865E-01   5.6730000E-01   4.1634603E-01
    1.1371728E+00   1.1289118E+00   5.3255666E-01   9.2896254E-01   8.2364458E-01
    9.0871304E-01   8.8369718E-01   4.9500208E-01   4.6500955E-01   4.2740195E-01
    7.6161413E-01   1.4051843E+00   1.2640554E+00   1.1968338E+00   1.1971912E+00
    7.9676513E-01   7.6095680E-01   4.2973138E-01   1.0031700E+00   1.5471375E+00
    1.3474186E+00   1.0948413E+00   5.1591631E-01   1.1418097E+00   1.7208022E+00
    1.5652678E+00   1.3299564E+00   5.9028306E-01   1.2987369E+00   1.4477781E+00
    1.4065666E+00   6.7466100E-01   1.3785019E+00   1.2598861E+00   1.4334011E+00
    1.5637824E+00   7.6169116E-01   1.6605220E+00   1.1924103E+00   1.6388560E+00
    1.3737728E+00   1.8735020E+00   8.5181096E-01   1.2849604E+00   1.3953981E+00
    1.2597219E+00   1.1597665E+00   9.3109509E-01   1.0429563E+00   1.1011822E+00
    1.0719997E+00   1.0585431E+00   1.0478704E+00   1.0450149E+00   1.0413402E+00
    1.0403339E+00

 2.5211718651E+02   9.4722933E+06   6.7417253E+11   2.2046980E+00   3.0639271E+00   4.8523386E+00   8.5812550E-01    31 
    1.6753266E+00   1.5717262E+00   1.6758272E+00   1.3578814E+00   1.3562273E+00
    1.9768595E+00   8.4059641E-01   6.0201123E-01   5.6207079E-01   4.0194847E-01
    1.0983801E+00   1.0892476E+00   4.9243433E-01   9.2506231E-01   8.1832693E-01
    9.1636977E-01   8.7156703E-01   4.7149717E-01   4.4425090E-01   4.1177541E-01
    7.7635679E-01   1.4102066E+00   1.2649283E+00   1.2100292E+00   1.1829208E+00
    7.6718749E-01   7.3421261E-01   4.1686277E-01   1.0256230E+00   1.5546272E+00
    1.3454385E+00   1.0533219E+00   5.0655525E-01   1.1615018E+00   1.7010839E+00
    1.5475721E+00   1.3231904E+00   5.8534046E-01   1.2945560E+00   1.4245701E+00
    1.4007295E+00   6.7223004E-01   1.3717645E+00   1.2790132E+00   1.4302362E+00
    1.5583662E+00   7.6295882E-01   1.6425841E+00   1.1925065E+00   1.6139793E+00
    1.3817376E+00   1.7648897E+00   8.5853035E-01   1.2770712E+00   1.3037572E+00
    1.2669166E+00   1.1417635E+00   9.3705236E-01   1.0387908E+00   1.0903074E+00
    1.0686440E+00   1.0590550E+00   1.0512538E+00   1.0492278E+00   1.0465458E+00
    1.0458544E+00

 2.5188137174E+02   1.0269983E+07   9.6419402E+11   2.2044499E+00   4.3542591E+00   3.2294094E+00   9.0304731E-01    32 
    1.6595277E+00   1.6218480E+00   1.6538128E+00   1.3600233E+00   1.3592524E+00
    1.9974850E+00   8.5166969E-01   6.1474372E-01   5.6791106E-01   4.0923175E-01
    1.0838029E+00   1.0758110E+00   4.7537744E-01   9.3532812E-01   8.2998240E-01
    9.3227463E-01   8.7572939E-01   4.6772539E-01   4.4293595E-01   4.0898538E-01
    8.0533848E-01   1.4199851E+00   1.2748643E+00   1.2266995E+00   1.1819285E+00
    7.6055974E-01   7.3010508E-01   4.1617957E-01   1.0640160E+00   1.5624921E+00
    1.3454266E+00   1.0422275E+00   5.0976688E-01   1.1873526E+00   1.6819150E+00
    1.5273281E+00   1.3157165E+00   5.9295167E-01   1.2938302E+00   1.4052882E+00
    1.3951483E+00   6.8191382E-01   1.3657562E+00   1.3058919E+00   1.4319006E+00
    1.5526162E+00   7.7619961E-01   1.6277398E+00   1.2051427E+00   1.6018627E+00
    1.3849809E+00   1.6736870E+00   8.7656421E-01   1.2734341E+00   1.2617896E+00
    1.2739281E+00   1.1303796E+00   9.5196847E-01   1.0410224E+00   1.0852818E+00
    1.0704455E+00   1.0639054E+00   1.0584253E+00   1.0570256E+00   1.0551502E+00
    1.0547034E+00

 2.5164272963E+02   1.1080207E+07   1.4026014E+12   2.1997088E+00   6.2091772E+00   2.1494861E+00   9.3431422E-01    33 
    1.5407343E+00   1.5308661E+00   1.5377806E+00   1.3024182E+00   1.3021719E+00
    1.9425367E+00   8.5090834E-01   6.2264993E-01   5.6459723E-01   4.1997707E-01
    1.0522300E+00   1.0461373E+00   4.6524216E-01   9.3007252E-01   8.3265147E-01
    9.3248606E-01   8.7442363E-01   4.6806901E-01   4.4620730E-01   4.0616664E-01
    8.3036395E-01   1.4074769E+00   1.2682161E+00   1.2209106E+00   1.1703015E+00
    7.5472753E-01   7.2745328E-01   4.1718994E-01   1.0994576E+00   1.5443180E+00
    1.3260537E+00   1.0341537E+00   5.1520377E-01   1.2022013E+00   1.6361162E+00
    1.4825250E+00   1.2889696E+00   6.0306372E-01   1.2800042E+00   1.3731873E+00
    1.3732598E+00   6.9405094E-01   1.3447287E+00   1.3232417E+00   1.4225248E+00
    1.5283910E+00   7.9142900E-01   1.5943002E+00   1.2191410E+00   1.5801364E+00
    1.3746559E+00   1.5732846E+00   8.9467168E-01   1.2639186E+00   1.2399897E+00
    1.2690078E+00   1.1185570E+00   9.6490192E-01   1.0398550E+00   1.0766641E+00
    1.0677420E+00   1.0637939E+00   1.0602775E+00   1.0594424E+00   1.0582442E+00
    1.0579972E+00

 2.5141218615E+02   1.1949382E+07   2.0628251E+12   2.1887366E+00   8.8175714E+00   1.4312485E+00   9.5574128E-01    34 
    1.3111327E+00   1.3092251E+00   1.3108605E+00   1.1714375E+00   1.1714931E+00
    1.7905988E+00   8.2657638E-01   6.1482729E-01   5.5029063E-01   4.2677344E-01
    9.9195422E-01   9.8779254E-01   4.5613997E-01   9.0161033E-01   8.1795440E-01
    9.1327731E-01   8.5823337E-01   4.6807111E-01   4.4926431E-01   3.9864363E-01
    8.4421098E-01   1.3634956E+00   1.2344229E+00   1.1882643E+00   1.1359586E+00
    7.4203981E-01   7.1803302E-01   4.1584859E-01   1.1217668E+00   1.4911136E+00
    1.2819027E+00   1.0168778E+00   5.1867333E-01   1.2004519E+00   1.5552424E+00
    1.4085427E+00   1.2383242E+00   6.1128952E-01   1.2484624E+00   1.3234442E+00
    1.3309283E+00   7.0447805E-01   1.3047021E+00   1.3212659E+00   1.3932839E+00
    1.4791416E+00   8.0382166E-01   1.5339573E+00   1.2270759E+00   1.5371881E+00
    1.3488737E+00   1.4593491E+00   9.0676022E-01   1.2434131E+00   1.2185419E+00
    1.2475139E+00   1.1014786E+00   9.7039052E-01   1.0314095E+00   1.0610701E+00
    1.0568106E+00   1.0549551E+00   1.0530189E+00   1.0526704E+00   1.0520029E+00
    1.0519061E+00

 2.5118725200E+02   1.3153260E+07   3.0555438E+12   2.1749173E+00   1.2193889E+01   9.5341389E-01   9.7028327E-01    35 
    1.0422393E+00   1.0422379E+00   1.0426530E+00   1.0010752E+00   1.0012295E+00
    1.5769157E+00   7.8692161E-01   5.9485449E-01   5.3180688E-01   4.3149995E-01
    9.1248378E-01   9.0992136E-01   4.4750975E-01   8.5625277E-01   7.9088233E-01
    8.7947119E-01   8.2975053E-01   4.6864238E-01   4.5270069E-01   3.8792134E-01
    8.4745057E-01   1.2922632E+00   1.1765690E+00   1.1333843E+00   1.0810561E+00
    7.2287297E-01   7.0193786E-01   4.1273587E-01   1.1281585E+00   1.4075990E+00
    1.2183989E+00   9.8770770E-01   5.2036264E-01   1.1846278E+00   1.4461862E+00
    1.3133037E+00   1.1679693E+00   6.1721938E-01   1.2021544E+00   1.2592894E+00
    1.2715844E+00   7.1279585E-01   1.2483315E+00   1.2964046E+00   1.3426555E+00
    1.4064191E+00   8.1203285E-01   1.4483654E+00   1.2242596E+00   1.4699018E+00
    1.3072331E+00   1.3389558E+00   9.1068121E-01   1.2115211E+00   1.1912846E+00
    1.2107416E+00   1.0780998E+00   9.6701115E-01   1.0154870E+00   1.0387360E+00
    1.0377871E+00   1.0374866E+00   1.0367290E+00   1.0367592E+00   1.0364714E+00
    1.0364730E+00

 2.5092403970E+02   1.5810457E+07   4.5559340E+12   2.1665986E+00   1.5356112E+01   6.3431506E-01   9.8012422E-01    36 
    7.9827901E-01   7.9825847E-01   7.9871161E-01   8.3380022E-01   8.3378812E-01
    1.3432993E+00   7.5514215E-01   5.7859102E-01   5.2451673E-01   4.4835171E-01
    8.3571401E-01   8.3430324E-01   4.4645816E-01   8.0775244E-01   7.6581683E-01
    8.3900799E-01   7.9773573E-01   4.7883041E-01   4.6572164E-01   3.8313439E-01
    8.4378784E-01   1.2018464E+00   1.1029943E+00   1.0630237E+00   1.0136344E+00
    7.0375366E-01   6.8604641E-01   4.1441307E-01   1.1188840E+00   1.3015625E+00
    1.1425569E+00   9.4994092E-01   5.2577163E-01   1.1572290E+00   1.3185225E+00
    1.2055797E+00   1.0852684E+00   6.2494113E-01   1.1451325E+00   1.1847955E+00
    1.1992772E+00   7.2218484E-01   1.1798348E+00   1.2464774E+00   1.2705062E+00
    1.3124938E+00   8.1767311E-01   1.3410766E+00   1.2032536E+00   1.3754474E+00
    1.2478443E+00   1.2197282E+00   9.0732338E-01   1.1673401E+00   1.1547012E+00
    1.1613753E+00   1.0493427E+00   9.5586230E-01   9.9345007E-01   1.0111403E+00
    1.0122957E+00   1.0130673E+00   1.0131275E+00   1.0134221E+00   1.0133865E+00
    1.0134447E+00

 2.5061070883E+02   2.2459897E+07   6.8249476E+12   2.1788378E+00   1.6258178E+01   4.2163940E-01   9.8674148E-01    37 
    6.5129390E-01   6.5089855E-01   6.5178189E-01   7.2496080E-01   7.2463226E-01
    1.1627507E+00   7.6638457E-01   5.8968875E-01   5.5692890E-01   5.0171071E-01
    8.0187780E-01   8.0090530E-01   4.6852496E-01   7.8378118E-01   7.6680162E-01
    8.1155921E-01   7.8165691E-01   5.1304893E-01   5.0253220E-01   4.0389884E-01
    8.4271475E-01   1.1191961E+00   1.0386780E+00   9.9920009E-01   9.5597223E-01
    7.0039635E-01   6.8603814E-01   4.3505036E-01   1.1024003E+00   1.1996050E+00
    1.0738500E+00   9.1729969E-01   5.4748939E-01   1.1282582E+00   1.2012163E+00
    1.1112899E+00   1.0151568E+00   6.4615327E-01   1.0955280E+00   1.1197193E+00
    1.1334894E+00   7.4109234E-01   1.1190489E+00   1.1854046E+00   1.1938172E+00
    1.2176243E+00   8.2887850E-01   1.2346629E+00   1.1657376E+00   1.2695666E+00
    1.1809930E+00   1.1204394E+00   9.0560248E-01   1.1192127E+00   1.1142511E+00
    1.1104816E+00   1.0219991E+00   9.4589777E-01   9.7429425E-01   9.8723582E-01
    9.8936357E-01   9.9064474E-01   9.9113064E-01   9.9154078E-01   9.9163737E-01
    9.9171614E-01

 2.5025463861E+02   3.8701888E+07   9.9295533E+12   2.2198144E+00   1.3596680E+01   2.8942601E-01   9.9087891E-01    38 
    5.9863288E-01   5.9802680E-01   5.9915068E-01   6.7612376E-01   6.7555773E-01
    1.0461339E+00   8.1962662E-01   6.2606741E-01   6.4242204E-01   6.0188426E-01
    8.2031389E-01   8.1933872E-01   5.1713687E-01   7.9375050E-01   7.9678896E-01
    8.0970569E-01   7.9179956E-01   5.7814922E-01   5.6967807E-01   4.6714934E-01
    8.4575304E-01   1.0599699E+00   9.9692790E-01   9.5801740E-01   9.2248044E-01
    7.2104703E-01   7.0973133E-01   4.8460935E-01   1.0821657E+00   1.1202406E+00
    1.0237992E+00   8.9878673E-01   5.9216848E-01   1.1011262E+00   1.1147719E+00
    1.0467568E+00   9.7244293E-01   6.8598668E-01   1.0609556E+00   1.0741894E+00
    1.0861086E+00   7.7208604E-01   1.0769141E+00   1.1295086E+00   1.1296535E+00
    1.1414666E+00   8.4881418E-01   1.1510638E+00   1.1197486E+00   1.1747380E+00
    1.1191708E+00   1.0537317E+00   9.1091063E-01   1.0754133E+00   1.0757177E+00
    1.0676126E+00   1.0016727E+00   9.4294380E-01   9.6391492E-01   9.7311604E-01
    9.7547057E-01   9.7682665E-01   9.7744416E-01   9.7785741E-01   9.7799844E-01
    9.7807594E-01

 2.4991250901E+02   7.2666191E+07   1.3365483E+13   2.2797377E+00   9.4834669E+00   2.1511920E-01   9.9321226E-01    39 
    5.9812082E-01   5.9750727E-01   5.9859680E-01   6.6207207E-01   6.6148238E-01
    9.7306678E-01   8.7215823E-01   6.6213802E-01   7.4674048E-01   7.1376721E-01
    8.6260959E-01   8.6165299E-01   5.7562498E-01   8.2120167E-01   8.3389400E-01
    8.2975075E-01   8.2115419E-01   6.6308386E-01   6.5577232E-01   5.6748306E-01
    8.4736862E-01   1.0228515E+00   9.7410500E-01   9.4024827E-01   9.1193307E-01
    7.5712464E-01   7.4799251E-01   5.5670805E-01   1.0566626E+00   1.0669942E+00
    9.9316158E-01   8.9400911E-01   6.5119129E-01   1.0753227E+00   1.0615128E+00
    1.0101242E+00   9.5284904E-01   7.3493604E-01   1.0373885E+00   1.0447618E+00
    1.0549753E+00   8.0802000E-01   1.0494098E+00   1.0874135E+00   1.0850577E+00
    1.0914995E+00   8.7237727E-01   1.0976015E+00   1.0786840E+00   1.1071029E+00
    1.0727851E+00   1.0177345E+00   9.2108392E-01   1.0425284E+00   1.0452889E+00
    1.0373938E+00   9.8984987E-01   9.4586838E-01   9.6135063E-01   9.6801941E-01
    9.7019555E-01   9.7142160E-01   9.7201858E-01   9.7238888E-01   9.7253271E-01
    9.7260210E-01

 2.4956372922E+02   1.4735070E+08   1.7299408E+13   2.3576742E+00   5.7019385E+00   1.6643823E-01   9.9474405E-01    40 
    6.2136374E-01   6.2083589E-01   6.2176528E-01   6.6813044E-01   6.6765551E-01
    9.2477476E-01   9.0997017E-01   6.9554333E-01   8.4187101E-01   8.1412875E-01
    9.0906903E-01   9.0824536E-01   6.4498422E-01   8.5681594E-01   8.7328846E-01
    8.6776981E-01   8.6696166E-01   7.6952094E-01   7.6307895E-01   7.0316602E-01
    8.5026705E-01   9.9864200E-01   9.6272234E-01   9.3861805E-01   9.1747104E-01
    8.0546300E-01   7.9832528E-01   6.5446507E-01   1.0284273E+00   1.0298931E+00
    9.7572305E-01   9.0082704E-01   7.2609055E-01   1.0502154E+00   1.0273781E+00
    9.8937400E-01   9.4685151E-01   7.9352005E-01   1.0187525E+00   1.0229247E+00
    1.0313263E+00   8.4991312E-01   1.0278748E+00   1.0544725E+00   1.0521999E+00
    1.0566560E+00   9.0017498E-01   1.0609918E+00   1.0456189E+00   1.0596610E+00
    1.0390373E+00   9.9927296E-01   9.3592953E-01   1.0194608E+00   1.0232961E+00
    1.0169407E+00   9.8474928E-01   9.5393178E-01   9.6484927E-01   9.6955128E-01
    9.7132276E-01   9.7231559E-01   9.7281751E-01   9.7312020E-01   9.7324646E-01
    9.7330376E-01

 2.4919652948E+02   3.1162360E+08   2.1847175E+13   2.4554171E+00   3.0058952E+00   1.3210021E-01   9.9582602E-01    41 
    6.6291755E-01   6.6248814E-01   6.6324977E-01   6.9549521E-01   6.9517362E-01
    9.0315257E-01   9.3760609E-01   7.3489451E-01   9.0706590E-01   8.8361921E-01
    9.4425959E-01   9.4362908E-01   7.3059737E-01   8.9947379E-01   9.1665359E-01
    9.2044689E-01   9.2550551E-01   8.8408963E-01   8.7844678E-01   8.4689302E-01
    8.6368685E-01   9.8841555E-01   9.6392078E-01   9.5158260E-01   9.3716182E-01
    8.6269271E-01   8.5743581E-01   7.7002173E-01   1.0067169E+00   1.0091624E+00
    9.7229620E-01   9.1947144E-01   8.1158047E-01   1.0313715E+00   1.0095277E+00
    9.8239330E-01   9.5263575E-01   8.5769179E-01   1.0066953E+00   1.0089363E+00
    1.0152105E+00   8.9533726E-01   1.0127272E+00   1.0314296E+00   1.0300040E+00
    1.0336842E+00   9.3057757E-01   1.0368464E+00   1.0240578E+00   1.0306811E+00
    1.0185230E+00   9.9338237E-01   9.5436527E-01   1.0070880E+00   1.0112633E+00
    1.0064740E+00   9.8605966E-01   9.6628429E-01   9.7340116E-01   9.7648942E-01
    9.7774240E-01   9.7844830E-01   9.7881303E-01   9.7903148E-01   9.7912639E-01
    9.7916806E-01

 2.4880182570E+02   6.3782894E+08   2.6998906E+13   2.5740469E+00   1.4178286E+00   1.0730043E-01   9.9660822E-01    42 
    7.1917312E-01   7.1881373E-01   7.1946116E-01   7.4236059E-01   7.4216854E-01
    9.0763603E-01   9.6077796E-01   7.8488679E-01   9.4431377E-01   9.2287600E-01
    9.6642598E-01   9.6596204E-01   8.2656231E-01   9.4677977E-01   9.6127553E-01
    9.7521605E-01   9.8175496E-01   9.7444018E-01   9.6914188E-01   9.5320508E-01
    8.9327864E-01   9.9251013E-01   9.7703336E-01   9.7471823E-01   9.6552682E-01
    9.2076450E-01   9.1666997E-01   8.7729284E-01   9.9740064E-01   1.0037380E+00
    9.8085565E-01   9.4625620E-01   8.8991873E-01   1.0218755E+00   1.0049580E+00
    9.8612049E-01   9.6636780E-01   9.1469252E-01   1.0025080E+00   1.0035349E+00
    1.0077140E+00   9.3601328E-01   1.0057066E+00   1.0186401E+00   1.0179773E+00
    1.0209969E+00   9.5790803E-01   1.0232124E+00   1.0137300E+00   1.0165194E+00
    1.0089961E+00   9.9493180E-01   9.7222523E-01   1.0031823E+00   1.0072450E+00
    1.0035252E+00   9.9116936E-01   9.7939549E-01   9.8363144E-01   9.8547537E-01
    9.8623592E-01   9.8666938E-01   9.8689513E-01   9.8703072E-01   9.8709084E-01
    9.8711664E-01

 2.4836973207E+02   1.1509338E+09   3.2680356E+13   2.7116716E+00   6.1599436E-01   8.9286182E-02   9.9717681E-01    43 
    7.7470744E-01   7.7438215E-01   7.7498049E-01   7.9234890E-01   7.9224484E-01
    9.2534274E-01   9.7881859E-01   8.3554489E-01   9.6681544E-01   9.4785452E-01
    9.8145512E-01   9.8109314E-01   9.0901105E-01   9.8694102E-01   9.9590480E-01
    1.0140519E+00   1.0180337E+00   1.0232156E+00   1.0184416E+00   1.0087063E+00
    9.3150391E-01   1.0028926E+00   9.9402929E-01   9.9801138E-01   9.9238597E-01
    9.6874081E-01   9.6540677E-01   9.5431428E-01   9.9624085E-01   1.0058698E+00
    9.9363899E-01   9.7288628E-01   9.4655669E-01   1.0177621E+00   1.0066094E+00
    9.9382554E-01   9.8120661E-01   9.5532985E-01   1.0027465E+00   1.0032804E+00
    1.0059120E+00   9.6550286E-01   1.0043550E+00   1.0126433E+00   1.0125308E+00
    1.0148717E+00   9.7757168E-01   1.0163859E+00   1.0098782E+00   1.0106679E+00
    1.0052021E+00   9.9837272E-01   9.8553312E-01   1.0029130E+00   1.0064494E+00
    1.0033838E+00   9.9620148E-01   9.8950734E-01   9.9182726E-01   9.9283085E-01
    9.9323021E-01   9.9346323E-01   9.9358309E-01   9.9365519E-01   9.9368749E-01
    9.9370100E-01

 2.4788569948E+02   1.7368601E+09   3.8687786E+13   2.8670879E+00   2.5229500E-01   7.6639717E-02   9.9757617E-01    44 
    8.1808658E-01   8.1779089E-01   8.1836505E-01   8.3235728E-01   8.3232641E-01
    9.4458613E-01   9.9234867E-01   8.7800273E-01   9.8074163E-01   9.6506076E-01
    9.8962409E-01   9.8935057E-01   9.6067462E-01   1.0088918E+00   1.0122800E+00
    1.0306199E+00   1.0316393E+00   1.0387351E+00   1.0347794E+00   1.0287588E+00
    9.6635012E-01   1.0109784E+00   1.0067545E+00   1.0132470E+00   1.0097719E+00
    9.9860649E-01   9.9591013E-01   9.9603532E-01   9.9697507E-01   1.0077364E+00
    1.0031622E+00   9.9162975E-01   9.7962180E-01   1.0152644E+00   1.0086347E+00
    1.0000971E+00   9.9218615E-01   9.7976031E-01   1.0036317E+00   1.0039971E+00
    1.0055648E+00   9.8322501E-01   1.0043981E+00   1.0092156E+00   1.0093213E+00
    1.0108966E+00   9.8909524E-01   1.0118130E+00   1.0082112E+00   1.0079697E+00
    1.0032452E+00   1.0002657E+00   9.9321483E-01   1.0029552E+00   1.0056711E+00
    1.0030922E+00   9.9905800E-01   9.9527533E-01   9.9649178E-01   9.9701355E-01
    9.9721181E-01   9.9733382E-01   9.9739327E-01   9.9742785E-01   9.9744380E-01
    9.9745019E-01

 2.4732462064E+02   2.2339752E+09   4.5051414E+13   3.0413420E+00   9.9881321E-02   6.8139244E-02   9.9784471E-01    45 
    8.4987579E-01   8.4967789E-01   8.5017818E-01   8.6189427E-01   8.6195386E-01
    9.5767102E-01   1.0009980E+00   9.0852104E-01   9.8871711E-01   9.7577079E-01
    9.9342014E-01   9.9324604E-01   9.8219584E-01   1.0132903E+00   1.0128655E+00
    1.0309334E+00   1.0300697E+00   1.0345389E+00   1.0313179E+00   1.0282602E+00
    9.9018797E-01   1.0133661E+00   1.0119432E+00   1.0182632E+00   1.0157269E+00
    1.0099495E+00   1.0076994E+00   1.0097960E+00   9.9666586E-01   1.0062632E+00
    1.0064984E+00   1.0001378E+00   9.9362502E-01   1.0117633E+00   1.0079969E+00
    1.0024050E+00   9.9735772E-01   9.9119506E-01   1.0031990E+00   1.0033725E+00
    1.0041844E+00   9.9140862E-01   1.0032242E+00   1.0060592E+00   1.0060923E+00
    1.0069748E+00   9.9407876E-01   1.0073975E+00   1.0062538E+00   1.0055737E+00
    1.0015446E+00   9.9996341E-01   9.9622330E-01   1.0019441E+00   1.0037407E+00
    1.0017953E+00   9.9959473E-01   9.9733665E-01   9.9801512E-01   9.9831847E-01
    9.9844365E-01   9.9852643E-01   9.9856330E-01   9.9858280E-01   9.9859283E-01
    9.9859654E-01

 2.4665080761E+02   2.6248588E+09   5.2525729E+13   3.2330292E+00   4.0295202E-02   6.1638392E-02   9.9805012E-01    46 
    8.7545537E-01   8.7534833E-01   8.7581881E-01   8.8622070E-01   8.8633472E-01
    9.6400117E-01   1.0011936E+00   9.2973590E-01   9.9077873E-01   9.8052849E-01
    9.9287550E-01   9.9276227E-01   9.8747761E-01   1.0084815E+00   1.0061156E+00
    1.0223108E+00   1.0206857E+00   1.0218867E+00   1.0193928E+00   1.0183550E+00
    1.0001646E+00   1.0104536E+00   1.0100580E+00   1.0151206E+00   1.0127588E+00
    1.0090510E+00   1.0071777E+00   1.0083477E+00   9.9501521E-01   1.0020197E+00
    1.0040101E+00   1.0002316E+00   9.9615590E-01   1.0062368E+00   1.0042018E+00
    1.0006963E+00   9.9744313E-01   9.9435667E-01   1.0006652E+00   1.0007179E+00
    1.0010853E+00   9.9381949E-01   1.0002436E+00   1.0023278E+00   1.0021221E+00
    1.0024532E+00   9.9523728E-01   1.0025300E+00   1.0032099E+00   1.0025335E+00
    9.9977336E-01   9.9837563E-01   9.9653385E-01   1.0000680E+00   1.0011128E+00
    9.9991908E-01   9.9872203E-01   9.9727563E-01   9.9773893E-01   9.9797106E-01
    9.9808689E-01   9.9816412E-01   9.9820121E-01   9.9822032E-01   9.9823094E-01
    9.9823469E-01

 2.4582840521E+02   3.0534591E+09   6.2368986E+13   3.4437142E+00   1.7097971E-02   5.4546310E-02   9.9827427E-01    47 
    9.0269079E-01   9.0250027E-01   9.0309665E-01   9.1181063E-01   9.1192339E-01
    9.6968621E-01   9.9553363E-01   9.4796873E-01   9.9126516E-01   9.8406315E-01
    9.9196000E-01   9.9187282E-01   9.8881332E-01   1.0022633E+00   1.0001298E+00
    1.0116238E+00   1.0105794E+00   1.0101369E+00   1.0084619E+00   1.0082787E+00
    1.0012238E+00   1.0055701E+00   1.0052835E+00   1.0088358E+00   1.0064033E+00
    1.0042328E+00   1.0028158E+00   1.0031062E+00   9.9334870E-01   9.9821665E-01
    1.0001714E+00   9.9820618E-01   9.9570773E-01   1.0007260E+00   1.0002178E+00
    9.9844109E-01   9.9667417E-01   9.9520429E-01   9.9834344E-01   9.9856158E-01
    9.9885948E-01   9.9494858E-01   9.9824820E-01   9.9982488E-01   9.9947201E-01
    9.9947438E-01   9.9590650E-01   9.9941611E-01   1.0006655E+00   1.0003885E+00
    9.9888902E-01   9.9761804E-01   9.9678607E-01   9.9895871E-01   9.9951653E-01
    9.9893894E-01   9.9821563E-01   9.9733242E-01   9.9767566E-01   9.9786315E-01
    9.9796559E-01   9.9803192E-01   9.9806850E-01   9.9808798E-01   9.9809855E-01
    9.9810219E-01

 2.4483939426E+02   3.7117922E+09   7.6973439E+13   3.6828001E+00   7.5826714E-03   4.5649484E-02   9.9855553E-01    48 
    9.3216589E-01   9.3176323E-01   9.3251883E-01   9.3875510E-01   9.3883566E-01
    9.7754992E-01   9.9085907E-01   9.6624248E-01   9.9314172E-01   9.8901095E-01
    9.9289864E-01   9.9282466E-01   9.9147428E-01   9.9873196E-01   9.9772992E-01
    1.0042761E+00   1.0042494E+00   1.0032382E+00   1.0023608E+00   1.0023517E+00
    1.0002882E+00   1.0022012E+00   1.0017674E+00   1.0041635E+00   1.0018351E+00
    1.0009713E+00   1.0000278E+00   9.9986220E-01   9.9414104E-01   9.9722285E-01
    9.9851744E-01   9.9758528E-01   9.9624783E-01   9.9829503E-01   9.9859698E-01
    9.9793703E-01   9.9719150E-01   9.9644625E-01   9.9802324E-01   9.9833479E-01
    9.9862153E-01   9.9653890E-01   9.9823850E-01   9.9933690E-01   9.9896306E-01
    9.9880326E-01   9.9722563E-01   9.9872026E-01   9.9979498E-01   9.9986794E-01
    9.9919469E-01   9.9815183E-01   9.9780847E-01   9.9911221E-01   9.9937679E-01
    9.9920878E-01   9.9865531E-01   9.9818095E-01   9.9841439E-01   9.9854421E-01
    9.9861545E-01   9.9866030E-01   9.9868672E-01   9.9870135E-01   9.9870880E-01
    9.9871130E-01

 2.4369699689E+02   4.7602975E+09   9.9385339E+13   3.9594358E+00   3.4842035E-03   3.6065024E-02   9.9885863E-01    49 
    9.5804520E-01   9.5763170E-01   9.5832063E-01   9.6259630E-01   9.6262666E-01
    9.8493635E-01   9.9108135E-01   9.8130869E-01   9.9555894E-01   9.9365693E-01
    9.9464025E-01   9.9456936E-01   9.9420839E-01   9.9778211E-01   9.9728138E-01
    1.0007508E+00   1.0010660E+00   9.9990185E-01   9.9954554E-01   9.9957598E-01
    9.9962368E-01   1.0005500E+00   9.9998796E-01   1.0015437E+00   9.9974031E-01
    9.9942813E-01   9.9884282E-01   9.9858905E-01   9.9651679E-01   9.9783813E-01
    9.9841520E-01   9.9784350E-01   9.9732307E-01   9.9811874E-01   9.9847803E-01
    9.9830027E-01   9.9800435E-01   9.9765717E-01   9.9860283E-01   9.9881656E-01
    9.9901542E-01   9.9794922E-01   9.9878617E-01   9.9948853E-01   9.9919849E-01
    9.9900835E-01   9.9843046E-01   9.9892573E-01   9.9970790E-01   9.9983830E-01
    9.9967291E-01   9.9890663E-01   9.9879703E-01   9.9954242E-01   9.9964088E-01
    9.9968103E-01   9.9925681E-01   9.9903036E-01   9.9917537E-01   9.9925306E-01
    9.9929440E-01   9.9931975E-01   9.9933501E-01   9.9934386E-01   9.9934802E-01
    9.9934936E-01

 2.4243205738E+02   6.3991416E+09   1.3393003E+14   4.2774472E+00   1.6839617E-03   2.7150394E-02   9.9914063E-01    50 
    9.7628129E-01   9.7612664E-01   9.7652330E-01   9.7974462E-01   9.7972416E-01
    9.9029757E-01   9.9409814E-01   9.9082113E-01   9.9731726E-01   9.9661326E-01
    9.9648666E-01   9.9641788E-01   9.9614484E-01   9.9797220E-01   9.9753913E-01
    9.9948705E-01   9.9958084E-01   9.9868371E-01   9.9854908E-01   9.9866757E-01
    9.9904467E-01   9.9972787E-01   9.9922108E-01   1.0001106E+00   9.9911208E-01
    9.9887374E-01   9.9855660E-01   9.9842401E-01   9.9840789E-01   9.9861598E-01
    9.9877254E-01   9.9836693E-01   9.9828777E-01   9.9865571E-01   9.9885330E-01
    9.9880220E-01   9.9865242E-01   9.9858776E-01   9.9915236E-01   9.9924710E-01
    9.9934310E-01   9.9890869E-01   9.9920404E-01   9.9964528E-01   9.9947677E-01
    9.9936082E-01   9.9921002E-01   9.9930385E-01   9.9978594E-01   9.9986003E-01
    9.9992512E-01   9.9943580E-01   9.9941787E-01   9.9979960E-01   9.9981131E-01
    9.9991502E-01   9.9964102E-01   9.9954779E-01   9.9962745E-01   9.9966814E-01
    9.9968918E-01   9.9970165E-01   9.9970928E-01   9.9971378E-01   9.9971579E-01
    9.9971641E-01

 2.4108324980E+02   9.0209430E+09   1.8896471E+14   4.6387914E+00   8.8373473E-04   1.9486491E-02   9.9938313E-01    51 
    9.8723578E-01   9.8733076E-01   9.8746989E-01   9.8994004E-01   9.8989915E-01
    9.9386514E-01   9.9676748E-01   9.9544723E-01   9.9827681E-01   9.9801770E-01
    9.9799431E-01   9.9794279E-01   9.9756694E-01   9.9857940E-01   9.9815577E-01
    9.9927700E-01   9.9913512E-01   9.9863211E-01   9.9855571E-01   9.9872961E-01
    9.9905282E-01   9.9951598E-01   9.9919704E-01   9.9954632E-01   9.9918446E-01
    9.9894104E-01   9.9880634E-01   9.9880066E-01   9.9922372E-01   9.9915132E-01
    9.9916679E-01   9.9893123E-01   9.9899435E-01   9.9921548E-01   9.9928964E-01
    9.9925599E-01   9.9916590E-01   9.9923079E-01   9.9950671E-01   9.9953426E-01
    9.9956345E-01   9.9945914E-01   9.9948831E-01   9.9974122E-01   9.9966999E-01
    9.9962964E-01   9.9962115E-01   9.9959958E-01   9.9986732E-01   9.9989385E-01
    9.9998084E-01   9.9972596E-01   9.9972512E-01   9.9989990E-01   9.9988383E-01
    9.9995936E-01   9.9982038E-01   9.9978871E-01   9.9982718E-01   9.9984640E-01
    9.9985639E-01   9.9986215E-01   9.9986575E-01   9.9986778E-01   9.9986870E-01
    9.9986897E-01

 2.3970020962E+02   1.3173047E+10   2.7603820E+14   5.0450315E+00   5.1358653E-04   1.3501280E-02   9.9957256E-01    52 
    9.9358294E-01   9.9377642E-01   9.9378844E-01   9.9539684E-01   9.9536150E-01
    9.9647677E-01   9.9834677E-01   9.9763826E-01   9.9887987E-01   9.9875386E-01
    9.9889480E-01   9.9885902E-01   9.9865024E-01   9.9919802E-01   9.9890008E-01
    9.9946101E-01   9.9930070E-01   9.9908796E-01   9.9903518E-01   9.9916628E-01
    9.9935507E-01   9.9963409E-01   9.9948551E-01   9.9959005E-01   9.9950390E-01
    9.9934102E-01   9.9929610E-01   9.9932750E-01   9.9962707E-01   9.9956618E-01
    9.9956570E-01   9.9945765E-01   9.9950558E-01   9.9965781E-01   9.9967971E-01
    9.9965518E-01   9.9960729E-01   9.9965264E-01   9.9978213E-01   9.9978572E-01
    9.9978307E-01   9.9976833E-01   9.9974915E-01   9.9986657E-01   9.9984150E-01
    9.9983186E-01   9.9984052E-01   9.9981811E-01   9.9995286E-01   9.9996214E-01
    9.9998699E-01   9.9988694E-01   9.9988483E-01   9.9996393E-01   9.9994831E-01
    9.9997709E-01   9.9991995E-01   9.9991116E-01   9.9992695E-01   9.9993497E-01
    9.9993927E-01   9.9994170E-01   9.9994324E-01   9.9994407E-01   9.9994446E-01
    9.9994458E-01

 2.3832006634E+02   1.9381497E+10   4.0620618E+14   5.4990104E+00   3.3033225E-04   9.2834844E-03   9.9970607E-01    53 
    9.9707135E-01   9.9725698E-01   9.9722540E-01   9.9809710E-01   9.9807317E-01
    9.9827773E-01   9.9923682E-01   9.9888576E-01   9.9941907E-01   9.9934422E-01
    9.9946309E-01   9.9943725E-01   9.9937243E-01   9.9964315E-01   9.9949458E-01
    9.9970746E-01   9.9962920E-01   9.9954985E-01   9.9952123E-01   9.9958837E-01
    9.9966899E-01   9.9981768E-01   9.9975811E-01   9.9978225E-01   9.9976557E-01
    9.9969408E-01   9.9968035E-01   9.9970309E-01   9.9984718E-01   9.9982139E-01
    9.9982381E-01   9.9978086E-01   9.9980038E-01   9.9989433E-01   9.9989865E-01
    9.9988206E-01   9.9985890E-01   9.9987116E-01   9.9993518E-01   9.9993095E-01
    9.9992094E-01   9.9991728E-01   9.9990815E-01   9.9995054E-01   9.9994237E-01
    9.9994046E-01   9.9994414E-01   9.9993488E-01   9.9999485E-01   9.9999919E-01
    9.9999307E-01   9.9996123E-01   9.9996018E-01   9.9999673E-01   9.9998380E-01
    9.9999179E-01   9.9997183E-01   9.9996952E-01   9.9997511E-01   9.9997798E-01
    9.9997959E-01   9.9998049E-01   9.9998106E-01   9.9998136E-01   9.9998152E-01
    9.9998156E-01

 2.3694781200E+02   2.8290292E+10   5.9297628E+14   6.0034511E+00   2.3711417E-04   6.4339548E-03   9.9979628E-01    54 
    9.9880507E-01   9.9893939E-01   9.9890573E-01   9.9931696E-01   9.9930182E-01
    9.9928734E-01   9.9971122E-01   9.9955539E-01   9.9977455E-01   9.9973241E-01
    9.9979143E-01   9.9977208E-01   9.9975910E-01   9.9987896E-01   9.9981566E-01
    9.9987727E-01   9.9984881E-01   9.9982363E-01   9.9981078E-01   9.9983839E-01
    9.9985442E-01   9.9992029E-01   9.9990121E-01   9.9990790E-01   9.9990483E-01
    9.9988295E-01   9.9987864E-01   9.9989156E-01   9.9994668E-01   9.9993922E-01
    9.9994038E-01   9.9992525E-01   9.9993206E-01   9.9997777E-01   9.9997549E-01
    9.9996807E-01   9.9995822E-01   9.9995947E-01   9.9998707E-01   9.9998270E-01
    9.9997652E-01   9.9997490E-01   9.9997230E-01   9.9998576E-01   9.9998333E-01
    9.9998287E-01   9.9998345E-01   9.9998085E-01   1.0000045E+00   1.0000064E+00
    9.9999798E-01   9.9998876E-01   9.9998848E-01   1.0000037E+00   9.9999688E-01
    9.9999782E-01   9.9999187E-01   9.9999137E-01   9.9999310E-01   9.9999398E-01
    9.9999451E-01   9.9999479E-01   9.9999498E-01   9.9999508E-01   9.9999512E-01
    9.9999514E-01

 2.3557160942E+02   4.1039513E+10   8.6028313E+14   6.5613489E+00   1.9246046E-04   4.4870959E-03   9.9985792E-01    55 
    9.9956601E-01   9.9964476E-01   9.9962261E-01   9.9979681E-01   9.9978724E-01
    9.9973998E-01   9.9990286E-01   9.9984646E-01   9.9993033E-01   9.9991064E-01
    9.9993533E-01   9.9992060E-01   9.9991813E-01   9.9996361E-01   9.9993900E-01
    9.9995392E-01   9.9994512E-01   9.9993959E-01   9.9993463E-01   9.9994476E-01
    9.9993877E-01   9.9996550E-01   9.9996069E-01   9.9996413E-01   9.9996344E-01
    9.9995915E-01   9.9995775E-01   9.9996426E-01   9.9997953E-01   9.9998004E-01
    9.9998013E-01   9.9997581E-01   9.9997865E-01   9.9999702E-01   9.9999386E-01
    9.9999129E-01   9.9998802E-01   9.9998805E-01   9.9999689E-01   9.9999516E-01
    9.9999307E-01   9.9999283E-01   9.9999189E-01   9.9999584E-01   9.9999519E-01
    9.9999506E-01   9.9999535E-01   9.9999446E-01   1.0000027E+00   1.0000033E+00
    9.9999892E-01   9.9999676E-01   9.9999684E-01   1.0000009E+00   9.9999965E-01
    9.9999912E-01   9.9999769E-01   9.9999769E-01   9.9999821E-01   9.9999848E-01
    9.9999864E-01   9.9999873E-01   9.9999879E-01   9.9999882E-01   9.9999883E-01
    9.9999884E-01

 2.3417780816E+02   5.9538326E+10   1.2482124E+15   7.1786289E+00   1.7607641E-04   3.1297800E-03   9.9990090E-01    56 
    9.9984610E-01   9.9988531E-01   9.9987415E-01   9.9994605E-01   9.9993974E-01
    9.9990515E-01   9.9996054E-01   9.9994637E-01   9.9997752E-01   9.9996973E-01
    9.9998193E-01   9.9997050E-01   9.9996710E-01   9.9998347E-01   9.9997595E-01
    9.9998095E-01   9.9997861E-01   9.9997830E-01   9.9997662E-01   9.9998030E-01
    9.9997370E-01   9.9998421E-01   9.9998341E-01   9.9998573E-01   9.9998557E-01
    9.9998519E-01   9.9998474E-01   9.9998754E-01   9.9999039E-01   9.9999271E-01
    9.9999283E-01   9.9999170E-01   9.9999289E-01   9.9999903E-01   9.9999736E-01
    9.9999654E-01   9.9999581E-01   9.9999615E-01   9.9999789E-01   9.9999773E-01
    9.9999736E-01   9.9999773E-01   9.9999708E-01   9.9999827E-01   9.9999816E-01
    9.9999813E-01   9.9999854E-01   9.9999800E-01   1.0000006E+00   1.0000009E+00
    9.9999929E-01   9.9999890E-01   9.9999901E-01   1.0000000E+00   1.0000001E+00
    9.9999955E-01   9.9999924E-01   9.9999930E-01   9.9999947E-01   9.9999957E-01
    9.9999962E-01   9.9999966E-01   9.9999968E-01   9.9999969E-01   9.9999969E-01
    9.9999969E-01

 2.3300242122E+02   8.0876764E+10   1.6957540E+15   7.7432876E+00   1.7547860E-04   2.3272685E-03   9.9992631E-01    57 
    9.9992968E-01   9.9995074E-01   9.9994468E-01   9.9998138E-01   9.9997661E-01
    9.9995562E-01   9.9997819E-01   9.9997505E-01   9.9998967E-01   9.9998557E-01
    9.9999398E-01   9.9998430E-01   9.9998114E-01   9.9998867E-01   9.9998691E-01
    9.9998977E-01   9.9998918E-01   9.9998966E-01   9.9998898E-01   9.9999066E-01
    9.9998678E-01   9.9999173E-01   9.9999166E-01   9.9999320E-01   9.9999315E-01
    9.9999323E-01   9.9999304E-01   9.9999432E-01   9.9999530E-01   9.9999682E-01
    9.9999685E-01   9.9999644E-01   9.9999697E-01   9.9999884E-01   9.9999843E-01
    9.9999826E-01   9.9999810E-01   9.9999842E-01   9.9999865E-01   9.9999877E-01
    9.9999875E-01   9.9999908E-01   9.9999867E-01   9.9999913E-01   9.9999914E-01
    9.9999914E-01   9.9999940E-01   9.9999911E-01   1.0000000E+00   1.0000003E+00
    9.9999960E-01   9.9999953E-01   9.9999960E-01   9.9999999E-01   1.0000001E+00
    9.9999978E-01   9.9999969E-01   9.9999972E-01   9.9999980E-01   9.9999984E-01
    9.9999986E-01   9.9999988E-01   9.9999989E-01   9.9999989E-01   9.9999989E-01
    9.9999990E-01

 2.3252202999E+02   9.1301296E+10   1.9143998E+15   7.9868363E+00   1.7735945E-04   2.0700537E-03   9.9993445E-01    58 
    9.9995426E-01   9.9996987E-01   9.9996517E-01   9.9999162E-01   9.9998723E-01
    9.9997029E-01   9.9998523E-01   9.9998345E-01   9.9999379E-01   9.9999023E-01
    9.9999770E-01   9.9998850E-01   9.9998614E-01   9.9999130E-01   9.9999047E-01
    9.9999272E-01   9.9999238E-01   9.9999300E-01   9.9999250E-01   9.9999367E-01
    9.9999057E-01   9.9999407E-01   9.9999410E-01   9.9999537E-01   9.9999533E-01
    9.9999550E-01   9.9999534E-01   9.9999624E-01   9.9999689E-01   9.9999807E-01
    9.9999801E-01   9.9999774E-01   9.9999808E-01   9.9999893E-01   9.9999885E-01
    9.9999881E-01   9.9999876E-01   9.9999902E-01   9.9999903E-01   9.9999915E-01
    9.9999915E-01   9.9999943E-01   9.9999911E-01   9.9999940E-01   9.9999942E-01
    9.9999943E-01   9.9999962E-01   9.9999941E-01   9.9999998E-01   1.0000002E+00
    9.9999971E-01   9.9999969E-01   9.9999975E-01   1.0000000E+00   1.0000001E+00
    9.9999985E-01   9.9999980E-01   9.9999982E-01   9.9999987E-01   9.9999990E-01
    9.9999992E-01   9.9999992E-01   9.9999993E-01   9.9999993E-01   9.9999994E-01
    9.9999994E-01

 2.3228128303E+02   9.6898793E+10   2.0318024E+15   8.1115901E+00   1.7861824E-04   1.9545097E-03   9.9993811E-01    59 
    9.9995407E-01   9.9997045E-01   9.9996556E-01   9.9999270E-01   9.9998851E-01
    9.9997001E-01   9.9998493E-01   9.9998351E-01   9.9999388E-01   9.9999055E-01
    9.9999801E-01   9.9998906E-01   9.9998549E-01   9.9999077E-01   9.9999021E-01
    9.9999253E-01   9.9999229E-01   9.9999296E-01   9.9999253E-01   9.9999371E-01
    9.9999042E-01   9.9999391E-01   9.9999398E-01   9.9999529E-01   9.9999527E-01
    9.9999546E-01   9.9999533E-01   9.9999624E-01   9.9999675E-01   9.9999798E-01
    9.9999795E-01   9.9999771E-01   9.9999807E-01   9.9999875E-01   9.9999876E-01
    9.9999877E-01   9.9999873E-01   9.9999901E-01   9.9999899E-01   9.9999912E-01
    9.9999914E-01   9.9999943E-01   9.9999910E-01   9.9999939E-01   9.9999942E-01
    9.9999943E-01   9.9999963E-01   9.9999941E-01   9.9999998E-01   1.0000002E+00
    9.9999970E-01   9.9999969E-01   9.9999975E-01   1.0000000E+00   1.0000002E+00
    9.9999986E-01   9.9999980E-01   9.9999983E-01   9.9999988E-01   9.9999990E-01
    9.9999992E-01   9.9999993E-01   9.9999994E-01   9.9999994E-01   9.9999994E-01
    9.9999994E-01

 2.3220092209E+02   9.8815960E+10   2.0720136E+15   8.1544979E+00   1.7903159E-04   1.9179133E-03   9.9993927E-01    60 
    1.0005405E+00   1.0004677E+00   1.0004622E+00   1.0003502E+00   1.0003485E+00
    1.0002177E+00   1.0002092E+00   1.0002101E+00   1.0001783E+00   1.0001770E+00
    1.0001663E+00   1.0001589E+00   1.0000957E+00   1.0000952E+00   1.0000961E+00
    1.0000802E+00   1.0000808E+00   1.0000733E+00   1.0000734E+00   1.0000724E+00
    1.0000425E+00   1.0000429E+00   1.0000431E+00   1.0000355E+00   1.0000356E+00
    1.0000325E+00   1.0000325E+00   1.0000318E+00   1.0000240E+00   1.0000235E+00
    1.0000172E+00   1.0000153E+00   1.0000145E+00   1.0000121E+00   1.0000106E+00
    1.0000079E+00   1.0000072E+00   1.0000071E+00   1.0000054E+00   1.0000050E+00
    1.0000039E+00   1.0000037E+00   1.0000036E+00   1.0000030E+00   1.0000028E+00
    1.0000023E+00   1.0000021E+00   1.0000021E+00   1.0000025E+00   1.0000024E+00
    1.0000014E+00   1.0000013E+00   1.0000013E+00   1.0000017E+00   1.0000020E+00
    1.0000010E+00   1.0000008E+00   1.0000009E+00   1.0000006E+00   1.0000005E+00
    1.0000004E+00   1.0000003E+00   1.0000003E+00   1.0000003E+00   1.0000003E+00
    1.0000003E+00
