     R        I    Tau(Ross)   /\Tau   Rat(Ross)  Chi(Ross)  Chi(ross)  Chi(Flux)   Chi(es)   Tau(Flux)  Tau(es)  Rat(Flux)  Rat(es)     Kappa   V(km/s)
 31384.1814860000   1 0.000E+00 3.410E-06  0.00E+00  1.142E-08  1.142E-08  4.319E-07  9.874E-09  0.00E+00  0.00E+00  0.00E+00  0.00E+00  2.722E-01  9.722E+02
 31088.3372230000   2 3.410E-06 6.927E-06  2.03E+00  1.164E-08  1.164E-08  4.401E-07  1.006E-08  1.29E-04  2.95E-06  2.03E+00  2.03E+00  2.723E-01  9.721E+02
 30504.7455550000   3 1.034E-05 1.426E-05  2.06E+00  1.210E-08  1.210E-08  4.568E-07  1.046E-08  3.91E-04  8.94E-06  2.05E+00  2.06E+00  2.725E-01  9.719E+02
 29371.5482740000   4 2.459E-05 3.024E-05  2.12E+00  1.308E-08  1.308E-08  4.921E-07  1.128E-08  9.28E-04  2.12E-05  2.11E+00  2.12E+00  2.729E-01  9.714E+02
 27232.0443060000   5 5.483E-05 6.803E-05  2.25E+00  1.527E-08  1.527E-08  5.714E-07  1.314E-08  2.06E-03  4.73E-05  2.23E+00  2.24E+00  2.737E-01  9.704E+02
 23415.6084450000   6 1.229E-04 1.663E-04  2.44E+00  2.081E-08  2.081E-08  7.697E-07  1.782E-08  4.59E-03  1.06E-04  2.41E+00  2.43E+00  2.751E-01  9.682E+02
 17483.9856420000   7 2.892E-04 2.257E-04  1.36E+00  3.785E-08  3.785E-08  1.380E-06  3.213E-08  1.07E-02  2.47E-04  1.34E+00  1.35E+00  2.774E-01  9.629E+02
 13057.6512050000   8 5.148E-04 3.042E-04  1.35E+00  6.880E-08  6.880E-08  2.478E-06  5.805E-08  1.89E-02  4.38E-04  1.33E+00  1.34E+00  2.792E-01  9.557E+02
  9769.4443063000   9 8.191E-04 4.094E-04  1.35E+00  1.247E-07  1.247E-07  4.432E-06  1.048E-07  2.98E-02  6.94E-04  1.33E+00  1.34E+00  2.804E-01  9.461E+02
  7324.7935402000  10 1.228E-03 5.490E-04  1.34E+00  2.255E-07  2.255E-07  7.878E-06  1.889E-07  4.42E-02  1.04E-03  1.32E+00  1.34E+00  2.812E-01  9.334E+02
  5509.1915137000  11 1.777E-03 7.324E-04  1.33E+00  4.065E-07  4.065E-07  1.393E-05  3.400E-07  6.32E-02  1.50E-03  1.31E+00  1.33E+00  2.817E-01  9.168E+02
  4162.4928552000  12 2.510E-03 9.800E-04  1.34E+00  7.294E-07  7.294E-07  2.450E-05  6.096E-07  8.80E-02  2.11E-03  1.31E+00  1.34E+00  2.819E-01  8.958E+02
  3157.5287599000  13 3.490E-03 1.315E-03  1.34E+00  1.307E-06  1.307E-06  4.287E-05  1.092E-06  1.21E-01  2.93E-03  1.31E+00  1.34E+00  2.820E-01  8.691E+02
  2405.3764340000  14 4.805E-03 1.764E-03  1.34E+00  2.345E-06  2.345E-06  7.466E-05  1.959E-06  1.63E-01  4.03E-03  1.29E+00  1.34E+00  2.821E-01  8.348E+02
  1843.4069805000  15 6.569E-03 2.362E-03  1.34E+00  4.213E-06  4.213E-06  1.282E-04  3.520E-06  2.18E-01  5.50E-03  1.27E+00  1.34E+00  2.820E-01  7.911E+02
  1424.6927213000  16 8.931E-03 3.145E-03  1.33E+00  7.572E-06  7.572E-06  2.167E-04  6.324E-06  2.88E-01  7.47E-03  1.25E+00  1.33E+00  2.821E-01  7.372E+02
  1113.6184890000  17 1.208E-02 4.263E-03  1.36E+00  1.354E-05  1.354E-05  3.618E-04  1.128E-05  3.75E-01  1.01E-02  1.26E+00  1.35E+00  2.828E-01  6.764E+02
   878.7682682700  18 1.634E-02 5.774E-03  1.35E+00  2.444E-05  2.444E-05  5.999E-04  2.025E-05  4.84E-01  1.36E-02  1.23E+00  1.34E+00  2.843E-01  6.049E+02
   703.6222949900  19 2.211E-02 7.757E-03  1.34E+00  4.457E-05  4.457E-05  9.821E-04  3.659E-05  6.18E-01  1.84E-02  1.20E+00  1.33E+00  2.869E-01  5.221E+02
   574.0683800400  20 2.987E-02 1.050E-02  1.35E+00  8.064E-05  8.064E-05  1.582E-03  6.548E-05  7.80E-01  2.47E-02  1.17E+00  1.34E+00  2.900E-01  4.382E+02
   477.1586498100  21 4.037E-02 1.426E-02  1.36E+00  1.459E-04  1.459E-04  2.418E-03  1.169E-04  9.70E-01  3.32E-02  1.12E+00  1.34E+00  2.938E-01  3.552E+02
   404.5668162600  22 5.462E-02 1.922E-02  1.35E+00  2.643E-04  2.643E-04  3.500E-03  2.086E-04  1.18E+00  4.45E-02  1.05E+00  1.33E+00  2.983E-01  2.763E+02
   350.2780160300  23 7.385E-02 2.435E-02  1.27E+00  4.681E-04  4.681E-04  4.665E-03  3.654E-04  1.40E+00  5.96E-02  9.19E-01  1.26E+00  3.014E-01  2.068E+02
   309.7500875900  24 9.820E-02 2.498E-02  1.03E+00  7.448E-04  7.448E-04  5.249E-03  5.827E-04  1.61E+00  7.86E-02  7.25E-01  1.04E+00  3.007E-01  1.495E+02
   280.2766248600  25 1.232E-01 1.945E-02  7.79E-01  9.165E-04  9.164E-04  4.530E-03  7.300E-04  1.75E+00  9.83E-02  5.57E-01  7.95E-01  2.953E-01  1.063E+02
   258.9435798700  26 1.426E-01 1.426E-02  7.33E-01  9.020E-04  9.019E-04  3.132E-03  7.368E-04  1.84E+00  1.14E-01  5.15E-01  7.52E-01  2.879E-01  7.561E+01
   242.7158132900  27 1.569E-01 1.277E-02  8.96E-01  8.586E-04  8.585E-04  2.149E-03  7.164E-04  1.88E+00  1.26E-01  6.55E-01  9.08E-01  2.818E-01  5.389E+01
   228.0094882600  28 1.696E-01 1.112E-02  8.71E-01  8.873E-04  8.873E-04  1.697E-03  7.518E-04  1.91E+00  1.36E-01  7.04E-01  8.84E-01  2.776E-01  3.749E+01
   216.1029108800  29 1.808E-01 1.076E-02  9.68E-01  9.993E-04  9.992E-04  1.614E-03  8.532E-04  1.93E+00  1.46E-01  8.50E-01  9.72E-01  2.755E-01  2.788E+01
   206.1338719900  30 1.915E-01 1.106E-02  1.03E+00  1.177E-03  1.177E-03  1.754E-03  1.008E-03  1.94E+00  1.55E-01  9.68E-01  1.03E+00  2.745E-01  2.135E+01
   197.4892650900  31 2.026E-01 3.660E-03  3.31E-01  1.435E-03  1.435E-03  2.021E-03  1.228E-03  1.96E+00  1.65E-01  3.12E-01  3.30E-01  2.748E-01  1.647E+01
   195.1315749800  32 2.063E-01 5.238E-04  1.43E-01  1.753E-03  1.753E-03  2.298E-03  1.494E-03  1.96E+00  1.68E-01  1.33E-01  1.42E-01  2.759E-01  1.214E+01
   194.8573724900  33 2.068E-01 2.834E-04  5.41E-01  2.207E-03  2.207E-03  2.671E-03  1.870E-03  1.96E+00  1.68E-01  5.03E-01  5.36E-01  2.776E-01  8.757E+00
   194.7456864900  34 2.071E-01 4.530E-04  1.60E+00  2.939E-03  2.939E-03  3.413E-03  2.464E-03  1.96E+00  1.68E-01  1.56E+00  1.58E+00  2.805E-01  6.128E+00
   194.6135778300  35 2.075E-01 6.905E-04  1.52E+00  3.952E-03  3.952E-03  4.540E-03  3.273E-03  1.97E+00  1.69E-01  1.53E+00  1.50E+00  2.839E-01  4.371E+00
   194.4650759200  36 2.082E-01 1.038E-03  1.50E+00  5.413E-03  5.413E-03  6.320E-03  4.414E-03  1.97E+00  1.69E-01  1.53E+00  1.48E+00  2.883E-01  3.121E+00
   194.3033878600  37 2.092E-01 1.546E-03  1.49E+00  7.534E-03  7.534E-03  8.994E-03  6.025E-03  1.97E+00  1.70E-01  1.52E+00  1.46E+00  2.940E-01  2.226E+00
   194.1314145400  38 2.108E-01 2.329E-03  1.51E+00  1.060E-02  1.060E-02  1.294E-02  8.280E-03  1.97E+00  1.71E-01  1.53E+00  1.47E+00  3.010E-01  1.590E+00
   193.9485256100  39 2.131E-01 3.518E-03  1.51E+00  1.511E-02  1.511E-02  1.872E-02  1.146E-02  1.97E+00  1.73E-01  1.53E+00  1.46E+00  3.099E-01  1.135E+00
   193.7558234200  40 2.166E-01 5.345E-03  1.52E+00  2.178E-02  2.178E-02  2.716E-02  1.594E-02  1.98E+00  1.76E-01  1.52E+00  1.46E+00  3.210E-01  8.087E-01
   193.5538156600  41 2.220E-01 8.231E-03  1.54E+00  3.172E-02  3.172E-02  3.943E-02  2.224E-02  1.98E+00  1.80E-01  1.53E+00  1.47E+00  3.350E-01  5.765E-01
   193.3412701800  42 2.302E-01 1.294E-02  1.57E+00  4.660E-02  4.660E-02  5.719E-02  3.107E-02  1.99E+00  1.85E-01  1.55E+00  1.49E+00  3.523E-01  4.114E-01
   193.1149992200  43 2.432E-01 2.091E-02  1.62E+00  6.910E-02  6.910E-02  8.313E-02  4.350E-02  2.01E+00  1.94E-01  1.58E+00  1.52E+00  3.731E-01  2.934E-01
   192.8698228800  44 2.641E-01 2.933E-02  1.40E+00  1.034E-01  1.034E-01  1.217E-01  6.114E-02  2.03E+00  2.06E-01  1.38E+00  1.32E+00  3.972E-01  2.087E-01
   192.6345995600  45 2.934E-01 3.908E-02  1.33E+00  1.480E-01  1.480E-01  1.716E-01  8.272E-02  2.07E+00  2.23E-01  1.32E+00  1.27E+00  4.204E-01  1.544E-01
   192.4103469300  46 3.325E-01 5.212E-02  1.33E+00  2.026E-01  2.026E-01  2.323E-01  1.079E-01  2.11E+00  2.45E-01  1.32E+00  1.28E+00  4.410E-01  1.185E-01
   192.1883135000  47 3.846E-01 6.959E-02  1.34E+00  2.691E-01  2.690E-01  3.064E-01  1.377E-01  2.17E+00  2.72E-01  1.33E+00  1.29E+00  4.592E-01  9.305E-02
   191.9626384300  48 4.542E-01 9.301E-02  1.34E+00  3.500E-01  3.499E-01  3.964E-01  1.732E-01  2.25E+00  3.07E-01  1.33E+00  1.30E+00  4.751E-01  7.415E-02
   191.7289943200  49 5.472E-01 1.245E-01  1.34E+00  4.488E-01  4.488E-01  5.062E-01  2.157E-01  2.36E+00  3.52E-01  1.33E+00  1.30E+00  4.893E-01  5.966E-02
   191.4840207100  50 6.717E-01 1.666E-01  1.34E+00  5.705E-01  5.704E-01  6.408E-01  2.668E-01  2.50E+00  4.11E-01  1.33E+00  1.30E+00  5.028E-01  4.834E-02
   191.2251465300  51 8.383E-01 2.229E-01  1.34E+00  7.208E-01  7.207E-01  8.060E-01  3.280E-01  2.68E+00  4.88E-01  1.33E+00  1.30E+00  5.169E-01  3.942E-02
   190.9505494900  52 1.061E+00 2.972E-01  1.33E+00  9.072E-01  9.071E-01  1.008E+00  4.004E-01  2.93E+00  5.88E-01  1.32E+00  1.29E+00  5.330E-01  3.238E-02
   190.6589846200  53 1.358E+00 3.944E-01  1.33E+00  1.137E+00  1.137E+00  1.254E+00  4.841E-01  3.26E+00  7.16E-01  1.32E+00  1.28E+00  5.525E-01  2.686E-02
   190.3491237300  54 1.753E+00 5.195E-01  1.32E+00  1.413E+00  1.413E+00  1.545E+00  5.776E-01  3.69E+00  8.81E-01  1.31E+00  1.26E+00  5.760E-01  2.260E-02
   190.0184768300  55 2.272E+00 6.798E-01  1.31E+00  1.731E+00  1.731E+00  1.875E+00  6.769E-01  4.26E+00  1.09E+00  1.29E+00  1.25E+00  6.036E-01  1.940E-02
   189.6617076300  56 2.952E+00 8.907E-01  1.31E+00  2.079E+00  2.078E+00  2.223E+00  7.775E-01  4.99E+00  1.35E+00  1.29E+00  1.26E+00  6.357E-01  1.708E-02
   189.2679549200  57 3.843E+00 1.185E+00  1.33E+00  2.440E+00  2.439E+00  2.566E+00  8.772E-01  5.94E+00  1.67E+00  1.31E+00  1.29E+00  6.766E-01  1.555E-02
   188.8165026500  58 5.028E+00 1.604E+00  1.35E+00  2.796E+00  2.795E+00  2.886E+00  9.792E-01  7.17E+00  2.09E+00  1.33E+00  1.34E+00  7.286E-01  1.468E-02
   188.2719732900  59 6.632E+00 2.158E+00  1.35E+00  3.070E+00  3.069E+00  3.112E+00  1.088E+00  8.81E+00  2.66E+00  1.32E+00  1.40E+00  7.638E-01  1.410E-02
   187.5885960100  60 8.789E+00 2.848E+00  1.32E+00  3.231E+00  3.230E+00  3.228E+00  1.224E+00  1.10E+01  3.45E+00  1.31E+00  1.43E+00  7.432E-01  1.313E-02
   186.7407680400  61 1.164E+01 3.757E+00  1.32E+00  3.512E+00  3.510E+00  3.500E+00  1.442E+00  1.38E+01  4.57E+00  1.32E+00  1.42E+00  6.975E-01  1.144E-02
   185.7480737000  62 1.539E+01 5.016E+00  1.34E+00  4.105E+00  4.103E+00  4.095E+00  1.796E+00  1.76E+01  6.17E+00  1.34E+00  1.41E+00  6.590E-01  9.345E-03
   184.6513289400  63 2.041E+01 6.770E+00  1.35E+00  5.109E+00  5.107E+00  5.101E+00  2.346E+00  2.26E+01  8.42E+00  1.35E+00  1.41E+00  6.295E-01  7.258E-03
   183.4915252600  64 2.718E+01 9.159E+00  1.35E+00  6.659E+00  6.656E+00  6.651E+00  3.174E+00  2.93E+01  1.16E+01  1.35E+00  1.40E+00  6.071E-01  5.438E-03
   182.3043965100  65 3.634E+01 1.235E+01  1.35E+00  8.892E+00  8.889E+00  8.882E+00  4.370E+00  3.85E+01  1.60E+01  1.35E+00  1.39E+00  5.892E-01  4.003E-03
   181.1099802800  66 4.869E+01 1.706E+01  1.38E+00  1.194E+01  1.194E+01  1.193E+01  6.025E+00  5.08E+01  2.22E+01  1.38E+00  1.41E+00  5.741E-01  2.943E-03
   179.8859149100  67 6.575E+01 7.877E+00  4.62E-01  1.615E+01  1.614E+01  1.614E+01  8.317E+00  6.79E+01  3.09E+01  4.62E-01  4.67E-01  5.624E-01  2.161E-03
   179.4252237500  68 7.363E+01 4.301E+00  5.46E-01  1.809E+01  1.808E+01  1.808E+01  9.372E+00  7.57E+01  3.50E+01  5.46E-01  5.48E-01  5.591E-01  1.928E-03
   179.1940964100  69 7.793E+01 1.491E+00  3.47E-01  1.914E+01  1.914E+01  1.914E+01  9.946E+00  8.00E+01  3.72E+01  3.47E-01  3.47E-01  5.577E-01  1.821E-03
   179.1169775300  70 7.942E+01 0.000E+00  0.00E+00  1.951E+01  1.950E+01  1.950E+01  1.015E+01  8.15E+01  3.80E+01  0.00E+00  0.00E+00  5.572E-01  1.787E-03
