    1   2.8170E+04   3.2872E-06   1.9242E+03   9.2713E-01   1.6983E+04   1.0034E+00   1.1669E-10   1.0297E+00   2.2401E-01
    2   2.7879E+04   3.3215E-06   1.9240E+03   9.2713E-01   1.7341E+04   1.0034E+00   1.1915E-10   1.0297E+00   2.2401E-01
    3   2.7307E+04   3.3911E-06   1.9235E+03   9.2713E-01   1.8080E+04   1.0034E+00   1.2423E-10   1.0297E+00   2.2401E-01
    4   2.6199E+04   3.5346E-06   1.9224E+03   9.2713E-01   1.9652E+04   1.0032E+00   1.3500E-10   1.0297E+00   2.2401E-01
    5   2.4119E+04   3.8403E-06   1.9202E+03   9.2713E-01   2.3215E+04   9.9948E-01   1.5889E-10   1.0297E+00   2.2401E-01
    6   2.0437E+04   4.5334E-06   1.9153E+03   9.2713E-01   3.2415E+04   9.8875E-01   2.1948E-10   1.0297E+00   2.2401E-01
    7   1.4836E+04   6.2520E-06   1.9029E+03   9.2713E-01   6.1911E+04   9.8443E-01   4.1735E-10   1.0297E+00   2.2401E-01
    8   1.0788E+04   8.6221E-06   1.8860E+03   9.2713E-01   1.1815E+05   9.9015E-01   8.0114E-10   1.0297E+00   2.2401E-01
    9   7.8614E+03   1.1891E-05   1.8630E+03   9.2713E-01   2.2523E+05   9.9641E-01   1.5368E-09   1.0297E+00   2.2401E-01
   10   5.7439E+03   1.6398E-05   1.8319E+03   9.3061E-01   4.2906E+05   1.0029E+00   2.9481E-09   1.0302E+00   2.2401E-01
   11   4.2144E+03   2.2615E-05   1.7904E+03   9.8399E-01   8.1547E+05   1.0083E+00   5.6606E-09   1.0352E+00   2.2401E-01
   12   3.1103E+03   3.1188E-05   1.7363E+03   1.0484E+00   1.5439E+06   1.0070E+00   1.0772E-08   1.0419E+00   2.2401E-01
   13   2.3111E+03   4.3012E-05   1.6670E+03   1.1135E+00   2.9125E+06   9.9357E-01   2.0176E-08   1.0485E+00   2.2401E-01
   14   1.7295E+03   5.9317E-05   1.5786E+03   1.1703E+00   5.4914E+06   9.8278E-01   3.7821E-08   1.0538E+00   2.2401E-01
   15   1.3056E+03   8.1804E-05   1.4676E+03   1.2154E+00   1.0366E+07   9.7941E-01   7.1426E-08   1.0579E+00   2.2401E-01
   16   9.9635E+02   1.1282E-04   1.3305E+03   1.2516E+00   1.9633E+07   9.8686E-01   1.3670E-07   1.0610E+00   2.2401E-01
   17   7.7176E+02   1.5558E-04   1.1685E+03   1.2826E+00   3.7260E+07   9.9972E-01   2.6343E-07   1.0635E+00   2.2401E-01
   18   6.0928E+02   2.1456E-04   9.9764E+02   1.3106E+00   7.0020E+07   1.0010E+00   4.9673E-07   1.0658E+00   2.2401E-01
   19   4.9049E+02   2.9591E-04   8.1537E+02   1.3379E+00   1.3220E+08   9.8734E-01   9.2676E-07   1.0677E+00   2.2401E-01
   20   4.0402E+02   4.0808E-04   6.3602E+02   1.3644E+00   2.4977E+08   9.9697E-01   1.7723E-06   1.0703E+00   2.2401E-01
   21   3.4099E+02   5.6278E-04   4.7225E+02   1.3895E+00   4.7227E+08   1.0072E+00   3.3951E-06   1.0733E+00   2.2401E-01
   22   2.9503E+02   7.7661E-04   3.3478E+02   1.4201E+00   8.8992E+08   1.0012E+00   6.3820E-06   1.0771E+00   2.2401E-01
   23   2.6295E+02   1.0549E-03   2.3155E+02   1.4663E+00   1.6198E+09   1.0013E+00   1.1693E-05   1.0842E+00   2.2401E-01
   24   2.4081E+02   1.3973E-03   1.5996E+02   1.5201E+00   2.7957E+09   1.0047E+00   2.0432E-05   1.0939E+00   2.2401E-01
   25   2.2474E+02   1.8223E-03   1.1077E+02   1.5822E+00   4.6352E+09   1.0012E+00   3.4081E-05   1.1044E+00   2.2401E-01
   26   2.1249E+02   2.3581E-03   7.6638E+01   1.6329E+00   7.4940E+09   1.0029E+00   5.5783E-05   1.1161E+00   2.2401E-01
   27   2.0273E+02   3.0509E-03   5.2944E+01   1.6880E+00   1.1918E+10   1.0029E+00   8.9768E-05   1.1293E+00   2.2401E-01
   28   1.9368E+02   4.0836E-03   3.6010E+01   1.7605E+00   1.9197E+10   1.0068E+00   1.4742E-04   1.1470E+00   2.2401E-01
   29   1.8519E+02   5.6526E-03   2.5354E+01   1.8220E+00   2.9823E+10   9.9887E-01   2.3069E-04   1.1645E+00   2.2401E-01
   30   1.7863E+02   7.4902E-03   1.9355E+01   1.8709E+00   4.1987E+10   1.0011E+00   3.2998E-04   1.1805E+00   2.2401E-01
   31   1.7582E+02   8.5068E-03   1.3456E+01   1.9585E+00   6.2343E+10   9.9612E-01   4.9023E-04   1.1871E+00   2.2401E-01
   32   1.7559E+02   8.6360E-03   9.7235E+00   1.9634E+00   8.6494E+10   1.0059E+00   6.8751E-04   1.1883E+00   2.2401E-01
   33   1.7548E+02   8.7306E-03   6.5078E+00   1.9377E+00   1.2940E+11   1.0008E+00   1.0307E-03   1.1968E+00   2.2729E-01
   34   1.7536E+02   8.8839E-03   4.5014E+00   1.9119E+00   1.8733E+11   1.0009E+00   1.5166E-03   1.2164E+00   2.4267E-01
   35   1.7522E+02   9.1425E-03   3.1132E+00   1.8868E+00   2.7130E+11   1.0008E+00   2.2405E-03   1.2409E+00   2.9867E-01
   36   1.7507E+02   9.5720E-03   2.1533E+00   1.8675E+00   3.9294E+11   1.0008E+00   3.3186E-03   1.2690E+00   3.5176E-01
   37   1.7490E+02   1.0272E-02   1.4871E+00   1.8472E+00   5.7009E+11   1.0007E+00   4.9540E-03   1.3058E+00   4.0858E-01
   38   1.7471E+02   1.1404E-02   1.0280E+00   1.8229E+00   8.2641E+11   1.0007E+00   7.3904E-03   1.3438E+00   4.6197E-01
   39   1.7451E+02   1.3247E-02   7.0974E-01   1.7996E+00   1.1998E+12   1.0007E+00   1.1050E-02   1.3841E+00   5.0832E-01
   40   1.7429E+02   1.6263E-02   4.9063E-01   1.7866E+00   1.7400E+12   1.0006E+00   1.6585E-02   1.4324E+00   5.4587E-01
   41   1.7405E+02   2.1222E-02   3.3894E-01   1.7885E+00   2.5257E+12   1.0006E+00   2.5065E-02   1.4915E+00   5.6948E-01
   42   1.7379E+02   2.9052E-02   2.3604E-01   1.8054E+00   3.6373E+12   1.0006E+00   3.7760E-02   1.5602E+00   5.8287E-01
   43   1.7355E+02   4.0093E-02   1.6996E-01   1.8312E+00   5.0656E+12   1.0006E+00   5.5015E-02   1.6322E+00   5.8843E-01
   44   1.7332E+02   5.5293E-02   1.2553E-01   1.8635E+00   6.8764E+12   1.0006E+00   7.8099E-02   1.7069E+00   5.9204E-01
   45   1.7310E+02   7.6254E-02   9.4320E-02   1.9021E+00   9.1759E+12   1.0006E+00   1.0899E-01   1.7851E+00   5.9499E-01
   46   1.7287E+02   1.0516E-01   7.1767E-02   1.9478E+00   1.2091E+13   1.0006E+00   1.5013E-01   1.8661E+00   5.9764E-01
   47   1.7265E+02   1.4503E-01   5.5214E-02   2.0016E+00   1.5757E+13   1.0007E+00   2.0436E-01   1.9490E+00   6.0231E-01
   48   1.7242E+02   2.0001E-01   4.2921E-02   2.0650E+00   2.0324E+13   1.0007E+00   2.7503E-01   2.0335E+00   6.0883E-01
   49   1.7218E+02   2.7583E-01   3.3702E-02   2.1397E+00   2.5955E+13   1.0007E+00   3.6621E-01   2.1201E+00   6.1733E-01
   50   1.7193E+02   3.8040E-01   2.6743E-02   2.2272E+00   3.2803E+13   1.0008E+00   4.8281E-01   2.2116E+00   6.2886E-01
   51   1.7167E+02   5.2460E-01   2.1473E-02   2.3292E+00   4.0978E+13   1.0009E+00   6.3095E-01   2.3133E+00   6.4371E-01
   52   1.7140E+02   7.2348E-01   1.7490E-02   2.4483E+00   5.0469E+13   1.0012E+00   8.1763E-01   2.4333E+00   6.6314E-01
   53   1.7110E+02   9.9775E-01   1.4495E-02   2.5847E+00   6.1105E+13   1.0021E+00   1.0507E+00   2.5803E+00   6.8891E-01
   54   1.7079E+02   1.3760E+00   1.2280E-02   2.7378E+00   7.2395E+13   1.0052E+00   1.3349E+00   2.7584E+00   7.2225E-01
   55   1.7044E+02   1.8976E+00   1.0704E-02   2.9070E+00   8.3398E+13   1.0151E+00   1.6627E+00   2.9535E+00   7.6316E-01
   56   1.7005E+02   2.6170E+00   9.6761E-03   3.0935E+00   9.2678E+13   1.0419E+00   2.0013E+00   3.1167E+00   8.0725E-01
   57   1.6959E+02   3.6091E+00   9.0865E-03   3.2994E+00   9.9225E+13   1.0936E+00   2.2944E+00   3.1796E+00   8.4384E-01
   58   1.6903E+02   4.9773E+00   8.6395E-03   3.5263E+00   1.0506E+14   1.1558E+00   2.5106E+00   3.1094E+00   8.4985E-01
   59   1.6831E+02   6.8642E+00   7.8428E-03   3.7763E+00   1.1672E+14   1.1999E+00   2.7492E+00   2.9520E+00   8.2432E-01
   60   1.6743E+02   9.4664E+00   6.5826E-03   4.0550E+00   1.4053E+14   1.2200E+00   3.1848E+00   2.7934E+00   7.9076E-01
   61   1.6642E+02   1.3055E+01   5.1669E-03   4.3672E+00   1.8122E+14   1.2276E+00   3.9354E+00   2.6601E+00   7.5987E-01
   62   1.6532E+02   1.8004E+01   3.8510E-03   4.7153E+00   2.4639E+14   1.2306E+00   5.1133E+00   2.5360E+00   7.2791E-01
   63   1.6417E+02   2.4829E+01   2.7729E-03   5.1012E+00   3.4699E+14   1.2318E+00   6.9089E+00   2.4307E+00   6.9866E-01
   64   1.6302E+02   3.4242E+01   1.9751E-03   5.5267E+00   4.9407E+14   1.2324E+00   9.5252E+00   2.3524E+00   6.7725E-01
   65   1.6186E+02   4.7223E+01   1.4134E-03   5.9941E+00   7.0027E+14   1.2327E+00   1.3142E+01   2.2893E+00   6.5868E-01
   66   1.6069E+02   6.5492E+01   1.0125E-03   6.5154E+00   9.9187E+14   1.2329E+00   1.8098E+01   2.2255E+00   6.4094E-01
   67   1.5981E+02   8.3466E+01   7.9285E-04   6.9349E+00   1.2807E+15   1.2331E+00   2.2823E+01   2.1733E+00   6.2623E-01
   68   1.5941E+02   9.3026E+01   7.1088E-04   7.1321E+00   1.4355E+15   1.2331E+00   2.5310E+01   2.1501E+00   6.2146E-01
   69   1.5921E+02   9.8209E+01   6.7343E-04   7.2333E+00   1.5191E+15   1.2332E+00   2.6646E+01   2.1389E+00   6.1790E-01
   70   1.5915E+02   1.0000E+02   6.6128E-04   7.2665E+00   1.5483E+15   1.2332E+00   2.7138E+01   2.1373E+00   6.1672E-01
