
 24-FEB-2004                           !Format date

 3.6894275735E+02     3.3689E+05       69       70

 9.3908566822E+04   5.8622411E+04   8.0847601E+05   9.1056871E-01   5.2870259E-01   4.9014406E+02   5.0000076E-02     1 
    1.3501725E+02   6.5901300E+04   2.5327089E+04   1.1278114E+00   1.0140945E+00
    4.0134541E-01   3.1716670E-01   2.6275551E+00   7.4900220E-02   6.3173097E-02
    8.3367833E-01   3.2286683E-01   3.4347864E-01   3.0037976E+00   1.5166347E-01
    1.3104356E-01   2.0855993E-01   1.7857720E-01   1.0937978E+00   2.8080833E-01
    3.6138196E-01   3.3992499E+00   1.9589409E-01   1.8079223E-01   3.2083251E-01
    2.7208710E-01   1.0433588E+00   2.5687706E-01   3.6775992E-01   3.6333655E+00
    2.1766977E-01   2.1054814E-01   4.1453850E-01   3.4649933E-01   1.3128299E+00
    2.5149961E-01   3.6821313E-01   3.7969985E+00   2.2263995E-01   2.3252455E-01
    4.9749949E-01   4.0653486E-01   1.3482806E+00   4.7307463E-01   6.3519660E-01
    5.0781838E-01   6.6573602E-01   5.5965632E-01   7.0188828E-01   5.4839516E-01
    9.3501812E-01   5.0453898E-01   8.2938020E-01   5.7327268E-01   9.4705222E-01
    5.6688950E-01   9.1002942E-01   5.4540564E-01   8.5722647E-01   5.5813235E-01
    8.2913637E-01   5.9306850E-01   8.4787496E-01   6.6379927E-01   8.3597338E-01
    7.9271101E-01   8.3599105E-01   1.0649329E+00   8.4265902E-01

 9.3059134351E+04   5.9797627E+04   8.2345533E+05   9.1125434E-01   5.2623378E-01   4.9011130E+02   5.0000076E-02     2 
    1.3524256E+02   6.5047455E+04   2.4935619E+04   1.1323507E+00   1.0043850E+00
    4.0230266E-01   3.1775738E-01   2.6330222E+00   7.5043382E-02   6.3223493E-02
    8.3554417E-01   3.2337978E-01   3.4382847E-01   3.0080448E+00   1.5185940E-01
    1.3108382E-01   2.0881350E-01   1.7855896E-01   1.0951648E+00   2.8116590E-01
    3.6164324E-01   3.4030124E+00   1.9609143E-01   1.8081577E-01   3.2112685E-01
    2.7194933E-01   1.0439763E+00   2.5717077E-01   3.6800146E-01   3.6367688E+00
    2.1785714E-01   2.1056593E-01   4.1485212E-01   3.4620672E-01   1.3126835E+00
    2.5178267E-01   3.6847187E-01   3.8001254E+00   2.2281703E-01   2.3255173E-01
    4.9783128E-01   4.0602048E-01   1.3474362E+00   4.7142196E-01   6.3562139E-01
    5.0646168E-01   6.6614691E-01   5.5760645E-01   7.0230452E-01   5.4760074E-01
    9.3553519E-01   5.0407954E-01   8.2988683E-01   5.7308456E-01   9.4749407E-01
    5.6692119E-01   9.1046086E-01   5.4555143E-01   8.5767494E-01   5.5833283E-01
    8.2964060E-01   5.9334984E-01   8.4820267E-01   6.6420442E-01   8.3641121E-01
    7.9283339E-01   8.3641768E-01   1.0624362E+00   8.4300339E-01

 9.1382087508E+04   6.2278621E+04   8.5433418E+05   9.1255048E-01   5.1989342E-01   4.9004471E+02   5.0000076E-02     3 
    1.3492803E+02   6.3334873E+04   2.4600549E+04   1.1409701E+00   1.0144671E+00
    4.0411770E-01   3.2065721E-01   2.6433867E+00   7.5314504E-02   6.3445565E-02
    8.4689768E-01   3.2435191E-01   3.4564918E-01   3.0160962E+00   1.5223025E-01
    1.3139233E-01   2.0929323E-01   1.7890144E-01   1.1075625E+00   2.8184336E-01
    3.6288039E-01   3.4101466E+00   1.9646494E-01   1.8114133E-01   3.2168365E-01
    2.7230976E-01   1.0534816E+00   2.5772826E-01   3.6887763E-01   3.6432216E+00
    2.1821220E-01   2.1087459E-01   4.1544550E-01   3.4654602E-01   1.3223245E+00
    2.5232322E-01   3.6915501E-01   3.8060475E+00   2.2315384E-01   2.3284810E-01
    4.9845929E-01   4.0632357E-01   1.3545821E+00   4.7174955E-01   6.3642647E-01
    5.0633634E-01   6.6692609E-01   5.5719898E-01   7.0309556E-01   5.4784855E-01
    9.3651251E-01   5.0438942E-01   8.3085607E-01   5.7371158E-01   9.4832291E-01
    5.6778555E-01   9.1127451E-01   5.4651456E-01   8.5853014E-01   5.5931499E-01
    8.3061205E-01   5.9440589E-01   8.4881822E-01   6.6511308E-01   8.3724847E-01
    7.9273956E-01   8.3723318E-01   1.0567981E+00   8.4365526E-01

 8.8122836210E+04   6.7648306E+04   9.1962257E+05   9.1498762E-01   5.0502211E-01   4.8990839E+02   5.0000077E-02     4 
    1.3286905E+02   5.9976559E+04   2.4092201E+04   1.1572934E+00   1.0457117E+00
    4.0754145E-01   3.2767536E-01   2.6629219E+00   7.5825447E-02   6.3977267E-02
    8.7417791E-01   3.2618269E-01   3.5019739E-01   3.0312513E+00   1.5292819E-01
    1.3218490E-01   2.1019559E-01   1.7988305E-01   1.1387813E+00   2.8311932E-01
    3.6596770E-01   3.4235672E+00   1.9716788E-01   1.8201479E-01   3.2273037E-01
    2.7354006E-01   1.0789859E+00   2.5878160E-01   3.7094333E-01   3.6553501E+00
    2.1888156E-01   2.1170868E-01   4.1656076E-01   3.4797005E-01   1.3513531E+00
    2.5335421E-01   3.7064874E-01   3.8171532E+00   2.2379256E-01   2.3363692E-01
    4.9963978E-01   4.0799115E-01   1.3761620E+00   4.7483750E-01   6.3794069E-01
    5.0871525E-01   6.6839257E-01   5.5958479E-01   7.0458892E-01   5.5061752E-01
    9.3833871E-01   5.0664061E-01   8.3270121E-01   5.7643258E-01   9.4985341E-01
    5.7059790E-01   9.1278997E-01   5.4924099E-01   8.6015056E-01   5.6181835E-01
    8.3247697E-01   5.9703521E-01   8.4996470E-01   6.6706652E-01   8.3883764E-01
    7.9204504E-01   8.3878050E-01   1.0451134E+00   8.4488132E-01

 8.1951902207E+04   8.0045979E+04   1.0657584E+06   9.1942775E-01   4.7140026E-01   4.8962213E+02   5.0000078E-02     5 
    1.2531741E+02   5.3602277E+04   2.2997132E+04   1.1874113E+00   1.1107920E+00
    4.1381100E-01   3.4173341E-01   2.6986375E+00   7.6759963E-02   6.5007962E-02
    9.2951682E-01   3.2952467E-01   3.5920763E-01   3.0588815E+00   1.5420142E-01
    1.3373530E-01   2.1184014E-01   1.8182752E-01   1.2025248E+00   2.8544976E-01
    3.7203112E-01   3.4479990E+00   1.9845038E-01   1.8373464E-01   3.2463565E-01
    2.7603032E-01   1.1304953E+00   2.6071842E-01   3.7494897E-01   3.6773869E+00
    2.2010715E-01   2.1335497E-01   4.1858975E-01   3.5091025E-01   1.4104636E+00
    2.5528659E-01   3.7352561E-01   3.8372306E+00   2.2497621E-01   2.3520084E-01
    5.0178739E-01   4.1149261E-01   1.4194745E+00   4.8124419E-01   6.4069722E-01
    5.1428312E-01   6.7106562E-01   5.6479919E-01   7.0732736E-01   5.5707717E-01
    9.4161433E-01   5.1242714E-01   8.3613942E-01   5.8296337E-01   9.5253106E-01
    5.7681036E-01   9.1549086E-01   5.5508383E-01   8.6314228E-01   5.6736670E-01
    8.3599707E-01   6.0297643E-01   8.5202682E-01   6.7191201E-01   8.4177313E-01
    7.9171811E-01   8.4163751E-01   1.0215645E+00   8.4712172E-01

 7.0861083614E+04   1.1245228E+05   1.4326758E+06   9.2714176E-01   4.0243169E-01   4.8897983E+02   5.0000079E-02     6 
    1.0432929E+02   4.2399494E+04   2.0373847E+04   1.2408773E+00   1.2324692E+00
    4.2479575E-01   3.6791061E-01   2.7610314E+00   7.8395454E-02   6.6874670E-02
    1.0349671E+00   3.3534783E-01   3.7551103E-01   3.1069060E+00   1.5641970E-01
    1.3653536E-01   2.1469933E-01   1.8536045E-01   1.3230010E+00   2.8951828E-01
    3.8278756E-01   3.4903349E+00   2.0068678E-01   1.8683550E-01   3.2794084E-01
    2.8059093E-01   1.2258592E+00   2.6415526E-01   3.8204874E-01   3.7154059E+00
    2.2226273E-01   2.1633808E-01   4.2210575E-01   3.5633636E-01   1.5157408E+00
    2.5886765E-01   3.7877181E-01   3.8714491E+00   2.2711666E-01   2.3808675E-01
    5.0550859E-01   4.1799615E-01   1.4929708E+00   4.9308554E-01   6.4547888E-01
    5.2489774E-01   6.7571615E-01   5.7433956E-01   7.1215505E-01   5.7026010E-01
    9.4708871E-01   5.2422526E-01   8.4241724E-01   5.9552796E-01   9.5673827E-01
    5.8874977E-01   9.1994290E-01   5.6686710E-01   8.6849424E-01   5.7943271E-01
    8.4252419E-01   6.1658129E-01   8.5560509E-01   6.8281581E-01   8.4699789E-01
    7.8921826E-01   8.4672083E-01   9.7283308E-01   8.5108818E-01

 5.3468787217E+04   2.1509812E+05   2.5415427E+06   9.3890691E-01   2.9132522E-01   4.8742560E+02   5.0000083E-02     7 
    6.3802750E+01   2.6285658E+04   1.4723648E+04   1.3251317E+00   1.4242670E+00
    4.4178779E-01   4.0836230E-01   2.8571225E+00   8.0930470E-02   6.9701203E-02
    1.2058417E+00   3.4428340E-01   3.9895744E-01   3.1803415E+00   1.5983596E-01
    1.4066186E-01   2.1907692E-01   1.9051807E-01   1.5127250E+00   2.9581668E-01
    3.9738057E-01   3.5546983E+00   2.0415014E-01   1.9130449E-01   3.3298890E-01
    2.8713393E-01   1.3717366E+00   2.6974915E-01   3.9218541E-01   3.7725467E+00
    2.2569193E-01   2.2074659E-01   4.2746687E-01   3.6400790E-01   1.6403739E+00
    2.6541932E-01   3.8713698E-01   3.9209155E+00   2.3080789E-01   2.4261915E-01
    5.1118548E-01   4.2707694E-01   1.5788588E+00   5.0920998E-01   6.5280373E-01
    5.3986544E-01   6.8289832E-01   5.8629907E-01   7.1988827E-01   5.8872192E-01
    9.5451613E-01   5.4211405E-01   8.5341267E-01   6.1357292E-01   9.6127763E-01
    6.0739765E-01   9.2577758E-01   5.8799002E-01   8.7736357E-01   6.0152925E-01
    8.5393587E-01   6.3788437E-01   8.6158417E-01   6.9233785E-01   8.5554488E-01
    7.6801869E-01   8.5503835E-01   8.7860508E-01   8.5771571E-01

 4.0397558602E+04   4.0290810E+05   4.4960102E+06   9.4897920E-01   2.1233450E-01   4.8538245E+02   5.0000089E-02     8 
    3.6879687E+01   1.6119966E+04   9.9378023E+03   1.3999256E+00   1.5868118E+00
    4.5651563E-01   4.4052836E-01   2.9399161E+00   8.3152476E-02   7.2148450E-02
    1.3423283E+00   3.5196514E-01   4.1688889E-01   3.2431267E+00   1.6280791E-01
    1.4416080E-01   2.2283809E-01   1.9491461E-01   1.6597043E+00   3.0135008E-01
    4.0843015E-01   3.6091076E+00   2.0720176E-01   1.9507496E-01   3.3732064E-01
    2.9267489E-01   1.4819962E+00   2.7516814E-01   4.0060545E-01   3.8196193E+00
    2.2887752E-01   2.2464679E-01   4.3205783E-01   3.7046232E-01   1.7179818E+00
    2.7301231E-01   3.9527368E-01   3.9580379E+00   2.3475909E-01   2.4707256E-01
    5.1604647E-01   4.3466828E-01   1.6304791E+00   5.2201275E-01   6.5911467E-01
    5.5358124E-01   6.8914903E-01   5.9725615E-01   7.2709841E-01   6.0389554E-01
    9.5929666E-01   5.5818732E-01   8.6482510E-01   6.2660507E-01   9.6239426E-01
    6.2194930E-01   9.2940331E-01   6.0703597E-01   8.8573922E-01   6.2102076E-01
    8.6499954E-01   6.5299299E-01   8.6817427E-01   6.9412346E-01   8.6377423E-01
    7.4422006E-01   8.6308462E-01   8.0814254E-01   8.6462774E-01

 3.0562661197E+04   7.4128058E+05   7.9319755E+06   9.5822369E-01   1.5715441E-01   4.8276295E+02   5.0000098E-02     9 
    2.0981361E+01   9.8410269E+03   6.4615923E+03   1.4709820E+00   1.7375915E+00
    4.7015651E-01   4.6825940E-01   3.0162151E+00   8.5259257E-02   7.4432732E-02
    1.4562783E+00   3.5903303E-01   4.3245544E-01   3.3005431E+00   1.6560543E-01
    1.4738792E-01   2.2630224E-01   1.9888193E-01   1.7800014E+00   3.0665373E-01
    4.1839771E-01   3.6580381E+00   2.1014048E-01   1.9859694E-01   3.4130734E-01
    2.9762228E-01   1.5728196E+00   2.8116489E-01   4.0891765E-01   3.8599085E+00
    2.3221021E-01   2.2855981E-01   4.3628857E-01   3.7617573E-01   1.7796153E+00
    2.8319747E-01   4.0444402E-01   3.9837719E+00   2.3968648E-01   2.5214939E-01
    5.2052443E-01   4.4130243E-01   1.6778543E+00   5.3247671E-01   6.6496639E-01
    5.6599619E-01   6.9501613E-01   6.0738687E-01   7.3463537E-01   6.1639371E-01
    9.6148060E-01   5.7347686E-01   8.7734132E-01   6.3611085E-01   9.6048663E-01
    6.3427111E-01   9.3137032E-01   6.2497128E-01   8.9396815E-01   6.3834882E-01
    8.7610198E-01   6.6402015E-01   8.7616595E-01   6.9323978E-01   8.7274681E-01
    7.2517841E-01   8.7194274E-01   7.6184882E-01   8.7276833E-01

 2.3124700990E+04   1.3496204E+06   1.4002058E+07   9.6677612E-01   1.1795423E-01   4.7928722E+02   5.0000109E-02    10 
    1.1765255E+01   5.9732752E+03   4.1010024E+03   1.5385888E+00   1.8841276E+00
    4.8285219E-01   4.9310185E-01   3.0869186E+00   8.7314732E-02   7.6656202E-02
    1.5555956E+00   3.6557630E-01   4.4647218E-01   3.3533012E+00   1.6831593E-01
    1.5049143E-01   2.2953101E-01   2.0254020E-01   1.8833224E+00   3.1195531E-01
    4.2781176E-01   3.7017536E+00   2.1310674E-01   2.0207465E-01   3.4501460E-01
    3.0213537E-01   1.6510296E+00   2.8849757E-01   4.1777692E-01   3.8923199E+00
    2.3602810E-01   2.3287080E-01   4.4024078E-01   3.8136427E-01   1.8305452E+00
    2.9817280E-01   4.1600991E-01   3.9933298E+00   2.4651143E-01   2.5869342E-01
    5.2471469E-01   4.4725755E-01   1.7223172E+00   5.4110105E-01   6.7045802E-01
    5.7749631E-01   7.0071567E-01   6.1680768E-01   7.4307154E-01   6.2706769E-01
    9.6037443E-01   5.8924823E-01   8.9056649E-01   6.4372701E-01   9.5611990E-01
    6.4546875E-01   9.3203510E-01   6.4156161E-01   9.0190234E-01   6.5335168E-01
    8.8723550E-01   6.7246221E-01   8.8563190E-01   6.9217079E-01   8.8292199E-01
    7.1189940E-01   8.8211186E-01   7.3271490E-01   8.8251589E-01

 1.7515363491E+04   2.4366672E+06   2.4706584E+07   9.7450774E-01   8.9613001E-02   4.7467414E+02   5.0000128E-02    11 
    6.4792079E+00   3.6090770E+03   2.5659568E+03   1.6009253E+00   2.0289789E+00
    4.9433481E-01   5.1583234E-01   3.1506022E+00   8.9352514E-02   7.8915802E-02
    1.6455963E+00   3.7147184E-01   4.5923479E-01   3.4003051E+00   1.7098465E-01
    1.5360089E-01   2.3249658E-01   2.0595608E-01   1.9758666E+00   3.1745540E-01
    4.3686272E-01   3.7386748E+00   2.1623703E-01   2.0571822E-01   3.4840637E-01
    3.0631798E-01   1.7213600E+00   2.9830306E-01   4.2789141E-01   3.9131558E+00
    2.4081125E-01   2.3810418E-01   4.4386144E-01   3.8616817E-01   1.8712381E+00
    3.2134966E-01   4.3198627E-01   3.9772198E+00   2.5664949E-01   2.6800192E-01
    5.2859589E-01   4.5276893E-01   1.7595635E+00   5.4841722E-01   6.7556143E-01
    5.8851341E-01   7.0643142E-01   6.2581297E-01   7.5284011E-01   6.3676922E-01
    9.5524929E-01   6.0624465E-01   9.0298567E-01   6.5121787E-01   9.5051120E-01
    6.5619828E-01   9.3199689E-01   6.5640107E-01   9.0934300E-01   6.6613866E-01
    8.9811689E-01   6.7961632E-01   8.9605929E-01   6.9241985E-01   8.9401468E-01
    7.0433858E-01   8.9331690E-01   7.1605640E-01   8.9350409E-01

 1.3300025356E+04   4.3636091E+06   4.3490281E+07   9.8143120E-01   6.8794971E-02   4.6859731E+02   5.0000156E-02    12 
    3.5111150E+00   2.1773202E+03   1.5963353E+03   1.6573205E+00   2.1750659E+00
    5.0454411E-01   5.3725266E-01   3.2070657E+00   9.1476913E-02   8.1405790E-02
    1.7310184E+00   3.7670714E-01   4.7111235E-01   3.4411665E+00   1.7374559E-01
    1.5696812E-01   2.3522585E-01   2.0926615E-01   2.0627628E+00   3.2362492E-01
    4.4600711E-01   3.7673236E+00   2.1982427E-01   2.0992528E-01   3.5150471E-01
    3.1034626E-01   1.7872641E+00   3.1256164E-01   4.4057480E-01   3.9172188E+00
    2.4740761E-01   2.4516897E-01   4.4715028E-01   3.9079698E-01   1.9023993E+00
    3.5795256E-01   4.5562980E-01   3.9218720E+00   2.7231721E-01   2.8215100E-01
    5.3221608E-01   4.5815155E-01   1.7837304E+00   5.5514894E-01   6.8041258E-01
    5.9944384E-01   7.1255442E-01   6.3480243E-01   7.6427942E-01   6.4653058E-01
    9.4610840E-01   6.2476732E-01   9.1263458E-01   6.6037976E-01   9.4503440E-01
    6.6747212E-01   9.3202306E-01   6.7025975E-01   9.1623969E-01   6.7808354E-01
    9.0835141E-01   6.8740485E-01   9.0659729E-01   6.9562731E-01   9.0520305E-01
    7.0279076E-01   9.0469329E-01   7.0937378E-01   9.0479013E-01

 1.0141494595E+04   7.7444586E+06   7.6187596E+07   9.8760489E-01   5.3300402E-02   4.6074825E+02   5.0000203E-02    13 
    1.8799304E+00   1.3163846E+03   9.9434186E+02   1.7076496E+00   2.3249830E+00
    5.1347958E-01   5.5796108E-01   3.2563348E+00   9.3870147E-02   8.4442567E-02
    1.8154338E+00   3.8133876E-01   4.8235598E-01   3.4755855E+00   1.7683275E-01
    1.6099182E-01   2.3777507E-01   2.1265024E-01   2.1475392E+00   3.3130150E-01
    4.5590498E-01   3.7853885E+00   2.2437012E-01   2.1533875E-01   3.5436552E-01
    3.1443336E-01   1.8507363E+00   3.3440837E-01   4.5784718E-01   3.8963464E+00
    2.5716558E-01   2.5549109E-01   4.5018768E-01   3.9554019E-01   1.9221653E+00
    4.1490421E-01   4.9127854E-01   3.8090127E+00   2.9654994E-01   3.0400809E-01
    5.3574201E-01   4.6381675E-01   1.7846080E+00   5.6207193E-01   6.8524770E-01
    6.1071930E-01   7.1967451E-01   6.4432056E-01   7.7730385E-01   6.5748445E-01
    9.3405031E-01   6.4486551E-01   9.1808537E-01   6.7260739E-01   9.4023568E-01
    6.8066495E-01   9.3229372E-01   6.8482089E-01   9.2225849E-01   6.9114061E-01
    9.1726591E-01   6.9767999E-01   9.1613109E-01   7.0304718E-01   9.1531719E-01
    7.0741344E-01   9.1501280E-01   7.1113408E-01   9.1508566E-01

 7.7714518405E+03   1.3623647E+07   1.3269169E+08   9.9311389E-01   4.1571803E-02   4.5103726E+02   5.0000281E-02    14 
    9.9650093E-01   7.9910233E+02   6.2271714E+02   1.7534345E+00   2.4811788E+00
    5.2122497E-01   5.7888161E-01   3.2987428E+00   9.6844150E-02   8.8583137E-02
    1.9022690E+00   3.8554492E-01   4.9360126E-01   3.5030756E+00   1.8065094E-01
    1.6638322E-01   2.4026031E-01   2.1646405E-01   2.2339039E+00   3.4193043E-01
    4.6809767E-01   3.7890803E+00   2.3072526E-01   2.2310985E-01   3.5713034E-01
    3.1902612E-01   1.9128210E+00   3.6825089E-01   4.8316498E-01   3.8384768E+00
    2.7215610E-01   2.7141137E-01   4.5319661E-01   4.0102465E-01   1.9298039E+00
    4.9943652E-01   5.4407785E-01   3.6178903E+00   3.3285914E-01   3.3732861E-01
    5.3966680E-01   4.7071978E-01   1.7587736E+00   5.7033105E-01   6.9041942E-01
    6.2361646E-01   7.2857756E-01   6.5637108E-01   7.9129845E-01   6.7154908E-01
    9.2112813E-01   6.6730685E-01   9.1927151E-01   6.8933334E-01   9.3575075E-01
    6.9771923E-01   9.3217908E-01   7.0256408E-01   9.2661869E-01   7.0786927E-01
    9.2392211E-01   7.1269864E-01   9.2343918E-01   7.1639414E-01   9.2309550E-01
    7.1918832E-01   9.2297535E-01   7.2136271E-01   9.2305326E-01

 5.9726258264E+03   2.3921077E+07   2.3117126E+08   9.9812863E-01   3.2541054E-02   4.3872676E+02   5.0000423E-02    15 
    5.2118520E-01   4.8540514E+02   3.9170301E+02   1.7943459E+00   2.6501728E+00
    5.2805444E-01   6.0128172E-01   3.3349447E+00   1.0095921E-01   9.4813450E-02
    1.9960962E+00   3.8979034E-01   5.0565200E-01   3.5227386E+00   1.8593798E-01
    1.7436946E-01   2.4295293E-01   2.2124959E-01   2.3261617E+00   3.5812701E-01
    4.8505879E-01   3.7718791E+00   2.4041969E-01   2.3522663E-01   3.6013642E-01
    3.2474364E-01   1.9738933E+00   4.2122484E-01   5.2171245E-01   3.7252340E+00
    2.9565267E-01   2.9663043E-01   4.5668544E-01   4.0812541E-01   1.9193044E+00
    6.1646073E-01   6.1820529E-01   3.3296690E+00   3.8467017E-01   3.8624111E-01
    5.4513478E-01   4.8037212E-01   1.6985354E+00   5.8140268E-01   6.9659445E-01
    6.3968764E-01   7.4017064E-01   6.7288794E-01   8.0561001E-01   6.9072169E-01
    9.0945070E-01   6.9353045E-01   9.1736105E-01   7.1180167E-01   9.3107805E-01
    7.2022838E-01   9.3095544E-01   7.2537518E-01   9.2866715E-01   7.2998998E-01
    9.2766599E-01   7.3375837E-01   9.2773419E-01   7.3646023E-01   9.2774432E-01
    7.3835429E-01   9.2777242E-01   7.3967753E-01   9.2786496E-01

 4.6066328406E+03   4.2011217E+07   4.0349749E+08   1.0029385E+00   2.5569687E-02   4.2282324E+02   5.0000719E-02    16 
    2.7105064E-01   2.9576625E+02   2.4843491E+02   1.8306297E+00   2.8398877E+00
    5.3463398E-01   6.2658239E-01   3.3661870E+00   1.0713422E-01   1.0479646E-01
    2.1005316E+00   3.9510338E-01   5.1959216E-01   3.5327995E+00   1.9393299E-01
    1.8697113E-01   2.4638085E-01   2.2780796E-01   2.4265383E+00   3.8421107E-01
    5.1080520E-01   3.7230628E+00   2.5597031E-01   2.5494395E-01   3.6405592E-01
    3.3240955E-01   2.0305105E+00   5.0063109E-01   5.7952809E-01   3.5350910E+00
    3.3189421E-01   3.3599499E-01   4.6175592E-01   4.1813564E-01   1.8797848E+00
    7.5999148E-01   7.1040227E-01   2.9456761E+00   4.5248492E-01   4.5203677E-01
    5.5430397E-01   4.9503624E-01   1.5949275E+00   5.9714823E-01   7.0491484E-01
    6.6041523E-01   7.5508284E-01   6.9535917E-01   8.1986502E-01   7.1624253E-01
    9.0085791E-01   7.2446536E-01   9.1426095E-01   7.4031703E-01   9.2652083E-01
    7.4856998E-01   9.2877326E-01   7.5372324E-01   9.2868311E-01   7.5779254E-01
    9.2883006E-01   7.6084263E-01   9.2929663E-01   7.6290893E-01   9.2955013E-01
    7.6425629E-01   9.2968640E-01   7.6509213E-01   9.2979347E-01

 3.5731514465E+03   7.3738081E+07   7.0474016E+08   1.0082151E+00   2.0164414E-02   4.0259554E+02   5.0001411E-02    17 
    1.4315490E-01   1.8207292E+02   1.5994331E+02   1.8662597E+00   3.0594464E+00
    5.4256975E-01   6.5705795E-01   3.3957852E+00   1.1686218E-01   1.2132264E-01
    2.2175704E+00   4.0360204E-01   5.3769535E-01   3.5312846E+00   2.0666829E-01
    2.0751808E-01   2.5154848E-01   2.3745357E-01   2.5339923E+00   4.2666877E-01
    5.5208645E-01   3.6281156E+00   2.8123472E-01   2.8740748E-01   3.7022473E-01
    3.4331220E-01   2.0739999E+00   6.1132877E-01   6.6097927E-01   3.2521472E+00
    3.8493853E-01   3.9440585E-01   4.7067144E-01   4.3326512E-01   1.8013688E+00
    9.0700527E-01   8.0525154E-01   2.5034654E+00   5.3152356E-01   5.3008821E-01
    5.7052279E-01   5.1785382E-01   1.4533803E+00   6.1980988E-01   7.1721754E-01
    6.8716864E-01   7.7361989E-01   7.2446320E-01   8.3451849E-01   7.4806279E-01
    8.9684881E-01   7.5990967E-01   9.1236867E-01   7.7400649E-01   9.2350984E-01
    7.8184815E-01   9.2711648E-01   7.8675912E-01   9.2834446E-01   7.9032580E-01
    9.2918491E-01   7.9283196E-01   9.2989385E-01   7.9445255E-01   9.3029394E-01
    7.9544389E-01   9.3049971E-01   7.9599010E-01   9.3061611E-01

 2.7946361656E+03   1.2874464E+08   1.2255549E+09   1.0152764E+00   1.5949719E-02   3.7860487E+02   5.0003139E-02    18 
    8.0112476E-02   1.1454256E+02   1.0530015E+02   1.9169873E+00   3.3155347E+00
    5.5492542E-01   6.9623432E-01   3.4289937E+00   1.3254377E-01   1.4880628E-01
    2.3452733E+00   4.1901533E-01   5.6420229E-01   3.5159501E+00   2.2734338E-01
    2.4115718E-01   2.6010766E-01   2.5241134E-01   2.6401713E+00   4.9345711E-01
    6.1809688E-01   3.4712338E+00   3.2133034E-01   3.3968792E-01   3.8089139E-01
    3.5963857E-01   2.0882222E+00   7.4815063E-01   7.6356479E-01   2.8844546E+00
    4.5609141E-01   4.7402936E-01   4.8711326E-01   4.5721281E-01   1.6849188E+00
    1.0238221E+00   8.8302308E-01   2.0705053E+00   6.1280927E-01   6.1183464E-01
    5.9736535E-01   5.5242559E-01   1.3039281E+00   6.5208331E-01   7.3586039E-01
    7.2164410E-01   7.9602575E-01   7.6054838E-01   8.5080998E-01   7.8541033E-01
    8.9863537E-01   7.9895869E-01   9.1404554E-01   8.1142326E-01   9.2401159E-01
    8.1857864E-01   9.2814937E-01   8.2303682E-01   9.3003222E-01   8.2610069E-01
    9.3121651E-01   8.2815717E-01   9.3203157E-01   8.2944205E-01   9.3249753E-01
    8.3019074E-01   9.3273709E-01   8.3056371E-01   9.3285494E-01

 2.2022428369E+03   2.2455747E+08   2.1305923E+09   1.0266172E+00   1.2647449E-02   3.5078061E+02   5.0007937E-02    19 
    5.0681609E-02   7.4351182E+01   7.1168584E+01   2.0047253E+00   3.6261932E+00
    5.7707983E-01   7.5073388E-01   3.4735967E+00   1.5828347E-01   1.9459854E-01
    2.4834704E+00   4.4737510E-01   6.0632443E-01   3.4837673E+00   2.6113249E-01
    2.9606695E-01   2.7477153E-01   2.7657732E-01   2.7313338E+00   5.9320661E-01
    7.1861849E-01   3.2384829E+00   3.8272213E-01   4.2091106E-01   3.9969641E-01
    3.8512422E-01   2.0555285E+00   8.9474919E-01   8.7634953E-01   2.4681880E+00
    5.4348224E-01   5.7327241E-01   5.1624639E-01   4.9553596E-01   1.5444602E+00
    1.0892584E+00   9.3589609E-01   1.7023436E+00   6.9010347E-01   6.9227238E-01
    6.3757718E-01   6.0218660E-01   1.1777365E+00   6.9680846E-01   7.6339446E-01
    7.6529597E-01   8.2322258E-01   8.0347718E-01   8.7050558E-01   8.2737272E-01
    9.0701172E-01   8.4072041E-01   9.2097478E-01   8.5129427E-01   9.2957322E-01
    8.5744156E-01   9.3363693E-01   8.6124301E-01   9.3570072E-01   8.6376226E-01
    9.3696954E-01   8.6540191E-01   9.3777890E-01   8.6640280E-01   9.3824469E-01
    8.6696744E-01   9.3848570E-01   8.6722892E-01   9.3859601E-01

 1.7501095474E+03   3.9581106E+08   3.7449058E+09   1.0450875E+00   1.0061796E-02   3.1596736E+02   5.0025330E-02    20 
    3.8506018E-02   5.0386658E+01   4.9952994E+01   2.1493485E+00   4.0402883E+00
    6.1565447E-01   8.3262907E-01   3.5295971E+00   2.0016297E-01   2.7067159E-01
    2.6432921E+00   4.9613041E-01   6.7481485E-01   3.4245778E+00   3.1513324E-01
    3.8458340E-01   2.9947538E-01   3.1618721E-01   2.7973107E+00   7.3084276E-01
    8.6015251E-01   2.9217426E+00   4.7122916E-01   5.4116013E-01   4.3190941E-01
    4.2526349E-01   1.9729536E+00   1.0261862E+00   9.8461923E-01   2.0559070E+00
    6.4200545E-01   6.8760820E-01   5.6363113E-01   5.5445568E-01   1.4073912E+00
    1.1045959E+00   9.6932090E-01   1.4229948E+00   7.6169889E-01   7.7082071E-01
    6.9187287E-01   6.6845892E-01   1.0898432E+00   7.5402010E-01   8.0094634E-01
    8.1602659E-01   8.5571275E-01   8.5019661E-01   8.9450696E-01   8.7102632E-01
    9.2176153E-01   8.8267214E-01   9.3344100E-01   8.9104987E-01   9.4044310E-01
    8.9593072E-01   9.4399869E-01   8.9892247E-01   9.4590944E-01   9.0085454E-01
    9.4707358E-01   9.0208516E-01   9.4778940E-01   9.0282365E-01   9.4820288E-01
    9.0323072E-01   9.4841835E-01   9.0340911E-01   9.4851242E-01

 1.4121581053E+03   6.9291746E+08   6.5406438E+09   1.0722289E+00   8.1186113E-03   2.7753489E+02   5.0091200E-02    21 
    3.6897965E-02   3.6065268E+01   3.6529973E+01   2.3739408E+00   4.5371757E+00
    6.7658856E-01   9.4769108E-01   3.5748620E+00   2.6529358E-01   3.8811426E-01
    2.8096164E+00   5.7120200E-01   7.7491180E-01   3.3203278E+00   3.9604137E-01
    5.1557040E-01   3.3791442E-01   3.7740440E-01   2.7925811E+00   8.9246662E-01
    1.0254716E+00   2.5490763E+00   5.8406219E-01   6.9683646E-01   4.8213329E-01
    4.8510821E-01   1.8457977E+00   1.1145212E+00   1.0696628E+00   1.7137484E+00
    7.4074302E-01   8.0295309E-01   6.2948778E-01   6.3440484E-01   1.2993418E+00
    1.0900055E+00   9.9446683E-01   1.2401078E+00   8.2570280E-01   8.4530186E-01
    7.5485420E-01   7.4557235E-01   1.0456055E+00   8.1715696E-01   8.4451459E-01
    8.6778581E-01   8.9033988E-01   8.9524625E-01   9.2039758E-01   9.1149999E-01
    9.4006122E-01   9.2051256E-01   9.4908925E-01   9.2660237E-01   9.5440468E-01
    9.3014250E-01   9.5721247E-01   9.3229629E-01   9.5877058E-01   9.3366272E-01
    9.5971534E-01   9.3452103E-01   9.6028614E-01   9.3503024E-01   9.6061613E-01
    9.3530687E-01   9.6078888E-01   9.3542359E-01   9.6086162E-01

 1.1567159734E+03   1.2041270E+09   1.1344726E+10   1.1101534E+00   6.7446583E-03   2.3727924E+02   5.0348943E-02    22 
    4.6212545E-02   2.7093764E+01   2.7508671E+01   2.7138448E+00   5.0786365E+00
    7.7004713E-01   1.1006712E+00   3.5853588E+00   3.6540532E-01   5.5758091E-01
    2.9575910E+00   6.7922886E-01   9.0599701E-01   3.1591873E+00   5.1260489E-01
    6.9322137E-01   3.9562357E-01   4.6697616E-01   2.6788819E+00   1.0542133E+00
    1.1843669E+00   2.1714440E+00   7.1440096E-01   8.7239537E-01   5.5528235E-01
    5.6992766E-01   1.7018842E+00   1.1567515E+00   1.1272828E+00   1.4652354E+00
    8.3407526E-01   9.0851143E-01   7.1018212E-01   7.3045139E-01   1.2285785E+00
    1.0700545E+00   1.0193157E+00   1.1334215E+00   8.8309079E-01   9.1400658E-01
    8.2046700E-01   8.2590850E-01   1.0345802E+00   8.7929381E-01   8.8906098E-01
    9.1564052E-01   9.2371375E-01   9.3500680E-01   9.4534335E-01   9.4607299E-01
    9.5870564E-01   9.5212747E-01   9.6507820E-01   9.5604796E-01   9.6876899E-01
    9.5831828E-01   9.7076426E-01   9.5969230E-01   9.7189257E-01   9.6055411E-01
    9.7257385E-01   9.6109100E-01   9.7298253E-01   9.6140731E-01   9.7321858E-01
    9.6157774E-01   9.7334222E-01   9.6164781E-01   9.7339264E-01

 9.6376756494E+02   2.0722061E+09   1.9493842E+10   1.1603578E+00   5.8200084E-03   1.9468510E+02   5.1443338E-02    23 
    7.5402782E-02   2.1130083E+01   2.1180635E+01   3.1913489E+00   5.6086609E+00
    9.0707241E-01   1.2888109E+00   3.5356200E+00   5.1545887E-01   7.8163853E-01
    3.0367834E+00   8.2236406E-01   1.0570813E+00   2.9376059E+00   6.7031341E-01
    9.0625431E-01   4.7932058E-01   5.8657533E-01   2.4600237E+00   1.1867496E+00
    1.3056643E+00   1.8458924E+00   8.5005311E-01   1.0395761E+00   6.5272140E-01
    6.7887884E-01   1.5761978E+00   1.1673877E+00   1.1611211E+00   1.3051959E+00
    9.1760226E-01   9.9538532E-01   7.9766224E-01   8.3043909E-01   1.1902145E+00
    1.0571523E+00   1.0429918E+00   1.0787878E+00   9.3249888E-01   9.7172381E-01
    8.8222001E-01   8.9963695E-01   1.0415705E+00   9.3319750E-01   9.2957404E-01
    9.5490611E-01   9.5271662E-01   9.6632666E-01   9.6677480E-01   9.7258168E-01
    9.7505374E-01   9.7592705E-01   9.7905226E-01   9.7802598E-01   9.8132443E-01
    9.7923479E-01   9.8257392E-01   9.7996359E-01   9.8328782E-01   9.8041819E-01
    9.8371702E-01   9.8070010E-01   9.8397390E-01   9.8086558E-01   9.8412203E-01
    9.8095419E-01   9.8419935E-01   9.8098978E-01   9.8422984E-01

 8.1896392956E+02   3.3662760E+09   3.1627577E+10   1.2205859E+00   5.0794218E-03   1.5348303E+02   5.5699400E-02    24 
    1.4724297E-01   1.6698602E+01   1.6430622E+01   3.7323224E+00   5.9542395E+00
    1.0859585E+00   1.4836121E+00   3.3973991E+00   7.2329405E-01   1.0339827E+00
    2.9777931E+00   9.8691269E-01   1.2118095E+00   2.6632358E+00   8.5639757E-01
    1.1107033E+00   5.8991603E-01   7.2005890E-01   2.1951969E+00   1.2681058E+00
    1.3681490E+00   1.6195005E+00   9.7183977E-01   1.1611609E+00   7.6184206E-01
    7.9277826E-01   1.4845662E+00   1.1665999E+00   1.1752628E+00   1.2191454E+00
    9.8459322E-01   1.0542825E+00   8.7735547E-01   9.1405540E-01   1.1716602E+00
    1.0535318E+00   1.0599213E+00   1.0565723E+00   9.7000561E-01   1.0113557E+00
    9.3209323E-01   9.5500361E-01   1.0521118E+00   9.7171672E-01   9.6098984E-01
    9.8162878E-01   9.7438956E-01   9.8681735E-01   9.8248110E-01   9.8950229E-01
    9.8707662E-01   9.9086020E-01   9.8925047E-01   9.9169269E-01   9.9045681E-01
    9.9216684E-01   9.9113051E-01   9.9245189E-01   9.9151660E-01   9.9263049E-01
    9.9174796E-01   9.9274146E-01   9.9188624E-01   9.9280667E-01   9.9196595E-01
    9.9284137E-01   9.9200729E-01   9.9285487E-01   9.9202298E-01

 7.1027791485E+02   4.7251193E+09   4.4339474E+10   1.2859142E+00   4.1835928E-03   1.1584159E+02   6.9986870E-02    25 
    3.0674944E-01   1.3178916E+01   1.2785017E+01   4.1404002E+00   5.9685642E+00
    1.2772726E+00   1.6442939E+00   3.1786337E+00   9.6447988E-01   1.2562886E+00
    2.8115805E+00   1.1388512E+00   1.3538497E+00   2.3830161E+00   1.0264132E+00
    1.2519908E+00   7.1435367E-01   8.3803884E-01   1.9766768E+00   1.3058352E+00
    1.3827391E+00   1.4974588E+00   1.0614946E+00   1.2228575E+00   8.5687635E-01
    8.8340356E-01   1.4222720E+00   1.1683975E+00   1.1805272E+00   1.1840617E+00
    1.0306842E+00   1.0874527E+00   9.3599335E-01   9.6887787E-01   1.1647068E+00
    1.0568516E+00   1.0707961E+00   1.0518579E+00   9.9483357E-01   1.0343781E+00
    9.6581861E-01   9.8877366E-01   1.0607909E+00   9.9445568E-01   9.8150655E-01
    9.9681006E-01   9.8812070E-01   9.9803656E-01   9.9222734E-01   9.9854367E-01
    9.9449816E-01   9.9870021E-01   9.9549174E-01   9.9879685E-01   9.9602303E-01
    9.9884485E-01   9.9632226E-01   9.9887368E-01   9.9649227E-01   9.9889405E-01
    9.9659365E-01   9.9890794E-01   9.9665404E-01   9.9891646E-01   9.9668908E-01
    9.9892098E-01   9.9670704E-01   9.9892248E-01   9.9671351E-01

 6.3034729269E+02   5.3838162E+09   5.0460005E+10   1.3452499E+00   3.1688999E-03   8.4121919E+01   1.0753526E-01    26 
    5.8132897E-01   1.0423408E+01   1.0029385E+01   4.2408302E+00   5.6552317E+00
    1.4203446E+00   1.7264277E+00   2.9095313E+00   1.1587046E+00   1.3735596E+00
    2.5879056E+00   1.2354668E+00   1.4399645E+00   2.1520662E+00   1.1211611E+00
    1.2981238E+00   8.1976730E-01   9.0765727E-01   1.8242396E+00   1.3143902E+00
    1.3667786E+00   1.4376600E+00   1.1057896E+00   1.2318096E+00   9.1513453E-01
    9.3253604E-01   1.3683297E+00   1.1718108E+00   1.1821860E+00   1.1730527E+00
    1.0550353E+00   1.1015366E+00   9.6847500E-01   9.9487125E-01   1.1619154E+00
    1.0634449E+00   1.0777972E+00   1.0549539E+00   1.0102211E+00   1.0458168E+00
    9.8449366E-01   1.0049206E+00   1.0665293E+00   1.0055926E+00   9.9267851E-01
    1.0041459E+00   9.9545383E-01   1.0033485E+00   9.9734101E-01   1.0027554E+00
    9.9835663E-01   1.0023031E+00   9.9871451E-01   1.0020341E+00   9.9888729E-01
    1.0018697E+00   9.9898205E-01   1.0017710E+00   9.9903316E-01   1.0017126E+00
    9.9906294E-01   1.0016784E+00   9.9908034E-01   1.0016588E+00   9.9909085E-01
    1.0016485E+00   9.9909599E-01   1.0016442E+00   9.9909755E-01

 5.7476937627E+02   5.4977586E+09   5.1486490E+10   1.3854896E+00   2.4436786E-03   6.0638057E+01   1.7586293E-01    27 
    8.5025610E-01   8.3146204E+00   8.0017936E+00   4.0777082E+00   5.1821839E+00
    1.4779719E+00   1.7231158E+00   2.6248398E+00   1.2579626E+00   1.3850887E+00
    2.3413024E+00   1.2633157E+00   1.4498456E+00   1.9571610E+00   1.1315378E+00
    1.2693378E+00   8.8542593E-01   9.2989829E-01   1.6896621E+00   1.2932553E+00
    1.3287422E+00   1.3817860E+00   1.1057452E+00   1.2039240E+00   9.3928272E-01
    9.4777152E-01   1.3065742E+00   1.1625019E+00   1.1724506E+00   1.1577483E+00
    1.0573548E+00   1.0976582E+00   9.7993118E-01   1.0004499E+00   1.1503307E+00
    1.0643595E+00   1.0774080E+00   1.0547609E+00   1.0163826E+00   1.0471701E+00
    9.9170881E-01   1.0090691E+00   1.0654232E+00   1.0090299E+00   9.9696143E-01
    1.0065333E+00   9.9828465E-01   1.0051116E+00   9.9925937E-01   1.0041711E+00
    9.9976487E-01   1.0035232E+00   9.9988314E-01   1.0031337E+00   9.9992458E-01
    1.0028986E+00   9.9994254E-01   1.0027569E+00   9.9994948E-01   1.0026716E+00
    9.9995267E-01   1.0026206E+00   9.9995403E-01   1.0025911E+00   9.9995540E-01
    1.0025754E+00   9.9995575E-01   1.0025691E+00   9.9995549E-01

 5.3505001015E+02   5.7105224E+09   5.3458762E+10   1.4066771E+00   2.0666021E-03   4.3814704E+01   2.7051635E-01    28 
    9.6613843E-01   6.6272574E+00   6.4612472E+00   3.7716140E+00   4.6685981E+00
    1.4691916E+00   1.6682566E+00   2.3521394E+00   1.2986294E+00   1.3522108E+00
    2.1087955E+00   1.2452149E+00   1.4158549E+00   1.7790526E+00   1.0997949E+00
    1.2112217E+00   9.2598985E-01   9.3277330E-01   1.5556300E+00   1.2504051E+00
    1.2804209E+00   1.3122160E+00   1.0818017E+00   1.1608456E+00   9.4834224E-01
    9.4878169E-01   1.2437144E+00   1.1377388E+00   1.1498584E+00   1.1300729E+00
    1.0453870E+00   1.0811108E+00   9.8167934E-01   9.9700227E-01   1.1272248E+00
    1.0563022E+00   1.0685832E+00   1.0471839E+00   1.0150276E+00   1.0407686E+00
    9.9280607E-01   1.0069732E+00   1.0568113E+00   1.0079291E+00   9.9734194E-01
    1.0059744E+00   9.9853887E-01   1.0047599E+00   9.9933410E-01   1.0039322E+00
    9.9974497E-01   1.0033508E+00   9.9985261E-01   1.0029951E+00   9.9989563E-01
    1.0027795E+00   9.9991525E-01   1.0026488E+00   9.9992459E-01   1.0025691E+00
    9.9992943E-01   1.0025211E+00   9.9993176E-01   1.0024931E+00   9.9993360E-01
    1.0024783E+00   9.9993422E-01   1.0024722E+00   9.9993412E-01

 5.0484151176E+02   6.3093076E+09   5.9057513E+10   1.4142921E+00   1.9431932E-03   3.1642742E+01   3.8086284E-01    29 
    9.2467734E-01   5.2181466E+00   5.2298826E+00   3.3934125E+00   4.1430551E+00
    1.4236417E+00   1.5906077E+00   2.1063744E+00   1.3204379E+00   1.3165277E+00
    1.9075529E+00   1.2057958E+00   1.3641178E+00   1.6176898E+00   1.0623103E+00
    1.1527251E+00   9.5994028E-01   9.3560495E-01   1.4303253E+00   1.1990042E+00
    1.2300262E+00   1.2380238E+00   1.0532466E+00   1.1177276E+00   9.5560611E-01
    9.4840507E-01   1.1878659E+00   1.1055246E+00   1.1203728E+00   1.0968633E+00
    1.0293862E+00   1.0601015E+00   9.8202004E-01   9.9238028E-01   1.0986522E+00
    1.0428798E+00   1.0548990E+00   1.0352023E+00   1.0099817E+00   1.0309742E+00
    9.9231240E-01   1.0032559E+00   1.0443064E+00   1.0051866E+00   9.9654329E-01
    1.0042570E+00   9.9795944E-01   1.0035307E+00   9.9880175E-01   1.0029848E+00
    9.9925040E-01   1.0025755E+00   9.9942000E-01   1.0023182E+00   9.9950690E-01
    1.0021603E+00   9.9955429E-01   1.0020634E+00   9.9958157E-01   1.0020036E+00
    9.9959752E-01   1.0019673E+00   9.9960660E-01   1.0019459E+00   9.9961215E-01
    1.0019344E+00   9.9961477E-01   1.0019297E+00   9.9961550E-01

 4.7999755307E+02   7.4715757E+09   6.9940300E+10   1.4147763E+00   2.0091274E-03   2.2718467E+01   4.9549221E-01    30 
    8.1329781E-01   4.0200374E+00   4.1935739E+00   2.9747956E+00   3.6041166E+00
    1.3601043E+00   1.5026351E+00   1.8865467E+00   1.3406990E+00   1.2899854E+00
    1.7329934E+00   1.1592841E+00   1.3057491E+00   1.4734308E+00   1.0339267E+00
    1.1041811E+00   9.9718777E-01   9.4563463E-01   1.3191347E+00   1.1479152E+00
    1.1801405E+00   1.1692173E+00   1.0303847E+00   1.0806500E+00   9.6704717E-01
    9.5210806E-01   1.1395269E+00   1.0737471E+00   1.0897225E+00   1.0657902E+00
    1.0161968E+00   1.0406062E+00   9.8512706E-01   9.9034111E-01   1.0705705E+00
    1.0291399E+00   1.0402522E+00   1.0233570E+00   1.0051730E+00   1.0213337E+00
    9.9304388E-01   1.0005695E+00   1.0315612E+00   1.0027645E+00   9.9640726E-01
    1.0026289E+00   9.9777403E-01   1.0023079E+00   9.9855436E-01   1.0020105E+00
    9.9898204E-01   1.0017634E+00   9.9917603E-01   1.0016020E+00   9.9928386E-01
    1.0015006E+00   9.9934577E-01   1.0014372E+00   9.9938269E-01   1.0013975E+00
    9.9940473E-01   1.0013730E+00   9.9941761E-01   1.0013584E+00   9.9942517E-01
    1.0013505E+00   9.9942891E-01   1.0013473E+00   9.9943013E-01

 4.5588698386E+02   9.4731951E+09   8.8698113E+10   1.4184873E+00   2.2942418E-03   1.6401932E+01   5.9989696E-01    31 
    7.7502373E-01   2.9946883E+00   3.2568823E+00   2.5147600E+00   3.0297508E+00
    1.2790572E+00   1.4036430E+00   1.6728208E+00   1.3404712E+00   1.2582615E+00
    1.5627675E+00   1.1076357E+00   1.2405096E+00   1.3370155E+00   1.0064999E+00
    1.0587429E+00   1.0302161E+00   9.5927257E-01   1.2152899E+00   1.0978788E+00
    1.1287411E+00   1.1064858E+00   1.0110563E+00   1.0471998E+00   9.7873178E-01
    9.5875230E-01   1.0937792E+00   1.0444771E+00   1.0597080E+00   1.0383219E+00
    1.0054089E+00   1.0232611E+00   9.8867669E-01   9.8989860E-01   1.0444275E+00
    1.0165511E+00   1.0261111E+00   1.0127278E+00   1.0009184E+00   1.0125613E+00
    9.9400130E-01   9.9865010E-01   1.0196650E+00   1.0008690E+00   9.9652683E-01
    1.0012521E+00   9.9777529E-01   1.0012361E+00   9.9847581E-01   1.0011346E+00
    9.9886554E-01   1.0010224E+00   9.9906605E-01   1.0009423E+00   9.9918168E-01
    1.0008893E+00   9.9924964E-01   1.0008550E+00   9.9929071E-01   1.0008328E+00
    9.9931544E-01   1.0008188E+00   9.9933005E-01   1.0008103E+00   9.9933851E-01
    1.0008057E+00   9.9934278E-01   1.0008038E+00   9.9934423E-01

 4.4309904122E+02   1.1830581E+10   1.1083536E+11   1.4218171E+00   2.9841176E-03   1.2216573E+01   6.8222345E-01    32 
    8.4862415E-01   2.4741301E+00   2.7394984E+00   2.2228144E+00   2.6804368E+00
    1.2125248E+00   1.3330832E+00   1.5357824E+00   1.3019987E+00   1.2159841E+00
    1.4512210E+00   1.0673195E+00   1.1923090E+00   1.2492582E+00   9.7872477E-01
    1.0244236E+00   1.0293415E+00   9.5979515E-01   1.1456130E+00   1.0623312E+00
    1.0922569E+00   1.0645490E+00   9.9395673E-01   1.0240750E+00   9.7702204E-01
    9.5958008E-01   1.0629106E+00   1.0235028E+00   1.0386343E+00   1.0189312E+00
    9.9551151E-01   1.0107230E+00   9.8612555E-01   9.8753527E-01   1.0264125E+00
    1.0068857E+00   1.0160049E+00   1.0044443E+00   9.9625777E-01   1.0059925E+00
    9.9213337E-01   9.9627679E-01   1.0111804E+00   9.9906893E-01   9.9531071E-01
    9.9997689E-01   9.9699606E-01   1.0002725E+00   9.9791356E-01   1.0003579E+00
    9.9841788E-01   1.0003642E+00   9.9869238E-01   1.0003553E+00   9.9885181E-01
    1.0003451E+00   9.9894601E-01   1.0003366E+00   9.9900298E-01   1.0003302E+00
    9.9903742E-01   1.0003257E+00   9.9905796E-01   1.0003228E+00   9.9906980E-01
    1.0003211E+00   9.9907585E-01   1.0003205E+00   9.9907794E-01

 4.4150131900E+02   1.5024704E+10   1.4087802E+11   1.4148845E+00   3.9621837E-03   8.6718150E+00   7.6151855E-01    33 
    7.9759220E-01   2.3653486E+00   2.6215011E+00   2.1468069E+00   2.6051183E+00
    1.1873400E+00   1.3095193E+00   1.4981162E+00   1.2747192E+00   1.1977954E+00
    1.4160220E+00   1.0499588E+00   1.1724029E+00   1.2171439E+00   9.6765424E-01
    1.0135928E+00   1.0187767E+00   9.5861457E-01   1.1139303E+00   1.0456113E+00
    1.0739542E+00   1.0447522E+00   9.8688844E-01   1.0155196E+00   9.7350705E-01
    9.6052723E-01   1.0494704E+00   1.0129287E+00   1.0273656E+00   1.0094488E+00
    9.9107935E-01   1.0050202E+00   9.8428101E-01   9.8709039E-01   1.0174259E+00
    1.0019907E+00   1.0105437E+00   1.0003781E+00   9.9411483E-01   1.0028040E+00
    9.9117980E-01   9.9544946E-01   1.0068391E+00   9.9828038E-01   9.9480965E-01
    9.9938093E-01   9.9671063E-01   9.9980394E-01   9.9772727E-01   9.9997102E-01
    9.9828005E-01   1.0000308E+00   9.9858219E-01   1.0000551E+00   9.9875723E-01
    1.0000655E+00   9.9886065E-01   1.0000697E+00   9.9892315E-01   1.0000713E+00
    9.9896100E-01   1.0000717E+00   9.9898365E-01   1.0000717E+00   9.9899669E-01
    1.0000715E+00   9.9900336E-01   1.0000714E+00   9.9900561E-01

 4.4085987818E+02   1.9182069E+10   1.8005714E+11   1.4060603E+00   5.2301205E-03   6.3223130E+00   8.1948251E-01    34 
    7.1903526E-01   2.2695583E+00   2.5275479E+00   2.0846004E+00   2.5426783E+00
    1.1686761E+00   1.2899100E+00   1.4697184E+00   1.2607313E+00   1.1902886E+00
    1.3870472E+00   1.0361577E+00   1.1547668E+00   1.1905865E+00   9.6331009E-01
    1.0072293E+00   1.0157987E+00   9.6151583E-01   1.0896822E+00   1.0328129E+00
    1.0585164E+00   1.0305556E+00   9.8395449E-01   1.0096087E+00   9.7390806E-01
    9.6363039E-01   1.0384427E+00   1.0061314E+00   1.0191687E+00   1.0036782E+00
    9.8947979E-01   1.0016128E+00   9.8472692E-01   9.8791661E-01   1.0113086E+00
    9.9932720E-01   1.0068961E+00   9.9832100E-01   9.9357493E-01   1.0009855E+00
    9.9154292E-01   9.9546717E-01   1.0040990E+00   9.9808055E-01   9.9508294E-01
    9.9917402E-01   9.9691562E-01   9.9961584E-01   9.9788299E-01   9.9980412E-01
    9.9840517E-01   9.9988233E-01   9.9869072E-01   9.9991930E-01   9.9885582E-01
    9.9993787E-01   9.9895339E-01   9.9994744E-01   9.9901236E-01   9.9995242E-01
    9.9904812E-01   9.9995500E-01   9.9906957E-01   9.9995628E-01   9.9908192E-01
    9.9995684E-01   9.9908821E-01   9.9995698E-01   9.9909024E-01

 4.4033843034E+02   2.5197126E+10   2.3692639E+11   1.3953458E+00   7.2026673E-03   4.5555232E+00   8.6616065E-01    35 
    6.3660693E-01   2.1504518E+00   2.4174481E+00   2.0121845E+00   2.4641473E+00
    1.1507151E+00   1.2683775E+00   1.4393671E+00   1.2532217E+00   1.1868870E+00
    1.3553303E+00   1.0228095E+00   1.1351941E+00   1.1628817E+00   9.6268298E-01
    1.0021821E+00   1.0176671E+00   9.6708786E-01   1.0675789E+00   1.0217120E+00
    1.0434627E+00   1.0191019E+00   9.8345972E-01   1.0044425E+00   9.7689546E-01
    9.6818936E-01   1.0277072E+00   1.0014452E+00   1.0124040E+00   9.9994454E-01
    9.8951019E-01   9.9927452E-01   9.8654190E-01   9.8935162E-01   1.0065264E+00
    9.9788882E-01   1.0041125E+00   9.9734968E-01   9.9391913E-01   9.9980158E-01
    9.9263601E-01   9.9585784E-01   1.0021045E+00   9.9814515E-01   9.9576444E-01
    9.9913860E-01   9.9737021E-01   9.9955160E-01   9.9820893E-01   9.9973483E-01
    9.9865928E-01   9.9981631E-01   9.9890569E-01   9.9985700E-01   9.9904803E-01
    9.9987849E-01   9.9913220E-01   9.9989016E-01   9.9918313E-01   9.9989662E-01
    9.9921408E-01   9.9990018E-01   9.9923268E-01   9.9990208E-01   9.9924341E-01
    9.9990298E-01   9.9924883E-01   9.9990323E-01   9.9925046E-01

 4.3976157430E+02   3.3471621E+10   3.1561394E+11   1.3801217E+00   1.0402637E-02   3.2941788E+00   9.0120758E-01    36 
    5.4183600E-01   1.9711289E+00   2.2617803E+00   1.9068934E+00   2.3411606E+00
    1.1300887E+00   1.2397044E+00   1.4007479E+00   1.2537688E+00   1.1871089E+00
    1.3188048E+00   1.0083758E+00   1.1116174E+00   1.1335649E+00   9.6576982E-01
    9.9724931E-01   1.0259251E+00   9.7546159E-01   1.0481535E+00   1.0125736E+00
    1.0290695E+00   1.0106749E+00   9.8518985E-01   9.9952008E-01   9.8240870E-01
    9.7358496E-01   1.0173235E+00   9.9864962E-01   1.0069375E+00   9.9797383E-01
    9.9075591E-01   9.9762466E-01   9.8936499E-01   9.9093579E-01   1.0028135E+00
    9.9737906E-01   1.0020049E+00   9.9717277E-01   9.9482389E-01   9.9900573E-01
    9.9416248E-01   9.9635019E-01   1.0006411E+00   9.9830196E-01   9.9665073E-01
    9.9916979E-01   9.9793453E-01   9.9953989E-01   9.9860226E-01   9.9970941E-01
    9.9896042E-01   9.9978867E-01   9.9915719E-01   9.9982964E-01   9.9927102E-01
    9.9985191E-01   9.9933849E-01   9.9986437E-01   9.9937941E-01   9.9987148E-01
    9.9940435E-01   9.9987553E-01   9.9941940E-01   9.9987775E-01   9.9942809E-01
    9.9987882E-01   9.9943244E-01   9.9987910E-01   9.9943362E-01

 4.3916401590E+02   4.4849237E+10   4.2486553E+11   1.3620616E+00   1.5702085E-02   2.3829096E+00   9.2746026E-01    37 
    4.5284758E-01   1.7506614E+00   2.0747460E+00   1.7748620E+00   2.1812435E+00
    1.1109762E+00   1.2076120E+00   1.3589152E+00   1.2642462E+00   1.1936828E+00
    1.2842456E+00   9.9593701E-01   1.0873383E+00   1.1071145E+00   9.7438374E-01
    9.9502523E-01   1.0403534E+00   9.8801089E-01   1.0345133E+00   1.0072670E+00
    1.0174515E+00   1.0065194E+00   9.8976327E-01   9.9631502E-01   9.9038480E-01
    9.8026567E-01   1.0091501E+00   9.9802062E-01   1.0032797E+00   9.9789756E-01
    9.9324043E-01   9.9703924E-01   9.9309028E-01   9.9294956E-01   1.0005699E+00
    9.9777711E-01   1.0007271E+00   9.9775206E-01   9.9623506E-01   9.9873597E-01
    9.9604347E-01   9.9707678E-01   9.9984695E-01   9.9861137E-01   9.9769386E-01
    9.9930301E-01   9.9857709E-01   9.9960328E-01   9.9904023E-01   9.9974355E-01
    9.9929016E-01   9.9981126E-01   9.9942884E-01   9.9984690E-01   9.9950950E-01
    9.9986657E-01   9.9955754E-01   9.9987772E-01   9.9958682E-01   9.9988419E-01
    9.9960476E-01   9.9988794E-01   9.9961563E-01   9.9989002E-01   9.9962192E-01
    9.9989103E-01   9.9962504E-01   9.9989126E-01   9.9962577E-01

 4.3856078335E+02   6.0310466E+10   5.7574321E+11   1.3426197E+00   2.4504686E-02   1.7254667E+00   9.4690184E-01    38 
    3.7684162E-01   1.5146064E+00   1.8689902E+00   1.6221485E+00   1.9926402E+00
    1.0961433E+00   1.1755503E+00   1.3177388E+00   1.2777488E+00   1.2045364E+00
    1.2559096E+00   9.8790541E-01   1.0653647E+00   1.0863562E+00   9.8864892E-01
    9.9709966E-01   1.0557766E+00   1.0040163E+00   1.0279298E+00   1.0058795E+00
    1.0096873E+00   1.0061387E+00   9.9619340E-01   9.9545484E-01   9.9913130E-01
    9.8780758E-01   1.0041103E+00   9.9894282E-01   1.0013394E+00   9.9907183E-01
    9.9628554E-01   9.9739538E-01   9.9694649E-01   9.9524314E-01   9.9966576E-01
    9.9868684E-01   1.0001566E+00   9.9872231E-01   9.9779863E-01   9.9889237E-01
    9.9791881E-01   9.9796022E-01   9.9961124E-01   9.9901818E-01   9.9870691E-01
    9.9950261E-01   9.9918597E-01   9.9971543E-01   9.9944712E-01   9.9981596E-01
    9.9959133E-01   9.9986541E-01   9.9967317E-01   9.9989166E-01   9.9972147E-01
    9.9990625E-01   9.9975053E-01   9.9991458E-01   9.9976842E-01   9.9991944E-01
    9.9977946E-01   9.9992229E-01   9.9978620E-01   9.9992388E-01   9.9979012E-01
    9.9992465E-01   9.9979204E-01   9.9992480E-01   9.9979241E-01

 4.3794554561E+02   8.1338164E+10   7.8647692E+11   1.3235314E+00   3.9271796E-02   1.2457426E+00   9.6135931E-01    39 
    3.1848819E-01   1.2904348E+00   1.6559312E+00   1.4583283E+00   1.7861047E+00
    1.0879764E+00   1.1469196E+00   1.2792354E+00   1.2809579E+00   1.2132299E+00
    1.2335709E+00   9.8613462E-01   1.0480343E+00   1.0713660E+00   1.0073340E+00
    1.0038663E+00   1.0637524E+00   1.0204597E+00   1.0274666E+00   1.0070349E+00
    1.0057575E+00   1.0077932E+00   1.0025928E+00   9.9682895E-01   1.0062923E+00
    9.9531007E-01   1.0021809E+00   1.0004975E+00   1.0007407E+00   1.0006494E+00
    9.9911884E-01   9.9841089E-01   1.0001368E+00   9.9759229E-01   9.9976279E-01
    9.9968661E-01   1.0000962E+00   9.9971215E-01   9.9918407E-01   9.9933278E-01
    9.9946727E-01   9.9890505E-01   9.9976766E-01   9.9946154E-01   9.9953214E-01
    9.9972839E-01   9.9967210E-01   9.9984665E-01   9.9976551E-01   9.9990275E-01
    9.9982240E-01   9.9993051E-01   9.9985708E-01   9.9994524E-01   9.9987849E-01
    9.9995342E-01   9.9989176E-01   9.9995807E-01   9.9990012E-01   9.9996079E-01
    9.9990538E-01   9.9996239E-01   9.9990864E-01   9.9996329E-01   9.9991055E-01
    9.9996371E-01   9.9991148E-01   9.9996378E-01   9.9991160E-01

 4.3732427962E+02   1.0909054E+11   1.0764236E+12   1.3076863E+00   6.3043038E-02   9.0076430E-01   9.7189977E-01    40 
    2.8252696E-01   1.1046489E+00   1.4558845E+00   1.3011852E+00   1.5854610E+00
    1.0874256E+00   1.1253123E+00   1.2435627E+00   1.2631651E+00   1.2107606E+00
    1.2129655E+00   9.9088874E-01   1.0366274E+00   1.0606001E+00   1.0260150E+00
    1.0130039E+00   1.0601506E+00   1.0310502E+00   1.0293470E+00   1.0089926E+00
    1.0047224E+00   1.0097288E+00   1.0073691E+00   9.9950828E-01   1.0105140E+00
    1.0013763E+00   1.0024902E+00   1.0019657E+00   1.0009450E+00   1.0020230E+00
    1.0012500E+00   9.9964752E-01   1.0022607E+00   9.9961394E-01   1.0003815E+00
    1.0004988E+00   1.0002944E+00   1.0004864E+00   1.0001986E+00   9.9984960E-01
    1.0005224E+00   9.9973176E-01   1.0000935E+00   9.9984764E-01   1.0000935E+00
    9.9992535E-01   9.9999739E-01   9.9996032E-01   9.9997394E-01   9.9997667E-01
    9.9996984E-01   9.9998456E-01   9.9997135E-01   9.9998863E-01   9.9997379E-01
    9.9999081E-01   9.9997588E-01   9.9999199E-01   9.9997746E-01   9.9999265E-01
    9.9997857E-01   9.9999304E-01   9.9997931E-01   9.9999325E-01   9.9997976E-01
    9.9999334E-01   9.9997999E-01   9.9999335E-01   9.9998000E-01

 4.3669120638E+02   1.4488934E+11   1.4740648E+12   1.2974257E+00   9.9817031E-02   6.5228558E-01   9.7956723E-01    41 
    2.7165721E-01   9.6351753E-01   1.2828451E+00   1.1618605E+00   1.4085150E+00
    1.0915739E+00   1.1109738E+00   1.2080046E+00   1.2274784E+00   1.1937970E+00
    1.1894791E+00   9.9987152E-01   1.0301065E+00   1.0518926E+00   1.0381374E+00
    1.0209132E+00   1.0503511E+00   1.0332160E+00   1.0299350E+00   1.0104673E+00
    1.0050145E+00   1.0109025E+00   1.0100386E+00   1.0021990E+00   1.0120971E+00
    1.0051133E+00   1.0036369E+00   1.0029851E+00   1.0013599E+00   1.0029295E+00
    1.0025810E+00   1.0006710E+00   1.0033908E+00   1.0009937E+00   1.0010222E+00
    1.0010293E+00   1.0005088E+00   1.0009796E+00   1.0008300E+00   1.0002555E+00
    1.0011203E+00   1.0002977E+00   1.0003800E+00   1.0001095E+00   1.0004183E+00
    1.0000566E+00   1.0001838E+00   1.0000338E+00   1.0000905E+00   1.0000224E+00
    1.0000495E+00   1.0000164E+00   1.0000308E+00   1.0000130E+00   1.0000215E+00
    1.0000109E+00   1.0000166E+00   1.0000097E+00   1.0000140E+00   1.0000089E+00
    1.0000125E+00   1.0000084E+00   1.0000116E+00   1.0000081E+00   1.0000111E+00
    1.0000080E+00   1.0000109E+00   1.0000080E+00   1.0000109E+00

 4.3602796247E+02   1.9033431E+11   2.0216659E+12   1.2948436E+00   1.5355384E-01   4.7215541E-01   9.8516546E-01    42 
    2.9076411E-01   8.6417470E-01   1.1420619E+00   1.0474154E+00   1.2598766E+00
    1.0956913E+00   1.1011099E+00   1.1700626E+00   1.1832144E+00   1.1666337E+00
    1.1624339E+00   1.0094647E+00   1.0264211E+00   1.0433485E+00   1.0398544E+00
    1.0249913E+00   1.0396389E+00   1.0301705E+00   1.0283469E+00   1.0106587E+00
    1.0054947E+00   1.0107611E+00   1.0105606E+00   1.0041043E+00   1.0116155E+00
    1.0066860E+00   1.0046383E+00   1.0033692E+00   1.0016642E+00   1.0032417E+00
    1.0031133E+00   1.0013138E+00   1.0036607E+00   1.0017220E+00   1.0014471E+00
    1.0012516E+00   1.0006371E+00   1.0011809E+00   1.0011081E+00   1.0004961E+00
    1.0013307E+00   1.0006018E+00   1.0005504E+00   1.0002493E+00   1.0005482E+00
    1.0001245E+00   1.0002601E+00   1.0000698E+00   1.0001375E+00   1.0000432E+00
    1.0000804E+00   1.0000295E+00   1.0000523E+00   1.0000220E+00   1.0000376E+00
    1.0000177E+00   1.0000294E+00   1.0000150E+00   1.0000246E+00   1.0000134E+00
    1.0000218E+00   1.0000125E+00   1.0000201E+00   1.0000119E+00   1.0000191E+00
    1.0000116E+00   1.0000187E+00   1.0000116E+00   1.0000187E+00

 4.3530893471E+02   2.5060249E+11   2.7815701E+12   1.3046461E+00   2.1088319E-01   3.4134062E-01   9.8925214E-01    43 
    3.4638619E-01   8.0873300E-01   1.0408540E+00   9.6881651E-01   1.1451704E+00
    1.0943086E+00   1.0937313E+00   1.1324365E+00   1.1394756E+00   1.1370224E+00
    1.1350134E+00   1.0175413E+00   1.0242700E+00   1.0350215E+00   1.0344132E+00
    1.0250161E+00   1.0300960E+00   1.0257136E+00   1.0253939E+00   1.0097044E+00
    1.0057832E+00   1.0095280E+00   1.0095067E+00   1.0051438E+00   1.0098854E+00
    1.0068861E+00   1.0052251E+00   1.0032279E+00   1.0018212E+00   1.0030686E+00
    1.0030359E+00   1.0016454E+00   1.0033401E+00   1.0020000E+00   1.0016673E+00
    1.0012413E+00   1.0006962E+00   1.0011636E+00   1.0011301E+00   1.0006170E+00
    1.0012757E+00   1.0007306E+00   1.0006330E+00   1.0003098E+00   1.0005469E+00
    1.0001528E+00   1.0002651E+00   1.0000837E+00   1.0001417E+00   1.0000502E+00
    1.0000828E+00   1.0000329E+00   1.0000532E+00   1.0000235E+00   1.0000373E+00
    1.0000181E+00   1.0000283E+00   1.0000148E+00   1.0000230E+00   1.0000128E+00
    1.0000198E+00   1.0000116E+00   1.0000178E+00   1.0000109E+00   1.0000167E+00
    1.0000105E+00   1.0000162E+00   1.0000105E+00   1.0000162E+00

 4.3448535965E+02   3.4345525E+11   3.8548745E+12   1.3324617E+00   2.2580513E-01   2.4621889E-01   9.9223498E-01    44 
    4.3606859E-01   7.9588101E-01   9.8121049E-01   9.3031913E-01   1.0679891E+00
    1.0821943E+00   1.0854620E+00   1.0984201E+00   1.1011153E+00   1.1080139E+00
    1.1077969E+00   1.0225324E+00   1.0220906E+00   1.0271654E+00   1.0265679E+00
    1.0218733E+00   1.0219626E+00   1.0207447E+00   1.0212983E+00   1.0080469E+00
    1.0055759E+00   1.0076635E+00   1.0075943E+00   1.0052764E+00   1.0076334E+00
    1.0061646E+00   1.0051912E+00   1.0027445E+00   1.0017880E+00   1.0025768E+00
    1.0025681E+00   1.0016934E+00   1.0026965E+00   1.0019352E+00   1.0016694E+00
    1.0010800E+00   1.0006838E+00   1.0010057E+00   1.0009894E+00   1.0006360E+00
    1.0010662E+00   1.0007268E+00   1.0006341E+00   1.0003120E+00   1.0004693E+00
    1.0001530E+00   1.0002300E+00   1.0000826E+00   1.0001232E+00   1.0000484E+00
    1.0000713E+00   1.0000308E+00   1.0000448E+00   1.0000210E+00   1.0000304E+00
    1.0000154E+00   1.0000221E+00   1.0000121E+00   1.0000172E+00   1.0000100E+00
    1.0000142E+00   1.0000087E+00   1.0000124E+00   1.0000080E+00   1.0000113E+00
    1.0000076E+00   1.0000108E+00   1.0000076E+00   1.0000108E+00

 4.3370483460E+02   4.6232601E+11   5.0434331E+12   1.3707754E+00   1.8803664E-01   1.8906486E-01   9.9403177E-01    45 
    5.2692886E-01   8.0935742E-01   9.5820478E-01   9.2295464E-01   1.0295167E+00
    1.0663300E+00   1.0740050E+00   1.0742330E+00   1.0748110E+00   1.0842475E+00
    1.0847353E+00   1.0227826E+00   1.0191464E+00   1.0208972E+00   1.0200515E+00
    1.0177362E+00   1.0161823E+00   1.0162848E+00   1.0171144E+00   1.0064084E+00
    1.0048750E+00   1.0059465E+00   1.0058116E+00   1.0046912E+00   1.0057405E+00
    1.0050691E+00   1.0045878E+00   1.0021962E+00   1.0015821E+00   1.0020371E+00
    1.0020242E+00   1.0015188E+00   1.0020714E+00   1.0016654E+00   1.0014863E+00
    1.0008750E+00   1.0006066E+00   1.0008104E+00   1.0007997E+00   1.0005736E+00
    1.0008367E+00   1.0006372E+00   1.0005665E+00   1.0002757E+00   1.0003748E+00
    1.0001350E+00   1.0001851E+00   1.0000723E+00   1.0000992E+00   1.0000418E+00
    1.0000570E+00   1.0000259E+00   1.0000352E+00   1.0000172E+00   1.0000232E+00
    1.0000121E+00   1.0000163E+00   1.0000091E+00   1.0000122E+00   1.0000072E+00
    1.0000097E+00   1.0000060E+00   1.0000081E+00   1.0000054E+00   1.0000072E+00
    1.0000050E+00   1.0000067E+00   1.0000050E+00   1.0000068E+00

 4.3293302693E+02   6.0633451E+11   6.3377845E+12   1.4166178E+00   1.3331799E-01   1.5147999E-01   9.9521522E-01    46 
    6.1256470E-01   8.3364249E-01   9.5361559E-01   9.2960183E-01   1.0117132E+00
    1.0521736E+00   1.0607760E+00   1.0567705E+00   1.0563178E+00   1.0646433E+00
    1.0653188E+00   1.0201623E+00   1.0158442E+00   1.0158038E+00   1.0149050E+00
    1.0137175E+00   1.0119040E+00   1.0124354E+00   1.0132572E+00   1.0049622E+00
    1.0039863E+00   1.0045052E+00   1.0043415E+00   1.0038409E+00   1.0042430E+00
    1.0039533E+00   1.0037623E+00   1.0016940E+00   1.0013074E+00   1.0015523E+00
    1.0015317E+00   1.0012589E+00   1.0015449E+00   1.0013390E+00   1.0012306E+00
    1.0006789E+00   1.0005037E+00   1.0006255E+00   1.0006165E+00   1.0004797E+00
    1.0006325E+00   1.0005203E+00   1.0004720E+00   1.0002268E+00   1.0002870E+00
    1.0001111E+00   1.0001428E+00   1.0000593E+00   1.0000766E+00   1.0000339E+00
    1.0000438E+00   1.0000206E+00   1.0000267E+00   1.0000133E+00   1.0000172E+00
    1.0000091E+00   1.0000117E+00   1.0000066E+00   1.0000085E+00   1.0000050E+00
    1.0000064E+00   1.0000040E+00   1.0000052E+00   1.0000035E+00   1.0000045E+00
    1.0000032E+00   1.0000041E+00   1.0000032E+00   1.0000041E+00

 4.3213469781E+02   7.7166839E+11   7.7475913E+12   1.4700480E+00   8.3819239E-02   1.2481544E-01   9.9605572E-01    47 
    6.9250345E-01   8.6256685E-01   9.5878959E-01   9.4289249E-01   1.0055144E+00
    1.0411554E+00   1.0481940E+00   1.0440077E+00   1.0430162E+00   1.0490328E+00
    1.0496932E+00   1.0164719E+00   1.0127084E+00   1.0117679E+00   1.0109453E+00
    1.0102873E+00   1.0087219E+00   1.0092909E+00   1.0099891E+00   1.0037575E+00
    1.0031141E+00   1.0033490E+00   1.0031895E+00   1.0029815E+00   1.0030952E+00
    1.0029758E+00   1.0029332E+00   1.0012762E+00   1.0010303E+00   1.0011553E+00
    1.0011305E+00   1.0009907E+00   1.0011301E+00   1.0010297E+00   1.0009701E+00
    1.0005123E+00   1.0003998E+00   1.0004692E+00   1.0004608E+00   1.0003818E+00
    1.0004666E+00   1.0004056E+00   1.0003754E+00   1.0001782E+00   1.0002137E+00
    1.0000875E+00   1.0001069E+00   1.0000465E+00   1.0000575E+00   1.0000264E+00
    1.0000328E+00   1.0000159E+00   1.0000198E+00   1.0000101E+00   1.0000126E+00
    1.0000067E+00   1.0000084E+00   1.0000047E+00   1.0000058E+00   1.0000034E+00
    1.0000043E+00   1.0000027E+00   1.0000033E+00   1.0000022E+00   1.0000027E+00
    1.0000020E+00   1.0000025E+00   1.0000020E+00   1.0000025E+00

 4.3128156534E+02   9.5362258E+11   9.2851583E+12   1.5321633E+00   4.7406181E-02   1.0485914E-01   9.9668526E-01    48 
    7.6378176E-01   8.9338320E-01   9.6950431E-01   9.5956414E-01   1.0063167E+00
    1.0329770E+00   1.0376935E+00   1.0346187E+00   1.0333320E+00   1.0371163E+00
    1.0376923E+00   1.0129339E+00   1.0100166E+00   1.0087032E+00   1.0080015E+00
    1.0075987E+00   1.0063978E+00   1.0068626E+00   1.0074126E+00   1.0028044E+00
    1.0023627E+00   1.0024602E+00   1.0023223E+00   1.0022389E+00   1.0022445E+00
    1.0021943E+00   1.0022127E+00   1.0009499E+00   1.0007872E+00   1.0008497E+00
    1.0008246E+00   1.0007539E+00   1.0008194E+00   1.0007703E+00   1.0007404E+00
    1.0003809E+00   1.0003080E+00   1.0003465E+00   1.0003385E+00   1.0002941E+00
    1.0003399E+00   1.0003070E+00   1.0002894E+00   1.0001358E+00   1.0001566E+00
    1.0000670E+00   1.0000787E+00   1.0000356E+00   1.0000424E+00   1.0000201E+00
    1.0000241E+00   1.0000120E+00   1.0000145E+00   1.0000075E+00   1.0000091E+00
    1.0000049E+00   1.0000059E+00   1.0000033E+00   1.0000040E+00   1.0000023E+00
    1.0000028E+00   1.0000017E+00   1.0000021E+00   1.0000014E+00   1.0000017E+00
    1.0000012E+00   1.0000015E+00   1.0000012E+00   1.0000015E+00

 4.3034755797E+02   1.1487143E+12   1.0963771E+13   1.6043314E+00   2.4282754E-02   8.9358528E-02   9.9717452E-01    49 
    8.2036349E-01   9.2429376E-01   9.8317136E-01   9.7760112E-01   1.0113377E+00
    1.0270203E+00   1.0295633E+00   1.0276842E+00   1.0262488E+00   1.0282888E+00
    1.0287647E+00   1.0100795E+00   1.0078505E+00   1.0064678E+00   1.0058880E+00
    1.0056115E+00   1.0047421E+00   1.0050735E+00   1.0054923E+00   1.0020879E+00
    1.0017668E+00   1.0018069E+00   1.0016952E+00   1.0016547E+00   1.0016359E+00
    1.0016087E+00   1.0016401E+00   1.0007069E+00   1.0005925E+00   1.0006254E+00
    1.0006026E+00   1.0005642E+00   1.0005962E+00   1.0005697E+00   1.0005562E+00
    1.0002830E+00   1.0002337E+00   1.0002555E+00   1.0002483E+00   1.0002227E+00
    1.0002479E+00   1.0002291E+00   1.0002196E+00   1.0001019E+00   1.0001145E+00
    1.0000505E+00   1.0000577E+00   1.0000269E+00   1.0000311E+00   1.0000151E+00
    1.0000177E+00   1.0000090E+00   1.0000106E+00   1.0000055E+00   1.0000066E+00
    1.0000035E+00   1.0000042E+00   1.0000023E+00   1.0000028E+00   1.0000016E+00
    1.0000019E+00   1.0000011E+00   1.0000014E+00   1.0000009E+00   1.0000011E+00
    1.0000007E+00   1.0000009E+00   1.0000007E+00   1.0000009E+00

 4.2930645770E+02   1.3564429E+12   1.2802171E+13   1.6876799E+00   1.1441339E-02   7.6976697E-02   9.9756553E-01    50 
    8.5937237E-01   9.5360465E-01   9.9765647E-01   9.9527162E-01   1.0183860E+00
    1.0227105E+00   1.0235084E+00   1.0225404E+00   1.0210582E+00   1.0218619E+00
    1.0222415E+00   1.0079693E+00   1.0061907E+00   1.0048902E+00   1.0044169E+00
    1.0042027E+00   1.0035907E+00   1.0038037E+00   1.0041211E+00   1.0015733E+00
    1.0013217E+00   1.0013460E+00   1.0012583E+00   1.0012243E+00   1.0012148E+00
    1.0011905E+00   1.0012132E+00   1.0005328E+00   1.0004469E+00   1.0004668E+00
    1.0004473E+00   1.0004226E+00   1.0004415E+00   1.0004234E+00   1.0004181E+00
    1.0002131E+00   1.0001776E+00   1.0001909E+00   1.0001846E+00   1.0001685E+00
    1.0001836E+00   1.0001714E+00   1.0001666E+00   1.0000766E+00   1.0000850E+00
    1.0000382E+00   1.0000429E+00   1.0000204E+00   1.0000232E+00   1.0000115E+00
    1.0000132E+00   1.0000067E+00   1.0000078E+00   1.0000041E+00   1.0000048E+00
    1.0000026E+00   1.0000030E+00   1.0000017E+00   1.0000020E+00   1.0000011E+00
    1.0000013E+00   1.0000008E+00   1.0000009E+00   1.0000006E+00   1.0000007E+00
    1.0000005E+00   1.0000006E+00   1.0000004E+00   1.0000005E+00

 4.2813207571E+02   1.5859211E+12   1.4886829E+13   1.7817272E+00   5.1774005E-03   6.6590703E-02   9.9789363E-01    51 
    8.8486009E-01   9.7813386E-01   1.0096890E+00   1.0095169E+00   1.0241941E+00
    1.0190468E+00   1.0185946E+00   1.0182600E+00   1.0168412E+00   1.0167938E+00
    1.0170780E+00   1.0063052E+00   1.0048389E+00   1.0037162E+00   1.0033385E+00
    1.0031550E+00   1.0027392E+00   1.0028569E+00   1.0030960E+00   1.0011893E+00
    1.0009849E+00   1.0010077E+00   1.0009404E+00   1.0009034E+00   1.0009092E+00
    1.0008819E+00   1.0008938E+00   1.0004023E+00   1.0003358E+00   1.0003496E+00
    1.0003339E+00   1.0003149E+00   1.0003292E+00   1.0003141E+00   1.0003125E+00
    1.0001608E+00   1.0001342E+00   1.0001430E+00   1.0001378E+00   1.0001266E+00
    1.0001368E+00   1.0001278E+00   1.0001255E+00   1.0000575E+00   1.0000633E+00
    1.0000287E+00   1.0000320E+00   1.0000153E+00   1.0000173E+00   1.0000086E+00
    1.0000098E+00   1.0000051E+00   1.0000058E+00   1.0000031E+00   1.0000035E+00
    1.0000019E+00   1.0000022E+00   1.0000012E+00   1.0000014E+00   1.0000008E+00
    1.0000009E+00   1.0000005E+00   1.0000006E+00   1.0000004E+00   1.0000004E+00
    1.0000003E+00   1.0000003E+00   1.0000003E+00   1.0000003E+00

 4.2680500636E+02   1.8638145E+12   1.7454454E+13   1.8841153E+00   2.3865630E-03   5.7156598E-02   9.9819176E-01    52 
    9.0170283E-01   9.9407802E-01   1.0155367E+00   1.0166942E+00   1.0250496E+00
    1.0148863E+00   1.0137030E+00   1.0138500E+00   1.0126414E+00   1.0120006E+00
    1.0121786E+00   1.0046932E+00   1.0035269E+00   1.0026825E+00   1.0024025E+00
    1.0022363E+00   1.0019857E+00   1.0020243E+00   1.0021952E+00   1.0008555E+00
    1.0006988E+00   1.0007186E+00   1.0006698E+00   1.0006347E+00   1.0006486E+00
    1.0006190E+00   1.0006291E+00   1.0002880E+00   1.0002388E+00   1.0002488E+00
    1.0002372E+00   1.0002217E+00   1.0002338E+00   1.0002205E+00   1.0002207E+00
    1.0001150E+00   1.0000953E+00   1.0001017E+00   1.0000978E+00   1.0000895E+00
    1.0000970E+00   1.0000899E+00   1.0000889E+00   1.0000406E+00   1.0000449E+00
    1.0000203E+00   1.0000226E+00   1.0000108E+00   1.0000122E+00   1.0000061E+00
    1.0000069E+00   1.0000035E+00   1.0000041E+00   1.0000021E+00   1.0000025E+00
    1.0000013E+00   1.0000015E+00   1.0000008E+00   1.0000009E+00   1.0000005E+00
    1.0000006E+00   1.0000003E+00   1.0000004E+00   1.0000002E+00   1.0000003E+00
    1.0000001E+00   1.0000002E+00   1.0000001E+00   1.0000002E+00

 4.2532221588E+02   2.2261567E+12   2.0827839E+13   1.9945079E+00   1.1538325E-03   4.8233170E-02   9.9847384E-01    53 
    9.1683689E-01   1.0017979E+00   1.0153982E+00   1.0171904E+00   1.0210914E+00
    1.0104116E+00   1.0089640E+00   1.0094537E+00   1.0085557E+00   1.0075680E+00
    1.0076441E+00   1.0031529E+00   1.0022945E+00   1.0017643E+00   1.0015780E+00
    1.0014264E+00   1.0013110E+00   1.0012888E+00   1.0014001E+00   1.0005623E+00
    1.0004517E+00   1.0004682E+00   1.0004360E+00   1.0004060E+00   1.0004227E+00
    1.0003926E+00   1.0004051E+00   1.0001878E+00   1.0001539E+00   1.0001615E+00
    1.0001538E+00   1.0001411E+00   1.0001517E+00   1.0001398E+00   1.0001408E+00
    1.0000748E+00   1.0000609E+00   1.0000659E+00   1.0000633E+00   1.0000570E+00
    1.0000628E+00   1.0000571E+00   1.0000566E+00   1.0000258E+00   1.0000290E+00
    1.0000128E+00   1.0000146E+00   1.0000068E+00   1.0000079E+00   1.0000038E+00
    1.0000044E+00   1.0000022E+00   1.0000026E+00   1.0000013E+00   1.0000016E+00
    1.0000008E+00   1.0000009E+00   1.0000005E+00   1.0000006E+00   1.0000003E+00
    1.0000004E+00   1.0000002E+00   1.0000002E+00   1.0000001E+00   1.0000001E+00
    1.0000001E+00   1.0000001E+00   1.0000000E+00   1.0000001E+00

 4.2369563180E+02   2.6948343E+12   2.5203037E+13   2.1149557E+00   5.8167813E-04   4.0162772E-02   9.9872903E-01    54 
    9.3531943E-01   1.0047394E+00   1.0124618E+00   1.0144361E+00   1.0154276E+00
    1.0066327E+00   1.0052535E+00   1.0058873E+00   1.0052973E+00   1.0042281E+00
    1.0042337E+00   1.0019461E+00   1.0013502E+00   1.0010629E+00   1.0009487E+00
    1.0008166E+00   1.0007890E+00   1.0007332E+00   1.0008007E+00   1.0003388E+00
    1.0002635E+00   1.0002798E+00   1.0002601E+00   1.0002343E+00   1.0002523E+00
    1.0002237E+00   1.0002357E+00   1.0001122E+00   1.0000894E+00   1.0000961E+00
    1.0000915E+00   1.0000809E+00   1.0000902E+00   1.0000798E+00   1.0000810E+00
    1.0000446E+00   1.0000350E+00   1.0000392E+00   1.0000376E+00   1.0000326E+00
    1.0000373E+00   1.0000326E+00   1.0000325E+00   1.0000147E+00   1.0000172E+00
    1.0000073E+00   1.0000086E+00   1.0000039E+00   1.0000046E+00   1.0000022E+00
    1.0000026E+00   1.0000013E+00   1.0000015E+00   1.0000007E+00   1.0000009E+00
    1.0000004E+00   1.0000005E+00   1.0000003E+00   1.0000003E+00   1.0000001E+00
    1.0000002E+00   1.0000001E+00   1.0000001E+00   1.0000000E+00   1.0000000E+00
    9.9999999E-01   1.0000000E+00   9.9999997E-01   9.9999998E-01

 4.2193924465E+02   3.2690116E+12   3.0571465E+13   2.2474799E+00   3.0090819E-04   3.3382345E-02   9.9894348E-01    55 
    9.5452417E-01   1.0056214E+00   1.0092373E+00   1.0110575E+00   1.0104039E+00
    1.0039818E+00   1.0028534E+00   1.0034470E+00   1.0030900E+00   1.0021591E+00
    1.0021339E+00   1.0011392E+00   1.0007459E+00   1.0006083E+00   1.0005427E+00
    1.0004375E+00   1.0004506E+00   1.0003892E+00   1.0004282E+00   1.0001938E+00
    1.0001439E+00   1.0001589E+00   1.0001476E+00   1.0001265E+00   1.0001432E+00
    1.0001191E+00   1.0001282E+00   1.0000638E+00   1.0000486E+00   1.0000544E+00
    1.0000517E+00   1.0000434E+00   1.0000511E+00   1.0000426E+00   1.0000436E+00
    1.0000253E+00   1.0000189E+00   1.0000222E+00   1.0000212E+00   1.0000175E+00
    1.0000211E+00   1.0000174E+00   1.0000175E+00   1.0000079E+00   1.0000097E+00
    1.0000039E+00   1.0000049E+00   1.0000021E+00   1.0000026E+00   1.0000011E+00
    1.0000015E+00   1.0000007E+00   1.0000008E+00   1.0000004E+00   1.0000005E+00
    1.0000002E+00   1.0000003E+00   1.0000001E+00   1.0000002E+00   1.0000001E+00
    1.0000001E+00   1.0000000E+00   1.0000000E+00   9.9999999E-01   1.0000000E+00
    9.9999996E-01   9.9999996E-01   9.9999993E-01   9.9999994E-01

 4.2005689016E+02   3.9215192E+12   3.6697638E+13   2.3928587E+00   1.5881249E-04   2.8057950E-02   9.9911191E-01    56 
    9.7029568E-01   1.0055823E+00   1.0066607E+00   1.0081421E+00   1.0067870E+00
    1.0023599E+00   1.0015453E+00   1.0019827E+00   1.0017746E+00   1.0011006E+00
    1.0010738E+00   1.0006616E+00   1.0004115E+00   1.0003452E+00   1.0003083E+00
    1.0002340E+00   1.0002551E+00   1.0002063E+00   1.0002286E+00   1.0001097E+00
    1.0000783E+00   1.0000894E+00   1.0000831E+00   1.0000681E+00   1.0000806E+00
    1.0000633E+00   1.0000695E+00   1.0000360E+00   1.0000264E+00   1.0000306E+00
    1.0000291E+00   1.0000233E+00   1.0000287E+00   1.0000227E+00   1.0000234E+00
    1.0000143E+00   1.0000102E+00   1.0000125E+00   1.0000119E+00   1.0000094E+00
    1.0000118E+00   1.0000093E+00   1.0000094E+00   1.0000042E+00   1.0000054E+00
    1.0000020E+00   1.0000027E+00   1.0000011E+00   1.0000015E+00   1.0000006E+00
    1.0000008E+00   1.0000003E+00   1.0000005E+00   1.0000002E+00   1.0000003E+00
    1.0000001E+00   1.0000002E+00   1.0000001E+00   1.0000001E+00   1.0000000E+00
    1.0000000E+00   9.9999999E-01   1.0000000E+00   9.9999996E-01   9.9999996E-01
    9.9999993E-01   9.9999993E-01   9.9999991E-01   9.9999991E-01

 4.1803319287E+02   4.5856203E+12   4.3064856E+13   2.5514236E+00   8.5784280E-05   2.4147854E-02   9.9923563E-01    57 
    9.8109587E-01   1.0052203E+00   1.0049346E+00   1.0060464E+00   1.0045376E+00
    1.0014720E+00   1.0009288E+00   1.0011925E+00   1.0010674E+00   1.0006447E+00
    1.0006285E+00   1.0004059E+00   1.0002469E+00   1.0002062E+00   1.0001845E+00
    1.0001371E+00   1.0001521E+00   1.0001205E+00   1.0001338E+00   1.0000654E+00
    1.0000464E+00   1.0000530E+00   1.0000493E+00   1.0000400E+00   1.0000479E+00
    1.0000369E+00   1.0000410E+00   1.0000215E+00   1.0000156E+00   1.0000182E+00
    1.0000172E+00   1.0000136E+00   1.0000170E+00   1.0000132E+00   1.0000138E+00
    1.0000085E+00   1.0000060E+00   1.0000074E+00   1.0000071E+00   1.0000054E+00
    1.0000070E+00   1.0000054E+00   1.0000054E+00   1.0000024E+00   1.0000032E+00
    1.0000011E+00   1.0000016E+00   1.0000006E+00   1.0000009E+00   1.0000003E+00
    1.0000005E+00   1.0000002E+00   1.0000003E+00   1.0000001E+00   1.0000002E+00
    1.0000001E+00   1.0000001E+00   1.0000000E+00   1.0000000E+00   9.9999999E-01
    1.0000000E+00   9.9999996E-01   9.9999997E-01   9.9999993E-01   9.9999993E-01
    9.9999989E-01   9.9999990E-01   9.9999987E-01   9.9999987E-01

 4.1582097181E+02   5.1254657E+12   4.8929391E+13   2.7238492E+00   4.7865413E-05   2.1513423E-02   9.9931899E-01    58 
    9.8744572E-01   1.0049290E+00   1.0039811E+00   1.0048276E+00   1.0033321E+00
    1.0010498E+00   1.0006716E+00   1.0008173E+00   1.0007317E+00   1.0004705E+00
    1.0004636E+00   1.0002858E+00   1.0001747E+00   1.0001411E+00   1.0001265E+00
    1.0000954E+00   1.0001038E+00   1.0000840E+00   1.0000930E+00   1.0000448E+00
    1.0000324E+00   1.0000361E+00   1.0000335E+00   1.0000277E+00   1.0000326E+00
    1.0000256E+00   1.0000284E+00   1.0000148E+00   1.0000109E+00   1.0000124E+00
    1.0000117E+00   1.0000094E+00   1.0000116E+00   1.0000092E+00   1.0000096E+00
    1.0000059E+00   1.0000042E+00   1.0000051E+00   1.0000048E+00   1.0000038E+00
    1.0000048E+00   1.0000037E+00   1.0000037E+00   1.0000017E+00   1.0000022E+00
    1.0000008E+00   1.0000011E+00   1.0000004E+00   1.0000006E+00   1.0000002E+00
    1.0000003E+00   1.0000001E+00   1.0000002E+00   1.0000001E+00   1.0000001E+00
    1.0000000E+00   1.0000000E+00   9.9999999E-01   1.0000000E+00   9.9999995E-01
    9.9999996E-01   9.9999990E-01   9.9999991E-01   9.9999985E-01   9.9999985E-01
    9.9999979E-01   9.9999980E-01   9.9999976E-01   9.9999976E-01

 4.1332202171E+02   5.2507763E+12   5.3728683E+13   2.9109140E+00   2.8118150E-05   1.9957291E-02   9.9936823E-01    59 
    9.9001829E-01   1.0045917E+00   1.0033926E+00   1.0041281E+00   1.0026314E+00
    1.0008599E+00   1.0005351E+00   1.0006486E+00   1.0005801E+00   1.0003649E+00
    1.0003600E+00   1.0002330E+00   1.0001384E+00   1.0001124E+00   1.0001007E+00
    1.0000733E+00   1.0000822E+00   1.0000645E+00   1.0000714E+00   1.0000360E+00
    1.0000251E+00   1.0000289E+00   1.0000267E+00   1.0000213E+00   1.0000259E+00
    1.0000196E+00   1.0000218E+00   1.0000119E+00   1.0000084E+00   1.0000099E+00
    1.0000094E+00   1.0000073E+00   1.0000092E+00   1.0000070E+00   1.0000074E+00
    1.0000047E+00   1.0000032E+00   1.0000041E+00   1.0000039E+00   1.0000029E+00
    1.0000038E+00   1.0000028E+00   1.0000029E+00   1.0000012E+00   1.0000017E+00
    1.0000006E+00   1.0000009E+00   1.0000003E+00   1.0000005E+00   1.0000002E+00
    1.0000003E+00   1.0000001E+00   1.0000001E+00   1.0000000E+00   1.0000001E+00
    9.9999998E-01   1.0000000E+00   9.9999992E-01   9.9999993E-01   9.9999983E-01
    9.9999984E-01   9.9999971E-01   9.9999971E-01   9.9999958E-01   9.9999958E-01
    9.9999946E-01   9.9999946E-01   9.9999938E-01   9.9999938E-01

 4.1036077250E+02   4.4397028E+12   5.7999891E+13   3.1134935E+00   1.7955337E-05   1.9126800E-02   9.9939451E-01    60 
    9.9067432E-01   1.0039552E+00   1.0027054E+00   1.0034326E+00   1.0019017E+00
    1.0007161E+00   1.0003412E+00   1.0005263E+00   1.0004694E+00   1.0001744E+00
    1.0001594E+00   1.0001954E+00   1.0000958E+00   1.0000923E+00   1.0000827E+00
    1.0000448E+00   1.0000666E+00   1.0000380E+00   1.0000428E+00   1.0000302E+00
    1.0000159E+00   1.0000241E+00   1.0000222E+00   1.0000131E+00   1.0000213E+00
    1.0000118E+00   1.0000135E+00   1.0000100E+00   1.0000053E+00   1.0000083E+00
    1.0000078E+00   1.0000045E+00   1.0000076E+00   1.0000042E+00   1.0000046E+00
    1.0000040E+00   1.0000019E+00   1.0000034E+00   1.0000032E+00   1.0000017E+00
    1.0000032E+00   1.0000017E+00   1.0000017E+00   1.0000007E+00   1.0000015E+00
    1.0000003E+00   1.0000007E+00   1.0000001E+00   1.0000004E+00   1.0000001E+00
    1.0000002E+00   1.0000000E+00   1.0000001E+00   9.9999997E-01   1.0000000E+00
    9.9999989E-01   9.9999992E-01   9.9999977E-01   9.9999978E-01   9.9999956E-01
    9.9999957E-01   9.9999929E-01   9.9999930E-01   9.9999901E-01   9.9999902E-01
    9.9999879E-01   9.9999879E-01   9.9999863E-01   9.9999863E-01

 4.0671046163E+02   2.7021759E+12   6.3804674E+13   3.3337863E+00   1.2835271E-05   1.8283524E-02   9.9942120E-01    61 
    9.9011017E-01   1.0028944E+00   1.0016573E+00   1.0024168E+00   1.0008418E+00
    1.0005188E+00   1.0000068E+00   1.0003669E+00   1.0003261E+00   9.9983738E-01
    9.9979899E-01   1.0001443E+00   1.0000220E+00   1.0000662E+00   1.0000596E+00
    9.9999512E-01   1.0000467E+00   9.9999179E-01   9.9999266E-01   1.0000223E+00
    9.9999943E-01   1.0000177E+00   1.0000162E+00   9.9999852E-01   1.0000154E+00
    9.9999786E-01   9.9999859E-01   1.0000074E+00   9.9999965E-01   1.0000062E+00
    1.0000058E+00   9.9999939E-01   1.0000056E+00   9.9999922E-01   9.9999946E-01
    1.0000030E+00   9.9999950E-01   1.0000025E+00   1.0000024E+00   9.9999951E-01
    1.0000023E+00   9.9999954E-01   9.9999943E-01   9.9999968E-01   1.0000011E+00
    9.9999971E-01   1.0000005E+00   9.9999984E-01   1.0000003E+00   9.9999990E-01
    1.0000001E+00   9.9999992E-01   1.0000001E+00   9.9999990E-01   9.9999997E-01
    9.9999983E-01   9.9999987E-01   9.9999969E-01   9.9999971E-01   9.9999944E-01
    9.9999946E-01   9.9999914E-01   9.9999914E-01   9.9999884E-01   9.9999884E-01
    9.9999861E-01   9.9999861E-01   9.9999846E-01   9.9999846E-01

 4.0222055109E+02   1.2533557E+12   7.3376970E+13   3.5745086E+00   1.0329252E-05   1.6660353E-02   9.9947257E-01    62 
    9.9136294E-01   1.0017564E+00   1.0007591E+00   1.0013805E+00   1.0000821E+00
    1.0003217E+00   9.9984722E-01   1.0002155E+00   1.0001921E+00   9.9972155E-01
    9.9968037E-01   1.0000903E+00   9.9997723E-01   1.0000407E+00   1.0000373E+00
    9.9996812E-01   1.0000282E+00   9.9996806E-01   9.9996575E-01   1.0000140E+00
    9.9999032E-01   1.0000112E+00   1.0000102E+00   9.9999059E-01   1.0000097E+00
    9.9999050E-01   9.9999058E-01   1.0000047E+00   9.9999649E-01   1.0000039E+00
    1.0000037E+00   9.9999658E-01   1.0000035E+00   9.9999651E-01   9.9999664E-01
    1.0000019E+00   9.9999801E-01   1.0000016E+00   1.0000015E+00   9.9999822E-01
    1.0000015E+00   9.9999839E-01   9.9999804E-01   9.9999916E-01   1.0000007E+00
    9.9999948E-01   1.0000003E+00   9.9999972E-01   1.0000002E+00   9.9999984E-01
    1.0000001E+00   9.9999989E-01   1.0000000E+00   9.9999991E-01   9.9999998E-01
    9.9999987E-01   9.9999991E-01   9.9999979E-01   9.9999981E-01   9.9999964E-01
    9.9999965E-01   9.9999947E-01   9.9999948E-01   9.9999932E-01   9.9999932E-01
    9.9999921E-01   9.9999921E-01   9.9999914E-01   9.9999914E-01

 3.9697479247E+02   5.6136977E+11   8.9617045E+13   3.8378956E+00   9.2425499E-06   1.4154540E-02   9.9955188E-01    63 
    9.9441808E-01   1.0008943E+00   1.0002849E+00   1.0006582E+00   9.9984491E-01
    1.0001714E+00   9.9988825E-01   1.0001105E+00   1.0001003E+00   9.9982636E-01
    9.9980368E-01   1.0000471E+00   9.9997841E-01   1.0000216E+00   1.0000206E+00
    9.9997530E-01   1.0000151E+00   9.9997636E-01   9.9997400E-01   1.0000075E+00
    9.9999303E-01   1.0000060E+00   1.0000056E+00   9.9999319E-01   1.0000052E+00
    9.9999305E-01   9.9999342E-01   1.0000025E+00   9.9999765E-01   1.0000021E+00
    1.0000020E+00   9.9999763E-01   1.0000019E+00   9.9999750E-01   9.9999780E-01
    1.0000010E+00   9.9999832E-01   1.0000008E+00   1.0000008E+00   9.9999857E-01
    1.0000008E+00   9.9999883E-01   9.9999832E-01   9.9999942E-01   1.0000004E+00
    9.9999966E-01   1.0000002E+00   9.9999982E-01   1.0000001E+00   9.9999990E-01
    1.0000000E+00   9.9999994E-01   1.0000000E+00   9.9999995E-01   9.9999999E-01
    9.9999993E-01   9.9999995E-01   9.9999988E-01   9.9999989E-01   9.9999981E-01
    9.9999982E-01   9.9999974E-01   9.9999974E-01   9.9999968E-01   9.9999968E-01
    9.9999964E-01   9.9999964E-01   9.9999961E-01   9.9999962E-01

 3.9124518321E+02   2.7255718E+11   1.1512490E+14   4.1272990E+00   8.9031700E-06   1.1387274E-02   9.9963947E-01    64 
    9.9707205E-01   1.0004251E+00   1.0001196E+00   1.0002951E+00   9.9988215E-01
    1.0000838E+00   9.9997423E-01   1.0000543E+00   1.0000510E+00   9.9995253E-01
    9.9994750E-01   1.0000222E+00   9.9999680E-01   1.0000107E+00   1.0000104E+00
    9.9999462E-01   1.0000077E+00   9.9999481E-01   9.9999470E-01   1.0000036E+00
    1.0000000E+00   1.0000029E+00   1.0000028E+00   9.9999949E-01   1.0000026E+00
    9.9999880E-01   1.0000001E+00   1.0000012E+00   1.0000001E+00   1.0000010E+00
    1.0000010E+00   9.9999985E-01   1.0000009E+00   9.9999965E-01   1.0000001E+00
    1.0000005E+00   9.9999950E-01   1.0000004E+00   1.0000004E+00   9.9999962E-01
    1.0000004E+00   9.9999978E-01   9.9999945E-01   9.9999989E-01   1.0000002E+00
    9.9999992E-01   1.0000001E+00   9.9999996E-01   1.0000000E+00   9.9999998E-01
    1.0000000E+00   9.9999998E-01   1.0000000E+00   9.9999998E-01   9.9999999E-01
    9.9999996E-01   9.9999997E-01   9.9999993E-01   9.9999993E-01   9.9999989E-01
    9.9999989E-01   9.9999986E-01   9.9999986E-01   9.9999983E-01   9.9999983E-01
    9.9999981E-01   9.9999982E-01   9.9999981E-01   9.9999981E-01

 3.8528308234E+02   1.4824771E+11   1.5392094E+14   4.4446810E+00   9.0162990E-06   8.7951787E-03   9.9972153E-01    65 
    9.9852982E-01   1.0001945E+00   1.0000300E+00   1.0001275E+00   9.9989978E-01
    1.0000374E+00   9.9999780E-01   1.0000250E+00   1.0000242E+00   9.9999079E-01
    9.9999162E-01   1.0000096E+00   1.0000008E+00   1.0000047E+00   1.0000047E+00
    9.9999968E-01   1.0000035E+00   9.9999971E-01   1.0000000E+00   1.0000016E+00
    1.0000006E+00   1.0000013E+00   1.0000012E+00   1.0000003E+00   1.0000012E+00
    1.0000000E+00   1.0000006E+00   1.0000005E+00   1.0000001E+00   1.0000004E+00
    1.0000004E+00   1.0000000E+00   1.0000004E+00   9.9999999E-01   1.0000001E+00
    1.0000002E+00   9.9999986E-01   1.0000002E+00   1.0000002E+00   9.9999990E-01
    1.0000002E+00   9.9999996E-01   9.9999984E-01   9.9999997E-01   1.0000001E+00
    9.9999997E-01   1.0000000E+00   9.9999999E-01   1.0000000E+00   9.9999999E-01
    1.0000000E+00   9.9999999E-01   1.0000000E+00   9.9999999E-01   9.9999999E-01
    9.9999997E-01   9.9999997E-01   9.9999995E-01   9.9999995E-01   9.9999993E-01
    9.9999993E-01   9.9999991E-01   9.9999991E-01   9.9999990E-01   9.9999990E-01
    9.9999989E-01   9.9999989E-01   9.9999989E-01   9.9999989E-01

 3.7928985244E+02   9.1093136E+10   2.1287589E+14   4.7913979E+00   9.4660703E-06   6.5659308E-03   9.9979210E-01    66 
    9.9930615E-01   1.0000850E+00   9.9998530E-01   1.0000523E+00   9.9991277E-01
    1.0000149E+00   9.9999348E-01   1.0000100E+00   1.0000099E+00   9.9999045E-01
    9.9999128E-01   1.0000037E+00   9.9999812E-01   1.0000018E+00   1.0000018E+00
    9.9999785E-01   1.0000014E+00   9.9999820E-01   9.9999790E-01   1.0000006E+00
    9.9999905E-01   1.0000005E+00   1.0000005E+00   9.9999915E-01   1.0000005E+00
    9.9999934E-01   9.9999906E-01   1.0000002E+00   9.9999956E-01   1.0000002E+00
    1.0000002E+00   9.9999964E-01   1.0000002E+00   9.9999971E-01   9.9999957E-01
    1.0000001E+00   9.9999983E-01   1.0000001E+00   1.0000001E+00   9.9999985E-01
    1.0000001E+00   9.9999987E-01   9.9999984E-01   9.9999993E-01   1.0000000E+00
    9.9999996E-01   1.0000000E+00   9.9999998E-01   1.0000000E+00   9.9999999E-01
    1.0000000E+00   9.9999999E-01   1.0000000E+00   9.9999999E-01   9.9999999E-01
    9.9999998E-01   9.9999998E-01   9.9999997E-01   9.9999997E-01   9.9999996E-01
    9.9999996E-01   9.9999996E-01   9.9999996E-01   9.9999995E-01   9.9999995E-01
    9.9999995E-01   9.9999995E-01   9.9999995E-01   9.9999995E-01

 3.7337118694E+02   6.1100694E+10   3.0002119E+14   5.1732465E+00   1.0127096E-05   4.8091896E-03   9.9984772E-01    67 
    9.9966127E-01   1.0000394E+00   9.9997341E-01   1.0000228E+00   9.9993088E-01
    1.0000059E+00   9.9998994E-01   1.0000039E+00   1.0000039E+00   9.9998801E-01
    9.9998809E-01   1.0000014E+00   9.9999695E-01   1.0000007E+00   1.0000007E+00
    9.9999700E-01   1.0000005E+00   9.9999746E-01   9.9999686E-01   1.0000002E+00
    9.9999880E-01   1.0000002E+00   1.0000002E+00   9.9999896E-01   1.0000002E+00
    9.9999916E-01   9.9999884E-01   1.0000001E+00   9.9999956E-01   1.0000001E+00
    1.0000001E+00   9.9999963E-01   1.0000001E+00   9.9999967E-01   9.9999959E-01
    1.0000000E+00   9.9999984E-01   1.0000000E+00   1.0000000E+00   9.9999986E-01
    1.0000000E+00   9.9999986E-01   9.9999986E-01   9.9999994E-01   1.0000000E+00
    9.9999997E-01   1.0000000E+00   9.9999998E-01   1.0000000E+00   9.9999999E-01
    1.0000000E+00   1.0000000E+00   1.0000000E+00   1.0000000E+00   1.0000000E+00
    1.0000000E+00   1.0000000E+00   1.0000000E+00   1.0000000E+00   1.0000000E+00
    1.0000000E+00   1.0000000E+00   1.0000000E+00   1.0000000E+00   1.0000000E+00
    1.0000000E+00   1.0000000E+00   1.0000000E+00   1.0000000E+00

 3.7069983227E+02   5.1728474E+10   3.5147172E+14   5.3620587E+00   1.0461812E-05   4.1649744E-03   9.9986812E-01    68 
    9.9978178E-01   1.0000268E+00   9.9997407E-01   1.0000147E+00   9.9994225E-01
    1.0000036E+00   9.9998782E-01   1.0000023E+00   1.0000023E+00   9.9998590E-01
    9.9998544E-01   1.0000008E+00   9.9999692E-01   1.0000004E+00   1.0000004E+00
    9.9999711E-01   1.0000003E+00   9.9999748E-01   9.9999698E-01   1.0000001E+00
    9.9999891E-01   1.0000001E+00   1.0000001E+00   9.9999905E-01   1.0000001E+00
    9.9999920E-01   9.9999896E-01   1.0000000E+00   9.9999961E-01   1.0000000E+00
    1.0000000E+00   9.9999967E-01   1.0000000E+00   9.9999970E-01   9.9999964E-01
    1.0000000E+00   9.9999986E-01   1.0000000E+00   1.0000000E+00   9.9999987E-01
    1.0000000E+00   9.9999988E-01   9.9999987E-01   9.9999994E-01   1.0000000E+00
    9.9999997E-01   1.0000000E+00   9.9999999E-01   1.0000000E+00   1.0000000E+00
    1.0000000E+00   1.0000000E+00   1.0000000E+00   1.0000000E+00   1.0000000E+00
    1.0000000E+00   1.0000000E+00   1.0000000E+00   1.0000000E+00   1.0000000E+00
    1.0000000E+00   1.0000000E+00   1.0000000E+00   1.0000000E+00   1.0000000E+00
    1.0000000E+00   1.0000000E+00   1.0000000E+00   1.0000000E+00

 3.6938030217E+02   4.7744613E+10   3.8006110E+14   5.4592876E+00   1.0630671E-05   3.8793916E-03   9.9987716E-01    69 
    9.9978677E-01   1.0000268E+00   9.9996982E-01   1.0000146E+00   9.9993618E-01
    1.0000034E+00   9.9998540E-01   1.0000022E+00   1.0000022E+00   9.9998321E-01
    9.9998253E-01   1.0000008E+00   9.9999650E-01   1.0000004E+00   1.0000004E+00
    9.9999676E-01   1.0000003E+00   9.9999715E-01   9.9999661E-01   1.0000001E+00
    9.9999879E-01   1.0000001E+00   1.0000001E+00   9.9999895E-01   1.0000001E+00
    9.9999910E-01   9.9999885E-01   1.0000000E+00   9.9999958E-01   1.0000000E+00
    1.0000000E+00   9.9999963E-01   1.0000000E+00   9.9999967E-01   9.9999961E-01
    1.0000000E+00   9.9999985E-01   1.0000000E+00   1.0000000E+00   9.9999986E-01
    1.0000000E+00   9.9999986E-01   9.9999986E-01   9.9999994E-01   1.0000000E+00
    9.9999997E-01   1.0000000E+00   9.9999999E-01   1.0000000E+00   1.0000000E+00
    1.0000000E+00   1.0000000E+00   1.0000000E+00   1.0000000E+00   1.0000000E+00
    1.0000000E+00   1.0000000E+00   1.0000000E+00   1.0000000E+00   1.0000000E+00
    1.0000000E+00   1.0000000E+00   1.0000000E+00   1.0000000E+00   1.0000000E+00
    1.0000000E+00   1.0000000E+00   1.0000000E+00   1.0000000E+00

 3.6894275735E+02   4.6402652E+10   3.9007342E+14   5.4919425E+00   1.0687982E-05   3.7888342E-03   9.9988003E-01    70 
    9.9928365E-01   1.0000528E+00   9.9993662E-01   1.0000398E+00   9.9987115E-01
    1.0000081E+00   9.9995810E-01   1.0000064E+00   1.0000061E+00   9.9995190E-01
    9.9994903E-01   1.0000017E+00   9.9999015E-01   1.0000010E+00   1.0000009E+00
    9.9999091E-01   1.0000007E+00   9.9999194E-01   9.9999042E-01   1.0000003E+00
    9.9999658E-01   1.0000003E+00   1.0000002E+00   9.9999703E-01   1.0000002E+00
    9.9999747E-01   9.9999675E-01   1.0000001E+00   9.9999882E-01   1.0000001E+00
    1.0000001E+00   9.9999898E-01   1.0000001E+00   9.9999906E-01   9.9999891E-01
    1.0000000E+00   9.9999956E-01   1.0000000E+00   1.0000000E+00   9.9999961E-01
    1.0000000E+00   9.9999962E-01   9.9999960E-01   9.9999983E-01   1.0000000E+00
    9.9999993E-01   1.0000000E+00   9.9999996E-01   1.0000000E+00   9.9999998E-01
    1.0000000E+00   1.0000000E+00   1.0000000E+00   1.0000000E+00   1.0000000E+00
    1.0000000E+00   1.0000000E+00   1.0000000E+00   1.0000000E+00   1.0000000E+00
    1.0000000E+00   1.0000000E+00   1.0000000E+00   1.0000000E+00   1.0000000E+00
    1.0000000E+00   1.0000000E+00   1.0000000E+00   1.0000000E+00
