
 24-FEB-2004                           !Format date

 3.6863266792E+02     3.3689E+05       50       70

 9.4228504572E+04   1.6371444E-01   8.0293239E+05   9.1032028E-01   1.9325052E+02   4.9013353E+02   5.0000076E-02     1 
    5.7787063E-01   4.9533049E-03   1.1567140E-04   6.9560477E-03   4.3337046E-05
    2.0631649E-06   4.0109048E-07   1.3552655E-05   1.6223339E-05   1.1103172E-04
    2.8882866E-05   3.9325990E-05   1.1165459E-04   5.1290189E-07   3.3878259E-05
    3.2607495E-07   2.3196275E-06   2.6404249E-06   3.9576084E-06   1.6536069E-03
    3.9111689E-03   3.9271788E-03   3.9724527E-03   7.0399387E-05   8.6052719E-05
    1.4000524E-04   1.9953454E-05   7.2239624E-06   1.3093890E-06   1.0611904E-04
    5.9297284E-05   2.7025447E-05   2.7059921E-05   2.6877308E-05   8.7199907E-04
    5.5518741E-05   7.9527054E-05   7.9627699E-05   1.4196168E-05   1.5478569E-05
    1.5598297E-05   1.2149027E-06   1.3054993E-06   1.3157598E-06   5.2654571E-05
    5.6536012E-06   5.6121166E-06   6.0100516E-06   9.4576062E-04   9.3831869E-04

 9.3376170655E+04   1.6717038E-01   8.1780943E+05   9.1100773E-01   1.9273387E+02   4.9010089E+02   5.0000076E-02     2 
    5.8503169E-01   5.0133524E-03   1.1863878E-04   7.0404977E-03   4.4646970E-05
    2.0970968E-06   4.1514680E-07   1.3843502E-05   1.6571724E-05   1.1321300E-04
    2.9462408E-05   4.0109558E-05   1.1372051E-04   5.2163258E-07   3.4287345E-05
    3.2983878E-07   2.3486876E-06   2.6744730E-06   4.0123366E-06   1.6698553E-03
    3.9477625E-03   3.9638860E-03   4.0095117E-03   7.1018312E-05   8.6866247E-05
    1.4149310E-04   2.0146971E-05   7.2870917E-06   1.3222856E-06   1.0733062E-04
    5.9844066E-05   2.7250457E-05   2.7285136E-05   2.7102599E-05   8.8115862E-04
    5.5978210E-05   8.0184743E-05   8.0287030E-05   1.4310991E-05   1.5601985E-05
    1.5723501E-05   1.2255173E-06   1.3184476E-06   1.3288567E-06   5.2972953E-05
    5.7049039E-06   5.6611579E-06   6.0648530E-06   9.5223270E-04   9.4472470E-04

 9.1693412978E+04   1.7432204E-01   8.4847656E+05   9.1230800E-01   1.9168853E+02   4.9003454E+02   5.0000077E-02     3 
    5.9726597E-01   5.1162359E-03   1.2439273E-04   7.1852531E-03   4.7297556E-05
    2.1617760E-06   4.4376024E-07   1.4404873E-05   1.7244246E-05   1.1740484E-04
    3.0579413E-05   4.1618313E-05   1.1768520E-04   5.3880001E-07   3.5059301E-05
    3.3695650E-07   2.4044321E-06   2.7397226E-06   4.1170054E-06   1.7002315E-03
    4.0177653E-03   4.0341050E-03   4.0804005E-03   7.2200818E-05   8.8416736E-05
    1.4431892E-04   2.0525909E-05   7.4077720E-06   1.3469878E-06   1.0962772E-04
    6.0916469E-05   2.7680379E-05   2.7715457E-05   2.7533382E-05   9.0035472E-04
    5.6856027E-05   8.1441191E-05   8.1546644E-05   1.4530679E-05   1.5837818E-05
    1.5962902E-05   1.2459976E-06   1.3436558E-06   1.3543595E-06   5.3579279E-05
    5.8037460E-06   5.7553611E-06   6.1705082E-06   9.6457234E-04   9.5694061E-04

 8.8423017111E+04   1.8969858E-01   9.1331803E+05   9.1475347E-01   1.8945268E+02   4.8989872E+02   5.0000077E-02     4 
    6.1701953E-01   5.2830341E-03   1.3571069E-04   7.4200799E-03   5.2789879E-05
    2.2849488E-06   5.0423987E-07   1.5496953E-05   1.8552810E-05   1.2549326E-04
    3.2745324E-05   4.4539043E-05   1.2531094E-04   5.7312587E-07   3.6500471E-05
    3.5029482E-07   2.5119741E-06   2.8652967E-06   4.3174262E-06   1.7559384E-03
    4.1522559E-03   4.1690038E-03   4.2165764E-03   7.4467001E-05   9.1370008E-05
    1.4965561E-04   2.1277359E-05   7.6392928E-06   1.3945485E-06   1.1394173E-04
    6.3046117E-05   2.8504393E-05   2.8540256E-05   2.8360018E-05   9.4160885E-04
    5.8538216E-05   8.3848840E-05   8.3960377E-05   1.4952562E-05   1.6289830E-05
    1.6422198E-05   1.2858392E-06   1.3933556E-06   1.4046525E-06   5.4734296E-05
    5.9956133E-06   5.9374127E-06   6.3758052E-06   9.8812888E-04   9.8027036E-04

 8.2231228294E+04   2.2516559E-01   1.0584472E+06   9.1920897E-01   1.8461446E+02   4.8961354E+02   5.0000078E-02     5 
    6.4213648E-01   5.4977932E-03   1.5809228E-04   7.7229572E-03   6.4731736E-05
    2.5149965E-06   6.4115134E-07   1.7614948E-05   2.1091647E-05   1.4094044E-04
    3.6924479E-05   5.0155253E-05   1.3979453E-04   6.4444749E-07   3.9100866E-05
    3.7465908E-07   2.7173567E-06   3.1040680E-06   4.6950425E-06   1.8530941E-03
    4.4070387E-03   4.4245328E-03   4.4744951E-03   7.8741421E-05   9.6880417E-05
    1.5946143E-04   2.2778997E-05   8.0767770E-06   1.4850227E-06   1.2179402E-04
    6.7302056E-05   3.0058887E-05   3.0096320E-05   2.9923336E-05   1.0333170E-03
    6.1710482E-05   8.8388564E-05   8.8511794E-05   1.5751893E-05   1.7142792E-05
    1.7290671E-05   1.3633793E-06   1.4926434E-06   1.5051647E-06   5.6888678E-05
    6.3670616E-06   6.2867055E-06   6.7740697E-06   1.0322404E-03   1.0239879E-03

 7.1104147114E+04   3.1920325E-01   1.4227822E+06   9.2694716E-01   1.7430597E+02   4.8897469E+02   5.0000079E-02     6 
    6.5008228E-01   5.5788160E-03   2.0263214E-04   7.8396297E-03   9.3135138E-05
    2.9285559E-06   9.9624470E-07   2.1707265E-05   2.6001802E-05   1.6990263E-04
    4.4955044E-05   6.0860222E-05   1.6673169E-04   8.1100214E-07   4.3512091E-05
    4.1813348E-07   3.1047382E-06   3.5507579E-06   5.3890657E-06   2.0062272E-03
    4.8807896E-03   4.8995738E-03   4.9538915E-03   8.6627512E-05   1.0685119E-04
    1.7669069E-04   2.5841557E-05   8.8869474E-06   1.6546250E-06   1.3538639E-04
    7.5920632E-05   3.2930385E-05   3.2971142E-05   3.2828261E-05   1.2440544E-03
    6.7565109E-05   9.6762936E-05   9.6909429E-05   1.7245263E-05   1.8721348E-05
    1.8905692E-05   1.5174521E-06   1.7006393E-06   1.7158053E-06   6.0788300E-05
    7.0940682E-06   6.9569856E-06   7.5572199E-06   1.1126269E-03   1.1037544E-03

 5.3651984939E+04   6.2676638E-01   2.5240050E+06   9.3874236E-01   1.5624811E+02   4.8742937E+02   5.0000083E-02     7 
    5.6698343E-01   4.9288570E-03   2.8614522E-04   6.9316138E-03   1.6390960E-04
    3.5887353E-06   2.1374373E-06   2.9285672E-05   3.5116973E-05   2.2039082E-04
    5.9980778E-05   8.0445831E-05   2.1336193E-04   1.3187380E-06   5.0129075E-05
    5.0166448E-07   3.7840552E-06   4.3251837E-06   6.5630124E-06   2.1970066E-03
    5.6847768E-03   5.7054946E-03   5.7670147E-03   9.9888488E-05   1.2321305E-04
    2.0386383E-04   3.2209981E-05   1.0256375E-05   1.9475886E-06   1.5694156E-04
    9.3333943E-05   3.7776048E-05   3.7824926E-05   3.7821053E-05   1.7444730E-03
    7.7415761E-05   1.1082051E-04   1.1102158E-04   1.9866836E-05   2.1415078E-05
    2.1702408E-05   1.8388933E-06   2.1850778E-06   2.2055779E-06   6.7142431E-05
    8.5312757E-06   8.2158590E-06   9.1253501E-06   1.2449238E-03   1.2352408E-03

 4.0528827237E+04   1.2420625E+00   4.4666603E+06   9.4883595E-01   1.3858359E+02   4.8538401E+02   5.0000089E-02     8 
    4.4856901E-01   3.9935794E-03   3.7081796E-04   5.6178699E-03   2.5785427E-04
    4.1266737E-06   4.3118276E-06   3.7222691E-05   4.4685353E-05   2.6859111E-04
    7.6402244E-05   1.0094389E-04   2.5841945E-04   2.3539863E-06   5.5456350E-05
    6.3051857E-07   4.4642336E-06   5.0870748E-06   7.6725450E-06   2.2809736E-03
    6.4581559E-03   6.4804592E-03   6.5487028E-03   1.1254375E-04   1.3827722E-04
    2.2729645E-04   4.0076077E-05   1.1572442E-05   2.2371042E-06   1.7601904E-04
    1.1327972E-04   4.2453361E-05   4.2515499E-05   4.2810060E-05   2.3474374E-03
    8.6861348E-05   1.2422642E-04   1.2451008E-04   2.2602318E-05   2.4089876E-05
    2.4553681E-05   2.2792646E-06   2.9163999E-06   2.9389792E-06   7.3004460E-05
    1.0312076E-05   9.6726839E-06   1.1105216E-05   1.3680826E-03   1.3579058E-03

 3.0664571436E+04   2.4688150E+00   7.8788524E+06   9.5808843E-01   1.2227989E+02   4.8277026E+02   5.0000097E-02     9 
    3.3815849E-01   3.1338781E-03   4.6005546E-04   4.4047393E-03   3.9537333E-04
    4.6947551E-06   8.4269315E-06   4.6526752E-05   5.5894307E-05   3.1988541E-04
    9.7229367E-05   1.2546371E-04   3.0804690E-04   4.7384990E-06   6.2526993E-05
    9.6500783E-07   5.1998846E-06   5.9043024E-06   8.8413739E-06   2.3274594E-03
    7.2424190E-03   7.2661363E-03   7.3411112E-03   1.2541240E-04   1.5343029E-04
    2.5023202E-04   5.1107629E-05   1.2915992E-05   2.5425532E-06   1.9630927E-04
    1.3776000E-04   4.7305248E-05   4.7392948E-05   4.8268590E-05   3.0510890E-03
    9.6531306E-05   1.3781150E-04   1.3823422E-04   2.5810004E-05   2.7024701E-05
    2.7798796E-05   2.9965272E-06   4.1562544E-06   4.1637167E-06   7.8768048E-05
    1.2842135E-05   1.1612890E-05   1.3976576E-05   1.4897376E-03   1.4792157E-03

 2.3204592190E+04   4.9257794E+00   1.3904480E+07   9.6664476E-01   1.0762914E+02   4.7931528E+02   5.0000109E-02    10 
    2.4476369E-01   2.4236022E-03   5.5147738E-04   3.3964489E-03   5.9447432E-04
    5.4127844E-06   1.6116948E-05   5.8326091E-05   7.0062324E-05   3.7844242E-04
    1.2645523E-04   1.5772771E-04   3.6766641E-04   1.0322660E-05   7.4970961E-05
    1.9606588E-06   6.0268019E-06   6.8232847E-06   1.0159211E-05   2.3442792E-03
    8.0366665E-03   8.0616703E-03   8.1435437E-03   1.3869066E-04   1.6928225E-04
    2.7449109E-04   6.8831480E-05   1.4306348E-05   2.8743524E-06   2.2078381E-04
    1.7004030E-04   5.2531540E-05   5.2675117E-05   5.4644342E-05   3.8517038E-03
    1.0665831E-04   1.5176753E-04   1.5242891E-04   2.9976159E-05   3.0547979E-05
    3.1874621E-05   4.3433638E-06   6.4493804E-06   6.3770976E-06   8.4507439E-05
    1.6860089E-05   1.4542134E-05   1.8636492E-05   1.6103637E-03   1.5995945E-03

 1.7575971260E+04   9.8311223E+00   2.4532916E+07   9.7438251E-01   9.4740386E+01   4.7472996E+02   5.0000127E-02    11 
    1.7006856E-01   1.8701686E-03   6.3773215E-04   2.6055120E-03   8.6714003E-04
    6.4932132E-06   3.0129195E-05   7.4350812E-05   8.9169742E-05   4.4926217E-04
    1.7024815E-04   2.0343339E-04   4.4463278E-04   2.3097976E-05   9.9882296E-05
    4.9417213E-06   6.9919525E-06   7.9052310E-06   1.1737690E-05   2.3165191E-03
    8.8157089E-03   8.8418632E-03   8.9308696E-03   1.5234651E-04   1.8627990E-04
    3.0170597E-04   1.0093403E-04   1.5750293E-05   3.2505178E-06   2.5315849E-04
    2.1630050E-04   5.8458862E-05   5.8734353E-05   6.2715006E-05   4.7346249E-03
    1.1747021E-04   1.6614150E-04   1.6720606E-04   3.6077148E-05   3.5373919E-05
    3.7691239E-05   7.1778407E-06   1.1012748E-05   1.0647314E-05   9.0208028E-05
    2.3921548E-05   1.9565417E-05   2.7005492E-05   1.7269242E-03   1.7159867E-03

 1.3345096614E+04   1.9534976E+01   4.3188055E+07   9.8131344E-01   8.3614617E+01   4.6868486E+02   5.0000156E-02    12 
    1.1421625E-01   1.4689539E-03   7.1373014E-04   2.0290919E-03   1.2209588E-03
    8.4701654E-06   5.5097762E-05   9.8013611E-05   1.1712257E-04   5.4318943E-04
    2.3954159E-04   2.7317519E-04   5.5299832E-04   5.1340712E-05   1.5258986E-04
    1.3562277E-05   8.2272767E-06   9.3113837E-06   1.3828125E-05   2.2382767E-03
    9.5651894E-03   9.5923576E-03   9.6890836E-03   1.6684439E-04   2.0570919E-04
    3.3506085E-04   1.6438233E-04   1.7357555E-05   3.7468117E-06   2.9993890E-04
    2.8907483E-04   6.6144799E-05   6.6749618E-05   7.4397998E-05   5.6877166E-03
    1.3000353E-04   1.8183110E-04   1.8356085E-04   4.6475109E-05   4.3438557E-05
    4.7567531E-05   1.3688065E-05   2.0766550E-05   1.9465193E-05   9.6177254E-05
    3.7630237E-05   2.9374396E-05   4.3600968E-05   1.8383432E-03   1.8272803E-03

 1.0174124732E+04   3.8457188E+01   7.5681631E+07   9.8750869E-01   7.4173521E+01   4.6085118E+02   5.0000202E-02    13 
    7.4830144E-02   1.1966967E-03   7.7719289E-04   1.6380422E-03   1.6438166E-03
    1.2420310E-05   9.8654702E-05   1.3517163E-04   1.6059767E-04   6.7863165E-04
    3.5236085E-04   3.8477178E-04   7.1610250E-04   1.1041650E-04   2.6176270E-04
    3.6594537E-05   1.0043189E-05   1.1410779E-05   1.6946037E-05   2.1117912E-03
    1.0278530E-02   1.0306540E-02   1.0412330E-02   1.8344197E-04   2.3019375E-04
    3.8001822E-04   2.9355267E-04   1.9508248E-05   4.6234224E-06   3.7129799E-04
    4.1015817E-04   7.8371680E-05   7.9831433E-05   9.4186857E-05   6.7025471E-03
    1.4709290E-04   2.0156842E-04   2.0435815E-04   6.6879195E-05   5.9756147E-05
    6.7307537E-05   2.9464448E-05   4.2899188E-05   3.8863889E-05   1.0349647E-04
    6.6527954E-05   5.0653772E-05   7.9351483E-05   1.9449186E-03   1.9337436E-03

 7.7955682898E+03   7.4800101E+01   1.3184896E+08   9.9303674E-01   6.6228775E+01   4.5111039E+02   5.0000280E-02    14 
    4.8147036E-02   1.0197666E-03   8.2699668E-04   1.3873595E-03   2.1634505E-03
    2.0775114E-05   1.7307593E-04   1.9523999E-04   2.3027312E-04   8.8265515E-04
    5.3713895E-04   5.6676432E-04   9.6831217E-04   2.3293989E-04   4.8874392E-04
    9.7656587E-05   1.3153931E-05   1.5032638E-05   2.2116829E-05   1.9782007E-03
    1.0952368E-02   1.0980886E-02   1.1098444E-02   2.0489200E-04   2.6454406E-04
    4.4468570E-04   5.6642011E-04   2.3451159E-05   6.8161080E-06   4.8232872E-04
    6.2413668E-04   1.0214079E-04   1.0588687E-04   1.3258074E-04   7.7777589E-03
    1.7599632E-04   2.3254674E-04   2.3692465E-04   1.1123388E-04   9.7175361E-05
    1.1145380E-04   6.8703289E-05   9.5340780E-05   8.3826113E-05   1.1572250E-04
    1.3108007E-04   1.0025654E-04   1.6111702E-04   2.0475669E-03   2.0362273E-03

 5.9922592974E+03   1.4425711E+02   2.2957542E+08   9.9805291E-01   5.9624035E+01   4.3888176E+02   5.0000421E-02    15 
    3.0534396E-02   9.0914572E-04   8.6551293E-04   1.2384833E-03   2.8649854E-03
    3.9222256E-05   2.9987125E-04   2.9483529E-04   3.4527427E-04   1.1987899E-03
    8.4307795E-04   8.6953181E-04   1.3658081E-03   4.9629524E-04   9.7546877E-04
    2.6918300E-04   1.9344558E-05   2.2224540E-05   3.1640243E-05   1.8621336E-03
    1.1600861E-02   1.1629304E-02   1.1763821E-02   2.3786171E-04   3.1903491E-04
    5.4306239E-04   1.1803132E-03   3.3517198E-05   1.3969858E-05   6.5883364E-04
    1.0316176E-03   1.5555796E-04   1.6576129E-04   2.1532000E-04   8.9443142E-03
    2.3644159E-04   2.9458694E-04   3.0097883E-04   2.1535901E-04   1.8986359E-04
    2.1798477E-04   1.6862218E-04   2.2451757E-04   1.9378391E-04   1.4555777E-04
    2.8265852E-04   2.2308549E-04   3.5841363E-04   2.1496188E-03   2.1377981E-03

 4.6217411490E+03   2.7547611E+02   4.0061209E+08   1.0028522E+00   5.4349868E+01   4.2308561E+02   5.0000713E-02    16 
    1.9355019E-02   8.5012730E-04   9.0180241E-04   1.1724531E-03   3.7986668E-03
    7.9591041E-05   5.1656033E-04   4.6336773E-04   5.3791386E-04   1.6954729E-03
    1.3539968E-03   1.3810872E-03   1.9984804E-03   1.0596697E-03   2.0030653E-03
    7.4571189E-04   3.3130814E-05   3.8144222E-05   5.0835356E-05   1.7495147E-03
    1.2272067E-02   1.2300656E-02   1.2460705E-02   2.9867002E-04   4.1686250E-04
    7.0013753E-04   2.5844555E-03   6.4082754E-05   4.0169642E-05   9.4464730E-04
    1.8141497E-03   2.8404883E-04   3.1388018E-04   4.0424802E-04   1.0293249E-02
    3.8243798E-04   4.4235092E-04   4.5004013E-04   4.7061301E-04   4.2811580E-04
    4.8519940E-04   4.2638125E-04   5.4922431E-04   4.7221330E-04   2.3667405E-04
    6.4974803E-04   5.3968881E-04   8.4984603E-04   2.2582135E-03   2.2453511E-03

 3.5842159914E+03   5.1812198E+02   6.9978311E+08   1.0081239E+00   5.0377225E+01   4.0294582E+02   5.0001395E-02    17 
    1.2675255E-02   8.4577590E-04   9.6085534E-04   1.1974059E-03   4.9941918E-03
    1.6537048E-04   8.9264758E-04   7.5458927E-04   8.7005175E-04   2.5006349E-03
    2.2255870E-03   2.2640578E-03   3.0359707E-03   2.2247985E-03   4.0739275E-03
    1.9674802E-03   6.6282876E-05   7.6239263E-05   9.2738436E-05   1.6510268E-03
    1.3104054E-02   1.3141074E-02   1.3336847E-02   4.2976907E-04   6.1541375E-04
    9.6648702E-04   5.7127878E-03   1.6026317E-04   1.3741531E-04   1.4196687E-03
    3.2521265E-03   5.9704248E-04   6.9232977E-04   8.4637914E-04   1.2089147E-02
    7.6494860E-04   8.3068545E-04   8.3347623E-04   1.1092753E-03   1.0480202E-03
    1.1602251E-03   1.0939650E-03   1.3597015E-03   1.1910275E-03   5.2928664E-04
    1.5571476E-03   1.3777442E-03   2.0910336E-03   2.3915868E-03   2.3776880E-03

 2.8023110754E+03   9.5380610E+02   1.2183345E+09   1.0151740E+00   4.7578413E+01   3.7876389E+02   5.0003123E-02    18 
    9.0789140E-03   9.2886896E-04   1.0980459E-03   1.3592397E-03   6.7288839E-03
    3.5216668E-04   1.5768457E-03   1.2836873E-03   1.4677456E-03   3.9280878E-03
    3.7980237E-03   3.8635239E-03   4.8480699E-03   4.6667409E-03   8.2544015E-03
    4.9858229E-03   1.5116645E-04   1.7337207E-04   1.9166948E-04   1.6929194E-03
    1.4417955E-02   1.4507582E-02   1.4743394E-02   7.5076049E-04   1.0673457E-03
    1.4473168E-03   1.2703877E-02   4.6567647E-04   4.9443758E-04   2.2403138E-03
    5.9034652E-03   1.3544517E-03   1.6765991E-03   1.9042431E-03   1.5035941E-02
    1.8123783E-03   1.9065169E-03   1.8810233E-03   2.7316520E-03   2.6606781E-03
    2.8544499E-03   2.8358625E-03   3.3389491E-03   3.0576461E-03   1.4737034E-03
    3.8546589E-03   3.6532230E-03   5.2252783E-03   2.5942366E-03   2.5803586E-03

 2.2088125131E+03   1.7193792E+03   2.1156231E+09   1.0264169E+00   4.5798308E+01   3.5116389E+02   5.0007836E-02    19 
    7.7787169E-03   1.2113010E-03   1.4590460E-03   1.8096270E-03   1.0649330E-02
    8.5936386E-04   2.9872335E-03   2.3765603E-03   2.7133695E-03   7.0365913E-03
    7.1054623E-03   7.1767351E-03   8.4462427E-03   1.0940298E-02   1.8583383E-02
    1.4574544E-02   3.9197408E-04   4.4794309E-04   4.5718769E-04   2.2933208E-03
    1.7017160E-02   1.7341557E-02   1.7610620E-02   1.6504981E-03   2.2389934E-03
    2.3892779E-03   3.1017940E-02   1.5769923E-03   1.9349695E-03   3.7751156E-03
    1.1917315E-02   3.2728146E-03   4.3894904E-03   4.6782095E-03   2.1459613E-02
    4.9094286E-03   5.1008178E-03   4.9586250E-03   7.1853593E-03   7.0088967E-03
    7.2220223E-03   7.6070610E-03   8.2305654E-03   8.1622703E-03   5.0180128E-03
    1.0089529E-02   1.0189300E-02   1.3419932E-02   2.9871576E-03   2.9768240E-03

 1.7550518798E+03   3.0474415E+03   3.7161808E+09   1.0447936E+00   4.5401805E+01   3.1662169E+02   5.0024783E-02    20 
    8.7689416E-03   2.0536689E-03   2.4520728E-03   3.0049315E-03   2.0143567E-02
    2.3882751E-03   6.3109428E-03   5.0080356E-03   5.7084222E-03   1.5271043E-02
    1.5422585E-02   1.5272922E-02   1.7186521E-02   2.8250543E-02   4.6146202E-02
    4.6256254E-02   1.1833245E-03   1.3445206E-03   1.3026938E-03   4.4108040E-03
    2.2911216E-02   2.4170619E-02   2.4385437E-02   4.5712390E-03   5.7764304E-03
    4.4991603E-03   8.0908623E-02   5.8141807E-03   7.8899388E-03   6.9532002E-03
    2.7252200E-02   8.6620669E-03   1.2266933E-02   1.2865848E-02   3.8595601E-02
    1.4868620E-02   1.5197551E-02   1.4718908E-02   2.0871857E-02   1.9233544E-02
    1.9051787E-02   2.1399119E-02   2.0627045E-02   2.2811162E-02   1.9055159E-02
    2.9133761E-02   3.0302718E-02   3.6138422E-02   3.9227023E-03   3.9266736E-03

 1.4154105393E+03   5.3369269E+03   6.5038172E+09   1.0718807E+00   4.5412292E+01   2.7782966E+02   5.0090308E-02    21 
    1.3316089E-02   4.5892581E-03   5.2111165E-03   6.1260116E-03   4.3766673E-02
    7.0391326E-03   1.4556622E-02   1.2010905E-02   1.3547673E-02   3.9353869E-02
    3.8895685E-02   3.7602162E-02   4.0853874E-02   7.4354614E-02   1.1955503E-01
    1.4379739E-01   4.0656759E-03   4.5181462E-03   4.2650604E-03   1.1029021E-02
    3.7857039E-02   4.1635252E-02   4.1185431E-02   1.4510861E-02   1.6774455E-02
    9.4280481E-03   2.0825374E-01   2.1152849E-02   3.0059792E-02   1.3679716E-02
    6.8612182E-02   2.5922924E-02   3.4171929E-02   3.8825973E-02   8.3815074E-02
    4.7236019E-02   4.6331982E-02   4.5283417E-02   6.5504118E-02   5.3499562E-02
    5.2101339E-02   5.9675301E-02   5.2507051E-02   6.3931785E-02   7.0868241E-02
    8.8379135E-02   9.1128557E-02   9.9181506E-02   6.5637285E-03   6.6087053E-03

 1.1594826236E+03   1.0017233E+04   1.1265132E+10   1.1095826E+00   4.1881275E+01   2.3784771E+02   5.0342393E-02    22 
    2.5550406E-02   1.2462739E-02   1.3035419E-02   1.4440405E-02   1.0578179E-01
    2.1221914E-02   3.6255070E-02   3.2645018E-02   3.5464058E-02   1.1105881E-01
    1.0909238E-01   1.0496579E-01   1.0370839E-01   1.9291793E-01   3.1146011E-01
    4.3778350E-01   1.4793564E-02   1.5730967E-02   1.4633437E-02   3.0555330E-02
    8.2087191E-02   8.5880339E-02   8.2547967E-02   4.5921298E-02   4.7233792E-02
    2.0513198E-02   5.0238831E-01   7.3820817E-02   1.0142093E-01   2.7092775E-02
    1.7743281E-01   8.4154639E-02   8.9423736E-02   1.2382990E-01   1.9023403E-01
    1.4633591E-01   1.3685417E-01   1.3632083E-01   2.0426382E-01   1.4985701E-01
    1.4840147E-01   1.5963118E-01   1.3789204E-01   1.7135423E-01   2.4629712E-01
    2.6007417E-01   2.5656740E-01   2.6383459E-01   1.5244451E-02   1.5270716E-02

 9.6580145037E+02   2.3452684E+04   1.9360873E+10   1.1596478E+00   3.0526065E+01   1.9531062E+02   5.1413555E-02    23 
    5.2360247E-02   3.2976091E-02   3.2711094E-02   3.4428466E-02   2.3506609E-01
    5.5056370E-02   8.9091930E-02   8.7237988E-02   9.0308954E-02   2.7917218E-01
    2.7696529E-01   2.7197732E-01   2.3419512E-01   4.2471502E-01   6.7179945E-01
    1.0549017E+00   4.6111363E-02   4.6514791E-02   4.2978271E-02   7.1927506E-02
    1.9423748E-01   1.6753018E-01   1.6226990E-01   1.1678570E-01   1.0500526E-01
    4.0682601E-02   9.3710966E-01   2.0154676E-01   2.6094492E-01   4.7370050E-02
    3.6801674E-01   2.1307850E-01   1.9748101E-01   3.3849529E-01   3.4868869E-01
    3.6757823E-01   3.3826966E-01   3.4191543E-01   5.0697945E-01   3.7452172E-01
    3.7547457E-01   3.7730712E-01   3.3037883E-01   3.8327052E-01   6.6332943E-01
    6.1032936E-01   5.7466892E-01   5.9690987E-01   3.9988866E-02   3.9657064E-02

 8.2043381014E+02   6.9521756E+04   3.1456986E+10   1.2197822E+00   1.6304944E+01   1.5406669E+02   5.5589588E-02    24 
    9.6444228E-02   7.2021494E-02   6.9048445E-02   7.2080936E-02   4.0403765E-01
    1.0734949E-01   1.8231113E-01   1.8746675E-01   1.9315836E-01   5.4172814E-01
    5.4108193E-01   5.3971674E-01   4.0475374E-01   7.0955896E-01   1.0338875E+00
    1.6920283E+00   1.0247146E-01   9.9754077E-02   9.2906391E-02   1.2291079E-01
    3.6619698E-01   2.6306629E-01   2.8496830E-01   2.0418088E-01   1.5638607E-01
    6.4061173E-02   1.1791263E+00   3.6030509E-01   4.6945750E-01   6.8356428E-02
    4.9116314E-01   3.5323398E-01   3.9894000E-01   6.4665213E-01   4.4334834E-01
    6.4419568E-01   6.0138509E-01   6.2345543E-01   8.6347388E-01   7.1967604E-01
    7.0962341E-01   7.1243708E-01   5.7701270E-01   7.0713891E-01   1.1648197E+00
    9.1898907E-01   9.1589092E-01   1.0374820E+00   8.5619582E-02   8.6122148E-02

 7.1132739146E+02   2.0784067E+05   4.4227767E+10   1.2851139E+00   7.1469141E+00   1.1634979E+02   6.9651143E-02    25 
    1.6320763E-01   1.3680633E-01   1.2383362E-01   1.3514488E-01   5.7777890E-01
    1.7351500E-01   3.0665851E-01   3.2131665E-01   3.4831765E-01   8.6307593E-01
    8.6240080E-01   8.6309012E-01   5.7412134E-01   9.7090894E-01   1.2655073E+00
    2.0447065E+00   1.7569693E-01   1.6714183E-01   1.5838568E-01   1.7146770E-01
    5.4092879E-01   3.9044108E-01   4.6538869E-01   2.6979021E-01   1.7137766E-01
    8.7523420E-02   1.1304914E+00   4.7121702E-01   6.2765730E-01   9.0124004E-02
    4.3944381E-01   5.2764016E-01   7.1844822E-01   9.1278033E-01   4.5765979E-01
    8.5367108E-01   8.0870285E-01   8.6368570E-01   1.0970032E+00   1.0661028E+00
    1.0045215E+00   1.0698193E+00   7.1395986E-01   1.1483649E+00   1.4069781E+00
    1.0860632E+00   1.1862700E+00   1.4852170E+00   1.4536140E-01   1.4909707E-01

 6.3098892169E+02   4.6829027E+05   5.0472083E+10   1.3446975E+00   3.1285415E+00   8.4506109E+01   1.0680314E-01    26 
    2.5417383E-01   2.2713436E-01   1.9358531E-01   2.2331460E-01   7.4319418E-01
    2.4641930E-01   4.4309345E-01   4.5578892E-01   5.2430875E-01   1.1770089E+00
    1.1761064E+00   1.1768887E+00   7.2159047E-01   1.1494457E+00   1.3648900E+00
    2.1722756E+00   2.5380164E-01   2.3691549E-01   2.2670879E-01   2.1521905E-01
    6.8575159E-01   5.5951730E-01   6.5516083E-01   3.0822344E-01   1.7348346E-01
    1.0973707E-01   9.7392110E-01   5.0807320E-01   6.7701592E-01   1.1400371E-01
    3.3152541E-01   7.6121141E-01   9.8480074E-01   1.0542404E+00   4.6637359E-01
    9.3870803E-01   9.2444027E-01   9.9292000E-01   1.1515604E+00   1.2708456E+00
    1.1561651E+00   1.2863455E+00   7.0771601E-01   1.4857101E+00   1.3528047E+00
    1.3024654E+00   1.4081694E+00   1.7551718E+00   2.0813315E-01   2.1207195E-01

 5.7513051872E+02   7.0830209E+05   5.1534695E+10   1.3853069E+00   1.7875109E+00   6.0935447E+01   1.7462141E-01    27 
    3.4518534E-01   3.1322394E-01   2.6280318E-01   3.1294630E-01   8.5653025E-01
    3.0311927E-01   5.6200409E-01   5.5699217E-01   6.6224976E-01   1.3827217E+00
    1.3823695E+00   1.3832193E+00   8.1868786E-01   1.1961276E+00   1.3268718E+00
    2.1244599E+00   3.1786405E-01   2.9152266E-01   2.7873496E-01   2.4094661E-01
    7.8331262E-01   6.9217205E-01   7.7664321E-01   3.2591062E-01   1.7939170E-01
    1.2640081E-01   8.2905792E-01   4.7405452E-01   6.3420377E-01   1.3738131E-01
    2.6869439E-01   9.0533829E-01   1.0498548E+00   1.0461108E+00   4.8025362E-01
    9.1207109E-01   9.6924658E-01   1.0362266E+00   1.1023692E+00   1.3155399E+00
    1.1637555E+00   1.3023617E+00   6.7987697E-01   1.5582037E+00   1.1741218E+00
    1.4931428E+00   1.5415418E+00   1.7728832E+00   2.6031527E-01   2.5907976E-01

 5.3522080728E+02   8.5917779E+05   5.3476897E+10   1.4068700E+00   1.3845597E+00   4.4037345E+01   2.6888588E-01    28 
    4.0403371E-01   3.6661105E-01   3.1292963E-01   3.7609806E-01   8.7040264E-01
    3.2751538E-01   6.3759761E-01   6.1154297E-01   7.3408442E-01   1.4391864E+00
    1.4395077E+00   1.4404553E+00   8.4560904E-01   1.1131145E+00   1.1738751E+00
    1.8741719E+00   3.5697768E-01   3.2281387E-01   3.0716824E-01   2.4196542E-01
    8.2765308E-01   7.4786296E-01   8.2500189E-01   3.2766864E-01   1.8487259E-01
    1.3717897E-01   6.9928943E-01   4.0472785E-01   5.5287236E-01   1.5834113E-01
    2.4159465E-01   9.0573598E-01   9.6916758E-01   9.5140684E-01   4.7723162E-01
    8.3337044E-01   9.6041804E-01   1.0207309E+00   1.0096765E+00   1.2586434E+00
    1.0986964E+00   1.2003062E+00   6.5760230E-01   1.4613437E+00   9.6403526E-01
    1.5447503E+00   1.5548645E+00   1.6299969E+00   2.9595804E-01   2.8826847E-01

 5.0486043837E+02   9.7423353E+05   5.9028115E+10   1.4148239E+00   1.3212293E+00   3.1807638E+01   3.7904923E-01    29 
    4.1067484E-01   3.7490022E-01   3.2989051E-01   3.9235839E-01   7.7827490E-01
    3.1842129E-01   6.5587206E-01   6.1550842E-01   7.3131239E-01   1.3588848E+00
    1.3595266E+00   1.3604464E+00   8.0111966E-01   9.5258543E-01   9.6068496E-01
    1.4741156E+00   3.6952203E-01   3.3152479E-01   3.1434988E-01   2.2323611E-01
    8.1955156E-01   7.3868097E-01   8.1445542E-01   3.1478696E-01   1.8557818E-01
    1.4337611E-01   5.6528584E-01   3.2925324E-01   4.6452826E-01   1.7508056E-01
    2.2320811E-01   8.2562870E-01   8.3678625E-01   8.2795012E-01   4.5134746E-01
    7.4048704E-01   9.0854910E-01   9.6255179E-01   8.9832511E-01   1.1500218E+00
    1.0080298E+00   1.0590470E+00   6.3193041E-01   1.3097566E+00   7.5535368E-01
    1.4739547E+00   1.4768295E+00   1.4214550E+00   3.1672669E-01   3.0357407E-01

 4.7984855240E+02   1.1123780E+06   6.9867470E+10   1.4157031E+00   1.4064703E+00   2.2837948E+01   4.9372147E-01    30 
    3.7564766E-01   3.4868369E-01   3.1724550E-01   3.6705814E-01   6.2743718E-01
    2.8892949E-01   6.2515582E-01   5.8185709E-01   6.7270728E-01   1.1870245E+00
    1.1877257E+00   1.1886855E+00   7.0905828E-01   7.7200121E-01   7.4667803E-01
    1.0473950E+00   3.6153040E-01   3.2443575E-01   3.0799721E-01   1.9693886E-01
    7.6781888E-01   6.8683440E-01   7.5988719E-01   2.9201413E-01   1.8231217E-01
    1.4759350E-01   4.3470753E-01   2.6555417E-01   3.8797839E-01   1.8738733E-01
    2.0288553E-01   7.1995873E-01   7.0630403E-01   7.0850099E-01   4.1152574E-01
    6.5793861E-01   8.3575673E-01   8.8487963E-01   7.9008734E-01   1.0281436E+00
    9.1619037E-01   9.2385733E-01   5.9826401E-01   1.1441830E+00   5.7583956E-01
    1.3462870E+00   1.3465232E+00   1.2066819E+00   3.2953878E-01   3.1263812E-01

 4.5555282196E+02   1.3325349E+06   8.8588880E+10   1.4200274E+00   1.5474200E+00   1.6491236E+01   5.9826246E-01    31 
    3.5545770E-01   3.3696053E-01   3.1499074E-01   3.5266220E-01   5.3906755E-01
    2.8337949E-01   5.8416730E-01   5.4831648E-01   6.1354248E-01   1.0086100E+00
    1.0093079E+00   1.0103730E+00   6.1397548E-01   6.5278434E-01   6.0002975E-01
    8.1698793E-01   3.5319168E-01   3.1813023E-01   3.0301151E-01   1.8778685E-01
    7.0054629E-01   6.2228750E-01   6.8989294E-01   2.7232194E-01   1.8320584E-01
    1.5575778E-01   3.4316831E-01   2.3164677E-01   3.4546169E-01   1.9980300E-01
    1.9734643E-01   6.0608609E-01   5.7806094E-01   5.8768931E-01   3.9091614E-01
    5.9199731E-01   7.5769866E-01   7.9875427E-01   6.8185815E-01   9.0470014E-01
    8.2420245E-01   7.8242670E-01   5.5367260E-01   9.4450205E-01   4.6880176E-01
    1.1822660E+00   1.1795114E+00   9.8772461E-01   3.4418174E-01   3.2475834E-01

 4.4302917279E+02   1.4177215E+06   1.1106894E+11   1.4223942E+00   2.0026941E+00   1.2181519E+01   6.8296261E-01    32 
    3.8467714E-01   3.6997559E-01   3.4933237E-01   3.8325847E-01   5.7987255E-01
    3.2396376E-01   5.5706845E-01   5.3301747E-01   5.8432734E-01   9.0237274E-01
    9.0308526E-01   9.0420651E-01   5.6880339E-01   6.4870251E-01   5.6990122E-01
    8.7338423E-01   3.4891120E-01   3.1426462E-01   2.9826099E-01   2.0563138E-01
    6.5512420E-01   5.7833487E-01   6.4174937E-01   2.6465978E-01   1.8654656E-01
    1.6100384E-01   3.3414965E-01   2.2966225E-01   3.4970719E-01   2.0868954E-01
    2.2947502E-01   5.0692971E-01   4.6927750E-01   4.8142466E-01   4.1922150E-01
    5.4819765E-01   6.8644655E-01   7.1268047E-01   5.8292052E-01   7.9379157E-01
    7.3928556E-01   6.4628938E-01   5.0561604E-01   7.6237166E-01   4.5129977E-01
    1.0243604E+00   1.0417678E+00   8.1670792E-01   3.4292784E-01   3.2402745E-01

 4.4151753107E+02   1.3818235E+06   1.3998000E+11   1.4156161E+00   2.8840008E+00   8.7474196E+00   7.5972767E-01    33 
    3.8319450E-01   3.7271681E-01   3.5266801E-01   3.8314711E-01   5.4096226E-01
    3.0384084E-01   5.4114719E-01   5.1919177E-01   5.6400425E-01   8.5897711E-01
    8.5955412E-01   8.6043002E-01   5.5576579E-01   6.0231347E-01   5.1562684E-01
    7.6303773E-01   3.4224865E-01   3.0789584E-01   2.9101817E-01   1.9158523E-01
    6.3854229E-01   5.6201755E-01   6.2348779E-01   2.6287327E-01   1.8702563E-01
    1.5988824E-01   3.2191476E-01   2.0299815E-01   3.2111138E-01   2.1370117E-01
    2.2869017E-01   4.7085240E-01   4.3041989E-01   4.4258965E-01   3.9992116E-01
    5.3626939E-01   6.5832771E-01   6.7477559E-01   5.4640638E-01   7.5210403E-01
    7.0911451E-01   6.0001791E-01   4.9005048E-01   7.1186304E-01   3.9061373E-01
    9.6019424E-01   1.0121090E+00   7.6671624E-01   3.3469645E-01   3.1746829E-01

 4.4086752265E+02   1.3339035E+06   1.8018119E+11   1.4065990E+00   4.1808977E+00   6.3166230E+00   8.1962846E-01    34 
    3.5886550E-01   3.5207410E-01   3.3551755E-01   3.5992083E-01   4.7471754E-01
    2.7182646E-01   5.1438800E-01   4.9313764E-01   5.2928350E-01   7.9984105E-01
    8.0023510E-01   8.0073079E-01   5.3164524E-01   5.4191892E-01   4.5912509E-01
    6.2748346E-01   3.2829630E-01   2.9543648E-01   2.7871288E-01   1.7342305E-01
    6.1288242E-01   5.3859354E-01   5.9691135E-01   2.5649241E-01   1.8397435E-01
    1.5625479E-01   2.9967870E-01   1.7895433E-01   2.9361827E-01   2.1430392E-01
    2.1887109E-01   4.4278382E-01   4.0231625E-01   4.1440964E-01   3.7504277E-01
    5.2418051E-01   6.3266253E-01   6.4219024E-01   5.1913260E-01   7.1796099E-01
    6.8250451E-01   5.7024694E-01   4.7592514E-01   6.7760383E-01   3.3497419E-01
    9.1671710E-01   9.8706641E-01   7.3111663E-01   3.2570367E-01   3.1012634E-01

 4.4034191859E+02   1.2593662E+06   2.3599884E+11   1.3958021E+00   6.1901788E+00   4.5763744E+00   8.6559358E-01    35 
    3.2428391E-01   3.2037736E-01   3.0822738E-01   3.2554133E-01   4.0127454E-01
    2.3702961E-01   4.7776680E-01   4.5810134E-01   4.8424563E-01   7.2517998E-01
    7.2550394E-01   7.2578900E-01   4.9567969E-01   4.7641354E-01   4.0244956E-01
    4.9619527E-01   3.0853335E-01   2.7803027E-01   2.6211771E-01   1.5493685E-01
    5.7777322E-01   5.0729602E-01   5.6128442E-01   2.4572541E-01   1.7835997E-01
    1.5093287E-01   2.7315778E-01   1.5768287E-01   2.6787559E-01   2.1211173E-01
    2.0622486E-01   4.1488306E-01   3.7545063E-01   3.8702551E-01   3.4950630E-01
    5.0962485E-01   6.0685384E-01   6.1195076E-01   4.9357083E-01   6.8525772E-01
    6.5500355E-01   5.4508801E-01   4.6032251E-01   6.4223541E-01   2.8663972E-01
    8.7666539E-01   9.5618325E-01   6.9840967E-01   3.1674098E-01   3.0247716E-01

 4.3976071467E+02   1.1369216E+06   3.1419521E+11   1.3805581E+00   9.6084589E+00   3.3108263E+00   9.0073536E-01    36 
    2.7401750E-01   2.7204181E-01   2.6520147E-01   2.7476728E-01   3.1603204E-01
    1.9680953E-01   4.2216626E-01   4.0605069E-01   4.2102680E-01   6.2032721E-01
    6.2063445E-01   6.2084699E-01   4.3939336E-01   4.0047532E-01   3.3953604E-01
    3.6426139E-01   2.7808614E-01   2.5125632E-01   2.3705346E-01   1.3458766E-01
    5.2475569E-01   4.6064507E-01   5.0844888E-01   2.2720966E-01   1.6796336E-01
    1.4224561E-01   2.4060760E-01   1.3689310E-01   2.4116816E-01   2.0555627E-01
    1.9055117E-01   3.7938189E-01   3.4238715E-01   3.5297351E-01   3.2145720E-01
    4.8711442E-01   5.7366710E-01   5.7627473E-01   4.6265967E-01   6.4461818E-01
    6.1839542E-01   5.1608448E-01   4.3865916E-01   5.9580242E-01   2.4078096E-01
    8.2776783E-01   9.0829452E-01   6.5893854E-01   3.0511269E-01   2.9200127E-01

 4.3916122175E+02   9.9504292E+05   4.2273444E+11   1.3624947E+00   1.5318663E+01   2.3959686E+00   9.2707838E-01    37 
    2.1969822E-01   2.1866872E-01   2.1600253E-01   2.1996168E-01   2.3959921E-01
    1.6017256E-01   3.5745088E-01   3.4635591E-01   3.5287265E-01   5.0631190E-01
    5.0658167E-01   5.0679293E-01   3.7401933E-01   3.3102701E-01   2.8300851E-01
    2.6116623E-01   2.4222171E-01   2.1965057E-01   2.0769950E-01   1.1662481E-01
    4.6163807E-01   4.0544725E-01   4.4620351E-01   2.0376915E-01   1.5406585E-01
    1.3142594E-01   2.0970728E-01   1.2032633E-01   2.1864291E-01   1.9548760E-01
    1.7589938E-01   3.3998378E-01   3.0644281E-01   3.1583456E-01   2.9697298E-01
    4.5901449E-01   5.3605865E-01   5.3785724E-01   4.2939615E-01   5.9951310E-01
    5.7596338E-01   4.8432359E-01   4.1314109E-01   5.4370900E-01   2.0538169E-01
    7.7278658E-01   8.4535788E-01   6.1601501E-01   2.9177738E-01   2.7965019E-01

 4.3855366209E+02   8.5292307E+05   5.7375741E+11   1.3429131E+00   2.4863792E+01   1.7318667E+00   9.4671052E-01    38 
    1.7002625E-01   1.6946617E-01   1.6901831E-01   1.7007624E-01   1.7902028E-01
    1.3019837E-01   2.9340897E-01   2.8718463E-01   2.8902373E-01   3.9912096E-01
    3.9933377E-01   3.9954925E-01   3.0921961E-01   2.7388749E-01   2.3672517E-01
    1.8841666E-01   2.0578064E-01   1.8740786E-01   1.7782621E-01   1.0228891E-01
    3.9593320E-01   3.4817985E-01   3.8183317E-01   1.7861269E-01   1.3847395E-01
    1.1979934E-01   1.8379175E-01   1.0836006E-01   2.0159124E-01   1.8344339E-01
    1.6373535E-01   2.9964466E-01   2.7005978E-01   2.7823594E-01   2.7730938E-01
    4.2825456E-01   4.9658810E-01   4.9811108E-01   3.9581072E-01   5.5277276E-01
    5.3066693E-01   4.5091779E-01   3.8576237E-01   4.8987145E-01   1.8040568E-01
    7.1361032E-01   7.7133176E-01   5.7167385E-01   2.7764687E-01   2.6650926E-01

 4.3793958247E+02   7.2691928E+05   7.8306421E+11   1.3238062E+00   4.0479703E+01   1.2514618E+00   9.6118559E-01    39 
    1.3103249E-01   1.3074161E-01   1.3105020E-01   1.3103413E-01   1.3538646E-01
    1.0785379E-01   2.3924099E-01   2.3611879E-01   2.3606783E-01   3.1048591E-01
    3.1064726E-01   3.1084974E-01   2.5344178E-01   2.3049136E-01   2.0158247E-01
    1.3985394E-01   1.7348786E-01   1.5873718E-01   1.5127891E-01   9.1937906E-02
    3.3522181E-01   2.9537958E-01   3.2258323E-01   1.5535440E-01   1.2359823E-01
    1.0905400E-01   1.6391329E-01   1.0071851E-01   1.9032098E-01   1.7152937E-01
    1.5393455E-01   2.6231326E-01   2.3662651E-01   2.4368655E-01   2.6216615E-01
    3.9882562E-01   4.5984731E-01   4.6079089E-01   3.6508027E-01   5.0948235E-01
    4.8755390E-01   4.1973277E-01   3.5983129E-01   4.3841280E-01   1.6417020E-01
    6.5595533E-01   6.9841036E-01   5.2988313E-01   2.6479600E-01   2.5469359E-01

 4.3732021134E+02   6.2927757E+05   1.0707314E+12   1.3078961E+00   6.4668937E+01   9.0575036E-01   9.7174656E-01    40 
    1.0538592E-01   1.0523835E-01   1.0565367E-01   1.0538640E-01   1.0779737E-01
    9.3820884E-02   2.0064605E-01   1.9834802E-01   1.9780100E-01   2.4608834E-01
    2.4621286E-01   2.4638883E-01   2.1245323E-01   2.0193692E-01   1.7858362E-01
    1.1025996E-01   1.4897793E-01   1.3695965E-01   1.3115020E-01   8.6215774E-02
    2.8556805E-01   2.5225740E-01   2.7411979E-01   1.3734350E-01   1.1190266E-01
    1.0089434E-01   1.5053726E-01   9.7741230E-02   1.8599793E-01   1.6196820E-01
    1.4632622E-01   2.3172840E-01   2.0939677E-01   2.1553179E-01   2.5269201E-01
    3.7494652E-01   4.3089005E-01   4.3047953E-01   3.4070588E-01   4.7518398E-01
    4.5214275E-01   3.9547098E-01   3.3910806E-01   3.9337330E-01   1.5606190E-01
    6.0736110E-01   6.4178441E-01   4.9551973E-01   2.5584978E-01   2.4678979E-01

 4.3668837556E+02   5.6500620E+05   1.4666722E+12   1.2974792E+00   9.9523004E+01   6.5568572E-01   9.7946188E-01    41 
    9.2267808E-02   9.2188272E-02   9.2538549E-02   9.2272550E-02   9.3797567E-02
    8.8267658E-02   1.7808239E-01   1.7477832E-01   1.7422210E-01   2.0445197E-01
    2.0455395E-01   2.0470235E-01   1.8706136E-01   1.8843051E-01   1.6817365E-01
    9.5366458E-02   1.3338928E-01   1.2321656E-01   1.1855436E-01   8.5917328E-02
    2.4906131E-01   2.2059037E-01   2.3821759E-01   1.2605189E-01   1.0488775E-01
    9.6301672E-02   1.4312172E-01   1.0037651E-01   1.9054527E-01   1.5605723E-01
    1.4121743E-01   2.0961089E-01   1.8987946E-01   1.9530784E-01   2.5072933E-01
    3.5916709E-01   4.1252515E-01   4.0987553E-01   3.2474780E-01   4.5298419E-01
    4.2762182E-01   3.8101725E-01   3.2594438E-01   3.5685767E-01   1.5638982E-01
    5.7233215E-01   6.0575356E-01   4.7141716E-01   2.5282729E-01   2.4478428E-01

 4.3602820201E+02   5.3997938E+05   2.0119254E+12   1.2946749E+00   1.4394634E+02   4.7449731E-01   9.8509246E-01    42 
    9.0907320E-02   9.0857334E-02   9.1134152E-02   9.0914674E-02   9.1994817E-02
    9.2088227E-02   1.7030611E-01   1.6485754E-01   1.6439906E-01   1.8230511E-01
    1.8239663E-01   1.8252506E-01   1.7645173E-01   1.9072874E-01   1.7135675E-01
    9.3122078E-02   1.2694186E-01   1.1785332E-01   1.1391454E-01   9.2560922E-02
    2.2573104E-01   2.0043792E-01   2.1471973E-01   1.2183992E-01   1.0340941E-01
    9.6009711E-02   1.4191439E-01   1.1047152E-01   2.0677097E-01   1.5499717E-01
    1.4109280E-01   1.9649180E-01   1.7859766E-01   1.8352392E-01   2.5853156E-01
    3.5254857E-01   4.0537672E-01   3.9983205E-01   3.1813823E-01   4.4374661E-01
    4.1519646E-01   3.7730088E-01   3.2137239E-01   3.2976574E-01   1.6644450E-01
    5.5253159E-01   5.8836428E-01   4.5843069E-01   2.5715021E-01   2.5007862E-01

 4.3531348584E+02   5.8383522E+05   2.7684573E+12   1.3041367E+00   1.8430086E+02   3.4296219E-01   9.8920137E-01    43 
    1.0621147E-01   1.0617284E-01   1.0639660E-01   1.0622050E-01   1.0706019E-01
    1.1095172E-01   1.7992581E-01   1.7211179E-01   1.7175431E-01   1.8152928E-01
    1.8161908E-01   1.8173672E-01   1.8597145E-01   2.1518902E-01   1.9412646E-01
    1.0795142E-01   1.3293713E-01   1.2411851E-01   1.2054718E-01   1.1113868E-01
    2.1796961E-01   1.9403071E-01   2.0573676E-01   1.2757670E-01   1.1015409E-01
    1.0297597E-01   1.5461098E-01   1.3275063E-01   2.4075934E-01   1.6537280E-01
    1.5523276E-01   1.9429744E-01   1.7744666E-01   1.8209446E-01   2.8345617E-01
    3.5702542E-01   4.1017732E-01   4.0187367E-01   3.2277997E-01   4.4836299E-01
    4.1704776E-01   3.8504027E-01   3.2713870E-01   3.1524727E-01   1.9055944E-01
    5.5429771E-01   5.9065403E-01   4.5974264E-01   2.7106693E-01   2.6480903E-01

 4.3449648400E+02   7.8954110E+05   3.8356008E+12   1.3314991E+00   1.8906466E+02   2.4742206E-01   9.9219719E-01    44 
    1.4919287E-01   1.4915900E-01   1.4934743E-01   1.4920369E-01   1.4988872E-01
    1.5574120E-01   2.1081122E-01   2.0348890E-01   2.0321184E-01   2.0888308E-01
    2.0897605E-01   2.0908851E-01   2.2617026E-01   2.6924332E-01   2.4444141E-01
    1.5062413E-01   1.5824989E-01   1.4887686E-01   1.4550868E-01   1.4997713E-01
    2.2998048E-01   2.0542018E-01   2.1515672E-01   1.4890475E-01   1.3043979E-01
    1.2281455E-01   1.9325238E-01   1.7437251E-01   2.9738410E-01   1.9789909E-01
    1.9537168E-01   2.0660947E-01   1.9017068E-01   1.9479589E-01   3.3335414E-01
    3.7429585E-01   4.2561366E-01   4.1675290E-01   3.4139298E-01   4.6572760E-01
    4.3619421E-01   4.0358109E-01   3.4654501E-01   3.2112688E-01   2.3285184E-01
    5.8480503E-01   6.1099288E-01   4.7887497E-01   2.9748628E-01   2.9151459E-01

 4.3371971852E+02   1.2808996E+06   5.0206634E+12   1.3695215E+00   1.5192412E+02   1.8987979E-01   9.9400613E-01    45 
    2.1378509E-01   2.1375673E-01   2.1391728E-01   2.1379696E-01   2.1436223E-01
    2.1993857E-01   2.5550003E-01   2.5398032E-01   2.5375741E-01   2.5873901E-01
    2.5883418E-01   2.5894060E-01   2.8729634E-01   3.3420578E-01   3.0868559E-01
    2.1496552E-01   1.9912416E-01   1.8922370E-01   1.8644494E-01   2.0350788E-01
    2.5699344E-01   2.3078246E-01   2.3916609E-01   1.8197039E-01   1.6150024E-01
    1.5332466E-01   2.4955436E-01   2.2819497E-01   3.5821255E-01   2.4553515E-01
    2.5277644E-01   2.3085663E-01   2.1487168E-01   2.1977778E-01   3.9299249E-01
    3.9965928E-01   4.4647189E-01   4.3933049E-01   3.7125964E-01   4.8994667E-01
    4.6846486E-01   4.3031375E-01   3.7935171E-01   3.4956476E-01   2.8058495E-01
    6.2736528E-01   6.3563809E-01   5.0730660E-01   3.3150580E-01   3.2528399E-01

 4.3295255593E+02   2.4012351E+06   6.3092415E+12   1.4150406E+00   1.0105853E+02   1.5212644E-01   9.9519486E-01    46 
    2.9417556E-01   2.9415321E-01   2.9428682E-01   2.9418711E-01   2.9465191E-01
    2.9854873E-01   3.1444580E-01   3.2093539E-01   3.2074876E-01   3.2629148E-01
    3.2638559E-01   3.2648309E-01   3.6166740E-01   4.0129351E-01   3.8169049E-01
    2.9513504E-01   2.5340151E-01   2.4432619E-01   2.4343645E-01   2.7115489E-01
    2.9420283E-01   2.6653314E-01   2.7394819E-01   2.2481248E-01   2.0276722E-01
    1.9464485E-01   3.1781930E-01   2.9285399E-01   4.1737634E-01   3.0283850E-01
    3.2228630E-01   2.6601110E-01   2.5146123E-01   2.5705126E-01   4.5634796E-01
    4.3092903E-01   4.7274833E-01   4.6655808E-01   4.1221785E-01   5.2084086E-01
    5.1072429E-01   4.6945973E-01   4.2692555E-01   3.9676533E-01   3.3005459E-01
    6.6950500E-01   6.5917710E-01   5.3989279E-01   3.7226958E-01   3.6609418E-01

 4.3215971540E+02   5.1361827E+06   7.7110935E+12   1.4680727E+00   5.7058814E+01   1.2537399E-01   9.9603811E-01    47 
    3.8400276E-01   3.8398335E-01   3.8409501E-01   3.8401343E-01   3.8440271E-01
    3.8643673E-01   3.8817290E-01   4.0015356E-01   3.9998805E-01   4.0671347E-01
    4.0680496E-01   4.0689392E-01   4.4360238E-01   4.7136208E-01   4.6194569E-01
    3.8479458E-01   3.2027721E-01   3.1525146E-01   3.1866427E-01   3.5419912E-01
    3.3974155E-01   3.1212461E-01   3.1925769E-01   2.7777161E-01   2.5627879E-01
    2.5002041E-01   3.9490614E-01   3.6694328E-01   4.7451747E-01   3.6724162E-01
    4.0113881E-01   3.1423056E-01   3.0271784E-01   3.1009208E-01   5.2091882E-01
    4.6662479E-01   5.0355345E-01   4.9601309E-01   4.6427778E-01   5.5834971E-01
    5.5892991E-01   5.2321463E-01   4.8784789E-01   4.5821282E-01   3.8038904E-01
    7.0405893E-01   6.7872195E-01   5.7508318E-01   4.1888716E-01   4.1379057E-01

 4.3131297499E+02   1.2433338E+07   9.2378665E+12   1.5296886E+00   2.7630565E+01   1.0536988E-01   9.9666914E-01    48 
    4.7417525E-01   4.7415398E-01   4.7425245E-01   4.7418645E-01   4.7452998E-01
    4.7528679E-01   4.6946287E-01   4.8330973E-01   4.8315736E-01   4.9134113E-01
    4.9143588E-01   4.9152466E-01   5.2547155E-01   5.4617341E-01   5.4266605E-01
    4.7487209E-01   3.9840718E-01   4.0227140E-01   4.1246113E-01   4.4884350E-01
    3.9365540E-01   3.6923478E-01   3.7765223E-01   3.4292208E-01   3.2645915E-01
    3.2561915E-01   4.7636632E-01   4.4348429E-01   5.2906898E-01   4.3765984E-01
    4.8399720E-01   3.7852121E-01   3.7132242E-01   3.8342018E-01   5.8237949E-01
    5.0760597E-01   5.3828601E-01   5.2831650E-01   5.2650832E-01   6.0309020E-01
    6.0855723E-01   5.8814497E-01   5.5682660E-01   5.2829526E-01   4.3020301E-01
    7.2689153E-01   6.9356695E-01   6.1374696E-01   4.7111834E-01   4.6823335E-01

 4.3038625991E+02   3.3224051E+07   1.0902938E+13   1.6012532E+00   1.1612690E+01   8.9835389E-02   9.9715947E-01    49 
    5.5463515E-01   5.5460777E-01   5.5470178E-01   5.5465062E-01   5.5497770E-01
    5.5523767E-01   5.4619346E-01   5.6035999E-01   5.6021985E-01   5.6904112E-01
    5.6915271E-01   5.6925870E-01   5.9859331E-01   6.1794754E-01   6.1072269E-01
    5.5530635E-01   4.8623668E-01   5.0143560E-01   5.1708680E-01   5.4239533E-01
    4.5870097E-01   4.4176032E-01   4.5343311E-01   4.2494956E-01   4.1965167E-01
    4.2788669E-01   5.5591524E-01   5.1543165E-01   5.7858006E-01   5.1385666E-01
    5.6201473E-01   4.5882684E-01   4.5752542E-01   4.7650155E-01   6.3582362E-01
    5.5829256E-01   5.8071125E-01   5.6948004E-01   5.9557079E-01   6.5825048E-01
    6.5737004E-01   6.5567745E-01   6.2571869E-01   5.9930588E-01   4.8082871E-01
    7.3996196E-01   7.0959293E-01   6.5900543E-01   5.3148495E-01   5.3144565E-01

 4.2935325166E+02   9.1037523E+07   1.2724611E+13   1.6839390E+00   4.3601593E+00   7.7426641E-02   9.9755132E-01    50 
    6.2151775E-01   6.2148072E-01   6.2157587E-01   6.2154295E-01   6.2188262E-01
    6.2214551E-01   6.1249823E-01   6.2645907E-01   6.2633502E-01   6.3438842E-01
    6.3451773E-01   6.3464975E-01   6.6064842E-01   6.7743530E-01   6.6250264E-01
    6.2222708E-01   5.8188586E-01   6.0121774E-01   6.1422723E-01   6.2421471E-01
    5.3921522E-01   5.3141534E-01   5.4500949E-01   5.2874603E-01   5.3601619E-01
    5.4973454E-01   6.3116282E-01   5.8648555E-01   6.2210563E-01   5.9486038E-01
    6.3151408E-01   5.5554211E-01   5.6201051E-01   5.7900935E-01   6.8312353E-01
    6.2377551E-01   6.3846903E-01   6.2824492E-01   6.6487646E-01   7.2679983E-01
    7.0922330E-01   7.1746872E-01   6.8920807E-01   6.6495037E-01   5.4226446E-01
    7.5560305E-01   7.3974794E-01   7.1401940E-01   6.0514628E-01   6.0743691E-01

 4.2818765197E+02   2.2060719E+08   1.4781046E+13   1.7773655E+00   1.5615706E+00   6.7049154E-02   9.9787915E-01    51 
    6.8201954E-01   6.8197113E-01   6.8206709E-01   6.8206146E-01   6.8243405E-01
    6.8293240E-01   6.7374931E-01   6.8743741E-01   6.8733993E-01   6.9365709E-01
    6.9378846E-01   6.9393133E-01   7.1991368E-01   7.3024004E-01   7.1178989E-01
    6.8281874E-01   6.7703002E-01   6.8851064E-01   6.9300101E-01   6.9703658E-01
    6.3153918E-01   6.2820081E-01   6.3905729E-01   6.4485938E-01   6.5494670E-01
    6.6472068E-01   7.0489905E-01   6.6487980E-01   6.6693158E-01   6.7928867E-01
    7.0021316E-01   6.6530827E-01   6.7365346E-01   6.7992939E-01   7.3555414E-01
    7.0355904E-01   7.1396016E-01   7.0643470E-01   7.3434879E-01   8.0539661E-01
    7.7171870E-01   7.7703821E-01   7.5088714E-01   7.3010806E-01   6.2468734E-01
    7.9121094E-01   7.9265552E-01   7.7710875E-01   6.9303043E-01   6.9560835E-01

 4.2686922861E+02   4.1758724E+08   1.7296392E+13   1.8791734E+00   5.7577228E-01   5.7661601E-02   9.9817580E-01    52 
    7.4130646E-01   7.4124169E-01   7.4132316E-01   7.4137624E-01   7.4181591E-01
    7.4256073E-01   7.3331375E-01   7.4752808E-01   7.4749092E-01   7.5250147E-01
    7.5263076E-01   7.5277062E-01   7.8092300E-01   7.8188405E-01   7.6523646E-01
    7.4229285E-01   7.5859694E-01   7.6118404E-01   7.6084865E-01   7.6394338E-01
    7.2078712E-01   7.1805891E-01   7.2484492E-01   7.4800846E-01   7.5416756E-01
    7.5803808E-01   7.7445938E-01   7.4555731E-01   7.2209935E-01   7.6251362E-01
    7.7051054E-01   7.6445686E-01   7.6937280E-01   7.6840498E-01   7.9515006E-01
    7.8618743E-01   7.9461386E-01   7.8984739E-01   8.0550810E-01   8.7999229E-01
    8.4069886E-01   8.4036002E-01   8.1526864E-01   7.9848589E-01   7.1836970E-01
    8.4696027E-01   8.5935954E-01   8.4251430E-01   7.8209017E-01   7.8367589E-01

 4.2539345246E+02   6.3519725E+08   2.0591587E+13   1.9888790E+00   2.2475660E-01   4.8770577E-02   9.9845685E-01    53 
    7.9926565E-01   7.9917197E-01   7.9921906E-01   7.9937969E-01   7.9993153E-01
    8.0083027E-01   7.9159986E-01   8.0603295E-01   8.0610802E-01   8.1078800E-01
    8.1091764E-01   8.1105506E-01   8.4032782E-01   8.3316673E-01   8.2138674E-01
    8.0057431E-01   8.2555453E-01   8.2421076E-01   8.2300030E-01   8.2513722E-01
    7.9830546E-01   7.9610605E-01   7.9976676E-01   8.2755183E-01   8.3063585E-01
    8.3121880E-01   8.3648181E-01   8.1826218E-01   7.8442437E-01   8.3571605E-01
    8.3647484E-01   8.4022561E-01   8.4305262E-01   8.3954249E-01   8.5453645E-01
    8.5681609E-01   8.6426357E-01   8.6125835E-01   8.7162399E-01   9.3452409E-01
    9.0524540E-01   9.0234337E-01   8.7857506E-01   8.6548234E-01   8.0364192E-01
    9.0705922E-01   9.2265939E-01   9.0530016E-01   8.5713525E-01   8.5755991E-01

 4.2377119231E+02   8.5223815E+08   2.4884511E+13   2.1085054E+00   9.1486070E-02   4.0662770E-02   9.9871322E-01    54 
    8.5377576E-01   8.5362389E-01   8.5363187E-01   8.5395369E-01   8.5466337E-01
    8.5535568E-01   8.4687954E-01   8.6025828E-01   8.6049588E-01   8.6565439E-01
    8.6578360E-01   8.6592264E-01   8.9394233E-01   8.8163637E-01   8.7495583E-01
    8.5554655E-01   8.8172127E-01   8.7962105E-01   8.7867331E-01   8.7929803E-01
    8.6396982E-01   8.6296881E-01   8.6440006E-01   8.8841185E-01   8.9024290E-01
    8.8959567E-01   8.8937785E-01   8.7830602E-01   8.4682161E-01   8.9474550E-01
    8.9227889E-01   8.9799588E-01   9.0048785E-01   8.9576516E-01   9.0567990E-01
    9.1145293E-01   9.1858114E-01   9.1706916E-01   9.2626593E-01   9.6820896E-01
    9.5853611E-01   9.5615312E-01   9.3515847E-01   9.2496807E-01   8.7000041E-01
    9.5990511E-01   9.7444631E-01   9.6092540E-01   9.1490718E-01   9.1406820E-01

 4.2201670185E+02   1.0633284E+09   3.0183644E+13   2.2402161E+00   3.8063624E-02   3.3799158E-02   9.9893030E-01    55 
    9.0195604E-01   9.0168895E-01   9.0171037E-01   9.0220869E-01   9.0311780E-01
    9.0343948E-01   8.9668797E-01   9.0783866E-01   9.0823254E-01   9.1371952E-01
    9.1384301E-01   9.1398602E-01   9.3926105E-01   9.2484168E-01   9.2216460E-01
    9.0429723E-01   9.2839392E-01   9.2634657E-01   9.2563228E-01   9.2513364E-01
    9.1782146E-01   9.1795404E-01   9.1797117E-01   9.3523056E-01   9.3657030E-01
    9.3554755E-01   9.3280698E-01   9.2388547E-01   8.9997758E-01   9.3948014E-01
    9.3683752E-01   9.4256357E-01   9.4519291E-01   9.3920529E-01   9.4659941E-01
    9.5045185E-01   9.5757639E-01   9.5775127E-01   9.6765609E-01   9.8409091E-01
    9.9958081E-01   9.9668542E-01   9.8057590E-01   9.7245179E-01   9.1747000E-01
    1.0012219E+00   1.0130825E+00   1.0070494E+00   9.5657444E-01   9.5427468E-01

 4.2013527198E+02   1.2308349E+09   3.6262300E+13   2.3848379E+00   1.6050843E-02   2.8384239E-02   9.9910159E-01    56 
    9.3981455E-01   9.3934632E-01   9.3950646E-01   9.4013697E-01   9.4128162E-01
    9.4140422E-01   9.3582064E-01   9.4534035E-01   9.4580583E-01   9.5112842E-01
    9.5124535E-01   9.5140412E-01   9.7329777E-01   9.5972558E-01   9.5934094E-01
    9.4278493E-01   9.6398808E-01   9.6185834E-01   9.6118712E-01   9.6056141E-01
    9.5818480E-01   9.5888034E-01   9.5829867E-01   9.6909671E-01   9.7026740E-01
    9.6903831E-01   9.6559925E-01   9.5290518E-01   9.3611668E-01   9.7068399E-01
    9.6972771E-01   9.7525195E-01   9.7818906E-01   9.7025462E-01   9.7689109E-01
    9.7587798E-01   9.8269595E-01   9.8481743E-01   9.9537396E-01   9.9004141E-01
    1.0284954E+00   1.0209999E+00   1.0128139E+00   1.0034071E+00   9.5141057E-01
    1.0290928E+00   1.0371185E+00   1.0404082E+00   9.8426662E-01   9.8060781E-01

 4.1811330412E+02   1.2338558E+09   4.2612268E+13   2.5426539E+00   6.8373626E-03   2.4394302E-02   9.9922783E-01    57 
    9.6546743E-01   9.6468681E-01   9.6510452E-01   9.6588627E-01   9.6727414E-01
    9.6736047E-01   9.6030058E-01   9.7060327E-01   9.7116071E-01   9.7641085E-01
    9.7654431E-01   9.7678251E-01   9.9446160E-01   9.8516401E-01   9.8654199E-01
    9.6913880E-01   9.8763732E-01   9.8548356E-01   9.8475861E-01   9.8527552E-01
    9.8455415E-01   9.8549731E-01   9.8477646E-01   9.9099672E-01   9.9243068E-01
    9.9089341E-01   9.8787639E-01   9.6791408E-01   9.5632014E-01   9.9006840E-01
    9.9154008E-01   9.9735074E-01   1.0016771E+00   9.9036731E-01   9.9743941E-01
    9.9060058E-01   9.9585759E-01   9.9982053E-01   1.0116678E+00   9.9444163E-01
    1.0450707E+00   1.0277487E+00   1.0315470E+00   1.0176760E+00   9.7748239E-01
    1.0417106E+00   1.0429886E+00   1.0569869E+00   1.0002978E+00   9.9605579E-01

 4.1590576193E+02   9.2541786E+08   4.8494290E+13   2.7142773E+00   2.9336505E-03   2.1694431E-02   9.9931326E-01    58 
    9.7995781E-01   9.7793893E-01   9.7926059E-01   9.8082342E-01   9.8231779E-01
    9.8203677E-01   9.7278729E-01   9.8405531E-01   9.8549418E-01   9.9207106E-01
    9.9232757E-01   9.9285961E-01   1.0049585E+00   1.0026121E+00   1.0069175E+00
    9.8481794E-01   1.0007922E+00   9.9936357E-01   9.9858140E-01   1.0008240E+00
    9.9881951E-01   1.0000437E+00   9.9944860E-01   1.0030279E+00   1.0052982E+00
    1.0036754E+00   1.0011038E+00   9.7702481E-01   9.7030331E-01   1.0001092E+00
    1.0038027E+00   1.0112775E+00   1.0190299E+00   1.0032998E+00   1.0090479E+00
    9.9723419E-01   9.9986557E-01   1.0041185E+00   1.0184135E+00   9.9790473E-01
    1.0438096E+00   1.0218949E+00   1.0353489E+00   1.0196466E+00   9.9934422E-01
    1.0385636E+00   1.0313786E+00   1.0508095E+00   1.0067670E+00   1.0034858E+00

 4.1341796451E+02   4.6961480E+08   5.3314924E+13   2.9004051E+00   1.2709241E-03   2.0091368E-02   9.9936399E-01    59 
    9.8485127E-01   9.7810111E-01   9.8395377E-01   9.8644186E-01   9.8761654E-01
    9.8823534E-01   9.8385833E-01   9.8951759E-01   9.9181111E-01   1.0016061E+00
    1.0018971E+00   1.0027887E+00   1.0081970E+00   1.0134635E+00   1.0115414E+00
    9.9063814E-01   1.0056806E+00   1.0058233E+00   1.0050008E+00   1.0043175E+00
    1.0039218E+00   1.0051329E+00   1.0049330E+00   1.0073623E+00   1.0098747E+00
    1.0089474E+00   1.0038898E+00   9.8442674E-01   9.8194054E-01   1.0029857E+00
    1.0053194E+00   1.0190814E+00   1.0290196E+00   1.0121751E+00   1.0088671E+00
    9.9913421E-01   1.0001820E+00   1.0021300E+00   1.0130766E+00   9.9656907E-01
    1.0231460E+00   1.0165163E+00   1.0275545E+00   1.0186382E+00   1.0099400E+00
    1.0226981E+00   1.0164165E+00   1.0230073E+00   1.0069732E+00   1.0057917E+00

 4.1047894711E+02   1.8194601E+08   5.7490351E+13   3.1017617E+00   5.7049866E-04   1.9256987E-02   9.9939039E-01    60 
    9.8907267E-01   9.8038556E-01   9.8728016E-01   9.9117992E-01   9.9212939E-01
    9.9463351E-01   9.9512953E-01   9.9489852E-01   9.9709956E-01   1.0077567E+00
    1.0074297E+00   1.0081670E+00   1.0051690E+00   1.0142855E+00   1.0018271E+00
    9.9533811E-01   1.0057819E+00   1.0063597E+00   1.0061989E+00   1.0005612E+00
    1.0042037E+00   1.0049101E+00   1.0050120E+00   1.0067900E+00   1.0082155E+00
    1.0081661E+00   1.0011984E+00   9.9363629E-01   9.9376161E-01   1.0031375E+00
    1.0022066E+00   1.0162170E+00   1.0235265E+00   1.0149632E+00   1.0031950E+00
    1.0011265E+00   1.0015540E+00   1.0015559E+00   1.0052364E+00   9.9840063E-01
    1.0041853E+00   1.0089456E+00   1.0178004E+00   1.0198157E+00   1.0010325E+00
    1.0049482E+00   1.0072377E+00   1.0006926E+00   1.0058418E+00   1.0060721E+00

 4.0686264107E+02   6.7126760E+07   6.2970116E+13   3.3201764E+00   2.7450338E-04   1.8479793E-02   9.9941499E-01    61 
    9.9460768E-01   9.9461234E-01   9.9218034E-01   9.9635726E-01   9.9873146E-01
    1.0012903E+00   1.0011379E+00   1.0003331E+00   1.0016136E+00   1.0103733E+00
    1.0090178E+00   1.0077536E+00   9.9985967E-01   1.0048814E+00   9.9908312E-01
    1.0030671E+00   1.0036206E+00   1.0042945E+00   1.0050097E+00   1.0011279E+00
    1.0034170E+00   1.0037508E+00   1.0040512E+00   1.0043085E+00   1.0048513E+00
    1.0057048E+00   1.0021780E+00   1.0014187E+00   1.0019849E+00   1.0033061E+00
    1.0026129E+00   1.0072847E+00   1.0098074E+00   1.0112594E+00   1.0020565E+00
    1.0029162E+00   1.0025977E+00   1.0019406E+00   1.0029532E+00   1.0008324E+00
    9.9701504E-01   1.0024726E+00   1.0062354E+00   1.0119648E+00   9.9774806E-01
    9.9368905E-01   1.0007664E+00   9.9610367E-01   1.0043382E+00   1.0049437E+00

 4.0240635997E+02   2.7372625E+07   7.1857737E+13   3.5579894E+00   1.4416215E-04   1.6980334E-02   9.9946244E-01    62 
    9.9781667E-01   1.0050214E+00   9.9841954E-01   9.9878441E-01   1.0024732E+00
    1.0042365E+00   1.0002563E+00   9.9991281E-01   1.0004425E+00   1.0090968E+00
    1.0073234E+00   1.0052745E+00   9.9637431E-01   1.0001026E+00   1.0002187E+00
    1.0070937E+00   1.0015528E+00   1.0020900E+00   1.0029787E+00   1.0027001E+00
    1.0024537E+00   1.0026135E+00   1.0028613E+00   1.0022150E+00   1.0024611E+00
    1.0033369E+00   1.0037189E+00   1.0040935E+00   1.0043455E+00   1.0028538E+00
    1.0033076E+00   1.0023437E+00   1.0030042E+00   1.0068216E+00   1.0019756E+00
    1.0016763E+00   1.0012827E+00   1.0005240E+00   1.0002303E+00   9.9969564E-01
    9.9511707E-01   9.9693747E-01   9.9783850E-01   1.0016081E+00   1.0013585E+00
    9.9064069E-01   9.9525269E-01   9.9435885E-01   1.0020619E+00   1.0025709E+00

 3.9716469329E+02   1.3237931E+07   8.7057436E+13   3.8178108E+00   8.4042454E-05   1.4551172E-02   9.9953932E-01    63 
    1.0001398E+00   1.0052551E+00   1.0029407E+00   1.0012614E+00   1.0030940E+00
    1.0039405E+00   1.0005128E+00   1.0006246E+00   1.0005413E+00   1.0038895E+00
    1.0037918E+00   1.0032703E+00   9.9895605E-01   9.9982311E-01   1.0014457E+00
    1.0057632E+00   1.0014527E+00   1.0015282E+00   1.0016467E+00   1.0029029E+00
    1.0016046E+00   1.0016260E+00   1.0016619E+00   1.0015157E+00   1.0014892E+00
    1.0016423E+00   1.0034288E+00   1.0033350E+00   1.0034754E+00   1.0024900E+00
    1.0028197E+00   1.0007907E+00   1.0004473E+00   1.0017858E+00   1.0017882E+00
    1.0010752E+00   1.0008966E+00   1.0004535E+00   9.9909206E-01   9.9964302E-01
    9.9764731E-01   9.9735500E-01   9.9689494E-01   9.9737951E-01   1.0026812E+00
    9.9544741E-01   9.9664356E-01   9.9696974E-01   1.0011371E+00   1.0013310E+00

 3.9139468180E+02   7.4728837E+06   1.1143228E+14   4.1039910E+00   5.3834820E-05   1.1753962E-02   9.9962786E-01    64 
    1.0017035E+00   1.0027661E+00   1.0034666E+00   1.0023598E+00   1.0020555E+00
    1.0023032E+00   1.0010069E+00   1.0015358E+00   1.0011954E+00   1.0008888E+00
    1.0014213E+00   1.0017123E+00   1.0011736E+00   1.0001855E+00   1.0011962E+00
    1.0021533E+00   1.0013244E+00   1.0012133E+00   1.0010464E+00   1.0018394E+00
    1.0009304E+00   1.0009121E+00   1.0008814E+00   1.0010285E+00   1.0009389E+00
    1.0008350E+00   1.0020050E+00   1.0012179E+00   1.0017100E+00   1.0018540E+00
    1.0015947E+00   1.0002128E+00   9.9971653E-01   9.9976593E-01   1.0010276E+00
    1.0009122E+00   1.0008072E+00   1.0006074E+00   9.9944624E-01   1.0000400E+00
    9.9974998E-01   9.9906978E-01   9.9852451E-01   9.9819157E-01   1.0015844E+00
    9.9928294E-01   9.9931865E-01   9.9973289E-01   1.0007586E+00   1.0007997E+00

 3.8536765906E+02   4.8289707E+06   1.4935202E+14   4.4196071E+00   3.7586120E-05   9.0597355E-03   9.9971315E-01    65 
    1.0020034E+00   1.0013541E+00   1.0020266E+00   1.0018789E+00   1.0010678E+00
    1.0010314E+00   1.0012743E+00   1.0012143E+00   1.0011990E+00   1.0001846E+00
    1.0004685E+00   1.0008868E+00   1.0012244E+00   1.0001787E+00   1.0006362E+00
    1.0000268E+00   1.0008458E+00   1.0007297E+00   1.0006200E+00   1.0008705E+00
    1.0004841E+00   1.0004640E+00   1.0004445E+00   1.0005704E+00   1.0004943E+00
    1.0004289E+00   1.0008965E+00   1.0001192E+00   1.0004804E+00   1.0010200E+00
    1.0007163E+00   1.0000905E+00   9.9972120E-01   9.9964512E-01   1.0004829E+00
    1.0005860E+00   1.0005473E+00   1.0004010E+00   9.9982194E-01   1.0002146E+00
    1.0002572E+00   9.9998080E-01   9.9940215E-01   9.9930312E-01   1.0005005E+00
    1.0002722E+00   1.0002824E+00   1.0005380E+00   1.0004316E+00   1.0004508E+00

 3.7930555900E+02   3.5114076E+06   2.0739397E+14   4.7663092E+00   2.8408823E-05   6.7387420E-03   9.9978663E-01    66 
    1.0012200E+00   1.0005824E+00   1.0009827E+00   1.0010120E+00   1.0005273E+00
    1.0004298E+00   1.0007909E+00   1.0006460E+00   1.0007207E+00   1.0000498E+00
    1.0001436E+00   1.0003915E+00   1.0006925E+00   1.0001390E+00   1.0002896E+00
    9.9983503E-01   1.0004037E+00   1.0003428E+00   1.0002967E+00   1.0003697E+00
    1.0002343E+00   1.0002220E+00   1.0002135E+00   1.0002556E+00   1.0002138E+00
    1.0001893E+00   1.0003762E+00   1.0001016E+00   1.0001130E+00   1.0004344E+00
    1.0002933E+00   1.0000371E+00   9.9985007E-01   9.9981742E-01   1.0002051E+00
    1.0002620E+00   1.0002593E+00   1.0001874E+00   9.9995539E-01   1.0001411E+00
    1.0002225E+00   1.0000824E+00   9.9973111E-01   9.9975764E-01   1.0001677E+00
    1.0002426E+00   1.0002683E+00   1.0003897E+00   1.0001991E+00   1.0002053E+00

 3.7334220166E+02   2.7717342E+06   2.9342257E+14   5.1480796E+00   2.2829078E-05   4.9180315E-03   9.9984428E-01    67 
    1.0006257E+00   1.0002571E+00   1.0004724E+00   1.0004974E+00   1.0002625E+00
    1.0001926E+00   1.0003910E+00   1.0003086E+00   1.0003812E+00   1.0000307E+00
    1.0000522E+00   1.0001641E+00   1.0003398E+00   1.0000822E+00   1.0001274E+00
    9.9991013E-01   1.0001787E+00   1.0001558E+00   1.0001392E+00   1.0001620E+00
    1.0001155E+00   1.0001092E+00   1.0001061E+00   1.0001124E+00   1.0000930E+00
    1.0000869E+00   1.0001673E+00   1.0000923E+00   1.0000329E+00   1.0001826E+00
    1.0001267E+00   1.0000118E+00   9.9993294E-01   9.9992748E-01   1.0000932E+00
    1.0001161E+00   1.0001166E+00   1.0000891E+00   1.0000020E+00   1.0000671E+00
    1.0001253E+00   1.0000240E+00   9.9987034E-01   9.9991477E-01   1.0000745E+00
    1.0001133E+00   1.0001369E+00   1.0001846E+00   1.0000940E+00   1.0000952E+00

 3.7049903168E+02   2.5084595E+06   3.4746667E+14   5.3481928E+00   2.0825431E-05   4.2175252E-03   9.9986645E-01    68 
    1.0004271E+00   1.0001730E+00   1.0003183E+00   1.0003383E+00   1.0001823E+00
    1.0001292E+00   1.0002606E+00   1.0002079E+00   1.0002694E+00   1.0000281E+00
    1.0000328E+00   1.0000986E+00   1.0002220E+00   1.0000641E+00   1.0000845E+00
    9.9994665E-01   1.0001137E+00   1.0001019E+00   1.0000931E+00   1.0001054E+00
    1.0000822E+00   1.0000782E+00   1.0000766E+00   1.0000727E+00   1.0000611E+00
    1.0000597E+00   1.0001085E+00   1.0000890E+00   1.0000191E+00   1.0001144E+00
    1.0000807E+00   1.0000069E+00   9.9996168E-01   9.9996277E-01   1.0000608E+00
    1.0000769E+00   1.0000761E+00   1.0000610E+00   1.0000139E+00   1.0000487E+00
    1.0000947E+00   1.0000031E+00   9.9991894E-01   9.9995935E-01   1.0000509E+00
    1.0000656E+00   1.0000855E+00   1.0001115E+00   1.0000638E+00   1.0000639E+00

 3.6909724930E+02   2.3932613E+06   3.7774902E+14   5.4513965E+00   1.9955425E-05   3.9091141E-03   9.9987622E-01    69 
    1.0004277E+00   1.0001772E+00   1.0003186E+00   1.0003388E+00   1.0001848E+00
    1.0001298E+00   1.0002626E+00   1.0002090E+00   1.0002707E+00   1.0000333E+00
    1.0000342E+00   1.0000937E+00   1.0002174E+00   1.0000657E+00   1.0000843E+00
    9.9995118E-01   1.0001105E+00   1.0001003E+00   1.0000931E+00   1.0001034E+00
    1.0000843E+00   1.0000805E+00   1.0000791E+00   1.0000717E+00   1.0000612E+00
    1.0000607E+00   1.0001063E+00   1.0000971E+00   1.0000252E+00   1.0001106E+00
    1.0000788E+00   1.0000063E+00   9.9996591E-01   9.9996868E-01   1.0000603E+00
    1.0000762E+00   1.0000753E+00   1.0000622E+00   1.0000186E+00   1.0000517E+00
    1.0000975E+00   1.0000014E+00   9.9992357E-01   9.9996460E-01   1.0000505E+00
    1.0000620E+00   1.0000833E+00   1.0001070E+00   1.0000646E+00   1.0000644E+00

 3.6863266792E+02   2.3554551E+06   3.8829812E+14   5.4860690E+00   1.9683991E-05   3.8125563E-03   9.9987928E-01    70 
    1.0004709E+00   1.0002316E+00   1.0003804E+00   1.0003087E+00   1.0001611E+00
    1.0001145E+00   1.0001317E+00   1.0001508E+00   1.0001913E+00   9.9993694E-01
    1.0000030E+00   1.0001130E+00   1.0002850E+00   9.9998167E-01   1.0000443E+00
    9.9986560E-01   1.0001018E+00   1.0000780E+00   1.0000566E+00   1.0000817E+00
    1.0000753E+00   1.0000669E+00   1.0000584E+00   1.0000448E+00   1.0000218E+00
    1.0000015E+00   1.0000911E+00   9.9986956E-01   9.9985579E-01   1.0000788E+00
    1.0000542E+00   9.9996266E-01   9.9988731E-01   9.9984993E-01   1.0000407E+00
    1.0000298E+00   1.0000359E+00   1.0000251E+00   9.9990629E-01   9.9995312E-01
    9.9997008E-01   9.9993000E-01   9.9980067E-01   9.9981459E-01   1.0000873E+00
    1.0000391E+00   1.0000626E+00   1.0001464E+00   1.0000250E+00   1.0000235E+00
