!
! Note: The effective temperature and surface gravity are defined
! at the reference radius, which (except when using the old
! velocity) is the location where Tau=2/3.
!
! Effective temperature (10^4 K) is:    2.700000E+00
!      Log surface gravity (cgs) is:    2.970000E+00
!         Core radius (10^10 cm) is:    2.403026E+02
!    Reference radius (10^10 cm) is:    2.506533E+02
!              Luminosity (Lsun) is:    6.218600E+05
!            Mass (Msun) of star is:    4.417917E+01
!       Mass loss rate (Msun/yr) is:    9.500000E-07
!         Mean atomic mass (amu) is:    1.610850E+00
!            Eddington parameter is:    2.677721E-01
!                   Atom density is:    1.000000E+08
! Ratio of inner to outer radius is:  131.42727735
!
      60          !Number of depth points
!
!    R(10^10cm)       V(km/s)         Sigma           Tau     Index
 31582.31280000  1.872898E+03 -9.856244E-01  2.087936E-05         1
 30500.96078127  1.871941E+03 -9.850371E-01  2.161980E-05         2
 28449.73360835  1.869929E+03 -9.838320E-01  2.318039E-05         3
 23099.52150085  1.863100E+03 -9.792130E-01  2.857115E-05         4
 16910.79539995  1.849859E+03 -9.704046E-01  3.909653E-05         5
 12392.34534454  1.831609E+03 -9.592179E-01  5.349938E-05         6
  9105.46445245  1.807042E+03 -9.440383E-01  7.320813E-05         7
  6715.50314175  1.774188E+03 -9.233800E-01  1.001774E-04         8
  4979.27380953  1.730849E+03 -8.959445E-01  1.370820E-04         9
  3713.85284913  1.674740E+03 -8.608181E-01  1.875819E-04        10
  2787.60945713  1.604116E+03 -8.125545E-01  2.566856E-04        11
  2105.92963468  1.514725E+03 -7.438538E-01  3.512465E-04        12
  1604.36395014  1.402720E+03 -6.440466E-01  4.806429E-04        13
  1236.14788418  1.264363E+03 -5.119482E-01  6.577080E-04        14
   968.02833254  1.106420E+03 -3.526338E-01  9.000024E-04        15
   772.19659705  9.399462E+02 -1.199259E-01  1.231556E-03        16
   628.34889450  7.624783E+02  2.099514E-01  1.685252E-03        17
   523.30025730  5.902522E+02  6.543972E-01  2.306085E-03        18
   446.48507861  4.341835E+02  1.259316E+00  3.155628E-03        19
   390.53021817  3.045083E+02  2.092221E+00  4.318137E-03        20
   349.75384802  2.034110E+02  3.236268E+00  5.908904E-03        21
   320.06531981  1.306027E+02  4.744506E+00  8.085697E-03        22
   298.37471975  8.147613E+01  6.599869E+00  1.106440E-02        23
   282.36888227  5.049915E+01  8.199797E+00  1.514044E-02        24
   269.98116171  3.289850E+01  8.428805E+00  2.071806E-02        25
   259.41789906  2.321075E+01  1.436302E+01  2.850107E-02        26
   253.99676641  1.448634E+01  5.543459E+01  3.426838E-02        27
   253.71733953  8.697594E+00  6.202213E+02  3.481207E-02        28
   253.56513394  5.408211E+00  8.012750E+02  3.533113E-02        29
   253.38333302  3.274503E+00  7.160969E+02  3.634073E-02        30
   253.18695664  1.978464E+00  6.653706E+02  3.819840E-02        31
   252.97696894  1.197715E+00  6.219921E+02  4.158552E-02        32
   252.75714049  7.261828E-01  5.856927E+02  4.770250E-02        33
   252.51111693  4.379793E-01  5.139038E+02  5.978030E-02        34
   252.25459473  2.833293E-01  4.098957E+02  8.153690E-02        35
   252.02707687  2.068520E-01  3.329763E+02  1.115745E-01        36
   251.80687574  1.597111E-01  2.850825E+02  1.526776E-01        37
   251.58318977  1.265376E-01  2.546279E+02  2.089228E-01        38
   251.35078619  1.014215E-01  2.326692E+02  2.858883E-01        39
   251.10711892  8.196841E-02  2.112655E+02  3.912073E-01        40
   250.85028599  6.702731E-02  1.859692E+02  5.353249E-01        41
   250.57736655  5.577553E-02  1.555572E+02  7.325344E-01        42
   250.28279130  4.753867E-02  1.219939E+02  1.002394E+00        43
   249.95673057  4.158175E-02  9.296394E+01  1.371668E+00        44
   249.58558179  3.689460E-02  7.691537E+01  1.876980E+00        45
   249.15489115  3.248931E-02  7.446350E+01  2.568444E+00        46
   248.65326794  2.777995E-02  7.913590E+01  3.514639E+00        47
   248.07797892  2.291666E-02  8.397869E+01  4.809404E+00        48
   247.43346856  1.829304E-02  8.760450E+01  6.581150E+00        49
   246.72730109  1.414939E-02  9.139144E+01  9.005594E+00        50
   245.97182642  1.060664E-02  9.518694E+01  1.232318E+01        51
   245.18489380  7.786720E-03  9.662988E+01  1.686295E+01        52
   244.38062341  5.689911E-03  9.501476E+01  2.307512E+01        53
   243.56226565  4.169878E-03  9.201479E+01  3.157581E+01        54
   242.72659766  3.065231E-03  8.901405E+01  4.320809E+01        55
   241.86953439  2.253729E-03  8.623066E+01  5.912561E+01        56
   240.97691141  1.652796E-03  8.168066E+01  8.132151E+01        57
   240.57351243  1.443384E-03  7.855365E+01  9.370720E+01        58
   240.37046404  1.350742E-03  7.742407E+01  1.005905E+02        59
   240.30257216  1.321176E-03  7.726414E+01  1.029954E+02        60
   240.30257216  1.321176E-03  7.726414E+01  1.029954E+02        60
