 
 Summary of changes at each depth 
 NT=  1205
 
   Depth  100.0%   10.0%    1.0%    0.1%   0.01%  0.001% 0.0001%
       1       0       0       0       0     150     769    1114
       2       0       0       0       0     150     770    1113
       3       0       0       0       0     153     770    1113
       4       0       0       0       0     155     771    1112
       5       0       0       0       0     157     776    1112
       6       0       0       0       0     160     793    1118
       7       0       0       0       0     165     808    1126
       8       0       0       0       0     181     833    1143
       9       0       0       0       0     195     842    1147
      10       0       0       0       0     203     897    1149
      11       0       0       0       0     204     900    1150
      12       0       0       0       0     212     895    1157
      13       0       0       0       0     204     904    1152
      14       0       0       0       0     213     916    1153
      15       0       0       0       0     225     923    1157
      16       0       0       0       0     221     949    1159
      17       0       0       0       0     242     967    1166
      18       0       0       0       0     258     980    1171
      19       0       0       0       0     276     986    1176
      20       0       0       0       0     272     999    1183
      21       0       0       0       0     215    1007    1183
      22       0       0       0       0     192    1010    1156
      23       0       0       0       0     193     977    1160
      24       0       0       0       0     201     975    1164
      25       0       0       0       0     216     971    1164
      26       0       0       0       0     266     974    1168
      27       0       0       0       0     337     972    1170
      28       0       0       0       0     383     947    1170
      29       0       0       0       0     485     919    1182
      30       0       0       0       0     529     914    1192
      31       0       0       0       0     544     959    1192
      32       0       0       0       0     491     987    1192
      33       0       0       0       0     393    1001    1198
      34       0       0       0       0     391    1006    1191
      35       0       0       0       0     423    1023    1184
      36       0       0       0       0     507    1064    1187
      37       0       0       0       0     555    1072    1178
      38       0       0       0       0     599    1086    1187
      39       0       0       0       0     632    1108    1194
      40       0       0       0       0     629    1125    1199
      41       0       0       0       0     659    1160    1199
      42       0       0       0       0     696    1164    1196
      43       0       0       0       0     759    1158    1199
      44       0       0       0       0     829    1155    1199
      45       0       0       0       0     840    1157    1195
      46       0       0       0       0     842    1159    1199
      47       0       0       0       0     842    1147    1197
      48       0       0       0       0     839    1139    1201
      49       0       0       0       0     830    1137    1201
      50       0       0       0       0     819    1114    1196
      51       0       0       0       0     798    1103    1196
      52       0       0       0       0     766    1111    1201
      53       0       0       0       0     691    1107    1202
      54       0       0       0       0     538    1109    1200
      55       0       0       0       0     507    1121    1199
      56       0       0       0       0     462    1140    1203
      57       0       0       0       0     428    1011    1189
      58       0       0       0       0     246     985    1172
      59       0       0       0       0     126    1009    1198
      60       0       0       0       0      78    1013    1180
      61       0       0       0       0       0     915    1195
      62       0       0       0       0       0     671    1145
      63       0       0       0       0       0       1     902
      64       0       0       0       0       0       0     600
      65       0       0       0       0       0       0       0
      66       0       0       0       0       0       0     254
      67       0       0       0       0       0       0     480
      68       0       0       0       0       0       0     501
      69       0       0       0       0       0       0     486
      70       0       0       0       0       0       0     486
