
 24-FEB-2004                           !Format date

 1.6159822254E+02     1.5683E+05       49       70

 3.1426241360E+04   7.6367624E-02   2.7368914E+05   8.7574374E-01   4.3741832E+00   1.9258661E+03   5.0000000E-02     1 
    1.4587523E-40   4.9639794E-42   4.9639794E-42   1.3984898E-25   4.5581465E-24
    4.5581465E-24   5.2654056E-24   5.2654056E-24   3.7356857E-15   1.6185474E-14
    1.6185474E-14   1.2449213E-14   1.2449213E-14   2.6747358E-14   2.6747358E-14
    2.3060395E-10   4.0161572E-10   4.0161572E-10   3.1625899E-10   3.1625899E-10
    7.0601803E-10   7.8000053E-08   1.0028195E-07   7.1308490E-08   1.8541885E-07
    2.6291912E-06   4.4020319E-07   1.8701708E-06   5.4350664E-06   2.4954761E-05
    2.8810938E-05   1.5630184E-05   4.9064721E-05   1.1731971E-04   1.0869917E-04
    6.7202644E-05   2.2197591E-04   3.5509507E-04   3.1704182E-04   1.9116260E-04
    6.4610945E-04   8.0904215E-04   6.7435254E-04   4.1399820E-04   1.3946919E-03
    1.5212705E-03   1.2436886E-03   7.5132442E-04   2.3353186E-03

 3.1106128535E+04   7.8003689E-02   2.7938662E+05   8.7670465E-01   4.3725092E+00   1.9256377E+03   5.0000000E-02     2 
    1.6494109E-40   5.6464437E-42   5.6464437E-42   1.4866398E-25   4.8278403E-24
    4.8278403E-24   5.5683326E-24   5.5683326E-24   3.8651648E-15   1.6719672E-14
    1.6719672E-14   1.2852749E-14   1.2852749E-14   2.7612700E-14   2.7612700E-14
    2.3571238E-10   4.1018638E-10   4.1018638E-10   3.2290200E-10   3.2290200E-10
    7.2081460E-10   7.9211909E-08   1.0179284E-07   7.2368433E-08   1.8816224E-07
    2.6597259E-06   4.4519328E-07   1.8911020E-06   5.4953781E-06   2.5181713E-05
    2.9067364E-05   1.5767689E-05   4.9491474E-05   1.1818566E-04   1.0948682E-04
    6.7684496E-05   2.2354119E-04   3.5728735E-04   3.1896333E-04   1.9231187E-04
    6.4990600E-04   8.1330077E-04   6.7785089E-04   4.1613212E-04   1.4016553E-03
    1.5282470E-03   1.2493192E-03   7.5469715E-04   2.3454208E-03

 3.0475298043E+04   8.1384744E-02   2.9114674E+05   8.7865911E-01   4.3691846E+00   1.9251729E+03   5.0000000E-02     3 
    2.1169845E-40   7.3317131E-42   7.3317131E-42   1.6827594E-25   5.4242848E-24
    5.4242848E-24   6.2369786E-24   6.2369786E-24   4.1415965E-15   1.7857362E-14
    1.7857362E-14   1.3711428E-14   1.3711428E-14   2.9453873E-14   2.9453873E-14
    2.4641906E-10   4.2812817E-10   4.2812817E-10   3.3680114E-10   3.3680114E-10
    7.5177072E-10   8.1726982E-08   1.0492634E-07   7.4566006E-08   1.9384944E-07
    2.7227285E-06   4.5548670E-07   1.9342621E-06   5.6197204E-06   2.5648239E-05
    2.9594332E-05   1.6050218E-05   5.0368160E-05   1.1996123E-04   1.1110154E-04
    6.8672179E-05   2.2674895E-04   3.6177411E-04   3.2289573E-04   1.9466355E-04
    6.5767290E-04   8.2200581E-04   6.8500097E-04   4.2049279E-04   1.4158823E-03
    1.5424942E-03   1.2608173E-03   7.6158332E-04   2.3660410E-03

 2.9253528295E+04   8.8594268E-02   3.1613912E+05   8.8271848E-01   4.3622571E+00   1.9242171E+03   5.0000000E-02     4 
    3.5520478E-40   1.2566535E-41   1.2566535E-41   2.1729083E-25   6.8971834E-24
    6.8971834E-24   7.8808302E-24   7.8808302E-24   4.7759423E-15   2.0455121E-14
    2.0455121E-14   1.5668454E-14   1.5668454E-14   3.3649295E-14   3.3649295E-14
    2.7007035E-10   4.6766476E-10   4.6766476E-10   3.6739654E-10   3.6739654E-10
    8.1990037E-10   8.7171611E-08   1.1169998E-07   7.9313419E-08   2.0613257E-07
    2.8574905E-06   4.7748824E-07   2.0264594E-06   5.8852490E-06   2.6638495E-05
    3.0712235E-05   1.6649359E-05   5.2226610E-05   1.2371054E-04   1.1450986E-04
    7.0756410E-05   2.3351491E-04   3.7121219E-04   3.3116665E-04   1.9960856E-04
    6.7399722E-04   8.4027125E-04   7.0000020E-04   4.2963701E-04   1.4457043E-03
    1.5723299E-03   1.2848927E-03   7.7599789E-04   2.4091798E-03

 2.6957853840E+04   1.0499802E-01   3.7267780E+05   8.9135544E-01   4.3481855E+00   1.9222032E+03   5.0000000E-02     5 
    1.0605447E-39   3.8917975E-41   3.8917975E-41   3.7146233E-25   1.1412936E-23
    1.1412936E-23   1.2873083E-23   1.2873083E-23   6.4401638E-15   2.7199094E-14
    2.7199094E-14   2.0729025E-14   2.0729025E-14   4.4493537E-14   4.4493537E-14
    3.2733094E-10   5.6288284E-10   5.6288284E-10   4.4092105E-10   4.4092105E-10
    9.8356184E-10   9.9804701E-08   1.2736934E-07   9.0280763E-08   2.3449449E-07
    3.1624084E-06   5.2718621E-07   2.2344935E-06   6.4839682E-06   2.8843317E-05
    3.3198211E-05   1.7980755E-05   5.6353202E-05   1.3196815E-04   1.2200997E-04
    7.5340491E-05   2.4838155E-04   3.9183413E-04   3.4923267E-04   2.1040465E-04
    7.0960116E-04   8.7996991E-04   7.3258318E-04   4.4948740E-04   1.5103835E-03
    1.6369116E-03   1.3369870E-03   8.0717188E-04   2.5023620E-03

 2.2892812128E+04   1.4774955E-01   5.1804584E+05   9.1090663E-01   4.3163405E+00   1.9176827E+03   5.0000000E-02     6 
    1.2062139E-38   4.6477797E-40   4.6477797E-40   1.2046305E-24   3.4462156E-23
    3.4462156E-23   3.7781920E-23   3.7781920E-23   1.2412388E-14   5.0821413E-14
    5.0821413E-14   3.8312487E-14   3.8312487E-14   8.2137989E-14   8.2137989E-14
    4.9925249E-10   8.4549085E-10   8.4549085E-10   6.5808266E-10   6.5808266E-10
    1.4665366E-09   1.3434663E-07   1.6992736E-07   1.1998186E-07   3.1121607E-07
    3.9514244E-06   6.5515990E-07   2.7695619E-06   8.0214859E-06   3.4351541E-05
    3.9391482E-05   2.1292760E-05   6.6600811E-05   1.5211464E-04   1.4027305E-04
    8.6491117E-05   2.8446522E-04   4.4128675E-04   3.9251553E-04   2.3624749E-04
    7.9463107E-04   9.7407361E-04   8.0972180E-04   4.9642621E-04   1.6629883E-03
    1.7886415E-03   1.4592428E-03   8.8027990E-04   2.7202893E-03

 1.6686323742E+04   2.8608455E-01   9.8096292E+05   9.5578708E-01   4.2580228E+00   1.9065275E+03   5.0000000E-02     7 
    2.3593547E-36   9.4306505E-38   9.4306505E-38   1.4975475E-23   3.6790122E-22
    3.6790122E-22   3.7923639E-22   3.7923639E-22   5.0652303E-14   1.9411632E-13
    1.9411632E-13   1.4289478E-13   1.4289478E-13   3.0555798E-13   3.0555798E-13
    1.2345273E-09   2.0233025E-09   2.0233025E-09   1.5532097E-09   1.5532097E-09
    3.4533806E-09   2.5424499E-07   3.1547560E-07   2.2090040E-07   5.7121165E-07
    6.3759436E-06   1.0445872E-06   4.3918089E-06   1.2666368E-05   5.0018666E-05
    5.6898730E-05   3.0624753E-05   9.5359503E-05   2.0652167E-04   1.8937203E-04
    1.1640840E-04   3.8078391E-04   5.6995290E-04   5.0484890E-04   3.0319697E-04
    1.0137069E-03   1.2127560E-03   1.0047777E-03   6.1488900E-04   2.0459665E-03
    2.1659712E-03   1.7627076E-03   1.0614330E-03   3.2568453E-03

 1.2174677597E+04   5.5325230E-01   1.8581029E+06   1.0059869E+00   4.2072373E+00   1.8911158E+03   5.0000000E-02     8 
    5.0039403E-34   2.0531078E-35   2.0531078E-35   1.9275536E-22   4.0645617E-21
    4.0645617E-21   3.9288194E-21   3.9288194E-21   2.1098684E-13   7.5607336E-13
    7.5607336E-13   5.4315060E-13   5.4315060E-13   1.1582965E-12   1.1582965E-12
    3.0958941E-09   4.9091941E-09   4.9091941E-09   3.7144553E-09   3.7144553E-09
    8.2377151E-09   4.8628582E-07   5.9178500E-07   4.1083820E-07   1.0586767E-06
    1.0376692E-05   1.6793940E-06   7.0211325E-06   2.0157122E-05   7.3361124E-05
    8.2780076E-05   4.4353821E-05   1.3742524E-04   2.8219063E-04   2.5726930E-04
    1.5765554E-04   5.1257489E-04   7.4025421E-04   6.5309086E-04   3.9124742E-04
    1.2995664E-03   1.5180735E-03   1.2533384E-03   7.6540199E-04   2.5284503E-03
    2.6354217E-03   2.1400333E-03   1.2859688E-03   3.9152259E-03

 8.9018278712E+03   1.0646358E+00   3.5150087E+06   1.0571275E+00   4.1672741E+00   1.8702427E+03   5.0000000E-02     9 
    6.6547023E-32   2.9357606E-33   2.9357606E-33   2.0330158E-21   3.7300741E-20
    3.7300741E-20   3.3913489E-20   3.3913489E-20   7.8719827E-13   2.6514320E-12
    2.6514320E-12   1.8618993E-12   1.8618993E-12   3.9603368E-12   3.9603368E-12
    7.2379177E-09   1.1135567E-08   1.1135567E-08   8.3099523E-09   8.3099523E-09
    1.8383091E-08   8.8583803E-07   1.0588516E-06   7.2928147E-07   1.8724932E-06
    1.6290358E-05   2.6067356E-06   1.0840287E-05   3.0981825E-05   1.0464580E-04
    1.1721785E-04   6.2531976E-05   1.9277804E-04   3.7716469E-04   3.4200401E-04
    2.0897052E-04   6.7523553E-04   9.4404262E-04   8.3000385E-04   4.9589436E-04
    1.6365870E-03   1.8716038E-03   1.5402312E-03   9.3854638E-04   3.0786893E-03
    3.1641044E-03   2.5649174E-03   1.5382958E-03   4.6458209E-03

 6.5241872778E+03   2.0322429E+00   6.6449617E+06   1.1048939E+00   4.1430777E+00   1.8420616E+03   5.0000000E-02    10 
    3.8943869E-30   2.0047228E-31   2.0047228E-31   1.5105806E-20   2.4661958E-19
    2.4661958E-19   2.1242812E-19   2.1242812E-19   2.4169629E-12   7.7220740E-12
    7.7220740E-12   5.3177372E-12   5.3177372E-12   1.1285115E-11   1.1285115E-11
    1.4933054E-08   2.2393812E-08   2.2393812E-08   1.6510773E-08   1.6510773E-08
    3.6442195E-08   1.4781963E-06   1.7401048E-06   1.1904332E-06   3.0460923E-06
    2.3954473E-05   3.7955194E-06   1.5712929E-05   4.4727155E-05   1.4183938E-04
    1.5792308E-04   8.3919061E-05   2.5749546E-04   4.8380279E-04   4.3665186E-04
    2.6606921E-04   8.5499772E-04   1.1633412E-03   1.0197768E-03   6.0778279E-04
    1.9939832E-03   2.2406271E-03   1.8392195E-03   1.1184845E-03   3.6460387E-03
    3.7031815E-03   2.9976040E-03   1.7951331E-03   5.3799170E-03

 4.7987403994E+03   3.8347194E+00   1.2540467E+07   1.1470076E+00   4.1366247E+00   1.8043988E+03   5.0000000E-02    11 
    9.5008743E-29   6.2189321E-30   6.2189321E-30   7.7198935E-20   1.1474335E-18
    1.1474335E-18   9.4472188E-19   9.4472188E-19   6.0229143E-12   1.8434175E-11
    1.8434175E-11   1.2493746E-11   1.2493746E-11   2.6461263E-11   2.6461263E-11
    2.6939184E-08   3.9568361E-08   3.9568361E-08   2.8883347E-08   2.8883347E-08
    6.3629759E-08   2.2443113E-06   2.6093146E-06   1.7751549E-06   4.5292071E-06
    3.2819683E-05   5.1574456E-06   2.1274996E-05   6.0357330E-05   1.8189930E-04
    2.0157407E-04   1.0675901E-04   3.2622446E-04   5.9331350E-04   5.3347641E-04
    3.2420057E-04   1.0372236E-03   1.3809029E-03   1.2071612E-03   7.1815412E-04
    2.3436408E-03   2.5968041E-03   2.1273119E-03   1.2919414E-03   4.1882959E-03
    4.2146232E-03   3.4072984E-03   2.0379912E-03   6.0675477E-03

 3.5477218587E+03   7.1300282E+00   2.3593390E+07   1.1822330E+00   4.1489224E+00   1.7548776E+03   5.0000000E-02    12 
    1.0136145E-27   9.1318755E-29   9.1318755E-29   2.7669042E-19   3.8218860E-18
    3.8218860E-18   3.0367541E-18   3.0367541E-18   1.2309313E-11   3.6433869E-11
    3.6433869E-11   2.4388646E-11   2.4388646E-11   5.1565699E-11   5.1565699E-11
    4.2769354E-08   6.1809349E-08   6.1809349E-08   4.4766030E-08   4.4766030E-08
    9.8475377E-08   3.1138301E-06   3.5852326E-06   2.4281577E-06   6.1821476E-06
    4.2028452E-05   6.5605354E-06   2.6989954E-05   7.6377981E-05   2.2124635E-04
    2.4423383E-04   1.2900668E-04   3.9294701E-04   6.9659395E-04   6.2457315E-04
    3.7868959E-04   1.2076111E-03   1.5810076E-03   1.3786820E-03   8.1917398E-04
    2.6614697E-03   2.9170386E-03   2.3854158E-03   1.4479783E-03   4.6708641E-03
    4.6688870E-03   3.7706623E-03   2.2527532E-03   6.6726633E-03

 2.6396950472E+03   1.3042687E+01   4.4217103E+07   1.2109638E+00   4.1803753E+00   1.6914505E+03   5.0000000E-02    13 
    5.5218608E-27   7.2839687E-28   7.2839687E-28   7.4265462E-19   9.6845078E-18
    9.6845078E-18   7.4917375E-18   7.4917375E-18   2.1396222E-11   6.1722107E-11
    6.1722107E-11   4.0928622E-11   4.0928622E-11   8.6404918E-11   8.6404918E-11
    6.1166432E-08   8.7287791E-08   8.7287791E-08   6.2846719E-08   6.2846719E-08
    1.3810858E-07   4.0129308E-06   4.5859521E-06   3.0949466E-06   7.8683192E-06
    5.0928182E-05   7.9079765E-06   3.2462089E-05   9.1698703E-05   2.5768736E-04
    2.8343657E-04   1.4941021E-04   4.5406314E-04   7.8895745E-04   7.0582350E-04
    4.2729602E-04   1.3589851E-03   1.7565904E-03   1.5290456E-03   9.0759421E-04
    2.9384961E-03   3.1938930E-03   2.6076319E-03   1.5826595E-03   5.0837924E-03
    5.0576583E-03   4.0820125E-03   2.4362347E-03   7.1877120E-03

 1.9775248287E+03   2.3474109E+01   8.2719599E+07   1.2341322E+00   4.2346674E+00   1.6110574E+03   5.0000000E-02    14 
    1.7899420E-26   3.6117100E-27   3.6117100E-27   1.5944691E-18   1.9856045E-17
    1.9856045E-17   1.5063365E-17   1.5063365E-17   3.2809570E-11   9.2803624E-11
    9.2803624E-11   6.1099766E-11   6.1099766E-11   1.2881496E-10   1.2881496E-10
    8.0677355E-08   1.1399755E-07   1.1399755E-07   8.1721139E-08   8.1721139E-08
    1.7947442E-07   4.8842317E-06   5.5495089E-06   3.7349940E-06   9.4863017E-06
    5.9130324E-05   9.1456961E-06   3.7465945E-05   1.0567327E-04   2.9011757E-04
    3.1808423E-04   1.6742994E-04   5.0789972E-04   8.6903128E-04   7.7603364E-04
    4.6944474E-04   1.4892769E-03   1.9062268E-03   1.6577111E-03   9.8303416E-04
    3.1739741E-03   3.4283165E-03   2.7953401E-03   1.6960792E-03   5.4305078E-03
    5.3835464E-03   4.3439281E-03   2.5903205E-03   7.6171676E-03

 1.4930364591E+03   4.1475474E+01   1.5485983E+08   1.2518330E+00   4.3222047E+00   1.5096390E+03   5.0000000E-02    15 
    3.6636550E-26   1.1647808E-26   1.1647808E-26   2.8101288E-18   3.3756618E-17
    3.3756618E-17   2.5268158E-17   2.5268158E-17   4.5014695E-11   1.2552661E-10
    1.2552661E-10   8.2204555E-11   8.2204555E-11   1.7312624E-10   1.7312624E-10
    9.9037037E-08   1.3889743E-07   1.3889743E-07   9.9280095E-08   9.9280095E-08
    2.1796091E-07   5.6507159E-06   6.3929780E-06   4.2942848E-06   1.0899913E-05
    6.6075168E-05   1.0197097E-05   4.1693028E-05   1.1739154E-04   3.1674822E-04
    3.4653448E-04   1.8224123E-04   5.5192086E-04   9.3397088E-04   8.3281698E-04
    5.0368843E-04   1.5942551E-03   2.0258445E-03   1.7607910E-03   1.0436100E-03
    3.3618631E-03   3.6150108E-03   2.9452580E-03   1.7862372E-03   5.7061004E-03
    5.6413588E-03   4.5511688E-03   2.7123682E-03   7.9558440E-03

 1.1384313122E+03   7.1607623E+01   2.9053873E+08   1.2634291E+00   4.4568627E+00   1.3838938E+03   5.0000000E-02    16 
    4.6954308E-26   2.4066957E-26   2.4066957E-26   4.0509339E-18   4.7433703E-17
    4.7433703E-17   3.5235473E-17   3.5235473E-17   5.5127660E-11   1.5241524E-10
    1.5241524E-10   9.9446685E-11   9.9446685E-11   2.0930320E-10   2.0930320E-10
    1.1298151E-07   1.5766422E-07   1.5766422E-07   1.1253443E-07   1.1253443E-07
    2.4699278E-07   6.2082314E-06   7.0041923E-06   4.6993222E-06   1.1922029E-05
    7.0964049E-05   1.0946384E-05   4.4696482E-05   1.2561730E-04   3.3510218E-04
    3.6631248E-04   1.9257430E-04   5.8243858E-04   9.7884314E-04   8.7201669E-04
    5.2737735E-04   1.6666435E-03   2.1077678E-03   1.8309937E-03   1.0854507E-03
    3.4906513E-03   3.7423837E-03   3.0479728E-03   1.8484298E-03   5.8954752E-03
    5.8169772E-03   4.6924816E-03   2.7961545E-03   8.1898411E-03

 8.7928972437E+02   1.1987428E+02   5.4729991E+08   1.2709306E+00   4.6653715E+00   1.2313233E+03   5.0000000E-02    17 
    4.4750797E-26   3.7528342E-26   3.7528342E-26   5.1272520E-18   5.8963370E-17
    5.8963370E-17   4.3637833E-17   4.3637833E-17   6.2746315E-11   1.7267918E-10
    1.7267918E-10   1.1232890E-10   1.1232890E-10   2.3634315E-10   2.3634315E-10
    1.2298067E-07   1.7102060E-07   1.7102060E-07   1.2200475E-07   1.2200475E-07
    2.6765957E-07   6.5996082E-06   7.4323407E-06   4.9812414E-06   1.2630211E-05
    7.4282035E-05   1.1461433E-05   4.6760627E-05   1.3124460E-04   3.4746549E-04
    3.7981947E-04   1.9965532E-04   6.0332530E-04   1.0092648E-03   8.9867489E-04
    5.4357781E-04   1.7161370E-03   2.1634748E-03   1.8784612E-03   1.1144862E-03
    3.5783347E-03   3.8289136E-03   3.1174409E-03   1.8919056E-03   6.0255702E-03
    5.9369507E-03   4.7903047E-03   2.8550213E-03   8.3550318E-03

 6.9139731433E+02   1.9569730E+02   1.0214992E+09   1.2914173E+00   4.9187541E+00   1.0668319E+03   5.0000000E-02    18 
    1.0687927E-25   1.3645235E-25   1.3645235E-25   9.4898332E-18   1.0503310E-16
    1.0503310E-16   7.6960310E-17   7.6960310E-17   8.8634977E-11   2.4046029E-10
    2.4046029E-10   1.5522557E-10   1.5522557E-10   3.2638933E-10   3.2638933E-10
    1.5408688E-07   2.1239555E-07   2.1239555E-07   1.5104024E-07   1.5104024E-07
    3.3092961E-07   7.7506760E-06   8.6889293E-06   5.8056678E-06   1.4699923E-05
    8.3837891E-05   1.2910307E-05   5.2571285E-05   1.4730303E-04   3.8256003E-04
    4.1748929E-04   2.1929851E-04   6.6140384E-04   1.0928043E-03   9.7175417E-04
    5.8785685E-04   1.8505304E-03   2.3149336E-03   2.0079873E-03   1.1922920E-03
    3.8134691E-03   4.0610962E-03   3.3038839E-03   2.0067282E-03   6.3682281E-03
    6.2554750E-03   5.0469425E-03   3.0088971E-03   8.7788304E-03

 5.5351747537E+02   3.1085312E+02   1.9109816E+09   1.3208868E+00   5.2340129E+00   8.8955033E+02   5.0000000E-02    19 
    4.4743541E-25   7.9383625E-25   7.9383625E-25   2.2102716E-17   2.3309610E-16
    2.3309610E-16   1.6877245E-16   1.6877245E-16   1.4301263E-10   3.8009698E-10
    3.8009698E-10   2.4289097E-10   2.4289097E-10   5.1030460E-10   5.1030460E-10
    2.1053992E-07   2.8675724E-07   2.8675724E-07   2.0291606E-07   2.0291606E-07
    4.4383983E-07   9.6735005E-06   1.0777871E-05   7.1767432E-06   1.8135720E-05
    9.9180424E-05   1.5218090E-05   6.1811481E-05   1.7284241E-04   4.3725352E-04
    4.7574893E-04   2.4976147E-04   7.5086017E-04   1.2201288E-03   1.0828836E-03
    6.5534795E-04   2.0534234E-03   2.5422039E-03   2.2022152E-03   1.3095144E-03
    4.1644659E-03   4.4062111E-03   3.5814240E-03   2.1777431E-03   6.8738491E-03
    6.7251243E-03   5.4227099E-03   3.2365556E-03   9.4006639E-03

 4.5274408790E+02   4.7868089E+02   3.5820371E+09   1.4006833E+00   5.6634699E+00   7.0916472E+02   5.0000000E-02    20 
    3.7841703E-23   6.3650744E-23   6.3650744E-23   1.8525708E-16   1.7079472E-15
    1.7079472E-15   1.1890998E-15   1.1890998E-15   4.7273938E-10   1.1894942E-09
    1.1894942E-09   7.4273407E-10   7.4273407E-10   1.5568420E-09   1.5568420E-09
    4.5800714E-07   6.0628847E-07   6.0628847E-07   4.2357617E-07   4.2357617E-07
    9.2312056E-07   1.6807739E-05   1.8427831E-05   1.2175178E-05   3.0618571E-05
    1.5091241E-04   2.2934266E-05   9.2574665E-05   2.5724831E-04   6.1018950E-04
    6.5933622E-04   3.4510997E-04   1.0290744E-03   1.6064596E-03   1.4189016E-03
    8.5745998E-04   2.6594076E-03   3.2098525E-03   2.7709652E-03   1.6497607E-03
    5.1795160E-03   5.3957942E-03   4.3740200E-03   2.6622816E-03   8.2983946E-03
    8.0460133E-03   6.4744448E-03   3.8700197E-03   1.1106475E-02

 3.7907144051E+02   6.7371548E+02   6.7137513E+09   1.5015241E+00   6.3958254E+00   5.3953942E+02   5.0000015E-02    21 
    5.8688288E-21   7.8299513E-21   7.8299513E-21   1.9764465E-15   1.5673748E-14
    1.5673748E-14   1.0398049E-14   1.0398049E-14   1.7939365E-09   4.2420464E-09
    4.2420464E-09   2.5826626E-09   2.5826626E-09   5.3985131E-09   5.3985131E-09
    1.0901364E-06   1.3987993E-06   1.3987993E-06   9.6326551E-07   9.6326551E-07
    2.0904336E-06   3.1189844E-05   3.3578786E-05   2.1989869E-05   5.4980153E-05
    2.4152706E-04   3.6328736E-05   1.4566253E-04   4.0135513E-04   8.8699926E-04
    9.5149151E-04   4.9628047E-04   1.4653499E-03   2.1894334E-03   1.9236150E-03
    1.1612894E-03   3.5555715E-03   4.1764906E-03   3.5913270E-03   2.1446462E-03
    6.6179433E-03   6.7848945E-03   5.4820747E-03   3.3449092E-03   1.0259144E-02
    9.8574535E-03   7.9127028E-03   4.7443696E-03   1.3405098E-02

 3.2505459679E+02   8.0033353E+02   1.2600941E+10   1.6028076E+00   7.8514272E+00   3.9073351E+02   5.0002095E-02    22 
    5.0416231E-19   6.3469953E-19   6.3469953E-19   1.5891689E-14   1.0985630E-13
    1.0985630E-13   7.0118937E-14   7.0118937E-14   5.8127960E-09   1.2999989E-08
    1.2999989E-08   7.7421745E-09   7.7421745E-09   1.6137594E-08   1.6137594E-08
    2.3433865E-06   2.9266398E-06   2.9266398E-06   1.9892419E-06   1.9892419E-06
    4.2986666E-06   5.3921726E-05   5.7122483E-05   3.7106861E-05   9.2215579E-05
    3.6646106E-04   5.4610445E-05   2.1785615E-04   5.9506661E-04   1.2370642E-03
    1.3182198E-03   6.8601830E-04   2.0052301E-03   2.8856899E-03   2.5232998E-03
    1.5251395E-03   4.6028057E-03   5.2851466E-03   4.5290344E-03   2.7231466E-03
    8.2313857E-03   8.3309649E-03   6.7121850E-03   4.1155966E-03   1.2402414E-02
    1.1827922E-02   9.4692548E-03   5.7161495E-03   1.5877521E-02

 2.8628844812E+02   7.2998229E+02   2.3191783E+10   1.6972269E+00   1.0948812E+01   2.7295643E+02   5.0106237E-02    23 
    2.1437905E-17   2.6552259E-17   2.6552259E-17   8.9006372E-14   5.4706091E-13
    5.4706091E-13   3.4020275E-13   3.4020275E-13   1.5398752E-08   3.2852658E-08
    3.2852658E-08   1.9206429E-08   1.9206429E-08   3.9924224E-08   3.9924224E-08
    4.4224467E-06   5.4011086E-06   5.4011086E-06   3.6297776E-06   3.6297776E-06
    7.8124818E-06   8.5027274E-05   8.8901167E-05   5.7337294E-05   1.4165756E-04
    5.1878454E-04   7.6672781E-05   3.0480464E-04   8.2584699E-04   1.6335300E-03
    1.7308184E-03   9.0003735E-04   2.6039937E-03   3.6366323E-03   3.1680785E-03
    1.9219444E-03   5.7093580E-03   6.4397550E-03   5.5036272E-03   3.3503403E-03
    9.8775174E-03   9.8993819E-03   7.9569234E-03   4.9204951E-03   1.4545986E-02
    1.3781146E-02   1.1000118E-02   6.7234575E-03   1.8326614E-02

 2.5982109396E+02   4.7526181E+02   3.9274700E+10   1.7766422E+00   1.7766843E+01   1.8950035E+02   5.1715636E-02    24 
    4.3788321E-16   4.9987027E-16   4.9987027E-16   3.2960998E-13   1.8462309E-12
    1.8462309E-12   1.1295349E-12   1.1295349E-12   3.2344608E-08   6.6568539E-08
    6.6568539E-08   3.8343176E-08   3.8343176E-08   7.9537049E-08   7.9537049E-08
    7.1812149E-06   8.6206003E-06   8.6206003E-06   5.7416978E-06   5.7416978E-06
    1.2318914E-05   1.2039540E-04   1.2470331E-04   7.9967912E-05   1.9660340E-04
    6.7697911E-04   9.9467481E-05   3.9433148E-04   1.0610328E-03   2.0216759E-03
    2.1333407E-03   1.1097116E-03   3.1807384E-03   4.3439712E-03   3.7746264E-03
    2.3041176E-03   6.7339070E-03   7.4979496E-03   6.3958507E-03   3.9635135E-03
    1.1358345E-02   1.1304411E-02   9.0665367E-03   5.6765174E-03   1.6449798E-02
    1.5488576E-02   1.2325289E-02   7.6690942E-03   2.0485609E-02

 2.4103039434E+02   2.3171658E+02   5.4948847E+10   1.8357800E+00   3.0792258E+01   1.3169799E+02   6.1781483E-02    25 
    4.4646248E-15   4.9862188E-15   4.9862188E-15   8.1369127E-13   4.2282349E-12
    4.2282349E-12   2.5861818E-12   2.5861818E-12   5.3960106E-08   1.0839739E-07
    1.0839739E-07   6.1771935E-08   6.1771935E-08   1.2794993E-07   1.2794993E-07
    1.0038603E-05   1.1907195E-05   1.1907195E-05   7.8823315E-06   7.8823315E-06
    1.6870842E-05   1.5309785E-04   1.5760001E-04   1.0068082E-04   2.4659976E-04
    8.1386006E-04   1.1912777E-04   4.7156065E-04   1.2618375E-03   2.3430844E-03
    2.4661428E-03   1.2844582E-03   3.6536170E-03   4.9148388E-03   4.2632360E-03
    2.6195935E-03   7.5498813E-03   8.3352746E-03   7.1018639E-03   4.4752210E-03
    1.2514409E-02   1.2397929E-02   9.9292203E-03   6.2905034E-03   1.7924419E-02
    1.6796146E-02   1.3334375E-02   8.4363747E-03   2.2156924E-02

 2.2703634788E+02   8.3639736E+01   5.7986107E+10   1.8664771E+00   5.5142410E+01   9.1576179E+01   9.4876877E-02    26 
    2.1466426E-14   2.5780524E-14   2.5780524E-14   1.2749095E-12   6.2649983E-12
    6.2649983E-12   3.9093431E-12   3.9093431E-12   6.9469103E-08   1.3790315E-07
    1.3790315E-07   7.8200054E-08   7.8200054E-08   1.6184535E-07   1.6184535E-07
    1.1843648E-05   1.3963254E-05   1.3963254E-05   9.2208733E-06   9.2208733E-06
    1.9707646E-05   1.7237852E-04   1.7687651E-04   1.1287879E-04   2.7584197E-04
    8.9139054E-04   1.3012382E-04   5.1561209E-04   1.3748318E-03   2.5192320E-03
    2.6484546E-03   1.3818901E-03   3.9136116E-03   5.2256406E-03   4.5286293E-03
    2.7911573E-03   7.9930037E-03   8.7886043E-03   7.4845724E-03   4.7385258E-03
    1.3141775E-02   1.2994652E-02   1.0406281E-02   6.6185890E-03   1.8720853E-02
    1.7525840E-02   1.3902467E-02   8.8375128E-03   2.3088991E-02

 2.1612776231E+02   1.9015436E+01   5.3212143E+10   1.8716062E+00   1.1829439E+02   6.3413259E+01   1.6474206E-01    27 
    5.9468120E-14   8.1370475E-14   8.1370475E-14   1.3822176E-12   6.4898692E-12
    6.4898692E-12   4.2068195E-12   4.2068195E-12   7.2374648E-08   1.4337775E-07
    1.4337775E-07   8.1300422E-08   8.1300422E-08   1.6822161E-07   1.6822161E-07
    1.2163485E-05   1.4322846E-05   1.4322846E-05   9.4640619E-06   9.4640619E-06
    2.0218182E-05   1.7568124E-04   1.8014480E-04   1.1510779E-04   2.8101264E-04
    9.0454137E-04   1.3179464E-04   5.2397045E-04   1.3945823E-03   2.5471393E-03
    2.6776544E-03   1.4006816E-03   3.9596741E-03   5.2795158E-03   4.5744969E-03
    2.8232768E-03   8.0745221E-03   8.8719030E-03   7.5561409E-03   4.7754416E-03
    1.3267318E-02   1.3119080E-02   1.0514167E-02   6.6850770E-03   1.8889150E-02
    1.7705880E-02   1.4044671E-02   8.9126341E-03   2.3342034E-02

 2.0739254154E+02   3.0358717E+00   5.0956732E+10   1.8611351E+00   3.0686818E+02   4.3918343E+01   2.6975586E-01    28 
    1.1342936E-13   1.7830144E-13   1.7830144E-13   1.2115282E-12   5.4804614E-12
    5.4804614E-12   3.6744893E-12   3.6744893E-12   6.6484398E-08   1.3223401E-07
    1.3223401E-07   7.5172234E-08   7.5172234E-08   1.5556593E-07   1.5556593E-07
    1.1504499E-05   1.3572825E-05   1.3572825E-05   8.9874589E-06   8.9874589E-06
    1.9203208E-05   1.6875954E-04   1.7326551E-04   1.1097056E-04   2.7085495E-04
    8.7720512E-04   1.2779977E-04   5.0991289E-04   1.3560764E-03   2.4835784E-03
    2.6129186E-03   1.3714191E-03   3.8735657E-03   5.1750329E-03   4.4861957E-03
    2.7766979E-03   7.9330826E-03   8.7268181E-03   7.4369544E-03   4.7067162E-03
    1.3081039E-02   1.2945429E-02   1.0385750E-02   6.6152403E-03   1.8676699E-02
    1.7521095E-02   1.3901352E-02   8.8296788E-03   2.3178756E-02

 1.9993328910E+02   4.3572503E-01   5.4168829E+10   1.8470123E+00   7.7160138E+02   3.0146974E+01   3.9777748E-01    29 
    1.6622400E-13   2.9269957E-13   2.9269957E-13   1.0137836E-12   4.4880584E-12
    4.4880584E-12   3.0174552E-12   3.0174552E-12   5.9246153E-08   1.1849661E-07
    1.1849661E-07   6.7555441E-08   6.7555441E-08   1.3984161E-07   1.3984161E-07
    1.0668227E-05   1.2623758E-05   1.2623758E-05   8.3769887E-06   8.3769887E-06
    1.7904557E-05   1.5982595E-04   1.6444060E-04   1.0556770E-04   2.5764435E-04
    8.4153826E-04   1.2288725E-04   4.9125322E-04   1.3055636E-03   2.4010170E-03
    2.5294333E-03   1.3326450E-03   3.7596046E-03   5.0367057E-03   4.3706028E-03
    2.7184692E-03   7.7432561E-03   8.5316809E-03   7.2777324E-03   4.6380251E-03
    1.2824403E-02   1.2701624E-02   1.0201038E-02   6.5331449E-03   1.8383694E-02
    1.7239185E-02   1.3687890E-02   8.7419482E-03   2.2925625E-02

 1.9266131762E+02   6.7888167E-02   6.3991290E+10   1.8390292E+00   1.4137803E+03   2.0870153E+01   5.2380233E-01    30 
    1.9602711E-13   3.7321040E-13   3.7321040E-13   9.1559558E-13   4.0301564E-12
    4.0301564E-12   2.6846164E-12   2.6846164E-12   5.5511058E-08   1.1141079E-07
    1.1141079E-07   6.3612124E-08   6.3612124E-08   1.3169711E-07   1.3169711E-07
    1.0224477E-05   1.2123713E-05   1.2123713E-05   8.0557627E-06   8.0557627E-06
    1.7218686E-05   1.5498777E-04   1.5976234E-04   1.0276096E-04   2.5063804E-04
    8.2211991E-04   1.2048064E-04   4.8191719E-04   1.2788269E-03   2.3554440E-03
    2.4848542E-03   1.3150425E-03   3.7000082E-03   4.9630115E-03   4.3114898E-03
    2.7021262E-03   7.6449949E-03   8.4296350E-03   7.1989860E-03   4.6504851E-03
    1.2694931E-02   1.2575068E-02   1.0109639E-02   6.5396488E-03   1.8257968E-02
    1.7087701E-02   1.3579510E-02   8.7718856E-03   2.2864715E-02

 1.8608625912E+02   1.4019123E-02   7.8657059E+10   1.8387166E+00   1.8277068E+03   1.5421818E+01   6.1815905E-01    31 
    2.0385297E-13   4.0897722E-13   4.0897722E-13   9.1509995E-13   4.0250538E-12
    4.0250538E-12   2.6743480E-12   2.6743480E-12   5.5435399E-08   1.1134419E-07
    1.1134419E-07   6.3573452E-08   6.3573452E-08   1.3160915E-07   1.3160915E-07
    1.0217964E-05   1.2124921E-05   1.2124921E-05   8.0601944E-06   8.0601944E-06
    1.7222321E-05   1.5487367E-04   1.5984745E-04   1.0297316E-04   2.5082801E-04
    8.2179910E-04   1.2091052E-04   4.8362391E-04   1.2801569E-03   2.3536048E-03
    2.4859798E-03   1.3225207E-03   3.7051954E-03   4.9668695E-03   4.3195903E-03
    2.7335294E-03   7.6572136E-03   8.4402245E-03   7.2172344E-03   4.7474005E-03
    1.2721288E-02   1.2593823E-02   1.0136056E-02   6.6441506E-03   1.8333463E-02
    1.7106492E-02   1.3608637E-02   8.9270001E-03   2.3037357E-02

 1.8195178688E+02   3.6331563E-03   9.9834635E+10   1.8166063E+00   2.5584986E+03   1.1137279E+01   7.0538272E-01    32 
    1.0403909E-13   2.3499381E-13   2.3499381E-13   6.6106748E-13   2.9680344E-12
    2.9680344E-12   1.9850648E-12   1.9850648E-12   4.6074868E-08   9.3443852E-08
    9.3443852E-08   5.3549803E-08   5.3549803E-08   1.1091159E-07   1.1091159E-07
    9.0571575E-06   1.0804831E-05   1.0804831E-05   7.2009449E-06   7.2009449E-06
    1.5393367E-05   1.4200103E-04   1.4714486E-04   9.5071155E-05   2.3152239E-04
    7.6902931E-04   1.1381171E-04   4.5560909E-04   1.2048778E-03   2.2311314E-03
    2.3621188E-03   1.2646705E-03   3.5321081E-03   4.7569497E-03   4.1455153E-03
    2.6559997E-03   7.3632364E-03   8.1372314E-03   6.9726301E-03   4.6977083E-03
    1.2312360E-02   1.2195549E-02   9.8311357E-03   6.5553335E-03   1.7866082E-02
    1.6605153E-02   1.3229315E-02   8.8574932E-03   2.2595951E-02

 1.8159520780E+02   2.2830358E-03   1.2744972E+11   1.7957565E+00   3.5463096E+03   7.9262602E+00   7.7942264E-01    33 
    5.3714511E-14   1.3054268E-13   1.3054268E-13   4.8293580E-13   2.2090599E-12
    2.2090599E-12   1.4868803E-12   1.4868803E-12   3.8536820E-08   7.8892074E-08
    7.8892074E-08   4.5345115E-08   4.5345115E-08   9.3966519E-08   9.3966519E-08
    8.0634376E-06   9.6677679E-06   9.6677679E-06   6.4529660E-06   6.4529660E-06
    1.3802963E-05   1.3065701E-04   1.3585374E-04   8.7879899E-05   2.1413125E-04
    7.2145392E-04   1.0716347E-04   4.2897554E-04   1.1355192E-03   2.1212679E-03
    2.2487718E-03   1.2077685E-03   3.3688823E-03   4.5605687E-03   3.9802901E-03
    2.5765552E-03   7.0785759E-03   7.8449099E-03   6.7318334E-03   4.6477438E-03
    1.1899899E-02   1.1789903E-02   9.5074890E-03   6.4435473E-03   1.7371204E-02
    1.6057549E-02   1.2799222E-02   8.7604033E-03   2.2041297E-02

 1.8142753641E+02   1.3966575E-03   1.7475849E+11   1.7781391E+00   5.2340497E+03   5.3412286E+00   8.4506274E-01    34 
    3.0439379E-14   7.8734341E-14   7.8734341E-14   3.6856254E-13   1.7135486E-12
    1.7135486E-12   1.1589853E-12   1.1589853E-12   3.3047644E-08   6.8248363E-08
    6.8248363E-08   3.9297934E-08   3.9297934E-08   8.1467728E-08   8.1467728E-08
    7.2994598E-06   8.7940395E-06   8.7940395E-06   5.8728815E-06   5.8728815E-06
    1.2567051E-05   1.2169683E-04   1.2696366E-04   8.2157296E-05   2.0022958E-04
    6.8300067E-04   1.0189034E-04   4.0740449E-04   1.0791734E-03   2.0324785E-03
    2.1570424E-03   1.1630402E-03   3.2340860E-03   4.3989136E-03   3.8459184E-03
    2.5289348E-03   6.8379411E-03   7.5980426E-03   6.5334646E-03   4.6818133E-03
    1.1540844E-02   1.1425687E-02   9.2196145E-03   6.4058898E-03   1.6948997E-02
    1.5523050E-02   1.2395608E-02   8.7685977E-03   2.1550099E-02

 1.8122887309E+02   7.7676245E-04   2.3872381E+11   1.7577568E+00   7.9274548E+03   3.7244519E+00   8.8908632E-01    35 
    1.5813691E-14   4.4119028E-14   4.4119028E-14   2.6747090E-13   1.2690065E-12
    1.2690065E-12   8.6280189E-13   8.6280189E-13   2.7560592E-08   5.7504558E-08
    5.7504558E-08   3.3175240E-08   3.3175240E-08   6.8805882E-08   6.8805882E-08
    6.4890718E-06   7.8626451E-06   7.8626451E-06   5.2532326E-06   5.2532326E-06
    1.1245938E-05   1.1190551E-04   1.1720934E-04   7.5859368E-05   1.8491539E-04
    6.4007094E-04   9.6014975E-05   3.8324360E-04   1.0158524E-03   1.9321944E-03
    2.0531973E-03   1.1127865E-03   3.0807102E-03   4.2146213E-03   3.6930130E-03
    2.4779050E-03   6.5606125E-03   7.3142279E-03   6.3093961E-03   4.7281134E-03
    1.1124095E-02   1.1001115E-02   8.8939206E-03   6.3705143E-03   1.6455119E-02
    1.4898272E-02   1.1951396E-02   8.7830859E-03   2.0968554E-02

 1.8100761988E+02   3.8427150E-04   3.3258429E+11   1.7381684E+00   1.2340550E+04   2.5853211E+00   9.2155992E-01    36 
    8.3870266E-15   2.5263350E-14   2.5263350E-14   1.9500083E-13   9.4519950E-13
    9.4519950E-13   6.4533947E-13   6.4533947E-13   2.3069863E-08   4.8635996E-08
    4.8635996E-08   2.8087408E-08   2.8087408E-08   5.8280407E-08   5.8280407E-08
    5.7832977E-06   7.0498976E-06   7.0498976E-06   4.7085392E-06   4.7085392E-06
    1.0083234E-05   1.0310745E-04   1.0845671E-04   7.0160664E-05   1.7100226E-04
    6.0040875E-04   9.0721564E-05   3.6096434E-04   9.5709155E-04   1.8394605E-03
    1.9566852E-03   1.0681034E-03   2.9359801E-03   4.0409647E-03   3.5507847E-03
    2.4484728E-03   6.2923899E-03   7.0413322E-03   6.1050809E-03   4.8358728E-03
    1.0713163E-02   1.0572446E-02   8.5839474E-03   6.3906255E-03   1.5971150E-02
    1.4246178E-02   1.1534008E-02   8.8699187E-03   2.0381148E-02

 1.8076922221E+02   1.6994900E-04   4.6788044E+11   1.7178236E+00   1.9117212E+04   1.7972176E+00   9.4475929E-01    37 
    4.1842124E-15   1.3695597E-14   1.3695597E-14   1.3937415E-13   6.9142703E-13
    6.9142703E-13   4.7395605E-13   4.7395605E-13   1.9110286E-08   4.0730852E-08
    4.0730852E-08   2.3528243E-08   2.3528243E-08   4.8847007E-08   4.8847007E-08
    5.1194022E-06   6.2826857E-06   6.2826857E-06   4.1913528E-06   4.1913528E-06
    8.9780394E-06   9.4553614E-05   9.9941664E-05   6.4588032E-05   1.5733598E-04
    5.6075144E-04   8.5548653E-05   3.3871513E-04   8.9811700E-04   1.7468068E-03
    1.8591636E-03   1.0251399E-03   2.7880613E-03   3.8637396E-03   3.4075732E-03
    2.4349470E-03   6.0120453E-03   6.7593706E-03   5.9088503E-03   4.9892632E-03
    1.0278882E-02   1.0113922E-02   8.2803598E-03   6.4543277E-03   1.5455646E-02
    1.3551313E-02   1.1143304E-02   9.0079756E-03   1.9737374E-02

 1.8051403828E+02   6.7298428E-05   6.6512737E+11   1.6974455E+00   2.8686538E+04   1.2458430E+00   9.6135626E-01    38 
    1.9611346E-15   7.0013470E-15   7.0013470E-15   9.8872001E-14   5.0211911E-13
    5.0211911E-13   3.4536539E-13   3.4536539E-13   1.5770673E-08   3.3985984E-08
    3.3985984E-08   1.9616207E-08   1.9616207E-08   4.0749713E-08   4.0749713E-08
    4.5206764E-06   5.5881975E-06   5.5881975E-06   3.7201062E-06   3.7201062E-06
    7.9688738E-06   8.6571522E-05   9.1991430E-05   5.9360779E-05   1.4441952E-04
    5.2255828E-04   8.0729125E-05   3.1734931E-04   8.4116449E-04   1.6581843E-03
    1.7640992E-03   9.8670011E-04   2.6419780E-03   3.6895212E-03   3.2703320E-03
    2.4450593E-03   5.7281208E-03   6.4808381E-03   5.7382906E-03   5.1916781E-03
    9.8353619E-03   9.6444897E-03   8.0108684E-03   6.5758162E-03   1.4920280E-02
    1.2858220E-02   1.0819471E-02   9.2079427E-03   1.9044789E-02

 1.8024241704E+02   2.4729683E-05   9.4980530E+11   1.6821949E+00   4.0003715E+04   8.6451783E-01   9.7301430E-01    39 
    1.0298722E-15   3.9416206E-15   3.9416206E-15   7.6167659E-14   3.9399816E-13
    3.9399816E-13   2.7118663E-13   2.7118663E-13   1.3645185E-08   2.9661610E-08
    2.9661610E-08   1.7070276E-08   1.7070276E-08   3.5477115E-08   3.5477115E-08
    4.1174015E-06   5.1220173E-06   5.1220173E-06   3.3974163E-06   3.3974163E-06
    7.2737644E-06   8.1051357E-05   8.6547225E-05   5.5722891E-05   1.3522890E-04
    4.9467933E-04   7.7620797E-05   3.0207555E-04   7.9979103E-04   1.5965935E-03
    1.6949168E-03   9.6679044E-04   2.5318480E-03   3.5611716E-03   3.1782215E-03
    2.5075520E-03   5.5025737E-03   6.2766734E-03   5.6597446E-03   5.4748782E-03
    9.4769281E-03   9.2663780E-03   7.8655159E-03   6.8081757E-03   1.4478439E-02
    1.2315442E-02   1.0670319E-02   9.5268114E-03   1.8428614E-02

 1.7995837244E+02   8.8100503E-06   1.3603234E+12   1.6771054E+00   5.0278091E+04   6.0044965E-01   9.8117478E-01    40 
    7.3287465E-16   2.8921498E-15   2.8921498E-15   6.9956085E-14   3.6467748E-13
    3.6467748E-13   2.4995553E-13   2.4995553E-13   1.3048181E-08   2.8474116E-08
    2.8474116E-08   1.6287791E-08   1.6287791E-08   3.3854236E-08   3.3854236E-08
    4.0035556E-06   5.0003172E-06   5.0003172E-06   3.2981244E-06   3.2981244E-06
    7.0514412E-06   7.9533220E-05   8.5223616E-05   5.4701460E-05   1.3218640E-04
    4.8444431E-04   7.7474909E-05   2.9743049E-04   7.8569161E-04   1.5827010E-03
    1.6724783E-03   9.7951569E-04   2.4880380E-03   3.5181909E-03   3.1693582E-03
    2.6544004E-03   5.3917161E-03   6.2172920E-03   5.7386077E-03   5.8789863E-03
    9.2908771E-03   9.0826459E-03   7.9312404E-03   7.2118372E-03   1.4235331E-02
    1.2058667E-02   1.0790135E-02   1.0030628E-02   1.8005817E-02

 1.7966188945E+02   3.0589926E-06   1.9554879E+12   1.6829715E+00   5.6278139E+04   4.1662018E-01   9.8689821E-01    41 
    7.2631683E-16   2.8325941E-15   2.8325941E-15   7.7942087E-14   4.0460919E-13
    4.0460919E-13   2.7468850E-13   2.7468850E-13   1.3922268E-08   3.0341701E-08
    3.0341701E-08   1.7195490E-08   1.7195490E-08   3.5728526E-08   3.5728526E-08
    4.1822981E-06   5.2306365E-06   5.2306365E-06   3.4239646E-06   3.4239646E-06
    7.3035736E-06   8.2169895E-05   8.8200900E-05   5.6415681E-05   1.3546516E-04
    4.9201471E-04   8.0593620E-05   3.0397788E-04   8.0007544E-04   1.6193770E-03
    1.6988296E-03   1.0304123E-03   2.5136347E-03   3.5675737E-03   3.2554937E-03
    2.9000386E-03   5.4026599E-03   6.3281706E-03   5.9983536E-03   6.4126941E-03
    9.2918401E-03   9.1373386E-03   8.2416217E-03   7.8100741E-03   1.4198993E-02
    1.2132822E-02   1.1199865E-02   1.0736590E-02   1.7784176E-02

 1.7935636448E+02   1.0432296E-06   2.8157246E+12   1.6988283E+00   5.5881005E+04   2.8914046E-01   9.9088787E-01    42 
    9.5360313E-16   3.5417953E-15   3.5417953E-15   1.0323999E-13   5.2780875E-13
    5.2780875E-13   3.5326973E-13   3.5326973E-13   1.6383731E-08   3.5491606E-08
    3.5491606E-08   1.9874292E-08   1.9874292E-08   4.1262003E-08   4.1262003E-08
    4.6586973E-06   5.8200772E-06   5.8200772E-06   3.7753273E-06   3.7753273E-06
    8.0269154E-06   8.8905342E-05   9.5410994E-05   6.0850130E-05   1.4483702E-04
    5.1552414E-04   8.7093691E-05   3.2128862E-04   8.4151511E-04   1.7039976E-03
    1.7705539E-03   1.1232223E-03   2.6036004E-03   3.7082533E-03   3.4417027E-03
    3.2493718E-03   5.5281100E-03   6.6222787E-03   6.4439074E-03   7.0661670E-03
    9.4706354E-03   9.4544009E-03   8.8039385E-03   8.6014048E-03   1.4344229E-02
    1.2535972E-02   1.1880187E-02   1.1628403E-02   1.7737861E-02

 1.7904353278E+02   3.6030141E-07   4.0428314E+12   1.7243383E+00   4.8767919E+04   2.0151837E-01   9.9363997E-01    43 
    1.5936244E-15   5.4564122E-15   5.4564122E-15   1.6018028E-13   7.9786899E-13
    7.9786899E-13   5.2462552E-13   5.2462552E-13   2.1083111E-08   4.5197131E-08
    4.5197131E-08   2.4957167E-08   2.4957167E-08   5.1754153E-08   5.1754153E-08
    5.5025993E-06   6.8501832E-06   6.8501832E-06   4.4000376E-06   4.4000376E-06
    9.3157631E-06   1.0033607E-04   1.0742513E-04   6.8436128E-05   1.6102425E-04
    5.5492669E-04   9.7558754E-05   3.5030062E-04   9.1208385E-04   1.8386969E-03
    1.8901870E-03   1.2659676E-03   2.7604880E-03   3.9517458E-03   3.7424733E-03
    3.7098021E-03   5.7750146E-03   7.1221630E-03   7.0831122E-03   7.8388249E-03
    9.8340652E-03   1.0058474E-02   9.6209908E-03   9.5826606E-03   1.4669997E-02
    1.3251681E-02   1.2804946E-02   1.2688701E-02   1.7873784E-02

 1.7875256164E+02   1.3341504E-07   5.6047780E+12   1.7563387E+00   3.8273019E+04   1.4557586E-01   9.9540126E-01    44 
    3.0791467E-15   9.5412286E-15   9.5412286E-15   2.7270293E-13   1.3142178E-12
    1.3142178E-12   8.4838434E-13   8.4838434E-13   2.8581388E-08   6.0464627E-08
    6.0464627E-08   3.2922302E-08   3.2922302E-08   6.8179195E-08   6.8179195E-08
    6.7249908E-06   8.3263514E-06   8.3263514E-06   5.3007126E-06   5.3007126E-06
    1.1169180E-05   1.1603820E-04   1.2371510E-04   7.8946317E-05   1.8328461E-04
    6.0618922E-04   1.1159910E-04   3.8912571E-04   1.0069565E-03   2.0119934E-03
    2.0493627E-03   1.4516660E-03   2.9712998E-03   4.2852706E-03   4.1383110E-03
    4.2413905E-03   6.1235840E-03   7.7825759E-03   7.8496970E-03   8.6658659E-03
    1.0344924E-02   1.0875824E-02   1.0593232E-02   1.0651596E-02   1.5143936E-02
    1.4159904E-02   1.3848196E-02   1.3803284E-02   1.8183414E-02

 1.7847412562E+02   5.0635438E-08   7.5795312E+12   1.7944602E+00   2.7397014E+04   1.0785924E-01   9.9659059E-01    45 
    6.6488348E-15   1.8394289E-14   1.8394289E-14   5.0119623E-13   2.3237399E-12
    2.3237399E-12   1.4723774E-12   1.4723774E-12   4.0452226E-08   8.4256347E-08
    8.4256347E-08   4.5245689E-08   4.5245689E-08   9.3556395E-08   9.3556395E-08
    8.4551151E-06   1.0393255E-05   1.0393255E-05   6.5655829E-06   6.5655829E-06
    1.3760242E-05   1.3694499E-04   1.4515573E-04   9.3077102E-05   2.1278944E-04
    6.6975612E-04   1.3003053E-04   4.3917020E-04   1.1292735E-03   2.2278891E-03
    2.2540204E-03   1.6877935E-03   3.2409822E-03   4.7208257E-03   4.6383583E-03
    4.8545742E-03   6.5797975E-03   8.6002534E-03   8.7439113E-03   9.5723352E-03
    1.1002861E-02   1.1880721E-02   1.1706584E-02   1.1816754E-02   1.5771975E-02
    1.5223064E-02   1.4997529E-02   1.4986496E-02   1.8671149E-02

 1.7820170954E+02   1.9111645E-08   1.0064159E+13   1.8388555E+00   1.8045762E+04   8.1416393E-02   9.9742531E-01    46 
    1.5768577E-14   3.8553210E-14   3.8553210E-14   9.8614941E-13   4.3777824E-12
    4.3777824E-12   2.7220857E-12   2.7220857E-12   5.9501757E-08   1.2177382E-07
    1.2177382E-07   6.4512333E-08   6.4512333E-08   1.3315879E-07   1.3315879E-07
    1.0904047E-05   1.3285745E-05   1.3285745E-05   8.3394610E-06   8.3394610E-06
    1.7372543E-05   1.6457724E-04   1.7318650E-04   1.1197167E-04   2.5151315E-04
    7.4719984E-04   1.5416117E-04   5.0296218E-04   1.2847920E-03   2.4951745E-03
    2.5149248E-03   1.9853661E-03   3.5797394E-03   5.2768135E-03   5.2584596E-03
    5.5675621E-03   7.1594327E-03   9.5816631E-03   9.7777459E-03   1.0587875E-02
    1.1820467E-02   1.3065268E-02   1.2964736E-02   1.3097650E-02   1.6573373E-02
    1.6434557E-02   1.6263290E-02   1.6264470E-02   1.9353495E-02

 1.7793048445E+02   7.0065317E-09   1.3178671E+13   1.8901773E+00   1.1261114E+04   6.2332097E-02   9.9802820E-01    47 
    4.1887184E-14   8.9792885E-14   8.9792885E-14   2.0770881E-12   8.7749650E-12
    8.7749650E-12   5.3555247E-12   5.3555247E-12   9.0863252E-08   1.8236164E-07
    1.8236164E-07   9.5340394E-08   9.5340394E-08   1.9638228E-07   1.9638228E-07
    1.4414773E-05   1.7382467E-05   1.7382467E-05   1.0857494E-05   1.0857494E-05
    2.2464004E-05   2.0129774E-04   2.1005849E-04   1.3743133E-04   3.0256709E-04
    8.4148403E-04   1.8600742E-04   5.8452215E-04   1.4826981E-03   2.8287322E-03
    2.8486499E-03   2.3605392E-03   4.0049064E-03   5.9792781E-03   6.0228463E-03
    6.4073629E-03   7.8875985E-03   1.0746332E-02   1.0976566E-02   1.1750452E-02
    1.2824167E-02   1.4441879E-02   1.4389868E-02   1.4527351E-02   1.7580862E-02
    1.7813692E-02   1.7675880E-02   1.7676961E-02   2.0260025E-02

 1.7765623448E+02   2.4368168E-09   1.7046019E+13   1.9495793E+00   1.2480309E+04   4.8322014E-02   9.9847103E-01    48 
    2.3448378E-13   4.3802518E-13   4.3802518E-13   5.0395230E-12   1.8916383E-11
    1.8916383E-11   1.1603207E-11   1.1603207E-11   1.4426312E-07   2.8336904E-07
    2.8336904E-07   1.4624727E-07   1.4624727E-07   3.0051091E-07   3.0051091E-07
    1.9552017E-05   2.3300783E-05   2.3300783E-05   1.4505079E-05   1.4505079E-05
    2.9780026E-05   2.5073388E-04   2.5924605E-04   1.7224909E-04   3.7075063E-04
    9.5773247E-04   2.2858124E-04   6.8995233E-04   1.7368550E-03   3.2512528E-03
    3.2791526E-03   2.8358098E-03   4.5427855E-03   6.8632708E-03   6.9654466E-03
    7.4109760E-03   8.8013711E-03   1.2128532E-02   1.2379985E-02   1.3109267E-02
    1.4056408E-02   1.6043149E-02   1.6021934E-02   1.6153215E-02   1.8843502E-02
    1.9403236E-02   1.9285097E-02   1.9279333E-02   2.1439073E-02

 1.7737488587E+02   7.9239606E-10   2.1811846E+13   2.0187297E+00   1.6667996E+05   3.7874499E-02   9.9880140E-01    49 
    1.8960439E-11   3.0733006E-11   3.0733006E-11   5.8205377E-11   6.5407542E-11
    6.5407542E-11   7.4427562E-11   7.4427562E-11   2.3889876E-07   4.5825253E-07
    4.5825253E-07   2.3354793E-07   2.3354793E-07   4.7854880E-07   4.7854880E-07
    2.7265237E-05   3.2066885E-05   3.2066885E-05   1.9925549E-05   1.9925549E-05
    4.0552933E-05   3.1848532E-04   3.2612371E-04   2.2078911E-04   4.6343963E-04
    1.1039654E-03   2.8645231E-04   8.2837125E-04   2.0677759E-03   3.7961589E-03
    3.8405729E-03   3.4439170E-03   5.2314518E-03   7.9782428E-03   8.1350595E-03
    8.6310864E-03   9.9532019E-03   1.3783771E-02   1.4048188E-02   1.4731101E-02
    1.5578469E-02   1.7927000E-02   1.7924479E-02   1.8043665E-02   2.0427391E-02
    2.1272294E-02   2.1164748E-02   2.1148687E-02   2.2958008E-02

 1.7708242531E+02   2.4645280E-10   2.7636279E+13   2.0997247E+00   5.6877317E+06   2.9986171E-02   9.9905091E-01    50 
    4.7415281E-09   6.6597801E-09   6.6597801E-09   9.6240377E-09   5.3028085E-09
    5.3028085E-09   1.0122974E-08   1.0122974E-08   4.2088068E-07   7.8012070E-07
    7.8012070E-07   3.9644585E-07   3.9644585E-07   8.0871956E-07   8.0871956E-07
    3.9171377E-05   4.5404671E-05   4.5404671E-05   2.8207931E-05   2.8207931E-05
    5.6841931E-05   4.1311305E-04   4.1890785E-04   2.8981986E-04   5.9182511E-04
    1.2920627E-03   3.6645579E-04   1.0130419E-03   2.5049193E-03   4.5098783E-03
    4.5800387E-03   4.2309057E-03   6.1236796E-03   9.3909297E-03   9.5986895E-03
    1.0138522E-02   1.1413820E-02   1.5789814E-02   1.6062593E-02   1.6701590E-02
    1.7471744E-02   2.0176312E-02   2.0184336E-02   2.0288545E-02   2.2418405E-02
    2.3515596E-02   2.3412597E-02   2.3384634E-02   2.4906716E-02

 1.7677488621E+02   7.9065229E-11   3.4668237E+13   2.1946696E+00   2.5197958E+08   2.3984486E-02   9.9924079E-01    51 
    1.8554100E-06   2.2680950E-06   2.2680950E-06   3.0318171E-06   1.9700587E-06
    1.9700587E-06   3.1654240E-06   3.1654240E-06   3.2320768E-06   3.7556737E-06
    3.7556737E-06   3.1401509E-06   3.1401509E-06   5.5507961E-06   5.5507961E-06
    6.0478607E-05   6.8627277E-05   6.8627277E-05   4.3643023E-05   4.3643023E-05
    8.5753169E-05   5.4985683E-04   5.5216739E-04   3.9220586E-04   7.7626659E-04
    1.5404542E-03   4.8040896E-04   1.2645226E-03   3.0912580E-03   5.4547636E-03
    5.5607026E-03   5.2595314E-03   7.2899461E-03   1.1185362E-02   1.1442282E-02
    1.2022785E-02   1.3272816E-02   1.8242359E-02   1.8521572E-02   1.9121601E-02
    1.9833821E-02   2.2892116E-02   2.2905510E-02   2.2993718E-02   2.4917946E-02
    2.6245094E-02   2.6142498E-02   2.6101965E-02   2.7390774E-02

 1.7644853837E+02   2.8258036E-11   4.3031300E+13   2.3052366E+00   1.2668979E+10   1.9393713E-02   9.9938606E-01    52 
    9.6629541E-04   1.0425255E-03   1.0425255E-03   1.2992557E-03   1.0306225E-03
    1.0306225E-03   1.3455217E-03   1.3455217E-03   1.1875426E-03   1.1546146E-03
    1.1546146E-03   1.1614014E-03   1.1614014E-03   1.6904121E-03   1.6904121E-03
    1.2889054E-03   1.2902889E-03   1.2902889E-03   1.2395028E-03   1.2395028E-03
    1.6727695E-03   2.0231860E-03   1.9878449E-03   1.8134301E-03   2.7106039E-03
    3.0203821E-03   1.7129436E-03   2.7886953E-03   5.3928070E-03   7.9380399E-03
    8.1109387E-03   7.9175859E-03   1.0256753E-02   1.4761348E-02   1.5085639E-02
    1.5746072E-02   1.7027532E-02   2.2572394E-02   2.2867995E-02   2.3453893E-02
    2.4136778E-02   2.7508558E-02   2.7527772E-02   2.7604726E-02   2.9394283E-02
    3.0902142E-02   3.0799247E-02   3.0749256E-02   3.1877141E-02

 1.7610000703E+02   1.9500596E-11   5.2751563E+13   2.4324405E+00   3.8966239E+11   1.5884308E-02   9.9949713E-01    53 
    3.4449434E-01   3.3699674E-01   3.3699674E-01   3.9476063E-01   3.6721359E-01
    3.6721359E-01   4.0440475E-01   4.0440475E-01   3.9238220E-01   3.8680627E-01
    3.8680627E-01   3.7992788E-01   3.7992788E-01   4.8353363E-01   4.8353363E-01
    3.9183074E-01   3.9287527E-01   3.9287527E-01   3.8195648E-01   3.8195648E-01
    4.4913780E-01   4.1199523E-01   4.0797469E-01   4.0450763E-01   4.7428765E-01
    3.8960426E-01   3.7568676E-01   3.8986468E-01   4.5100052E-01   4.0956926E-01
    4.1267697E-01   4.2030660E-01   4.4347491E-01   4.2560585E-01   4.2838068E-01
    4.3419796E-01   4.4070308E-01   4.3597749E-01   4.3757815E-01   4.4029318E-01
    4.4259795E-01   4.3965916E-01   4.4016559E-01   4.4074934E-01   4.4609572E-01
    4.4236639E-01   4.4251352E-01   4.4286524E-01   4.4776392E-01

 1.7572580139E+02   2.1167969E-09   6.3632617E+13   2.5766029E+00   8.2929994E+10   1.3232112E-02   9.9958108E-01    54 
    8.9878178E-01   8.2890007E-01   8.2890007E-01   9.2165183E-01   9.5046339E-01
    9.5046339E-01   9.3421031E-01   9.3421031E-01   9.6482907E-01   9.6506901E-01
    9.6506901E-01   9.3066201E-01   9.3066201E-01   1.0684754E+00   1.0684754E+00
    9.5385450E-01   9.6692522E-01   9.6692522E-01   9.2935491E-01   9.2935491E-01
    1.0074730E+00   9.8843847E-01   9.8840475E-01   9.6268996E-01   1.0382512E+00
    9.6502634E-01   9.5495958E-01   9.4997117E-01   1.0126255E+00   9.7654943E-01
    9.7791523E-01   9.8022031E-01   1.0012904E+00   9.8163205E-01   9.8325585E-01
    9.8593292E-01   9.9142980E-01   9.8619253E-01   9.8710677E-01   9.8781562E-01
    9.8942785E-01   9.8616844E-01   9.8637652E-01   9.8635597E-01   9.8976916E-01
    9.8644728E-01   9.8642236E-01   9.8649063E-01   9.9019397E-01

 1.7532088141E+02   5.5583803E-07   7.5187137E+13   2.7376496E+00   7.2267944E+09   1.1277993E-02   9.9964293E-01    55 
    9.6306317E-01   8.7537953E-01   8.7537953E-01   9.3573311E-01   1.0095488E+00
    1.0095488E+00   9.4188253E-01   9.4188253E-01   9.9947049E-01   1.0067497E+00
    1.0067497E+00   9.6746953E-01   9.6746953E-01   1.0367266E+00   1.0367266E+00
    9.8268790E-01   1.0013272E+00   1.0013272E+00   9.6265195E-01   9.6265195E-01
    9.9343166E-01   1.0080724E+00   1.0119446E+00   9.8194566E-01   1.0075036E+00
    1.0047631E+00   1.0052847E+00   9.8393391E-01   1.0012508E+00   9.9821363E-01
    9.9684301E-01   9.9224379E-01   9.9784707E-01   9.9290449E-01   9.9259145E-01
    9.9088183E-01   9.9239176E-01   9.9348594E-01   9.9332675E-01   9.9207698E-01
    9.9231594E-01   9.9281001E-01   9.9264881E-01   9.9215804E-01   9.9240327E-01
    9.9253233E-01   9.9234503E-01   9.9208465E-01   9.9271110E-01

 1.7487614045E+02   1.2684237E-04   8.6790906E+13   2.9144995E+00   6.2143844E+08   9.9075476E-03   9.9968631E-01    56 
    9.6443956E-01   9.1844809E-01   9.1844809E-01   9.5843973E-01   1.0045094E+00
    1.0045094E+00   9.6246593E-01   9.6246593E-01   1.0059873E+00   1.0041296E+00
    1.0041296E+00   9.8726160E-01   9.8726160E-01   1.0283159E+00   1.0283159E+00
    9.8671862E-01   9.9918730E-01   9.9918730E-01   9.8049126E-01   9.8049126E-01
    9.9719024E-01   1.0031973E+00   1.0057960E+00   9.9052386E-01   1.0000658E+00
    1.0038534E+00   1.0026739E+00   9.9307968E-01   1.0013472E+00   9.9966376E-01
    9.9883108E-01   9.9661408E-01   9.9906832E-01   9.9589529E-01   9.9572134E-01
    9.9482326E-01   9.9541890E-01   9.9649492E-01   9.9635477E-01   9.9570462E-01
    9.9572428E-01   9.9609436E-01   9.9601426E-01   9.9578256E-01   9.9566338E-01
    9.9598891E-01   9.9588797E-01   9.9573300E-01   9.9582906E-01

 1.7437329593E+02   1.9647783E-02   9.8184145E+13   3.1086383E+00   5.6666139E+07   9.0502410E-03   9.9971345E-01    57 
    9.6082795E-01   9.4782727E-01   9.4782727E-01   9.7665553E-01   9.9279585E-01
    9.9279585E-01   9.7978226E-01   9.7978226E-01   1.0031295E+00   9.9684335E-01
    9.9684335E-01   9.9462761E-01   9.9462761E-01   1.0227524E+00   1.0227524E+00
    9.8754444E-01   9.9353594E-01   9.9353594E-01   9.8939376E-01   9.8939376E-01
    1.0028838E+00   9.9752616E-01   9.9824009E-01   9.9398041E-01   9.9978526E-01
    9.9746623E-01   9.9428162E-01   9.9448707E-01   1.0027176E+00   9.9797849E-01
    9.9795090E-01   9.9805320E-01   1.0001031E+00   9.9729051E-01   9.9738471E-01
    9.9742536E-01   9.9781370E-01   9.9822468E-01   9.9820943E-01   9.9812643E-01
    9.9816317E-01   9.9810585E-01   9.9810419E-01   9.9808193E-01   9.9810547E-01
    9.9816170E-01   9.9813653E-01   9.9809202E-01   9.9817493E-01

 1.7377772604E+02   1.8496175E+00   1.0994283E+14   3.3223721E+00   5.6052854E+06   8.6033295E-03   9.9972760E-01    58 
    9.6591356E-01   9.6418362E-01   9.6418362E-01   9.8801200E-01   9.8919530E-01
    9.8919530E-01   9.8914002E-01   9.8914002E-01   9.9884126E-01   9.9482402E-01
    9.9482402E-01   9.9492377E-01   9.9492377E-01   1.0155849E+00   1.0155849E+00
    9.9058536E-01   9.9294263E-01   9.9294263E-01   9.9390758E-01   9.9390758E-01
    1.0056211E+00   9.9635078E-01   9.9584416E-01   9.9528608E-01   9.9999620E-01
    9.9566884E-01   9.9211173E-01   9.9501429E-01   1.0034040E+00   9.9768071E-01
    9.9802713E-01   9.9895185E-01   1.0005777E+00   9.9846588E-01   9.9860318E-01
    9.9883793E-01   9.9914807E-01   9.9923665E-01   9.9926122E-01   9.9934963E-01
    9.9940395E-01   9.9915617E-01   9.9916952E-01   9.9920929E-01   9.9934597E-01
    9.9923589E-01   9.9924441E-01   9.9924699E-01   9.9935834E-01

 1.7303289545E+02   1.1959629E+02   1.2285847E+14   3.5585853E+00   6.0135962E+05   8.2445146E-03   9.9973896E-01    59 
    9.7328754E-01   9.7308304E-01   9.7308304E-01   9.9325563E-01   9.8994991E-01
    9.8994991E-01   9.9185011E-01   9.9185011E-01   9.9621188E-01   9.9508009E-01
    9.9508009E-01   9.9392494E-01   9.9392494E-01   1.0077041E+00   1.0077041E+00
    9.9405137E-01   9.9515845E-01   9.9515845E-01   9.9697278E-01   9.9697278E-01
    1.0045533E+00   9.9758358E-01   9.9563571E-01   9.9532260E-01   9.9863039E-01
    9.9680830E-01   9.9345845E-01   9.9585673E-01   1.0029921E+00   9.9837985E-01
    9.9880590E-01   9.9986564E-01   1.0005248E+00   9.9929656E-01   9.9934903E-01
    9.9941439E-01   9.9962056E-01   9.9967786E-01   9.9967439E-01   9.9975065E-01
    9.9978415E-01   9.9954573E-01   9.9955112E-01   9.9959044E-01   9.9971054E-01
    9.9957861E-01   9.9959502E-01   9.9960750E-01   9.9969550E-01

 1.7207906945E+02   5.7680373E+03   1.4196677E+14   3.8190246E+00   7.3414341E+04   7.4555798E-03   9.9976394E-01    60 
    9.8297106E-01   9.8294753E-01   9.8294753E-01   9.9629217E-01   9.9352172E-01
    9.9352172E-01   9.9132874E-01   9.9132874E-01   9.9740832E-01   9.9725652E-01
    9.9725652E-01   9.9598307E-01   9.9598307E-01   1.0007690E+00   1.0007690E+00
    9.9749625E-01   9.9831854E-01   9.9831854E-01   9.9862264E-01   9.9862264E-01
    1.0006369E+00   9.9840321E-01   9.9654784E-01   9.9597087E-01   9.9625171E-01
    9.9907163E-01   9.9681552E-01   9.9759389E-01   1.0007027E+00   9.9935663E-01
    9.9957100E-01   1.0002108E+00   9.9963806E-01   9.9956916E-01   9.9951455E-01
    9.9933154E-01   9.9933147E-01   9.9960121E-01   9.9955072E-01   9.9954072E-01
    9.9951091E-01   9.9955647E-01   9.9954984E-01   9.9955953E-01   9.9948489E-01
    9.9953722E-01   9.9954027E-01   9.9953902E-01   9.9948014E-01

 1.7091442955E+02   2.1208015E+05   1.7510617E+14   4.1086635E+00   1.0349132E+04   6.2050902E-03   9.9980353E-01    61 
    9.9084429E-01   9.9084173E-01   9.9084173E-01   9.9718952E-01   9.9619142E-01
    9.9619142E-01   9.9341737E-01   9.9341737E-01   9.9813309E-01   9.9906115E-01
    9.9906115E-01   9.9740651E-01   9.9740651E-01   9.9737768E-01   9.9737768E-01
    9.9933568E-01   1.0002244E+00   1.0002244E+00   9.9897068E-01   9.9897068E-01
    9.9813885E-01   9.9887276E-01   9.9768275E-01   9.9713355E-01   9.9617527E-01
    1.0004664E+00   9.9954823E-01   9.9902877E-01   9.9928106E-01   9.9975888E-01
    9.9978504E-01   1.0000258E+00   9.9918413E-01   9.9955247E-01   9.9947117E-01
    9.9928596E-01   9.9921988E-01   9.9953523E-01   9.9948690E-01   9.9944901E-01
    9.9940277E-01   9.9961771E-01   9.9960919E-01   9.9960019E-01   9.9943674E-01
    9.9959856E-01   9.9959193E-01   9.9958191E-01   9.9944760E-01

 1.6959420555E+02   5.4877021E+06   2.2944513E+14   4.4319726E+00   1.6729137E+03   4.8314162E-03   9.9984702E-01    62 
    9.9479505E-01   9.9479476E-01   9.9479476E-01   9.9765139E-01   9.9754029E-01
    9.9754029E-01   9.9671557E-01   9.9671557E-01   9.9837826E-01   9.9933133E-01
    9.9933133E-01   9.9797706E-01   9.9797706E-01   9.9744454E-01   9.9744454E-01
    9.9940494E-01   1.0002074E+00   1.0002074E+00   9.9875063E-01   9.9875063E-01
    9.9713822E-01   9.9895980E-01   9.9838949E-01   9.9801137E-01   9.9716459E-01
    1.0003224E+00   1.0000700E+00   9.9947273E-01   9.9881917E-01   9.9965295E-01
    9.9962080E-01   9.9965712E-01   9.9910982E-01   9.9945481E-01   9.9940144E-01
    9.9931640E-01   9.9927105E-01   9.9952108E-01   9.9949740E-01   9.9946585E-01
    9.9943299E-01   9.9964445E-01   9.9963893E-01   9.9962604E-01   9.9948899E-01
    9.9964216E-01   9.9963345E-01   9.9962323E-01   9.9950448E-01

 1.6818074238E+02   8.5558305E+07   3.1557907E+14   4.7910089E+00   3.1222913E+02   3.5782068E-03   9.9988670E-01    63 
    9.9696312E-01   9.9696309E-01   9.9696309E-01   9.9862186E-01   9.9858810E-01
    9.9858810E-01   9.9843183E-01   9.9843183E-01   9.9876953E-01   9.9883155E-01
    9.9883155E-01   9.9856918E-01   9.9856918E-01   9.9844329E-01   9.9844329E-01
    9.9900051E-01   9.9895677E-01   9.9895677E-01   9.9842125E-01   9.9842125E-01
    9.9768390E-01   9.9900328E-01   9.9881280E-01   9.9860110E-01   9.9814651E-01
    9.9968576E-01   9.9961321E-01   9.9939717E-01   9.9882573E-01   9.9940300E-01
    9.9936877E-01   9.9934713E-01   9.9913925E-01   9.9939088E-01   9.9936741E-01
    9.9933543E-01   9.9931071E-01   9.9946667E-01   9.9945964E-01   9.9943816E-01
    9.9942200E-01   9.9954704E-01   9.9954512E-01   9.9953400E-01   9.9946386E-01
    9.9956301E-01   9.9955666E-01   9.9954912E-01   9.9947619E-01

 1.6673163657E+02   8.0004157E+08   4.4677295E+14   5.1866826E+00   6.7134073E+01   2.5735402E-03   9.9991851E-01    64 
    9.9834443E-01   9.9834444E-01   9.9834444E-01   9.9922978E-01   9.9920063E-01
    9.9920063E-01   9.9913867E-01   9.9913867E-01   9.9919472E-01   9.9914988E-01
    9.9914988E-01   9.9918294E-01   9.9918294E-01   9.9913550E-01   9.9913550E-01
    9.9911174E-01   9.9895137E-01   9.9895137E-01   9.9887035E-01   9.9887035E-01
    9.9880935E-01   9.9926435E-01   9.9924812E-01   9.9917474E-01   9.9901737E-01
    9.9951974E-01   9.9949489E-01   9.9946454E-01   9.9921842E-01   9.9945401E-01
    9.9943486E-01   9.9941827E-01   9.9937881E-01   9.9949832E-01   9.9948982E-01
    9.9947956E-01   9.9946941E-01   9.9953291E-01   9.9953207E-01   9.9952194E-01
    9.9951622E-01   9.9955863E-01   9.9955749E-01   9.9955220E-01   9.9953150E-01
    9.9956925E-01   9.9956664E-01   9.9956300E-01   9.9953726E-01

 1.6528368143E+02   5.1805774E+09   6.3624701E+14   5.6214822E+00   1.6299161E+01   1.8396215E-03   9.9994175E-01    65 
    9.9920297E-01   9.9920299E-01   9.9920299E-01   9.9954905E-01   9.9954338E-01
    9.9954338E-01   9.9952280E-01   9.9952280E-01   9.9956539E-01   9.9955653E-01
    9.9955653E-01   9.9956341E-01   9.9956341E-01   9.9954679E-01   9.9954679E-01
    9.9951312E-01   9.9949985E-01   9.9949985E-01   9.9949073E-01   9.9949073E-01
    9.9949869E-01   9.9960931E-01   9.9963225E-01   9.9961423E-01   9.9957007E-01
    9.9969732E-01   9.9969280E-01   9.9969596E-01   9.9961945E-01   9.9968204E-01
    9.9967301E-01   9.9966623E-01   9.9966343E-01   9.9969594E-01   9.9969283E-01
    9.9968985E-01   9.9968752E-01   9.9970309E-01   9.9970325E-01   9.9970016E-01
    9.9969903E-01   9.9970950E-01   9.9970882E-01   9.9970732E-01   9.9970357E-01
    9.9971328E-01   9.9971250E-01   9.9971134E-01   9.9970550E-01

 1.6382586775E+02   2.5161922E+10   9.0466070E+14   6.1043631E+00   4.3457595E+00   1.3171913E-03   9.9995829E-01    66 
    9.9966938E-01   9.9966939E-01   9.9966939E-01   9.9976502E-01   9.9976595E-01
    9.9976595E-01   9.9976224E-01   9.9976224E-01   9.9979803E-01   9.9978933E-01
    9.9978933E-01   9.9978570E-01   9.9978570E-01   9.9978645E-01   9.9978645E-01
    9.9978818E-01   9.9979903E-01   9.9979903E-01   9.9980004E-01   9.9980004E-01
    9.9980202E-01   9.9983236E-01   9.9984524E-01   9.9983795E-01   9.9982770E-01
    9.9986280E-01   9.9986238E-01   9.9986434E-01   9.9984246E-01   9.9986026E-01
    9.9985629E-01   9.9985386E-01   9.9985349E-01   9.9986105E-01   9.9986003E-01
    9.9985931E-01   9.9985893E-01   9.9986250E-01   9.9986260E-01   9.9986203E-01
    9.9986191E-01   9.9986450E-01   9.9986421E-01   9.9986388E-01   9.9986340E-01
    9.9986556E-01   9.9986531E-01   9.9986503E-01   9.9986403E-01

 1.6262948356E+02   7.0192422E+10   1.2018347E+15   6.5355883E+00   1.5900854E+00   1.0062501E-03   9.9996814E-01    67 
    9.9984625E-01   9.9984626E-01   9.9984626E-01   9.9986834E-01   9.9986999E-01
    9.9986999E-01   9.9986945E-01   9.9986945E-01   9.9989169E-01   9.9988316E-01
    9.9988316E-01   9.9987967E-01   9.9987967E-01   9.9988461E-01   9.9988461E-01
    9.9989983E-01   9.9990505E-01   9.9990505E-01   9.9990553E-01   9.9990553E-01
    9.9990541E-01   9.9991629E-01   9.9992143E-01   9.9991717E-01   9.9991603E-01
    9.9993006E-01   9.9992968E-01   9.9993012E-01   9.9992377E-01   9.9993217E-01
    9.9993037E-01   9.9992931E-01   9.9992900E-01   9.9993198E-01   9.9993163E-01
    9.9993147E-01   9.9993140E-01   9.9993287E-01   9.9993292E-01   9.9993278E-01
    9.9993276E-01   9.9993380E-01   9.9993366E-01   9.9993355E-01   9.9993347E-01
    9.9993419E-01   9.9993408E-01   9.9993398E-01   9.9993376E-01

 1.6201157053E+02   1.0695101E+11   1.3898025E+15   6.7707007E+00   9.7419066E-01   8.7685607E-04   9.9997223E-01    68 
    9.9989615E-01   9.9989616E-01   9.9989616E-01   9.9990376E-01   9.9990538E-01
    9.9990538E-01   9.9990521E-01   9.9990521E-01   9.9992081E-01   9.9991284E-01
    9.9991284E-01   9.9991007E-01   9.9991007E-01   9.9991543E-01   9.9991543E-01
    9.9993304E-01   9.9993593E-01   9.9993593E-01   9.9993591E-01   9.9993591E-01
    9.9993537E-01   9.9994210E-01   9.9994493E-01   9.9994175E-01   9.9994234E-01
    9.9995177E-01   9.9995136E-01   9.9995146E-01   9.9994833E-01   9.9995464E-01
    9.9995333E-01   9.9995258E-01   9.9995227E-01   9.9995424E-01   9.9995407E-01
    9.9995401E-01   9.9995398E-01   9.9995498E-01   9.9995502E-01   9.9995494E-01
    9.9995492E-01   9.9995561E-01   9.9995551E-01   9.9995544E-01   9.9995542E-01
    9.9995583E-01   9.9995576E-01   9.9995570E-01   9.9995561E-01

 1.6170162012E+02   1.2856874E+11   1.4939434E+15   6.8916498E+00   7.6781840E-01   8.1888450E-04   9.9997407E-01    69 
    9.9988422E-01   9.9988424E-01   9.9988424E-01   9.9989854E-01   9.9990043E-01
    9.9990043E-01   9.9990038E-01   9.9990038E-01   9.9991897E-01   9.9991188E-01
    9.9991188E-01   9.9990930E-01   9.9990930E-01   9.9991366E-01   9.9991366E-01
    9.9993409E-01   9.9993698E-01   9.9993698E-01   9.9993691E-01   9.9993691E-01
    9.9993634E-01   9.9994347E-01   9.9994625E-01   9.9994328E-01   9.9994394E-01
    9.9995284E-01   9.9995238E-01   9.9995242E-01   9.9994991E-01   9.9995606E-01
    9.9995490E-01   9.9995421E-01   9.9995392E-01   9.9995581E-01   9.9995567E-01
    9.9995563E-01   9.9995561E-01   9.9995658E-01   9.9995661E-01   9.9995654E-01
    9.9995653E-01   9.9995718E-01   9.9995710E-01   9.9995704E-01   9.9995701E-01
    9.9995739E-01   9.9995734E-01   9.9995728E-01   9.9995720E-01

 1.6159822254E+02   1.3638562E+11   1.5305404E+15   6.9327207E+00   7.0801530E-01   8.0033493E-04   9.9997466E-01    70 
    9.9752658E-01   9.9761974E-01   9.9761974E-01   9.9866280E-01   9.9935181E-01
    9.9935181E-01   9.9872951E-01   9.9872951E-01   9.9955827E-01   9.9987385E-01
    9.9987385E-01   9.9944725E-01   9.9944725E-01   9.9866164E-01   9.9866164E-01
    9.9984990E-01   9.9990871E-01   9.9990871E-01   9.9960445E-01   9.9960445E-01
    9.9910695E-01   9.9986914E-01   9.9985399E-01   9.9967609E-01   9.9944669E-01
    1.0004268E+00   1.0004801E+00   1.0002281E+00   9.9965299E-01   9.9982105E-01
    9.9980069E-01   9.9976779E-01   9.9972734E-01   9.9976970E-01   9.9976509E-01
    9.9975292E-01   9.9974616E-01   9.9976419E-01   9.9976257E-01   9.9975693E-01
    9.9975459E-01   9.9976744E-01   9.9976654E-01   9.9976480E-01   9.9975816E-01
    9.9976736E-01   9.9976686E-01   9.9976583E-01   9.9975954E-01
