
 24-FEB-2004                           !Format date

 2.3898101473E+02     6.1000E+05       56       60

 3.6610828795E+04   7.2553337E-03   1.2890737E+06   1.0956315E+00   4.3076191E+01   1.8500885E+03   5.0000000E-02     1 
    1.4849484E-35   1.4024774E-37   1.4024774E-37   1.4024774E-37   1.6504194E-35
    2.9849900E-38   2.9849900E-38   2.9849900E-38   7.6006388E-38   3.8469170E-36
    8.7170825E-23   4.1008775E-22   1.2843245E-21   2.6639129E-19   2.6639129E-19
    2.6639129E-19   5.8047048E-21   5.8047048E-21   5.8047048E-21   2.9992209E-20
    7.3803288E-18   7.3803288E-18   7.3803288E-18   3.6249520E-17   7.1950042E-17
    6.1542313E-16   6.1542313E-16   6.1542313E-16   3.6904386E-16   1.5232073E-15
    1.5232073E-15   1.5232073E-15   8.4522093E-13   8.4522093E-13   8.4522093E-13
    8.3378781E-16   2.4456773E-15   1.0173931E-15   1.0173931E-15   1.0173931E-15
    2.8337262E-14   3.1342274E-15   3.1342274E-15   3.1342274E-15   2.4464358E-15
    9.7399470E-15   3.0053257E-13   5.6285191E-13   3.6678315E-12   3.6678315E-12
    3.6678315E-12   7.1355129E-13   7.7201268E-13   7.7201268E-13   7.7201268E-13
    1.6025227E-12

 3.6189959920E+04   7.4295962E-03   1.3194229E+06   1.0987652E+00   4.3100256E+01   1.8498237E+03   5.0000000E-02     2 
    2.0565759E-35   1.9272981E-37   1.9272981E-37   1.9272981E-37   2.2040400E-35
    3.9959950E-38   3.9959950E-38   3.9959950E-38   1.0075424E-37   4.9866156E-36
    1.0049255E-22   4.7025241E-22   1.4624932E-21   3.0302196E-19   3.0302196E-19
    3.0302196E-19   6.5652212E-21   6.5652212E-21   6.5652212E-21   3.3733857E-20
    8.2060352E-18   8.2060352E-18   8.2060352E-18   4.0127910E-17   7.9471799E-17
    6.7849370E-16   6.7849370E-16   6.7849370E-16   4.0605996E-16   1.6713786E-15
    1.6713786E-15   1.6713786E-15   9.2705326E-13   9.2705326E-13   9.2705326E-13
    9.1383889E-16   2.6774747E-15   1.1110943E-15   1.1110943E-15   1.1110943E-15
    3.0917439E-14   3.4191159E-15   3.4191159E-15   3.4191159E-15   2.6634645E-15
    1.0581537E-14   3.2436803E-13   6.0540315E-13   3.9387739E-12   3.9387739E-12
    3.9387739E-12   7.6578365E-13   8.2702230E-13   8.2702230E-13   8.2702230E-13
    1.7141678E-12

 3.5362389926E+04   7.7930420E-03   1.3823130E+06   1.1050687E+00   4.3136978E+01   1.8492846E+03   5.0000000E-02     3 
    3.9359492E-35   3.6322657E-37   3.6322657E-37   3.6322657E-37   3.9238781E-35
    7.1489368E-38   7.1489368E-38   7.1489368E-38   1.7679907E-37   8.3686521E-36
    1.3345113E-22   6.1789291E-22   1.8926977E-21   3.9181242E-19   3.9181242E-19
    3.9181242E-19   8.3926921E-21   8.3926921E-21   8.3926921E-21   4.2648669E-20
    1.0138902E-17   1.0138902E-17   1.0138902E-17   4.9145928E-17   9.6902271E-17
    8.2424039E-16   8.2424039E-16   8.2424039E-16   4.9134215E-16   2.0113327E-15
    2.0113327E-15   2.0113327E-15   1.1146783E-12   1.1146783E-12   1.1146783E-12
    1.0971742E-15   3.2074572E-15   1.3245305E-15   1.3245305E-15   1.3245305E-15
    3.6785965E-14   4.0669663E-15   4.0669663E-15   4.0669663E-15   3.1555001E-15
    1.2482920E-14   3.7770678E-13   7.0012872E-13   4.5404649E-12   4.5404649E-12
    4.5404649E-12   8.8163184E-13   9.4873352E-13   9.4873352E-13   9.4873352E-13
    1.9606363E-12

 3.3765482881E+04   8.5783809E-03   1.5170918E+06   1.1177246E+00   4.3184331E+01   1.8481692E+03   5.0000000E-02     4 
    1.4149825E-34   1.2681928E-36   1.2681928E-36   1.2681928E-36   1.2246154E-34
    2.2547940E-37   2.2547940E-37   2.2547940E-37   5.3711730E-37   2.3283732E-35
    2.3361388E-22   1.0592449E-21   3.1506007E-21   6.5071678E-19   6.5071678E-19
    6.5071678E-19   1.3628717E-20   1.3628717E-20   1.3628717E-20   6.7756531E-20
    1.5391969E-17   1.5391969E-17   1.5391969E-17   7.3326805E-17   1.4332078E-16
    1.2101968E-15   1.2101968E-15   1.2101968E-15   7.1582207E-16   2.8986963E-15
    2.8986963E-15   2.8986963E-15   1.6037624E-12   1.6037624E-12   1.6037624E-12
    1.5740008E-15   4.5812618E-15   1.8736316E-15   1.8736316E-15   1.8736316E-15
    5.1838838E-14   5.7281155E-15   5.7281155E-15   5.7281155E-15   4.4094515E-15
    1.7295331E-14   5.1013946E-13   9.3287526E-13   6.0116561E-12   6.0116561E-12
    6.0116561E-12   1.1642351E-12   1.2441347E-12   1.2441347E-12   1.2441347E-12
    2.5561642E-12

 3.0787320876E+04   1.0403855E-02   1.8272064E+06   1.1427951E+00   4.3227585E+01   1.8457836E+03   5.0000000E-02     5 
    1.6278348E-33   1.3900367E-35   1.3900367E-35   1.3900367E-35   1.0830620E-33
    2.0498631E-36   2.0498631E-36   2.0498631E-36   4.5524449E-36   1.6674386E-34
    6.8309616E-22   2.9755456E-21   8.3755085E-21   1.7202204E-18   1.7202204E-18
    1.7202204E-18   3.4514468E-20   3.4514468E-20   3.4514468E-20   1.6453251E-19
    3.4246612E-17   3.4246612E-17   3.4246612E-17   1.5782230E-16   3.0332681E-16
    2.5259091E-15   2.5259091E-15   2.5259091E-15   1.4719688E-15   5.8385618E-15
    5.8385618E-15   5.8385618E-15   3.2196778E-12   3.2196778E-12   3.2196778E-12
    3.1423986E-15   9.0704871E-15   3.6412166E-15   3.6412166E-15   3.6412166E-15
    1.0000900E-13   1.1040274E-14   1.1040274E-14   1.1040274E-14   8.3713179E-15
    3.2295980E-14   9.0759708E-13   1.6171421E-12   1.0295432E-11   1.0295432E-11
    1.0295432E-11   1.9842651E-12   2.0918085E-12   2.0918085E-12   2.0918085E-12
    4.2501203E-12

 2.5606639707E+04   1.5312824E-02   2.6492571E+06   1.1905516E+00   4.3209776E+01   1.8403738E+03   5.0000000E-02     6 
    1.2353925E-31   1.0042674E-33   1.0042674E-33   1.0042674E-33   5.3433738E-32
    1.1012450E-34   1.1012450E-34   1.1012450E-34   2.1698227E-34   5.8747786E-33
    4.6601664E-21   1.8894310E-20   4.8176785E-20   9.7993955E-18   9.7993955E-18
    9.7993955E-18   1.8214982E-19   1.8214982E-19   1.8214982E-19   8.0530320E-19
    1.4317135E-16   1.4317135E-16   1.4317135E-16   6.2169739E-16   1.1593811E-15
    9.4202300E-15   9.4202300E-15   9.4202300E-15   5.3456787E-15   2.0435719E-14
    2.0435719E-14   2.0435719E-14   1.1200004E-11   1.1200004E-11   1.1200004E-11
    1.0822939E-14   3.0788408E-14   1.1951787E-14   1.1951787E-14   1.1951787E-14
    3.2393620E-13   3.5708296E-14   3.5708296E-14   3.5708296E-14   2.6354764E-14
    9.8800472E-14   2.5462367E-12   4.3309376E-12   2.6979671E-11   2.6979671E-11
    2.6979671E-11   5.1541864E-12   5.3038368E-12   5.3038368E-12   5.3038368E-12
    1.0564480E-11

 1.7924754034E+04   3.1867663E-02   5.4481421E+06   1.2667001E+00   4.3369404E+01   1.8264731E+03   5.0000000E-02     7 
    5.2407864E-29   4.7233793E-31   4.7233793E-31   4.7233793E-31   1.4714584E-29
    4.0522105E-32   4.0522105E-32   4.0522105E-32   6.8389968E-32   1.1890498E-30
    7.4031802E-20   2.7069683E-19   5.9883429E-19   1.2011336E-16   1.2011336E-16
    1.2011336E-16   2.0017360E-18   2.0017360E-18   2.0017360E-18   7.9383651E-18
    1.1214425E-15   1.1214425E-15   1.1214425E-15   4.4686309E-15   7.9792249E-15
    6.2627236E-14   6.2627236E-14   6.2627236E-14   3.4211297E-14   1.2406451E-13
    1.2406451E-13   1.2406451E-13   6.7350797E-11   6.7350797E-11   6.7350797E-11
    6.4158088E-14   1.7885469E-13   6.6117398E-14   6.6117398E-14   6.6117398E-14
    1.7572246E-12   1.9342960E-13   1.9342960E-13   1.9342960E-13   1.3732876E-13
    4.9442540E-13   1.1264662E-11   1.7921854E-11   1.0820111E-10   1.0820111E-10
    1.0820111E-10   2.0395809E-11   2.0282339E-11   2.0282339E-11   2.0282339E-11
    3.9283075E-11

 1.2570694490E+04   6.6018333E-02   1.1199094E+07   1.3188845E+00   4.3288425E+01   1.8067133E+03   5.0000000E-02     8 
    1.6793645E-27   2.0790086E-29   2.0790086E-29   2.0790086E-29   4.7187778E-28
    2.0004202E-30   2.0004202E-30   2.0004202E-30   3.1136537E-30   4.0485279E-29
    4.1046760E-19   1.4078485E-18   2.8521979E-18   5.6726702E-16   5.6726702E-16
    5.6726702E-16   8.8398480E-18   8.8398480E-18   8.8398480E-18   3.2774518E-17
    4.0080183E-15   4.0080183E-15   4.0080183E-15   1.5139396E-14   2.6316384E-14
    2.0227261E-13   2.0227261E-13   2.0227261E-13   1.0793298E-13   3.7891794E-13
    3.7891794E-13   3.7891794E-13   2.0441191E-10   2.0441191E-10   2.0441191E-10
    1.9300621E-13   5.3158744E-13   1.9058482E-13   1.9058482E-13   1.9058482E-13
    5.0023945E-12   5.5042022E-13   5.5042022E-13   5.5042022E-13   3.8152070E-13
    1.3400690E-12   2.8320827E-11   4.3233331E-11   2.5599807E-10   2.5599807E-10
    2.5599807E-10   4.7834254E-11   4.6590224E-11   4.6590224E-11   4.6590224E-11
    8.8777695E-11

 8.8393020964E+03   1.3642192E-01   2.3003788E+07   1.3561877E+00   4.3056115E+01   1.7789807E+03   5.0000000E-02     9 
    1.3353978E-26   2.5428766E-28   2.5428766E-28   2.5428766E-28   4.7531146E-27
    3.3249461E-29   3.3249461E-29   3.3249461E-29   4.9853539E-29   5.2152398E-28
    1.2892599E-18   4.2368532E-18   8.0958125E-18   1.6007894E-15   1.6007894E-15
    1.6007894E-15   2.3855636E-17   2.3855636E-17   2.3855636E-17   8.4561498E-17
    9.3826507E-15   9.3826507E-15   9.3826507E-15   3.4194113E-14   5.8380447E-14
    4.4259607E-13   4.4259607E-13   4.4259607E-13   2.3250784E-13   7.9884093E-13
    7.9884093E-13   7.9884093E-13   4.2905039E-10   4.2905039E-10   4.2905039E-10
    4.0273224E-13   1.1005372E-12   3.8651111E-13   3.8651111E-13   3.8651111E-13
    1.0058992E-11   1.1067494E-12   1.1067494E-12   1.1067494E-12   7.5496044E-13
    2.6079815E-12   5.2461272E-11   7.7904729E-11   4.5535565E-10   4.5535565E-10
    4.5535565E-10   8.4547332E-11   8.1249415E-11   8.1249415E-11   8.1249415E-11
    1.5326926E-10

 6.2442497492E+03   2.8112221E-01   4.7116928E+07   1.3876455E+00   4.2685633E+01   1.7405312E+03   5.0000000E-02    10 
    6.0957120E-26   1.8534334E-27   1.8534334E-27   1.8534334E-27   3.0160796E-26
    3.5326723E-28   3.5326723E-28   3.5326723E-28   5.2365861E-28   4.4647604E-27
    3.2284651E-18   1.0251919E-17   1.8694515E-17   3.6787359E-15   3.6787359E-15
    3.6787359E-15   5.2898843E-17   5.2898843E-17   5.2898843E-17   1.8088566E-16
    1.8554484E-14   1.8554484E-14   1.8554484E-14   6.5707245E-14   1.1056886E-13
    8.2918892E-13   8.2918892E-13   8.2918892E-13   4.3017982E-13   1.4527312E-12
    1.4527312E-12   1.4527312E-12   7.7738156E-10   7.7738156E-10   7.7738156E-10
    7.2629050E-13   1.9724850E-12   6.8131427E-13   6.8131427E-13   6.8131427E-13
    1.7608741E-11   1.9376113E-12   1.9376113E-12   1.9376113E-12   1.3048918E-12
    4.4467314E-12   8.6036981E-11   1.2496789E-10   7.2289998E-10   7.2289998E-10
    7.2289998E-10   1.3351248E-10   1.2695327E-10   1.2695327E-10   1.2695327E-10
    2.3748515E-10

 4.4403617679E+03   5.7831962E-01   9.6078765E+07   1.4200754E+00   4.2115511E+01   1.6879799E+03   5.0000000E-02    11 
    2.6885989E-25   1.2963239E-26   1.2963239E-26   1.2963239E-26   1.8591400E-25
    3.5760793E-27   3.5760793E-27   3.5760793E-27   5.3306752E-27   3.5978134E-26
    7.9746939E-18   2.4482802E-17   4.2628239E-17   8.3500005E-15   8.3500005E-15
    8.3500005E-15   1.1593182E-16   1.1593182E-16   1.1593182E-16   3.8264711E-16
    3.6310524E-14   3.6310524E-14   3.6310524E-14   1.2501214E-13   2.0735418E-13
    1.5386953E-12   1.5386953E-12   1.5386953E-12   7.8850038E-13   2.6180870E-12
    2.6180870E-12   2.6180870E-12   1.3956784E-09   1.3956784E-09   1.3956784E-09
    1.2980448E-12   3.5042614E-12   1.1906347E-12   1.1906347E-12   1.1906347E-12
    3.0559787E-11   3.3634638E-12   3.3634638E-12   3.3634638E-12   2.2367414E-12
    7.5185041E-12   1.4010154E-10   1.9910740E-10   1.1401104E-09   1.1401104E-09
    1.1401104E-09   2.0946042E-10   1.9710092E-10   1.9710092E-10   1.9710092E-10
    3.6537251E-10

 3.1810002514E+03   1.1935642E+00   1.9541913E+08   1.4567780E+00   4.1226487E+01   1.6171461E+03   5.0000000E-02    12 
    1.4028148E-24   1.0520718E-25   1.0520718E-25   1.0520718E-25   1.3218427E-24
    4.0445894E-26   4.0445894E-26   4.0445894E-26   6.1775046E-26   3.1136122E-25
    2.1152283E-17   6.2617120E-17   1.0367995E-16   2.0216401E-14   2.0216401E-14
    2.0216401E-14   2.7029900E-16   2.7029900E-16   2.7029900E-16   8.5883385E-16
    7.4890210E-14   7.4890210E-14   7.4890210E-14   2.5011997E-13   4.0842735E-13
    2.9970841E-12   2.9970841E-12   2.9970841E-12   1.5155941E-12   4.9414836E-12
    4.9414836E-12   4.9414836E-12   2.6228908E-09   2.6228908E-09   2.6228908E-09
    2.4277722E-12   6.5128200E-12   2.1736805E-12   2.1736805E-12   2.1736805E-12
    5.5369496E-11   6.0964724E-12   6.0964724E-12   6.0964724E-12   3.9994845E-12
    1.3242386E-11   2.3714309E-10   3.2918197E-10   1.8645477E-09   1.8645477E-09
    1.8645477E-09   3.4055362E-10   3.1688929E-10   3.1688929E-10   3.1688929E-10
    5.8144604E-10

 2.2986694107E+03   2.4907690E+00   3.9723741E+08   1.4997920E+00   3.9785506E+01   1.5235383E+03   5.0000000E-02    13 
    9.3872308E-24   1.0661008E-24   1.0661008E-24   1.0661008E-24   1.1581905E-23
    5.4186071E-25   5.4186071E-25   5.4186071E-25   8.6845388E-25   3.0320079E-24
    6.2491958E-17   1.7765815E-16   2.7797448E-16   5.3968942E-14   5.3968942E-14
    5.3968942E-14   6.9210002E-16   6.9210002E-16   6.9210002E-16   2.1083242E-15
    1.6724943E-13   1.6724943E-13   1.6724943E-13   5.4002976E-13   8.6659444E-13
    6.2824138E-12   6.2824138E-12   6.2824138E-12   3.1304907E-12   1.0002956E-11
    1.0002956E-11   1.0002956E-11   5.2821495E-09   5.2821495E-09   5.2821495E-09
    4.8643003E-12   1.2959898E-11   4.2399990E-12   4.2399990E-12   4.2399990E-12
    1.0708057E-10   1.1797679E-11   1.1797679E-11   1.1797679E-11   7.6238595E-12
    2.4811819E-11   4.2561956E-10   5.7555071E-10   3.2217599E-09   3.2217599E-09
    3.2217599E-09   5.8427354E-10   5.3714397E-10   5.3714397E-10   5.3714397E-10
    9.7427917E-10

 1.6800747624E+03   5.2711119E+00   8.0697832E+08   1.5477906E+00   3.7727552E+01   1.4039450E+03   5.0000000E-02    14 
    7.0639972E-23   1.1522567E-23   1.1522567E-23   1.1522567E-23   1.1053143E-22
    7.4419111E-24   7.4419111E-24   7.4419111E-24   1.2990323E-23   3.0085404E-23
    1.9516858E-16   5.3166456E-16   7.8313841E-16   1.5148996E-13   1.5148996E-13
    1.5148996E-13   1.8596968E-15   1.8596968E-15   1.8596968E-15   5.4209371E-15
    3.8898310E-13   3.8898310E-13   3.8898310E-13   1.2120763E-12   1.9096619E-12
    1.3673854E-11   1.3673854E-11   1.3673854E-11   6.7089728E-12   2.0988148E-11
    2.0988148E-11   2.0988148E-11   1.1016640E-08   1.1016640E-08   1.1016640E-08
    1.0094687E-11   2.6706830E-11   8.5550606E-12   8.5550606E-12   8.5550606E-12
    2.1407207E-10   2.3607337E-11   2.3607337E-11   2.3607337E-11   1.5015991E-11
    4.7969450E-11   7.8758847E-10   1.0360225E-09   5.7313275E-09   5.7313275E-09
    5.7313275E-09   1.0305103E-09   9.3593288E-10   9.3593288E-10   9.3593288E-10
    1.6769747E-09

 1.2462065762E+03   1.1174956E+01   1.6372517E+09   1.5949922E+00   3.5534677E+01   1.2577210E+03   5.0000000E-02    15 
    4.2932614E-22   9.1896964E-23   9.1896964E-23   9.1896964E-23   8.6672276E-22
    7.5623062E-23   7.5623062E-23   7.5623062E-23   1.5387008E-22   2.5591895E-22
    5.6012483E-16   1.4663634E-15   2.0423786E-15   3.9376204E-13   3.9376204E-13
    3.9376204E-13   4.6426808E-15   4.6426808E-15   4.6426808E-15   1.2997091E-14
    8.4915175E-13   8.4915175E-13   8.4915175E-13   2.5600266E-12   3.9653074E-12
    2.8084516E-11   2.8084516E-11   2.8084516E-11   1.3582952E-11   4.1665606E-11
    4.1665606E-11   4.1665606E-11   2.1727649E-08   2.1727649E-08   2.1727649E-08
    1.9832373E-11   5.2138154E-11   1.6376544E-11   1.6376544E-11   1.6376544E-11
    4.0621676E-10   4.4846486E-11   4.4846486E-11   4.4846486E-11   2.8111646E-11
    8.8253082E-11   1.3933966E-09   1.7861389E-09   9.7825849E-09   9.7825849E-09
    9.7825849E-09   1.7433246E-09   1.5659382E-09   1.5659382E-09   1.5659382E-09
    2.7738029E-09

 9.4087385512E+02   2.3053814E+01   3.3348179E+09   1.6331523E+00   3.4230036E+01   1.0833021E+03   5.0000000E-02    16 
    1.4577570E-21   4.1502287E-22   4.1502287E-22   4.1502287E-22   4.2253190E-21
    4.6145011E-22   4.6145011E-22   4.6145011E-22   1.1570430E-21   1.9557655E-21
    1.2579386E-15   3.1927617E-15   4.2681401E-15   8.1927169E-13   8.1927169E-13
    8.1927169E-13   9.3636529E-15   9.3636529E-15   9.3636529E-15   2.5426845E-14
    1.5447139E-12   1.5447139E-12   1.5447139E-12   4.5402505E-12   6.9410350E-12
    4.8787605E-11   4.8787605E-11   4.8787605E-11   2.3334687E-11   7.0489600E-11
    7.0489600E-11   7.0489600E-11   3.6512654E-08   3.6512654E-08   3.6512654E-08
    3.3276956E-11   8.7069822E-11   2.6937461E-11   2.6937461E-11   2.6937461E-11
    6.6358551E-10   7.3338648E-11   7.3338648E-11   7.3338648E-11   4.5459925E-11
    1.4087392E-10   2.1614388E-09   2.7144308E-09   1.4760227E-08   1.4760227E-08
    1.4760227E-08   2.6137281E-09   2.3265385E-09   2.3265385E-09   2.3265385E-09
    4.0838640E-09

 7.2776793648E+02   4.7573617E+01   6.8164388E+09   1.6859483E+00   3.2769178E+01   8.8582308E+02   5.0000000E-02    17 
    9.0193257E-21   3.5468115E-21   3.5468115E-21   3.5468115E-21   3.6110622E-20
    4.6467020E-21   4.6467020E-21   4.6467020E-21   1.5135380E-20   3.0601876E-20
    3.6309665E-15   8.8505783E-15   1.1212858E-14   2.1397090E-12   2.1397090E-12
    2.1397090E-12   2.3475511E-14   2.3475511E-14   2.3475511E-14   6.1296722E-14
    3.3812084E-12   3.3812084E-12   3.3812084E-12   9.6124183E-12   1.4444703E-11
    1.0057459E-10   1.0057459E-10   1.0057459E-10   4.7403358E-11   1.4033766E-10
    1.4033766E-10   1.4033766E-10   7.1990750E-08   7.1990750E-08   7.1990750E-08
    6.5527787E-11   1.7042127E-10   5.1683196E-11   5.1683196E-11   5.1683196E-11
    1.2614543E-09   1.3964637E-10   1.3964637E-10   1.3964637E-10   8.5303429E-11
    2.5997923E-10   3.8460343E-09   4.7024625E-09   2.5275296E-08   2.5275296E-08
    2.5275296E-08   4.4461068E-09   3.9137550E-09   3.9137550E-09   3.9137550E-09
    6.7872591E-09

 5.7952186412E+02   9.7703205E+01   1.3879425E+10   1.7470391E+00   3.1172455E+01   6.8612003E+02   5.0000000E-02    18 
    6.8735647E-20   4.2021671E-20   4.2021671E-20   4.2021671E-20   2.5815969E-19
    5.9863303E-20   5.9863303E-20   5.9863303E-20   1.4482369E-19   3.2952311E-19
    1.1438629E-14   2.6705477E-14   3.1837606E-14   6.0435229E-12   6.0435229E-12
    6.0435229E-12   6.3541750E-14   6.3541750E-14   6.3541750E-14   1.5919521E-13
    7.8924985E-12   7.8924985E-12   7.8924985E-12   2.1639884E-11   3.1916240E-11
    2.2018630E-10   2.2018630E-10   2.2018630E-10   1.0222495E-10   2.9577666E-10
    2.9577666E-10   2.9577666E-10   1.4982114E-07   1.4982114E-07   1.4982114E-07
    1.3641264E-10   3.5253150E-10   1.0461335E-10   1.0461335E-10   1.0461335E-10
    2.5270708E-09   2.8036300E-10   2.8036300E-10   2.8036300E-10   1.6857207E-10
    5.0455383E-10   7.1806178E-09   8.5408995E-09   4.5224907E-08   4.5224907E-08
    4.5224907E-08   7.8964692E-09   6.8897717E-09   6.8897717E-09   6.8897717E-09
    1.1782844E-08

 4.7577603226E+02   1.9862831E+02   2.8382837E+10   1.8274214E+00   2.9551244E+01   4.9783982E+02   5.0000059E-02    19 
    9.4580419E-19   7.7779470E-19   7.7779470E-19   7.7779470E-19   2.1944414E-18
    1.0608712E-18   1.0608712E-18   1.0608712E-18   1.4086635E-18   3.1023025E-18
    4.6097534E-14   1.0222383E-13   1.1289744E-13   2.1304594E-11   2.1304594E-11
    2.1304594E-11   2.1320350E-13   2.1320350E-13   2.1320350E-13   5.0861933E-13
    2.2095166E-11   2.2095166E-11   2.2095166E-11   5.7958924E-11   8.3559187E-11
    5.7040341E-10   5.7040341E-10   5.7040341E-10   2.6012168E-10   7.3159989E-10
    7.3159989E-10   7.3159989E-10   3.6438939E-07   3.6438939E-07   3.6438939E-07
    3.3232924E-10   8.5249450E-10   2.4633470E-10   2.4633470E-10   2.4633470E-10
    5.8740518E-09   6.5370475E-10   6.5370475E-10   6.5370475E-10   3.8558206E-10
    1.1293467E-09   1.5320294E-08   1.7642469E-08   9.1708896E-08   9.1708896E-08
    9.1708896E-08   1.5858449E-08   1.3716032E-08   1.3716032E-08   1.3716032E-08
    2.3026297E-08

 4.0336781057E+02   3.9889436E+02   5.8046845E+10   1.9501177E+00   2.7507391E+01   3.3864400E+02   5.0011895E-02    20 
    4.4852198E-17   2.9542991E-17   2.9542991E-17   2.9542991E-17   1.2214851E-16
    3.0197928E-17   3.0197928E-17   3.0197928E-17   7.8798888E-17   1.1346592E-16
    3.1071072E-13   6.4542581E-13   6.3904398E-13   1.1961097E-10   1.1961097E-10
    1.1961097E-10   1.1174013E-12   1.1174013E-12   1.1174013E-12   2.4954244E-12
    9.0367193E-11   9.0367193E-11   9.0367193E-11   2.2303308E-10   3.1171778E-10
    2.0978549E-09   2.0978549E-09   2.0978549E-09   9.3232475E-10   2.5264781E-09
    2.5264781E-09   2.5264781E-09   1.2306427E-06   1.2306427E-06   1.2306427E-06
    1.1238482E-09   2.8553980E-09   7.9524091E-10   7.9524091E-10   7.9524091E-10
    1.8620373E-08   2.0823567E-09   2.0823567E-09   2.0823567E-09   1.1965562E-09
    3.4043651E-09   4.3272226E-08   4.7615577E-08   2.4192411E-07   2.4192411E-07
    2.4192411E-07   4.1269186E-08   3.5128354E-08   3.5128354E-08   3.5128354E-08
    5.7601238E-08

 3.5601281607E+02   6.8075129E+02   1.1206827E+11   2.0644112E+00   2.7351423E+01   2.2272765E+02   5.0566775E-02    21 
    1.0647819E-15   7.7889224E-16   7.7889224E-16   7.7889224E-16   1.4085265E-15
    6.2678137E-16   6.2678137E-16   6.2678137E-16   8.6745750E-16   1.0154094E-15
    1.5049755E-12   2.9540033E-12   2.6764066E-12   4.9684762E-10   4.9684762E-10
    4.9684762E-10   4.4016020E-12   4.4016020E-12   4.4016020E-12   9.2831150E-12
    2.8896032E-10   2.8896032E-10   2.8896032E-10   6.7795161E-10   9.2315311E-10
    6.1516915E-09   6.1516915E-09   6.1516915E-09   2.6713607E-09   7.0297728E-09
    7.0297728E-09   7.0297728E-09   3.3485429E-06   3.3485429E-06   3.3485429E-06
    3.0714555E-09   7.7459906E-09   2.0919877E-09   2.0919877E-09   2.0919877E-09
    4.8219268E-08   5.4183964E-09   5.4183964E-09   5.4183964E-09   3.0473023E-09
    8.4683733E-09   1.0232972E-07   1.0834459E-07   5.4077193E-07   5.4077193E-07
    5.4077193E-07   9.1214875E-08   7.6563844E-08   7.6563844E-08   7.6563844E-08
    1.2310468E-07

 3.2549493173E+02   1.0232587E+03   1.7987415E+11   2.1285849E+00   2.6512558E+01   1.4726729E+02   5.7011504E-02    22 
    4.6224442E-15   3.3754000E-15   3.3754000E-15   3.3754000E-15   4.4907123E-15
    2.5872186E-15   2.5872186E-15   2.5872186E-15   2.8774724E-15   3.1465183E-15
    3.3923381E-12   6.4767601E-12   5.5899788E-12   1.0310262E-09   1.0310262E-09
    1.0310262E-09   8.9110240E-12   8.9110240E-12   8.9110240E-12   1.8276083E-11
    5.2578823E-10   5.2578823E-10   5.2578823E-10   1.2014243E-09   1.6139284E-09
    1.0726972E-08   1.0726972E-08   1.0726972E-08   4.5981122E-09   1.1912615E-08
    1.1912615E-08   1.1912615E-08   5.5720611E-06   5.5720611E-06   5.5720611E-06
    5.1532192E-09   1.2948681E-08   3.4418594E-09   3.4418594E-09   3.4418594E-09
    7.8646480E-08   8.8650152E-09   8.8650152E-09   8.8650152E-09   4.9309835E-09
    1.3526862E-08   1.5980714E-07   1.6577086E-07   8.1979615E-07   8.1979615E-07
    8.1979615E-07   1.3732958E-07   1.1471848E-07   1.1471848E-07   1.1471848E-07
    1.8238168E-07

 3.0430411815E+02   1.5860142E+03   2.0403394E+11   2.1458471E+00   2.1330680E+01   9.7279275E+01   8.7107515E-02    23 
    5.4529862E-15   4.2564064E-15   4.2564064E-15   4.2564064E-15   7.1185204E-15
    3.6691582E-15   3.6691582E-15   3.6691582E-15   4.9055165E-15   5.4852638E-15
    4.1828739E-12   7.9528625E-12   6.7466274E-12   1.2388610E-09   1.2388610E-09
    1.2388610E-09   1.0677021E-11   1.0677021E-11   1.0677021E-11   2.1787777E-11
    6.1412053E-10   6.1412053E-10   6.1412053E-10   1.3934073E-09   1.8650956E-09
    1.2426445E-08   1.2426445E-08   1.2426445E-08   5.2918277E-09   1.3668171E-08
    1.3668171E-08   1.3668171E-08   6.3043724E-06   6.3043724E-06   6.3043724E-06
    5.8918741E-09   1.4790762E-08   3.9154925E-09   3.9154925E-09   3.9154925E-09
    8.9207678E-08   1.0070342E-08   1.0070342E-08   1.0070342E-08   5.5853869E-09
    1.5248964E-08   1.7949409E-07   1.8510242E-07   9.1296960E-07   9.1296960E-07
    9.1296960E-07   1.5239916E-07   1.2774347E-07   1.2774347E-07   1.2774347E-07
    2.0196139E-07

 2.8880790187E+02   2.0860882E+03   1.8519779E+11   2.1608427E+00   1.6629734E+01   6.4367528E+01   1.6114967E-01    24 
    7.2458009E-15   5.7487272E-15   5.7487272E-15   5.7487272E-15   1.2576306E-14
    5.5253107E-15   5.5253107E-15   5.5253107E-15   9.5494473E-15   1.0383098E-14
    4.9957746E-12   9.4778467E-12   7.9175652E-12   1.4471901E-09   1.4471901E-09
    1.4471901E-09   1.2442989E-11   1.2442989E-11   1.2442989E-11   2.5309676E-11
    7.0142156E-10   7.0142156E-10   7.0142156E-10   1.5818448E-09   2.1108921E-09
    1.4102170E-08   1.4102170E-08   1.4102170E-08   5.9668830E-09   1.5379642E-08
    1.5379642E-08   1.5379642E-08   7.0011550E-06   7.0011550E-06   7.0011550E-06
    6.6075577E-09   1.6574044E-08   4.3722890E-09   4.3722890E-09   4.3722890E-09
    9.9357037E-08   1.1231280E-08   1.1231280E-08   1.1231280E-08   6.2140228E-09
    1.6893348E-08   1.9801725E-07   2.0319336E-07   9.9984795E-07   9.9984795E-07
    9.9984795E-07   1.6635495E-07   1.3995492E-07   1.3995492E-07   1.3995492E-07
    2.2010639E-07

 2.7699998806E+02   1.6238826E+03   1.7539440E+11   2.1853028E+00   1.6586298E+01   4.2767446E+01   2.7835021E-01    25 
    1.5368967E-14   1.2023191E-14   1.2023191E-14   1.2023191E-14   3.0016267E-14
    1.2306424E-14   1.2306424E-14   1.2306424E-14   2.4923048E-14   2.5437504E-14
    6.6494529E-12   1.2527036E-11   1.0226102E-11   1.8654942E-09   1.8654942E-09
    1.8654942E-09   1.5926371E-11   1.5926371E-11   1.5926371E-11   3.2179752E-11
    8.6762882E-10   8.6762882E-10   8.6762882E-10   1.9379660E-09   2.5736247E-09
    1.7225700E-08   1.7225700E-08   1.7225700E-08   7.2331533E-09   1.8562448E-08
    1.8562448E-08   1.8562448E-08   8.3345344E-06   8.3345344E-06   8.3345344E-06
    7.9395083E-09   1.9889896E-08   5.2174766E-09   5.2174766E-09   5.2174766E-09
    1.1813124E-07   1.3375988E-08   1.3375988E-08   1.3375988E-08   7.3717413E-09
    1.9911666E-08   2.3182538E-07   2.3609256E-07   1.1575410E-06   1.1575410E-06
    1.1575410E-06   1.9164661E-07   1.6172775E-07   1.6172775E-07   1.6172775E-07
    2.5281121E-07

 2.6472555228E+02   5.1173875E+02   1.9397746E+11   2.2168224E+00   2.3648522E+01   2.6905120E+01   4.3746467E-01    26 
    4.7707778E-14   3.7700548E-14   3.7700548E-14   3.7700548E-14   9.9670441E-14
    4.0745200E-14   4.0745200E-14   4.0745200E-14   9.1044793E-14   8.7935831E-14
    9.5307957E-12   1.7748255E-11   1.4054558E-11   2.5655573E-09   2.5655573E-09
    2.5655573E-09   2.1713586E-11   2.1713586E-11   2.1713586E-11   4.3536103E-11
    1.1334304E-09   1.1334304E-09   1.1334304E-09   2.5010441E-09   3.3008722E-09
    2.2160499E-08   2.2160499E-08   2.2160499E-08   9.2174672E-09   2.3509336E-08
    2.3509336E-08   2.3509336E-08   1.0354469E-05   1.0354469E-05   1.0354469E-05
    9.9996922E-09   2.5011620E-08   6.5145178E-09   6.5145178E-09   6.5145178E-09
    1.4679879E-07   1.6660315E-08   1.6660315E-08   1.6660315E-08   9.1367982E-09
    2.4451048E-08   2.8296496E-07   2.8538094E-07   1.3928810E-06   1.3928810E-06
    1.3928810E-06   2.2882903E-07   1.9414727E-07   1.9414727E-07   1.9414727E-07
    3.0121168E-07

 2.5469606681E+02   9.7568433E+01   2.3775492E+11   2.2414620E+00   3.5198921E+01   1.8322001E+01   5.6580491E-01    27 
    1.1305838E-13   9.2978886E-14   9.2978886E-14   9.2978886E-14   2.4980910E-13
    1.0568089E-13   1.0568089E-13   1.0568089E-13   2.5382610E-13   2.3900955E-13
    1.2540118E-11   2.3148149E-11   1.7923945E-11   3.2567457E-09   3.2567457E-09
    3.2567457E-09   2.7469199E-11   2.7469199E-11   2.7469199E-11   5.4859580E-11
    1.3899518E-09   1.3899518E-09   1.3899518E-09   3.0379547E-09   3.9900831E-09
    2.6927350E-08   2.6927350E-08   2.6927350E-08   1.1100473E-08   2.8164131E-08
    2.8164131E-08   2.8164131E-08   1.2122389E-05   1.2122389E-05   1.2122389E-05
    1.1922372E-08   2.9784738E-08   7.7160172E-09   7.7160172E-09   7.7160172E-09
    1.7314081E-07   1.9696575E-08   1.9696575E-08   1.9696575E-08   1.0761466E-08
    2.8590276E-08   3.2986683E-07   3.3003278E-07   1.6049196E-06   1.6049196E-06
    1.6049196E-06   2.6207125E-07   2.2366251E-07   2.2366251E-07   2.2366251E-07
    3.4455150E-07

 2.5120490788E+02   1.1902092E+01   2.9695179E+11   2.2287182E+00   5.3101885E+01   1.2680975E+01   6.7251195E-01    28 
    9.6571290E-14   8.3459767E-14   8.3459767E-14   8.3459767E-14   2.4229994E-13
    1.0595962E-13   1.0595962E-13   1.0595962E-13   2.7259739E-13   2.6704350E-13
    1.0874066E-11   2.0193002E-11   1.5701618E-11   2.8437876E-09   2.8437876E-09
    2.8437876E-09   2.4227254E-11   2.4227254E-11   2.4227254E-11   4.8789917E-11
    1.2525088E-09   1.2525088E-09   1.2525088E-09   2.7490947E-09   3.6185760E-09
    2.4566816E-08   2.4566816E-08   2.4566816E-08   1.0101242E-08   2.5712860E-08
    2.5712860E-08   2.5712860E-08   1.0930559E-05   1.0930559E-05   1.0930559E-05
    1.0891151E-08   2.7223496E-08   7.0730045E-09   7.0730045E-09   7.0730045E-09
    1.5878569E-07   1.8072941E-08   1.8072941E-08   1.8072941E-08   9.8930407E-09
    2.6287882E-08   3.0591927E-07   3.0683091E-07   1.4939809E-06   1.4939809E-06
    1.4939809E-06   2.4369680E-07   2.0926415E-07   2.0926415E-07   2.0926415E-07
    3.2220027E-07

 2.5097391711E+02   5.5829982E+00   3.9008988E+11   2.2035558E+00   7.5626100E+01   8.4890961E+00   7.6586537E-01    29 
    5.2316769E-14   4.7328408E-14   4.7328408E-14   4.7328408E-14   1.4939641E-13
    6.6496106E-14   6.6496106E-14   6.6496106E-14   1.7813406E-13   1.8322859E-13
    8.1837543E-12   1.5365619E-11   1.2114054E-11   2.1955612E-09   2.1955612E-09
    2.1955612E-09   1.8919069E-11   1.8919069E-11   1.8919069E-11   3.8522013E-11
    1.0153281E-09   1.0153281E-09   1.0153281E-09   2.2490797E-09   2.9741947E-09
    2.0261392E-08   2.0261392E-08   2.0261392E-08   8.3511983E-09   2.1376303E-08
    2.1376303E-08   2.1376303E-08   9.0813043E-06   9.0813043E-06   9.0813043E-06
    9.0817536E-09   2.2727684E-08   5.9386215E-09   5.9386215E-09   5.9386215E-09
    1.3367531E-07   1.5203949E-08   1.5203949E-08   1.5203949E-08   8.3545773E-09
    2.2272351E-08   2.6228990E-07   2.6481823E-07   1.2933629E-06   1.2933629E-06
    1.2933629E-06   2.1122367E-07   1.8216645E-07   1.8216645E-07   1.8216645E-07
    2.8131112E-07

 2.5085720341E+02   2.8506150E+00   5.4753848E+11   2.1843982E+00   1.1348356E+02   5.5147811E+00   8.4047651E-01    30 
    3.2627337E-14   3.0739385E-14   3.0739385E-14   3.0739385E-14   1.0312718E-13
    4.6681914E-14   4.6681914E-14   4.6681914E-14   1.2847005E-13   1.3718616E-13
    6.5685984E-12   1.2433115E-11   9.9221484E-12   1.7974488E-09   1.7974488E-09
    1.7974488E-09   1.5617068E-11   1.5617068E-11   1.5617068E-11   3.2103673E-11
    8.6258818E-10   8.6258818E-10   8.6258818E-10   1.9244088E-09   2.5540125E-09
    1.7449673E-08   1.7449673E-08   1.7449673E-08   7.2034925E-09   1.8519432E-08
    1.8519432E-08   1.8519432E-08   7.8584924E-06   7.8584924E-06   7.8584924E-06
    7.8865182E-09   1.9754940E-08   5.1846898E-09   5.1846898E-09   5.1846898E-09
    1.1694616E-07   1.3293837E-08   1.3293837E-08   1.3293837E-08   7.3268092E-09
    1.9586044E-08   2.3292687E-07   2.3640288E-07   1.1571739E-06   1.1571739E-06
    1.1571739E-06   1.8922188E-07   1.6376247E-07   1.6376247E-07   1.6376247E-07
    2.5339232E-07

 2.5073572047E+02   1.2927764E+00   7.8230312E+11   2.1696676E+00   1.7557090E+02   3.6422416E+00   8.9138886E-01    31 
    2.3194403E-14   2.2556723E-14   2.2556723E-14   2.2556723E-14   7.9412397E-14
    3.6479258E-14   3.6479258E-14   3.6479258E-14   1.0257720E-13   1.1283460E-13
    5.5364407E-12   1.0540351E-11   8.5001481E-12   1.5383270E-09   1.5383270E-09
    1.5383270E-09   1.3442855E-11   1.3442855E-11   1.3442855E-11   2.7875586E-11
    7.5952382E-10   7.5952382E-10   7.5952382E-10   1.7038846E-09   2.2676350E-09
    1.5536987E-08   1.5536987E-08   1.5536987E-08   6.4172502E-09   1.6557511E-08
    1.6557511E-08   1.6557511E-08   7.0088253E-06   7.0088253E-06   7.0088253E-06
    7.0637062E-09   1.7706827E-08   4.6632062E-09   4.6632062E-09   4.6632062E-09
    1.0534807E-07   1.1970863E-08   1.1970863E-08   1.1970863E-08   6.6130686E-09
    1.7716172E-08   2.1243610E-07   2.1650113E-07   1.0616217E-06   1.0616217E-06
    1.0616217E-06   1.7378461E-07   1.5082339E-07   1.5082339E-07   1.5082339E-07
    2.3369740E-07

 2.5060477046E+02   5.0389121E-01   1.1358881E+12   2.1592189E+00   2.7785350E+02   2.4156282E+00   9.2650380E-01    32 
    1.8691572E-14   1.8611468E-14   1.8611468E-14   1.8611468E-14   6.7743982E-14
    3.1599984E-14   3.1599984E-14   3.1599984E-14   9.0082730E-14   1.0134135E-13
    4.9022822E-12   9.3674233E-12   7.6152460E-12   1.3765531E-09   1.3765531E-09
    1.3765531E-09   1.2070155E-11   1.2070155E-11   1.2070155E-11   2.5216395E-11
    6.9330699E-10   6.9330699E-10   6.9330699E-10   1.5614770E-09   2.0821597E-09
    1.4307897E-08   1.4307897E-08   1.4307897E-08   5.9061757E-09   1.5279973E-08
    1.5279973E-08   1.5279973E-08   6.4406451E-06   6.4406451E-06   6.4406451E-06
    6.5267570E-09   1.6369402E-08   4.3216876E-09   4.3216876E-09   4.3216876E-09
    9.7734813E-08   1.1103565E-08   1.1103565E-08   1.1103565E-08   6.1442278E-09
    1.6485730E-08   1.9906418E-07   2.0348053E-07   9.9906577E-07   9.9906577E-07
    9.9906577E-07   1.6369312E-07   1.4228909E-07   1.4228909E-07   1.4228909E-07
    2.2076474E-07

 2.5046087833E+02   1.6367721E-01   1.6742142E+12   2.1459699E+00   4.4891270E+02   1.5989152E+00   9.5069331E-01    33 
    1.3918356E-14   1.4127074E-14   1.4127074E-14   1.4127074E-14   5.4038879E-14
    2.5577965E-14   2.5577965E-14   2.5577965E-14   7.4641157E-14   8.6451579E-14
    4.1936074E-12   8.0549682E-12   6.6073474E-12   1.1932815E-09   1.1932815E-09
    1.1932815E-09   1.0512375E-11   1.0512375E-11   1.0512375E-11   2.2156297E-11
    6.1681670E-10   6.1681670E-10   6.1681670E-10   1.3962209E-09   1.8664102E-09
    1.2877464E-08   1.2877464E-08   1.2877464E-08   5.3114014E-09   1.3785523E-08
    1.3785523E-08   1.3785523E-08   5.7736089E-06   5.7736089E-06   5.7736089E-06
    5.8977071E-09   1.4801674E-08   3.9202296E-09   3.9202296E-09   3.9202296E-09
    8.8772172E-08   1.0083061E-08   1.0083061E-08   1.0083061E-08   5.5915281E-09
    1.5032702E-08   1.8316704E-07   1.8791308E-07   9.2416697E-07   9.2416697E-07
    9.2416697E-07   1.5160500E-07   1.3195116E-07   1.3195116E-07   1.3195116E-07
    2.0521546E-07

 2.5030820534E+02   4.6052481E-02   2.4890735E+12   2.1276050E+00   7.2616576E+02   1.0584971E+00   9.6706536E-01    34 
    8.7944509E-15   9.0690468E-15   9.0690468E-15   9.0690468E-15   3.7513488E-14
    1.8001381E-14   1.8001381E-14   1.8001381E-14   5.4631771E-14   6.6013960E-14
    3.3644634E-12   6.5161131E-12   5.4041256E-12   9.7512789E-10   9.7512789E-10
    9.7512789E-10   8.6553042E-12   8.6553042E-12   8.6553042E-12   1.8448777E-11
    5.2330137E-10   5.2330137E-10   5.2330137E-10   1.1929387E-09   1.6002276E-09
    1.1105375E-08   1.1105375E-08   1.1105375E-08   4.5758445E-09   1.1927359E-08
    1.1927359E-08   1.1927359E-08   4.9481232E-06   4.9481232E-06   4.9481232E-06
    5.1141489E-09   1.2847395E-08   3.4178655E-09   3.4178655E-09   3.4178655E-09
    7.7537384E-08   8.8043991E-09   8.8043991E-09   8.8043991E-09   4.8972436E-09
    1.3203135E-08   1.6289218E-07   1.6789233E-07   8.2745062E-07   8.2745062E-07
    8.2745062E-07   1.3598147E-07   1.1858330E-07   1.1858330E-07   1.1858330E-07
    1.8504253E-07

 2.5014435644E+02   1.1790320E-02   3.7225299E+12   2.1091413E+00   1.1286916E+03   7.0069522E-01   9.7806844E-01    35 
    5.2432930E-15   5.4720305E-15   5.4720305E-15   5.4720305E-15   2.4638671E-14
    1.2052096E-14   1.2052096E-14   1.2052096E-14   3.8010729E-14   4.8362549E-14
    2.6870171E-12   5.2519587E-12   4.4011257E-12   7.9260362E-10   7.9260362E-10
    7.9260362E-10   7.0924653E-12   7.0924653E-12   7.0924653E-12   1.5304166E-11
    4.4237436E-10   4.4237436E-10   4.4237436E-10   1.0156606E-09   1.3672020E-09
    9.5601930E-09   9.5601930E-09   9.5601930E-09   3.9291714E-09   1.0286111E-08
    1.0286111E-08   1.0286111E-08   4.2052589E-06   4.2052589E-06   4.2052589E-06
    4.4203054E-09   1.1115189E-08   2.9706045E-09   2.9706045E-09   2.9706045E-09
    6.7504633E-08   7.6642286E-09   7.6642286E-09   7.6642286E-09   4.2762686E-09
    1.1562258E-08   1.4463898E-07   1.4966808E-07   7.3880878E-07   7.3880878E-07
    7.3880878E-07   1.2169541E-07   1.0641000E-07   1.0641000E-07   1.0641000E-07
    1.6649800E-07

 2.4996384603E+02   2.9208459E-03   5.5913225E+12   2.1011241E+00   1.5666929E+03   4.6367505E-01   9.8542984E-01    36 
    3.7949759E-15   3.9869469E-15   3.9869469E-15   3.9869469E-15   1.8729243E-14
    9.5212145E-15   9.5212145E-15   9.5212145E-15   3.0049810E-14   4.0247665E-14
    2.4406612E-12   4.7923233E-12   4.0322340E-12   7.2272313E-10   7.2272313E-10
    7.2272313E-10   6.4878999E-12   6.4878999E-12   6.4878999E-12   1.4136459E-11
    4.1110489E-10   4.1110489E-10   4.1110489E-10   9.4653775E-10   1.2758416E-09
    8.9997203E-09   8.9997203E-09   8.9997203E-09   3.6752234E-09   9.6396660E-09
    9.6396660E-09   9.6396660E-09   3.8515063E-06   3.8515063E-06   3.8515063E-06
    4.1458864E-09   1.0429234E-08   2.7930617E-09   2.7930617E-09   2.7930617E-09
    6.3480792E-08   7.2110693E-09   7.2110693E-09   7.2110693E-09   4.0288998E-09
    1.0907670E-08   1.3788025E-07   1.4267577E-07   7.0380203E-07   7.0380203E-07
    7.0380203E-07   1.1622101E-07   1.0184007E-07   1.0184007E-07   1.0184007E-07
    1.5934591E-07

 2.4976016688E+02   7.2136585E-04   8.4106268E+12   2.1139672E+00   1.8064313E+03   3.0722239E-01   9.9032094E-01    37 
    4.2971949E-15   4.5181602E-15   4.5181602E-15   4.5181602E-15   2.0310297E-14
    1.1125907E-14   1.1125907E-14   1.1125907E-14   3.2558023E-14   4.5759197E-14
    2.8794741E-12   5.6231770E-12   4.6930913E-12   8.3321835E-10   8.3321835E-10
    8.3321835E-10   7.4264927E-12   7.4264927E-12   7.4264927E-12   1.6241999E-11
    4.6333330E-10   4.6333330E-10   4.6333330E-10   1.0605829E-09   1.4251748E-09
    1.0149116E-08   1.0149116E-08   1.0149116E-08   4.0928119E-09   1.0701765E-08
    1.0701765E-08   1.0701765E-08   4.1272582E-06   4.1272582E-06   4.1272582E-06
    4.5933045E-09   1.1545538E-08   3.0826426E-09   3.0826426E-09   3.0826426E-09
    6.9866676E-08   7.9497920E-09   7.9497920E-09   7.9497920E-09   4.4319437E-09
    1.1975876E-08   1.5172746E-07   1.5589681E-07   7.6545258E-07   7.6545258E-07
    7.6545258E-07   1.2668630E-07   1.1098395E-07   1.1098395E-07   1.1098395E-07
    1.7295126E-07

 2.4952931258E+02   1.8111447E-04   1.2609797E+13   2.1543996E+00   1.6298776E+03   2.0462892E-01   9.9354213E-01    38 
    8.5714233E-15   8.9802073E-15   8.9802073E-15   8.9802073E-15   3.5146693E-14
    2.1672822E-14   2.1672822E-14   2.1672822E-14   5.3621076E-14   7.9431504E-14
    4.7383321E-12   9.0889278E-12   7.4044845E-12   1.2937513E-09   1.2937513E-09
    1.2937513E-09   1.1308215E-11   1.1308215E-11   1.1308215E-11   2.4630534E-11
    6.6771546E-10   6.6771546E-10   6.6771546E-10   1.5027399E-09   2.0018162E-09
    1.4404279E-08   1.4404279E-08   1.4404279E-08   5.6928648E-09   1.4743413E-08
    1.4743413E-08   1.4743413E-08   5.3966690E-06   5.3966690E-06   5.3966690E-06
    6.2919688E-09   1.5779107E-08   4.1729356E-09   4.1729356E-09   4.1729356E-09
    9.3942131E-08   1.0724902E-08   1.0724902E-08   1.0724902E-08   5.9391894E-09
    1.5952526E-08   2.0049662E-07   2.0267559E-07   9.8583436E-07   9.8583436E-07
    9.8583436E-07   1.6341176E-07   1.4265781E-07   1.4265781E-07   1.4265781E-07
    2.2043815E-07

 2.4930085726E+02   5.1968086E-05   1.7905769E+13   2.2170251E+00   1.2637250E+03   1.4409740E-01   9.9544786E-01    39 
    2.7478051E-14   2.8655284E-14   2.8655284E-14   2.8655284E-14   9.3614312E-14
    6.5727139E-14   6.5727139E-14   6.5727139E-14   1.3161800E-13   2.0560074E-13
    9.8676156E-12   1.8454734E-11   1.4485102E-11   2.4767606E-09   2.4767606E-09
    2.4767606E-09   2.1093879E-11   2.1093879E-11   2.1093879E-11   4.5460572E-11
    1.1452517E-09   1.1452517E-09   1.1452517E-09   2.5140109E-09   3.3065834E-09
    2.4033658E-08   2.4033658E-08   2.4033658E-08   9.2703855E-09   2.3666549E-08
    2.3666549E-08   2.3666549E-08   8.1306664E-06   8.1306664E-06   8.1306664E-06
    1.0015771E-08   2.5035767E-08   6.5275329E-09   6.5275329E-09   6.5275329E-09
    1.4552409E-07   1.6692487E-08   1.6692487E-08   1.6692487E-08   9.1532504E-09
    2.4367743E-08   3.0155000E-07   2.9782270E-07   1.4307512E-06   1.4307512E-06
    1.4307512E-06   2.3730770E-07   2.0603295E-07   2.0603295E-07   2.0603295E-07
    3.1474091E-07

 2.4907947703E+02   1.6358467E-05   2.4195032E+13   2.2970473E+00   3.3610623E+03   1.0671131E-01   9.9662681E-01    40 
    4.5132268E-13   4.6870946E-13   4.6870946E-13   4.6870946E-13   1.2703691E-12
    1.0013656E-12   1.0013656E-12   1.0013656E-12   1.6204001E-12   2.6426102E-12
    2.4308526E-11   4.5379855E-11   3.3086118E-11   5.3874216E-09   5.3874216E-09
    5.3874216E-09   4.5190165E-11   4.5190165E-11   4.5190165E-11   9.6220987E-11
    2.1881883E-09   2.1881883E-09   2.1881883E-09   4.6622730E-09   6.0362550E-09
    4.4277795E-08   4.4277795E-08   4.4277795E-08   1.6641195E-08   4.1746102E-08
    4.1746102E-08   4.1746102E-08   1.3358968E-05   1.3358968E-05   1.3358968E-05
    1.7490593E-08   4.3551916E-08   1.1163258E-08   1.1163258E-08   1.1163258E-08
    2.4590620E-07   2.8374679E-08   2.8374679E-08   2.8374679E-08   1.5378282E-08
    4.0505602E-08   4.9147884E-07   4.7199301E-07   2.2350018E-06   2.2350018E-06
    2.2350018E-06   3.7077107E-07   3.1987283E-07   3.1987283E-07   3.1987283E-07
    4.8198216E-07

 2.4885523658E+02   5.1890336E-06   3.1727790E+13   2.3960691E+00   7.6075172E+04   8.1473221E-02   9.9742351E-01    41 
    8.8444168E-11   9.1476770E-11   9.1476770E-11   9.1476770E-11   2.0565408E-10
    1.7818661E-10   1.7818661E-10   1.7818661E-10   2.3584357E-10   3.9444956E-10
    1.9916228E-10   5.2564061E-10   2.4070454E-10   1.3249562E-08   1.3249562E-08
    1.3249562E-08   2.3961763E-10   2.3961763E-10   2.3961763E-10   5.2026570E-10
    4.8521839E-09   4.8521839E-09   4.8521839E-09   1.0027130E-08   1.2322048E-08
    8.9118912E-08   8.9118912E-08   8.9118912E-08   3.2689135E-08   8.0144581E-08
    8.0144581E-08   8.0144581E-08   2.3658978E-05   2.3658978E-05   2.3658978E-05
    3.3465720E-08   8.2436041E-08   2.0901874E-08   2.0901874E-08   2.0901874E-08
    4.4872027E-07   5.2371019E-08   5.2371019E-08   5.2371019E-08   2.8207927E-08
    7.3203878E-08   8.6058398E-07   8.0021238E-07   3.7258520E-06   3.7258520E-06
    3.7258520E-06   6.1856352E-07   5.2986346E-07   5.2986346E-07   5.2986346E-07
    7.8554962E-07

 2.4862245378E+02   1.6135218E-06   4.0621257E+13   2.5157659E+00   2.8917469E+06   6.3755881E-02   9.9798321E-01    42 
    3.8363330E-08   3.9494508E-08   3.9494508E-08   3.9494508E-08   7.3653968E-08
    6.8724206E-08   6.8724206E-08   6.8724206E-08   7.5787422E-08   1.2709368E-07
    5.6732153E-08   1.2724598E-07   6.1776471E-08   9.6406820E-08   9.6406820E-08
    9.6406820E-08   5.6747390E-08   5.6747390E-08   5.6747390E-08   1.0569072E-07
    1.0892144E-07   1.0892144E-07   1.0892144E-07   1.8271169E-07   1.3062410E-07
    2.5179543E-07   2.5179543E-07   2.5179543E-07   1.2644013E-07   2.2475151E-07
    2.2475151E-07   2.2475151E-07   4.4648846E-05   4.4648846E-05   4.4648846E-05
    1.7560266E-07   2.7116192E-07   1.3915483E-07   1.3915483E-07   1.3915483E-07
    9.8357783E-07   2.0066063E-07   2.0066063E-07   2.0066063E-07   1.6213967E-07
    3.3423715E-07   1.6771920E-06   1.5406690E-06   6.6433558E-06   6.6433558E-06
    6.6433558E-06   1.2093679E-06   9.9175532E-07   9.9175532E-07   9.9175532E-07
    1.4538226E-06

 2.4837639521E+02   5.2746328E-07   5.0858259E+13   2.6566128E+00   1.3212848E+08   5.1095622E-02   9.9838335E-01    43 
    2.4108268E-05   2.4667912E-05   2.4667912E-05   2.4667912E-05   3.8134347E-05
    3.7846177E-05   3.7846177E-05   3.7846177E-05   3.5440324E-05   5.8314241E-05
    3.3569518E-05   5.6617530E-05   3.4546885E-05   3.4462224E-05   3.4462224E-05
    3.4462224E-05   3.3544480E-05   3.3544480E-05   3.3544480E-05   5.1789710E-05
    5.1541783E-05   5.1541783E-05   5.1541783E-05   6.4739496E-05   5.1637445E-05
    3.5152320E-05   3.5152320E-05   3.5152320E-05   3.4239784E-05   3.5421014E-05
    3.5421014E-05   3.5421014E-05   1.2492658E-04   1.2492658E-04   1.2492658E-04
    4.8416373E-05   5.2249007E-05   5.1605660E-05   5.1605660E-05   5.1605660E-05
    5.5429794E-05   5.1792822E-05   5.1792822E-05   5.1792822E-05   4.8316494E-05
    7.9154488E-05   4.5049696E-05   5.5092176E-05   5.9123707E-05   5.9123707E-05
    5.9123707E-05   5.8717584E-05   3.8620091E-05   3.8620091E-05   3.8620091E-05
    5.4568332E-05

 2.4811174256E+02   2.1093816E-07   6.2238834E+13   2.8166802E+00   5.9038516E+09   4.2066338E-02   9.9866883E-01    44 
    1.5815383E-02   1.6051426E-02   1.6051426E-02   1.6051426E-02   2.0670787E-02
    2.1728980E-02   2.1728980E-02   2.1728980E-02   1.7645207E-02   2.8064936E-02
    2.0518458E-02   2.7223654E-02   2.0465450E-02   2.0322430E-02   2.0322430E-02
    2.0322430E-02   2.0508026E-02   2.0508026E-02   2.0508026E-02   2.6386367E-02
    2.7772870E-02   2.7772870E-02   2.7772870E-02   2.7739251E-02   2.6286668E-02
    2.0886329E-02   2.0886329E-02   2.0886329E-02   2.0678978E-02   2.1059201E-02
    2.1059201E-02   2.1059201E-02   2.1859928E-02   2.1859928E-02   2.1859928E-02
    2.2587172E-02   2.6399134E-02   2.7778449E-02   2.7778449E-02   2.7778449E-02
    2.7006857E-02   2.7794865E-02   2.7794865E-02   2.7794865E-02   2.2552513E-02
    3.4335354E-02   2.3702905E-02   2.6657811E-02   2.6076170E-02   2.6076170E-02
    2.6076170E-02   2.8197365E-02   2.1769423E-02   2.1769423E-02   2.1769423E-02
    2.6605975E-02

 2.4782012513E+02   1.3626176E-06   7.4500660E+13   2.9946113E+00   1.7393180E+10   3.5793195E-02   9.9886722E-01    45 
    6.7090946E-01   6.7715776E-01   6.7715776E-01   6.7715776E-01   7.7974937E-01
    8.1636134E-01   8.1636134E-01   8.1636134E-01   6.2634825E-01   9.5441213E-01
    8.1567159E-01   9.4701518E-01   8.0341792E-01   7.9834134E-01   7.9834134E-01
    7.9834134E-01   8.1538985E-01   8.1538985E-01   8.1538985E-01   9.3834337E-01
    9.8334211E-01   9.8334211E-01   9.8334211E-01   8.7134025E-01   9.3461162E-01
    8.2179412E-01   8.2179412E-01   8.2179412E-01   8.1802701E-01   8.2710001E-01
    8.2710001E-01   8.2710001E-01   8.3347891E-01   8.3347891E-01   8.3347891E-01
    7.5586538E-01   9.3760503E-01   9.8323502E-01   9.8323502E-01   9.8323502E-01
    9.4038253E-01   9.8354799E-01   9.8354799E-01   9.8354799E-01   7.5448393E-01
    1.0859013E+00   8.9080114E-01   9.4464103E-01   9.5209752E-01   9.5209752E-01
    9.5209752E-01   9.8201066E-01   8.4554151E-01   8.4554151E-01   8.4554151E-01
    9.4531578E-01

 2.4748706468E+02   2.6009353E-04   8.7822589E+13   3.1921190E+00   1.5184244E+09   3.1578539E-02   9.9900054E-01    46 
    8.0581122E-01   8.1134310E-01   8.1134310E-01   8.1134310E-01   8.8820895E-01
    8.9354934E-01   8.9354934E-01   8.9354934E-01   6.9546777E-01   9.9815625E-01
    9.2653605E-01   1.0225950E+00   9.1053714E-01   9.0814643E-01   9.0814643E-01
    9.0814643E-01   9.2630111E-01   9.2630111E-01   9.2630111E-01   1.0135635E+00
    1.0203035E+00   1.0203035E+00   1.0203035E+00   8.8263859E-01   1.0087898E+00
    9.2774080E-01   9.2774080E-01   9.2774080E-01   9.2646275E-01   9.3198342E-01
    9.3198342E-01   9.3198342E-01   9.2660497E-01   9.2660497E-01   9.2660497E-01
    7.9588479E-01   1.0120452E+00   1.0200935E+00   1.0200935E+00   1.0200935E+00
    9.8845173E-01   1.0202771E+00   1.0202771E+00   1.0202771E+00   7.9428654E-01
    1.0747783E+00   9.7471121E-01   1.0158097E+00   1.0172684E+00   1.0172684E+00
    1.0172684E+00   1.0339967E+00   9.4711087E-01   9.4711087E-01   9.4711087E-01
    1.0175537E+00

 2.4709054876E+02   3.5616514E-02   1.0329701E+14   3.4090733E+00   1.3013862E+08   2.8342465E-02   9.9910291E-01    47 
    8.6170595E-01   8.6422507E-01   8.6422507E-01   8.6422507E-01   8.9974264E-01
    9.1633813E-01   9.1633813E-01   9.1633813E-01   7.6192673E-01   9.5279759E-01
    9.4745920E-01   9.9009729E-01   9.3848365E-01   9.3752510E-01   9.3752510E-01
    9.3752510E-01   9.4725158E-01   9.4725158E-01   9.4725158E-01   9.8587105E-01
    1.0032940E+00   1.0032940E+00   1.0032940E+00   8.7733715E-01   9.8214530E-01
    9.4602165E-01   9.4602165E-01   9.4602165E-01   9.4636302E-01   9.4898691E-01
    9.4898691E-01   9.4898691E-01   9.3718522E-01   9.3718522E-01   9.3718522E-01
    8.3631163E-01   9.8459814E-01   1.0039135E+00   1.0039135E+00   1.0039135E+00
    9.6959248E-01   1.0036721E+00   1.0036721E+00   1.0036721E+00   8.3529483E-01
    9.9229123E-01   9.7698943E-01   9.8765636E-01   1.0095400E+00   1.0095400E+00
    1.0095400E+00   9.9840549E-01   9.6140301E-01   9.6140301E-01   9.6140301E-01
    9.9237302E-01

 2.4660532050E+02   3.1451758E+00   1.2375992E+14   3.6491701E+00   1.2143640E+07   2.4691524E-02   9.9921842E-01    48 
    9.0105419E-01   9.0133036E-01   9.0133036E-01   9.0133036E-01   9.0908735E-01
    9.3262969E-01   9.3262969E-01   9.3262969E-01   8.7948621E-01   9.4149289E-01
    9.5610168E-01   9.5180496E-01   9.5877245E-01   9.5186023E-01   9.5186023E-01
    9.5186023E-01   9.5594714E-01   9.5594714E-01   9.5594714E-01   9.6405702E-01
    9.8751417E-01   9.8751417E-01   9.8751417E-01   9.2347127E-01   9.6177308E-01
    9.5359108E-01   9.5359108E-01   9.5359108E-01   9.5475312E-01   9.5558588E-01
    9.5558588E-01   9.5558588E-01   9.4273482E-01   9.4273482E-01   9.4273482E-01
    9.3280143E-01   9.6365867E-01   9.8853744E-01   9.8853744E-01   9.8853744E-01
    9.6994412E-01   9.8808854E-01   9.8808854E-01   9.8808854E-01   9.3278598E-01
    9.5517233E-01   9.7468144E-01   9.6692956E-01   9.9768761E-01   9.9768761E-01
    9.9768761E-01   9.7934748E-01   9.6571603E-01   9.6571603E-01   9.6571603E-01
    9.7312421E-01

 2.4601875230E+02   2.1316784E+02   1.5448347E+14   3.9212409E+00   1.2312764E+06   2.0256791E-02   9.9935875E-01    49 
    9.4165253E-01   9.4159959E-01   9.4159959E-01   9.4159959E-01   9.4281335E-01
    9.5137167E-01   9.5137167E-01   9.5137167E-01   9.4099257E-01   9.6123557E-01
    9.7242260E-01   9.5629643E-01   9.7684783E-01   9.7147521E-01   9.7147521E-01
    9.7147521E-01   9.7233363E-01   9.7233363E-01   9.7233363E-01   9.7353099E-01
    9.8112538E-01   9.8112538E-01   9.8112538E-01   9.5697681E-01   9.7171243E-01
    9.6974066E-01   9.6974066E-01   9.6974066E-01   9.7133835E-01   9.7102696E-01
    9.7102696E-01   9.7102696E-01   9.6119243E-01   9.6119243E-01   9.6119243E-01
    9.7146146E-01   9.7343304E-01   9.8193453E-01   9.8193453E-01   9.8193453E-01
    9.8067135E-01   9.8155407E-01   9.8155407E-01   9.8155407E-01   9.7166478E-01
    9.6201704E-01   9.8350036E-01   9.7571970E-01   9.9526212E-01   9.9526212E-01
    9.9526212E-01   9.8454787E-01   9.7914813E-01   9.7914813E-01   9.7914813E-01
    9.7986148E-01

 2.4533933112E+02   1.2300701E+04   2.0179624E+14   4.2320773E+00   1.3417756E+05   1.5710887E-02   9.9950262E-01    50 
    9.6911563E-01   9.6910257E-01   9.6910257E-01   9.6910257E-01   9.6923610E-01
    9.7016498E-01   9.7016498E-01   9.7016498E-01   9.6918885E-01   9.7437615E-01
    9.8436938E-01   9.7683812E-01   9.8744390E-01   9.8593006E-01   9.8593006E-01
    9.8593006E-01   9.8434967E-01   9.8434967E-01   9.8434967E-01   9.8439480E-01
    9.8443093E-01   9.8443093E-01   9.8443093E-01   9.7431999E-01   9.8307646E-01
    9.8190503E-01   9.8190503E-01   9.8190503E-01   9.8389690E-01   9.8293820E-01
    9.8293820E-01   9.8293820E-01   9.7783215E-01   9.7783215E-01   9.7783215E-01
    9.8418224E-01   9.8436294E-01   9.8504297E-01   9.8504297E-01   9.8504297E-01
    9.8728462E-01   9.8475411E-01   9.8475411E-01   9.8475411E-01   9.8434968E-01
    9.7588050E-01   9.9071501E-01   9.8558524E-01   9.9622874E-01   9.9622874E-01
    9.9622874E-01   9.8948739E-01   9.8978319E-01   9.8978319E-01   9.8978319E-01
    9.8743157E-01

 2.4458401663E+02   5.6677616E+05   2.7518664E+14   4.5851623E+00   1.6227229E+04   1.1624227E-02   9.9963197E-01    51 
    9.8304667E-01   9.8304489E-01   9.8304489E-01   9.8304489E-01   9.8305628E-01
    9.8310828E-01   9.8310828E-01   9.8310828E-01   9.8305411E-01   9.8352957E-01
    9.9109697E-01   9.9332912E-01   9.9297196E-01   9.9315977E-01   9.9315977E-01
    9.9315977E-01   9.9122269E-01   9.9122269E-01   9.9122269E-01   9.9095576E-01
    9.9036501E-01   9.9036501E-01   9.9036501E-01   9.8518961E-01   9.8996538E-01
    9.8782417E-01   9.8782417E-01   9.8782417E-01   9.9089173E-01   9.8923675E-01
    9.8923675E-01   9.8923675E-01   9.8690351E-01   9.8690351E-01   9.8690351E-01
    9.9081873E-01   9.9092593E-01   9.9076433E-01   9.9076433E-01   9.9076433E-01
    9.9140007E-01   9.9060208E-01   9.9060208E-01   9.9060208E-01   9.9094009E-01
    9.8729130E-01   9.9444493E-01   9.9149463E-01   9.9638709E-01   9.9638709E-01
    9.9638709E-01   9.9254572E-01   9.9509395E-01   9.9509395E-01   9.9509395E-01
    9.9208165E-01

 2.4377396713E+02   1.7400346E+07   3.9034261E+14   4.9828652E+00   2.2618411E+03   8.2581710E-03   9.9973853E-01    52 
    9.9068215E-01   9.9068247E-01   9.9068247E-01   9.9068247E-01   9.9068294E-01
    9.9068439E-01   9.9068439E-01   9.9068439E-01   9.9068160E-01   9.9070829E-01
    9.9531469E-01   1.0010991E+00   9.9702026E-01   9.9665884E-01   9.9665884E-01
    9.9665884E-01   9.9582056E-01   9.9582056E-01   9.9582056E-01   9.9505891E-01
    9.9458358E-01   9.9458358E-01   9.9458358E-01   9.9321832E-01   9.9404987E-01
    9.9158273E-01   9.9158273E-01   9.9158273E-01   9.9505744E-01   9.9278577E-01
    9.9278577E-01   9.9278577E-01   9.9173159E-01   9.9173159E-01   9.9173159E-01
    9.9483926E-01   9.9494215E-01   9.9467339E-01   9.9467339E-01   9.9467339E-01
    9.9547248E-01   9.9464127E-01   9.9464127E-01   9.9464127E-01   9.9496024E-01
    9.9425145E-01   9.9646362E-01   9.9532104E-01   9.9602664E-01   9.9602664E-01
    9.9602664E-01   9.9569023E-01   9.9599789E-01   9.9599789E-01   9.9599789E-01
    9.9513268E-01

 2.4293387857E+02   3.0096360E+08   5.6543041E+14   5.4273660E+00   3.6642794E+02   5.7431078E-03   9.9981815E-01    53 
    9.9517315E-01   9.9517335E-01   9.9517335E-01   9.9517335E-01   9.9517323E-01
    9.9517279E-01   9.9517279E-01   9.9517279E-01   9.9517307E-01   9.9517310E-01
    9.9758006E-01   9.9908395E-01   9.9816864E-01   9.9811292E-01   9.9811292E-01
    9.9811292E-01   9.9805678E-01   9.9805678E-01   9.9805678E-01   9.9742576E-01
    9.9707703E-01   9.9707703E-01   9.9707703E-01   9.9696210E-01   9.9687992E-01
    9.9600574E-01   9.9600574E-01   9.9600574E-01   9.9714157E-01   9.9613872E-01
    9.9613872E-01   9.9613872E-01   9.9607235E-01   9.9607235E-01   9.9607235E-01
    9.9710431E-01   9.9722018E-01   9.9695524E-01   9.9695524E-01   9.9695524E-01
    9.9745837E-01   9.9699891E-01   9.9699891E-01   9.9699891E-01   9.9720873E-01
    9.9712814E-01   9.9756921E-01   9.9736373E-01   9.9695447E-01   9.9695447E-01
    9.9695447E-01   9.9726967E-01   9.9711929E-01   9.9711929E-01   9.9711929E-01
    9.9683829E-01

 2.4207791313E+02   3.0817050E+09   8.2062338E+14   5.9218493E+00   6.8433967E+01   3.9860051E-03   9.9987378E-01    54 
    9.9768307E-01   9.9768309E-01   9.9768309E-01   9.9768309E-01   9.9768306E-01
    9.9768285E-01   9.9768285E-01   9.9768285E-01   9.9768314E-01   9.9768227E-01
    9.9876973E-01   9.9896063E-01   9.9882330E-01   9.9889631E-01   9.9889631E-01
    9.9889631E-01   9.9888484E-01   9.9888484E-01   9.9888484E-01   9.9869385E-01
    9.9853532E-01   9.9853532E-01   9.9853532E-01   9.9865407E-01   9.9860002E-01
    9.9834522E-01   9.9834522E-01   9.9834522E-01   9.9844501E-01   9.9828444E-01
    9.9828444E-01   9.9828444E-01   9.9834036E-01   9.9834036E-01   9.9834036E-01
    9.9852251E-01   9.9861825E-01   9.9842149E-01   9.9842149E-01   9.9842149E-01
    9.9862306E-01   9.9848406E-01   9.9848406E-01   9.9848406E-01   9.9858248E-01
    9.9854547E-01   9.9862534E-01   9.9855778E-01   9.9847140E-01   9.9847140E-01
    9.9847140E-01   9.9852473E-01   9.9850620E-01   9.9850620E-01   9.9850620E-01
    9.9839209E-01

 2.4120700322E+02   2.1795745E+10   1.1846284E+15   6.4694396E+00   1.4701742E+01   2.7814855E-03   9.9991192E-01    55 
    9.9893749E-01   9.9893747E-01   9.9893747E-01   9.9893747E-01   9.9893748E-01
    9.9893740E-01   9.9893740E-01   9.9893740E-01   9.9893757E-01   9.9893722E-01
    9.9940669E-01   9.9941085E-01   9.9938977E-01   9.9942169E-01   9.9942169E-01
    9.9942169E-01   9.9941045E-01   9.9941045E-01   9.9941045E-01   9.9936142E-01
    9.9932807E-01   9.9932807E-01   9.9932807E-01   9.9946903E-01   9.9945579E-01
    9.9929422E-01   9.9929422E-01   9.9929422E-01   9.9929633E-01   9.9927114E-01
    9.9927114E-01   9.9927114E-01   9.9929454E-01   9.9929454E-01   9.9929454E-01
    9.9936104E-01   9.9940777E-01   9.9925371E-01   9.9925371E-01   9.9925371E-01
    9.9935694E-01   9.9931627E-01   9.9931627E-01   9.9931627E-01   9.9937464E-01
    9.9937204E-01   9.9936794E-01   9.9931581E-01   9.9932393E-01   9.9932393E-01
    9.9932393E-01   9.9932132E-01   9.9932213E-01   9.9932213E-01   9.9932213E-01
    9.9931454E-01

 2.4031360966E+02   1.1038911E+11   1.7050895E+15   7.0754644E+00   3.6217155E+00   1.9470483E-03   9.9993835E-01    56 
    9.9951412E-01   9.9951409E-01   9.9951409E-01   9.9951409E-01   9.9951411E-01
    9.9951407E-01   9.9951407E-01   9.9951407E-01   9.9951418E-01   9.9951410E-01
    9.9971209E-01   9.9969691E-01   9.9969430E-01   9.9971121E-01   9.9971121E-01
    9.9971121E-01   9.9970687E-01   9.9970687E-01   9.9970687E-01   9.9968597E-01
    9.9969444E-01   9.9969444E-01   9.9969444E-01   9.9978047E-01   9.9979779E-01
    9.9968636E-01   9.9968636E-01   9.9968636E-01   9.9969157E-01   9.9967881E-01
    9.9967881E-01   9.9967881E-01   9.9969190E-01   9.9969190E-01   9.9969190E-01
    9.9974846E-01   9.9975352E-01   9.9965584E-01   9.9965584E-01   9.9965584E-01
    9.9970771E-01   9.9969853E-01   9.9969853E-01   9.9969853E-01   9.9973933E-01
    9.9973664E-01   9.9973867E-01   9.9969705E-01   9.9971807E-01   9.9971807E-01
    9.9971807E-01   9.9970135E-01   9.9971455E-01   9.9971455E-01   9.9971455E-01
    9.9970845E-01

 2.3953081160E+02   3.1688881E+11   2.3197389E+15   7.6433126E+00   1.2138570E+00   1.4406528E-03   9.9995438E-01    57 
    9.9974667E-01   9.9974664E-01   9.9974664E-01   9.9974664E-01   9.9974666E-01
    9.9974664E-01   9.9974664E-01   9.9974664E-01   9.9974673E-01   9.9974673E-01
    9.9983898E-01   9.9982599E-01   9.9982601E-01   9.9983737E-01   9.9983737E-01
    9.9983737E-01   9.9983603E-01   9.9983603E-01   9.9983603E-01   9.9982309E-01
    9.9983824E-01   9.9983824E-01   9.9983824E-01   9.9988692E-01   9.9990577E-01
    9.9983631E-01   9.9983631E-01   9.9983631E-01   9.9984099E-01   9.9983310E-01
    9.9983310E-01   9.9983310E-01   9.9984206E-01   9.9984206E-01   9.9984206E-01
    9.9988281E-01   9.9987729E-01   9.9981978E-01   9.9981978E-01   9.9981978E-01
    9.9984810E-01   9.9984461E-01   9.9984461E-01   9.9984461E-01   9.9987128E-01
    9.9986918E-01   9.9987892E-01   9.9984644E-01   9.9986737E-01   9.9986737E-01
    9.9986737E-01   9.9984829E-01   9.9986479E-01   9.9986479E-01   9.9986479E-01
    9.9985269E-01

 2.3920185490E+02   4.4473090E+11   2.6295864E+15   7.8930257E+00   7.9177395E-01   1.2744441E-03   9.9995964E-01    58 
    9.9981427E-01   9.9981425E-01   9.9981425E-01   9.9981425E-01   9.9981427E-01
    9.9981426E-01   9.9981426E-01   9.9981426E-01   9.9981433E-01   9.9981434E-01
    9.9988352E-01   9.9987257E-01   9.9987285E-01   9.9988201E-01   9.9988201E-01
    9.9988201E-01   9.9988116E-01   9.9988116E-01   9.9988116E-01   9.9987085E-01
    9.9988578E-01   9.9988578E-01   9.9988578E-01   9.9992484E-01   9.9994124E-01
    9.9988538E-01   9.9988538E-01   9.9988538E-01   9.9988926E-01   9.9988300E-01
    9.9988300E-01   9.9988300E-01   9.9989069E-01   9.9989069E-01   9.9989069E-01
    9.9992428E-01   9.9991826E-01   9.9987238E-01   9.9987238E-01   9.9987238E-01
    9.9989491E-01   9.9989162E-01   9.9989162E-01   9.9989162E-01   9.9991348E-01
    9.9991188E-01   9.9992242E-01   9.9989419E-01   9.9991296E-01   9.9991296E-01
    9.9991296E-01   9.9989529E-01   9.9991064E-01   9.9991064E-01   9.9991064E-01
    9.9989867E-01

 2.3903634582E+02   5.1628587E+11   2.7967584E+15   8.0210955E+00   6.4270156E-01   1.1999467E-03   9.9996200E-01    59 
    9.9980478E-01   9.9980476E-01   9.9980476E-01   9.9980476E-01   9.9980478E-01
    9.9980477E-01   9.9980477E-01   9.9980477E-01   9.9980484E-01   9.9980487E-01
    9.9987746E-01   9.9986681E-01   9.9986734E-01   9.9987572E-01   9.9987572E-01
    9.9987572E-01   9.9987464E-01   9.9987464E-01   9.9987464E-01   9.9986598E-01
    9.9988304E-01   9.9988304E-01   9.9988304E-01   9.9992008E-01   9.9993475E-01
    9.9988305E-01   9.9988305E-01   9.9988305E-01   9.9988658E-01   9.9988105E-01
    9.9988105E-01   9.9988105E-01   9.9988877E-01   9.9988877E-01   9.9988877E-01
    9.9992042E-01   9.9991482E-01   9.9987203E-01   9.9987203E-01   9.9987203E-01
    9.9989223E-01   9.9988918E-01   9.9988918E-01   9.9988918E-01   9.9991057E-01
    9.9990885E-01   9.9991873E-01   9.9989240E-01   9.9991038E-01   9.9991038E-01
    9.9991038E-01   9.9989359E-01   9.9990823E-01   9.9990823E-01   9.9990823E-01
    9.9989680E-01

 2.3898101473E+02   5.4174904E+11   2.8545781E+15   8.0650567E+00   5.9817922E-01   1.1761928E-03   9.9996275E-01    60 
    9.9833102E-01   9.9835280E-01   9.9835280E-01   9.9835280E-01   9.9837444E-01
    9.9832982E-01   9.9832982E-01   9.9832982E-01   9.9834473E-01   9.9831277E-01
    9.9899546E-01   9.9875871E-01   9.9946710E-01   9.9935377E-01   9.9935377E-01
    9.9935377E-01   9.9915835E-01   9.9915835E-01   9.9915835E-01   9.9878885E-01
    9.9867439E-01   9.9867439E-01   9.9867439E-01   9.9863746E-01   9.9903558E-01
    9.9939795E-01   9.9939795E-01   9.9939795E-01   9.9942758E-01   9.9943032E-01
    9.9943032E-01   9.9943032E-01   9.9945672E-01   9.9945672E-01   9.9945672E-01
    9.9867654E-01   9.9907203E-01   9.9873239E-01   9.9873239E-01   9.9873239E-01
    9.9893232E-01   9.9877006E-01   9.9877006E-01   9.9877006E-01   9.9871225E-01
    9.9870167E-01   9.9938375E-01   9.9924707E-01   9.9924705E-01   9.9924705E-01
    9.9924705E-01   9.9940391E-01   9.9964584E-01   9.9964584E-01   9.9964584E-01
    9.9923115E-01
