
 24-FEB-2004                           !Format date

 2.3898101473E+02     6.1000E+05       50       60

 3.6610828795E+04   5.1639987E+01   1.2890737E+06   1.0956315E+00   9.6032017E-02   1.8500885E+03   5.0000000E-02     1 
    3.2328290E-01   2.4393637E-04   2.3332006E-04   2.4214037E-04   1.6168367E-04
    2.1395008E-03   1.3442046E-06   1.3516766E-06   1.4842758E-06   4.5001154E-06
    4.6669633E-06   4.9490920E-06   1.0401730E-05   1.9885345E-04   1.3358895E-02
    1.0617049E-04   2.9809083E-05   3.0104466E-05   2.9639371E-05   3.9496423E-01
    3.1773813E-02   3.1949609E-02   3.2161241E-02   4.9009466E-04   4.9146575E-04
    4.9049170E-04   6.3745010E-03   5.7026797E-05   1.2927410E-05   3.0480932E-04
    1.9843628E-02   1.7248901E-04   1.7251144E-04   1.7002716E-04   1.0921926E+00
    3.5373575E-04   5.1519176E-04   5.1469789E-04   8.2569893E-05   9.0968667E-05
    9.1232014E-05   6.5727070E-06   6.6550809E-06   6.6700098E-06   2.9322423E-04
    3.7268503E-05   3.7616533E-05   3.9198728E-05   4.5771919E-03   4.5732644E-03

 3.6189959920E+04   5.2836635E+01   1.3194229E+06   1.0987652E+00   9.5909188E-02   1.8498237E+03   5.0000000E-02     2 
    3.5052754E-01   2.6513500E-04   2.5381169E-04   2.6308222E-04   1.7431507E-04
    2.2679426E-03   1.4538230E-06   1.4608754E-06   1.6038277E-06   4.8366842E-06
    5.0204748E-06   5.3224258E-06   1.1139028E-05   2.0836288E-04   1.3966832E-02
    1.1072578E-04   3.0992856E-05   3.1300349E-05   3.0813118E-05   4.1024867E-01
    3.2729056E-02   3.2908782E-02   3.3124793E-02   5.0405171E-04   5.0548144E-04
    5.0442193E-04   6.5545001E-03   5.8767732E-05   1.3365012E-05   3.1647712E-04
    2.0375979E-02   1.7704243E-04   1.7706205E-04   1.7449868E-04   1.1186477E+00
    3.6309820E-04   5.2906374E-04   5.2855500E-04   8.4659659E-05   9.3283142E-05
    9.3550542E-05   6.7382366E-06   6.8225495E-06   6.8377653E-06   3.0105965E-04
    3.8338663E-05   3.8694684E-05   4.0317709E-05   4.6837479E-03   4.6797744E-03

 3.5362389926E+04   5.5314703E+01   1.3823130E+06   1.1050687E+00   9.5662865E-02   1.8492846E+03   5.0000000E-02     3 
    4.1185440E-01   3.1308582E-04   3.0021204E-04   3.1042454E-04   2.0280480E-04
    2.5477075E-03   1.7001178E-06   1.7060202E-06   1.8721224E-06   5.5861038E-06
    5.8085303E-06   6.1543694E-06   1.2771951E-05   2.2872184E-04   1.5263874E-02
    1.2040825E-04   3.3500642E-05   3.3833894E-05   3.3299154E-05   4.4254162E-01
    3.4721468E-02   3.4909262E-02   3.5134228E-02   5.3312699E-04   5.3468215E-04
    5.3343490E-04   6.9291665E-03   6.2411247E-05   1.4285751E-05   3.4125094E-04
    2.1481739E-02   1.8648684E-04   1.8650032E-04   1.8377152E-04   1.1733899E+00
    3.8252216E-04   5.5787314E-04   5.5733328E-04   8.8988335E-05   9.8078717E-05
    9.8354299E-05   7.0813815E-06   7.1697044E-06   7.1855138E-06   3.1744851E-04
    4.0569688E-05   4.0942153E-05   4.2649834E-05   4.9040603E-03   4.8999978E-03

 3.3765482881E+04   6.0618345E+01   1.5170918E+06   1.1177246E+00   9.5170622E-02   1.8481692E+03   5.0000000E-02     4 
    5.6555702E-01   4.3473854E-04   4.1816646E-04   4.3042269E-04   2.7492785E-04
    3.2054492E-03   2.3179813E-06   2.3200921E-06   2.5437891E-06   7.4334403E-06
    7.7550113E-06   8.2077233E-06   1.6756653E-05   2.7496650E-04   1.8189393E-02
    1.4208669E-04   3.9085730E-05   3.9476891E-05   3.8833553E-05   5.1396755E-01
    3.9019923E-02   3.9224576E-02   3.9468081E-02   5.9573298E-04   5.9757397E-04
    5.9587882E-04   7.7337653E-03   7.0341757E-05   1.6307659E-05   3.9680401E-04
    2.3846313E-02   2.0663632E-04   2.0663535E-04   2.0354755E-04   1.2895567E+00
    4.2398448E-04   6.1949877E-04   6.1889144E-04   9.8199386E-05   1.0828953E-04
    1.0858163E-04   7.8129262E-06   7.9097573E-06   7.9268342E-06   3.5309555E-04
    4.5379175E-05   4.5786144E-05   4.7674308E-05   5.3712072E-03   5.3669834E-03

 3.0787320876E+04   7.2792730E+01   1.8272064E+06   1.1427951E+00   9.4206341E-02   1.8457836E+03   5.0000000E-02     5 
    1.0304864E+00   8.1560354E-04   7.8895646E-04   8.0550812E-04   4.9531237E-04
    4.9771340E-03   4.2296844E-06   4.2147828E-06   4.6139143E-06   1.2957962E-05
    1.3598843E-05   1.4362512E-05   2.8445153E-05   3.9139474E-04   2.5452649E-02
    1.9513432E-04   5.2672195E-05   5.3207575E-05   5.2285236E-05   6.8460916E-01
    4.8810828E-02   4.9051457E-02   4.9333701E-02   7.3813617E-04   7.4071415E-04
    7.3776690E-04   9.5502346E-03   8.8831855E-05   2.1071025E-05   5.3499483E-04
    2.9140039E-02   2.5153861E-04   2.5149951E-04   2.4758441E-04   1.5457355E+00
    5.1648160E-04   7.5756877E-04   7.5680530E-04   1.1862537E-04   1.3096083E-04
    1.3128560E-04   9.4432554E-06   9.5588723E-06   9.5788440E-06   4.3657111E-04
    5.6325292E-05   5.6806378E-05   5.9096260E-05   6.4003840E-03   6.3959520E-03

 2.5606639707E+04   1.0492792E+02   2.6492571E+06   1.1905516E+00   9.2427193E-02   1.8403738E+03   5.0000000E-02     6 
    2.9013841E+00   2.5145070E-03   2.4549852E-03   2.4744380E-03   1.4547039E-03
    1.0934924E-02   1.2874232E-05   1.2746385E-05   1.3916636E-05   3.6433635E-05
    3.8603829E-05   4.0613847E-05   7.6479768E-05   7.3711486E-04   4.6430192E-02
    3.4432203E-04   9.1112623E-05   9.2081641E-05   9.0271940E-05   1.1433729E+00
    7.2922424E-02   7.3240611E-02   7.3602116E-02   1.0917820E-03   1.0967498E-03
    1.0891671E-03   1.3961837E-02   1.3772425E-04   3.3934886E-05   9.5400209E-04
    4.1790766E-02   3.5767902E-04   3.5752241E-04   3.5152311E-04   2.1407550E+00
    7.3560664E-04   1.0875045E-03   1.0863379E-03   1.6650969E-04   1.8424254E-04
    1.8462577E-04   1.3327531E-05   1.3487116E-05   1.3515122E-05   6.6248338E-04
    8.3319785E-05   8.3961021E-05   8.7199719E-05   8.7868610E-03   8.7828736E-03

 1.7924754034E+04   2.1400271E+02   5.4481421E+06   1.2667001E+00   9.0125607E-02   1.8264731E+03   5.0000000E-02     7 
    1.0746502E+01   1.2691382E-02   1.2549663E-02   1.2442399E-02   7.2377172E-03
    3.3904239E-02   7.6160314E-05   7.5022764E-05   8.1575918E-05   1.9324731E-04
    2.0754038E-04   2.1683499E-04   3.8290979E-04   1.8468965E-03   1.1019936E-01
    7.8060937E-04   2.1636456E-04   2.1898957E-04   2.1341766E-04   2.3889951E+00
    1.3024458E-01   1.3070602E-01   1.3119370E-01   2.0050552E-03   2.0204915E-03
    1.9876162E-03   2.4410534E-02   2.8818844E-04   7.4474451E-05   2.6457380E-03
    7.0885498E-02   5.9436398E-04   5.9383561E-04   5.8265669E-04   3.4445627E+00
    1.2259030E-03   1.8378174E-03   1.8355213E-03   2.7234822E-04   3.0255345E-04
    3.0298689E-04   2.2624430E-05   2.2886096E-05   2.2955180E-05   1.4229535E-03
    1.4869788E-04   1.4959949E-04   1.5499425E-04   1.3983019E-02   1.3987640E-02

 1.2570694490E+04   4.3757576E+02   1.1199094E+07   1.3188845E+00   8.9004413E-02   1.8067133E+03   5.0000000E-02     8 
    1.8469893E+01   3.4392555E-02   3.4248155E-02   3.3659277E-02   2.0420611E-02
    6.7860279E-02   2.9559892E-04   2.9190517E-04   3.1631266E-04   7.0501930E-04
    7.6396858E-04   7.9336756E-04   1.3706082E-03   3.3111581E-03   1.8707824E-01
    1.2966522E-03   4.2924373E-04   4.3517197E-04   4.2064466E-04   3.7442364E+00
    1.8668455E-01   1.8724968E-01   1.8780006E-01   3.2136025E-03   3.2514038E-03
    3.1460507E-03   3.5194421E-02   5.6295881E-04   1.4917978E-04   6.5117944E-03
    9.9632091E-02   8.1657430E-04   8.1555098E-04   7.9880539E-04   4.6562269E+00
    1.6852892E-03   2.5558921E-03   2.5521481E-03   3.7297588E-04   4.1560644E-04
    4.1594307E-04   3.5104171E-05   3.5500113E-05   3.5764416E-05   2.9138626E-03
    2.2004167E-04   2.2086638E-04   2.2865571E-04   1.8804494E-02   1.8841119E-02

 8.8393020964E+03   8.9541635E+02   2.3003788E+07   1.3561877E+00   8.8546267E-02   1.7789807E+03   5.0000000E-02     9 
    2.0979751E+01   6.6479018E-02   6.6315954E-02   6.4834670E-02   4.4309994E-02
    1.0654165E-01   9.0510612E-04   9.0323304E-04   9.7355036E-04   2.0851994E-03
    2.2778865E-03   2.3531274E-03   4.0840107E-03   5.0721029E-03   2.6348466E-01
    1.8399171E-03   8.2436769E-04   8.3605954E-04   8.0004359E-04   4.9891508E+00
    2.3731107E-01   2.3794322E-01   2.3849833E-01   5.0823842E-03   5.1545215E-03
    4.8671840E-03   4.6534857E-02   1.1303505E-03   3.2152389E-04   1.5077350E-02
    1.2770127E-01   1.0210303E-03   1.0193164E-03   9.9618368E-04   5.7397813E+00
    2.0933963E-03   3.2120045E-03   3.2079419E-03   4.7523284E-04   5.3056724E-04
    5.3053666E-04   6.3484318E-05   6.4208241E-05   6.5409216E-05   5.8784214E-03
    3.1555754E-04   3.1516479E-04   3.2703155E-04   2.3179791E-02   2.3298538E-02

 6.2442497492E+03   1.8285960E+03   4.7116928E+07   1.3876455E+00   8.8361794E-02   1.7405312E+03   5.0000000E-02    10 
    2.0257323E+01   1.1166762E-01   1.1106464E-01   1.0826463E-01   8.8525558E-02
    1.5030691E-01   2.4738254E-03   2.5181429E-03   2.6924432E-03   5.5960662E-03
    6.1609176E-03   6.3304093E-03   1.1222233E-02   7.7423391E-03   3.4168805E-01
    2.5783134E-03   1.6634053E-03   1.6813097E-03   1.5933285E-03   6.1628078E+00
    2.8714315E-01   2.8781040E-01   2.8830456E-01   8.6051378E-03   8.6776556E-03
    7.9763501E-03   6.1874887E-02   2.4371327E-03   7.9266435E-04   3.3966936E-02
    1.6116828E-01   1.2692308E-03   1.2665254E-03   1.2319619E-03   6.8557740E+00
    2.5213320E-03   3.9278274E-03   3.9345521E-03   6.3953374E-04   7.1251532E-04
    7.1191272E-04   1.6415654E-04   1.6638594E-04   1.7160692E-04   1.1791792E-02
    5.4229793E-04   5.3694130E-04   5.6170333E-04   2.7922203E-02   2.8224651E-02

 4.4403617679E+03   3.7177064E+03   9.6078765E+07   1.4200754E+00   8.8083759E-02   1.6879799E+03   5.0000000E-02    11 
    1.9432640E+01   1.8415248E-01   1.8187291E-01   1.7726557E-01   1.8144070E-01
    2.0672721E-01   6.5007627E-03   6.8227166E-03   7.2196069E-03   1.4600497E-02
    1.6184494E-02   1.6538042E-02   3.0249297E-02   1.3578800E-02   4.3526207E-01
    4.3352820E-03   3.6158956E-03   3.6231610E-03   3.4147122E-03   7.4163056E+00
    3.4537186E-01   3.4601960E-01   3.4633907E-01   1.6054844E-02   1.5859632E-02
    1.4340179E-02   9.0177939E-02   5.6089742E-03   2.1689788E-03   7.5844429E-02
    2.1313721E-01   1.7570016E-03   1.7552222E-03   1.6894777E-03   8.2566232E+00
    3.1392882E-03   4.9922218E-03   5.0759492E-03   1.0923092E-03   1.1984893E-03
    1.2009482E-03   5.6578427E-04   5.7659343E-04   5.9802098E-04   2.3521213E-02
    1.3339334E-03   1.3149916E-03   1.3922394E-03   3.4542860E-02   3.5186128E-02

 3.1810002514E+03   7.5474849E+03   1.9541913E+08   1.4567780E+00   8.7339289E-02   1.6171461E+03   5.0000000E-02    12 
    1.9609027E+01   3.1050971E-01   3.0406359E-01   2.9793674E-01   3.9277896E-01
    2.8434629E-01   1.6847543E-02   1.8389153E-02   1.9267853E-02   3.7869047E-02
    4.2130381E-02   4.2858690E-02   8.1551867E-02   3.0143535E-02   5.5977904E-01
    1.0914289E-02   8.3150000E-03   8.2316802E-03   7.8007349E-03   8.7777174E+00
    4.1934737E-01   4.1984031E-01   4.1977960E-01   3.2083546E-02   3.0633800E-02
    2.8122895E-02   1.5467520E-01   1.3340195E-02   6.1820094E-03   1.6777025E-01
    3.0791890E-01   3.1482601E-03   3.1682719E-03   3.0136629E-03   1.0119081E+01
    4.4157621E-03   7.1200417E-03   7.5979350E-03   2.7063051E-03   2.8700320E-03
    2.9109229E-03   2.1632687E-03   2.2175799E-03   2.2969742E-03   4.6718564E-02
    4.3869922E-03   4.3734956E-03   4.6646376E-03   4.5558580E-02   4.6486676E-02

 2.2986694107E+03   1.5338073E+04   3.9723741E+08   1.4997920E+00   8.5575623E-02   1.5235383E+03   5.0000000E-02    13 
    2.1208311E+01   5.3727648E-01   5.2532139E-01   5.2285834E-01   8.7907220E-01
    3.9441872E-01   4.3487688E-02   4.9285008E-02   5.1401576E-02   9.7434805E-02
    1.0803154E-01   1.1001704E-01   2.1867195E-01   8.2963824E-02   7.4736474E-01
    3.9723473E-02   1.9629640E-02   1.9298321E-02   1.8701761E-02   1.0152224E+01
    5.1598385E-01   5.1604878E-01   5.1530587E-01   6.4757427E-02   6.0220649E-02
    5.8866640E-02   3.2193720E-01   3.1937184E-02   1.7313107E-02   3.6377374E-01
    4.9475042E-01   7.8070543E-03   7.9215017E-03   7.6030397E-03   1.2348742E+01
    8.1177307E-03   1.2639434E-02   1.4725469E-02   8.8038519E-03   8.9967565E-03
    9.2852816E-03   8.3384419E-03   8.5576883E-03   8.7219034E-03   9.4366423E-02
    1.5914123E-02   1.6362287E-02   1.7426999E-02   6.5567267E-02   6.5281318E-02

 1.6800747624E+03   3.1219155E+04   8.0697832E+08   1.5477906E+00   8.1475174E-02   1.4039450E+03   5.0000000E-02    14 
    2.3248539E+01   8.8805020E-01   8.8893823E-01   9.1503953E-01   1.8467344E+00
    5.3651200E-01   1.0878374E-01   1.2461180E-01   1.3047265E-01   2.3439696E-01
    2.5683142E-01   2.6473881E-01   5.4930199E-01   2.3134400E-01   1.0444887E+00
    1.4992801E-01   4.5023178E-02   4.4850398E-02   4.4869503E-02   1.1010425E+01
    6.3275056E-01   6.3191257E-01   6.3030099E-01   1.2108231E-01   1.1640016E-01
    1.2359405E-01   7.3309666E-01   7.4690589E-02   4.4620831E-02   7.4159912E-01
    8.3816627E-01   2.3095739E-02   2.2940925E-02   2.2612390E-02   1.3919702E+01
    2.0352378E-02   2.8751344E-02   3.5324497E-02   2.9883388E-02   3.0208319E-02
    3.1526700E-02   3.0570311E-02   3.1038252E-02   3.0345226E-02   1.9559235E-01
    5.4977205E-02   5.9129180E-02   6.2507826E-02   9.6795038E-02   9.1049425E-02

 1.2462065762E+03   6.3661715E+04   1.6372517E+09   1.5949922E+00   7.3085079E-02   1.2577210E+03   5.0000000E-02    15 
    2.2558190E+01   1.2636486E+00   1.3264314E+00   1.4333701E+00   3.2845296E+00
    6.8213703E-01   2.4602975E-01   2.7410761E-01   2.8700487E-01   4.8121582E-01
    5.2116083E-01   5.4757521E-01   1.1791610E+00   5.4738196E-01   1.4858317E+00
    4.8118159E-01   9.7504524E-02   9.9553492E-02   1.0150482E-01   1.0476740E+01
    7.4569592E-01   7.4298615E-01   7.4177776E-01   2.0490296E-01   2.1699017E-01
    2.3933069E-01   1.4302389E+00   1.6468116E-01   1.0387182E-01   1.3828263E+00
    1.3671363E+00   6.8233727E-02   6.3962603E-02   6.1650931E-02   1.2830163E+01
    5.7637849E-02   7.4071880E-02   8.6215836E-02   8.8908893E-02   9.3121204E-02
    9.7494437E-02   9.9435285E-02   9.9249030E-02   9.1535341E-02   3.9646172E-01
    1.6719305E-01   1.8232536E-01   1.9724007E-01   1.2608395E-01   1.1676029E-01

 9.4087385512E+02   1.3090034E+05   3.3348179E+09   1.6331523E+00   5.7417780E-02   1.0833021E+03   5.0000000E-02    16 
    1.5867520E+01   1.4044558E+00   1.4668603E+00   1.6601223E+00   4.4443713E+00
    8.3172079E-01   4.2118737E-01   4.6085593E-01   4.7375795E-01   8.0693924E-01
    8.4299230E-01   8.7653516E-01   1.8533548E+00   1.1673481E+00   2.0944813E+00
    1.2479208E+00   1.8725902E-01   1.8836928E-01   1.9305860E-01   9.1226748E+00
    8.0720847E-01   8.0578450E-01   8.1061593E-01   3.1076965E-01   3.2442707E-01
    3.6158913E-01   2.1216609E+00   3.5390464E-01   2.3919659E-01   2.2823257E+00
    2.2283498E+00   1.7257851E-01   1.6153649E-01   1.4927757E-01   8.6612725E+00
    1.4671324E-01   1.7322776E-01   1.8486393E-01   2.1424323E-01   2.2299003E-01
    2.4540087E-01   2.4734463E-01   2.4939910E-01   2.2693639E-01   7.5851162E-01
    4.0445706E-01   4.0729439E-01   4.7461929E-01   1.4606332E-01   1.4852369E-01

 7.2776793648E+02   2.6820492E+05   6.8164388E+09   1.6859483E+00   3.7169984E-02   8.8582308E+02   5.0000000E-02    17 
    1.1041187E+01   1.4062291E+00   1.3947899E+00   1.6710634E+00   4.9025095E+00
    1.0999887E+00   5.3572372E-01   6.1219114E-01   6.6333731E-01   1.2485265E+00
    1.1733544E+00   1.1229885E+00   2.0278030E+00   1.7600176E+00   2.7275759E+00
    2.1826067E+00   2.7321989E-01   2.7376647E-01   2.7479825E-01   8.8751751E+00
    8.6124657E-01   8.7139040E-01   8.8265382E-01   3.5514969E-01   3.6341061E-01
    3.2038905E-01   2.8258543E+00   7.3897965E-01   5.2320570E-01   2.7475324E+00
    3.1907882E+00   3.1642005E-01   3.2939337E-01   3.3808340E-01   5.5975908E+00
    3.0360408E-01   3.0979894E-01   2.9878702E-01   4.0317888E-01   4.0599420E-01
    4.1339332E-01   4.0986321E-01   4.4471563E-01   4.4841930E-01   1.3501365E+00
    6.4941358E-01   6.5507402E-01   7.1723149E-01   1.8861490E-01   1.8496089E-01

 5.7952186412E+02   5.3783813E+05   1.3879425E+10   1.7470391E+00   2.0093926E-02   6.8612003E+02   5.0000000E-02    18 
    6.8637190E+00   1.2741484E+00   1.2056599E+00   1.3170056E+00   5.1997354E+00
    1.2119279E+00   7.1282145E-01   6.9677892E-01   7.2024418E-01   1.3118724E+00
    1.2353587E+00   1.2297231E+00   1.8934867E+00   2.2630703E+00   3.5706883E+00
    3.9464160E+00   3.2760116E-01   3.1919802E-01   3.2017054E-01   5.6414366E+00
    8.7436747E-01   8.8851340E-01   8.8773060E-01   3.8805642E-01   3.4590497E-01
    3.1733071E-01   3.4074195E+00   1.0600738E+00   8.5901936E-01   2.1721316E+00
    3.4012153E+00   4.5490433E-01   4.5600416E-01   4.8566738E-01   3.9056031E+00
    4.6377066E-01   4.5818113E-01   3.8513750E-01   5.2920569E-01   5.8563471E-01
    5.3645149E-01   6.4634972E-01   5.6646335E-01   5.6618184E-01   1.9090493E+00
    8.6822893E-01   8.8553173E-01   8.9975351E-01   2.0145696E-01   1.9763216E-01

 4.7577603226E+02   1.0805980E+06   2.8382837E+10   1.8274214E+00   1.0704010E-02   4.9783982E+02   5.0000059E-02    19 
    4.9845598E+00   1.2303331E+00   1.5151389E+00   1.5310800E+00   4.1012834E+00
    1.2545279E+00   7.4424483E-01   7.0587782E-01   8.8194041E-01   1.7133593E+00
    1.3599449E+00   1.3566813E+00   2.4945085E+00   2.0287109E+00   3.2408873E+00
    3.3855505E+00   4.4799224E-01   4.7813591E-01   5.1726758E-01   5.1409955E+00
    9.3061059E-01   9.3199694E-01   9.6892959E-01   3.8610852E-01   4.3636672E-01
    4.9076476E-01   2.8187878E+00   8.9749280E-01   1.1396404E+00   2.5694107E+00
    2.7552863E+00   5.0724831E-01   6.1597321E-01   7.4883092E-01   2.9784563E+00
    6.9569359E-01   5.8857821E-01   4.7448992E-01   7.1159839E-01   6.5553359E-01
    7.0316211E-01   6.3812472E-01   7.6760606E-01   7.8202035E-01   1.9674789E+00
    1.1922361E+00   1.1754916E+00   1.2318668E+00   2.5502580E-01   2.7556697E-01

 4.0336781057E+02   2.1470704E+06   5.8046845E+10   1.9501177E+00   6.3224030E-03   3.3864400E+02   5.0011895E-02    20 
    5.9607407E+00   1.6409823E+00   1.9345621E+00   1.7637093E+00   5.2341859E+00
    1.6218027E+00   1.2743444E+00   1.2420512E+00   1.2672496E+00   2.2041622E+00
    2.0199507E+00   1.8675568E+00   2.6566624E+00   2.9159985E+00   4.0204974E+00
    4.6057307E+00   5.8417070E-01   6.1120498E-01   6.6236058E-01   3.4494031E+00
    1.0806906E+00   1.0864500E+00   1.1094025E+00   3.7875142E-01   3.5714389E-01
    4.9920613E-01   2.8784670E+00   1.0143410E+00   1.4068193E+00   2.0941982E+00
    2.6871337E+00   6.5714104E-01   8.0435613E-01   9.9291590E-01   2.5557220E+00
    1.2244412E+00   1.0143132E+00   8.3446254E-01   1.0241970E+00   9.7762320E-01
    1.0757228E+00   1.1194050E+00   1.0398773E+00   1.1841019E+00   2.0702172E+00
    1.6325522E+00   1.3499746E+00   1.7124362E+00   3.6870867E-01   4.0262594E-01

 3.5601281607E+02   3.9822539E+06   1.1206827E+11   2.0644112E+00   4.8115207E-03   2.2272765E+02   5.0566775E-02    21 
    7.6663645E+00   2.0940272E+00   2.0295013E+00   1.9189110E+00   7.5565853E+00
    2.4623271E+00   1.3900663E+00   1.5152262E+00   1.4946436E+00   2.0904598E+00
    2.2012665E+00   2.0927840E+00   2.2559676E+00   3.9986989E+00   5.4846972E+00
    7.4475345E+00   6.7699885E-01   6.8450903E-01   6.7870047E-01   3.2237663E+00
    1.1983779E+00   1.1704143E+00   1.1825144E+00   4.2898616E-01   4.0197403E-01
    4.2647050E-01   3.3785948E+00   1.3995777E+00   2.6033619E+00   1.7034829E+00
    2.9910836E+00   8.5898601E-01   7.0184648E-01   8.9179718E-01   2.7591865E+00
    1.2037035E+00   1.0501493E+00   9.5889324E-01   1.2011823E+00   1.1092178E+00
    1.0402380E+00   1.0927821E+00   1.0682233E+00   1.1656770E+00   2.5129818E+00
    1.6469175E+00   1.2848083E+00   1.4441027E+00   4.7130520E-01   4.7762074E-01

 3.2549493173E+02   6.0569908E+06   1.7987415E+11   2.1285849E+00   3.5455854E-03   1.4726729E+02   5.7011504E-02    22 
    6.3603220E+00   2.3545247E+00   1.9668391E+00   1.9664254E+00   6.2411986E+00
    2.2090686E+00   1.3644038E+00   1.5294134E+00   1.6610498E+00   2.3382593E+00
    2.3668222E+00   2.3112734E+00   1.9777694E+00   3.7810258E+00   4.8216020E+00
    6.1244302E+00   7.5589866E-01   7.6616144E-01   7.7517988E-01   2.2504807E+00
    1.2103925E+00   1.1852292E+00   1.2119239E+00   4.4503068E-01   4.6906809E-01
    5.1487022E-01   2.5095767E+00   1.5386917E+00   2.5439684E+00   1.5327919E+00
    2.2936118E+00   8.9405978E-01   1.0175690E+00   1.0235117E+00   2.2194037E+00
    1.2432125E+00   1.0708307E+00   1.0296916E+00   1.2794831E+00   1.2380169E+00
    1.0950034E+00   1.2174515E+00   1.3668451E+00   1.3899022E+00   2.2608354E+00
    1.7092541E+00   1.4644782E+00   1.4245234E+00   5.2608318E-01   5.4310366E-01

 3.0430411815E+02   6.0695549E+06   2.0403394E+11   2.1458471E+00   2.3446928E-03   9.7279275E+01   8.7107515E-02    23 
    4.2631071E+00   1.9556876E+00   1.5631741E+00   1.6337628E+00   4.2605258E+00
    1.6412561E+00   1.0740857E+00   1.2071856E+00   1.4151351E+00   2.2044935E+00
    2.0941555E+00   2.0870648E+00   1.5972103E+00   2.6915586E+00   3.6920303E+00
    4.2582796E+00   7.3993691E-01   7.4442356E-01   7.6787598E-01   1.6088773E+00
    1.1035103E+00   1.0941066E+00   1.1278469E+00   4.6295938E-01   5.0781586E-01
    5.2831040E-01   1.5134946E+00   1.2671994E+00   1.9206741E+00   1.3348876E+00
    1.7492864E+00   1.0676285E+00   1.2440476E+00   1.1204147E+00   1.7300972E+00
    1.2026293E+00   1.0361682E+00   1.0041421E+00   1.1810475E+00   1.1799762E+00
    1.1609093E+00   1.1505733E+00   1.3023804E+00   1.3191095E+00   1.6766929E+00
    1.5085453E+00   1.4107515E+00   1.3210475E+00   5.5722242E-01   5.7735979E-01

 2.8880790187E+02   4.8101791E+06   1.8519779E+11   2.1608427E+00   1.5378188E-03   6.4367528E+01   1.6114967E-01    24 
    3.4445383E+00   1.8039802E+00   1.5539310E+00   1.6750354E+00   3.4125961E+00
    1.3331968E+00   9.1982776E-01   1.0706185E+00   1.2350907E+00   2.0369807E+00
    1.9031575E+00   1.9290725E+00   1.4479809E+00   1.8696884E+00   2.9526272E+00
    3.3799403E+00   7.4421072E-01   7.3367697E-01   7.5476386E-01   1.3249064E+00
    1.0247995E+00   1.0010054E+00   1.0459168E+00   4.8317993E-01   5.3807091E-01
    5.3657542E-01   1.0159926E+00   9.6383838E-01   1.5584995E+00   1.2921674E+00
    1.5048105E+00   1.0767187E+00   1.1649501E+00   1.1177206E+00   1.4685401E+00
    1.1491057E+00   1.0449699E+00   1.0421731E+00   1.1204157E+00   1.1270678E+00
    1.2447646E+00   1.0902030E+00   1.2071240E+00   1.0654167E+00   1.4550806E+00
    1.3982089E+00   1.3140161E+00   1.2825501E+00   5.9898881E-01   6.0470087E-01

 2.7699998806E+02   4.3943239E+06   1.7539440E+11   2.1853028E+00   1.2464081E-03   4.2767446E+01   2.7835021E-01    25 
    3.5903966E+00   2.0260339E+00   1.8604731E+00   2.0167902E+00   3.4077222E+00
    1.2618382E+00   8.8111840E-01   1.0539459E+00   1.1818283E+00   1.9951899E+00
    1.8681359E+00   1.8817650E+00   1.3838935E+00   1.4039636E+00   2.6394005E+00
    3.2303078E+00   7.6254255E-01   7.3729164E-01   7.4989050E-01   1.2529566E+00
    9.8675345E-01   9.4657532E-01   1.0016081E+00   5.0576004E-01   5.5886443E-01
    5.4700739E-01   8.9527049E-01   7.5232473E-01   1.3647984E+00   1.2745663E+00
    1.4648638E+00   9.6303612E-01   1.0128843E+00   1.0520253E+00   1.3539739E+00
    1.1033115E+00   1.0706473E+00   1.0965724E+00   1.0681335E+00   1.0855226E+00
    1.2747473E+00   1.0500646E+00   1.1109699E+00   8.7871204E-01   1.3933129E+00
    1.3457607E+00   1.2087142E+00   1.2537624E+00   6.4191560E-01   6.3393882E-01

 2.6472555228E+02   5.1367860E+06   1.9397746E+11   2.2168224E+00   1.2071542E-03   2.6905120E+01   4.3746467E-01    26 
    4.0682375E+00   2.3856620E+00   2.2701623E+00   2.4675795E+00   3.6582370E+00
    1.2624532E+00   8.5008174E-01   1.0412245E+00   1.1524933E+00   1.9496529E+00
    1.8458516E+00   1.8309585E+00   1.2757480E+00   1.0187118E+00   2.4159402E+00
    3.2779234E+00   7.7400903E-01   7.3269534E-01   7.3059680E-01   1.2078167E+00
    9.4005007E-01   8.9063366E-01   9.4770547E-01   5.2837833E-01   5.6326121E-01
    5.3794916E-01   8.8145004E-01   5.8884094E-01   1.1881270E+00   1.1804021E+00
    1.4820998E+00   8.2297127E-01   8.2871680E-01   9.1332539E-01   1.2962378E+00
    1.0462030E+00   1.0846666E+00   1.1307394E+00   9.7551141E-01   1.0223103E+00
    1.2685765E+00   9.7589539E-01   9.7639946E-01   7.4632037E-01   1.3139706E+00
    1.3080716E+00   1.0883154E+00   1.1871064E+00   6.8611511E-01   6.6273269E-01

 2.5469606681E+02   6.7016296E+06   2.3775492E+11   2.2414620E+00   1.4057277E-03   1.8322001E+01   5.6580491E-01    27 
    4.7154192E+00   2.8182479E+00   2.7419642E+00   2.9653353E+00   3.8919134E+00
    1.2472055E+00   7.9341205E-01   9.9160311E-01   1.0917438E+00   1.8438480E+00
    1.7631526E+00   1.7201033E+00   1.1689754E+00   6.5218303E-01   2.1471800E+00
    3.1934365E+00   7.7283674E-01   7.1650993E-01   6.9753370E-01   1.1477363E+00
    8.7136600E-01   8.1946851E-01   8.7191971E-01   5.5209224E-01   5.5512263E-01
    5.1145600E-01   8.8967435E-01   4.5034117E-01   1.0017261E+00   1.0417560E+00
    1.5095628E+00   6.9646006E-01   6.3748470E-01   7.3110938E-01   1.2616356E+00
    9.7554205E-01   1.0681076E+00   1.1216181E+00   8.5086908E-01   9.3309898E-01
    1.2328509E+00   8.6712945E-01   8.1491369E-01   6.3360404E-01   1.1748210E+00
    1.2918353E+00   9.7980502E-01   1.0982672E+00   7.1995432E-01   6.8013388E-01

 2.5120490788E+02   9.8777640E+06   2.9695179E+11   2.2287182E+00   2.1112079E-03   1.2680975E+01   6.7251195E-01    28 
    5.1200989E+00   2.9685998E+00   2.9658223E+00   3.2035897E+00   3.8027594E+00
    1.1413089E+00   7.1544366E-01   8.9352304E-01   9.9790062E-01   1.6561246E+00
    1.5805727E+00   1.5117784E+00   1.0878028E+00   4.0344923E-01   1.8585655E+00
    2.8100601E+00   7.2653043E-01   6.6465480E-01   6.3761890E-01   1.0676627E+00
    7.8751840E-01   7.3803970E-01   7.8431265E-01   5.4885370E-01   5.2263417E-01
    4.6816455E-01   8.7483267E-01   3.4359308E-01   8.5030961E-01   9.1646002E-01
    1.5196075E+00   5.8859323E-01   4.8394837E-01   5.7107081E-01   1.2311548E+00
    9.1078629E-01   1.0241265E+00   1.0639937E+00   7.3524062E-01   8.3773046E-01
    1.1571938E+00   7.5540808E-01   6.7724341E-01   5.5083533E-01   9.8549386E-01
    1.2864184E+00   9.0933058E-01   1.0245260E+00   7.1738662E-01   6.7026405E-01

 2.5097391711E+02   1.5070163E+07   3.9008988E+11   2.2035558E+00   3.1668603E-03   8.4890961E+00   7.6586537E-01    29 
    4.7385922E+00   2.7436338E+00   2.7563522E+00   2.9747830E+00   3.4733469E+00
    1.0232699E+00   6.4514234E-01   8.0288804E-01   9.1842420E-01   1.5303051E+00
    1.4579443E+00   1.3610982E+00   1.0090778E+00   3.0799072E-01   1.6650222E+00
    2.5492703E+00   6.7102282E-01   6.1541911E-01   5.8844871E-01   9.9538166E-01
    7.3503162E-01   6.8916156E-01   7.3187247E-01   5.2421994E-01   4.8847981E-01
    4.3116189E-01   8.3561527E-01   2.9710865E-01   7.7780621E-01   8.3416266E-01
    1.4752611E+00   5.3808554E-01   4.2565077E-01   5.0806837E-01   1.1884288E+00
    8.6922546E-01   9.7773200E-01   9.9931172E-01   6.7873269E-01   7.8266725E-01
    1.0876254E+00   6.9037502E-01   6.1334705E-01   5.1436444E-01   8.8081637E-01
    1.2460977E+00   8.6220377E-01   9.7458476E-01   6.9183992E-01   6.4711332E-01

 2.5085720341E+02   2.3710546E+07   5.4753848E+11   2.1843982E+00   4.8408005E-03   5.5147811E+00   8.4047651E-01    30 
    4.3779904E+00   2.5492105E+00   2.5700277E+00   2.7821713E+00   3.1892121E+00
    9.3160197E-01   6.0275646E-01   7.4945663E-01   8.6505952E-01   1.4397154E+00
    1.3740816E+00   1.2724984E+00   9.6992482E-01   2.5396171E-01   1.5153157E+00
    2.3304477E+00   6.3831418E-01   5.8416510E-01   5.5559116E-01   9.2923538E-01
    6.9863869E-01   6.5459408E-01   6.9364204E-01   5.0804358E-01   4.6423528E-01
    4.0399879E-01   7.9494174E-01   2.6430897E-01   7.2421240E-01   7.7244072E-01
    1.4210301E+00   5.1054235E-01   3.8814199E-01   4.6625594E-01   1.1474382E+00
    8.4316584E-01   9.4832392E-01   9.6072249E-01   6.4216170E-01   7.4900191E-01
    1.0504684E+00   6.5162294E-01   5.7473243E-01   4.9082584E-01   7.9744364E-01
    1.2330448E+00   8.4036973E-01   9.4696068E-01   6.7590838E-01   6.3183758E-01

 2.5073572047E+02   3.6665606E+07   7.8230312E+11   2.1696676E+00   7.2556312E-03   3.6422416E+00   8.9138886E-01    31 
    4.0290511E+00   2.3764792E+00   2.4133916E+00   2.6422673E+00   2.9365335E+00
    8.6172606E-01   5.7850280E-01   7.2019925E-01   8.3002019E-01   1.3511434E+00
    1.2989242E+00   1.2138224E+00   9.7086637E-01   2.3064697E-01   1.3986403E+00
    2.1429205E+00   6.2230168E-01   5.6512132E-01   5.3305364E-01   8.5620316E-01
    6.7067511E-01   6.2717185E-01   6.6178119E-01   4.9922958E-01   4.4823322E-01
    3.8551475E-01   7.5636219E-01   2.4121370E-01   6.8448568E-01   7.3084383E-01
    1.3611545E+00   4.9450884E-01   3.6007566E-01   4.3249024E-01   1.1096059E+00
    8.2771387E-01   9.3246970E-01   9.4267694E-01   6.1719693E-01   7.2899820E-01
    1.0356553E+00   6.3064612E-01   5.5181525E-01   4.7576580E-01   7.3324068E-01
    1.2527289E+00   8.4304288E-01   9.4271929E-01   6.6808236E-01   6.2312424E-01

 2.5060477046E+02   5.6128332E+07   1.1358881E+12   2.1592189E+00   1.0470850E-02   2.4156282E+00   9.2650380E-01    32 
    3.6333809E+00   2.1819340E+00   2.2508796E+00   2.5047679E+00   2.6419763E+00
    7.9820162E-01   5.7966771E-01   7.2164921E-01   8.2442577E-01   1.2668146E+00
    1.2385195E+00   1.1881505E+00   1.0311899E+00   2.3715388E-01   1.2871910E+00
    1.9192783E+00   6.2788042E-01   5.6288688E-01   5.2485454E-01   7.6253750E-01
    6.5062277E-01   6.0606646E-01   6.3551940E-01   4.9898061E-01   4.4188335E-01
    3.7737394E-01   7.0904534E-01   2.2183614E-01   6.4709333E-01   7.0917820E-01
    1.2696265E+00   4.9269942E-01   3.4367899E-01   4.0875601E-01   1.0598740E+00
    8.3227120E-01   9.4218835E-01   9.5587689E-01   6.1066020E-01   7.3158287E-01
    1.0540268E+00   6.3571666E-01   5.5111996E-01   4.7654467E-01   6.7208801E-01
    1.3295079E+00   8.8694414E-01   9.7984692E-01   6.7228117E-01   6.2481749E-01

 2.5046087833E+02   8.5675206E+07   1.6742142E+12   2.1459699E+00   1.4307602E-02   1.5989152E+00   9.5069331E-01    33 
    2.9734724E+00   1.8539789E+00   1.9434551E+00   2.1625132E+00   2.1734368E+00
    7.1075644E-01   5.8730698E-01   7.2428158E-01   8.1503070E-01   1.1729666E+00
    1.1638030E+00   1.1438322E+00   1.1179869E+00   2.7060847E-01   1.1331409E+00
    1.5862744E+00   6.3573160E-01   5.6446933E-01   5.2333176E-01   6.4518382E-01
    6.2458185E-01   5.7969090E-01   6.0396475E-01   4.9664820E-01   4.3548506E-01
    3.7160028E-01   6.4007061E-01   1.9974052E-01   5.9733699E-01   6.8711595E-01
    1.1187623E+00   4.9379146E-01   3.3541306E-01   3.9501343E-01   9.8090584E-01
    8.4317225E-01   9.6091480E-01   9.7927488E-01   6.1442568E-01   7.4454224E-01
    1.0819754E+00   6.5496897E-01   5.6334428E-01   4.8983391E-01   5.9518424E-01
    1.4453320E+00   9.6290619E-01   1.0437842E+00   6.7789236E-01   6.2784602E-01

 2.5030820534E+02   1.3025229E+08   2.4890735E+12   2.1276050E+00   1.7886225E-02   1.0584971E+00   9.6706536E-01    34 
    2.0982719E+00   1.4180172E+00   1.4876856E+00   1.6184960E+00   1.6374378E+00
    6.2230830E-01   5.7195760E-01   6.9632284E-01   7.6246761E-01   1.0500153E+00
    1.0466884E+00   1.0399892E+00   1.1512285E+00   3.2648503E-01   9.7305354E-01
    1.2756323E+00   6.2089394E-01   5.5174583E-01   5.1541645E-01   5.5296238E-01
    5.8571924E-01   5.4330288E-01   5.6259667E-01   4.8136690E-01   4.1993831E-01
    3.6181853E-01   5.7614130E-01   1.8664497E-01   5.5574460E-01   6.5349439E-01
    9.5715795E-01   4.8560554E-01   3.3138307E-01   3.8770205E-01   9.0163262E-01
    8.3140700E-01   9.5397008E-01   9.7904235E-01   6.1123345E-01   7.4195101E-01
    1.0822763E+00   6.6576521E-01   5.7366597E-01   5.0450082E-01   5.3408248E-01
    1.5308077E+00   1.0283104E+00   1.0867594E+00   6.7050932E-01   6.1888637E-01

 2.5014435644E+02   1.9742011E+08   3.7225299E+12   2.1091413E+00   2.0405255E-02   7.0069522E-01   9.7806844E-01    35 
    1.3333317E+00   1.0048988E+00   1.0414773E+00   1.1125342E+00   1.1577326E+00
    5.4619920E-01   5.3099727E-01   6.3573724E-01   6.8088992E-01   9.1149142E-01
    9.1067197E-01   9.0875629E-01   1.1031064E+00   3.8098691E-01   8.3612811E-01
    1.0034815E+00   5.8873199E-01   5.3032782E-01   5.0534802E-01   4.9804843E-01
    5.4237752E-01   5.0440438E-01   5.1879985E-01   4.6012227E-01   4.0310378E-01
    3.5590412E-01   5.3033234E-01   1.8897239E-01   5.2852902E-01   6.1756000E-01
    8.1397252E-01   4.7743087E-01   3.3919362E-01   3.9017246E-01   8.3557456E-01
    7.9493228E-01   9.1526684E-01   9.4355168E-01   6.0237321E-01   7.2137812E-01
    1.0490827E+00   6.6483392E-01   5.8467204E-01   5.2684561E-01   4.9110695E-01
    1.5413916E+00   1.0587322E+00   1.0913369E+00   6.5112336E-01   6.0087765E-01

 2.4996384603E+02   2.9857932E+08   5.5913225E+12   2.1011241E+00   2.1358301E-02   4.6367505E-01   9.8542984E-01    36 
    8.4949030E-01   7.0888411E-01   7.2614639E-01   7.7224583E-01   8.0525282E-01
    4.8401111E-01   4.8369491E-01   5.6746470E-01   6.0382599E-01   7.9034226E-01
    7.9062438E-01   7.9045251E-01   1.0247668E+00   4.1990258E-01   7.3436767E-01
    7.6220404E-01   5.6256186E-01   5.2152300E-01   5.1330978E-01   4.7168480E-01
    5.0941579E-01   4.7716288E-01   4.8744800E-01   4.4975746E-01   4.0259628E-01
    3.6959974E-01   5.0385284E-01   2.1363788E-01   5.1049363E-01   5.9264194E-01
    7.0258787E-01   4.8346413E-01   3.7375526E-01   4.1296784E-01   7.7818482E-01
    7.4965536E-01   8.5932479E-01   8.8535496E-01   6.0251056E-01   6.9537464E-01
    9.9859218E-01   6.6424396E-01   6.1231577E-01   5.7263922E-01   4.5893407E-01
    1.4953925E+00   1.0671880E+00   1.0787118E+00   6.3116041E-01   5.8628358E-01

 2.4976016688E+02   4.5013693E+08   8.4106268E+12   2.1139672E+00   2.0217699E-02   3.0722239E-01   9.9032094E-01    37 
    5.9248447E-01   5.3194978E-01   5.4565288E-01   5.7980763E-01   5.9108722E-01
    4.3936977E-01   4.5033007E-01   5.1138801E-01   5.4326524E-01   6.9838404E-01
    6.9891727E-01   6.9930630E-01   9.5298399E-01   4.5555243E-01   6.7821837E-01
    5.8931372E-01   5.5739059E-01   5.3823747E-01   5.4984395E-01   4.7456631E-01
    4.9804900E-01   4.7330292E-01   4.8117745E-01   4.6232478E-01   4.3167683E-01
    4.1546532E-01   5.0441655E-01   2.6693456E-01   5.0119645E-01   5.8657061E-01
    6.3845010E-01   5.1119949E-01   4.4278344E-01   4.6202759E-01   7.3378093E-01
    7.0577564E-01   8.0008467E-01   8.2107020E-01   6.2020320E-01   6.7453945E-01
    9.4620928E-01   6.7948408E-01   6.6412508E-01   6.4403540E-01   4.4593418E-01
    1.4177243E+00   1.0665885E+00   1.0647087E+00   6.2051001E-01   5.8408885E-01

 2.4952931258E+02   6.7274512E+08   1.2609797E+13   2.1543996E+00   1.7112235E-02   2.0462892E-01   9.9354213E-01    38 
    4.7362292E-01   4.4457645E-01   4.6069818E-01   4.8811003E-01   4.8508272E-01
    4.1519784E-01   4.3766262E-01   4.7805604E-01   5.0600278E-01   6.3430614E-01
    6.3500826E-01   6.3573261E-01   8.9672007E-01   5.0406201E-01   6.6727369E-01
    4.9705989E-01   5.7774627E-01   5.7948298E-01   6.0692529E-01   5.0861581E-01
    5.1460907E-01   4.9979245E-01   5.0794080E-01   5.0432333E-01   4.9571068E-01
    4.9811449E-01   5.4001688E-01   3.3544688E-01   5.0038094E-01   6.0584933E-01
    6.2679572E-01   5.6084658E-01   5.3491729E-01   5.3235939E-01   7.1207888E-01
    6.7833068E-01   7.5407547E-01   7.7068417E-01   6.5861186E-01   6.6820923E-01
    9.0738127E-01   7.1857053E-01   7.3272325E-01   7.2780209E-01   4.5753762E-01
    1.3314289E+00   1.0650277E+00   1.0612654E+00   6.2834894E-01   6.0097938E-01

 2.4930085726E+02   9.4360968E+08   1.7905769E+13   2.2170251E+00   1.3356278E-02   1.4409740E-01   9.9544786E-01    39 
    4.3913352E-01   4.2101386E-01   4.3886507E-01   4.6299682E-01   4.5529331E-01
    4.1572963E-01   4.4549716E-01   4.7375170E-01   4.9890051E-01   6.0373330E-01
    6.0466967E-01   6.0573098E-01   8.6659533E-01   5.6597930E-01   6.9109187E-01
    4.7270277E-01   6.1764897E-01   6.3021557E-01   6.6175875E-01   5.6408513E-01
    5.5553958E-01   5.5062274E-01   5.6059160E-01   5.6720771E-01   5.7767235E-01
    5.9361180E-01   6.0333298E-01   3.9929437E-01   5.1017948E-01   6.4520041E-01
    6.5635357E-01   6.2060060E-01   6.2294421E-01   6.0680422E-01   7.2078797E-01
    6.8053871E-01   7.3793624E-01   7.5302056E-01   7.1148407E-01   6.8142016E-01
    8.9627904E-01   7.7232948E-01   8.0136358E-01   8.0591825E-01   4.9034931E-01
    1.2686551E+00   1.0675093E+00   1.0758220E+00   6.5754605E-01   6.3678156E-01

 2.4907947703E+02   1.2387290E+09   2.4195032E+13   2.2970473E+00   9.8379153E-03   1.0671131E-01   9.9662681E-01    40 
    4.4955171E-01   4.3430001E-01   4.5342801E-01   4.7533339E-01   4.6905084E-01
    4.3977918E-01   4.7301573E-01   4.9500320E-01   5.1757771E-01   6.0489443E-01
    6.0605234E-01   6.0743661E-01   8.6060414E-01   6.3960426E-01   7.3758895E-01
    4.9035497E-01   6.7011416E-01   6.8440967E-01   7.1210972E-01   6.3221845E-01
    6.1327348E-01   6.1606484E-01   6.2681908E-01   6.4069433E-01   6.6295498E-01
    6.8377851E-01   6.8114222E-01   4.6334742E-01   5.3346329E-01   6.9774043E-01
    7.0927698E-01   6.8782378E-01   7.0735691E-01   6.8100465E-01   7.5461623E-01
    7.0814586E-01   7.5000179E-01   7.6557867E-01   7.7522834E-01   7.1197209E-01
    9.1116665E-01   8.3364997E-01   8.7043979E-01   8.8016471E-01   5.4241302E-01
    1.2322052E+00   1.0751679E+00   1.1023227E+00   7.0486509E-01   6.8824494E-01

 2.4885523658E+02   1.5250204E+09   3.1727790E+13   2.3960691E+00   6.8108887E-03   8.1473221E-02   9.9742351E-01    41 
    4.8871631E-01   4.7227135E-01   4.9353856E-01   5.1262624E-01   5.1241155E-01
    4.8736455E-01   5.2052006E-01   5.3966963E-01   5.5868273E-01   6.3445790E-01
    6.3580130E-01   6.3753223E-01   8.7419285E-01   7.2568301E-01   8.0281577E-01
    5.3849414E-01   7.3265680E-01   7.4390056E-01   7.6488835E-01   7.1182794E-01
    6.8390731E-01   6.9178305E-01   7.0153194E-01   7.2036883E-01   7.4793860E-01
    7.6715245E-01   7.6603130E-01   5.3558969E-01   5.7209958E-01   7.6054903E-01
    7.7674889E-01   7.6597237E-01   7.9622390E-01   7.5821908E-01   8.0763775E-01
    7.5421563E-01   7.8353865E-01   8.0081095E-01   8.5000858E-01   7.5637014E-01
    9.4543237E-01   9.0160750E-01   9.4417279E-01   9.5685569E-01   6.1639353E-01
    1.2124658E+00   1.0878722E+00   1.1333481E+00   7.6687722E-01   7.5265130E-01

 2.4862245378E+02   1.7051733E+09   4.0621257E+13   2.5157659E+00   4.4152426E-03   6.3755881E-02   9.9798321E-01    42 
    5.4843877E-01   5.2781086E-01   5.5254890E-01   5.6817310E-01   5.7810633E-01
    5.5912478E-01   5.8674659E-01   6.0599811E-01   6.2061573E-01   6.8991065E-01
    6.9138282E-01   6.9361028E-01   9.0543520E-01   8.2398330E-01   8.8328158E-01
    6.1092623E-01   8.0312410E-01   8.0974933E-01   8.2397756E-01   8.0042189E-01
    7.6276570E-01   7.7356573E-01   7.8147825E-01   8.0183701E-01   8.3075637E-01
    8.4626429E-01   8.5056453E-01   6.1650196E-01   6.2647942E-01   8.3057616E-01
    8.5032713E-01   8.5296735E-01   8.8891574E-01   8.3847772E-01   8.7233741E-01
    8.1186952E-01   8.3101753E-01   8.5020154E-01   9.2968755E-01   8.0917437E-01
    9.8916920E-01   9.7028480E-01   1.0179743E+00   1.0335823E+00   7.1068483E-01
    1.1997937E+00   1.1059217E+00   1.1592199E+00   8.3714760E-01   8.2434106E-01

 2.4837639521E+02   1.6177728E+09   5.0858259E+13   2.6566128E+00   2.6987269E-03   5.1095622E-02   9.9838335E-01    43 
    6.2171582E-01   5.9219004E-01   6.2093796E-01   6.3574027E-01   6.5805976E-01
    6.4912008E-01   6.6157075E-01   6.8562559E-01   6.9863243E-01   7.6509851E-01
    7.6653098E-01   7.6973262E-01   9.4639974E-01   9.2239635E-01   9.6417527E-01
    6.9842885E-01   8.7461977E-01   8.7812044E-01   8.8679864E-01   8.8842448E-01
    8.4213109E-01   8.5430423E-01   8.6084045E-01   8.7851384E-01   9.0675744E-01
    9.1988398E-01   9.2475299E-01   7.0064838E-01   6.9290447E-01   8.9786981E-01
    9.1733173E-01   9.4412796E-01   9.8275882E-01   9.2236282E-01   9.3464852E-01
    8.7013964E-01   8.8013241E-01   8.9931569E-01   1.0025237E+00   8.5931156E-01
    1.0227643E+00   1.0250321E+00   1.0833111E+00   1.1060482E+00   8.1756374E-01
    1.1764562E+00   1.1178386E+00   1.1666067E+00   9.0365533E-01   8.9295970E-01

 2.4811174256E+02   1.2071603E+09   6.2238834E+13   2.8166802E+00   1.5890793E-03   4.2066338E-02   9.9866883E-01    44 
    7.0201824E-01   6.5469291E-01   6.8786582E-01   7.0944021E-01   7.4188602E-01
    7.4647909E-01   7.3855210E-01   7.6614189E-01   7.8474740E-01   8.4901071E-01
    8.5021308E-01   8.5535472E-01   9.8281455E-01   1.0042467E+00   1.0203551E+00
    7.8620133E-01   9.3562926E-01   9.3876903E-01   9.4333906E-01   9.5814641E-01
    9.1080343E-01   9.2279862E-01   9.2859305E-01   9.4158167E-01   9.6714003E-01
    9.7934549E-01   9.7653408E-01   7.8217087E-01   7.7026289E-01   9.4889887E-01
    9.6609800E-01   1.0226996E+00   1.0636122E+00   1.0013187E+00   9.8035517E-01
    9.1963090E-01   9.2214092E-01   9.3746129E-01   1.0482205E+00   9.0071581E-01
    1.0302916E+00   1.0474676E+00   1.1244221E+00   1.1623770E+00   9.1195470E-01
    1.1318960E+00   1.1128677E+00   1.1397088E+00   9.5571824E-01   9.4897344E-01

 2.4782012513E+02   6.9949591E+08   7.4500660E+13   2.9946113E+00   9.1980708E-04   3.5793195E-02   9.9886722E-01    45 
    7.8564523E-01   7.1964392E-01   7.5122960E-01   7.8200914E-01   8.2502387E-01
    8.4051150E-01   8.3218245E-01   8.4124349E-01   8.6160530E-01   9.2642789E-01
    9.2695128E-01   9.3310577E-01   1.0058568E+00   1.0655375E+00   1.0399144E+00
    8.6861160E-01   9.7707328E-01   9.8188929E-01   9.8409959E-01   1.0004646E+00
    9.6054867E-01   9.7025152E-01   9.7518469E-01   9.8475022E-01   1.0040156E+00
    1.0149600E+00   1.0036853E+00   8.6270927E-01   8.5808177E-01   9.7608676E-01
    9.9675367E-01   1.0662136E+00   1.1083255E+00   1.0587541E+00   1.0080288E+00
    9.5548983E-01   9.5667481E-01   9.6478388E-01   1.0566048E+00   9.3712148E-01
    1.0146196E+00   1.0538376E+00   1.1311374E+00   1.1903583E+00   9.6587869E-01
    1.0735758E+00   1.0958851E+00   1.0812356E+00   9.9068030E-01   9.8864724E-01

 2.4748706468E+02   3.3607058E+08   8.7822589E+13   3.1921190E+00   5.2752875E-04   3.1578539E-02   9.9900054E-01    46 
    8.6049129E-01   8.1179100E-01   8.1840827E-01   8.4940794E-01   9.0542709E-01
    9.2567282E-01   9.1822005E-01   9.1571845E-01   9.2064921E-01   9.9091074E-01
    9.8770046E-01   9.8901399E-01   1.0140026E+00   1.0903302E+00   1.0350973E+00
    9.5527885E-01   1.0004150E+00   1.0060668E+00   1.0086745E+00   1.0174915E+00
    9.9218187E-01   9.9857824E-01   1.0022004E+00   1.0083729E+00   1.0202182E+00
    1.0285916E+00   1.0168951E+00   9.4175613E-01   9.4316451E-01   9.8979156E-01
    1.0163277E+00   1.0662692E+00   1.1041703E+00   1.0812843E+00   1.0256252E+00
    9.8272848E-01   9.8402327E-01   9.8807075E-01   1.0423669E+00   9.6775162E-01
    9.9839764E-01   1.0464501E+00   1.1092959E+00   1.1706776E+00   9.8327310E-01
    1.0212061E+00   1.0677106E+00   1.0209132E+00   1.0120064E+00   1.0125339E+00

 2.4709054876E+02   1.5117392E+08   1.0329701E+14   3.4090733E+00   3.0630466E-04   2.8342465E-02   9.9910291E-01    47 
    9.1763668E-01   9.1889660E-01   8.8871015E-01   9.0933029E-01   9.6213648E-01
    9.8518214E-01   9.6219308E-01   9.7228438E-01   9.6227493E-01   1.0349087E+00
    1.0258162E+00   1.0169130E+00   9.9748854E-01   1.0625430E+00   1.0185276E+00
    1.0116053E+00   1.0054138E+00   1.0105273E+00   1.0156596E+00   1.0187039E+00
    1.0074664E+00   1.0114158E+00   1.0140459E+00   1.0139438E+00   1.0211759E+00
    1.0276380E+00   1.0213490E+00   9.9563193E-01   9.9865263E-01   1.0017044E+00
    1.0251007E+00   1.0431886E+00   1.0721064E+00   1.0732724E+00   1.0326777E+00
    1.0006971E+00   9.9921241E-01   1.0017035E+00   1.0252292E+00   9.8614418E-01
    9.8657359E-01   1.0234013E+00   1.0698742E+00   1.1120930E+00   9.8661810E-01
    9.7788767E-01   1.0240419E+00   9.8398524E-01   1.0190030E+00   1.0206303E+00

 2.4660532050E+02   7.1579169E+07   1.2375992E+14   3.6491701E+00   1.8202215E-04   2.4691524E-02   9.9921842E-01    48 
    9.4487035E-01   9.9743264E-01   9.5183579E-01   9.5708946E-01   9.8923961E-01
    1.0128504E+00   9.8012586E-01   9.9299153E-01   9.8365355E-01   1.0497647E+00
    1.0412589E+00   1.0258389E+00   9.8103001E-01   1.0211226E+00   1.0016775E+00
    1.0359399E+00   1.0041316E+00   1.0085492E+00   1.0134199E+00   1.0133145E+00
    1.0122572E+00   1.0145874E+00   1.0161840E+00   1.0125163E+00   1.0171521E+00
    1.0212757E+00   1.0192336E+00   1.0171264E+00   1.0192292E+00   1.0099742E+00
    1.0213769E+00   1.0234685E+00   1.0426940E+00   1.0514953E+00   1.0239766E+00
    1.0063712E+00   1.0041505E+00   1.0036735E+00   1.0077419E+00   9.9301675E-01
    9.7744939E-01   9.9705344E-01   1.0263748E+00   1.0500199E+00   9.9618302E-01
    9.5361537E-01   9.8869097E-01   9.7078746E-01   1.0154593E+00   1.0178112E+00

 2.4601875230E+02   3.7395008E+07   1.5448347E+14   3.9212409E+00   1.1331732E-04   2.0256791E-02   9.9935875E-01    49 
    9.6730639E-01   1.0330577E+00   1.0012193E+00   9.9281244E-01   1.0007771E+00
    1.0187939E+00   9.9364024E-01   1.0010186E+00   9.9720349E-01   1.0378704E+00
    1.0365357E+00   1.0286292E+00   9.8576304E-01   9.9628508E-01   9.9629335E-01
    1.0323531E+00   1.0074694E+00   1.0091398E+00   1.0105497E+00   1.0093137E+00
    1.0124379E+00   1.0131848E+00   1.0135570E+00   1.0121510E+00   1.0134658E+00
    1.0143834E+00   1.0149272E+00   1.0165774E+00   1.0187116E+00   1.0143628E+00
    1.0134150E+00   1.0151300E+00   1.0205919E+00   1.0250539E+00   1.0117786E+00
    1.0072961E+00   1.0064312E+00   1.0044081E+00   9.9751929E-01   9.9747613E-01
    9.8258953E-01   9.8804948E-01   9.9874103E-01   1.0083712E+00   1.0064025E+00
    9.6102410E-01   9.8083394E-01   9.7652871E-01   1.0110168E+00   1.0126480E+00

 2.4533933112E+02   2.1575923E+07   2.0179624E+14   4.2320773E+00   7.4283656E-05   1.5710887E-02   9.9950262E-01    50 
    9.9413214E-01   1.0255588E+00   1.0208147E+00   1.0109752E+00   1.0057069E+00
    1.0145980E+00   1.0017331E+00   1.0060487E+00   1.0052346E+00   1.0194507E+00
    1.0217558E+00   1.0197181E+00   1.0007658E+00   9.9270540E-01   9.9928126E-01
    1.0139507E+00   1.0090720E+00   1.0093017E+00   1.0089252E+00   1.0072840E+00
    1.0091656E+00   1.0092684E+00   1.0091094E+00   1.0093553E+00   1.0094272E+00
    1.0089242E+00   1.0102035E+00   1.0060378E+00   1.0111785E+00   1.0122530E+00
    1.0075439E+00   1.0078398E+00   1.0077071E+00   1.0078700E+00   1.0051295E+00
    1.0061560E+00   1.0059262E+00   1.0040897E+00   9.9543305E-01   9.9958261E-01
    9.9342634E-01   9.9083666E-01   9.9116635E-01   9.9263918E-01   1.0073115E+00
    9.8399624E-01   9.8997660E-01   9.9118069E-01   1.0067639E+00   1.0075342E+00

 2.4458401663E+02   1.3824553E+07   2.7518664E+14   4.5851623E+00   5.1626095E-05   1.1624227E-02   9.9963197E-01    51 
    1.0080083E+00   1.0111716E+00   1.0161591E+00   1.0146038E+00   1.0060927E+00
    1.0081846E+00   1.0102058E+00   1.0077096E+00   1.0096618E+00   1.0066393E+00
    1.0068103E+00   1.0080892E+00   1.0073346E+00   9.9729153E-01   1.0018657E+00
    1.0021628E+00   1.0064667E+00   1.0061288E+00   1.0060105E+00   1.0048884E+00
    1.0049621E+00   1.0048842E+00   1.0048240E+00   1.0049557E+00   1.0047117E+00
    1.0045932E+00   1.0058272E+00   1.0009586E+00   1.0044645E+00   1.0074138E+00
    1.0040139E+00   1.0019555E+00   1.0005707E+00   1.0008482E+00   1.0025792E+00
    1.0043489E+00   1.0043393E+00   1.0030128E+00   9.9794081E-01   1.0014101E+00
    1.0002410E+00   9.9857467E-01   9.9412350E-01   9.9485984E-01   1.0039413E+00
    9.9897568E-01   9.9976522E-01   1.0017629E+00   1.0037371E+00   1.0040825E+00

 2.4377396713E+02   9.9101506E+06   3.9034261E+14   4.9828652E+00   3.8561836E-05   8.2581710E-03   9.9973853E-01    52 
    1.0083096E+00   1.0043077E+00   1.0082328E+00   1.0084719E+00   1.0037349E+00
    1.0031031E+00   1.0072392E+00   1.0046937E+00   1.0061841E+00   1.0015175E+00
    1.0014446E+00   1.0029284E+00   1.0048643E+00   9.9996883E-01   1.0014201E+00
    9.9902667E-01   1.0031843E+00   1.0028712E+00   1.0027741E+00   1.0022121E+00
    1.0022286E+00   1.0021282E+00   1.0020796E+00   1.0021330E+00   1.0018723E+00
    1.0017947E+00   1.0024715E+00   1.0006378E+00   1.0015257E+00   1.0031164E+00
    1.0017247E+00   1.0005605E+00   9.9952075E-01   9.9956935E-01   1.0011964E+00
    1.0019593E+00   1.0020703E+00   1.0015730E+00   9.9938978E-01   1.0012104E+00
    1.0016571E+00   1.0006468E+00   9.9742935E-01   9.9805028E-01   1.0011301E+00
    1.0015604E+00   1.0013784E+00   1.0025901E+00   1.0017147E+00   1.0017648E+00

 2.4293387857E+02   7.7525270E+06   5.6543041E+14   5.4273660E+00   3.0815515E-05   5.7431078E-03   9.9981815E-01    53 
    1.0038825E+00   1.0015294E+00   1.0032540E+00   1.0034447E+00   1.0015840E+00
    1.0010401E+00   1.0030434E+00   1.0019666E+00   1.0026173E+00   1.0004391E+00
    1.0003343E+00   1.0009172E+00   1.0018082E+00   1.0002683E+00   1.0005296E+00
    9.9942641E-01   1.0011224E+00   1.0010094E+00   1.0009869E+00   1.0007387E+00
    1.0008734E+00   1.0008298E+00   1.0008130E+00   1.0007430E+00   1.0006415E+00
    1.0006291E+00   1.0008265E+00   1.0004522E+00   1.0005435E+00   1.0010357E+00
    1.0005816E+00   1.0001761E+00   9.9981366E-01   9.9985941E-01   1.0004327E+00
    1.0007081E+00   1.0007553E+00   1.0006396E+00   1.0000432E+00   1.0005515E+00
    1.0009385E+00   1.0003312E+00   9.9913392E-01   9.9948671E-01   1.0003081E+00
    1.0006582E+00   1.0006145E+00   1.0010353E+00   1.0006642E+00   1.0006542E+00

 2.4207791313E+02   6.4074943E+06   8.2062338E+14   5.9218493E+00   2.5936483E-05   3.9860051E-03   9.9987378E-01    54 
    1.0014302E+00   1.0005864E+00   1.0011501E+00   1.0012363E+00   1.0005794E+00
    1.0003421E+00   1.0010745E+00   1.0007271E+00   1.0009218E+00   1.0002292E+00
    1.0001185E+00   1.0002392E+00   1.0005169E+00   1.0001569E+00   1.0001663E+00
    9.9980894E-01   1.0003291E+00   1.0003073E+00   1.0003203E+00   1.0002218E+00
    1.0003199E+00   1.0003098E+00   1.0003109E+00   1.0002316E+00   1.0002133E+00
    1.0002298E+00   1.0002557E+00   1.0002425E+00   1.0002198E+00   1.0003239E+00
    1.0001817E+00   1.0000422E+00   9.9997550E-01   1.0000321E+00   1.0001438E+00
    1.0002468E+00   1.0002566E+00   1.0002383E+00   1.0001327E+00   1.0002349E+00
    1.0003739E+00   1.0000595E+00   9.9973309E-01   9.9988115E-01   1.0000991E+00
    1.0001313E+00   1.0001743E+00   1.0002622E+00   1.0002429E+00   1.0002361E+00

 2.4120700322E+02   5.5334917E+06   1.1846284E+15   6.4694396E+00   2.2784807E-05   2.7814855E-03   9.9991192E-01    55 
    1.0004997E+00   1.0002496E+00   1.0003939E+00   1.0004318E+00   1.0002082E+00
    1.0001149E+00   1.0003582E+00   1.0002653E+00   1.0003045E+00   1.0001244E+00
    1.0000503E+00   1.0000555E+00   1.0001344E+00   1.0000859E+00   1.0000601E+00
    9.9994951E-01   1.0000931E+00   1.0000922E+00   1.0001054E+00   1.0000714E+00
    1.0001164E+00   1.0001157E+00   1.0001195E+00   1.0000734E+00   1.0000744E+00
    1.0000890E+00   1.0000832E+00   1.0001217E+00   1.0000810E+00   1.0001053E+00
    1.0000626E+00   1.0000115E+00   1.0000109E+00   1.0000480E+00   1.0000543E+00
    1.0000896E+00   1.0000916E+00   1.0000898E+00   1.0000844E+00   1.0001027E+00
    1.0001384E+00   9.9999577E-01   9.9992318E-01   9.9998353E-01   1.0000346E+00
    1.0000158E+00   1.0000448E+00   1.0000502E+00   1.0000904E+00   1.0000882E+00

 2.4031360966E+02   5.0101149E+06   1.7050895E+15   7.0754644E+00   2.0844612E-05   1.9470483E-03   9.9993835E-01    56 
    1.0001737E+00   1.0001096E+00   1.0001389E+00   1.0001557E+00   1.0000747E+00
    1.0000452E+00   1.0001168E+00   1.0001000E+00   1.0001041E+00   1.0000574E+00
    1.0000244E+00   1.0000193E+00   1.0000328E+00   1.0000387E+00   1.0000237E+00
    9.9998855E-01   1.0000289E+00   1.0000297E+00   1.0000356E+00   1.0000254E+00
    1.0000448E+00   1.0000450E+00   1.0000470E+00   1.0000270E+00   1.0000285E+00
    1.0000351E+00   1.0000286E+00   1.0000677E+00   1.0000264E+00   1.0000375E+00
    1.0000239E+00   1.0000087E+00   1.0000122E+00   1.0000277E+00   1.0000224E+00
    1.0000348E+00   1.0000353E+00   1.0000355E+00   1.0000410E+00   1.0000428E+00
    1.0000525E+00   9.9998515E-01   9.9998120E-01   1.0000057E+00   1.0000048E+00
    1.0000032E+00   1.0000118E+00   1.0000040E+00   1.0000355E+00   1.0000348E+00

 2.3953081160E+02   4.7647180E+06   2.3197389E+15   7.6433126E+00   1.9866511E-05   1.4406528E-03   9.9995438E-01    57 
    1.0000722E+00   1.0000542E+00   1.0000610E+00   1.0000697E+00   1.0000310E+00
    1.0000237E+00   1.0000445E+00   1.0000453E+00   1.0000449E+00   1.0000271E+00
    1.0000137E+00   1.0000120E+00   1.0000097E+00   1.0000159E+00   1.0000102E+00
    9.9999603E-01   1.0000123E+00   1.0000125E+00   1.0000147E+00   1.0000105E+00
    1.0000212E+00   1.0000213E+00   1.0000221E+00   1.0000132E+00   1.0000137E+00
    1.0000163E+00   1.0000113E+00   1.0000442E+00   1.0000099E+00   1.0000170E+00
    1.0000108E+00   1.0000072E+00   1.0000084E+00   1.0000142E+00   1.0000104E+00
    1.0000164E+00   1.0000166E+00   1.0000169E+00   1.0000210E+00   1.0000191E+00
    1.0000237E+00   9.9998460E-01   9.9999497E-01   1.0000065E+00   9.9999420E-01
    1.0000020E+00   1.0000042E+00   9.9999710E-01   1.0000169E+00   1.0000165E+00

 2.3920185490E+02   4.6968793E+06   2.6295864E+15   7.8930257E+00   1.9583177E-05   1.2744441E-03   9.9995964E-01    58 
    1.0000457E+00   1.0000371E+00   1.0000400E+00   1.0000463E+00   1.0000202E+00
    1.0000169E+00   1.0000263E+00   1.0000304E+00   1.0000297E+00   1.0000181E+00
    1.0000105E+00   1.0000101E+00   1.0000056E+00   1.0000103E+00   1.0000070E+00
    9.9999884E-01   1.0000086E+00   1.0000086E+00   1.0000098E+00   1.0000070E+00
    1.0000150E+00   1.0000149E+00   1.0000153E+00   1.0000095E+00   1.0000097E+00
    1.0000112E+00   1.0000072E+00   1.0000364E+00   1.0000051E+00   1.0000115E+00
    1.0000072E+00   1.0000065E+00   1.0000069E+00   1.0000101E+00   1.0000070E+00
    1.0000113E+00   1.0000113E+00   1.0000116E+00   1.0000152E+00   1.0000128E+00
    1.0000161E+00   9.9998676E-01   9.9999888E-01   1.0000066E+00   9.9999385E-01
    1.0000022E+00   1.0000030E+00   9.9999717E-01   1.0000116E+00   1.0000113E+00

 2.3903634582E+02   4.6647357E+06   2.7967584E+15   8.0210955E+00   1.9454713E-05   1.1999467E-03   9.9996200E-01    59 
    1.0000456E+00   1.0000376E+00   1.0000403E+00   1.0000470E+00   1.0000203E+00
    1.0000180E+00   1.0000279E+00   1.0000311E+00   1.0000303E+00   1.0000189E+00
    1.0000111E+00   1.0000107E+00   1.0000054E+00   1.0000103E+00   1.0000070E+00
    9.9999902E-01   1.0000088E+00   1.0000088E+00   1.0000100E+00   1.0000070E+00
    1.0000155E+00   1.0000155E+00   1.0000159E+00   1.0000099E+00   1.0000101E+00
    1.0000116E+00   1.0000071E+00   1.0000367E+00   1.0000076E+00   1.0000118E+00
    1.0000072E+00   1.0000070E+00   1.0000075E+00   1.0000107E+00   1.0000069E+00
    1.0000116E+00   1.0000117E+00   1.0000120E+00   1.0000158E+00   1.0000131E+00
    1.0000167E+00   9.9998823E-01   9.9999960E-01   1.0000071E+00   9.9999310E-01
    1.0000026E+00   1.0000035E+00   9.9999735E-01   1.0000120E+00   1.0000117E+00

 2.3898101473E+02   4.6537204E+06   2.8545781E+15   8.0650567E+00   1.9414842E-05   1.1761928E-03   9.9996275E-01    60 
    1.0006994E+00   1.0005409E+00   1.0005713E+00   1.0006116E+00   1.0004655E+00
    1.0003942E+00   1.0004602E+00   1.0004234E+00   1.0004239E+00   1.0003858E+00
    1.0003515E+00   1.0003277E+00   1.0002973E+00   1.0002910E+00   1.0002644E+00
    1.0002614E+00   1.0002606E+00   1.0002621E+00   1.0002688E+00   1.0002494E+00
    1.0002460E+00   1.0002466E+00   1.0002485E+00   1.0002174E+00   1.0002214E+00
    1.0002285E+00   1.0002112E+00   1.0002688E+00   1.0002407E+00   1.0002131E+00
    1.0001996E+00   1.0001913E+00   1.0002018E+00   1.0002163E+00   1.0001996E+00
    1.0002130E+00   1.0002099E+00   1.0002106E+00   1.0002201E+00   1.0002161E+00
    1.0002236E+00   1.0002183E+00   1.0001756E+00   1.0001931E+00   1.0001398E+00
    1.0001707E+00   1.0001718E+00   1.0001602E+00   1.0002033E+00   1.0002030E+00
