   30  5.83423666E+00  -3.1050E-02   1.2605E-07   6.3020E-02   2.6723E-03   4.2170E-01   1.1599E-01   0.0000E+00   9.8389E-02   2.1756E-02  -3.1050E-02  -5.8318E-02  -6.2276E-02
   31  5.83423666E+00  -5.8318E-02   2.4227E-07   1.3721E-01   4.0365E-03   3.9713E-01   1.0361E-01   0.0000E+00   2.1756E-02   3.1050E-03  -5.8318E-02  -6.2276E-02  -4.0554E-02
   32  5.83423666E+00  -6.2276E-02   4.7895E-07   2.9522E-01   6.1041E-03   3.8642E-01   9.8681E-02   0.0000E+00   3.1050E-03   5.8318E-03  -6.2276E-02  -4.0554E-02   1.3789E-02
   33  5.83423666E+00  -4.0554E-02   9.6249E-07   6.0998E-01   9.2466E-03   3.8433E-01   9.4279E-02   0.0000E+00   5.8318E-03   6.2276E-03  -4.0554E-02   1.3789E-02   1.2065E-01
   30  5.83423666E+00  -3.1061E-02   1.2605E-07   6.3020E-02   2.6723E-03   4.2169E-01   1.1598E-01   0.0000E+00   9.8383E-02   2.1748E-02  -3.1061E-02  -5.8331E-02  -6.2288E-02
   31  5.83423666E+00  -5.8331E-02   2.4227E-07   1.3721E-01   4.0365E-03   3.9712E-01   1.0361E-01   0.0000E+00   2.1748E-02   3.1061E-03  -5.8331E-02  -6.2288E-02  -4.0565E-02
   32  5.83423666E+00  -6.2288E-02   4.7895E-07   2.9522E-01   6.1041E-03   3.8641E-01   9.8676E-02   0.0000E+00   3.1061E-03   5.8331E-03  -6.2288E-02  -4.0565E-02   1.3781E-02
   33  5.83423666E+00  -4.0565E-02   9.6249E-07   6.0998E-01   9.2466E-03   3.8432E-01   9.4275E-02   0.0000E+00   5.8331E-03   6.2288E-03  -4.0565E-02   1.3781E-02   1.2065E-01
   30  2.11532512E+00  -1.2198E-01   9.3109E-06   1.8893E-01   2.6723E-03   3.8932E-01   9.7587E-02   0.0000E+00   1.1459E+00   1.6374E-01  -1.2198E-01   1.8800E-01   1.2319E+00
   30  2.11532512E+00  -1.2217E-01   9.3109E-06   1.8893E-01   2.6723E-03   3.8931E-01   9.7581E-02   0.0000E+00   1.1458E+00   1.6358E-01  -1.2217E-01   1.8782E-01   1.2318E+00


 Iteration No 25

 Error in MOM_J_CMF for the following frequencies:
 Number of frequencies for which error occurs:     2
   5.834237E+00  2.115325E+00
