
 24-FEB-2004                           !Format date

 2.3860783696E+02     6.1000E+05       49       60

 3.6848231346E+04   3.0799836E-01   5.2477800E+05   1.0594010E+00   1.6182377E+00   1.8502056E+03   1.0000000E-01     1 
    2.1868888E-31   1.4743240E-33   1.4743240E-33   2.2419594E-21   3.8853196E-20
    3.8853196E-20   3.7129840E-20   3.7129840E-20   8.3161338E-13   2.7922873E-12
    2.7922873E-12   1.9604573E-12   1.9604573E-12   4.1698116E-12   4.1698116E-12
    7.5002062E-09   1.1489975E-08   1.1489975E-08   8.5949580E-09   8.5949580E-09
    1.9008417E-08   9.0835919E-07   1.0844336E-06   7.4646622E-07   1.9174036E-06
    1.6600237E-05   2.6320585E-06   1.1038198E-05   3.1535163E-05   1.0620475E-04
    1.1877874E-04   6.3410735E-05   1.9544654E-04   3.8155138E-04   3.4550754E-04
    2.1122485E-04   6.8265137E-04   9.5340083E-04   8.3694599E-04   5.0037081E-04
    1.6501581E-03   1.8856042E-03   1.5499389E-03   9.4632497E-04   3.1011470E-03
    3.1841808E-03   2.5758033E-03   1.5488498E-03   4.6710431E-03

 3.6419114447E+04   3.1586198E-01   5.3729813E+05   1.0622271E+00   1.6172562E+00   1.8499389E+03   1.0000000E-01     2 
    2.8507655E-31   1.9108836E-33   1.9108836E-33   2.5356397E-21   4.3606419E-20
    4.3606419E-20   4.1556104E-20   4.1556104E-20   8.9086908E-13   2.9816151E-12
    2.9816151E-12   2.0908510E-12   2.0908510E-12   4.4465517E-12   4.4465517E-12
    7.8408976E-09   1.1992517E-08   1.1992517E-08   8.9646301E-09   8.9646301E-09
    1.9823299E-08   9.3732644E-07   1.1179652E-06   7.6920953E-07   1.9754644E-06
    1.6997055E-05   2.6933927E-06   1.1292135E-05   3.2252621E-05   1.0820051E-04
    1.2096299E-04   6.4561907E-05   1.9894081E-04   3.8739686E-04   3.5070234E-04
    2.1436403E-04   6.9257599E-04   9.6565539E-04   8.4752732E-04   5.0663407E-04
    1.6702089E-03   1.9064135E-03   1.5667874E-03   9.5652080E-04   3.1332831E-03
    3.2149167E-03   2.6003697E-03   1.5634862E-03   4.7131217E-03

 3.5575425266E+04   3.3221060E-01   5.6325818E+05   1.0679125E+00   1.6153009E+00   1.8493953E+03   1.0000000E-01     3 
    4.8382619E-31   3.2067130E-33   3.2067130E-33   3.2417839E-21   5.4902586E-20
    5.4902586E-20   5.2030010E-20   5.2030010E-20   1.0220643E-12   3.3987432E-12
    3.3987432E-12   2.3776115E-12   2.3776115E-12   5.0550280E-12   5.0550280E-12
    8.5679407E-09   1.3062318E-08   1.3062318E-08   9.7507562E-09   9.7507562E-09
    2.1555794E-08   9.9794679E-07   1.1880379E-06   8.1670519E-07   2.0966769E-06
    1.7817921E-05   2.8201470E-06   1.1816729E-05   3.3734128E-05   1.1229852E-04
    1.2544540E-04   6.6923389E-05   2.0610529E-04   3.9933980E-04   3.6131126E-04
    2.2077322E-04   7.1282648E-04   9.9060376E-04   8.6906363E-04   5.1937884E-04
    1.7109805E-03   1.9486713E-03   1.6009922E-03   9.7721607E-04   3.1984612E-03
    3.2772121E-03   2.6501518E-03   1.5931410E-03   4.7983036E-03

 3.3948267096E+04   3.6748789E-01   6.1894253E+05   1.0794736E+00   1.6114174E+00   1.8482704E+03   1.0000000E-01     4 
    1.3947591E-30   9.0378943E-33   9.0378943E-33   5.3005340E-21   8.7058654E-20
    8.7058654E-20   8.1586865E-20   8.1586865E-20   1.3455640E-12   4.4171208E-12
    4.4171208E-12   3.0751278E-12   3.0751278E-12   6.5344530E-12   6.5344530E-12
    1.0232302E-08   1.5499454E-08   1.5499454E-08   1.1537687E-08   1.1537687E-08
    2.5492085E-08   1.1313698E-06   1.3418277E-06   9.2080076E-07   2.3621681E-06
    1.9583079E-05   3.0922519E-06   1.2941737E-05   3.6908476E-05   1.2098070E-04
    1.3493087E-04   7.1916792E-05   2.2123939E-04   4.2439003E-04   3.8354507E-04
    2.3419750E-04   7.5518938E-04   1.0425606E-03   9.1389039E-04   5.4589446E-04
    1.7956852E-03   2.0362326E-03   1.6718325E-03   1.0200587E-03   3.3331772E-03
    3.4057952E-03   2.7528715E-03   1.6543094E-03   4.9736966E-03

 3.0918868539E+04   4.4974339E-01   7.4718741E+05   1.1033575E+00   1.6037754E+00   1.8458816E+03   1.0000000E-01     5 
    1.1594156E-29   7.1822007E-32   7.1822007E-32   1.4172299E-20   2.1889684E-19
    2.1889684E-19   2.0062427E-19   2.0062427E-19   2.3326650E-12   7.4624626E-12
    7.4624626E-12   5.1449329E-12   5.1449329E-12   1.0920625E-11   1.0920625E-11
    1.4597599E-08   2.1828615E-08   2.1828615E-08   1.6157560E-08   1.6157560E-08
    3.5659128E-08   1.4545331E-06   1.7121931E-06   1.1707829E-06   2.9989002E-06
    2.3662428E-05   3.7187430E-06   1.5527434E-05   4.4191170E-05   1.4045398E-04
    1.5615429E-04   8.3072590E-05   2.5498014E-04   4.7945382E-04   4.3233729E-04
    2.6362192E-04   8.4780727E-04   1.1551436E-03   1.0109144E-03   6.0323443E-04
    1.9783213E-03   2.2240525E-03   1.8236239E-03   1.1117852E-03   3.6206662E-03
    3.6794785E-03   2.9713682E-03   1.7843232E-03   5.3451459E-03

 2.5652799155E+04   6.7388919E-01   1.0887814E+06   1.1529372E+00   1.5896059E+00   1.8404650E+03   1.0000000E-01     6 
    7.0527806E-28   4.0498066E-30   4.0498066E-30   9.5985024E-20   1.3155124E-18
    1.3155124E-18   1.1544392E-18   1.1544392E-18   6.8059202E-12   2.0707423E-11
    2.0707423E-11   1.4005904E-11   1.4005904E-11   2.9663902E-11   2.9663902E-11
    2.9161079E-08   4.2526479E-08   4.2526479E-08   3.1129119E-08   3.1129119E-08
    6.8541555E-08   2.3736376E-06   2.7535263E-06   1.8696426E-06   4.7740689E-06
    3.4228252E-05   5.3303504E-06   2.2151133E-05   6.2777340E-05   1.8798110E-04
    2.0771122E-04   1.1008634E-04   3.3633004E-04   6.0858680E-04   5.4637267E-04
    3.3223457E-04   1.0626326E-03   1.4117974E-03   1.2316326E-03   7.3341970E-04
    2.3904712E-03   2.6437616E-03   2.1621293E-03   1.3159870E-03   4.2563747E-03
    4.2817960E-03   3.4516560E-03   2.0696483E-03   6.1542242E-03

 1.7879702836E+04   1.4565562E+00   2.2588183E+06   1.2443973E+00   1.5698550E+00   1.8265302E+03   1.0000000E-01     7 
    5.2576314E-25   2.9880081E-27   2.9880081E-27   2.2027407E-18   2.4834620E-17
    2.4834620E-17   2.0276741E-17   2.0276741E-17   3.9395157E-11   1.1040324E-10
    1.1040324E-10   7.2323549E-11   7.2323549E-11   1.5260645E-10   1.5260645E-10
    9.0834817E-08   1.2714924E-07   1.2714924E-07   9.1332013E-08   9.1332013E-08
    2.0026470E-07   5.3112519E-06   6.0150593E-06   4.0362798E-06   1.0247826E-05
    6.2879427E-05   9.6447550E-06   3.9761840E-05   1.1184515E-04   3.0411202E-04
    3.3266118E-04   1.7517576E-04   5.3072021E-04   9.0289963E-04   8.0467444E-04
    4.8703772E-04   1.5423593E-03   1.9684792E-03   1.7087633E-03   1.0136898E-03
    3.2677797E-03   3.5232779E-03   2.8686346E-03   1.7408533E-03   5.5624738E-03
    5.5109367E-03   4.4295250E-03   2.6488406E-03   7.7726235E-03

 1.2482590018E+04   3.0997361E+00   4.6863888E+06   1.3160691E+00   1.5603169E+00   1.8065536E+03   1.0000000E-01     8 
    3.9515711E-23   2.7845576E-25   2.7845576E-25   1.9000908E-17   1.8741209E-16
    1.8741209E-16   1.4545433E-16   1.4545433E-16   1.3198364E-10   3.4956067E-10
    3.4956067E-10   2.2388990E-10   2.2388990E-10   4.7113693E-10   4.7113693E-10
    1.9886385E-07   2.7068760E-07   2.7068760E-07   1.9180968E-07   1.9180968E-07
    4.1926776E-07   9.2654582E-06   1.0321013E-05   6.8690859E-06   1.7360828E-05
    9.5801429E-05   1.4542366E-05   5.9603094E-05   1.6671680E-04   4.2461766E-04
    4.6133504E-04   2.4179170E-04   7.2781456E-04   1.1881802E-03   1.0534283E-03
    6.3553391E-04   1.9971666E-03   2.4817528E-03   2.1473912E-03   1.2700255E-03
    4.0603601E-03   4.3068359E-03   3.4960148E-03   2.1164752E-03   6.7022043E-03
    6.5772959E-03   5.2753442E-03   3.1487481E-03   9.1441463E-03

 8.7479187764E+03   6.4910856E+00   9.6939641E+06   1.3659391E+00   1.5574875E+00   1.7784255E+03   1.0000000E-01     9 
    4.7119306E-22   4.9567343E-24   4.9567343E-24   7.4629975E-17   6.7612403E-16
    6.7612403E-16   5.0796778E-16   5.0796778E-16   2.8452919E-10   7.2710369E-10
    7.2710369E-10   4.5898529E-10   4.5898529E-10   9.6407407E-10   9.6407407E-10
    3.2735328E-07   4.3780308E-07   4.3780308E-07   3.0747217E-07   3.0747217E-07
    6.7069255E-07   1.3206937E-05   1.4557737E-05   9.6390818E-06   2.4283338E-05
    1.2532751E-04   1.8901358E-05   7.7160042E-05   2.1503025E-04   5.2562121E-04
    5.6877240E-04   2.9716318E-04   8.9043511E-04   1.4170139E-03   1.2520598E-03
    7.5364305E-04   2.3562479E-03   2.8797645E-03   2.4863617E-03   1.4676320E-03
    4.6654262E-03   4.8994877E-03   3.9704051E-03   2.3997676E-03   7.5544711E-03
    7.3698188E-03   5.9027320E-03   3.5196310E-03   1.0147661E-02

 6.1650343299E+03   1.3407392E+01   1.9958383E+07   1.4017510E+00   1.5587102E+00   1.7393377E+03   1.0000000E-01    10 
    1.9931063E-21   3.4642801E-23   3.4642801E-23   1.8803650E-16   1.6071988E-15
    1.6071988E-15   1.1814746E-15   1.1814746E-15   4.7799227E-10   1.1925023E-09
    1.1925023E-09   7.4545959E-10   7.4545959E-10   1.5636069E-09   1.5636069E-09
    4.5847907E-07   6.0600243E-07   6.0600243E-07   4.2299905E-07   4.2299905E-07
    9.2142741E-07   1.6786147E-05   1.8372598E-05   1.2122305E-05   3.0474884E-05
    1.5035812E-04   2.2582064E-05   9.1909341E-05   2.5552710E-04   6.0764095E-04
    6.5576756E-04   3.4186119E-04   1.0211752E-03   1.5972431E-03   1.4082683E-03
    8.4605616E-04   2.6368454E-03   3.1872778E-03   2.7467688E-03   1.6196110E-03
    5.1271702E-03   5.3484502E-03   4.3293491E-03   2.6149550E-03   8.1950857E-03
    7.9635499E-03   6.3729328E-03   3.7972545E-03   1.0895136E-02

 4.3710947525E+03   2.7462129E+01   4.0968938E+07   1.4325004E+00   1.5624180E+00   1.6856702E+03   1.0000000E-01    11 
    5.7261654E-21   1.7061326E-22   1.7061326E-22   4.0167834E-16   3.2669938E-15
    3.2669938E-15   2.3602017E-15   2.3602017E-15   7.3132430E-10   1.7891957E-09
    1.7891957E-09   1.1097786E-09   1.1097786E-09   2.3246429E-09   2.3246429E-09
    6.0441900E-07   7.9125444E-07   7.9125444E-07   5.4957406E-07   5.4957406E-07
    1.1959356E-06   2.0439182E-05   2.2242240E-05   1.4631778E-05   3.6728498E-05
    1.7467734E-04   2.6149550E-05   1.0613118E-04   2.9454836E-04   6.8495281E-04
    7.3712959E-04   3.8360073E-04   1.1432217E-03   1.7623690E-03   1.5512516E-03
    9.3059718E-04   2.8927828E-03   3.4657120E-03   2.9821757E-03   1.7569263E-03
    5.5426404E-03   5.7502692E-03   4.6495599E-03   2.8076021E-03   8.7624204E-03
    8.4911668E-03   6.7912599E-03   4.0436934E-03   1.1557696E-02

 3.1203337520E+03   5.6024736E+01   8.4017864E+07   1.4654034E+00   1.5678591E+00   1.6131007E+03   1.0000000E-01    12 
    1.7200294E-20   8.7417183E-22   8.7417183E-22   8.7734719E-16   6.7553861E-15
    6.7553861E-15   4.7971005E-15   4.7971005E-15   1.1307620E-09   2.7118430E-09
    2.7118430E-09   1.6687412E-09   1.6687412E-09   3.4903268E-09   3.4903268E-09
    8.0245778E-07   1.0401216E-06   1.0401216E-06   7.1881801E-07   7.1881801E-07
    1.5627476E-06   2.5017745E-05   2.7064515E-05   1.7747822E-05   4.4486813E-05
    2.0383596E-04   3.0417418E-05   1.2305989E-04   3.4082130E-04   7.7478019E-04
    8.3105882E-04   4.3174644E-04   1.2834920E-03   1.9499129E-03   1.7132548E-03
    1.0266554E-03   3.1808902E-03   3.7770318E-03   3.2465841E-03   1.9106400E-03
    6.0056841E-03   6.1976927E-03   5.0055361E-03   3.0206272E-03   9.3877575E-03
    9.0748889E-03   7.2537089E-03   4.3158819E-03   1.2282842E-02

 2.2468245285E+03   1.1421238E+02   1.7230831E+08   1.5082982E+00   1.5745141E+00   1.5171371E+03   1.0000000E-01    13 
    7.9740315E-20   6.6013811E-21   6.6013811E-21   2.3265547E-15   1.6615188E-14
    1.6615188E-14   1.1559064E-14   1.1559064E-14   1.9410252E-09   4.5418124E-09
    4.5418124E-09   2.7661930E-09   2.7661930E-09   5.7760480E-09   5.7760480E-09
    1.1407272E-06   1.4601977E-06   1.4601977E-06   1.0029518E-06   1.0029518E-06
    2.1775208E-06   3.2162315E-05   3.4538182E-05   2.2557546E-05   5.6431490E-05
    2.4691895E-04   3.6717582E-05   1.4796224E-04   4.0832600E-04   9.0251597E-04
    9.6476922E-04   5.0019096E-04   1.4814838E-03   2.2119879E-03   1.9391063E-03
    1.1605312E-03   3.5790854E-03   4.2041413E-03   3.6088532E-03   2.1214569E-03
    6.6354935E-03   6.8054662E-03   5.4898328E-03   3.3092016E-03   1.0231464E-02
    9.8598123E-03   7.8741900E-03   4.6815113E-03   1.3248591E-02

 1.6365647513E+03   2.3339907E+02   3.5347317E+08   1.5701703E+00   1.5820311E+00   1.3941076E+03   1.0000000E-01    14 
    8.0677061E-19   9.9988620E-20   9.9988620E-20   8.7626531E-15   5.5863398E-14
    5.5863398E-14   3.7839044E-14   3.7839044E-14   4.0227227E-09   9.1065347E-09
    9.1065347E-09   5.4650618E-09   5.4650618E-09   1.1389011E-08   1.1389011E-08
    1.8344319E-06   2.3082125E-06   2.3082125E-06   1.5724207E-06   1.5724207E-06
    3.4057436E-06   4.5181299E-05   4.8034301E-05   3.1191703E-05   7.7775404E-05
    3.1980965E-04   4.7340743E-05   1.8984577E-04   5.2107246E-04   1.1091299E-03
    1.1811129E-03   6.1060994E-04   1.7987346E-03   2.6250207E-03   2.2942329E-03
    1.3701641E-03   4.1992777E-03   4.8632778E-03   4.1649032E-03   2.4456162E-03
    7.5948319E-03   7.7273126E-03   6.2232913E-03   3.7473208E-03   1.1498327E-02
    1.1035519E-02   8.8029529E-03   5.2296063E-03   1.4684626E-02

 1.2100817843E+03   4.7236211E+02   7.2568217E+08   1.6224920E+00   1.5935416E+00   1.2421869E+03   1.0000000E-01    15 
    4.2855849E-18   8.4415717E-19   8.4415717E-19   2.5565701E-14   1.4511589E-13
    1.4511589E-13   9.6572336E-14   9.6572336E-14   7.1438450E-09   1.5767134E-08
    1.5767134E-08   9.3445275E-09   9.3445275E-09   1.9445465E-08   1.9445465E-08
    2.6702845E-06   3.3139666E-06   3.3139666E-06   2.2429614E-06   2.2429614E-06
    4.8466641E-06   5.9140419E-05   6.2383135E-05   4.0303770E-05   1.0019417E-04
    3.9239521E-04   5.7886086E-05   2.3125209E-04   6.3203358E-04   1.3061216E-03
    1.3870397E-03   7.1553648E-04   2.0984570E-03   3.0076536E-03   2.6226231E-03
    1.5642705E-03   4.7682646E-03   5.4626252E-03   4.6695447E-03   2.7413325E-03
    8.4567920E-03   8.5532905E-03   6.8789181E-03   4.1421202E-03   1.2622844E-02
    1.2080279E-02   9.6287446E-03   5.7193352E-03   1.5955207E-02

 9.1195330095E+02   9.3878521E+02   1.4970697E+09   1.6421587E+00   1.6102278E+00   1.0601940E+03   1.0000000E-01    16 
    4.9412267E-18   1.8541653E-18   1.8541653E-18   3.7721322E-14   2.0464974E-13
    2.0464974E-13   1.3666545E-13   1.3666545E-13   8.7884795E-09   1.9245283E-08
    1.9245283E-08   1.1344947E-08   1.1344947E-08   2.3599120E-08   2.3599120E-08
    3.0620491E-06   3.7800325E-06   3.7800325E-06   2.5526136E-06   2.5526136E-06
    5.5092328E-06   6.5237258E-05   6.8643118E-05   4.4265635E-05   1.0989217E-04
    4.2283657E-04   6.2330660E-05   2.4863331E-04   6.7860865E-04   1.3869835E-03
    1.4712252E-03   7.5916429E-04   2.2217702E-03   3.1626604E-03   2.7557777E-03
    1.6454187E-03   4.9989315E-03   5.7048847E-03   4.8744035E-03   2.8666039E-03
    8.8063501E-03   8.8877876E-03   7.1460979E-03   4.3093710E-03   1.3083708E-02
    1.2505962E-02   9.9667830E-03   5.9281376E-03   1.6495932E-02

 7.0538349135E+02   1.8662687E+03   3.0896477E+09   1.6777355E+00   1.6203781E+00   8.5864382E+02   1.0000000E-01    17 
    1.0776909E-17   7.1728506E-18   7.1728506E-18   6.6121659E-14   3.7313691E-13
    3.7313691E-13   2.5220761E-13   2.5220761E-13   1.2627602E-08   2.7230272E-08
    2.7230272E-08   1.5924251E-08   1.5924251E-08   3.3102780E-08   3.3102780E-08
    3.8850159E-06   4.7541803E-06   4.7541803E-06   3.1976593E-06   3.1976593E-06
    6.8896835E-06   7.7328763E-05   8.0996957E-05   5.2131801E-05   1.2911284E-04
    4.8187911E-04   7.0893287E-05   2.8210234E-04   7.6788139E-04   1.5399419E-03
    1.6301184E-03   8.4153602E-04   2.4524502E-03   3.4522674E-03   3.0042437E-03
    1.7960381E-03   5.4254069E-03   6.1505649E-03   5.2509656E-03   3.0976638E-03
    9.4456316E-03   9.4978616E-03   7.6329179E-03   4.6142049E-03   1.3916510E-02
    1.3274642E-02   1.0574862E-02   6.3069107E-03   1.7462886E-02

 5.6232946860E+02   3.7025166E+03   6.3515222E+09   1.7323692E+00   1.6216951E+00   6.5729308E+02   1.0000000E-01    18 
    4.6506535E-17   4.3021023E-17   4.3021023E-17   1.6551937E-13   8.9489775E-13
    8.9489775E-13   6.1660560E-13   6.1660560E-13   2.1419375E-08   4.5099522E-08
    4.5099522E-08   2.6100567E-08   2.6100567E-08   5.4198400E-08   5.4198400E-08
    5.4887647E-06   6.6367164E-06   6.6367164E-06   4.4390838E-06   4.4390838E-06
    9.5426875E-06   9.9068242E-05   1.0304899E-04   6.6149721E-05   1.6328407E-04
    5.8282410E-04   8.5543917E-05   3.3929826E-04   9.1896723E-04   1.7929065E-03
    1.8933675E-03   9.7783970E-04   2.8319286E-03   3.9223462E-03   3.4073579E-03
    2.0413177E-03   6.1127326E-03   6.8638860E-03   5.8530418E-03   3.4720140E-03
    1.0457278E-02   1.0462446E-02   8.3991395E-03   5.1003092E-03   1.5221142E-02
    1.4479312E-02   1.1526380E-02   6.9068335E-03   1.8961815E-02

 4.6258166055E+02   7.2147843E+03   1.3140430E+10   1.8092366E+00   1.6302632E+00   4.6957306E+02   1.0000014E-01    19 
    3.9049709E-16   3.9854496E-16   3.9854496E-16   5.5711406E-13   2.8064490E-12
    2.8064490E-12   1.9319466E-12   1.9319466E-12   4.2770240E-08   8.7159861E-08
    8.7159861E-08   4.9784980E-08   4.9784980E-08   1.0318611E-07   1.0318611E-07
    8.6235397E-06   1.0269270E-05   1.0269270E-05   6.8166465E-06   6.8166465E-06
    1.4605862E-05   1.3712756E-04   1.4132309E-04   9.0350897E-05   2.2192623E-04
    7.4763366E-04   1.0938234E-04   4.3232286E-04   1.1623802E-03   2.1892592E-03
    2.3039287E-03   1.1908719E-03   3.4191337E-03   4.6379281E-03   4.0194661E-03
    2.4177156E-03   7.1457599E-03   7.9291488E-03   6.7503058E-03   4.0439291E-03
    1.1945232E-02   1.1878817E-02   9.5237256E-03   5.8264950E-03   1.7117394E-02
    1.6221619E-02   1.2900041E-02   7.7977650E-03   2.1121716E-02

 3.9383198828E+02   1.3418849E+04   2.7030873E+10   1.9329157E+00   1.6690942E+00   3.1495411E+02   1.0002482E-01    20 
    1.1882797E-14   1.3881742E-14   1.3881742E-14   3.2905311E-12   1.4644186E-11
    1.4644186E-11   1.0190022E-11   1.0190022E-11   1.1636329E-07   2.2596369E-07
    2.2596369E-07   1.2647721E-07   1.2647721E-07   2.6130205E-07   2.6130205E-07
    1.6602600E-05   1.9325674E-05   1.9325674E-05   1.2672503E-05   1.2672503E-05
    2.7011682E-05   2.1977520E-04   2.2355717E-04   1.4186571E-04   3.4577077E-04
    1.0737115E-03   1.5613905E-04   6.1381512E-04   1.6327981E-03   2.9279072E-03
    3.0650181E-03   1.5846125E-03   4.4887374E-03   5.9181816E-03   5.1113201E-03
    3.0919633E-03   8.9529190E-03   9.7780480E-03   8.3048099E-03   5.0558357E-03
    1.4471235E-02   1.4279464E-02   1.1425788E-02   7.0706066E-03   2.0271580E-02
    1.9112764E-02   1.5165266E-02   9.3110522E-03   2.4644340E-02

 3.5019918629E+02   2.1256140E+04   5.1501477E+10   2.0402405E+00   1.7605694E+00   2.0727474E+02   1.0089874E-01    21 
    1.5655076E-13   1.8165395E-13   1.8165395E-13   1.3004266E-11   5.2325367E-11
    5.2325367E-11   3.6466948E-11   3.6466948E-11   2.5228149E-07   4.7210447E-07
    4.7210447E-07   2.5985871E-07   2.5985871E-07   5.3557015E-07   5.3557015E-07
    2.7591661E-05   3.1548227E-05   3.1548227E-05   2.0486639E-05   2.0486639E-05
    4.3479929E-05   3.1687215E-04   3.1936488E-04   2.0146409E-04   4.8773206E-04
    1.4229994E-03   2.0622244E-04   8.0701933E-04   2.1261900E-03   3.6733062E-03
    3.8308666E-03   1.9841141E-03   5.5485027E-03   7.1610947E-03   6.1713321E-03
    3.7696408E-03   1.0671907E-02   1.1522780E-02   9.7733655E-03   6.1027087E-03
    1.6804903E-02   1.6487058E-02   1.3170262E-02   8.2990891E-03   2.3155534E-02
    2.1699441E-02   1.7175841E-02   1.0810547E-02   2.7852578E-02

 3.2130063064E+02   2.8403517E+04   8.5730350E+10   2.0979193E+00   1.8784553E+00   1.3613657E+02   1.0962640E-01    22 
    4.8277765E-13   5.4827112E-13   5.4827112E-13   2.5645371E-11   9.8321255E-11
    9.8321255E-11   6.8202442E-11   6.8202442E-11   3.7066851E-07   6.8165780E-07
    6.8165780E-07   3.7190907E-07   3.7190907E-07   7.6556951E-07   7.6556951E-07
    3.5549399E-05   4.0309994E-05   4.0309994E-05   2.6052071E-05   2.6052071E-05
    5.5143182E-05   3.8036223E-04   3.8199244E-04   2.4040956E-04   5.7940984E-04
    1.6381623E-03   2.3760882E-04   9.2749001E-04   2.4279011E-03   4.1156221E-03
    4.2868509E-03   2.2302741E-03   6.1743424E-03   7.8851192E-03   6.7926195E-03
    4.2076617E-03   1.1660481E-02   1.2519036E-02   1.0620881E-02   6.8539793E-03
    1.8120467E-02   1.7713877E-02   1.4140481E-02   9.1221203E-03   2.4809178E-02
    2.3070705E-02   1.8240985E-02   1.1846347E-02   2.9730966E-02

 3.0114412178E+02   3.2916978E+04   1.1182493E+11   2.1149226E+00   1.9378849E+00   8.9340409E+01   1.4580444E-01    23 
    5.9617043E-13   7.3991958E-13   7.3991958E-13   3.1431495E-11   1.1770672E-10
    1.1770672E-10   8.3163353E-11   8.3163353E-11   4.1380961E-07   7.5775520E-07
    7.5775520E-07   4.1241136E-07   4.1241136E-07   8.4848644E-07   8.4848644E-07
    3.8231032E-05   4.3276663E-05   4.3276663E-05   2.7945635E-05   2.7945635E-05
    5.9067517E-05   4.0083041E-04   4.0247555E-04   2.5345048E-04   6.0927293E-04
    1.7059044E-03   2.4820657E-04   9.6820932E-04   2.5248480E-03   4.2515988E-03
    4.4307069E-03   2.3175985E-03   6.3745690E-03   8.1139606E-03   6.9950369E-03
    4.3858544E-03   1.1976470E-02   1.2834306E-02   1.0901479E-02   7.2120378E-03
    1.8545598E-02   1.8096329E-02   1.4456656E-02   9.4959950E-03   2.5386060E-02
    2.3474794E-02   1.8577949E-02   1.2338956E-02   3.0463871E-02

 2.8636201199E+02   3.0753780E+04   1.2078737E+11   2.1239286E+00   1.9929615E+00   5.8727681E+01   2.2707855E-01    24 
    7.1524639E-13   1.0365156E-12   1.0365156E-12   3.5466639E-11   1.2889126E-10
    1.2889126E-10   9.3984115E-11   9.3984115E-11   4.3831351E-07   8.0074518E-07
    8.0074518E-07   4.3551746E-07   4.3551746E-07   8.9563986E-07   8.9563986E-07
    3.9706124E-05   4.4904514E-05   4.4904514E-05   2.9007451E-05   2.9007451E-05
    6.1248023E-05   4.1186955E-04   4.1354523E-04   2.6080795E-04   6.2574908E-04
    1.7424130E-03   2.5406879E-04   9.9183502E-04   2.5782308E-03   4.3224179E-03
    4.5076731E-03   2.3686694E-03   6.4863421E-03   8.2399950E-03   7.1088199E-03
    4.4875488E-03   1.2158126E-02   1.3015214E-02   1.1066728E-02   7.3988415E-03
    1.8804385E-02   1.8334598E-02   1.4667119E-02   9.7145875E-03   2.5743054E-02
    2.3765283E-02   1.8835809E-02   1.2619182E-02   3.0967325E-02

 2.7483916627E+02   1.8330903E+04   1.2986149E+11   2.1438619E+00   2.3210294E+00   3.8436267E+01   3.4993125E-01    25 
    1.2861716E-12   2.2096431E-12   2.2096431E-12   4.5379505E-11   1.5636999E-10
    1.5636999E-10   1.1385546E-10   1.1385546E-10   4.9664435E-07   9.0199036E-07
    9.0199036E-07   4.8967661E-07   4.8967661E-07   1.0063849E-06   1.0063849E-06
    4.3109835E-05   4.8616094E-05   4.8616094E-05   3.1393118E-05   3.1393118E-05
    6.6194891E-05   4.3699074E-04   4.3826273E-04   2.7666353E-04   6.6216774E-04
    1.8241899E-03   2.6602396E-04   1.0403122E-03   2.6937229E-03   4.4827956E-03
    4.6756498E-03   2.4675510E-03   6.7220871E-03   8.5084305E-03   7.3431035E-03
    4.6653512E-03   1.2531281E-02   1.3388991E-02   1.1393627E-02   7.6930889E-03
    1.9314554E-02   1.8811303E-02   1.5067309E-02   1.0059104E-02   2.6397590E-02
    2.4332381E-02   1.9308751E-02   1.3045295E-02   3.1787349E-02

 2.6294815260E+02   4.7624113E+03   1.5658091E+11   2.1805678E+00   3.4553113E+00   2.4343277E+01   4.9979512E-01    26 
    3.9472028E-12   8.0942526E-12   8.0942526E-12   6.9626045E-11   2.2230205E-10
    2.2230205E-10   1.5179387E-10   1.5179387E-10   6.2159685E-07   1.1176015E-06
    1.1176015E-06   6.0410327E-07   6.0410327E-07   1.2402784E-06   1.2402784E-06
    4.9985453E-05   5.6097824E-05   5.6097824E-05   3.6160703E-05   3.6160703E-05
    7.6079423E-05   4.8620809E-04   4.8665099E-04   3.0735833E-04   7.3268700E-04
    1.9810053E-03   2.8911509E-04   1.1319018E-03   2.9130801E-03   4.7885956E-03
    4.9945029E-03   2.6528443E-03   7.1623590E-03   9.0095196E-03   7.7802225E-03
    5.0047919E-03   1.3215954E-02   1.4073595E-02   1.1992859E-02   8.2829664E-03
    2.0230279E-02   1.9655888E-02   1.5770564E-02   1.0710717E-02   2.7563015E-02
    2.5286292E-02   2.0105577E-02   1.3860012E-02   3.3189899E-02

 2.5389416095E+02   8.8029811E+02   1.9725105E+11   2.2057436E+00   4.7915850E+00   1.6911433E+01   6.1218215E-01    27 
    7.9778302E-12   1.7626737E-11   1.7626737E-11   9.0478458E-11   2.8207585E-10
    2.8207585E-10   1.8271897E-10   1.8271897E-10   7.2250155E-07   1.2914714E-06
    1.2914714E-06   6.9577314E-07   6.9577314E-07   1.4273004E-06   1.4273004E-06
    5.5209651E-05   6.1809328E-05   6.1809328E-05   3.9800691E-05   3.9800691E-05
    8.3571135E-05   5.2233429E-04   5.2261256E-04   3.3051174E-04   7.8475220E-04
    2.0937112E-03   3.0699869E-04   1.2014670E-03   3.0730428E-03   5.0042101E-03
    5.2246218E-03   2.7991850E-03   7.4817578E-03   9.3693203E-03   8.1041323E-03
    5.3033493E-03   1.3710627E-02   1.4563635E-02   1.2442857E-02   8.8663015E-03
    2.0896191E-02   2.0247080E-02   1.6291517E-02   1.1326633E-02   2.8450436E-02
    2.5920557E-02   2.0688653E-02   1.4653615E-02   3.4316637E-02

 2.5125371295E+02   9.1278612E+01   2.6245896E+11   2.1883965E+00   6.9453709E+00   1.0959712E+01   7.2457475E-01    28 
    5.7122036E-12   1.2986252E-11   1.2986252E-11   7.5032849E-11   2.3789428E-10
    2.3789428E-10   1.5099702E-10   1.5099702E-10   6.5311052E-07   1.1748632E-06
    1.1748632E-06   6.3377721E-07   6.3377721E-07   1.3003685E-06   1.3003685E-06
    5.1689778E-05   5.8095566E-05   5.8095566E-05   3.7442953E-05   3.7442953E-05
    7.8608800E-05   4.9811100E-04   4.9996804E-04   3.1669293E-04   7.5115871E-04
    2.0171476E-03   2.9778756E-04   1.1642402E-03   2.9728861E-03   4.8581684E-03
    5.0812004E-03   2.7443587E-03   7.2864882E-03   9.1448674E-03   7.9307120E-03
    5.2998982E-03   1.3405458E-02   1.4250785E-02   1.2221577E-02   9.0794367E-03
    2.0490840E-02   1.9800129E-02   1.5983201E-02   1.1449443E-02   2.8049656E-02
    2.5269384E-02   2.0280560E-02   1.4890094E-02   3.3951734E-02

 2.5107812900E+02   4.9178271E+01   3.4653798E+11   2.1771829E+00   9.2033823E+00   7.5230670E+00   8.0038197E-01    29 
    4.3553538E-12   1.0091096E-11   1.0091096E-11   6.6607383E-11   2.1331217E-10
    2.1331217E-10   1.3508347E-10   1.3508347E-10   6.1162525E-07   1.1052580E-06
    1.1052580E-06   5.9593296E-07   5.9593296E-07   1.2229720E-06   1.2229720E-06
    4.9536711E-05   5.5842725E-05   5.5842725E-05   3.5956132E-05   3.5956132E-05
    7.5490111E-05   4.8321407E-04   4.8617470E-04   3.0771025E-04   7.2955605E-04
    1.9681414E-03   2.9209488E-04   1.1386181E-03   2.9069837E-03   4.7697101E-03
    4.9908475E-03   2.7104393E-03   7.1528712E-03   8.9951171E-03   7.8166191E-03
    5.3340691E-03   1.3179500E-02   1.4022421E-02   1.2072778E-02   9.3626345E-03
    2.0161545E-02   1.9415057E-02   1.5722957E-02   1.1611463E-02   2.7711229E-02
    2.4634589E-02   1.9911996E-02   1.5165989E-02   3.3547495E-02

 2.5095567605E+02   2.5062062E+01   4.9357921E+11   2.1662895E+00   1.3291567E+01   4.8936563E+00   8.6453888E-01    30 
    3.3723170E-12   7.9694266E-12   7.9694266E-12   5.9364888E-11   1.9192116E-10
    1.9192116E-10   1.2119622E-10   1.2119622E-10   5.7401109E-07   1.0423281E-06
    1.0423281E-06   5.6093052E-07   5.6093052E-07   1.1514225E-06   1.1514225E-06
    4.7546415E-05   5.3795556E-05   5.3795556E-05   3.4558246E-05   3.4558246E-05
    7.2544278E-05   4.6936187E-04   4.7368866E-04   2.9927519E-04   7.0883554E-04
    1.9203322E-03   2.8737381E-04   1.1140944E-03   2.8428040E-03   4.6885387E-03
    4.9052307E-03   2.6882179E-03   7.0183450E-03   8.8472217E-03   7.7121159E-03
    5.4392574E-03   1.2936230E-02   1.3781454E-02   1.1953869E-02   9.8521400E-03
    1.9790892E-02   1.8951927E-02   1.5462711E-02   1.1936404E-02   2.7338171E-02
    2.3841684E-02   1.9552448E-02   1.5651774E-02   3.3064996E-02

 2.5082427726E+02   1.0873705E+01   7.1358644E+11   2.1586918E+00   1.9783975E+01   3.2247939E+00   9.0827442E-01    31 
    2.8721539E-12   6.8784640E-12   6.8784640E-12   5.4821718E-11   1.7847594E-10
    1.7847594E-10   1.1220131E-10   1.1220131E-10   5.4979248E-07   1.0022461E-06
    1.0022461E-06   5.3746674E-07   5.3746674E-07   1.1034766E-06   1.1034766E-06
    4.6249958E-05   5.2517975E-05   5.2517975E-05   3.3615921E-05   3.3615921E-05
    7.0528231E-05   4.6036235E-04   4.6611468E-04   2.9374692E-04   6.9438484E-04
    1.8858144E-03   2.8535841E-04   1.0974519E-03   2.7971470E-03   4.6386506E-03
    4.8469137E-03   2.6917011E-03   6.9157742E-03   8.7391651E-03   7.6512675E-03
    5.6330530E-03   1.2728387E-02   1.3588625E-02   1.1928475E-02   1.0516290E-02
    1.9458387E-02   1.8505417E-02   1.5304568E-02   1.2432870E-02   2.7007183E-02
    2.3078534E-02   1.9354954E-02   1.6326377E-02   3.2589576E-02

 2.5069052286E+02   3.9225059E+00   1.0512706E+12   2.1537305E+00   3.0147758E+01   2.1202929E+00   9.3858700E-01    32 
    2.6229193E-12   6.3373732E-12   6.3373732E-12   5.2087497E-11   1.7057912E-10
    1.7057912E-10   1.0657283E-10   1.0657283E-10   5.3558738E-07   9.7941838E-07
    9.7941838E-07   5.2245900E-07   5.2245900E-07   1.0727701E-06   1.0727701E-06
    4.5495110E-05   5.1845781E-05   5.1845781E-05   3.3020933E-05   3.3020933E-05
    6.9205875E-05   4.5525334E-04   4.6251487E-04   2.9055460E-04   6.8462501E-04
    1.8606618E-03   2.8584758E-04   1.0869257E-03   2.7653642E-03   4.6150415E-03
    4.8078327E-03   2.7233956E-03   6.8346975E-03   8.6606055E-03   7.6327400E-03
    5.9328445E-03   1.2538020E-02   1.3443241E-02   1.2019557E-02   1.1351775E-02
    1.9146697E-02   1.8084224E-02   1.5289669E-02   1.3124699E-02   2.6681048E-02
    2.2409573E-02   1.9374683E-02   1.7200053E-02   3.2066716E-02

 2.5054408072E+02   1.0896706E+00   1.5611430E+12   2.1451101E+00   4.6386277E+01   1.3989547E+00   9.5899486E-01    33 
    2.1855279E-12   5.3830037E-12   5.3830037E-12   4.7569451E-11   1.5726583E-10
    1.5726583E-10   9.7658430E-11   9.7658430E-11   5.1059373E-07   9.3767287E-07
    9.3767287E-07   4.9713894E-07   4.9713894E-07   1.0208347E-06   1.0208347E-06
    4.4128907E-05   5.0506555E-05   5.0506555E-05   3.1985768E-05   3.1985768E-05
    6.6937711E-05   4.4574005E-04   4.5460362E-04   2.8473010E-04   6.6786004E-04
    1.8174142E-03   2.8510992E-04   1.0680347E-03   2.7113654E-03   4.5652370E-03
    4.7321678E-03   2.7593196E-03   6.7035074E-03   8.5314752E-03   7.5968405E-03
    6.2903620E-03   1.2260332E-02   1.3270048E-02   1.2165102E-02   1.2212483E-02
    1.8732989E-02   1.7641410E-02   1.5377281E-02   1.3915183E-02   2.6183485E-02
    2.1839538E-02   1.9551684E-02   1.8136595E-02   3.1302736E-02

 2.5038459166E+02   2.4028295E-01   2.3393471E+12   2.1301705E+00   7.1270006E+01   9.2148394E-01   9.7277573E-01    34 
    1.5296383E-12   3.9070689E-12   3.9070689E-12   4.0547765E-11   1.3597935E-10
    1.3597935E-10   8.4020154E-11   8.4020154E-11   4.6834372E-07   8.6534783E-07
    8.6534783E-07   4.5579267E-07   4.5579267E-07   9.3593716E-07   9.3593716E-07
    4.1745346E-05   4.8037857E-05   4.8037857E-05   3.0237393E-05   3.0237393E-05
    6.3159810E-05   4.2872460E-04   4.3911215E-04   2.7449284E-04   6.3982243E-04
    1.7442243E-03   2.8181162E-04   1.0353296E-03   2.6216849E-03   4.4676615E-03
    4.5972726E-03   2.7937272E-03   6.4953750E-03   8.3268742E-03   7.5324798E-03
    6.6755767E-03   1.1862242E-02   1.3077615E-02   1.2350379E-02   1.2985839E-02
    1.8184998E-02   1.7237014E-02   1.5576622E-02   1.4743286E-02   2.5443668E-02
    2.1429800E-02   1.9852897E-02   1.9045027E-02   3.0218644E-02

 2.5021515770E+02   5.0885618E-02   3.5207410E+12   2.1144218E+00   1.0562971E+02   6.0735167E-01   9.8196265E-01    35 
    1.0013864E-12   2.6613711E-12   2.6613711E-12   3.4285196E-11   1.1647863E-10
    1.1647863E-10   7.1620299E-11   7.1620299E-11   4.2742481E-07   7.9466060E-07
    7.9466060E-07   4.1548946E-07   4.1548946E-07   8.5303701E-07   8.5303701E-07
    3.9374937E-05   4.5558784E-05   4.5558784E-05   2.8492579E-05   2.8492579E-05
    5.9362051E-05   4.1162084E-04   4.2313460E-04   2.6452773E-04   6.1115553E-04
    1.6621622E-03   2.7971363E-04   1.0020694E-03   2.5296665E-03   4.3666420E-03
    4.4516561E-03   2.8586225E-03   6.2775525E-03   8.1370820E-03   7.5225326E-03
    7.1091072E-03   1.1459013E-02   1.3015446E-02   1.2656190E-02   1.3669019E-02
    1.7656597E-02   1.7080011E-02   1.5987763E-02   1.5631422E-02   2.4625461E-02
    2.1332923E-02   2.0328298E-02   1.9934313E-02   2.9003224E-02

 2.5002907141E+02   1.1679634E-02   5.3293150E+12   2.1087632E+00   1.4290163E+02   3.9933258E-01   9.8809940E-01    36 
    7.7171934E-13   2.0811930E-12   2.0811930E-12   3.2563988E-11   1.1083467E-10
    1.1083467E-10   6.7685267E-11   6.7685267E-11   4.1611863E-07   7.7586815E-07
    7.7586815E-07   4.0197485E-07   4.0197485E-07   8.2485437E-07   8.2485437E-07
    3.8765674E-05   4.5010850E-05   4.5010850E-05   2.7959407E-05   2.7959407E-05
    5.8027815E-05   4.0772891E-04   4.1976888E-04   2.6331086E-04   6.0055968E-04
    1.6091456E-03   2.8631282E-04   9.9261721E-04   2.4956889E-03   4.3477824E-03
    4.3885017E-03   3.0182442E-03   6.1723346E-03   8.1278639E-03   7.7127590E-03
    7.6815327E-03   1.1250859E-02   1.3300694E-02   1.3238747E-02   1.4414464E-02
    1.7403207E-02   1.7410046E-02   1.6767518E-02   1.6713933E-02   2.4033293E-02
    2.1708329E-02   2.1101195E-02   2.0944815E-02   2.8004154E-02

 2.4981769415E+02   2.8031961E-03   8.0869247E+12   2.1245747E+00   1.6835841E+02   2.6252639E-01   9.9215857E-01    37 
    9.0471274E-13   2.3446946E-12   2.3446946E-12   3.9553011E-11   1.3214312E-10
    1.3214312E-10   7.9951583E-11   7.9951583E-11   4.6473440E-07   8.6308678E-07
    8.6308678E-07   4.4201084E-07   4.4201084E-07   9.0594546E-07   9.0594546E-07
    4.1786916E-05   4.8483802E-05   4.8483802E-05   2.9915937E-05   2.9915937E-05
    6.1732929E-05   4.3119815E-04   4.4298246E-04   2.8022220E-04   6.2743639E-04
    1.6208397E-03   3.1072464E-04   1.0329210E-03   2.5829112E-03   4.5035784E-03
    4.5101892E-03   3.3518193E-03   6.3075642E-03   8.4816452E-03   8.2618921E-03
    8.5225265E-03   1.1445819E-02   1.4132227E-02   1.4269742E-02   1.5445887E-02
    1.7681917E-02   1.8407089E-02   1.8066871E-02   1.8165694E-02   2.3991417E-02
    2.2685733E-02   2.2319304E-02   2.2271853E-02   2.7595707E-02

 2.4958349280E+02   7.0294987E-04   1.2078401E+13   2.1666222E+00   2.2438029E+02   1.7564373E-01   9.9474608E-01    38 
    2.3464531E-12   5.4889996E-12   5.4889996E-12   6.6988405E-11   2.0608539E-10
    2.0608539E-10   1.2653924E-10   1.2653924E-10   6.0895543E-07   1.1175677E-06
    1.1175677E-06   5.6476156E-07   5.6476156E-07   1.1551646E-06   1.1551646E-06
    5.0047187E-05   5.7732769E-05   5.7732769E-05   3.5430521E-05   3.5430521E-05
    7.2538785E-05   4.9188031E-04   5.0225723E-04   3.2250000E-04   7.0463480E-04
    1.7128126E-03   3.6041254E-04   1.1393337E-03   2.8292593E-03   4.8912485E-03
    4.8843890E-03   3.9154275E-03   6.7571829E-03   9.3083225E-03   9.2583078E-03
    9.7169594E-03   1.2159600E-02   1.5573143E-02   1.5820032E-02   1.6906971E-02
    1.8618970E-02   2.0083884E-02   1.9917022E-02   2.0066843E-02   2.4687361E-02
    2.4281449E-02   2.4042946E-02   2.4028840E-02   2.8004513E-02

 2.4935894616E+02   1.9988043E-04   1.6884578E+13   2.2270198E+00   1.1535733E+03   1.2568829E-01   9.9623724E-01    39 
    3.7270102E-11   7.5928574E-11   7.5928574E-11   2.5894181E-10   4.2138158E-10
    4.2138158E-10   3.8410608E-10   3.8410608E-10   8.7800244E-07   1.5844541E-06
    1.5844541E-06   7.9071603E-07   7.9071603E-07   1.6131886E-06   1.6131886E-06
    6.3815852E-05   7.2951332E-05   7.2951332E-05   4.4635353E-05   4.4635353E-05
    9.0577021E-05   5.8665639E-04   5.9417148E-04   3.8894077E-04   8.2742200E-04
    1.8703308E-03   4.3335060E-04   1.3028235E-03   3.2105625E-03   5.4764761E-03
    5.4792111E-03   4.6574545E-03   7.4700972E-03   1.0503827E-02   1.0577332E-02
    1.1151747E-02   1.3292434E-02   1.7393378E-02   1.7687278E-02   1.8670354E-02
    2.0062988E-02   2.2145197E-02   2.2060902E-02   2.2211910E-02   2.6011146E-02
    2.6252455E-02   2.6071685E-02   2.6057436E-02   2.9143369E-02

 2.4913721222E+02   5.9371568E-05   2.2617654E+13   2.3039948E+00   1.8683294E+04   9.3913297E-02   9.9718701E-01    40 
    2.6055202E-09   4.5183443E-09   4.5183443E-09   8.7085622E-09   4.3664013E-09
    4.3664013E-09   1.0299754E-08   1.0299754E-08   1.3653367E-06   2.4089602E-06
    2.4089602E-06   1.1912042E-06   1.1912042E-06   2.4290869E-06   2.4290869E-06
    8.5258664E-05   9.6369171E-05   9.6369171E-05   5.8904459E-05   5.8904459E-05
    1.1835415E-04   7.2318397E-04   7.2581645E-04   4.8598371E-04   1.0046445E-03
    2.0951624E-03   5.3574264E-04   1.5316856E-03   3.7418089E-03   6.2853679E-03
    6.3155774E-03   5.6133692E-03   8.4624991E-03   1.2079947E-02   1.2248213E-02
    1.2897549E-02   1.4843591E-02   1.9616724E-02   1.9931347E-02   2.0820717E-02
    2.2005136E-02   2.4617352E-02   2.4574711E-02   2.4710788E-02   2.7929690E-02
    2.8650892E-02   2.8497412E-02   2.8472537E-02   3.0940095E-02

 2.4891021507E+02   1.7069770E-05   2.9462516E+13   2.3992881E+00   4.7449875E+05   7.2193183E-02   9.9783681E-01    41 
    3.8228227E-07   5.5599361E-07   5.5599361E-07   9.4621317E-07   5.1881030E-07
    5.1881030E-07   1.0765120E-06   1.0765120E-06   3.0870689E-06   4.6415293E-06
    4.6415293E-06   2.7145108E-06   2.7145108E-06   5.8690210E-06   5.8690210E-06
    1.1968156E-04   1.3345141E-04   1.3345141E-04   8.1921939E-05   8.1921939E-05
    1.6282699E-04   9.1978195E-04   9.1454412E-04   6.2828090E-04   1.2595508E-03
    2.4068947E-03   6.8067721E-04   1.8491126E-03   4.4712070E-03   7.3870877E-03
    7.4606931E-03   6.8590382E-03   9.8081392E-03   1.4122913E-02   1.4369175E-02
    1.5074286E-02   1.6898174E-02   2.2361420E-02   2.2686280E-02   2.3497479E-02
    2.4541115E-02   2.7630696E-02   2.7609594E-02   2.7725943E-02   3.0523680E-02
    3.1620469E-02   3.1479160E-02   3.1440197E-02   3.3459600E-02

 2.4867258833E+02   4.5761237E-06   3.7552136E+13   2.5149174E+00   1.7184254E+07   5.6754677E-02   9.9829897E-01    42 
    1.0264412E-04   1.2498649E-04   1.2498649E-04   1.9056833E-04   1.3539219E-04
    1.3539219E-04   2.1066629E-04   2.1066629E-04   1.9600404E-04   1.7779352E-04
    1.7779352E-04   1.8766579E-04   1.8766579E-04   3.6600618E-04   3.6600618E-04
    3.5389406E-04   3.7268297E-04   3.7268297E-04   2.9730403E-04   2.9730403E-04
    5.3071808E-04   1.3918978E-03   1.3759803E-03   1.0320497E-03   1.9276968E-03
    3.0076712E-03   1.0335635E-03   2.4711896E-03   5.7518399E-03   9.0675636E-03
    9.2063187E-03   8.7097556E-03   1.1869473E-02   1.6961236E-02   1.7282296E-02
    1.8049272E-02   1.9819062E-02   2.5991036E-02   2.6326266E-02   2.7082304E-02
    2.8035284E-02   3.1558110E-02   3.1548989E-02   3.1646935E-02   3.4148120E-02
    3.5545592E-02   3.5408677E-02   3.5355736E-02   3.7053968E-02

 2.4841963261E+02   1.2896976E-06   4.6855935E+13   2.6518013E+00   7.2090419E+08   4.5642728E-02   9.9863176E-01    43 
    3.8356378E-02   3.9891975E-02   3.9891975E-02   5.4620192E-02   4.8994728E-02
    4.8994728E-02   5.8680541E-02   5.8680541E-02   6.0713567E-02   5.5065955E-02
    5.5065955E-02   5.7526979E-02   5.7526979E-02   8.9050122E-02   8.9050122E-02
    5.6804716E-02   5.7347600E-02   5.7347600E-02   5.6372731E-02   5.6372731E-02
    7.7618347E-02   6.0820988E-02   6.1221840E-02   6.0764374E-02   7.9331189E-02
    5.9848544E-02   5.2860453E-02   6.0589241E-02   8.2064620E-02   7.1962066E-02
    7.2876230E-02   7.5077430E-02   8.4934039E-02   8.3600262E-02   8.4771357E-02
    8.7450088E-02   9.0973091E-02   9.4734147E-02   9.5504444E-02   9.7105521E-02
    9.8513508E-02   1.0028980E-01   1.0044910E-01   1.0079856E-01   1.0434842E-01
    1.0427486E-01   1.0423238E-01   1.0431399E-01   1.0708081E-01

 2.4814568039E+02   9.1450078E-06   5.7165901E+13   2.8084430E+00   1.2947684E+09   3.7693119E-02   9.9886992E-01    44 
    6.6733653E-01   6.2697461E-01   6.2697461E-01   7.8716771E-01   8.2199050E-01
    8.2199050E-01   8.2498526E-01   8.2498526E-01   9.1535502E-01   8.6185984E-01
    8.6185984E-01   8.6500023E-01   8.6500023E-01   1.1184078E+00   1.1184078E+00
    8.5725165E-01   8.7305895E-01   8.7305895E-01   8.4924401E-01   8.4924401E-01
    1.0115027E+00   8.9203846E-01   8.9787440E-01   8.8099947E-01   9.9857028E-01
    8.7754782E-01   8.4211692E-01   8.7199014E-01   9.9529658E-01   9.1229985E-01
    9.1490227E-01   9.2640262E-01   9.6772382E-01   9.2534105E-01   9.2917331E-01
    9.3811831E-01   9.4954637E-01   9.3786582E-01   9.3990695E-01   9.4393003E-01
    9.4685789E-01   9.3757205E-01   9.3810586E-01   9.3925150E-01   9.4667325E-01
    9.3859012E-01   9.3885725E-01   9.3932723E-01   9.4695736E-01

 2.4784161865E+02   9.0515070E-04   6.8268163E+13   2.9838393E+00   1.5415878E+08   3.2151051E-02   9.9903599E-01    45 
    7.7595673E-01   7.3371350E-01   7.3371350E-01   8.7065984E-01   9.2017518E-01
    9.2017518E-01   8.9499918E-01   8.9499918E-01   9.7916154E-01   9.4580983E-01
    9.4580983E-01   9.4038832E-01   9.4038832E-01   1.1023178E+00   1.1023178E+00
    9.3402627E-01   9.4935428E-01   9.4935428E-01   9.3354258E-01   9.3354258E-01
    1.0343951E+00   9.6347583E-01   9.6507111E-01   9.5079221E-01   1.0113671E+00
    9.5682258E-01   9.3354138E-01   9.4783196E-01   1.0163292E+00   9.7280647E-01
    9.7378965E-01   9.7893617E-01   9.9876685E-01   9.7728018E-01   9.7880412E-01
    9.8184028E-01   9.8708572E-01   9.8380022E-01   9.8448531E-01   9.8578728E-01
    9.8686829E-01   9.8323255E-01   9.8331496E-01   9.8366573E-01   9.8654791E-01
    9.8354580E-01   9.8360967E-01   9.8365634E-01   9.8663468E-01

 2.4749152870E+02   7.6473154E-02   8.0402173E+13   3.1798100E+00   1.7045986E+07   2.8404624E-02   9.9914826E-01    46 
    8.2309114E-01   8.0520312E-01   8.0520312E-01   9.2557275E-01   9.3686617E-01
    9.3686617E-01   9.3560516E-01   9.3560516E-01   9.7852235E-01   9.6193074E-01
    9.6193074E-01   9.5684748E-01   9.5684748E-01   1.0680392E+00   1.0680392E+00
    9.5388370E-01   9.6493788E-01   9.6493788E-01   9.6357615E-01   9.6357615E-01
    1.0314742E+00   9.7961744E-01   9.7418793E-01   9.6802665E-01   1.0049082E+00
    9.7161793E-01   9.5079181E-01   9.6551821E-01   1.0138601E+00   9.8133095E-01
    9.8311437E-01   9.8887078E-01   9.9972887E-01   9.8674792E-01   9.8773846E-01
    9.8911523E-01   9.9194570E-01   9.9083094E-01   9.9116774E-01   9.9198379E-01
    9.9249712E-01   9.9044586E-01   9.9046112E-01   9.9068677E-01   9.9217258E-01
    9.9062052E-01   9.9070579E-01   9.9073656E-01   9.9216120E-01

 2.4707185880E+02   4.6053325E+00   9.4680355E+13   3.3957512E+00   2.0047222E+06   2.5475601E-02   9.9923606E-01    47 
    8.6233920E-01   8.5875100E-01   8.5875100E-01   9.6077702E-01   9.4566386E-01
    9.4566386E-01   9.5971717E-01   9.5971717E-01   9.7501340E-01   9.6912729E-01
    9.6912729E-01   9.6346702E-01   9.6346702E-01   1.0404590E+00   1.0404590E+00
    9.6612751E-01   9.7464567E-01   9.7464567E-01   9.8016505E-01   9.8016505E-01
    1.0241168E+00   9.8902220E-01   9.7795191E-01   9.7551585E-01   1.0005210E+00
    9.8044240E-01   9.6106043E-01   9.7397004E-01   1.0129746E+00   9.8718858E-01
    9.8958411E-01   9.9576448E-01   1.0010203E+00   9.9329756E-01   9.9398242E-01
    9.9416575E-01   9.9581472E-01   9.9555457E-01   9.9566697E-01   9.9625925E-01
    9.9648797E-01   9.9524784E-01   9.9522205E-01   9.9541038E-01   9.9616937E-01
    9.9512388E-01   9.9521976E-01   9.9527708E-01   9.9610125E-01

 2.4655710821E+02   2.1252391E+02   1.1371525E+14   3.6344386E+00   2.5964952E+05   2.2142120E-02   9.9933598E-01    48 
    9.0582658E-01   9.0525967E-01   9.0525967E-01   9.7727052E-01   9.6214528E-01
    9.6214528E-01   9.6638638E-01   9.6638638E-01   9.8121907E-01   9.7941131E-01
    9.7941131E-01   9.7417535E-01   9.7417535E-01   1.0149834E+00   1.0149834E+00
    9.7931931E-01   9.8536394E-01   9.8536394E-01   9.8872825E-01   9.8872825E-01
    1.0095941E+00   9.9277194E-01   9.8233475E-01   9.8042723E-01   9.9195496E-01
    9.8991747E-01   9.7571111E-01   9.8242318E-01   1.0062716E+00   9.9323434E-01
    9.9502623E-01   9.9935287E-01   9.9920442E-01   9.9707506E-01   9.9733635E-01
    9.9636180E-01   9.9687522E-01   9.9781862E-01   9.9768827E-01   9.9788317E-01
    9.9779981E-01   9.9789129E-01   9.9783321E-01   9.9792087E-01   9.9769309E-01
    9.9751315E-01   9.9755141E-01   9.9757255E-01   9.9765230E-01

 2.4593563434E+02   8.5958055E+03   1.4237801E+14   3.9052820E+00   3.5849932E+04   1.8113132E-02   9.9945677E-01    49 
    9.4647065E-01   9.4639568E-01   9.4639568E-01   9.8940649E-01   9.7844040E-01
    9.7844040E-01   9.6979871E-01   9.6979871E-01   9.8941268E-01   9.9013756E-01
    9.9013756E-01   9.8521578E-01   9.8521578E-01   9.9610350E-01   9.9610350E-01
    9.9127016E-01   9.9508045E-01   9.9508045E-01   9.9319945E-01   9.9319945E-01
    9.9646716E-01   9.9477269E-01   9.8834499E-01   9.8617232E-01   9.8642083E-01
    9.9698675E-01   9.8930401E-01   9.9070669E-01   9.9876952E-01   9.9699369E-01
    9.9770318E-01   9.9965818E-01   9.9676675E-01   9.9799095E-01   9.9787353E-01
    9.9672219E-01   9.9656406E-01   9.9816976E-01   9.9796232E-01   9.9785539E-01
    9.9761463E-01   9.9870539E-01   9.9865063E-01   9.9862897E-01   9.9777848E-01
    9.9841533E-01   9.9839405E-01   9.9836421E-01   9.9781607E-01

 2.4521668540E+02   3.0048328E+05   1.8674806E+14   4.2158697E+00   5.2149928E+03   1.3994800E-02   9.9958025E-01    50 
    9.7200354E-01   9.7199418E-01   9.7199418E-01   9.9087908E-01   9.8756292E-01
    9.8756292E-01   9.8043457E-01   9.8043457E-01   9.9281071E-01   9.9578879E-01
    9.9578879E-01   9.9077790E-01   9.9077790E-01   9.9067708E-01   9.9067708E-01
    9.9614261E-01   9.9934687E-01   9.9934687E-01   9.9473671E-01   9.9473671E-01
    9.9155675E-01   9.9552169E-01   9.9228472E-01   9.9081419E-01   9.8806616E-01
    1.0000703E+00   9.9739246E-01   9.9587913E-01   9.9629888E-01   9.9835463E-01
    9.9846279E-01   9.9908743E-01   9.9658645E-01   9.9799866E-01   9.9780334E-01
    9.9727127E-01   9.9708413E-01   9.9836815E-01   9.9824352E-01   9.9812638E-01
    9.9793746E-01   9.9901158E-01   9.9898322E-01   9.9893472E-01   9.9819397E-01
    9.9892840E-01   9.9888900E-01   9.9885123E-01   9.9826033E-01

 2.4441811607E+02   7.4740246E+06   2.5632767E+14   4.5703059E+00   8.2495340E+02   1.0290960E-02   9.9969132E-01    51 
    9.8434538E-01   9.8434415E-01   9.8434415E-01   9.9269464E-01   9.9236930E-01
    9.9236930E-01   9.9092370E-01   9.9092370E-01   9.9439997E-01   9.9657749E-01
    9.9657749E-01   9.9348108E-01   9.9348108E-01   9.9268409E-01   9.9268409E-01
    9.9691593E-01   9.9884709E-01   9.9884709E-01   9.9528168E-01   9.9528168E-01
    9.9159166E-01   9.9620174E-01   9.9480749E-01   9.9397492E-01   9.9199190E-01
    9.9956848E-01   9.9897741E-01   9.9763207E-01   9.9612001E-01   9.9824562E-01
    9.9818245E-01   9.9825576E-01   9.9703393E-01   9.9800406E-01   9.9788733E-01
    9.9772459E-01   9.9762724E-01   9.9838879E-01   9.9834550E-01   9.9826629E-01
    9.9817193E-01   9.9880419E-01   9.9879782E-01   9.9875447E-01   9.9836682E-01
    9.9885729E-01   9.9882697E-01   9.9879736E-01   9.9842197E-01

 2.4356381918E+02   1.0852406E+08   3.6711763E+14   4.9712248E+00   1.4747897E+02   7.2434219E-03   9.9978272E-01    52 
    9.9151197E-01   9.9151184E-01   9.9151184E-01   9.9614301E-01   9.9602567E-01
    9.9602567E-01   9.9588108E-01   9.9588108E-01   9.9637030E-01   9.9644615E-01
    9.9644615E-01   9.9598048E-01   9.9598048E-01   9.9587050E-01   9.9587050E-01
    9.9686055E-01   9.9672724E-01   9.9672724E-01   9.9572253E-01   9.9572253E-01
    9.9420407E-01   9.9709748E-01   9.9674438E-01   9.9632336E-01   9.9535153E-01
    9.9869952E-01   9.9859124E-01   9.9814884E-01   9.9694091E-01   9.9821078E-01
    9.9814676E-01   9.9810382E-01   9.9770418E-01   9.9828847E-01   9.9824213E-01
    9.9818386E-01   9.9813180E-01   9.9849177E-01   9.9848482E-01   9.9843620E-01
    9.9839718E-01   9.9864899E-01   9.9864759E-01   9.9862123E-01   9.9848347E-01
    9.9869677E-01   9.9868261E-01   9.9866510E-01   9.9851140E-01

 2.4268187302E+02   9.7433952E+08   5.3690044E+14   5.4207533E+00   2.9975217E+01   4.9912077E-03   9.9985028E-01    53 
    9.9591274E-01   9.9591278E-01   9.9591278E-01   9.9812758E-01   9.9806342E-01
    9.9806342E-01   9.9798418E-01   9.9798418E-01   9.9801681E-01   9.9794737E-01
    9.9794737E-01   9.9798983E-01   9.9798983E-01   9.9792488E-01   9.9792488E-01
    9.9782742E-01   9.9760735E-01   9.9760735E-01   9.9742548E-01   9.9742548E-01
    9.9730666E-01   9.9829271E-01   9.9829740E-01   9.9816069E-01   9.9783114E-01
    9.9885417E-01   9.9882688E-01   9.9876709E-01   9.9826722E-01   9.9873676E-01
    9.9870456E-01   9.9867618E-01   9.9860563E-01   9.9883584E-01   9.9882027E-01
    9.9880148E-01   9.9878239E-01   9.9889735E-01   9.9889884E-01   9.9887829E-01
    9.9886820E-01   9.9894154E-01   9.9894050E-01   9.9893048E-01   9.9889622E-01
    9.9896190E-01   9.9895795E-01   9.9895099E-01   9.9890689E-01

 2.4178706462E+02   6.1203008E+09   7.8563957E+14   5.9220109E+00   6.8722359E+00   3.4369727E-03   9.9989690E-01    54 
    9.9827963E-01   9.9827968E-01   9.9827968E-01   9.9911649E-01   9.9910458E-01
    9.9910458E-01   9.9907776E-01   9.9907776E-01   9.9911535E-01   9.9910828E-01
    9.9910828E-01   9.9911818E-01   9.9911818E-01   9.9908241E-01   9.9908241E-01
    9.9900261E-01   9.9901733E-01   9.9901733E-01   9.9900257E-01   9.9900257E-01
    9.9901862E-01   9.9927771E-01   9.9932597E-01   9.9928950E-01   9.9919593E-01
    9.9944447E-01   9.9944051E-01   9.9944477E-01   9.9929696E-01   9.9941514E-01
    9.9940116E-01   9.9939043E-01   9.9938459E-01   9.9943953E-01   9.9943488E-01
    9.9942967E-01   9.9942554E-01   9.9945021E-01   9.9945104E-01   9.9944575E-01
    9.9944432E-01   9.9946116E-01   9.9946054E-01   9.9945819E-01   9.9945237E-01
    9.9946732E-01   9.9946636E-01   9.9946455E-01   9.9945559E-01

 2.4087887241E+02   2.5982764E+10   1.1429488E+15   6.4779983E+00   1.7780336E+00   2.3806194E-03   9.9992858E-01    55 
    9.9931240E-01   9.9931244E-01   9.9931244E-01   9.9960862E-01   9.9961162E-01
    9.9961162E-01   9.9960826E-01   9.9960826E-01   9.9964699E-01   9.9963884E-01
    9.9963884E-01   9.9963485E-01   9.9963485E-01   9.9962717E-01   9.9962717E-01
    9.9964733E-01   9.9966807E-01   9.9966807E-01   9.9966705E-01   9.9966705E-01
    9.9966983E-01   9.9974357E-01   9.9976537E-01   9.9975114E-01   9.9972917E-01
    9.9979191E-01   9.9979125E-01   9.9979370E-01   9.9975713E-01   9.9978693E-01
    9.9978274E-01   9.9977945E-01   9.9977861E-01   9.9979059E-01   9.9978949E-01
    9.9978826E-01   9.9978761E-01   9.9979335E-01   9.9979355E-01   9.9979263E-01
    9.9979247E-01   9.9979642E-01   9.9979619E-01   9.9979572E-01   9.9979491E-01
    9.9979793E-01   9.9979771E-01   9.9979733E-01   9.9979589E-01

 2.3994947347E+02   6.9547030E+10   1.6594291E+15   7.0934718E+00   5.1992490E-01   1.6525707E-03   9.9995042E-01    56 
    9.9971937E-01   9.9971943E-01   9.9971943E-01   9.9983210E-01   9.9983597E-01
    9.9983597E-01   9.9983461E-01   9.9983461E-01   9.9985488E-01   9.9984496E-01
    9.9984496E-01   9.9984285E-01   9.9984285E-01   9.9984525E-01   9.9984525E-01
    9.9987197E-01   9.9987869E-01   9.9987869E-01   9.9987794E-01   9.9987794E-01
    9.9987743E-01   9.9989563E-01   9.9990130E-01   9.9989557E-01   9.9989462E-01
    9.9991488E-01   9.9991418E-01   9.9991422E-01   9.9990791E-01   9.9991960E-01
    9.9991838E-01   9.9991721E-01   9.9991665E-01   9.9992085E-01   9.9992069E-01
    9.9992041E-01   9.9992029E-01   9.9992245E-01   9.9992250E-01   9.9992229E-01
    9.9992224E-01   9.9992357E-01   9.9992349E-01   9.9992336E-01   9.9992320E-01
    9.9992402E-01   9.9992395E-01   9.9992385E-01   9.9992357E-01

 2.3914020622E+02   1.2087489E+11   2.2732537E+15   7.6683449E+00   2.0007442E-01   1.2146388E-03   9.9996356E-01    57 
    9.9986609E-01   9.9986616E-01   9.9986616E-01   9.9991643E-01   9.9991898E-01
    9.9991898E-01   9.9991760E-01   9.9991760E-01   9.9992628E-01   9.9991797E-01
    9.9991797E-01   9.9991769E-01   9.9991769E-01   9.9992144E-01   9.9992144E-01
    9.9993910E-01   9.9994132E-01   9.9994132E-01   9.9994096E-01   9.9994096E-01
    9.9994040E-01   9.9994456E-01   9.9994603E-01   9.9994404E-01   9.9994638E-01
    9.9995685E-01   9.9995666E-01   9.9995649E-01   9.9995512E-01   9.9996175E-01
    9.9996111E-01   9.9996049E-01   9.9996009E-01   9.9996233E-01   9.9996231E-01
    9.9996221E-01   9.9996216E-01   9.9996330E-01   9.9996331E-01   9.9996322E-01
    9.9996320E-01   9.9996384E-01   9.9996380E-01   9.9996374E-01   9.9996369E-01
    9.9996405E-01   9.9996401E-01   9.9996397E-01   9.9996388E-01

 2.3882149891E+02   1.4345436E+11   2.5640691E+15   7.9057267E+00   1.4078871E-01   1.0797894E-03   9.9996761E-01    58 
    9.9990289E-01   9.9990296E-01   9.9990296E-01   9.9994202E-01   9.9994397E-01
    9.9994397E-01   9.9994251E-01   9.9994251E-01   9.9994692E-01   9.9993922E-01
    9.9993922E-01   9.9993940E-01   9.9993940E-01   9.9994298E-01   9.9994298E-01
    9.9995691E-01   9.9995811E-01   9.9995811E-01   9.9995783E-01   9.9995783E-01
    9.9995731E-01   9.9995877E-01   9.9995943E-01   9.9995829E-01   9.9996073E-01
    9.9996842E-01   9.9996845E-01   9.9996832E-01   9.9996761E-01   9.9997270E-01
    9.9997216E-01   9.9997169E-01   9.9997136E-01   9.9997303E-01   9.9997303E-01
    9.9997295E-01   9.9997292E-01   9.9997376E-01   9.9997376E-01   9.9997370E-01
    9.9997368E-01   9.9997414E-01   9.9997411E-01   9.9997407E-01   9.9997404E-01
    9.9997429E-01   9.9997426E-01   9.9997423E-01   9.9997418E-01

 2.3866134866E+02   1.5525018E+11   2.7206436E+15   8.0273111E+00   1.1855339E-01   1.0190297E-03   9.9996943E-01    59 
    9.9989068E-01   9.9989076E-01   9.9989076E-01   9.9994006E-01   9.9994206E-01
    9.9994206E-01   9.9994054E-01   9.9994054E-01   9.9994629E-01   9.9993940E-01
    9.9993940E-01   9.9993960E-01   9.9993960E-01   9.9994238E-01   9.9994238E-01
    9.9995667E-01   9.9995796E-01   9.9995796E-01   9.9995776E-01   9.9995776E-01
    9.9995729E-01   9.9995888E-01   9.9995961E-01   9.9995869E-01   9.9996104E-01
    9.9996841E-01   9.9996853E-01   9.9996842E-01   9.9996787E-01   9.9997282E-01
    9.9997234E-01   9.9997191E-01   9.9997160E-01   9.9997328E-01   9.9997329E-01
    9.9997321E-01   9.9997318E-01   9.9997402E-01   9.9997402E-01   9.9997397E-01
    9.9997395E-01   9.9997441E-01   9.9997438E-01   9.9997434E-01   9.9997431E-01
    9.9997456E-01   9.9997453E-01   9.9997450E-01   9.9997445E-01

 2.3860783696E+02   1.5928799E+11   2.7744058E+15   8.0689914E+00   1.1176185E-01   9.9973665E-04   9.9997001E-01    60 
    9.9899994E-01   9.9902944E-01   9.9902944E-01   9.9953957E-01   9.9987552E-01
    9.9987552E-01   9.9954446E-01   9.9954446E-01   9.9992225E-01   1.0000722E+00
    1.0000722E+00   9.9987177E-01   9.9987177E-01   9.9949632E-01   9.9949632E-01
    1.0000009E+00   1.0000320E+00   1.0000320E+00   9.9991050E-01   9.9991050E-01
    9.9971797E-01   9.9998219E-01   9.9998186E-01   9.9992388E-01   9.9985148E-01
    1.0002375E+00   1.0002609E+00   1.0001608E+00   9.9993029E-01   9.9997746E-01
    9.9996965E-01   9.9995914E-01   9.9994588E-01   9.9995381E-01   9.9995286E-01
    9.9994928E-01   9.9994740E-01   9.9995073E-01   9.9995043E-01   9.9994887E-01
    9.9994825E-01   9.9995102E-01   9.9995088E-01   9.9995041E-01   9.9994872E-01
    9.9995099E-01   9.9995086E-01   9.9995057E-01   9.9994894E-01
