       R              V     % Error        VdVdR      dPdR/ROH         g_TOT         g_RAD        g_ELEC       Gamma
 40725.001814   1.9312E+03   197.73    7.8200E-01   -4.5519E-03   -1.5134E-02    3.2707E-03    3.2444E-03       0.18
 40304.993738   1.9310E+03   197.75    7.9936E-01   -4.6081E-03   -1.5453E-02    3.3374E-03    3.3106E-03       0.18
 39477.474843   1.9307E+03   197.75    8.3408E-01   -4.8031E-03   -1.6108E-02    3.4788E-03    3.4509E-03       0.18
 37874.997876   1.9299E+03   197.75    9.0538E-01   -5.2241E-03   -1.7500E-02    3.7794E-03    3.7492E-03       0.18
 34866.010378   1.9284E+03   197.73    1.0689E+00   -6.2150E-03   -2.0650E-02    4.4599E-03    4.4244E-03       0.18
 29548.628782   1.9250E+03   197.76    1.5383E+00   -8.8243E-03   -2.8752E-02    6.2093E-03    6.1607E-03       0.18
 21448.396262   1.9166E+03   198.65    3.0549E+00   -1.0524E-02   -5.4570E-02    1.1784E-02    1.1695E-02       0.18
 15576.403367   1.9049E+03   198.94    5.7550E+00   -1.5568E-02   -1.0347E-01    2.2344E-02    2.2181E-02       0.18
 11330.945079   1.8889E+03   199.17    1.0739E+01   -2.2631E-02   -1.9553E-01    4.2226E-02    4.1930E-02       0.18
  8257.458079   1.8672E+03   199.36    1.9881E+01   -3.2246E-02   -3.6816E-01    7.9518E-02    7.8975E-02       0.18
  6034.201086   1.8377E+03   199.51    3.6358E+01   -4.5380E-02   -6.8940E-01    1.4893E-01    1.4793E-01       0.18
  4427.985510   1.7984E+03   199.62    6.5296E+01   -6.3603E-02   -1.2802E+00    2.7665E-01    2.7478E-01       0.18
  3267.007562   1.7463E+03   199.69    1.1418E+02   -8.9190E-02   -2.3516E+00    5.0837E-01    5.0491E-01       0.18
  2426.139282   1.6788E+03   199.74    1.9156E+02   -1.2529E-01   -4.2637E+00    9.2221E-01    9.1581E-01       0.18
  1815.739769   1.5942E+03   199.78    3.1071E+02   -1.7684E-01   -7.6114E+00    1.6473E+00    1.6356E+00       0.18
  1370.062897   1.4890E+03   199.80    4.8993E+02   -2.4938E-01   -1.3367E+01    2.8952E+00    2.8738E+00       0.18
  1043.979215   1.3595E+03   199.82    7.4746E+02   -3.5031E-01   -2.3017E+01    4.9904E+00    4.9516E+00       0.18
   805.672834   1.2019E+03   199.82    1.0413E+03   -4.9433E-01   -3.8638E+01    8.3877E+00    8.3178E+00       0.18
   633.335051   1.0270E+03   199.79    1.2910E+03   -6.9968E-01   -6.2512E+01    1.3589E+01    1.3466E+01       0.18
   508.341982   8.4795E+02   199.74    1.4792E+03   -1.0170E+00   -9.7007E+01    2.1119E+01    2.0911E+01       0.18
   416.994160   6.6778E+02   199.66    1.5219E+03   -1.4300E+00   -1.4412E+02    3.1424E+01    3.1086E+01       0.18
   350.396967   5.0111E+02   199.48    1.3779E+03   -2.0479E+00   -2.0404E+02    4.4577E+01    4.4029E+01       0.18
   301.865109   3.5893E+02   199.16    1.1088E+03   -2.8964E+00   -2.7481E+02    6.0182E+01    5.9319E+01       0.18
   267.043815   2.4736E+02   198.75    7.9967E+02   -3.6065E+00   -3.5088E+02    7.7170E+01    7.5776E+01       0.18
   243.466210   1.7068E+02   198.61    5.4071E+02   -3.3600E+00   -4.2176E+02    9.3211E+01    9.1136E+01       0.18
   226.513539   1.1801E+02   199.25    3.4927E+02   -1.5700E+00   -4.8718E+02    1.0775E+02    1.0527E+02       0.18
   213.699551   8.1507E+01   200.00    2.1586E+02    6.2764E-01   -5.4777E+02    1.2065E+02    1.1826E+02       0.18
   203.589967   5.6329E+01   200.00    1.2759E+02    9.5655E-01   -6.0391E+02    1.3254E+02    1.3030E+02       0.18
   195.192099   3.8879E+01   199.31    6.8196E+01   -1.2621E+00   -6.5716E+02    1.4402E+02    1.4176E+02       0.18
   186.725880   2.6792E+01   198.04    3.1171E+01   -3.6986E+00   -7.1810E+02    1.5738E+02    1.5491E+02       0.18
   178.821248   1.9545E+01   196.90    2.7249E+01   -6.3368E+00   -7.8288E+02    1.7172E+02    1.6891E+02       0.18
   175.499713   1.4248E+01   190.48    4.5445E+01   -2.0906E+01   -8.1234E+02    1.7873E+02    1.7537E+02       0.18
   175.117530   9.9543E+00   138.34    1.6753E+02   -1.7905E+02   -8.1494E+02    1.8046E+02    1.7614E+02       0.18
   174.949571   6.7145E+00    99.15    1.0331E+02   -3.0956E+02   -8.1496E+02    1.8235E+02    1.7648E+02       0.18
   174.763269   4.6543E+00    95.69    4.2954E+01   -3.0253E+02   -8.1462E+02    1.8482E+02    1.7685E+02       0.18
   174.568115   3.2272E+00    94.19    1.9547E+01   -2.9966E+02   -8.1365E+02    1.8802E+02    1.7725E+02       0.19
   174.353529   2.2237E+00   101.18    8.3886E+00   -2.6916E+02   -8.1199E+02    1.9215E+02    1.7768E+02       0.19
   174.099708   1.5376E+00   110.19    3.4041E+00   -2.3550E+02   -8.0991E+02    1.9716E+02    1.7821E+02       0.20
   173.813886   1.0623E+00   116.74    1.4523E+00   -2.1248E+02   -8.0688E+02    2.0351E+02    1.7880E+02       0.20
   173.497860   7.3366E-01   122.14    6.2557E-01   -1.9408E+02   -8.0230E+02    2.1177E+02    1.7947E+02       0.21
   173.145351   5.0671E-01   126.71    2.6769E-01   -1.7862E+02   -7.9591E+02    2.2230E+02    1.8024E+02       0.22
   172.766826   3.5370E-01   130.28    1.1817E-01   -1.6636E+02   -7.8798E+02    2.3469E+02    1.8109E+02       0.23
   172.401605   2.5640E-01   131.31    5.7812E-02   -1.6167E+02   -7.7969E+02    2.4732E+02    1.8193E+02       0.24
   172.046882   1.9052E-01   131.44    3.0328E-02   -1.5954E+02   -7.7130E+02    2.5994E+02    1.8278E+02       0.25
   171.695057   1.4377E-01   131.28    1.6499E-02   -1.5830E+02   -7.6305E+02    2.7243E+02    1.8365E+02       0.26
   171.341853   1.0966E-01   131.00    9.1756E-03   -1.5741E+02   -7.5510E+02    2.8465E+02    1.8455E+02       0.27
   170.984078   8.4399E-02   131.04    5.1544E-03   -1.5574E+02   -7.4764E+02    2.9647E+02    1.8551E+02       0.28
   170.618374   6.5625E-02   131.28    2.9211E-03   -1.5368E+02   -7.4086E+02    3.0773E+02    1.8656E+02       0.29
   170.241211   5.1492E-02   131.81    1.6702E-03   -1.5093E+02   -7.3441E+02    3.1883E+02    1.8775E+02       0.30
   169.848893   4.0822E-02   133.13    9.5567E-04   -1.4620E+02   -7.2832E+02    3.2979E+02    1.8917E+02       0.31
   169.436990   3.2817E-02   135.24    5.4778E-04   -1.3957E+02   -7.2250E+02    3.4076E+02    1.9093E+02       0.32
   169.000216   2.6797E-02   138.43    3.1448E-04   -1.3044E+02   -7.1690E+02    3.5186E+02    1.9319E+02       0.33
   168.531955   2.2329E-02   143.18    1.7891E-04   -1.1781E+02   -7.1157E+02    3.6315E+02    1.9623E+02       0.34
   168.022477   1.9095E-02   149.81    9.9109E-05   -1.0132E+02   -7.0615E+02    3.7509E+02    2.0047E+02       0.35
   167.455514   1.6883E-02   157.93    5.0925E-05   -8.2142E+01   -6.9895E+02    3.8962E+02    2.0683E+02       0.36
   166.801449   1.5577E-02   165.55    2.2484E-05   -6.4410E+01   -6.8347E+02    4.1365E+02    2.1724E+02       0.38
   166.007507   1.4964E-02   168.26    1.1143E-05   -5.6653E+01   -6.5736E+02    4.5029E+02    2.3326E+02       0.41
   164.996963   1.4247E-02   163.58    1.4057E-05   -6.5278E+01   -6.5166E+02    4.6960E+02    2.4970E+02       0.42
   163.715899   1.2533E-02   156.35    1.8209E-05   -8.2273E+01   -6.7163E+02    4.6724E+02    2.6020E+02       0.41
   162.203101   1.0130E-02   151.13    1.5271E-05   -9.7206E+01   -6.9849E+02    4.6172E+02    2.6585E+02       0.40
   160.547086   7.7799E-03   146.40    1.0165E-05   -1.1281E+02   -7.2908E+02    4.5519E+02    2.6823E+02       0.38
   158.816255   5.7226E-03   141.98    6.0611E-06   -1.2948E+02   -7.6313E+02    4.4710E+02    2.6755E+02       0.37
   157.077475   4.1072E-03   138.48    3.3052E-06   -1.4472E+02   -7.9624E+02    4.4093E+02    2.6710E+02       0.36
   155.363137   2.9377E-03   135.67    1.7163E-06   -1.5833E+02   -8.2609E+02    4.3853E+02    2.6909E+02       0.35
   153.673758   2.1137E-03   132.86    8.8374E-07   -1.7241E+02   -8.5483E+02    4.3775E+02    2.7160E+02       0.34
   151.973354   1.5219E-03   132.70    4.5414E-07   -1.7900E+02   -8.8492E+02    4.3675E+02    2.7245E+02       0.33
   150.590402   1.1651E-03   133.82    2.6335E-07   -1.8031E+02   -9.0956E+02    4.3649E+02    2.7175E+02       0.32
   149.899731   1.0200E-03   130.66    2.0082E-07   -1.9346E+02   -9.2263E+02    4.3585E+02    2.7071E+02       0.32
   149.554468   9.5428E-04   128.86    1.7635E-07   -1.9991E+02   -9.2408E+02    4.4068E+02    2.7268E+02       0.32
   149.439689   9.3328E-04   127.40    1.6905E-07   -2.0506E+02   -9.2469E+02    4.4217E+02    2.7359E+02       0.32
  
 Momentum equation is: VdV/dr = - dPdR/ROH - g + g_RAD
         or          : VdV/dr = - dPdR/ROH + g_tot
  
 Error is 200.0D0*(VdVdR+dPdR_ON_ROH-g_TOT)/( ABS(VdVdR)+ ABS(dPdR_ON_ROH)+ ABS(g_TOT) )
  
 Gamma = g_rad/g [g=g_GRAV] 
  
 Surface gravity is:     1.3669E+03
 Stars mass is:    23.00 Msun
