!
! Note: The effective temperature and surface gravity are defined
! at the reference radius, which (except when using the old
! velocity) is the location where Tau=2/3.
!
! Effective temperature (10^4 K) is:    2.150000E+00
!      Log surface gravity (cgs) is:    2.700000E+00
!         Core radius (10^10 cm) is:    1.822270E+02
!    Reference radius (10^10 cm) is:    1.985178E+02
!              Luminosity (Lsun) is:    1.568351E+05
!            Mass (Msun) of star is:    1.488228E+01
!       Mass loss rate (Msun/yr) is:    4.000000E-07
!         Mean atomic mass (amu) is:    1.335110E+00
!            Eddington parameter is:    2.418811E-01
!                   Atom density is:    0.000000E+00
! Ratio of inner to outer radius is:  178.36094636
!
      70          !Number of depth points
!
!    R(10^10cm)       V(km/s)         Sigma           Tau     Index
 32502.17720143  9.721183E+02 -9.876852E-01  2.028653E-05         1
 32199.91593830  9.720058E+02 -9.875576E-01  2.047699E-05         2
 31603.54488702  9.717776E+02 -9.873079E-01  2.086347E-05         3
 30445.10487653  9.713086E+02 -9.868119E-01  2.165774E-05         4
 28256.34559423  9.703219E+02 -9.857585E-01  2.333848E-05         5
 24345.83836968  9.681421E+02 -9.830655E-01  2.710287E-05         6
 18249.66705416  9.629344E+02 -9.762912E-01  3.620952E-05         7
 13681.19810443  9.558611E+02 -9.679303E-01  4.837604E-05         8
 10275.61395606  9.464729E+02 -9.569061E-01  6.463055E-05         9
  7734.42024689  9.340868E+02 -9.426891E-01  8.634663E-05        10
  5840.11445448  9.180845E+02 -9.251724E-01  1.153594E-04        11
  4428.03855774  8.979840E+02 -9.009638E-01  1.541205E-04        12
  3368.48777350  8.720535E+02 -8.667429E-01  2.059055E-04        13
  2573.76114168  8.386608E+02 -8.199286E-01  2.750905E-04        14
  1978.68279480  7.963210E+02 -7.611259E-01  3.675217E-04        15
  1534.40215088  7.453227E+02 -6.945461E-01  4.910103E-04        16
  1201.12662456  6.874781E+02 -5.907256E-01  6.559913E-04        17
   948.56081356  6.166979E+02 -4.411362E-01  8.764066E-04        18
   760.53128152  5.367472E+02 -2.778149E-01  1.170882E-03        19
   620.55793381  4.566021E+02 -5.714630E-02  1.564302E-03        20
   514.92138354  3.736572E+02  2.506887E-01  2.089913E-03        21
   435.70155082  2.944888E+02  6.417882E-01  2.792131E-03        22
   376.22486613  2.235623E+02  1.146130E+00  3.730296E-03        23
   331.46852321  1.636974E+02  1.781371E+00  4.983636E-03        24
   298.07567069  1.169318E+02  2.548302E+00  6.636424E-03        25
   274.05204692  8.363894E+01  3.385438E+00  8.681578E-03        26
   255.82391640  5.989826E+01  4.202804E+00  1.125582E-02        27
   240.32736837  4.213055E+01  4.576259E+00  1.485493E-02        28
   226.68942535  3.082739E+01  4.316418E+00  1.986591E-02        29
   215.14061444  2.351280E+01  4.205786E+00  2.655228E-02        30
   206.14735622  1.884730E+01  1.034853E+01  3.402993E-02        31
   203.29647665  1.287899E+01  6.509237E+01  3.702407E-02        32
   203.02427460  9.905988E+00  3.142686E+02  3.746681E-02        33
   202.85303548  6.791364E+00  4.297948E+02  3.785810E-02        34
   202.66951267  4.885212E+00  3.595989E+02  3.845118E-02        35
   202.46753377  3.506277E+00  3.332937E+02  3.936021E-02        36
   202.25494169  2.507785E+00  3.220266E+02  4.069807E-02        37
   202.04187505  1.802065E+00  3.299051E+02  4.257316E-02        38
   201.84300229  1.282074E+00  3.408403E+02  4.504105E-02        39
   201.63257735  9.238916E-01  3.041959E+02  4.896629E-02        40
   201.37877338  6.619555E-01  2.593796E+02  5.597381E-02        41
   201.09386008  4.744355E-01  2.301839E+02  6.775312E-02        42
   200.77235519  3.399796E-01  2.027730E+02  8.785403E-02        43
   200.45293017  2.529725E-01  1.797670E+02  1.174131E-01        44
   200.14947897  1.965051E-01  1.614434E+02  1.568643E-01        45
   199.84724718  1.563101E-01  1.470549E+02  2.095712E-01        46
   199.53752099  1.259007E-01  1.357949E+02  2.799879E-01        47
   199.21474813  1.020337E-01  1.263810E+02  3.740647E-01        48
   198.87518286  8.298835E-02  1.174432E+02  4.997517E-01        49
   198.51602161  6.776782E-02  1.079782E+02  6.676699E-01        50
   198.13501093  5.568545E-02  9.754052E+01  8.920092E-01        51
   197.73005821  4.619924E-02  8.597913E+01  1.191727E+00        52
   197.29880575  3.886019E-02  7.304514E+01  1.592152E+00        53
   196.83745686  3.333316E-02  5.861594E+01  2.127120E+00        54
   196.33867387  2.931392E-02  4.361970E+01  2.841839E+00        55
   195.78779045  2.649353E-02  3.026112E+01  3.796706E+00        56
   195.15855076  2.447111E-02  2.177954E+01  5.072412E+00        57
   194.41544824  2.266247E-02  1.990290E+01  6.776759E+00        58
   193.52626290  2.049302E-02  2.269114E+01  9.053772E+00        59
   192.47738254  1.777643E-02  2.670523E+01  1.209587E+01        60
   191.27903174  1.475295E-02  3.025981E+01  1.616012E+01        61
   189.95453018  1.172358E-02  3.370665E+01  2.158998E+01        62
   188.53645554  8.906427E-03  3.697950E+01  2.884428E+01        63
   187.06409370  6.559012E-03  3.896602E+01  3.853605E+01        64
   185.58303783  4.771094E-03  3.941288E+01  5.148429E+01        65
   184.07569336  3.463102E-03  3.812242E+01  6.930690E+01        66
   183.08219650  2.818111E-03  3.690011E+01  8.438874E+01        67
   182.56891623  2.536130E-03  3.635121E+01  9.343590E+01        68
   182.31239833  2.406945E-03  3.605428E+01  9.831696E+01        69
   182.22698335  2.365570E-03  3.594556E+01  1.000000E+02        70
   182.22698335  2.365570E-03  3.594556E+01  1.000000E+02        70
