       R              V     % Error        VdVdR      dPdR/ROH         g_TOT         g_RAD        g_ELEC       Gamma
 94228.504572   4.9013E+02   156.38    1.8583E-02   -2.5151E-03   -1.9641E-03    1.4737E-03    1.4287E-03       0.43
 93376.170655   4.9010E+02   156.78    1.8955E-02   -2.5382E-03   -2.0004E-03    1.5006E-03    1.4547E-03       0.43
 91693.412978   4.9003E+02   156.95    1.9671E-02   -2.6224E-03   -2.0740E-03    1.5566E-03    1.5091E-03       0.43
 88423.017111   4.8990E+02   157.12    2.1112E-02   -2.8028E-03   -2.2291E-03    1.6751E-03    1.6240E-03       0.43
 82231.228294   4.8961E+02   157.64    2.4538E-02   -3.2113E-03   -2.5742E-03    1.9401E-03    1.8809E-03       0.43
 71104.147114   4.8897E+02   159.75    3.4001E-02   -4.1878E-03   -3.4333E-03    2.6043E-03    2.5251E-03       0.43
 53651.984939   4.8743E+02   174.43    6.1888E-02   -4.6354E-03   -5.9989E-03    4.6054E-03    4.4653E-03       0.43
 40528.827237   4.8538E+02   179.75    1.0589E-01   -6.2055E-03   -1.0468E-02    8.1160E-03    7.8690E-03       0.44
 30664.571436   4.8277E+02   184.07    1.8239E-01   -8.3206E-03   -1.8224E-02    1.4239E-02    1.3806E-02       0.44
 23204.592190   4.7932E+02   187.68    3.1802E-01   -1.1119E-02   -3.1742E-02    2.4948E-02    2.4190E-02       0.44
 17575.971260   4.7473E+02   190.48    5.5318E-01   -1.4830E-02   -5.5217E-02    4.3597E-02    4.2273E-02       0.44
 13345.096614   4.6868E+02   192.58    9.4871E-01   -1.9738E-02   -9.5626E-02    7.5776E-02    7.3473E-02       0.44
 10174.124732   4.6085E+02   194.03    1.5664E+00   -2.6200E-02   -1.6431E-01    1.3058E-01    1.2660E-01       0.44
  7795.568290   4.5111E+02   195.11    2.5366E+00   -3.4826E-02   -2.7959E-01    2.2271E-01    2.1591E-01       0.44
  5992.259297   4.3888E+02   196.04    4.1593E+00   -4.6259E-02   -4.7281E-01    3.7730E-01    3.6576E-01       0.44
  4621.741149   4.2309E+02   196.78    6.7752E+00   -6.1486E-02   -7.9428E-01    6.3477E-01    6.1533E-01       0.44
  3584.215991   4.0295E+02   197.25    1.0468E+01   -8.1705E-02   -1.3199E+00    1.0562E+00    1.0238E+00       0.44
  2802.311075   3.7876E+02   197.48    1.5068E+01   -1.0902E-01   -2.1579E+00    1.7292E+00    1.6756E+00       0.44
  2208.812513   3.5116E+02   197.70    2.2225E+01   -1.4885E-01   -3.4708E+00    2.7858E+00    2.6982E+00       0.45
  1755.051880   3.1662E+02   197.79    3.1000E+01   -2.0295E-01   -5.4909E+00    4.4191E+00    4.2752E+00       0.45
  1415.410539   2.7783E+02   197.64    3.8388E+01   -2.7738E-01   -8.4282E+00    6.8086E+00    6.5749E+00       0.45
  1159.482624   2.3785E+02   197.40    4.5741E+01   -3.8114E-01   -1.2534E+01    1.0171E+01    9.7996E+00       0.45
   965.801450   1.9531E+02   197.13    5.0046E+01   -4.9148E-01   -1.8020E+01    1.4705E+01    1.4126E+01       0.45
   820.433810   1.5407E+02   197.13    4.9166E+01   -5.3565E-01   -2.4937E+01    2.0413E+01    1.9577E+01       0.45
   711.327391   1.1635E+02   197.73    4.3617E+01   -4.3900E-01   -3.3241E+01    2.7087E+01    2.6046E+01       0.45
   630.988922   8.4506E+01   198.64    3.4772E+01   -2.6394E-01   -4.2469E+01    3.4199E+01    3.3103E+01       0.45
   575.130519   6.0935E+01   199.04    2.5764E+01   -1.8601E-01   -5.1358E+01    4.0925E+01    3.9847E+01       0.44
   535.220807   4.4037E+01   197.94    1.8131E+01   -4.0228E-01   -5.9455E+01    4.7104E+01    4.6012E+01       0.44
   504.860438   3.1808E+01   195.47    1.2042E+01   -9.0347E-01   -6.6886E+01    5.2874E+01    5.1709E+01       0.44
   479.848552   2.2838E+01   192.59    7.0618E+00   -1.5310E+00   -7.4037E+01    5.8534E+01    5.7233E+01       0.44
   455.552822   1.6491E+01   189.91    5.2101E+00   -2.2591E+00   -8.2102E+01    6.4987E+01    6.3487E+01       0.44
   443.029173   1.2182E+01   177.02    8.3840E+00   -5.7903E+00   -8.6636E+01    6.8886E+01    6.7114E+01       0.44
   441.517531   8.7474E+00    98.45    2.8851E+01   -3.9354E+01   -8.6800E+01    6.9789E+01    6.7564E+01       0.45
   440.867523   6.3166E+00    33.66    2.2125E+01   -7.7295E+01   -8.6449E+01    7.0602E+01    6.7752E+01       0.45
   440.341919   4.5764E+00    13.43    1.2689E+01   -8.6124E+01   -8.5837E+01    7.1590E+01    6.7896E+01       0.45
   439.760715   3.3108E+00     9.45    6.1475E+00   -8.2930E+01   -8.5005E+01    7.2837E+01    6.8048E+01       0.46
   439.161222   2.3960E+00     5.61    3.1411E+00   -8.2361E+01   -8.3974E+01    7.4300E+01    6.8189E+01       0.47
   438.553662   1.7319E+00     2.93    1.6254E+00   -8.2050E+01   -8.2865E+01    7.5848E+01    6.8307E+01       0.48
   437.939582   1.2515E+00     1.56    8.3938E-01   -8.1458E+01   -8.1902E+01    7.7256E+01    6.8387E+01       0.49
   437.320211   9.0575E-01     0.91    4.3275E-01   -8.0811E+01   -8.1117E+01    7.8493E+01    6.8416E+01       0.49
   436.688376   6.5569E-01     0.59    2.2060E-01   -7.9437E+01   -7.9683E+01    8.0388E+01    6.8383E+01       0.50
   436.028202   4.7450E-01    -0.15    1.0963E-01   -7.7004E+01   -7.6781E+01    8.3775E+01    6.8287E+01       0.52
   435.313486   3.4296E-01    -1.25    5.2380E-02   -7.3171E+01   -7.2214E+01    8.8871E+01    6.8226E+01       0.55
   434.496484   2.4742E-01     1.25    2.3497E-02   -6.5807E+01   -6.6612E+01    9.5078E+01    6.8448E+01       0.59
   433.719719   1.8988E-01     1.90    1.1691E-02   -6.0512E+01   -6.1661E+01    1.0061E+02    6.8960E+01       0.62
   432.952556   1.5213E-01     3.67    6.3291E-03   -5.5447E+01   -5.7515E+01    1.0533E+02    6.9622E+01       0.65
   432.159715   1.2537E-01     7.05    3.6170E-03   -5.0669E+01   -5.4367E+01    1.0908E+02    7.0342E+01       0.67
   431.312975   1.0537E-01    12.09    2.1441E-03   -4.6296E+01   -5.2253E+01    1.1183E+02    7.1076E+01       0.68
   430.386260   8.9835E-02    18.58    1.3041E-03   -4.2344E+01   -5.1016E+01    1.1378E+02    7.1814E+01       0.69
   429.353252   7.7427E-02    25.24    8.1696E-04   -3.9163E+01   -5.0473E+01    1.1511E+02    7.2553E+01       0.70
   428.187652   6.7049E-02    29.31    5.4086E-04   -3.7561E+01   -5.0462E+01    1.1603E+02    7.3265E+01       0.70
   426.869229   5.7662E-02    28.77    3.8076E-04   -3.7862E+01   -5.0586E+01    1.1693E+02    7.3909E+01       0.70
   425.393452   4.8771E-02    25.38    2.6997E-04   -3.9025E+01   -5.0367E+01    1.1832E+02    7.4470E+01       0.70
   423.771192   4.0663E-02    22.32    1.8201E-04   -3.9576E+01   -4.9520E+01    1.2046E+02    7.5005E+01       0.71
   422.016702   3.3799E-02    21.42    1.1536E-04   -3.8654E+01   -4.7925E+01    1.2347E+02    7.5643E+01       0.72
   420.135272   2.8384E-02    23.48    6.9314E-05   -3.5881E+01   -4.5427E+01    1.2751E+02    7.6582E+01       0.74
   418.113304   2.4394E-02    29.11    3.9387E-05   -3.1180E+01   -4.1803E+01    1.3281E+02    7.8081E+01       0.76
   415.905762   2.1694E-02    38.73    2.0631E-05   -2.5085E+01   -3.7135E+01    1.3933E+02    8.0357E+01       0.79
   413.417965   2.0091E-02    50.83    9.6262E-06   -1.9330E+01   -3.2503E+01    1.4610E+02    8.3435E+01       0.82
   410.478947   1.9257E-02    51.72    4.8714E-06   -1.6686E+01   -2.8327E+01    1.5284E+02    8.7126E+01       0.84
   406.862641   1.8480E-02    36.53    4.9780E-06   -1.8057E+01   -2.6128E+01    1.5827E+02    9.0910E+01       0.86
   402.406360   1.6980E-02    29.93    6.7041E-06   -2.2228E+01   -3.0051E+01    1.5846E+02    9.3613E+01       0.84
   397.164693   1.4551E-02    26.54    6.8914E-06   -2.7247E+01   -3.5586E+01    1.5793E+02    9.5856E+01       0.82
   391.394682   1.1754E-02    22.94    5.4811E-06   -3.2619E+01   -4.1073E+01    1.5819E+02    9.7968E+01       0.79
   385.367659   9.0597E-03    19.42    3.7602E-06   -3.8615E+01   -4.6920E+01    1.5863E+02    9.9535E+01       0.77
   379.305559   6.7387E-03    17.49    2.3166E-06   -4.4807E+01   -5.3396E+01    1.5877E+02    1.0056E+02       0.75
   373.342202   4.9180E-03    28.11    1.3053E-06   -4.4249E+01   -5.8723E+01    1.6028E+02    1.0234E+02       0.73
   370.499032   4.2175E-03    21.67    9.6464E-07   -4.8909E+01   -6.0793E+01    1.6158E+02    1.0365E+02       0.73
   369.097249   3.9091E-03    22.26    8.2431E-07   -5.0710E+01   -6.3413E+01    1.6065E+02    1.0331E+02       0.72
   368.632668   3.8126E-03    21.66    7.8084E-07   -5.1728E+01   -6.4292E+01    1.6034E+02    1.0322E+02       0.71
  
 Momentum equation is: VdV/dr = - dPdR/ROH - g + g_RAD
         or          : VdV/dr = - dPdR/ROH + g_tot
  
 Error is 200.0D0*(VdVdR+dPdR_ON_ROH-g_TOT)/( ABS(VdVdR)+ ABS(dPdR_ON_ROH)+ ABS(g_TOT) )
  
 Gamma = g_rad/g [g=g_GRAV] 
  
 Surface gravity is:     2.2463E+02
 Stars mass is:    23.00 Msun
