       R              V     % Error        VdVdR      dPdR/ROH         g_TOT         g_RAD        g_ELEC       Gamma
 31237.719203   1.4620E+03   105.55    5.2517E-01   -8.1670E-03    1.5418E-01    1.8546E-01    8.0577E-03       5.93
 30878.650589   1.4619E+03   105.78    5.3851E-01   -8.2881E-03    1.5765E-01    1.8966E-01    8.2384E-03       5.92
 30172.368446   1.4616E+03   105.86    5.6470E-01   -8.7002E-03    1.6510E-01    1.9863E-01    8.6287E-03       5.92
 28809.868952   1.4610E+03   105.59    6.1766E-01   -9.5889E-03    1.8124E-01    2.1801E-01    9.4643E-03       5.93
 26270.031180   1.4599E+03   105.38    7.4525E-01   -1.1666E-02    2.1926E-01    2.6349E-01    1.1383E-02       5.96
 21835.129808   1.4572E+03   107.66    1.1362E+00   -1.6926E-02    3.2410E-01    3.8813E-01    1.6478E-02       6.06
 15267.981625   1.4504E+03   111.25    2.4412E+00   -1.9678E-02    6.7637E-01    8.0732E-01    3.3707E-02       6.17
 10694.441023   1.4406E+03   110.28    4.9261E+00   -2.8780E-02    1.3957E+00    1.6626E+00    6.8709E-02       6.23
  7503.238064   1.4268E+03   108.79    9.8672E+00   -4.1823E-02    2.8725E+00    3.4147E+00    1.3960E-01       6.30
  5280.745263   1.4074E+03   106.36    1.9512E+01   -6.0708E-02    5.9032E+00    6.9978E+00    2.8187E-01       6.39
  3737.039620   1.3805E+03   102.61    3.7840E+01   -8.8570E-02    1.2089E+01    1.4275E+01    5.6295E-01       6.53
  2659.985923   1.3435E+03    99.13    7.1749E+01   -1.2982E-01    2.4064E+01    2.8378E+01    1.1115E+00       6.58
  1904.599343   1.2931E+03    98.59    1.3238E+02   -1.9083E-01    4.4769E+01    5.3184E+01    2.1688E+00       6.32
  1373.791546   1.2255E+03    99.25    2.3557E+02   -2.8005E-01    7.9033E+01    9.5207E+01    4.1703E+00       5.89
  1000.814559   1.1368E+03    97.54    4.0084E+02   -4.1095E-01    1.3762E+02    1.6809E+02    7.8617E+00       5.52
   738.947190   1.0233E+03    94.86    6.4461E+02   -6.0783E-01    2.2925E+02    2.8516E+02    1.4430E+01       5.10
   555.757857   8.8273E+02    82.49    9.2939E+02   -9.0476E-01    3.8568E+02    4.8451E+02    2.5534E+01       4.90
   428.693779   7.2380E+02    74.87    1.1749E+03   -1.3764E+00    5.3351E+02    6.9960E+02    4.2961E+01       4.21
   340.823325   5.5853E+02    75.00    1.3032E+03   -2.1750E+00    5.9019E+02    8.5298E+02    6.8053E+01       3.25
   280.136665   3.9796E+02    71.81    1.2277E+03   -3.3952E+00    5.7561E+02    9.6458E+02    1.0086E+02       2.48
   240.535454   2.6445E+02    80.48    9.6794E+02   -4.6596E+00    4.0779E+02    9.3538E+02    1.3699E+02       1.77
   217.141903   1.7484E+02   135.25    6.8611E+02   -4.6211E+00    1.2789E+02    7.7528E+02    1.6825E+02       1.20
   202.367622   1.1599E+02   198.66    4.5837E+02   -1.8438E+00   -9.0044E+01    6.5533E+02    1.9389E+02       0.88
   192.412803   7.6857E+01   200.00    2.9062E+02    2.1131E+00   -2.4316E+02    5.8134E+02    2.1477E+02       0.71
   185.369042   5.0967E+01   200.00    1.7606E+02    2.1659E+00   -3.6202E+02    5.2633E+02    2.3163E+02       0.59
   180.089547   3.3605E+01   197.58    9.8144E+01   -3.3009E+00   -4.4497E+02    4.9623E+02    2.4538E+02       0.53
   175.782758   2.2320E+01   192.12    6.3372E+01   -1.1503E+01   -5.0879E+02    4.7909E+02    2.5747E+02       0.48
   173.322867   1.5028E+01   179.55    8.9096E+01   -3.6232E+01   -5.8340E+02    4.3272E+02    2.6475E+02       0.43
   172.833752   9.9249E+00   119.41    1.4157E+02   -1.9231E+02   -6.2057E+02    4.0131E+02    2.6617E+02       0.39
   172.616771   6.4610E+00    66.11    8.5493E+01   -3.6493E+02   -6.3983E+02    3.8462E+02    2.6674E+02       0.38
   172.412685   4.2849E+00    56.81    3.6940E+01   -3.8274E+02   -6.4952E+02    3.7736E+02    2.6732E+02       0.37
   172.184257   2.8377E+00    58.58    1.4592E+01   -3.6368E+02   -6.5040E+02    3.7921E+02    2.6799E+02       0.37
   171.934545   1.8795E+00    61.42    5.9064E+00   -3.4668E+02   -6.4811E+02    3.8449E+02    2.6874E+02       0.37
   171.671102   1.2447E+00    63.80    2.4535E+00   -3.3197E+02   -6.4055E+02    3.9522E+02    2.6956E+02       0.38
   171.391449   8.2359E-01    67.01    1.0042E+00   -3.1132E+02   -6.2403E+02    4.1512E+02    2.7047E+02       0.40
   171.081768   5.4428E-01    73.03    3.9151E-01   -2.7885E+02   -5.9923E+02    4.4369E+02    2.7156E+02       0.43
   170.751691   3.7110E-01    79.73    1.5553E-01   -2.4569E+02   -5.7127E+02    4.7568E+02    2.7286E+02       0.45
   170.432277   2.6986E-01    83.48    7.0462E-02   -2.2456E+02   -5.4625E+02    5.0463E+02    2.7429E+02       0.48
   170.109719   2.0383E-01    86.17    3.5044E-02   -2.0881E+02   -5.2489E+02    5.2998E+02    2.7593E+02       0.50
   169.774065   1.5757E-01    88.38    1.8399E-02   -1.9613E+02   -5.0667E+02    5.5238E+02    2.7785E+02       0.52
   169.418348   1.2397E-01    90.91    9.9478E-03   -1.8436E+02   -4.9163E+02    5.7187E+02    2.8016E+02       0.54
   169.036522   9.9153E-02    94.68    5.4552E-03   -1.7110E+02   -4.7876E+02    5.8955E+02    2.8302E+02       0.55
   168.621955   8.0833E-02   100.94    2.9791E-03   -1.5364E+02   -4.6679E+02    6.0678E+02    2.8679E+02       0.57
   168.164578   6.7678E-02   110.13    1.5816E-03   -1.3159E+02   -4.5408E+02    6.2533E+02    2.9224E+02       0.58
   167.646123   5.8732E-02   119.31    8.1401E-04   -1.1012E+02   -4.3578E+02    6.5032E+02    3.0167E+02       0.60
   167.035573   5.2712E-02   122.79    4.5444E-04   -9.8452E+01   -4.1159E+02    6.8246E+02    3.1892E+02       0.62
   166.294218   4.7435E-02   119.46    3.3618E-04   -1.0019E+02   -3.9741E+02    7.0642E+02    3.4279E+02       0.64
   165.391048   4.1068E-02   113.52    2.9015E-04   -1.1188E+02   -4.0558E+02    7.1034E+02    3.6494E+02       0.64
   164.321554   3.3492E-02   107.75    2.2424E-04   -1.2706E+02   -4.2387E+02    7.0663E+02    3.8140E+02       0.63
   163.110070   2.5913E-02   101.71    1.4851E-04   -1.4499E+02   -4.4510E+02    7.0225E+02    3.9338E+02       0.61
   161.792392   1.9114E-02    94.46    8.8990E-05   -1.6929E+02   -4.7231E+02    6.9381E+02    4.0150E+02       0.59
   160.414439   1.3426E-02    88.20    4.8258E-05   -1.9556E+02   -5.0413E+02    6.8210E+02    4.0617E+02       0.58
   159.029274   9.1902E-03    83.97    2.3708E-05   -2.1784E+02   -5.3312E+02    6.7387E+02    4.1036E+02       0.56
   157.661354   6.3071E-03    80.59    1.1145E-05   -2.3767E+02   -5.5847E+02    6.6955E+02    4.1550E+02       0.55
   156.303621   4.3671E-03    77.25    5.2604E-06   -2.5884E+02   -5.8462E+02    6.6483E+02    4.1775E+02       0.53
   154.943696   3.0346E-03    74.02    2.5082E-06   -2.8168E+02   -6.1267E+02    6.5881E+02    4.1502E+02       0.52
   153.569737   2.1118E-03    81.25    1.1700E-06   -2.6875E+02   -6.3651E+02    6.5782E+02    4.1108E+02       0.51
   152.820950   1.7449E-03    78.11    7.6372E-07   -2.8463E+02   -6.4940E+02    6.5765E+02    4.0838E+02       0.50
   152.445820   1.5905E-03    73.62    6.1461E-07   -2.9202E+02   -6.3226E+02    6.8123E+02    4.1891E+02       0.52
   152.320571   1.5432E-03    71.24    5.7048E-07   -2.9831E+02   -6.2840E+02    6.8725E+02    4.2298E+02       0.52
  
 Momentum equation is: VdV/dr = - dPdR/ROH - g + g_RAD
         or          : VdV/dr = - dPdR/ROH + g_tot
  
 Error is 200.0D0*(VdVdR+dPdR_ON_ROH-g_TOT)/( ABS(VdVdR)+ ABS(dPdR_ON_ROH)+ ABS(g_TOT) )
  
 Gamma = g_rad/g [g=g_GRAV] 
  
 Surface gravity is:     1.3156E+03
 Stars mass is:    23.00 Msun
