       R              V     % Error        VdVdR      dPdR/ROH         g_TOT         g_RAD        g_ELEC       Gamma
 30277.439363   1.9418E+03  -198.17    1.0148E+00   -6.6719E-03    2.2083E+02    2.2086E+02    2.2017E+02    6632.93
 29965.179420   1.9416E+03  -198.17    1.0374E+00   -6.7592E-03    2.2533E+02    2.2536E+02    2.2466E+02    6629.18
 29349.946231   1.9413E+03  -198.17    1.0825E+00   -7.0598E-03    2.3489E+02    2.3493E+02    2.3418E+02    6629.59
 28158.548489   1.9406E+03  -198.17    1.1751E+00   -7.7116E-03    2.5522E+02    2.5526E+02    2.5442E+02    6630.45
 25921.396254   1.9391E+03  -198.17    1.3877E+00   -9.2568E-03    3.0125E+02    3.0130E+02    3.0025E+02    6632.20
 21967.736276   1.9358E+03  -198.10    1.9984E+00   -1.3316E-02    4.1973E+02    4.1979E+02    4.1811E+02    6636.61
 15944.608817   1.9277E+03  -198.02    3.9750E+00   -1.5922E-02    7.9815E+02    7.9827E+02    7.9391E+02    6648.48
 11578.186745   1.9165E+03  -198.03    7.5034E+00   -2.3306E-02    1.5181E+03    1.5183E+03    1.5062E+03    6667.71
  8420.735816   1.9011E+03  -198.06    1.4041E+01   -3.3336E-02    2.8838E+03    2.8843E+03    2.8484E+03    6700.04
  6135.812176   1.8800E+03  -198.10    2.6085E+01   -4.6887E-02    5.4782E+03    5.4790E+03    5.3664E+03    6757.55
  4485.823278   1.8516E+03  -198.17    4.7875E+01   -6.5536E-02    1.0408E+04    1.0410E+04    1.0042E+04    6862.34
  3295.615903   1.8134E+03  -198.27    8.6305E+01   -9.1730E-02    1.9822E+04    1.9825E+04    1.8607E+04    7054.01
  2434.363480   1.7628E+03  -198.41    1.5176E+02   -1.2898E-01    3.8130E+04    3.8135E+04    3.4097E+04    7403.60
  1808.599633   1.6965E+03  -198.63    2.5687E+02   -1.8236E-01    7.4979E+04    7.4988E+04    6.1724E+04    8035.68
  1353.061217   1.6124E+03  -198.90    4.2254E+02   -2.6007E-01    1.5290E+05    1.5291E+05    1.1012E+05    9171.12
  1020.125572   1.5063E+03  -199.18    6.7824E+02   -3.7159E-01    3.2887E+05    3.2890E+05    1.9345E+05   11212.81
   776.791626   1.3734E+03  -199.44    1.0587E+03   -5.2349E-01    7.5437E+05    7.5442E+05    3.3271E+05   14913.04
   599.603665   1.2078E+03  -199.68    1.5045E+03   -7.3406E-01    1.8909E+06    1.8910E+06    5.6271E+05   22271.92
   472.183382   1.0206E+03  -199.84    1.9004E+03   -1.0543E+00    4.8742E+06    4.8743E+06    9.0265E+05   35602.15
   380.579643   8.2413E+02  -199.93    2.1776E+03   -1.5583E+00    1.2849E+07    1.2849E+07    1.4199E+06   60969.21
   314.804259   6.2681E+02  -199.98    2.2049E+03   -2.3408E+00    3.9199E+07    3.9199E+07    2.5099E+06  127262.05
   267.933527   4.4464E+02  -199.98    1.9393E+03   -3.3848E+00    3.1515E+07    3.1516E+07    1.1463E+06   74117.74
   238.408757   3.0704E+02   200.00    1.5038E+03   -4.8206E+00   -5.1628E+07   -5.1627E+07   -1.0847E+06  -96131.50
   219.556777   2.1185E+02   200.00    1.0896E+03   -5.6952E+00   -1.1090E+08   -1.1090E+08   -1.5017E+06 -175135.35
   206.899160   1.4595E+02   200.00    7.5191E+02   -3.9997E+00   -1.5513E+08   -1.5513E+08   -1.5190E+06 -217548.60
   198.037202   1.0063E+02   200.00    4.9964E+02    1.9622E-01   -1.5540E+08   -1.5540E+08   -1.4158E+06 -199654.70
   191.623816   6.9480E+01   200.00    3.2294E+02    4.0377E+00   -1.3033E+08   -1.3033E+08   -1.3206E+06 -156778.37
   186.824448   4.7925E+01   200.00    2.0153E+02    2.9980E+00   -1.1130E+08   -1.1130E+08   -1.2318E+06 -127265.10
   183.100743   3.3093E+01   200.00    1.2105E+02   -2.3776E+00   -1.0323E+08   -1.0323E+08   -1.1288E+06 -113377.58
   180.154239   2.3074E+01   200.00    8.3695E+01   -1.0418E+01   -1.0230E+08   -1.0230E+08   -1.0025E+06 -108772.80
   178.274309   1.5983E+01   200.00    8.1976E+01   -2.7752E+01   -1.0950E+08   -1.0950E+08   -8.8962E+05 -114011.08
   177.397703   1.0932E+01   200.00    6.9918E+01   -6.8544E+01   -1.2641E+08   -1.2641E+08   -8.0293E+05 -130321.05
   176.905129   7.6061E+00   200.00    4.9542E+01   -1.2473E+02   -1.4713E+08   -1.4713E+08   -7.1204E+05 -150842.46
   176.534408   5.2580E+00   200.00    2.7596E+01   -1.5443E+02   -1.6765E+08   -1.6765E+08   -5.9935E+05 -171158.58
   176.135535   3.6305E+00   200.00    1.2461E+01   -1.5639E+02   -1.6507E+08   -1.6507E+08   -4.2730E+05 -167768.01
   175.731609   2.5092E+00   200.00    5.9563E+00   -1.6276E+02   -1.2344E+08   -1.2344E+08   -2.2899E+05 -124881.75
   175.340695   1.7335E+00   200.00    2.9790E+00   -1.7356E+02   -5.8717E+07   -5.8716E+07   -7.7721E+04  -59137.93
   174.976780   1.1982E+00   199.99    1.5394E+00   -1.8951E+02   -1.3449E+07   -1.3448E+07   -1.2639E+04  -13488.07
   174.643804   8.2708E-01   199.95    8.0724E-01   -2.0989E+02   -1.6557E+06   -1.6547E+06   -9.4790E+02   -1653.34
   174.343094   5.7117E-01   198.98    4.2619E-01   -2.3496E+02   -9.2210E+04   -9.1206E+04    1.2916E+02     -90.82
   174.072501   3.9479E-01   162.74    2.2537E-01   -2.6467E+02   -2.5765E+03   -1.5691E+03    1.7412E+02      -1.56
   173.826699   2.7256E-01    83.38    1.1755E-01   -2.9486E+02   -7.1638E+02    2.9386E+02    1.7535E+02       0.29
   173.598859   1.8824E-01    73.11    5.9395E-02   -3.1858E+02   -6.8560E+02    3.2729E+02    1.7588E+02       0.32
   173.377620   1.3015E-01    69.29    2.8442E-02   -3.2258E+02   -6.6458E+02    3.5090E+02    1.7643E+02       0.35
   173.158917   9.1878E-02    72.56    1.3104E-02   -3.0225E+02   -6.4638E+02    3.7167E+02    1.7701E+02       0.37
   172.951551   6.8669E-02    80.46    6.2690E-03   -2.7056E+02   -6.3479E+02    3.8570E+02    1.7758E+02       0.38
   172.744242   5.4018E-02    90.31    3.1888E-03   -2.3805E+02   -6.2998E+02    3.9296E+02    1.7818E+02       0.38
   172.528983   4.3913E-02    97.19    1.7834E-03   -2.1744E+02   -6.2856E+02    3.9693E+02    1.7886E+02       0.39
   172.299388   3.6139E-02   100.44    1.0795E-03   -2.0773E+02   -6.2686E+02    4.0137E+02    1.7967E+02       0.39
   172.052085   2.9814E-02   102.11    6.7281E-04   -2.0184E+02   -6.2295E+02    4.0824E+02    1.8065E+02       0.40
   171.784652   2.4649E-02   103.78    4.1742E-04   -1.9521E+02   -6.1632E+02    4.1808E+02    1.8191E+02       0.40
   171.494406   2.0483E-02   106.02    2.5593E-04   -1.8641E+02   -6.0696E+02    4.3094E+02    1.8356E+02       0.42
   171.178486   1.7175E-02   110.22    1.5330E-04   -1.7208E+02   -5.9458E+02    4.4715E+02    1.8584E+02       0.43
   170.832801   1.4674E-02   117.23    8.8154E-05   -1.5137E+02   -5.8016E+02    4.6580E+02    1.8914E+02       0.45
   170.448968   1.2891E-02   126.61    4.7590E-05   -1.2672E+02   -5.6396E+02    4.8672E+02    1.9426E+02       0.46
   170.010574   1.1750E-02   136.24    2.3189E-05   -1.0296E+02   -5.4296E+02    5.1314E+02    2.0312E+02       0.49
   169.487764   1.1111E-02   141.48    1.1873E-05   -8.8765E+01   -5.1796E+02    5.4467E+02    2.1762E+02       0.51
   168.834811   1.0539E-02   138.78    1.1240E-05   -9.2664E+01   -5.1280E+02    5.5807E+02    2.3487E+02       0.52
   168.008954   9.4593E-03   130.96    1.3711E-05   -1.1147E+02   -5.3434E+02    5.4708E+02    2.4894E+02       0.51
   167.010097   7.8401E-03   123.27    1.2384E-05   -1.3273E+02   -5.5922E+02    5.3517E+02    2.5869E+02       0.49
   165.879703   6.1077E-03   116.47    8.6750E-06   -1.5433E+02   -5.8470E+02    5.2466E+02    2.6509E+02       0.47
   164.664888   4.5287E-03   110.26    5.2777E-06   -1.7749E+02   -6.1366E+02    5.1213E+02    2.6845E+02       0.45
   163.412970   3.2431E-03   105.62    2.8872E-06   -1.9853E+02   -6.4286E+02    5.0024E+02    2.7043E+02       0.44
   162.160704   2.2994E-03   102.30    1.4755E-06   -2.1594E+02   -6.6812E+02    4.9270E+02    2.7330E+02       0.42
   160.918762   1.6403E-03    99.49    7.4037E-07   -2.3193E+02   -6.9112E+02    4.8769E+02    2.7621E+02       0.41
   159.680123   1.1792E-03    96.28    3.7518E-07   -2.5028E+02   -7.1493E+02    4.8224E+02    2.7669E+02       0.40
   158.404320   8.4433E-04   104.58    1.8667E-07   -2.3133E+02   -7.3845E+02    4.7808E+02    2.7546E+02       0.39
   157.918585   7.4459E-04    97.71    1.4269E-07   -2.5696E+02   -7.4791E+02    4.7612E+02    2.7430E+02       0.39
   157.675058   6.9960E-04    95.94    1.2521E-07   -2.6295E+02   -7.4780E+02    4.8001E+02    2.7592E+02       0.39
   157.593779   6.8521E-04    94.41    1.1998E-07   -2.6825E+02   -7.4789E+02    4.8118E+02    2.7669E+02       0.39
  
 Momentum equation is: VdV/dr = - dPdR/ROH - g + g_RAD
         or          : VdV/dr = - dPdR/ROH + g_tot
  
 Error is 200.0D0*(VdVdR+dPdR_ON_ROH-g_TOT)/( ABS(VdVdR)+ ABS(dPdR_ON_ROH)+ ABS(g_TOT) )
  
 Gamma = g_rad/g [g=g_GRAV] 
  
 Surface gravity is:     1.2291E+03
 Stars mass is:    23.00 Msun
