
 24-FEB-2004                           !Format date

 2.3520378366E+02     6.1000E+05       66       70

 3.9184368134E+04   1.0036067E+01   1.0391694E+06   1.0557886E+00   2.7830293E+00   1.8513511E+03   5.0000000E-02     1 
    1.9813302E-06   9.7467926E-10   3.3709351E-10   1.1216301E-09   1.5786136E-09
    1.4012358E-07   2.1181951E-05   3.3500748E-05   1.1263053E-05   1.2062195E-05
    1.0576597E-07   1.0623421E-07   3.2060780E-05   1.5513578E-03   1.6911139E-03
    5.4910697E-04   5.6148312E-04   1.8451225E-05   1.8457370E-05   2.3346664E-05
    1.2830404E-03   1.5130763E-02   1.5592426E-02   4.1766728E-03   4.1922151E-03
    3.0264459E-04   3.0264065E-04   4.5715135E-04   1.3937064E-02   1.4241832E-02
    2.8129851E-02   1.5030729E-03   2.8006471E-03   7.2845772E-02   2.7692848E-01
    6.6470350E-02   4.1098737E-03   9.2612914E-03   2.1418082E-01   3.5803899E-01
    1.2469128E-01   2.1825297E-02   7.5620734E-03   5.2474099E-01   1.1094210E+00
    1.0989595E-01   4.2062700E-02   1.1646713E-02   8.8819695E-01   9.9805119E+00
    1.2677258E-02   1.8684113E-02   6.7535865E-02   6.6823690E-02   1.7536274E+01
    1.1137478E-02   2.4696264E-02   1.0414487E-01   2.0759574E-01   3.2809228E-01
    1.7941417E-01   3.7548962E-01   7.2167710E-01   3.8919395E-01   3.5545115E-01
    3.0427026E-01

 3.8805072890E+04   1.0247687E+01   1.0597068E+06   1.0584667E+00   2.7784141E+00   1.8511427E+03   5.0000000E-02     2 
    2.2075494E-06   1.0820451E-09   3.7557753E-10   1.2063193E-09   1.6972621E-09
    1.4890828E-07   2.2320859E-05   3.5301887E-05   1.1740955E-05   1.2574364E-05
    1.1008838E-07   1.1057584E-07   3.3246263E-05   1.6024379E-03   1.7468245E-03
    5.6430962E-04   5.7702073E-04   1.8944906E-05   1.8951221E-05   2.3968791E-05
    1.3148998E-03   1.5474003E-02   1.5945531E-02   4.2593240E-03   4.2751726E-03
    3.0845047E-04   3.0844648E-04   4.6586792E-04   1.4189629E-02   1.4481477E-02
    2.8554051E-02   1.5250766E-03   2.8413093E-03   7.3866938E-02   2.8059308E-01
    6.7269619E-02   4.1579864E-03   9.3685381E-03   2.1658775E-01   3.6188525E-01
    1.2591705E-01   2.2034161E-02   7.6348486E-03   5.2964164E-01   1.1190304E+00
    1.1083860E-01   4.2405258E-02   1.1741929E-02   8.9588246E-01   1.0054271E+01
    1.2773624E-02   1.8818762E-02   6.8013735E-02   6.7301887E-02   1.7667257E+01
    1.1210444E-02   2.4854504E-02   1.0479866E-01   2.0877019E-01   3.2983113E-01
    1.8034829E-01   3.7708316E-01   7.2477384E-01   3.9073651E-01   3.5673030E-01
    3.0533552E-01

 3.8057091945E+04   1.0684626E+01   1.1020308E+06   1.0638317E+00   2.7692104E+00   1.8507191E+03   5.0000000E-02     3 
    2.7362440E-06   1.3348274E-09   4.6498084E-10   1.3943044E-09   1.9603739E-09
    1.6804911E-07   2.4770833E-05   3.9177017E-05   1.2752472E-05   1.3658699E-05
    1.1921810E-07   1.1974614E-07   3.5735400E-05   1.7090766E-03   1.8631802E-03
    5.9580132E-04   6.0920470E-04   1.9966721E-05   1.9973388E-05   2.5256475E-05
    1.3805705E-03   1.6179883E-02   1.6671615E-02   4.4285334E-03   4.4450088E-03
    3.2033771E-04   3.2033362E-04   4.8371627E-04   1.4704890E-02   1.4969480E-02
    2.9416592E-02   1.5698427E-03   2.9240459E-03   7.5937043E-02   2.8802522E-01
    6.8887542E-02   4.2554851E-03   9.5859008E-03   2.2144487E-01   3.6966901E-01
    1.2838985E-01   2.2456406E-02   7.7819456E-03   5.3949712E-01   1.1384054E+00
    1.1273861E-01   4.3096610E-02   1.1934054E-02   9.1139436E-01   1.0201402E+01
    1.2967938E-02   1.9090162E-02   6.8977161E-02   6.8266015E-02   1.7931272E+01
    1.1357448E-02   2.5173180E-02   1.0611586E-01   2.1113702E-01   3.3332404E-01
    1.8222593E-01   3.8029175E-01   7.3100771E-01   3.9387998E-01   3.5936336E-01
    3.0750902E-01

 3.6605962266E+04   1.1614171E+01   1.1917101E+06   1.0746051E+00   2.7508655E+00   1.8498485E+03   5.0000000E-02     4 
    4.1808037E-06   2.0305889E-09   7.0895972E-10   1.8573611E-09   2.6073529E-09
    2.1348149E-07   3.0438773E-05   4.8145095E-05   1.5017792E-05   1.6088325E-05
    1.3957768E-07   1.4019635E-07   4.1223085E-05   1.9414143E-03   2.1168864E-03
    6.6339830E-04   6.7828364E-04   2.2154704E-05   2.2162128E-05   2.8013225E-05
    1.5202495E-03   1.7673534E-02   1.8207786E-02   4.7833979E-03   4.8011860E-03
    3.4524314E-04   3.4523887E-04   5.2110483E-04   1.5779159E-02   1.5982655E-02
    3.1201388E-02   1.6624264E-03   3.0951347E-03   8.0200824E-02   3.0333158E-01
    7.2205102E-02   4.4554850E-03   1.0031705E-02   2.3136432E-01   3.8559753E-01
    1.3342702E-01   2.3317697E-02   8.0820097E-03   5.5950139E-01   1.1777538E+00
    1.1660134E-01   4.4501552E-02   1.2324460E-02   9.4300914E-01   1.0496417E+01
    1.3362623E-02   1.9640309E-02   7.0929841E-02   7.0221778E-02   1.8467945E+01
    1.1655102E-02   2.5817855E-02   1.0878071E-01   2.1591950E-01   3.4037620E-01
    1.8603639E-01   3.8675071E-01   7.4355477E-01   4.0021735E-01   3.6468355E-01
    3.1191662E-01

 3.3870806742E+04   1.3720790E+01   1.3933659E+06   1.0962634E+00   2.7144830E+00   1.8480162E+03   5.0000000E-02     5 
    9.5249291E-06   4.6291512E-09   1.6207565E-09   3.2531767E-09   4.5502865E-09
    3.4059540E-07   4.5505497E-05   7.2000811E-05   2.0664999E-05   2.2148087E-05
    1.8990427E-07   1.9074777E-07   5.4488135E-05   2.4899423E-03   2.7162359E-03
    8.1838397E-04   8.3665256E-04   2.7145526E-05   2.7154692E-05   3.4297430E-05
    1.8352495E-03   2.1001770E-02   2.1629922E-02   5.5615874E-03   5.5822484E-03
    3.9965996E-04   3.9965537E-04   6.0274449E-04   1.8111231E-02   1.8175449E-02
    3.5011236E-02   1.8596058E-03   3.4592708E-03   8.9244849E-02   3.3568739E-01
    7.9165128E-02   4.8745810E-03   1.0965194E-02   2.5207984E-01   4.1881931E-01
    1.4386234E-01   2.5101609E-02   8.7038023E-03   6.0082909E-01   1.2584733E+00
    1.2457596E-01   4.7389634E-02   1.3127175E-02   1.0085701E+00   1.1095185E+01
    1.4174452E-02   2.0765944E-02   7.4921962E-02   7.4229345E-02   1.9575409E+01
    1.2262843E-02   2.7131633E-02   1.1420726E-01   2.2560582E-01   3.5469666E-01
    1.9387883E-01   3.9975555E-01   7.6885728E-01   4.1300145E-01   3.7548635E-01
    3.2092995E-01

 2.9003037402E+04   1.9138687E+01   1.9046378E+06   1.1391881E+00   2.6443377E+00   1.8439458E+03   5.0000000E-02     6 
    4.3526867E-05   2.1981398E-08   7.7583957E-09   9.3212112E-09   1.2907976E-08
    8.1641170E-07   9.6535421E-05   1.5292031E-04   3.7558755E-05   4.0296445E-05
    3.3813906E-07   3.3965163E-07   9.1906017E-05   3.9668565E-03   4.3324165E-03
    1.2132828E-03   1.2400921E-03   3.9738026E-05   3.9751686E-05   5.0133720E-05
    2.6134610E-03   2.9030077E-02   2.9880425E-02   7.3822151E-03   7.4095631E-03
    5.2610887E-04   5.2610398E-04   7.9221440E-04   2.3470219E-02   2.3169065E-02
    4.3479561E-02   2.2960210E-03   4.2641422E-03   1.0913608E-01   4.0622174E-01
    9.4144690E-02   5.7740589E-03   1.2965803E-02   2.9633498E-01   4.8953997E-01
    1.6578912E-01   2.8846945E-02   1.0010485E-02   6.8734991E-01   1.4243704E+00
    1.4126193E-01   5.3367956E-02   1.4789188E-02   1.1473155E+00   1.2303688E+01
    1.5861738E-02   2.3075526E-02   8.3101847E-02   8.2487344E-02   2.1899685E+01
    1.3506131E-02   2.9807271E-02   1.2524416E-01   2.4505339E-01   3.8374582E-01
    2.1014361E-01   4.2580161E-01   8.1946737E-01   4.3887891E-01   3.9739450E-01
    3.3964209E-01

 2.1480022409E+04   3.6197023E+01   3.4914032E+06   1.2141638E+00   2.5385779E+00   1.8340714E+03   5.0000000E-02     7 
    4.2916340E-04   2.6767196E-07   9.7074819E-08   5.0431472E-08   6.7348248E-08
    3.2531828E-06   3.1672387E-04   5.0304616E-04   9.6830576E-05   1.0419372E-04
    8.4215118E-07   8.4602002E-07   2.1125609E-04   8.3005389E-03   9.0995989E-03
    2.2717655E-03   2.3209251E-03   7.2644523E-05   7.2670774E-05   9.1324642E-05
    4.6027010E-03   4.8674353E-02   5.0042869E-02   1.1612731E-02   1.1655331E-02
    8.1357482E-04   8.1357238E-04   1.2203915E-03   3.5633859E-02   3.4167534E-02
    6.1607854E-02   3.2086122E-03   5.9365412E-03   1.5119466E-01   5.5306096E-01
    1.2455837E-01   7.5567946E-03   1.6904601E-02   3.8570339E-01   6.3165226E-01
    2.0854751E-01   3.5955118E-02   1.2504471E-02   8.5647737E-01   1.7329209E+00
    1.7390250E-01   6.4425334E-02   1.7873744E-02   1.4320087E+00   1.4463581E+01
    1.9116399E-02   2.7291520E-02   9.7931349E-02   9.7903875E-02   2.6641410E+01
    1.5777188E-02   3.4625364E-02   1.4495765E-01   2.7882883E-01   4.3595755E-01
    2.3952267E-01   4.6862336E-01   9.0852715E-01   4.8282893E-01   4.3275971E-01
    3.7080271E-01

 1.5914245669E+04   6.7898761E+01   6.4084130E+06   1.2718947E+00   2.4665592E+00   1.8205207E+03   5.0000000E-02     8 
    1.7264591E-03   1.5537724E-06   5.8246290E-07   1.7049692E-07   2.1144308E-07
    8.4000757E-06   7.1359919E-04   1.1346695E-03   1.8672414E-04   2.0134000E-04
    1.5811972E-06   1.5886322E-06   3.7756598E-04   1.3845074E-02   1.5224518E-02
    3.5146442E-03   3.5885083E-03   1.1008409E-04   1.1012626E-04   1.3789357E-04
    6.8323841E-03   6.9834669E-02   7.1697815E-02   1.5894702E-02   1.5951846E-02
    1.0989142E-03   1.0989208E-03   1.6414764E-03   4.7729230E-02   4.4015899E-02
    7.8652325E-02   4.0412733E-03   7.4460354E-03   1.9009743E-01   6.8715600E-01
    1.5174657E-01   9.0952807E-03   2.0263549E-02   4.6435209E-01   7.6022316E-01
    2.4504208E-01   4.1778081E-02   1.4575006E-02   9.9922666E-01   1.9794844E+00
    2.0269421E-01   7.3220024E-02   2.0354721E-02   1.7086577E+00   1.5890916E+01
    2.1989260E-02   3.0620743E-02   1.0942755E-01   1.1065897E-01   3.1262102E+01
    1.7616237E-02   3.8375672E-02   1.5991512E-01   3.0247923E-01   4.7700144E-01
    2.6443095E-01   4.9244998E-01   9.7569642E-01   5.1404235E-01   4.5679025E-01
    3.9401338E-01

 1.1813796320E+04   1.2629410E+02   1.1746716E+07   1.3132854E+00   2.4185440E+00   1.8023803E+03   5.0000000E-02     9 
    3.5487843E-03   5.3168191E-06   2.0725013E-06   4.2648408E-07   4.6165214E-07
    1.5745976E-05   1.2124878E-03   1.9335944E-03   2.8940748E-04   3.1299948E-04
    2.4074732E-06   2.4181524E-06   5.6102339E-04   1.9431529E-02   2.1478915E-02
    4.7213380E-03   4.8176061E-03   1.4510421E-04   1.4516125E-04   1.8097843E-04
    8.9402273E-03   8.9201451E-02   9.1452256E-02   1.9682930E-02   1.9750712E-02
    1.3423760E-03   1.3423946E-03   1.9953694E-03   5.8321398E-02   5.2003368E-02
    9.3136119E-02   4.7111777E-03   8.6413127E-03   2.2267713E-01   8.0167580E-01
    1.7400731E-01   1.0285334E-02   2.2819345E-02   5.2816195E-01   8.7020815E-01
    2.7384383E-01   4.6082746E-02   1.6134891E-02   1.1110636E+00   2.1538573E+00
    2.2743315E-01   7.9583841E-02   2.2174691E-02   1.9821463E+00   1.6497282E+01
    2.4516248E-02   3.3030501E-02   1.1758572E-01   1.2093397E-01   3.5908629E+01
    1.9070510E-02   4.1064303E-02   1.7034171E-01   3.1740944E-01   5.0783237E-01
    2.8283056E-01   5.0311511E-01   1.0217165E+00   5.3661240E-01   4.7077302E-01
    4.0924718E-01

 8.7891798667E+03   2.3356502E+02   2.1512196E+07   1.3436116E+00   2.3864018E+00   1.7781859E+03   5.0000000E-02    10 
    4.8683805E-03   1.3278879E-05   5.3916995E-06   9.5949611E-07   8.3342385E-07
    2.4375742E-05   1.7291172E-03   2.7645625E-03   3.9333965E-04   4.2643071E-04
    3.2423657E-06   3.2492116E-06   7.5380601E-04   2.4522363E-02   2.7269340E-02
    5.8434611E-03   5.9623336E-03   1.7579034E-04   1.7584329E-04   2.1791089E-04
    1.0939107E-02   1.0651900E-01   1.0915100E-01   2.2987866E-02   2.3059793E-02
    1.5430139E-03   1.5430077E-03   2.2780670E-03   6.8076355E-02   5.7731900E-02
    1.0569639E-01   5.2403292E-03   9.5529163E-03   2.5229695E-01   9.0017189E-01
    1.9331346E-01   1.1196184E-02   2.4702732E-02   5.8617963E-01   9.6940370E-01
    2.9824632E-01   4.9167232E-02   1.7300736E-02   1.2117817E+00   2.2700956E+00
    2.5096382E-01   8.4041318E-02   2.3494044E-02   2.2789232E+00   1.6655783E+01
    2.6968682E-02   3.4753451E-02   1.2314189E-01   1.2976876E-01   4.1044923E+01
    2.0360642E-02   4.2973850E-02   1.7720440E-01   3.2431575E-01   5.3046499E-01
    2.9996760E-01   5.0108643E-01   1.0529976E+00   5.5537900E-01   4.7578828E-01
    4.1900397E-01

 6.5632151042E+03   4.2950024E+02   3.9281788E+07   1.3684981E+00   2.3633058E+00   1.7464120E+03   5.0000000E-02    11 
    5.5149025E-03   2.8454261E-05   1.2004797E-05   2.2332560E-06   1.4667482E-06
    3.4838833E-05   2.2500272E-03   3.6149639E-03   5.0322249E-04   5.4591025E-04
    4.1827427E-06   4.1456716E-06   9.8708193E-04   2.9316145E-02   3.2828406E-02
    7.0208401E-03   7.1661238E-03   2.0499899E-04   2.0494766E-04   2.5169091E-04
    1.3140108E-02   1.2428705E-01   1.2737628E-01   2.6271070E-02   2.6336493E-02
    1.7257204E-03   1.7254655E-03   2.5230938E-03   7.8829560E-02   6.2477425E-02
    1.1818705E-01   5.7080315E-03   1.0315353E-02   2.8514143E-01   9.9491814E-01
    2.1310401E-01   1.1982746E-02   2.6234111E-02   6.5192567E-01   1.0697979E+00
    3.2322138E-01   5.1616851E-02   1.8285495E-02   1.3277608E+00   2.3499923E+00
    2.7744183E-01   8.7511929E-02   2.4569538E-02   2.6396255E+00   1.6763815E+01
    2.9768115E-02   3.6141646E-02   1.2734750E-01   1.3897655E-01   4.7350473E+01
    2.1856043E-02   4.4505816E-02   1.8221005E-01   3.2664543E-01   5.4841219E-01
    3.1923049E-01   4.9045846E-01   1.0763541E+00   5.7573899E-01   4.7557575E-01
    4.2262725E-01

 4.9271678433E+03   7.8510940E+02   7.1357400E+07   1.3927778E+00   2.3428809E+00   1.7058793E+03   5.0000000E-02    12 
    6.0226894E-03   5.9520461E-05   2.6016021E-05   5.7857744E-06   2.9292076E-06
    5.0879702E-05   2.8580348E-03   4.6298488E-03   6.4102872E-04   6.9270856E-04
    5.6328910E-06   5.3591728E-06   1.3505018E-03   3.4531360E-02   3.8962973E-02
    8.5111185E-03   8.6946006E-03   2.3857117E-04   2.3796212E-04   2.8824023E-04
    1.6004770E-02   1.4606415E-01   1.4996293E-01   3.0183333E-02   3.0219862E-02
    1.9261705E-03   1.9246755E-03   2.7774515E-03   9.2710228E-02   6.7805892E-02
    1.3279265E-01   6.2098315E-03   1.1087304E-02   3.2741471E-01   1.1006659E+00
    2.3695611E-01   1.2815191E-02   2.7758446E-02   7.3760773E-01   1.1848713E+00
    3.5357542E-01   5.4025424E-02   1.9313251E-02   1.4806914E+00   2.4145696E+00
    3.1126274E-01   9.0888617E-02   2.5660703E-02   3.1148000E+00   1.6972363E+01
    3.3449206E-02   3.7545734E-02   1.3138734E-01   1.5074178E-01   5.5653543E+01
    2.4109048E-02   4.6055448E-02   1.8694130E-01   3.2764493E-01   5.6306529E-01
    3.4526877E-01   4.7494780E-01   1.0962951E+00   6.0523052E-01   4.7608134E-01
    4.2467129E-01

 3.7158220639E+03   1.4337934E+03   1.2940452E+08   1.4202189E+00   2.3204935E+00   1.6539915E+03   5.0000000E-02    13 
    7.0054840E-03   1.3248266E-04   5.9723604E-05   1.7013984E-05   7.3595941E-06
    8.2994339E-05   3.7014278E-03   6.0606617E-03   8.4666007E-04   9.0239440E-04
    9.0106877E-06   7.6027951E-06   2.0762140E-03   4.1049529E-02   4.6650437E-02
    1.0500215E-02   1.0734845E-02   2.8607611E-04   2.8296563E-04   3.3520834E-04
    2.0151467E-02   1.7063943E-01   1.7636856E-01   3.5546145E-02   3.5497488E-02
    2.1894217E-03   2.1826767E-03   3.0937753E-03   1.1273301E-01   7.5317222E-02
    1.5185798E-01   6.8525664E-03   1.2033247E-02   3.8736683E-01   1.2288682E+00
    2.6883017E-01   1.3874405E-02   2.9620173E-02   8.5923162E-01   1.3212667E+00
    3.9501650E-01   5.6975684E-02   2.0613243E-02   1.6988757E+00   2.4790706E+00
    3.5801526E-01   9.5047744E-02   2.7026764E-02   3.7731547E+00   1.7462186E+01
    3.8769378E-02   3.9312162E-02   1.3645676E-01   1.6817336E-01   6.7057828E+01
    2.8088396E-02   4.8009019E-02   1.9304155E-01   3.3041253E-01   5.7877647E-01
    3.8589736E-01   4.5847864E-01   1.1122534E+00   6.4956446E-01   4.7425521E-01
    4.2408492E-01

 2.8154296149E+03   2.6194835E+03   2.3492043E+08   1.4536349E+00   2.3013332E+00   1.5870606E+03   5.0000000E-02    14 
    9.2524907E-03   3.2569170E-04   1.5128046E-04   5.5954971E-05   2.3921412E-05
    1.6206583E-04   4.9848316E-03   8.2698442E-03   1.2007033E-03   1.2442057E-03
    2.0447137E-05   1.3902275E-05   3.8490189E-03   4.9761288E-02   5.7153152E-02
    1.3682427E-02   1.3881612E-02   3.6885114E-04   3.5550037E-04   4.0367951E-04
    2.6686530E-02   2.0274968E-01   2.1182835E-01   4.3561268E-02   4.3279375E-02
    2.5909324E-03   2.5638962E-03   3.5427678E-03   1.4319920E-01   8.6634696E-02
    1.7836585E-01   7.7877681E-03   1.3369518E-02   4.7590170E-01   1.3911572E+00
    3.1382701E-01   1.5409416E-02   3.2272964E-02   1.0372948E+00   1.4877231E+00
    4.5452053E-01   6.1252264E-02   2.2503368E-02   2.0172702E+00   2.5493218E+00
    4.2524526E-01   1.0120154E-01   2.9038540E-02   4.7110070E+00   1.8353464E+01
    4.6951564E-02   4.1947484E-02   1.4428106E-01   1.9670190E-01   8.3059516E+01
    3.5680925E-02   5.0938216E-02   2.0300707E-01   3.4176070E-01   5.9704638E-01
    4.5222272E-01   4.4975046E-01   1.1193186E+00   7.1665636E-01   4.8484426E-01
    4.2773111E-01

 2.1465412930E+03   4.7980790E+03   4.2716274E+08   1.4971062E+00   2.2810223E+00   1.5015664E+03   5.0000000E-02    15 
    1.5009534E-02   9.1894187E-04   4.4410594E-04   2.0594450E-04   1.0012928E-04
    3.9691628E-04   7.1589628E-03   1.2093939E-02   1.8944743E-03   1.8775483E-03
    6.9210039E-05   4.1033186E-05   8.8262049E-03   6.1976756E-02   7.2420302E-02
    1.9396589E-02   1.8933463E-02   5.5111634E-04   5.0012145E-04   5.1263870E-04
    3.7076417E-02   2.4351384E-01   2.5844977E-01   5.5919574E-02   5.5019853E-02
    3.2943901E-03   3.1953193E-03   4.2243391E-03   1.8826064E-01   1.0383102E-01
    2.1471704E-01   9.2384438E-03   1.5359255E-02   5.9949609E-01   1.5850910E+00
    3.7554553E-01   1.7754609E-02   3.6199829E-02   1.2789536E+00   1.6816093E+00
    5.3659002E-01   6.7601512E-02   2.5390718E-02   2.4384686E+00   2.6333913E+00
    5.1868246E-01   1.1040321E-01   3.2181125E-02   6.0156774E+00   1.8849459E+01
    5.9648643E-02   4.6097098E-02   1.5622866E-01   2.4402288E-01   1.0477630E+02
    5.0008530E-02   5.5581206E-02   2.1873508E-01   3.6737118E-01   6.1814669E-01
    5.4978016E-01   4.6394116E-01   1.0837284E+00   8.2276773E-01   5.0851895E-01
    4.4708952E-01

 1.6506821248E+03   8.7974659E+03   7.7764972E+08   1.5497749E+00   2.2643277E+00   1.3948227E+03   5.0000000E-02    16 
    2.8308286E-02   2.7657298E-03   1.3990545E-03   7.9490169E-04   4.6995253E-04
    1.1312609E-03   1.0680018E-02   1.8631720E-02   3.2636203E-03   3.0536062E-03
    2.9232176E-04   1.8469491E-04   2.2165392E-02   7.6266239E-02   9.1273670E-02
    3.0214604E-02   2.6072798E-02   1.0326445E-03   8.6357897E-04   6.7657142E-04
    5.1477918E-02   2.8958665E-01   3.1232822E-01   7.3193136E-02   7.0680256E-02
    4.6987097E-03   4.3628554E-03   5.1598523E-03   2.4323664E-01   1.2382301E-01
    2.5669743E-01   1.1410942E-02   1.7978749E-02   7.3529454E-01   1.7575458E+00
    4.4625908E-01   2.1184675E-02   4.1233769E-02   1.5300435E+00   1.8641296E+00
    6.3160657E-01   7.5605924E-02   2.9527815E-02   2.8466436E+00   2.7673809E+00
    6.3003859E-01   1.2189331E-01   3.6931919E-02   7.6253779E+00   1.6161512E+01
    7.8070678E-02   5.2263629E-02   1.7116434E-01   3.1645986E-01   1.3059961E+02
    7.4035542E-02   6.2673601E-02   2.3876382E-01   4.0915738E-01   6.3119399E-01
    6.6781487E-01   5.1777426E-01   9.3425372E-01   9.6203252E-01   5.5548761E-01
    4.7677556E-01

 1.2847560326E+03   1.6031315E+04   1.4080621E+09   1.5992072E+00   2.2549925E+00   1.2716762E+03   5.0000000E-02    17 
    4.6388388E-02   6.8378417E-03   3.7502115E-03   2.5914003E-03   1.8274973E-03
    3.0332254E-03   1.4209223E-02   2.6543335E-02   5.6861784E-03   5.0697573E-03
    1.1807314E-03   8.5461835E-04   4.8691582E-02   8.8100475E-02   1.0531016E-01
    4.8858520E-02   3.3462078E-02   2.3669810E-03   1.9184115E-03   8.8690919E-04
    6.6382901E-02   3.2943682E-01   3.5965277E-01   9.2924386E-02   8.6899885E-02
    8.1448070E-03   7.1302435E-03   6.1292161E-03   2.8918952E-01   1.3997265E-01
    2.9025538E-01   1.4771722E-02   2.0533207E-02   8.2762267E-01   1.8280015E+00
    4.9864084E-01   2.6172648E-02   4.5936896E-02   1.6840904E+00   1.9243616E+00
    7.0691948E-01   8.2848394E-02   3.5089224E-02   3.0500490E+00   2.8044378E+00
    7.3151600E-01   1.3207101E-01   4.4535785E-02   9.1932589E+00   8.2883526E+00
    1.0191048E-01   6.1044570E-02   1.8428728E-01   4.1262015E-01   1.5433277E+02
    1.0775728E-01   7.3412073E-02   2.5674388E-01   4.5802006E-01   6.1399933E-01
    7.7217472E-01   5.7874023E-01   7.0996169E-01   1.0761057E+00   6.3617006E-01
    5.0770484E-01

 1.0114559027E+03   2.9328656E+04   2.5540058E+09   1.6373799E+00   2.2480299E+00   1.1311650E+03   5.0000000E-02    18 
    5.6665265E-02   1.2161926E-02   7.9482606E-03   6.2365029E-03   5.0808484E-03
    6.9859401E-03   1.5905858E-02   3.1221382E-02   9.6296024E-03   9.0321169E-03
    3.9563426E-03   3.2629432E-03   9.1590165E-02   9.8999535E-02   1.1363155E-01
    7.4170673E-02   4.3268594E-02   5.7226204E-03   4.8911534E-03   1.2401264E-03
    8.4968882E-02   3.5287058E-01   3.9018815E-01   1.1582299E-01   1.0517597E-01
    1.6802141E-02   1.4686944E-02   7.1121494E-03   3.4356441E-01   1.5889650E-01
    3.1583042E-01   2.2577971E-02   2.2957282E-02   9.3627729E-01   1.7621822E+00
    5.3149015E-01   3.4806645E-02   5.0263478E-02   1.8855537E+00   1.6114159E+00
    7.6627388E-01   8.9400841E-02   4.4565979E-02   3.3637236E+00   2.1666787E+00
    8.2864535E-01   1.4128544E-01   6.0101071E-02   1.0518796E+01   6.1513244E+00
    1.3516274E-01   7.6355394E-02   1.9653777E-01   5.5609650E-01   1.7213250E+02
    1.6633721E-01   9.1552240E-02   2.7452299E-01   5.1494634E-01   5.9642225E-01
    8.0933647E-01   5.9726285E-01   6.3420330E-01   1.0731178E+00   7.6746452E-01
    5.6205361E-01

 8.0857492864E+02   5.4499199E+04   4.6749592E+09   1.6709901E+00   2.2272435E+00   9.6697730E+02   5.0000000E-02    19 
    6.0129842E-02   1.7797983E-02   1.5939619E-02   1.2077791E-02   1.0629681E-02
    1.5676684E-02   1.6927149E-02   3.2532238E-02   1.5713683E-02   1.8060239E-02
    1.0618197E-02   9.4246163E-03   1.8685090E-01   1.2625767E-01   1.4045535E-01
    8.8776630E-02   6.4560743E-02   1.3507029E-02   1.2245750E-02   2.1415141E-03
    1.1378691E-01   3.5782900E-01   4.0265510E-01   1.4520598E-01   1.3823244E-01
    2.7521189E-02   2.5088407E-02   8.5945119E-03   4.2847604E-01   1.8485946E-01
    3.5710054E-01   3.8142774E-02   2.6258415E-02   1.1170537E+00   1.6734315E+00
    5.9046345E-01   5.2313137E-02   5.5898887E-02   2.2487373E+00   1.0992352E+00
    8.6706353E-01   9.7863560E-02   6.3595464E-02   3.9491133E+00   1.4109102E+00
    9.8567222E-01   1.5328982E-01   8.6409930E-02   1.2601477E+01   6.2306895E+00
    1.9808779E-01   1.0511450E-01   2.1340939E-01   8.3102184E-01   1.9937218E+02
    2.7218562E-01   1.2918042E-01   3.0110748E-01   6.0694454E-01   6.2171674E-01
    7.3913655E-01   6.0300147E-01   7.4398939E-01   8.6401759E-01   8.9370181E-01
    6.6240010E-01

 6.5963841643E+02   1.0333014E+05   8.5038085E+09   1.7066875E+00   2.1208222E+00   7.9872994E+02   5.0000000E-02    20 
    6.2498521E-02   2.7444527E-02   2.9343465E-02   2.4357590E-02   2.2038730E-02
    3.3486507E-02   1.9047304E-02   3.3038031E-02   2.6178392E-02   3.2139558E-02
    2.6533731E-02   2.4173631E-02   3.1367011E-01   1.6228833E-01   2.0220352E-01
    9.2256477E-02   8.9330886E-02   3.4596300E-02   3.2006509E-02   4.7917930E-03
    1.6194192E-01   3.6237047E-01   4.1492768E-01   1.9653270E-01   2.0086615E-01
    3.5578882E-02   3.3580041E-02   1.1571743E-02   5.7107193E-01   2.3555592E-01
    4.6391537E-01   5.8711572E-02   3.2183032E-02   1.4291315E+00   1.9591282E+00
    7.4592812E-01   1.0026086E-01   6.4959613E-02   2.8914682E+00   1.0226955E+00
    1.0828212E+00   1.1157441E-01   1.0542731E-01   4.9203396E+00   1.4813317E+00
    1.2762960E+00   1.7270995E-01   1.2281109E-01   1.6692652E+01   2.2586932E+00
    3.1975866E-01   1.6607688E-01   2.4173257E-01   1.4185773E+00   2.5310579E+02
    4.5330066E-01   1.9090228E-01   3.4926148E-01   7.9246926E-01   6.6838782E-01
    6.3437223E-01   5.7713440E-01   6.4071769E-01   7.0360183E-01   9.3742719E-01
    7.8386478E-01

 5.4947253459E+02   1.9784222E+05   1.5438003E+10   1.7600449E+00   1.9787445E+00   6.3407453E+02   5.0000001E-02    21 
    8.5121813E-02   5.1580913E-02   5.4642600E-02   5.7421415E-02   5.4467593E-02
    6.5980753E-02   2.8336622E-02   4.1555101E-02   4.8291594E-02   6.1722798E-02
    7.6406283E-02   7.2659970E-02   3.4676324E-01   1.7319640E-01   2.6304189E-01
    1.2892559E-01   1.2739355E-01   8.0801532E-02   7.7947835E-02   1.5143527E-02
    2.0085129E-01   3.6509087E-01   4.2975678E-01   2.4786510E-01   2.5654128E-01
    6.6528043E-02   6.4956106E-02   1.9351245E-02   5.9150960E-01   2.9791179E-01
    5.1604950E-01   1.0378946E-01   4.5760103E-02   1.4086930E+00   1.9217221E+00
    7.9678137E-01   1.5335506E-01   8.1478791E-02   2.8906805E+00   9.8844682E-01
    1.1140945E+00   1.3412402E-01   1.9847097E-01   4.6448427E+00   1.5824415E+00
    1.2963702E+00   2.0243036E-01   2.0181678E-01   1.6121292E+01   1.3628454E+00
    4.3835024E-01   3.2189866E-01   2.8020725E-01   1.9669113E+00   2.2981095E+02
    6.2962706E-01   3.1015388E-01   4.0710790E-01   9.2564026E-01   7.4126475E-01
    6.0582694E-01   5.7464866E-01   6.1509777E-01   7.3922323E-01   8.0591164E-01
    8.1430502E-01

 4.6795667521E+02   3.7618409E+05   2.8032949E+10   1.8256341E+00   1.8544581E+00   4.8143851E+02   5.0000102E-02    22 
    1.3481062E-01   9.6424389E-02   1.1276252E-01   1.2387687E-01   1.2291474E-01
    1.4769914E-01   5.7330403E-02   6.9856598E-02   8.7045686E-02   1.2902428E-01
    1.7974725E-01   1.7870924E-01   5.2588872E-01   1.5431522E-01   2.6108010E-01
    1.6593880E-01   1.9365078E-01   1.6734420E-01   1.6909965E-01   4.3209479E-02
    2.2436681E-01   3.4755062E-01   4.0123582E-01   2.9284028E-01   3.1629175E-01
    1.2103731E-01   1.2436674E-01   3.8798669E-02   5.0712713E-01   3.9067645E-01
    5.0631529E-01   1.8130016E-01   7.1305925E-02   1.0917632E+00   1.4167031E+00
    7.4362361E-01   2.2494527E-01   1.0609133E-01   2.2491957E+00   9.3013053E-01
    9.9411807E-01   1.6035174E-01   3.4589226E-01   3.3060517E+00   1.3195880E+00
    1.1038009E+00   2.3174548E-01   4.1380556E-01   1.1552262E+01   1.1729560E+00
    5.2995108E-01   5.0922415E-01   3.0962031E-01   2.1239590E+00   1.5152241E+02
    7.2477519E-01   4.9816779E-01   4.3524561E-01   8.8947538E-01   7.6217872E-01
    6.0878064E-01   5.9365169E-01   6.2707375E-01   7.0182447E-01   7.2331806E-01
    8.1520339E-01

 4.0749526629E+02   7.1856040E+05   5.1044617E+10   1.9314610E+00   1.7263377E+00   3.4862974E+02   5.0008527E-02    23 
    3.6004816E-01   2.6779026E-01   3.1229208E-01   3.7545506E-01   3.8515997E-01
    3.4686300E-01   1.5591986E-01   1.6770779E-01   1.8370120E-01   2.4577487E-01
    4.5030852E-01   4.6272905E-01   1.3570232E+00   2.3285228E-01   2.9657993E-01
    2.5684578E-01   2.8555920E-01   3.9910690E-01   4.1345587E-01   1.2344666E-01
    2.6059356E-01   4.7091695E-01   4.7842706E-01   4.1075765E-01   4.2370348E-01
    2.7637141E-01   2.8692034E-01   9.9861217E-02   4.5646808E-01   5.4332630E-01
    5.7716810E-01   3.9388621E-01   1.3297287E-01   7.9651070E-01   1.0697126E+00
    7.4060857E-01   4.4367721E-01   1.6017990E-01   1.5222644E+00   9.6394033E-01
    9.3934989E-01   2.1652983E-01   6.3458587E-01   2.0033853E+00   1.2098070E+00
    9.5983719E-01   2.8591682E-01   7.1436573E-01   6.7548362E+00   1.2068603E+00
    6.4385990E-01   6.0308626E-01   3.5571237E-01   1.9546059E+00   7.8166188E+01
    7.5340230E-01   5.8531440E-01   4.6451514E-01   8.0104591E-01   7.3294413E-01
    6.4202268E-01   6.3549306E-01   6.4855788E-01   6.8874333E-01   7.1675018E-01
    7.6977062E-01

 3.6495395079E+02   1.3283291E+06   8.9720259E+10   2.0252561E+00   1.5944800E+00   2.4603772E+02   5.0260593E-02    24 
    7.1036397E-01   5.9449946E-01   6.3687283E-01   8.9036157E-01   8.9276859E-01
    6.4541977E-01   3.4594259E-01   3.6722670E-01   3.8561026E-01   5.3571956E-01
    8.0670034E-01   8.1446722E-01   2.1685209E+00   4.0437183E-01   4.4544947E-01
    4.0685763E-01   4.2697134E-01   7.9155678E-01   8.0631746E-01   2.4504178E-01
    3.1342861E-01   6.8315075E-01   6.8353329E-01   5.8184333E-01   6.0723772E-01
    5.3777734E-01   5.5357482E-01   2.0779575E-01   4.3932113E-01   6.8817865E-01
    7.2039353E-01   8.3562430E-01   2.2890778E-01   5.7298053E-01   9.9555121E-01
    8.3321580E-01   7.9283517E-01   2.5239298E-01   1.0920758E+00   1.0484859E+00
    1.0204665E+00   3.0349315E-01   1.0292866E+00   1.0682705E+00   1.1789637E+00
    1.0585957E+00   3.7184760E-01   1.6010013E+00   2.9486161E+00   1.1699080E+00
    7.9459185E-01   1.2295986E+00   4.3798890E-01   1.4421700E+00   2.6726116E+01
    6.8540043E-01   8.6521402E-01   5.2904893E-01   7.5940175E-01   7.7833721E-01
    6.9611371E-01   6.7330382E-01   6.5072175E-01   6.4559150E-01   6.4364103E-01
    6.4972337E-01

 3.3542088139E+02   2.2554229E+06   1.4313313E+11   2.0994646E+00   1.4392842E+00   1.7332861E+02   5.2941270E-02    25 
    1.0535134E+00   9.7350035E-01   1.0069504E+00   1.4564599E+00   1.4508133E+00
    9.8054002E-01   5.5442024E-01   5.8553875E-01   5.3781010E-01   8.3886248E-01
    1.1566716E+00   1.1505853E+00   2.6125807E+00   6.1536293E-01   6.5278368E-01
    5.7815770E-01   6.1481098E-01   1.1258840E+00   1.1476378E+00   3.7838718E-01
    3.8414713E-01   8.1612367E-01   9.0834257E-01   7.3023457E-01   7.7112370E-01
    9.7500391E-01   1.0045756E+00   3.0843141E-01   4.9193528E-01   8.2609317E-01
    8.7234884E-01   1.1051999E+00   3.4384271E-01   5.5289559E-01   1.0600723E+00
    9.8323892E-01   1.1358895E+00   3.5990090E-01   1.0321339E+00   1.1809595E+00
    1.1609104E+00   4.0650141E-01   1.3141191E+00   8.2772391E-01   1.2223704E+00
    1.3158881E+00   4.7312893E-01   2.2522843E+00   1.7654586E+00   1.0277398E+00
    9.6506688E-01   1.8184410E+00   5.4190192E-01   1.2472384E+00   1.0911045E+01
    6.7117208E-01   1.0637525E+00   6.1900201E-01   7.7773334E-01   8.4679612E-01
    8.0016628E-01   7.6148022E-01   7.2675783E-01   7.0559395E-01   6.9283273E-01
    6.8813026E-01

 3.1402172393E+02   3.2044673E+06   1.8534928E+11   2.1307868E+00   1.2242450E+00   1.2232234E+02   6.6103725E-02    26 
    1.0181948E+00   9.8063456E-01   1.0354915E+00   1.5522496E+00   1.5447706E+00
    1.1143783E+00   6.5505439E-01   6.8643469E-01   5.3543428E-01   8.3402261E-01
    1.4099598E+00   1.3999208E+00   2.3540083E+00   7.1634942E-01   6.8540315E-01
    6.6403093E-01   7.0701913E-01   1.1826389E+00   1.2002622E+00   5.0075838E-01
    4.1358351E-01   8.3251247E-01   9.4969024E-01   7.7968974E-01   8.2428380E-01
    1.3778770E+00   1.3976611E+00   3.9054349E-01   5.2330362E-01   8.5545464E-01
    9.1323630E-01   1.2178881E+00   4.4443445E-01   5.6284250E-01   1.0793616E+00
    1.0403878E+00   1.1829165E+00   4.4609498E-01   1.0129008E+00   1.2645155E+00
    1.1731781E+00   4.9650354E-01   1.3744737E+00   7.8371081E-01   1.2113766E+00
    1.3119119E+00   5.5385484E-01   1.8826727E+00   1.4519327E+00   9.6507394E-01
    1.0446802E+00   2.2346319E+00   6.1854662E-01   1.1781188E+00   6.6130456E+00
    6.7021047E-01   1.0421822E+00   6.8348071E-01   8.0421944E-01   8.7165218E-01
    8.6038065E-01   8.2187490E-01   7.8956216E-01   7.6666738E-01   7.5305206E-01
    7.4801062E-01

 2.9776431010E+02   3.6831361E+06   1.8668562E+11   2.1392003E+00   9.4937739E-01   8.6306801E+01   1.0349395E-01    27 
    8.6742704E-01   8.3715772E-01   9.3382825E-01   1.3548754E+00   1.3482515E+00
    1.1068753E+00   6.6674165E-01   6.5329193E-01   4.8798647E-01   6.9383755E-01
    1.4424830E+00   1.4436108E+00   1.8098254E+00   7.0806437E-01   6.3521542E-01
    6.6320280E-01   7.0043764E-01   1.0319265E+00   1.0343965E+00   5.4920986E-01
    4.1404773E-01   8.2493710E-01   8.8896417E-01   7.8480308E-01   8.2863917E-01
    1.4136169E+00   1.4096261E+00   4.3979853E-01   5.3065911E-01   8.5121325E-01
    9.0461479E-01   1.3063756E+00   4.9211650E-01   5.7830943E-01   1.0849246E+00
    1.0500797E+00   1.1220870E+00   4.8900933E-01   9.9909463E-01   1.2766058E+00
    1.1347132E+00   5.4416895E-01   1.3069051E+00   7.7447416E-01   1.1613318E+00
    1.2147624E+00   5.9403642E-01   1.4345783E+00   1.3384552E+00   9.6310872E-01
    1.0590214E+00   2.4679827E+00   6.5301691E-01   1.1218465E+00   5.0872547E+00
    6.7883198E-01   9.6939559E-01   7.0882719E-01   8.1520244E-01   8.8011341E-01
    8.6815199E-01   8.3122383E-01   8.0029019E-01   7.7967849E-01   7.6687571E-01
    7.6227070E-01

 2.8495803307E+02   3.7118772E+06   1.7136082E+11   2.1470824E+00   7.7539896E-01   6.1083086E+01   1.7400962E-01    28 
    8.4867018E-01   7.8644255E-01   9.3432332E-01   1.2092531E+00   1.2038732E+00
    1.1276779E+00   6.5767582E-01   5.9008705E-01   4.5421332E-01   5.6931935E-01
    1.3359110E+00   1.3449568E+00   1.3685519E+00   6.9062237E-01   6.0972764E-01
    6.4860400E-01   6.8185500E-01   8.6108866E-01   8.4990701E-01   5.2655456E-01
    4.2066335E-01   8.4896163E-01   8.5853008E-01   7.9658986E-01   8.4307081E-01
    1.2562333E+00   1.2356977E+00   4.5031223E-01   5.4658796E-01   8.8921310E-01
    9.1509414E-01   1.3252097E+00   4.9623446E-01   6.1861463E-01   1.1347591E+00
    1.0810671E+00   1.0766794E+00   5.0145007E-01   1.0060127E+00   1.2660371E+00
    1.1202043E+00   5.5935588E-01   1.2318972E+00   7.9371883E-01   1.1399537E+00
    1.2012941E+00   6.0819851E-01   1.3374839E+00   1.3021052E+00   1.0100916E+00
    1.0620400E+00   2.4771112E+00   6.6575781E-01   1.0974796E+00   4.3539412E+00
    7.1397096E-01   9.4037094E-01   7.1824318E-01   8.2370643E-01   8.9145430E-01
    8.6423622E-01   8.2843466E-01   7.9775742E-01   7.8057407E-01   7.6890771E-01
    7.6474364E-01

 2.7220728265E+02   3.7389135E+06   1.6680771E+11   2.1710752E+00   7.1629318E-01   4.1419886E+01   2.8884125E-01    29 
    1.0716412E+00   9.3120710E-01   1.1677626E+00   1.2677428E+00   1.2635639E+00
    1.3480707E+00   7.2976129E-01   6.0009815E-01   4.8416877E-01   5.2230570E-01
    1.3358252E+00   1.3491726E+00   1.1155734E+00   7.5328936E-01   6.6711915E-01
    6.9991228E-01   7.3284546E-01   7.7437442E-01   7.5199244E-01   5.3310843E-01
    4.8414459E-01   9.6908179E-01   9.3837346E-01   8.7962349E-01   9.3518057E-01
    1.1410534E+00   1.1100965E+00   4.8171863E-01   6.2999950E-01   1.0349607E+00
    1.0104401E+00   1.3554194E+00   5.2880374E-01   7.2842197E-01   1.2870096E+00
    1.2072949E+00   1.1181049E+00   5.4667024E-01   1.0728729E+00   1.3173671E+00
    1.1822656E+00   6.0793249E-01   1.2405580E+00   8.7559400E-01   1.1939002E+00
    1.2897221E+00   6.5984475E-01   1.4578875E+00   1.2723826E+00   1.1613307E+00
    1.1160484E+00   2.4644088E+00   7.1902233E-01   1.1239807E+00   3.4033257E+00
    8.1268224E-01   9.9516648E-01   7.7230877E-01   8.8097035E-01   9.5237271E-01
    9.0997988E-01   8.7495235E-01   8.4440832E-01   8.3037302E-01   8.1956728E-01
    8.1568104E-01

 2.6083102185E+02   4.1168299E+06   1.8132993E+11   2.2107231E+00   6.9536169E-01   2.9928363E+01   4.0032100E-01    30 
    1.5125620E+00   1.2735005E+00   1.6566515E+00   1.5429409E+00   1.5385799E+00
    1.7746812E+00   9.1724250E-01   7.1850917E-01   5.9243209E-01   5.8164637E-01
    1.5088848E+00   1.5278190E+00   1.0631911E+00   9.1520596E-01   8.1890687E-01
    8.2505914E-01   8.6148881E-01   7.9752391E-01   7.6595174E-01   6.1434419E-01
    6.1533785E-01   1.1812024E+00   1.1236237E+00   1.0288132E+00   1.0970732E+00
    1.1438701E+00   1.1061216E+00   5.6993213E-01   7.9226262E-01   1.2729364E+00
    1.1730300E+00   1.4560496E+00   6.2445990E-01   9.0849151E-01   1.5116366E+00
    1.4010015E+00   1.2410478E+00   6.5333941E-01   1.2036070E+00   1.4309304E+00
    1.3017299E+00   7.1814438E-01   1.3448605E+00   1.0195289E+00   1.3116912E+00
    1.4477240E+00   7.7373669E-01   1.6862486E+00   1.2346120E+00   1.3983396E+00
    1.2011526E+00   2.5404268E+00   8.3488155E-01   1.2004168E+00   2.4281968E+00
    9.6691183E-01   1.1233900E+00   8.8859818E-01   9.9577997E-01   1.0687568E+00
    1.0182164E+00   9.8294490E-01   9.5259885E-01   9.4011315E-01   9.2966729E-01
    9.2585769E-01

 2.5379984456E+02   4.4461736E+06   2.0113778E+11   2.2371312E+00   7.4173798E-01   2.3708739E+01   4.8102698E-01    31 
    1.9555555E+00   1.6165451E+00   2.1561108E+00   1.7222902E+00   1.7156002E+00
    2.0896599E+00   1.0322719E+00   7.6997401E-01   6.5820351E-01   6.1480897E-01
    1.4747581E+00   1.4979102E+00   1.0055914E+00   1.0349223E+00   9.4010337E-01
    9.0600701E-01   9.4669439E-01   7.6376966E-01   7.2720912E-01   6.1431822E-01
    7.3204350E-01   1.3501118E+00   1.2724522E+00   1.1283341E+00   1.2009942E+00
    1.0832176E+00   1.0436801E+00   5.9155422E-01   9.3835215E-01   1.4640547E+00
    1.2802087E+00   1.4525968E+00   6.5888321E-01   1.0662375E+00   1.6591445E+00
    1.5107554E+00   1.2891094E+00   7.0466257E-01   1.3218381E+00   1.4784979E+00
    1.3731659E+00   7.7303523E-01   1.3802211E+00   1.1444173E+00   1.3751100E+00
    1.5493589E+00   8.3443300E-01   1.8432272E+00   1.2134801E+00   1.5690471E+00
    1.2661501E+00   2.4993153E+00   8.9997357E-01   1.2619888E+00   1.8812626E+00
    1.0967378E+00   1.2013585E+00   9.5756766E-01   1.0634878E+00   1.1381671E+00
    1.0855204E+00   1.0542378E+00   1.0267688E+00   1.0161965E+00   1.0067885E+00
    1.0034435E+00

 2.5273506700E+02   4.2003993E+06   2.4394727E+11   2.2003687E+00   1.2368836E+00   1.5245257E+01   6.2151272E-01    32 
    1.7791220E+00   1.4292752E+00   1.8902838E+00   1.4103324E+00   1.4030851E+00
    1.8444217E+00   8.4591816E-01   5.6857921E-01   5.4417523E-01   4.2387721E-01
    1.0565331E+00   1.0547095E+00   6.4400498E-01   9.4720287E-01   8.4500454E-01
    8.4205581E-01   8.7043961E-01   5.6563308E-01   5.2684809E-01   4.3378186E-01
    7.1826598E-01   1.3572488E+00   1.2534429E+00   1.1037597E+00   1.1628776E+00
    8.5600849E-01   8.1781034E-01   4.4625299E-01   9.4744161E-01   1.5040894E+00
    1.2871464E+00   1.2002920E+00   5.2755263E-01   1.1157007E+00   1.6879397E+00
    1.5162979E+00   1.2326273E+00   5.9410346E-01   1.3261299E+00   1.4349816E+00
    1.3743443E+00   6.7296610E-01   1.3145135E+00   1.1905164E+00   1.3866420E+00
    1.5710967E+00   7.4766875E-01   1.8304080E+00   1.2485099E+00   1.5687270E+00
    1.3264985E+00   2.2486136E+00   8.2841250E-01   1.2840690E+00   1.8985712E+00
    1.1603194E+00   1.1528116E+00   9.0275391E-01   1.0254985E+00   1.1020531E+00
    1.0523012E+00   1.0318765E+00   1.0115123E+00   1.0048989E+00   9.9804451E-01
    9.9577538E-01

 2.5256493298E+02   4.2938112E+06   2.9337045E+11   2.1887692E+00   1.6311272E+00   1.1206069E+01   7.0388164E-01    33 
    1.7079705E+00   1.3777394E+00   1.7687393E+00   1.3250906E+00   1.3183534E+00
    1.7699493E+00   7.9308369E-01   5.1919497E-01   5.1434475E-01   3.7448872E-01
    9.6728363E-01   9.5927219E-01   5.5633518E-01   9.2200079E-01   8.1562937E-01
    8.2469182E-01   8.4219991E-01   5.1308026E-01   4.7561699E-01   3.9420778E-01
    7.1079937E-01   1.3564794E+00   1.2444873E+00   1.0956955E+00   1.1412007E+00
    7.9275694E-01   7.5676308E-01   4.1153453E-01   9.4648526E-01   1.5114119E+00
    1.2823094E+00   1.1174095E+00   4.9555238E-01   1.1258352E+00   1.6847827E+00
    1.5064710E+00   1.2161791E+00   5.6632341E-01   1.3218601E+00   1.4199771E+00
    1.3674130E+00   6.4814432E-01   1.2964501E+00   1.2028183E+00   1.3892626E+00
    1.5729587E+00   7.2672469E-01   1.8063755E+00   1.2591232E+00   1.5595775E+00
    1.3397357E+00   2.1435582E+00   8.1272915E-01   1.2917906E+00   1.9149397E+00
    1.1737437E+00   1.1312913E+00   8.9063529E-01   1.0136680E+00   1.0869028E+00
    1.0421174E+00   1.0256167E+00   1.0085203E+00   1.0031641E+00   9.9746034E-01
    9.9563830E-01

 2.5242369565E+02   4.4648412E+06   3.7830085E+11   2.1794899E+00   2.2612852E+00   7.8325155E+00   7.8170552E-01    34 
    1.6490762E+00   1.3590792E+00   1.6670628E+00   1.2645222E+00   1.2584674E+00
    1.7216653E+00   7.5334928E-01   4.8422890E-01   4.9487836E-01   3.3970335E-01
    9.0417170E-01   8.9180038E-01   4.9214094E-01   9.0255969E-01   7.9287080E-01
    8.1596365E-01   8.1929337E-01   4.7435370E-01   4.3860050E-01   3.6627243E-01
    7.0796914E-01   1.3563762E+00   1.2363991E+00   1.0950181E+00   1.1219737E+00
    7.4624319E-01   7.1249440E-01   3.8676555E-01   9.4899484E-01   1.5153756E+00
    1.2785261E+00   1.0526212E+00   4.7328969E-01   1.1361673E+00   1.6750627E+00
    1.4954243E+00   1.2067303E+00   5.4761146E-01   1.3157893E+00   1.4044183E+00
    1.3605843E+00   6.3201942E-01   1.2855883E+00   1.2136370E+00   1.3912855E+00
    1.5763636E+00   7.1434455E-01   1.7814416E+00   1.2516960E+00   1.5408272E+00
    1.3516599E+00   2.0420916E+00   8.0595396E-01   1.2920124E+00   1.8005452E+00
    1.1843896E+00   1.1119004E+00   8.8563886E-01   1.0045001E+00   1.0724095E+00
    1.0345798E+00   1.0217378E+00   1.0080580E+00   1.0038456E+00   9.9931683E-01
    9.9792753E-01

 2.5225688282E+02   4.6687041E+06   4.9939149E+11   2.1744734E+00   3.1139328E+00   5.5271686E+00   8.4015018E-01    35 
    1.6221362E+00   1.4035296E+00   1.6135608E+00   1.2455407E+00   1.2415603E+00
    1.7283185E+00   7.3763359E-01   4.7058925E-01   4.9165042E-01   3.2345177E-01
    8.7042359E-01   8.5656030E-01   4.5183373E-01   9.0015067E-01   7.8800313E-01
    8.2510100E-01   8.1016616E-01   4.5360234E-01   4.1963841E-01   3.5143363E-01
    7.1923711E-01   1.3665198E+00   1.2401496E+00   1.1125406E+00   1.1150681E+00
    7.2245408E-01   6.9079676E-01   3.7420542E-01   9.6598735E-01   1.5284240E+00
    1.2852991E+00   1.0165269E+00   4.6375597E-01   1.1551846E+00   1.6696332E+00
    1.4928749E+00   1.2117249E+00   5.4161406E-01   1.3151610E+00   1.3928705E+00
    1.3620354E+00   6.2857699E-01   1.2885439E+00   1.2312497E+00   1.3973346E+00
    1.5889471E+00   7.1470627E-01   1.7716654E+00   1.2292639E+00   1.5288651E+00
    1.3665895E+00   1.9635830E+00   8.1213743E-01   1.2827626E+00   1.5585006E+00
    1.1989993E+00   1.1025013E+00   8.9205571E-01   1.0038227E+00   1.0660661E+00
    1.0352975E+00   1.0253928E+00   1.0146004E+00   1.0112733E+00   1.0076944E+00
    1.0066468E+00

 2.5208203616E+02   4.9541592E+06   6.7218818E+11   2.1744018E+00   4.2128437E+00   3.9078036E+00   8.8397370E-01    36 
    1.6285213E+00   1.4903936E+00   1.6101936E+00   1.2649007E+00   1.2626601E+00
    1.7841078E+00   7.4700044E-01   4.7842925E-01   5.0229729E-01   3.2546540E-01
    8.6613362E-01   8.5265076E-01   4.3630473E-01   9.1719097E-01   8.0248919E-01
    8.4923934E-01   8.1688321E-01   4.5097329E-01   4.1829943E-01   3.4959713E-01
    7.4434719E-01   1.3866254E+00   1.2563993E+00   1.1429864E+00   1.1224269E+00
    7.2086598E-01   6.9036805E-01   3.7407359E-01   9.9756793E-01   1.5512253E+00
    1.3008917E+00   1.0101541E+00   4.6720894E-01   1.1820618E+00   1.6731165E+00
    1.4969857E+00   1.2267561E+00   5.4877169E-01   1.3222056E+00   1.3905841E+00
    1.3704966E+00   6.3829362E-01   1.3017040E+00   1.2603509E+00   1.4126151E+00
    1.6088326E+00   7.2844670E-01   1.7741426E+00   1.2200039E+00   1.5369853E+00
    1.3820087E+00   1.9028533E+00   8.3189453E-01   1.2774653E+00   1.3888838E+00
    1.2184646E+00   1.1029393E+00   9.1048427E-01   1.0130974E+00   1.0689273E+00
    1.0447735E+00   1.0370353E+00   1.0285552E+00   1.0258779E+00   1.0230572E+00
    1.0222680E+00

 2.5190977430E+02   5.2815067E+06   9.1666841E+11   2.1752618E+00   5.6599016E+00   2.7681857E+00   9.1626349E-01    37 
    1.6199983E+00   1.5521836E+00   1.6021262E+00   1.2817994E+00   1.2806365E+00
    1.8409839E+00   7.6297670E-01   4.9400404E-01   5.1476656E-01   3.3590035E-01
    8.7109187E-01   8.5895188E-01   4.3369048E-01   9.3730067E-01   8.2172382E-01
    8.7458478E-01   8.2937661E-01   4.5577059E-01   4.2451460E-01   3.5321361E-01
    7.7441735E-01   1.4045984E+00   1.2730500E+00   1.1713580E+00   1.1336066E+00
    7.2677377E-01   6.9729866E-01   3.7954710E-01   1.0348967E+00   1.5695855E+00
    1.3139264E+00   1.0147541E+00   4.7667411E-01   1.2082387E+00   1.6724528E+00
    1.4957048E+00   1.2385848E+00   5.6223106E-01   1.3279188E+00   1.3896711E+00
    1.3764828E+00   6.5432903E-01   1.3128753E+00   1.2938412E+00   1.4314106E+00
    1.6233518E+00   7.4868644E-01   1.7708233E+00   1.2261287E+00   1.5523708E+00
    1.3923561E+00   1.8354848E+00   8.5765929E-01   1.2770538E+00   1.3145149E+00
    1.2373366E+00   1.1059790E+00   9.3349065E-01   1.0254551E+00   1.0743121E+00
    1.0563254E+00   1.0504940E+00   1.0440319E+00   1.0419492E+00   1.0397945E+00
    1.0392224E+00

 2.5174787466E+02   5.6286744E+06   1.2701491E+12   2.1737895E+00   7.6470979E+00   1.9492779E+00   9.4023552E-01    38 
    1.5521802E+00   1.5285743E+00   1.5404665E+00   1.2645006E+00   1.2639781E+00
    1.8542545E+00   7.7070952E-01   5.0725945E-01   5.2039663E-01   3.4814332E-01
    8.7186867E-01   8.6173977E-01   4.3578700E-01   9.4628189E-01   8.3387261E-01
    8.8997188E-01   8.3829482E-01   4.6198225E-01   4.3272376E-01   3.5785560E-01
    8.0112716E-01   1.4080384E+00   1.2785508E+00   1.1852573E+00   1.1381884E+00
    7.3163332E-01   7.0360857E-01   3.8680636E-01   1.0692804E+00   1.5692332E+00
    1.3140216E+00   1.0192925E+00   4.8826670E-01   1.2251422E+00   1.6525652E+00
    1.4778222E+00   1.2385153E+00   5.7808427E-01   1.3229317E+00   1.3798040E+00
    1.3717752E+00   6.7272087E-01   1.3144140E+00   1.3220998E+00   1.4437077E+00
    1.6218980E+00   7.7110966E-01   1.7498565E+00   1.2378544E+00   1.5597399E+00
    1.3918887E+00   1.7492673E+00   8.8400019E-01   1.2743402E+00   1.2812579E+00
    1.2480040E+00   1.1071152E+00   9.5540729E-01   1.0352435E+00   1.0767363E+00
    1.0643473E+00   1.0602988E+00   1.0556453E+00   1.0541404E+00   1.0525858E+00
    1.0522013E+00

 2.5155614591E+02   6.0384261E+06   1.7647046E+12   2.1666429E+00   1.0186981E+01   1.3800573E+00   9.5728813E-01    39 
    1.3680433E+00   1.3631690E+00   1.3638752E+00   1.1784717E+00   1.1782830E+00
    1.7794450E+00   7.5814682E-01   5.1162703E-01   5.1306583E-01   3.5871827E-01
    8.5570393E-01   8.4827325E-01   4.3580418E-01   9.3235091E-01   8.2979870E-01
    8.8798884E-01   8.3532130E-01   4.6697375E-01   4.4084832E-01   3.6064644E-01
    8.2033715E-01   1.3842218E+00   1.2613358E+00   1.1770300E+00   1.1264075E+00
    7.2969009E-01   7.0396850E-01   3.9380460E-01   1.0970111E+00   1.5383184E+00
    1.2929863E+00   1.0159930E+00   4.9996025E-01   1.2246481E+00   1.6004329E+00
    1.4331880E+00   1.2184695E+00   5.9398856E-01   1.2969600E+00   1.3503136E+00
    1.3488313E+00   6.9136522E-01   1.2986722E+00   1.3362354E+00   1.4379267E+00
    1.5933578E+00   7.9257452E-01   1.7007027E+00   1.2463415E+00   1.5499084E+00
    1.3739311E+00   1.6411372E+00   9.0612474E-01   1.2626562E+00   1.2570119E+00
    1.2468685E+00   1.1040082E+00   9.7184292E-01   1.0391605E+00   1.0736537E+00
    1.0661245E+00   1.0637445E+00   1.0606916E+00   1.0597447E+00   1.0587178E+00
    1.0584987E+00

 2.5134744552E+02   6.6188515E+06   2.4682170E+12   2.1552055E+00   1.3263452E+01   9.7576882E-01   9.6959776E-01    40 
    1.1119000E+00   1.1111173E+00   1.1117832E+00   1.0366864E+00   1.0365938E+00
    1.6209010E+00   7.2538416E-01   5.0492078E-01   4.9503152E-01   3.6500904E-01
    8.1848848E-01   8.1347477E-01   4.3094906E-01   8.9398588E-01   8.0702369E-01
    8.6624079E-01   8.1581806E-01   4.7028082E-01   4.4777526E-01   3.5917767E-01
    8.2616250E-01   1.3282128E+00   1.2156833E+00   1.1427034E+00   1.0909526E+00
    7.1863699E-01   6.9550574E-01   3.9813816E-01   1.1096956E+00   1.4716126E+00
    1.2478459E+00   9.9958736E-01   5.0880308E-01   1.2060079E+00   1.5128911E+00
    1.3603416E+00   1.1757283E+00   6.0646530E-01   1.2506595E+00   1.2999754E+00
    1.3054035E+00   7.0650039E-01   1.2634261E+00   1.3278412E+00   1.4065632E+00
    1.5329341E+00   8.0847704E-01   1.6182407E+00   1.2458690E+00   1.5129031E+00
    1.3389377E+00   1.5132286E+00   9.1857797E-01   1.2390119E+00   1.2315043E+00
    1.2280630E+00   1.0919902E+00   9.7775776E-01   1.0329938E+00   1.0609130E+00
    1.0573293E+00   1.0563947E+00   1.0546884E+00   1.0542364E+00   1.0536439E+00
    1.0535536E+00

 2.5112509438E+02   7.5935085E+06   3.4658723E+12   2.1448786E+00   1.6448060E+01   6.8984627E-01   9.7840412E-01    41 
    8.6770470E-01   8.6753437E-01   8.6847119E-01   8.8356213E-01   8.8341687E-01
    1.4294622E+00   6.8813356E-01   4.9514430E-01   4.7663236E-01   3.7170659E-01
    7.7040475E-01   7.6715688E-01   4.2539831E-01   8.4404398E-01   7.7610687E-01
    8.3315245E-01   7.8685177E-01   4.7557100E-01   4.5661648E-01   3.5555447E-01
    8.2252836E-01   1.2509707E+00   1.1510610E+00   1.0904192E+00   1.0384680E+00
    7.0245947E-01   6.8190324E-01   4.0095944E-01   1.1086594E+00   1.3807293E+00
    1.1874858E+00   9.7208141E-01   5.1547004E-01   1.1775559E+00   1.4036122E+00
    1.2713008E+00   1.1173160E+00   6.1568260E-01   1.1945994E+00   1.2373726E+00
    1.2481893E+00   7.1778873E-01   1.2141940E+00   1.2971716E+00   1.3520804E+00
    1.4471394E+00   8.1789442E-01   1.5103537E+00   1.2335584E+00   1.4499287E+00
    1.2910329E+00   1.3789581E+00   9.2053494E-01   1.2049556E+00   1.2005665E+00
    1.1940686E+00   1.0714229E+00   9.7296579E-01   1.0174872E+00   1.0395728E+00
    1.0388716E+00   1.0390600E+00   1.0383846E+00   1.0383199E+00   1.0380494E+00
    1.0380445E+00

 2.5087902148E+02   9.5024446E+06   4.8842892E+12   2.1432783E+00   1.8646371E+01   4.8733581E-01   9.8469237E-01    42 
    6.8468426E-01   6.8432285E-01   6.8541386E-01   7.5751090E-01   7.5715933E-01
    1.2528685E+00   6.6723691E-01   4.9535891E-01   4.7132999E-01   3.8958381E-01
    7.3099731E-01   7.2886885E-01   4.2755201E-01   7.9965782E-01   7.5242383E-01
    8.0063266E-01   7.6067045E-01   4.9014230E-01   4.7446670E-01   3.5731619E-01
    8.1723958E-01   1.1687905E+00   1.0828933E+00   1.0320837E+00   9.8228997E-01
    6.8979094E-01   6.7183155E-01   4.0809578E-01   1.0992950E+00   1.2823025E+00
    1.1237295E+00   9.4127586E-01   5.2539686E-01   1.1468802E+00   1.2904993E+00
    1.1808283E+00   1.0552899E+00   6.2661649E-01   1.1395869E+00   1.1732247E+00
    1.1867199E+00   7.2896228E-01   1.1603514E+00   1.2492312E+00   1.2825192E+00
    1.3479890E+00   8.2425847E-01   1.3911927E+00   1.2082617E+00   1.3673806E+00
    1.2342023E+00   1.2533232E+00   9.1606163E-01   1.1637620E+00   1.1637084E+00
    1.1509405E+00   1.0460836E+00   9.6170300E-01   9.9708001E-01   1.0141617E+00
    1.0152901E+00   1.0162271E+00   1.0162499E+00   1.0164452E+00   1.0163909E+00
    1.0164361E+00

 2.5059317511E+02   1.3651353E+07   6.9127662E+12   2.1592461E+00   1.8367916E+01   3.4355081E-01   9.8918295E-01    43 
    5.7684345E-01   5.7619424E-01   5.7752636E-01   6.7613409E-01   6.7549323E-01
    1.1199385E+00   6.8176599E-01   5.1775549E-01   4.9551003E-01   4.3369864E-01
    7.2067499E-01   7.1909981E-01   4.4756576E-01   7.7594840E-01   7.4913445E-01
    7.8103360E-01   7.4936614E-01   5.2138809E-01   5.0861540E-01   3.7636012E-01
    8.1835842E-01   1.0972378E+00   1.0261193E+00   9.8107608E-01   9.3640112E-01
    6.8966626E-01   6.7441331E-01   4.2836717E-01   1.0882576E+00   1.1921473E+00
    1.0673588E+00   9.1535691E-01   5.4664346E-01   1.1193978E+00   1.1897389E+00
    1.1025587E+00   1.0022841E+00   6.4690627E-01   1.0944656E+00   1.1176075E+00
    1.1310560E+00   7.4564398E-01   1.1119227E+00   1.1932565E+00   1.2092901E+00
    1.2495387E+00   8.3332846E-01   1.2762711E+00   1.1722461E+00   1.2765822E+00
    1.1746670E+00   1.1483762E+00   9.1195026E-01   1.1206936E+00   1.1242786E+00
    1.1070647E+00   1.0216034E+00   9.5076245E-01   9.7843582E-01   9.9129408E-01
    9.9335947E-01   9.9467384E-01   9.9509719E-01   9.9543285E-01   9.9550572E-01
    9.9557482E-01

 2.5030864296E+02   2.1415025E+07   9.3310960E+12   2.1921836E+00   1.5686691E+01   2.5437486E-01   9.9197885E-01    44 
    5.3655419E-01   5.3574692E-01   5.3722615E-01   6.3798189E-01   6.3712781E-01
    1.0395185E+00   7.2604643E-01   5.5520787E-01   5.5021321E-01   5.0235996E-01
    7.4244829E-01   7.4102495E-01   4.8270895E-01   7.7615278E-01   7.6427589E-01
    7.7958466E-01   7.5579720E-01   5.6367525E-01   5.5307568E-01   4.1681387E-01
    8.2516779E-01   1.0498147E+00   9.9138769E-01   9.4917790E-01   9.1052819E-01
    7.0312478E-01   6.9023519E-01   4.6259842E-01   1.0776573E+00   1.1275905E+00
    1.0281580E+00   9.0006931E-01   5.7880248E-01   1.0985327E+00   1.1200364E+00
    1.0505950E+00   9.6948872E-01   6.7588551E-01   1.0652061E+00   1.0799249E+00
    1.0920939E+00   7.6751643E-01   1.0786796E+00   1.1456526E+00   1.1513654E+00
    1.1750288E+00   8.4651710E-01   1.1913253E+00   1.1355301E+00   1.2007462E+00
    1.1257114E+00   1.0802479E+00   9.1278714E-01   1.0853457E+00   1.0908243E+00
    1.0730700E+00   1.0042223E+00   9.4556888E-01   9.6753117E-01   9.7735739E-01
    9.7972167E-01   9.8112182E-01   9.8170539E-01   9.8208383E-01   9.8220996E-01
    9.8228436E-01

 2.5003007111E+02   3.5609475E+07   1.2075805E+13   2.2380372E+00   1.2005528E+01   1.9664020E-01   9.9379342E-01    45 
    5.3262286E-01   5.3178719E-01   5.3325866E-01   6.2296177E-01   6.2204062E-01
    9.8643790E-01   7.8146922E-01   5.9543255E-01   6.2661785E-01   5.8754696E-01
    7.8194922E-01   7.8057370E-01   5.2605995E-01   7.9079963E-01   7.8800039E-01
    7.9139960E-01   7.7438897E-01   6.1462148E-01   6.0552151E-01   4.7836614E-01
    8.3240197E-01   1.0187928E+00   9.7104262E-01   9.3165586E-01   8.9893187E-01
    7.2598142E-01   7.1499452E-01   5.0917649E-01   1.0638473E+00   1.0815208E+00
    1.0010610E+00   8.9292538E-01   6.1931812E-01   1.0803051E+00   1.0730393E+00
    1.0172415E+00   9.5126218E-01   7.1069988E-01   1.0451292E+00   1.0540527E+00
    1.0648353E+00   7.9290140E-01   1.0557430E+00   1.1076908E+00   1.1081375E+00
    1.1219797E+00   8.6267008E-01   1.1322290E+00   1.1015132E+00   1.1409610E+00
    1.0869736E+00   1.0382211E+00   9.1781436E-01   1.0570556E+00   1.0631198E+00
    1.0472751E+00   9.9273430E-01   9.4511821E-01   9.6261079E-01   9.7023654E-01
    9.7257786E-01   9.7391737E-01   9.7453445E-01   9.7490673E-01   9.7504954E-01
    9.7512132E-01

 2.4974765622E+02   6.2855774E+07   1.5239200E+13   2.2964530E+00   8.3109577E+00   1.5597903E-01   9.9507348E-01    46 
    5.4881238E-01   5.4803726E-01   5.4938206E-01   6.2221267E-01   6.2136389E-01
    9.4662314E-01   8.3531316E-01   6.3326708E-01   7.1551759E-01   6.8129744E-01
    8.2938586E-01   8.2811002E-01   5.7576442E-01   8.1436554E-01   8.1651338E-01
    8.1459114E-01   8.0358651E-01   6.7855972E-01   6.7034796E-01   5.6415781E-01
    8.3824710E-01   9.9721697E-01   9.5885954E-01   9.2447511E-01   8.9757395E-01
    7.5750271E-01   7.4802225E-01   5.7043845E-01   1.0450311E+00   1.0464758E+00
    9.8182243E-01   8.9272243E-01   6.6916803E-01   1.0615206E+00   1.0398418E+00
    9.9528774E-01   9.4244571E-01   7.5148112E-01   1.0290538E+00   1.0343160E+00
    1.0438058E+00   8.2204243E-01   1.0378985E+00   1.0764409E+00   1.0748101E+00
    1.0832680E+00   8.8165147E-01   1.0900974E+00   1.0708077E+00   1.0934048E+00
    1.0557345E+00   1.0123656E+00   9.2624232E-01   1.0341168E+00   1.0400275E+00
    1.0271237E+00   9.8557852E-01   9.4827108E-01   9.6194096E-01   9.6783526E-01
    9.6996013E-01   9.7115599E-01   9.7173759E-01   9.7207776E-01   9.7221867E-01
    9.7228398E-01

 2.4945535038E+02   1.1702224E+08   1.8900219E+13   2.3684491E+00   5.2101587E+00   1.2595172E-01   9.9601989E-01    47 
    5.7847048E-01   5.7780491E-01   5.7895887E-01   6.3420412E-01   6.3352299E-01
    9.1751481E-01   8.7993320E-01   6.6888839E-01   8.0239116E-01   7.7139155E-01
    8.7709950E-01   8.7600305E-01   6.3322343E-01   8.4419788E-01   8.4930993E-01
    8.4936659E-01   8.4401779E-01   7.5854754E-01   7.5095126E-01   6.7453083E-01
    8.4475923E-01   9.8279948E-01   9.5313566E-01   9.2677457E-01   9.0568556E-01
    7.9777852E-01   7.8974366E-01   6.4907616E-01   1.0234837E+00   1.0201794E+00
    9.7006696E-01   8.9971754E-01   7.2968525E-01   1.0425335E+00   1.0167518E+00
    9.8202598E-01   9.4115202E-01   7.9866690E-01   1.0153975E+00   1.0185415E+00
    1.0266891E+00   8.5532572E-01   1.0229021E+00   1.0506996E+00   1.0488325E+00
    1.0546026E+00   9.0357300E-01   1.0594511E+00   1.0449366E+00   1.0570058E+00
    1.0316070E+00   9.9785747E-01   9.3789508E-01   1.0168260E+00   1.0222549E+00
    1.0124430E+00   9.8251700E-01   9.5480684E-01   9.6506795E-01   9.6950060E-01
    9.7127653E-01   9.7227256E-01   9.7277430E-01   9.7306435E-01   9.7319079E-01
    9.7324669E-01

 2.4914851976E+02   2.2392531E+08   2.3101789E+13   2.4554203E+00   2.9704840E+00   1.0324567E-01   9.9673617E-01    48 
    6.1954276E-01   6.1898904E-01   6.1995743E-01   6.6053712E-01   6.6004883E-01
    9.0230651E-01   9.1523579E-01   7.0666136E-01   8.7176663E-01   8.4429671E-01
    9.1692760E-01   9.1605109E-01   7.0148321E-01   8.7929939E-01   8.8672276E-01
    8.9451560E-01   8.9428925E-01   8.4903004E-01   8.4217328E-01   7.9620562E-01
    8.5717102E-01   9.7654759E-01   9.5500291E-01   9.3867344E-01   9.2318268E-01
    8.4540625E-01   8.3897657E-01   7.4201190E-01   1.0048812E+00   1.0035769E+00
    9.6709629E-01   9.1450847E-01   7.9845389E-01   1.0266219E+00   1.0031607E+00
    9.7712368E-01   9.4701219E-01   8.5017075E-01   1.0053096E+00   1.0072464E+00
    1.0138417E+00   8.9142313E-01   1.0112604E+00   1.0311408E+00   1.0298109E+00
    1.0342190E+00   9.2751460E-01   1.0377675E+00   1.0260465E+00   1.0319747E+00
    1.0153368E+00   9.9205179E-01   9.5216218E-01   1.0060556E+00   1.0109118E+00
    1.0038508E+00   9.8354862E-01   9.6429848E-01   9.7155373E-01   9.7471798E-01
    9.7607013E-01   9.7683240E-01   9.7722562E-01   9.7745247E-01   9.7755490E-01
    9.7759885E-01

 2.4882271944E+02   4.1869178E+08   2.7839113E+13   2.5582326E+00   1.5598913E+00   8.5898241E-02   9.9728378E-01    49 
    6.7128245E-01   6.7081642E-01   6.7164391E-01   7.0165479E-01   7.0134008E-01
    9.0406498E-01   9.4513997E-01   7.5088004E-01   9.1832148E-01   8.9358343E-01
    9.4517762E-01   9.4451564E-01   7.7957563E-01   9.1839134E-01   9.2678472E-01
    9.4361138E-01   9.4649445E-01   9.3188245E-01   9.2564925E-01   9.0109199E-01
    8.8011920E-01   9.7969573E-01   9.6505355E-01   9.5838916E-01   9.4756851E-01
    8.9560721E-01   8.9050815E-01   8.3526211E-01   9.9432619E-01   9.9719116E-01
    9.7265588E-01   9.3549459E-01   8.6579303E-01   1.0168283E+00   9.9837250E-01
    9.7952027E-01   9.5831374E-01   8.9900339E-01   1.0002743E+00   1.0014037E+00
    1.0063038E+00   9.2574892E-01   1.0043196E+00   1.0185246E+00   1.0177915E+00
    1.0212736E+00   9.5041178E-01   1.0238277E+00   1.0149199E+00   1.0174129E+00
    1.0064928E+00   9.9207278E-01   9.6680724E-01   1.0013166E+00   1.0055913E+00
    1.0006175E+00   9.8746921E-01   9.7489434E-01   9.7969043E-01   9.8180489E-01
    9.8273760E-01   9.8326909E-01   9.8354735E-01   9.8370813E-01   9.8378254E-01
    9.8381375E-01

 2.4847306927E+02   7.1870642E+08   3.3097000E+13   2.6758443E+00   7.7164771E-01   7.2522030E-02   9.9770624E-01    50 
    7.2758136E-01   7.2717075E-01   7.2791539E-01   7.5100562E-01   7.5082499E-01
    9.1868849E-01   9.6989528E-01   7.9917793E-01   9.4840806E-01   9.2561448E-01
    9.6549544E-01   9.6499284E-01   8.5616772E-01   9.5614240E-01   9.6338339E-01
    9.8535364E-01   9.8837840E-01   9.8911443E-01   9.8336057E-01   9.6957294E-01
    9.1154349E-01   9.8924585E-01   9.7984946E-01   9.8037465E-01   9.7292105E-01
    9.4105298E-01   9.3681797E-01   9.1174631E-01   9.9143315E-01   9.9781214E-01
    9.8285256E-01   9.5794142E-01   9.2012654E-01   1.0122955E+00   9.9916505E-01
    9.8573677E-01   9.7119344E-01   9.3753583E-01   9.9932733E-01   9.9993569E-01
    1.0033229E+00   9.5318665E-01   1.0017125E+00   1.0116180E+00   1.0113056E+00
    1.0139746E+00   9.6875610E-01   1.0157456E+00   1.0095246E+00   1.0101446E+00
    1.0025480E+00   9.9446901E-01   9.7901675E-01   1.0001777E+00   1.0037949E+00
    1.0002404E+00   9.9199557E-01   9.8410111E-01   9.8709023E-01   9.8842009E-01
    9.8901161E-01   9.8935441E-01   9.8953483E-01   9.8963915E-01   9.8968847E-01
    9.8970868E-01

 2.4809307822E+02   1.0894024E+09   3.8859852E+13   2.8060539E+00   3.6811336E-01   6.2147035E-02   9.9803405E-01    51 
    7.7793635E-01   7.7756818E-01   7.7826256E-01   7.9681219E-01   7.9673641E-01
    9.3665867E-01   9.8713804E-01   8.4371933E-01   9.6799178E-01   9.4773977E-01
    9.7936036E-01   9.7897150E-01   9.1579768E-01   9.8411869E-01   9.8852570E-01
    1.0112065E+00   1.0124807E+00   1.0176465E+00   1.0125571E+00   1.0039135E+00
    9.4362484E-01   9.9901724E-01   9.9338275E-01   9.9804863E-01   9.9281871E-01
    9.7490106E-01   9.7131326E-01   9.6287465E-01   9.9194613E-01   1.0001280E+00
    9.9241386E-01   9.7646475E-01   9.5669315E-01   1.0101298E+00   1.0014198E+00
    9.9185401E-01   9.8196403E-01   9.6356760E-01   9.9979567E-01   1.0001504E+00
    1.0023859E+00   9.7186819E-01   1.0010798E+00   1.0077254E+00   1.0076410E+00
    1.0095709E+00   9.8110111E-01   1.0107303E+00   1.0068655E+00   1.0065195E+00
    1.0006961E+00   9.9653663E-01   9.8729883E-01   1.0001046E+00   1.0029801E+00
    1.0003395E+00   9.9529481E-01   9.9040022E-01   9.9221215E-01   9.9302897E-01
    9.9339378E-01   9.9361121E-01   9.9372434E-01   9.9378934E-01   9.9382097E-01
    9.9383355E-01

 2.4767340024E+02   1.4695258E+09   4.5292010E+13   2.9481690E+00   1.7305850E-01   5.3908340E-02   9.9829444E-01    52 
    8.1924519E-01   8.1894764E-01   8.1957076E-01   8.3459684E-01   8.3461835E-01
    9.5213633E-01   9.9715156E-01   8.8137806E-01   9.8008875E-01   9.6311469E-01
    9.8730746E-01   9.8702659E-01   9.5312024E-01   9.9917479E-01   1.0005179E+00
    1.0215575E+00   1.0210642E+00   1.0257841E+00   1.0215808E+00   1.0161843E+00
    9.7000457E-01   1.0053249E+00   1.0022654E+00   1.0083587E+00   1.0045166E+00
    9.9498367E-01   9.9200600E-01   9.9030901E-01   9.9280124E-01   1.0010906E+00
    9.9838855E-01   9.8849558E-01   9.7780929E-01   1.0082270E+00   1.0026901E+00
    9.9585733E-01   9.8915401E-01   9.7930742E-01   9.9998466E-01   1.0002077E+00
    1.0015922E+00   9.8313802E-01   1.0005190E+00   1.0048754E+00   1.0048416E+00
    1.0060963E+00   9.8837598E-01   1.0067575E+00   1.0049739E+00   1.0042149E+00
    9.9957504E-01   9.9739955E-01   9.9206151E-01   9.9989624E-01   1.0019969E+00
    1.0000340E+00   9.9701037E-01   9.9395253E-01   9.9506847E-01   9.9558676E-01
    9.9582616E-01   9.9597456E-01   9.9604885E-01   9.9609069E-01   9.9611194E-01
    9.9612009E-01

 2.4720269331E+02   1.8374640E+09   5.2998925E+13   3.1026806E+00   8.2116801E-02   4.6907269E-02   9.9851576E-01    53 
    8.5440777E-01   8.5420804E-01   8.5473647E-01   8.6677856E-01   8.6688448E-01
    9.6352383E-01   1.0010400E+00   9.1203328E-01   9.8715476E-01   9.7371691E-01
    9.9148808E-01   9.9130717E-01   9.7303194E-01   1.0045852E+00   1.0036443E+00
    1.0218255E+00   1.0203764E+00   1.0231349E+00   1.0198877E+00   1.0168379E+00
    9.8791549E-01   1.0077071E+00   1.0062130E+00   1.0118227E+00   1.0087989E+00
    1.0036068E+00   1.0012337E+00   1.0012540E+00   9.9300414E-01   1.0003432E+00
    1.0005394E+00   9.9461628E-01   9.8834631E-01   1.0054952E+00   1.0022963E+00
    9.9756160E-01   9.9310770E-01   9.8795738E-01   9.9948359E-01   9.9963546E-01
    1.0004193E+00   9.8940462E-01   9.9952263E-01   1.0024486E+00   1.0023596E+00
    1.0030631E+00   9.9234199E-01   1.0033601E+00   1.0031844E+00   1.0024141E+00
    9.9896539E-01   9.9751342E-01   9.9455868E-01   9.9944957E-01   1.0008473E+00
    9.9947779E-01   9.9768811E-01   9.9574985E-01   9.9646526E-01   9.9681505E-01
    9.9698736E-01   9.9709763E-01   9.9715173E-01   9.9718130E-01   9.9719701E-01
    9.9720281E-01

 2.4667171480E+02   2.2273148E+09   6.2933320E+13   3.2699409E+00   4.0121562E-02   4.0425392E-02   9.9872072E-01    54 
    8.8460936E-01   8.8444607E-01   8.8494471E-01   8.9453282E-01   8.9467954E-01
    9.7125260E-01   9.9954543E-01   9.3595969E-01   9.9057491E-01   9.8063837E-01
    9.9302821E-01   9.9291105E-01   9.8326809E-01   1.0045208E+00   1.0026635E+00
    1.0168007E+00   1.0153542E+00   1.0163141E+00   1.0139976E+00   1.0124227E+00
    9.9718717E-01   1.0070396E+00   1.0063298E+00   1.0106623E+00   1.0080939E+00
    1.0052459E+00   1.0034541E+00   1.0033402E+00   9.9291146E-01   9.9880467E-01
    1.0001405E+00   9.9684802E-01   9.9300792E-01   1.0022958E+00   1.0007843E+00
    9.9778292E-01   9.9502067E-01   9.9246823E-01   9.9855564E-01   9.9874693E-01
    9.9920059E-01   9.9291861E-01   9.9848808E-01   1.0005511E+00   1.0003724E+00
    1.0006722E+00   9.9461842E-01   1.0007531E+00   1.0015519E+00   1.0010294E+00
    9.9881569E-01   9.9754348E-01   9.9598673E-01   9.9907541E-01   9.9994316E-01
    9.9907862E-01   9.9799047E-01   9.9676716E-01   9.9724171E-01   9.9748709E-01
    9.9761518E-01   9.9769779E-01   9.9774050E-01   9.9776345E-01   9.9777586E-01
    9.9778028E-01

 2.4607531045E+02   2.6960117E+09   7.6019880E+13   3.4527548E+00   2.0145526E-02   3.4210227E-02   9.9891729E-01    55 
    9.1058683E-01   9.1034934E-01   9.1091248E-01   9.1839039E-01   9.1853601E-01
    9.7683204E-01   9.9521415E-01   9.5416287E-01   9.9222715E-01   9.8541652E-01
    9.9338547E-01   9.9330184E-01   9.8871445E-01   1.0021244E+00   1.0006001E+00
    1.0102735E+00   1.0094875E+00   1.0093550E+00   1.0078563E+00   1.0070354E+00
    1.0004998E+00   1.0049296E+00   1.0044851E+00   1.0075020E+00   1.0051637E+00
    1.0037166E+00   1.0024235E+00   1.0019925E+00   9.9343258E-01   9.9771309E-01
    9.9912510E-01   9.9747042E-01   9.9513540E-01   9.9976573E-01   9.9939279E-01
    9.9776005E-01   9.9625395E-01   9.9501270E-01   9.9805266E-01   9.9832289E-01
    9.9864580E-01   9.9520153E-01   9.9813601E-01   9.9959042E-01   9.9934494E-01
    9.9938630E-01   9.9625116E-01   9.9936710E-01   1.0004654E+00   1.0002823E+00
    9.9903575E-01   9.9789026E-01   9.9711817E-01   9.9906990E-01   9.9957829E-01
    9.9911977E-01   9.9838280E-01   9.9764082E-01   9.9796053E-01   9.9813253E-01
    9.9822505E-01   9.9828405E-01   9.9831680E-01   9.9833447E-01   9.9834386E-01
    9.9834710E-01

 2.4541181580E+02   3.3066169E+09   9.3417355E+13   3.6565099E+00   1.0286986E-02   2.8312367E-02   9.9910386E-01    56 
    9.3417109E-01   9.3380510E-01   9.3445023E-01   9.4000623E-01   9.4012345E-01
    9.8204492E-01   9.9191831E-01   9.6906106E-01   9.9385420E-01   9.8971679E-01
    9.9406025E-01   9.9399627E-01   9.9234557E-01   1.0000331E+00   9.9920057E-01
    1.0051009E+00   1.0050433E+00   1.0042817E+00   1.0034550E+00   1.0029841E+00
    1.0011857E+00   1.0029704E+00   1.0025488E+00   1.0045702E+00   1.0024485E+00
    1.0018443E+00   1.0009468E+00   1.0003888E+00   9.9493027E-01   9.9767476E-01
    9.9870779E-01   9.9787349E-01   9.9653751E-01   9.9866009E-01   9.9882538E-01
    9.9807861E-01   9.9736560E-01   9.9671969E-01   9.9825568E-01   9.9852439E-01
    9.9876983E-01   9.9690296E-01   9.9842662E-01   9.9943584E-01   9.9916454E-01
    9.9905837E-01   9.9758519E-01   9.9899738E-01   1.0000373E+00   1.0000789E+00
    9.9945790E-01   9.9849308E-01   9.9813921E-01   9.9936757E-01   9.9964711E-01
    9.9948157E-01   9.9891264E-01   9.9848572E-01   9.9869800E-01   9.9881342E-01
    9.9887530E-01   9.9891404E-01   9.9893651E-01   9.9894890E-01   9.9895516E-01
    9.9895726E-01

 2.4468306428E+02   4.1246871E+09   1.1669086E+14   3.8855790E+00   5.3313911E-03   2.2941095E-02   9.9927381E-01    57 
    9.5501351E-01   9.5461212E-01   9.5523643E-01   9.5927589E-01   9.5934712E-01
    9.8686135E-01   9.9160047E-01   9.8098466E-01   9.9568497E-01   9.9355202E-01
    9.9525038E-01   9.9519484E-01   9.9498192E-01   9.9908757E-01   9.9867518E-01
    1.0020269E+00   1.0023299E+00   1.0012781E+00   1.0009104E+00   1.0006354E+00
    1.0009949E+00   1.0016423E+00   1.0011756E+00   1.0025054E+00   1.0007488E+00
    1.0005172E+00   9.9991208E-01   9.9943176E-01   9.9682387E-01   9.9824920E-01
    9.9880398E-01   9.9829013E-01   9.9765416E-01   9.9858068E-01   9.9884256E-01
    9.9854921E-01   9.9823387E-01   9.9789136E-01   9.9875950E-01   9.9894795E-01
    9.9911423E-01   9.9812044E-01   9.9888319E-01   9.9959002E-01   9.9935172E-01
    9.9920088E-01   9.9857776E-01   9.9913215E-01   9.9995856E-01   1.0000685E+00
    9.9983264E-01   9.9907582E-01   9.9893123E-01   9.9969713E-01   9.9983819E-01
    9.9983843E-01   9.9938932E-01   9.9915433E-01   9.9929071E-01   9.9936310E-01
    9.9940078E-01   9.9942393E-01   9.9943759E-01   9.9944538E-01   9.9944903E-01
    9.9945022E-01

 2.4389280287E+02   5.2362225E+09   1.4821546E+14   4.1423620E+00   2.8303710E-03   1.8231148E-02   9.9942286E-01    58 
    9.7138743E-01   9.7113102E-01   9.7157995E-01   9.7466855E-01   9.7468526E-01
    9.9066636E-01   9.9347060E-01   9.8930144E-01   9.9720478E-01   9.9625026E-01
    9.9649557E-01   9.9643592E-01   9.9655053E-01   9.9879851E-01   9.9848392E-01
    1.0004234E+00   1.0006804E+00   9.9968711E-01   9.9954285E-01   9.9943904E-01
    1.0002201E+00   1.0006380E+00   1.0001883E+00   1.0010207E+00   9.9984781E-01
    9.9969285E-01   9.9931479E-01   9.9899937E-01   9.9834921E-01   9.9881374E-01
    9.9901549E-01   9.9864069E-01   9.9842537E-01   9.9885223E-01   9.9903413E-01
    9.9892234E-01   9.9876199E-01   9.9863657E-01   9.9918946E-01   9.9929124E-01
    9.9939110E-01   9.9889820E-01   9.9923968E-01   9.9972370E-01   9.9955452E-01
    9.9943254E-01   9.9920705E-01   9.9937571E-01   9.9995605E-01   1.0000455E+00
    1.0000288E+00   9.9947799E-01   9.9942885E-01   9.9989043E-01   9.9995142E-01
    1.0000149E+00   9.9969077E-01   9.9956673E-01   9.9965031E-01   9.9969231E-01
    9.9971333E-01   9.9972595E-01   9.9973351E-01   9.9973795E-01   9.9973990E-01
    9.9974052E-01

 2.4304518527E+02   6.7950642E+09   1.9236354E+14   4.4287375E+00   1.5668090E-03   1.4162963E-02   9.9955161E-01    59 
    9.8281447E-01   9.8276251E-01   9.8300583E-01   9.8549004E-01   9.8546884E-01
    9.9345130E-01   9.9584407E-01   9.9424883E-01   9.9819343E-01   9.9782500E-01
    9.9769357E-01   9.9764065E-01   9.9755772E-01   9.9887470E-01   9.9854545E-01
    9.9974523E-01   9.9976459E-01   9.9906209E-01   9.9899321E-01   9.9902938E-01
    9.9964068E-01   1.0000311E+00   9.9967073E-01   1.0001141E+00   9.9949622E-01
    9.9930079E-01   9.9909357E-01   9.9894961E-01   9.9916489E-01   9.9918565E-01
    9.9921065E-01   9.9893927E-01   9.9893550E-01   9.9918108E-01   9.9926999E-01
    9.9921654E-01   9.9911776E-01   9.9913257E-01   9.9946431E-01   9.9950364E-01
    9.9954966E-01   9.9936842E-01   9.9945351E-01   9.9977541E-01   9.9967999E-01
    9.9961641E-01   9.9956433E-01   9.9957979E-01   9.9994509E-01   9.9999795E-01
    1.0000603E+00   9.9970699E-01   9.9969514E-01   9.9994797E-01   9.9996004E-01
    1.0000323E+00   9.9983184E-01   9.9977503E-01   9.9982303E-01   9.9984623E-01
    9.9985766E-01   9.9986432E-01   9.9986840E-01   9.9987077E-01   9.9987180E-01
    9.9987210E-01

 2.4214940297E+02   9.0614620E+09   2.5653046E+14   4.7464658E+00   9.2324855E-04   1.0705039E-02   9.9966107E-01    60 
    9.9009862E-01   9.9021045E-01   9.9029175E-01   9.9222079E-01   9.9218546E-01
    9.9551657E-01   9.9762293E-01   9.9677224E-01   9.9876862E-01   9.9859585E-01
    9.9859866E-01   9.9855749E-01   9.9837334E-01   9.9917269E-01   9.9884283E-01
    9.9958449E-01   9.9945418E-01   9.9905110E-01   9.9899441E-01   9.9909792E-01
    9.9947285E-01   9.9981528E-01   9.9958354E-01   9.9973787E-01   9.9951040E-01
    9.9930630E-01   9.9921600E-01   9.9918424E-01   9.9955942E-01   9.9947937E-01
    9.9945305E-01   9.9928531E-01   9.9933455E-01   9.9951105E-01   9.9954183E-01
    9.9950607E-01   9.9944075E-01   9.9949780E-01   9.9968423E-01   9.9969434E-01
    9.9970722E-01   9.9966058E-01   9.9965317E-01   9.9984343E-01   9.9979801E-01
    9.9977385E-01   9.9977145E-01   9.9975326E-01   9.9996548E-01   9.9999186E-01
    1.0000398E+00   9.9984679E-01   9.9984130E-01   9.9997200E-01   9.9996647E-01
    1.0000108E+00   9.9990511E-01   9.9988294E-01   9.9990777E-01   9.9991958E-01
    9.9992548E-01   9.9992882E-01   9.9993093E-01   9.9993210E-01   9.9993262E-01
    9.9993276E-01

 2.4122326326E+02   1.2339198E+10   3.4933803E+14   5.0969991E+00   5.8545643E-04   7.9238522E-03   9.9974911E-01    61 
    9.9461434E-01   9.9478973E-01   9.9478924E-01   9.9609869E-01   9.9606662E-01
    9.9718462E-01   9.9868274E-01   9.9813964E-01   9.9915933E-01   9.9905149E-01
    9.9915591E-01   9.9912394E-01   9.9904486E-01   9.9949046E-01   9.9925142E-01
    9.9964400E-01   9.9951276E-01   9.9931804E-01   9.9927325E-01   9.9936609E-01
    9.9958242E-01   9.9981500E-01   9.9969407E-01   9.9972908E-01   9.9966761E-01
    9.9952525E-01   9.9949198E-01   9.9950062E-01   9.9976389E-01   9.9970846E-01
    9.9969000E-01   9.9960321E-01   9.9963860E-01   9.9976898E-01   9.9977762E-01
    9.9975270E-01   9.9971414E-01   9.9974908E-01   9.9985237E-01   9.9985198E-01
    9.9984702E-01   9.9983780E-01   9.9982017E-01   9.9991568E-01   9.9989648E-01
    9.9988893E-01   9.9989245E-01   9.9987831E-01   9.9999326E-01   1.0000063E+00
    1.0000151E+00   9.9992998E-01   9.9992561E-01   9.9999201E-01   9.9998372E-01
    1.0000011E+00   9.9995274E-01   9.9994488E-01   9.9995630E-01   9.9996175E-01
    9.9996456E-01   9.9996612E-01   9.9996712E-01   9.9996765E-01   9.9996789E-01
    9.9996796E-01

 2.4028272903E+02   1.6921806E+10   4.7910129E+14   5.4821722E+00   4.0045891E-04   5.8239988E-03   9.9981559E-01    62 
    9.9727695E-01   9.9744756E-01   9.9741556E-01   9.9819322E-01   9.9816959E-01
    9.9844530E-01   9.9931709E-01   9.9900907E-01   9.9951279E-01   9.9944216E-01
    9.9953915E-01   9.9951413E-01   9.9950872E-01   9.9974110E-01   9.9960803E-01
    9.9977269E-01   9.9970124E-01   9.9961456E-01   9.9958790E-01   9.9964435E-01
    9.9974512E-01   9.9988402E-01   9.9982783E-01   9.9982981E-01   9.9981500E-01
    9.9974435E-01   9.9973247E-01   9.9974591E-01   9.9988600E-01   9.9986047E-01
    9.9985457E-01   9.9981451E-01   9.9983080E-01   9.9991672E-01   9.9991827E-01
    9.9990158E-01   9.9988058E-01   9.9989153E-01   9.9994939E-01   9.9994585E-01
    9.9993634E-01   9.9993203E-01   9.9992464E-01   9.9996421E-01   9.9995655E-01
    9.9995416E-01   9.9995560E-01   9.9994914E-01   1.0000059E+00   1.0000128E+00
    1.0000037E+00   9.9997172E-01   9.9996955E-01   1.0000031E+00   9.9999440E-01
    9.9999953E-01   9.9998012E-01   9.9997751E-01   9.9998224E-01   9.9998451E-01
    9.9998573E-01   9.9998640E-01   9.9998683E-01   9.9998706E-01   9.9998717E-01
    9.9998720E-01

 2.3933357281E+02   2.3170799E+10   6.5605009E+14   5.9036969E+00   2.9723234E-04   4.2873460E-03   9.9986424E-01    63 
    9.9873175E-01   9.9886353E-01   9.9882928E-01   9.9924394E-01   9.9922799E-01
    9.9924637E-01   9.9969226E-01   9.9953457E-01   9.9977318E-01   9.9972966E-01
    9.9978799E-01   9.9976847E-01   9.9978167E-01   9.9989540E-01   9.9983011E-01
    9.9988507E-01   9.9985427E-01   9.9981956E-01   9.9980610E-01   9.9983400E-01
    9.9986527E-01   9.9993429E-01   9.9991335E-01   9.9991276E-01   9.9990932E-01
    9.9988253E-01   9.9987819E-01   9.9988867E-01   9.9995134E-01   9.9994244E-01
    9.9994118E-01   9.9992424E-01   9.9993063E-01   9.9997859E-01   9.9997706E-01
    9.9996753E-01   9.9995712E-01   9.9995861E-01   9.9998729E-01   9.9998349E-01
    9.9997705E-01   9.9997480E-01   9.9997243E-01   9.9998736E-01   9.9998455E-01
    9.9998374E-01   9.9998382E-01   9.9998158E-01   1.0000074E+00   1.0000110E+00
    1.0000011E+00   9.9998991E-01   9.9998909E-01   1.0000052E+00   9.9999922E-01
    9.9999986E-01   9.9999286E-01   9.9999206E-01   9.9999384E-01   9.9999468E-01
    9.9999517E-01   9.9999543E-01   9.9999560E-01   9.9999568E-01   9.9999573E-01
    9.9999574E-01

 2.3837406839E+02   3.1605270E+10   8.9489649E+14   6.3632989E+00   2.4088664E-04   3.1686067E-03   9.9989967E-01    64 
    9.9946082E-01   9.9954849E-01   9.9952243E-01   9.9972665E-01   9.9971576E-01
    9.9967259E-01   9.9988211E-01   9.9980765E-01   9.9991597E-01   9.9989099E-01
    9.9992040E-01   9.9990477E-01   9.9991666E-01   9.9996603E-01   9.9993566E-01
    9.9995009E-01   9.9993805E-01   9.9992650E-01   9.9992019E-01   9.9993257E-01
    9.9993412E-01   9.9996598E-01   9.9995906E-01   9.9996002E-01   9.9995896E-01
    9.9995132E-01   9.9994955E-01   9.9995628E-01   9.9997975E-01   9.9997813E-01
    9.9997740E-01   9.9997113E-01   9.9997398E-01   9.9999641E-01   9.9999365E-01
    9.9998983E-01   9.9998550E-01   9.9998536E-01   9.9999715E-01   9.9999499E-01
    9.9999216E-01   9.9999132E-01   9.9999054E-01   9.9999580E-01   9.9999485E-01
    9.9999456E-01   9.9999451E-01   9.9999374E-01   1.0000044E+00   1.0000058E+00
    9.9999998E-01   9.9999653E-01   9.9999637E-01   1.0000025E+00   1.0000004E+00
    9.9999975E-01   9.9999756E-01   9.9999741E-01   9.9999804E-01   9.9999835E-01
    9.9999852E-01   9.9999862E-01   9.9999868E-01   9.9999871E-01   9.9999873E-01
    9.9999873E-01

 2.3739929912E+02   4.3060544E+10   1.2193377E+15   6.8631688E+00   2.1340550E-04   2.3448124E-03   9.9992575E-01    65 
    9.9979446E-01   9.9984383E-01   9.9982872E-01   9.9992127E-01   9.9991387E-01
    9.9986909E-01   9.9995567E-01   9.9992779E-01   9.9997356E-01   9.9996141E-01
    9.9997652E-01   9.9996416E-01   9.9996876E-01   9.9998709E-01   9.9997490E-01
    9.9997878E-01   9.9997458E-01   9.9997192E-01   9.9996929E-01   9.9997450E-01
    9.9996839E-01   9.9998230E-01   9.9998059E-01   9.9998229E-01   9.9998195E-01
    9.9998058E-01   9.9997989E-01   9.9998353E-01   9.9998944E-01   9.9999120E-01
    9.9999092E-01   9.9998897E-01   9.9999046E-01   9.9999951E-01   9.9999741E-01
    9.9999602E-01   9.9999465E-01   9.9999480E-01   9.9999827E-01   9.9999769E-01
    9.9999687E-01   9.9999697E-01   9.9999640E-01   9.9999819E-01   9.9999792E-01
    9.9999782E-01   9.9999808E-01   9.9999757E-01   1.0000016E+00   1.0000022E+00
    9.9999954E-01   9.9999868E-01   9.9999874E-01   1.0000006E+00   1.0000004E+00
    9.9999968E-01   9.9999909E-01   9.9999912E-01   9.9999935E-01   9.9999947E-01
    9.9999953E-01   9.9999957E-01   9.9999960E-01   9.9999961E-01   9.9999962E-01
    9.9999962E-01

 2.3637861019E+02   5.9146506E+10   1.6750299E+15   7.4221873E+00   2.0439443E-04   1.7218542E-03   9.9994548E-01    66 
    9.9991764E-01   9.9994327E-01   9.9993548E-01   9.9997898E-01   9.9997373E-01
    9.9994423E-01   9.9997796E-01   9.9997034E-01   9.9999006E-01   9.9998440E-01
    9.9999360E-01   9.9998364E-01   9.9998340E-01   9.9999122E-01   9.9998738E-01
    9.9998952E-01   9.9998822E-01   9.9998801E-01   9.9998698E-01   9.9998922E-01
    9.9998470E-01   9.9999088E-01   9.9999058E-01   9.9999200E-01   9.9999188E-01
    9.9999178E-01   9.9999150E-01   9.9999318E-01   9.9999479E-01   9.9999634E-01
    9.9999620E-01   9.9999556E-01   9.9999625E-01   9.9999931E-01   9.9999847E-01
    9.9999804E-01   9.9999771E-01   9.9999799E-01   9.9999868E-01   9.9999869E-01
    9.9999855E-01   9.9999884E-01   9.9999842E-01   9.9999906E-01   9.9999903E-01
    9.9999901E-01   9.9999926E-01   9.9999894E-01   1.0000004E+00   1.0000007E+00
    9.9999963E-01   9.9999945E-01   9.9999951E-01   1.0000001E+00   1.0000002E+00
    9.9999979E-01   9.9999963E-01   9.9999966E-01   9.9999976E-01   9.9999981E-01
    9.9999984E-01   9.9999985E-01   9.9999986E-01   9.9999987E-01   9.9999987E-01
    9.9999987E-01

 2.3571722741E+02   7.2233404E+10   2.0458117E+15   7.8057075E+00   2.0530475E-04   1.4178050E-03   9.9995510E-01    67 
    9.9995700E-01   9.9997290E-01   9.9996793E-01   9.9999423E-01   9.9998990E-01
    9.9996873E-01   9.9998629E-01   9.9998364E-01   9.9999501E-01   9.9999119E-01
    9.9999847E-01   9.9998962E-01   9.9998845E-01   9.9999283E-01   9.9999165E-01
    9.9999329E-01   9.9999281E-01   9.9999309E-01   9.9999254E-01   9.9999383E-01
    9.9999066E-01   9.9999429E-01   9.9999426E-01   9.9999539E-01   9.9999532E-01
    9.9999541E-01   9.9999525E-01   9.9999621E-01   9.9999702E-01   9.9999813E-01
    9.9999798E-01   9.9999766E-01   9.9999804E-01   9.9999923E-01   9.9999897E-01
    9.9999884E-01   9.9999874E-01   9.9999897E-01   9.9999910E-01   9.9999918E-01
    9.9999917E-01   9.9999941E-01   9.9999911E-01   9.9999943E-01   9.9999944E-01
    9.9999944E-01   9.9999962E-01   9.9999941E-01   1.0000001E+00   1.0000003E+00
    9.9999974E-01   9.9999970E-01   9.9999975E-01   1.0000001E+00   1.0000002E+00
    9.9999987E-01   9.9999980E-01   9.9999983E-01   9.9999988E-01   9.9999990E-01
    9.9999992E-01   9.9999993E-01   9.9999993E-01   9.9999994E-01   9.9999994E-01
    9.9999994E-01

 2.3540962910E+02   7.9106379E+10   2.2405446E+15   7.9900471E+00   2.0699118E-04   1.2980007E-03   9.9995890E-01    68 
    9.9996980E-01   9.9998247E-01   9.9997835E-01   9.9999898E-01   9.9999494E-01
    9.9997686E-01   9.9998987E-01   9.9998804E-01   9.9999691E-01   9.9999344E-01
    1.0000002E+00   9.9999168E-01   9.9999056E-01   9.9999398E-01   9.9999327E-01
    9.9999476E-01   9.9999442E-01   9.9999484E-01   9.9999439E-01   9.9999539E-01
    9.9999270E-01   9.9999551E-01   9.9999553E-01   9.9999653E-01   9.9999648E-01
    9.9999661E-01   9.9999648E-01   9.9999722E-01   9.9999784E-01   9.9999875E-01
    9.9999858E-01   9.9999834E-01   9.9999862E-01   9.9999928E-01   9.9999918E-01
    9.9999913E-01   9.9999908E-01   9.9999929E-01   9.9999930E-01   9.9999938E-01
    9.9999937E-01   9.9999959E-01   9.9999934E-01   9.9999957E-01   9.9999958E-01
    9.9999958E-01   9.9999973E-01   9.9999956E-01   1.0000000E+00   1.0000002E+00
    9.9999979E-01   9.9999977E-01   9.9999982E-01   1.0000000E+00   1.0000002E+00
    9.9999990E-01   9.9999985E-01   9.9999987E-01   9.9999991E-01   9.9999993E-01
    9.9999994E-01   9.9999995E-01   9.9999995E-01   9.9999996E-01   9.9999996E-01
    9.9999996E-01

 2.3525530780E+02   8.2726135E+10   2.3431040E+15   8.0839074E+00   2.0802671E-04   1.2428309E-03   9.9996064E-01    69 
    9.9996913E-01   9.9998264E-01   9.9997833E-01   9.9999994E-01   9.9999606E-01
    9.9997594E-01   9.9998938E-01   9.9998781E-01   9.9999694E-01   9.9999364E-01
    1.0000004E+00   9.9999212E-01   9.9998979E-01   9.9999344E-01   9.9999292E-01
    9.9999449E-01   9.9999423E-01   9.9999467E-01   9.9999427E-01   9.9999531E-01
    9.9999239E-01   9.9999528E-01   9.9999532E-01   9.9999638E-01   9.9999634E-01
    9.9999648E-01   9.9999636E-01   9.9999714E-01   9.9999765E-01   9.9999862E-01
    9.9999848E-01   9.9999825E-01   9.9999856E-01   9.9999914E-01   9.9999909E-01
    9.9999907E-01   9.9999903E-01   9.9999925E-01   9.9999924E-01   9.9999933E-01
    9.9999934E-01   9.9999957E-01   9.9999931E-01   9.9999955E-01   9.9999956E-01
    9.9999956E-01   9.9999972E-01   9.9999954E-01   1.0000000E+00   1.0000002E+00
    9.9999977E-01   9.9999977E-01   9.9999981E-01   1.0000001E+00   1.0000002E+00
    9.9999990E-01   9.9999985E-01   9.9999987E-01   9.9999991E-01   9.9999993E-01
    9.9999994E-01   9.9999995E-01   9.9999996E-01   9.9999996E-01   9.9999996E-01
    9.9999996E-01

 2.3520378366E+02   8.3967780E+10   2.3782841E+15   8.1159006E+00   2.0839448E-04   1.2249884E-03   9.9996121E-01    70 
    1.0002733E+00   1.0002418E+00   1.0002372E+00   1.0001869E+00   1.0001845E+00
    1.0001012E+00   1.0001040E+00   1.0001035E+00   1.0000917E+00   1.0000895E+00
    1.0000872E+00   1.0000798E+00   1.0000447E+00   1.0000455E+00   1.0000456E+00
    1.0000380E+00   1.0000381E+00   1.0000345E+00   1.0000344E+00   1.0000344E+00
    1.0000174E+00   1.0000189E+00   1.0000190E+00   1.0000157E+00   1.0000157E+00
    1.0000142E+00   1.0000142E+00   1.0000143E+00   1.0000105E+00   1.0000107E+00
    1.0000075E+00   1.0000065E+00   1.0000063E+00   1.0000054E+00   1.0000046E+00
    1.0000033E+00   1.0000030E+00   1.0000030E+00   1.0000022E+00   1.0000020E+00
    1.0000015E+00   1.0000016E+00   1.0000014E+00   1.0000012E+00   1.0000011E+00
    1.0000009E+00   1.0000009E+00   1.0000008E+00   1.0000012E+00   1.0000012E+00
    1.0000005E+00   1.0000005E+00   1.0000005E+00   1.0000009E+00   1.0000011E+00
    1.0000004E+00   1.0000003E+00   1.0000003E+00   1.0000002E+00   1.0000002E+00
    1.0000001E+00   1.0000001E+00   1.0000001E+00   1.0000001E+00   1.0000001E+00
    1.0000001E+00
